632.2	337.55
628.85	340.2
627.4	338.2
632.5	340.25
633.45	335.05
633.45	335.3
634.7	334.35
635.1	335.95
765.95	264.65
767.55	272.15
771.3	272.4
773.6	272.5
778	268.35
772.8	276.1
0	0
0	0
0	0
0	0
0	0
890.2	213.5
0	0
882.3	218.15
878.95	216.85
876.1	217.3
873.65	220.05
869.9	225.45
852.25	227.5
714.3	221.1
702.9	225.9
696.5	226.8
0	0
0	0
0	0
0	0
0	0
0	0
583.8	140.35
582.2	143
580.4	150.4
581.6	152.35
583.05	157.3
631.25	135.2
633.1	132.6
634.8	134.6
631.35	137.75
634.35	138.8
637.1	140.2
639.5	139.4
643.75	144.05
638.2	160.2
614.3	349.8
609.75	348.65
607.35	353.6
609.7	351.35
608.3	354.2
609.45	353.3
608.45	351.4
551.2	328.2
487.65	293.65
485.7	294.3
484.85	294.7
485.55	296.8
483.95	295.5
643.85	367.65
647.05	389.2
646.1	389.6
646.1	387.4
644.1	390.45
641.1	395.45
643.25	393.3
644.65	394.1
643.75	394.1
643.15	394.45
642.6	389.8
641.8	394.05
643.55	385.35
644.95	381.5
649.35	385.05
651.55	386.95
648.6	388.45
642.95	392.9
644.1	388.55
602.95	394.35
605.05	391.75
602.1	392.05
601.1	394
599.85	397.25
0	0
0	0
0	0
0	0
0	0
0	0
0	0
0	0
0	0
0	0
0	0
0	0
0	0
0	0
0	0
0	0
0	0
0	0
0	0
0	0
659.35	273.95
658.3	271.45
656.65	290.3
663.75	324.05
663.7	327.45
663.75	327.4
664.05	328.2
664.7	327.05
664.2	327.6
665.6	400.95
665.6	398.65
662.85	401.8
664.3	402.25
662.4	404.45
660.85	403.15
659.05	406.75
666.7	361.35
667.55	357.9
668.25	352.85
668.05	359.35
667.6	358.6
667.8	359.2
669.6	356.8
669.95	358.8
669.35	349.7
0	0
0	0
0	0
0	0
0	0
0	0
0	0
0	0
0	0
0	0
0	0
0	0
0	0
0	0
0	0
0	0
0	0
0	0
0	0
0	0
653.15	325.15
654	326.05
653.85	327.05
0	0
655.05	327.7
655.55	330.65
656.55	325
658.7	323.1
520.8	398.8
518.25	394.85
517.9	397.05
516	399.9
515.95	401.25
515.75	400.55
512.85	406.75
513.15	413.1
511.6	413.1
464.2	380.15
461.85	374.45
464	375
461.55	371.55
464.05	373.5
467.15	268.75
467.35	269.35
466.15	274
463.7	276.8
463.65	275.75
463.1	272.7
462.05	270.7
461.55	276.15
462.8	273.55
509.7	490.5
518.05	500.65
516.3	500.45
517.8	505.8
517.4	504.5
518.25	506.9
520.85	502.55
534.8	601.45
536.2	598.8
539.3	594.45
540.25	596.75
0	0
540.4	594.15
541.75	587.35
538.45	591.45
542.1	592.95
0	0
755.85	357.85
759.5	381.8
757.35	381.5
757.65	380.85
757.5	380.45
770.15	172.45
767.85	202.55
769	202.15
764.85	200.2
762.1	205.8
762.5	210.3
765.85	208.15
762.75	208.65
763	208.95
766.85	205.1
769	204.2
767.4	207.35
765.45	210.8
766.4	203.5
0	0
766.05	204.75
747.5	200.05
0	0
740.55	207.15
745	206.15
747.7	201.9
743.25	202.5
0	0
743.5	199.85
742.8	205.9
738.75	211.15
735.95	207.95
0	0
0	0
0	0
0	0
0	0
0	0
659.95	305.3
660.05	307.35
0	0
656.65	313.5
0	0
0	0
0	0
0	0
0	0
0	0
623.95	293.1
0	0
0	0
0	0
0	0
0	0
622.2	295.1
0	0
0	0
480.25	377
0	0
475.95	384.15
475.85	380.8
417.85	401.2
418.35	405.2
416.9	407.35
416.4	408
417.65	403.75
417.45	403.45
417.85	400.75
461.9	310.4
563.05	167.25
558.95	168.55
558.1	172.9
557.05	177.35
621.6	166.95
630.25	164.4
633.8	163.5
637.35	159.05
637.8	161.65
638.1	162.5
635.9	163.3
642.75	150.75
632.3	178.15
566.3	89.75
555.4	77.7
553.15	80.8
559.45	74.25
555.1	82.1
584.8	75.1
591.05	80.35
587.1	81.65
587.25	84.75
591.15	82.25
595.75	84.9
589.45	90.1
591.85	88.95
589.85	85.75
536.7	388.8
543.25	394.2
542.25	395.85
539.8	400.95
535.25	395.5
539.05	392.35
618.4	449.9
627.65	458.7
621.15	466.8
624	464.6
625.75	458.05
0	0
0	0
0	0
0	0
0	0
0	0
608.3	468.95
614.65	469.65
613.3	474.8
614.45	475.95
615	480.25
616.75	476.3
620.95	463.95
617.15	465.35
725.1	470.4
717.65	477.75
718.8	483.3
719.75	486.15
718.85	487.75
713.2	494.85
714.65	495.8
716.55	485.15
716.7	487.85
701.3	501.6
690.2	503.9
688.5	511.7
688.5	512.2
684.3	515.05
684.65	517.3
684.2	513.95
647.05	385.85
641.85	291.9
643.7	290.05
640.35	294.15
641.8	288.65
644.15	295.85
604.45	245.05
604.6	244.7
602.8	243.2
605.1	242.25
605.75	246.1
601.4	258.9
577	232.9
578.1	233.5
579.8	228.2
579.45	228.1
580.5	230.7
566.4	229.95
499.1	228.05
498.15	234
497.8	231.75
494.25	239.55
494.85	240
498.9	227.3
494.05	242.3
495.2	233.35
494.6	234.05
495.6	244.6
494.2	243.15
496.2	230.9
506.45	146.7
509.05	145.95
510.25	146.6
505.9	141.9
503.3	147.7
504.15	143.05
504.15	142.9
507.1	153.5
503.7	153.3
503.55	150.9
598.7	139.55
599.2	144.05
600	152.05
599.85	152.45
599.8	151.1
598.9	153.45
583.1	205.4
583.55	203.3
583.65	200.9
581.2	209.25
581.5	201.7
583.7	199.95
585.4	198.3
584.75	200.85
583.4	201.1
602.7	186.65
606.35	185.65
602.25	184.9
603.55	182.45
600.5	184.95
600.9	183.95
599.8	180.95
600.55	180.45
599.1	185
597.1	186.4
598.8	187.9
600.7	187.65
600.2	186.2
0	0
0	0
0	0
0	0
0	0
0	0
596.6	272.55
595.9	272.95
597.7	262.35
598.4	262.9
605	253.9
604.35	255.45
603.85	254.85
604.55	255.45
606.55	252.1
609.25	250.45
610.25	253.35
610.2	254.85
610.2	254.35
612.15	258.1
611.2	258.35
610.8	260.4
706.95	247.35
705.1	249.05
706.2	247
0	0
0	0
0	0
0	0
0	0
0	0
563.25	203.45
555.2	225.25
556.95	228.15
556.6	223.65
553.35	222.45
551.35	223.8
433.4	190.1
427.75	201.2
428.35	198.4
427.85	197.9
427.9	197.75
428.4	194
430.45	194.4
431.4	189.4
430.05	192.6
399	147.7
395.65	151.9
396.3	150.65
397.85	154.15
397.65	152.85
399.15	154.45
397.9	152.75
396.45	156.7
395.2	158.25
402.65	164.4
447.25	160.6
445.7	159.95
447	162.4
605.9	301.9
607.95	307.25
607.85	312.65
609.75	313.35
608.1	314.3
608.85	317.45
608.8	317.75
608.35	320.1
607.9	323.25
607.65	323.45
713.2	328.7
716.75	328.85
713.85	333.15
717.3	327.05
721.1	324.1
719	325.85
721.15	323.7
720.25	324.4
721.2	324.25
719.95	323.1
720.15	321.35
718.45	327.8
719.15	325.55
718.2	326.85
716.05	326.65
718.25	320.55
717.6	326.15
717.8	326.3
718.7	325.25
720	327.1
720.5	327.15
624.3	616.3
629.05	620.55
627.15	615.9
625.55	619.05
629.85	615.8
569.65	635.35
569.3	638.75
574.1	632.45
572.7	636.55
575.3	641.2
572.95	641.85
573.95	644.2
657.05	630.35
657.95	629.65
658.95	630.95
657.3	631.05
654.2	626.4
655.85	627.2
655.9	624.8
656.45	621.55
658.95	618.3
656.75	622.45
657.45	626.15
658.6	623.9
657.95	624.55
637.6	623.85
576.05	623.05
575.3	626.6
578.55	627.6
575.8	624.35
577.4	627.35
577.85	628.15
574.35	629.9
575.05	630.2
574.8	628.4
602.95	405.45
608.7	389.95
607.15	404.55
611	404
613.15	399.5
611.1	391.4
614.55	393.2
613.9	395.15
581.75	284.25
588.7	316.75
588.6	325.05
586.8	326.55
590.75	322.2
0	0
0	0
0	0
0	0
0	0
0	0
513.7	145.1
511.5	153.85
516.65	154.1
516.3	167.85
418.25	161.55
415.65	164.15
414.15	165.3
413.2	168.7
413.3	167.6
412.6	167.75
597.75	351.15
600.75	358.05
599.25	361
599.05	364.1
597.95	369.2
598.2	371.25
595.5	374.25
598.05	371.75
599.6	373.3
599.95	374.35
599.15	372.9
601.05	378.05
607.9	373.45
605.25	376.15
606.25	377.45
607.25	372.95
608.5	373.35
606.85	375.25
602.8	317
600.9	324.3
599.9	332.55
624.45	671.35
630.7	682.55
630.3	680.95
631.8	681.2
629.65	684
631.75	683.6
631.95	682.8
633.25	679.25
636.75	681.4
635.85	324.9
632.35	350.8
633.7	351.45
633.35	353.6
634.15	349.9
637.85	345.25
637.45	347.35
577.6	358.7
577.6	365.7
577.15	367.8
578.55	372
577.9	371.6
578.4	374.25
580.65	370.45
625.7	321.4
625.3	322.25
624.35	321.4
626.55	320.2
623.2	324.4
624.75	326
626.65	324.95
626	324.65
627.1	323.1
630.9	321
632.3	317.4
636.4	315.9
634.25	313
633.1	314.4
632.6	316.5
635.8	314.75
636.95	282.8
0	0
0	0
0	0
0	0
0	0
0	0
647.55	295.3
645.35	297.25
640.3	299.65
636.15	305.75
637.1	308.55
637.4	311.8
637.3	311.25
636.9	312.15
636.9	312.35
636.4	312.95
636.55	311.55
636.7	313.45
637.1	309.75
640.1	313.65
640.75	310.45
641.55	312
642.1	314.5
640.25	317.7
639.75	318.75
622.75	322.1
603.8	336.9
604.15	336.45
604	337.25
602.3	338.4
458	369.55
457.75	373.35
453.8	378.05
454.9	378.5
452.2	379.4
452.55	378.65
454.45	374.25
454.35	376.5
454.45	369.2
456.9	361.3
459.6	339.4
470.65	242.6
474.9	232.55
480.85	231.95
490.25	222
495.7	218.45
500.55	213.8
505.05	217.45
547.7	198.05
554.15	199.5
560.55	200.15
567	198.8
570.8	198.1
570.45	199.4
571.75	205.85
598.95	185.05
600.25	176.75
599.95	180.65
600.05	181.05
596.4	188.05
597.85	187.9
598.9	187.45
725.9	191.85
721	201.6
717.85	213
724	201.4
724.3	200.35
722.85	203.4
721.6	204.9
723.6	203.75
659.9	207.6
631.95	219.6
631.65	222.9
636.8	226.3
637.4	227.9
570.05	242.75
566.95	240.15
564.05	248.7
565.7	252.7
564.2	244.75
563.8	243.05
563.3	245.3
564.65	244.15
576.9	278.45
636.65	472.85
636.75	470.65
637.05	474
0	0
0	0
0	0
0	0
0	0
0	0
659.3	240.35
652.35	261.2
655.25	254.5
657.55	250.7
653.95	250.05
653.3	254
654.9	254
530.55	234.4
534.2	233.75
533.15	228.6
534.4	227
533.2	225.95
533.15	227.15
531.05	230.65
533.7	222.3
530.9	226.8
0	0
604.1	366.2
605.3	360.75
606.45	360.6
0	0
608.2	362.2
606.7	364.75
605.4	366.15
604.4	365.1
601.3	370.4
601	369.55
604	368.75
603.65	369.4
605.7	370.35
603.9	371.4
604.95	371.85
602.95	375.05
605.4	374.85
555.15	343.9
559.05	342.45
553.8	350.35
555.9	346.15
556.9	342.1
555.3	345.9
551.55	344.35
553.65	339.9
0	0
0	0
0	0
0	0
0	0
0	0
0	0
658.1	320.9
659.05	327.55
658.3	337.55
652.25	347
712.25	339.9
716.95	343.5
710.35	358.8
715.3	362.65
714.95	362.95
715.75	358.1
714.95	361.85
711.7	363.8
717.3	359.7
717.1	360.65
725.75	330.75
0	0
0	0
0	0
0	0
0	0
0	0
0	0
0	0
0	0
0	0
605.4	323.1
609.4	319.5
610.6	328.9
567.1	342.5
566.4	353.5
566.95	352.75
570.35	340.3
568.05	355.7
567.15	347.8
566.05	351.15
564.45	362.65
566.95	362.85
564.9	364.95
562.35	374.75
563.6	374.8
652.4	356.55
651.35	357.15
653.45	354.75
652.5	358
652.15	353.65
650.8	358.1
651.3	356
513.05	530.5
492.2	560.15
491.55	567.95
490.7	565.05
489.15	568.5
491.1	566.45
489	567.5
636.45	574.75
639	578
636.35	580.3
635.1	581.9
633.6	582.75
634.65	582.2
634.85	583.7
632.6	583.95
633.7	580.65
656.45	631.1
667.25	645.2
662.7	647.75
666.05	640.4
664.95	619.25
0	0
0	0
0	0
0	0
0	0
0	0
0	0
0	0
0	0
0	0
0	0
595.9	374.45
597.85	379.2
644.45	354.3
641.5	354.25
642.1	358.15
644	357.55
645.55	351.9
606.65	433.75
582.25	562.95
584.45	553.95
579.35	564.25
580.8	561.2
580.75	561.1
582.3	562.25
585.9	553.4
608.45	378.9
605.8	375.65
604.7	374.7
605.8	370.55
606.9	372.15
607	366.05
607.9	363.9
610.35	367
610.5	363.55
611.95	367.25
615.4	363.7
613.05	361.8
613.75	363.75
613.3	363.85
614.7	365.35
613.3	363.35
612.9	369.1
614.2	366.6
613.05	369.9
617.5	369
617.15	369.3
617.55	364.5
0	0
0	0
0	0
0	0
0	0
0	0
0	0
0	0
0	0
0	0
0	0
0	0
0	0
0	0
673.25	293.1
673.25	296
625.25	322.3
625.9	319.6
626.3	320.3
628.1	316.35
