0	0
0	0
0	0
0	0
0	0
0	0
0	0
0	0
0	0
0	0
0	0
0	0
0	0
0	0
0	0
0	0
0	0
598.52	385.16
496.82	402.38
408.51	403.7
399.14	402.38
395.12	399.73
364.35	378.54
352.3	367.95
330.89	344.11
322.87	332.19
320.19	324.24
316.18	316.3
313.5	304.38
313.5	299.08
312.16	289.81
310.82	288.49
310.82	288.49
310.82	288.49
310.82	288.49
310.82	288.49
310.82	288.49
310.82	288.49
310.82	287.16
310.82	287.16
310.82	287.16
310.82	287.16
310.82	287.16
310.82	287.16
310.82	284.51
310.82	280.54
310.82	280.54
310.82	280.54
310.82	280.54
310.82	280.54
310.82	280.54
310.82	280.54
310.82	280.54
312.16	280.54
325.54	276.57
397.8	267.3
456.68	265.97
476.75	268.62
478.09	268.62
478.09	268.62
484.78	275.24
496.82	308.35
496.82	325.57
498.16	360
498.16	365.3
500.84	373.24
506.19	375.89
518.23	378.54
594.5	381.19
688.17	377.22
759.09	369.27
776.49	363.97
776.49	362.65
776.49	362.65
776.49	362.65
776.49	362.65
776.49	362.65
768.46	362.65
760.43	362.65
753.74	362.65
752.4	362.65
752.4	362.65
752.4	362.65
752.4	362.65
752.4	362.65
752.4	362.65
752.4	362.65
752.4	362.65
741.7	369.27
709.58	391.78
658.73	415.62
641.34	420.92
626.62	430.19
605.21	439.46
585.14	447.4
581.12	451.38
575.77	454.03
567.74	458
567.74	458
571.76	455.35
640	411.65
737.68	367.95
785.85	346.76
793.88	344.11
793.88	342.78
793.88	342.78
793.88	342.78
793.88	342.78
793.88	342.78
793.88	342.78
793.88	342.78
785.85	340.14
700.22	299.08
645.35	277.89
619.93	267.3
603.87	260.68
599.86	258.03
599.86	258.03
599.86	258.03
599.86	258.03
599.86	258.03
599.86	258.03
599.86	258.03
599.86	258.03
615.91	288.49
630.63	304.38
634.65	308.35
635.99	311
637.32	311
637.32	311
637.32	311
637.32	311
637.32	311
637.32	311
637.32	312.32
637.32	312.32
642.68	324.24
642.68	324.24
664.09	352.05
666.76	354.7
672.11	354.7
686.83	354.7
706.91	350.73
718.95	342.78
728.32	337.49
729.65	334.84
732.33	330.87
732.33	328.22
732.33	328.22
732.33	328.22
732.33	328.22
732.33	328.22
732.33	328.22
732.33	328.22
732.33	328.22
732.33	328.22
732.33	320.27
732.33	320.27
732.33	317.62
732.33	314.97
732.33	314.97
732.33	314.97
732.33	314.97
732.33	314.97
732.33	314.97
732.33	314.97
732.33	314.97
732.33	314.97
732.33	314.97
732.33	314.97
732.33	314.97
732.33	314.97
732.33	314.97
732.33	314.97
739.02	312.32
753.74	305.7
768.46	299.08
772.47	287.16
773.81	275.24
772.47	268.62
763.11	255.38
737.68	244.79
692.19	239.49
627.96	239.49
571.76	248.76
534.29	259.35
507.53	273.92
480.76	288.49
462.03	304.38
436.61	329.54
413.86	353.38
396.46	375.89
385.76	385.16
361.67	423.57
345.61	444.76
336.25	460.65
320.19	481.84
310.82	489.78
304.13	500.38
304.13	500.38
304.13	500.38
304.13	500.38
304.13	501.7
304.13	501.7
304.13	501.7
304.13	501.7
304.13	501.7
304.13	501.7
304.13	501.7
304.13	501.7
304.13	501.7
304.13	501.7
304.13	501.7
304.13	501.7
304.13	501.7
385.76	458
570.42	390.46
739.02	326.89
795.22	307.03
821.98	293.78
821.98	293.78
821.98	293.78
793.88	288.49
710.92	275.24
626.62	263.33
601.19	262
601.19	262
601.19	262
648.03	267.3
773.81	289.81
864.8	304.38
892.9	308.35
907.62	308.35
907.62	308.35
907.62	308.35
907.62	308.35
906.29	307.03
891.57	287.16
890.23	280.54
887.55	275.24
887.55	268.62
887.55	268.62
887.55	267.3
887.55	267.3
887.55	267.3
860.79	268.62
792.55	283.19
756.42	292.46
745.71	299.08
718.95	326.89
669.44	363.97
637.32	385.16
625.28	394.43
614.58	403.7
602.53	411.65
602.53	411.65
602.53	411.65
602.53	411.65
597.18	401.05
582.46	356.03
574.43	321.6
573.09	304.38
573.09	300.41
573.09	300.41
573.09	299.08
573.09	299.08
570.42	301.73
536.96	326.89
506.19	348.08
502.17	350.73
502.17	350.73
502.17	350.73
511.54	328.22
538.3	279.22
557.04	256.7
562.39	251.41
562.39	251.41
562.39	251.41
562.39	251.41
563.73	293.78
573.09	369.27
575.77	377.22
575.77	377.22
575.77	377.22
575.77	377.22
575.77	377.22
594.5	358.68
617.25	325.57
622.6	305.7
623.94	295.11
623.94	295.11
623.94	295.11
623.94	295.11
609.22	313.65
583.8	350.73
577.11	362.65
575.77	363.97
575.77	363.97
575.77	363.97
593.17	367.95
716.27	395.76
846.07	420.92
983.9	434.16
993.26	431.51
1005.31	424.89
1012	419.59
1013.33	410.32
1013.33	391.78
982.56	361.32
934.39	332.19
872.83	311
812.62	303.05
779.16	303.05
749.73	303.05
713.6	308.35
678.81	318.95
640	332.19
586.48	356.03
546.33	375.89
515.56	390.46
488.79	403.7
466.04	414.3
462.03	415.62
462.03	420.92
476.75	431.51
536.96	438.13
575.77	439.46
575.77	439.46
575.77	439.46
575.77	439.46
577.11	439.46
601.19	427.54
595.84	398.4
591.83	383.84
590.49	374.57
589.15	373.24
590.49	371.92
589.15	371.92
589.15	371.92
589.15	371.92
589.15	371.92
587.81	371.92
573.09	370.59
511.54	357.35
454	342.78
448.65	340.14
448.65	340.14
448.65	340.14
448.65	340.14
448.65	340.14
437.94	344.11
396.46	367.95
376.39	387.81
373.71	391.78
373.71	391.78
396.46	412.97
428.58	422.24
543.66	428.86
606.55	407.68
623.94	393.11
601.19	375.89
530.27	348.08
479.43	338.81
449.99	336.16
443.3	334.84
441.96	334.84
441.96	334.84
441.96	334.84
441.96	334.84
444.63	334.84
472.74	341.46
530.27	350.73
578.45	358.68
589.15	361.32
590.49	361.32
590.49	361.32
590.49	361.32
599.86	362.65
706.91	374.57
755.08	379.86
760.43	381.19
760.43	381.19
760.43	381.19
760.43	381.19
760.43	381.19
732.33	377.22
656.06	366.62
614.58	365.3
565.07	363.97
565.07	363.97
565.07	363.97
566.4	363.97
635.99	371.92
702.89	383.84
745.71	389.13
753.74	391.78
744.37	393.11
621.27	387.81
471.4	378.54
392.45	375.89
373.71	377.22
372.38	377.22
367.02	377.22
348.29	378.54
345.61	378.54
345.61	378.54
345.61	378.54
349.63	378.54
380.41	374.57
476.75	371.92
524.92	371.92
610.56	371.92
629.3	369.27
629.3	369.27
630.63	369.27
630.63	369.27
650.7	363.97
665.42	360
684.16	354.7
705.57	352.05
718.95	352.05
733.67	352.05
752.4	354.7
773.81	356.03
784.52	357.35
784.52	357.35
784.52	357.35
784.52	357.35
780.5	356.03
751.06	337.49
718.95	320.27
690.85	303.05
690.85	303.05
690.85	303.05
690.85	303.05
690.85	303.05
690.85	303.05
690.85	303.05
693.52	324.24
693.52	324.24
685.5	341.46
657.4	353.38
614.58	361.32
585.14	362.65
582.46	362.65
582.46	362.65
582.46	362.65
603.87	354.7
653.38	334.84
688.17	321.6
704.23	312.32
705.57	312.32
705.57	312.32
705.57	312.32
705.57	312.32
706.91	309.68
735.01	268.62
740.36	256.7
739.02	243.46
737.68	235.52
736.34	231.54
733.67	230.22
733.67	230.22
733.67	230.22
733.67	230.22
733.67	230.22
733.67	230.22
717.61	234.19
704.23	238.16
672.11	267.3
650.7	303.05
644.01	320.27
644.01	321.6
644.01	321.6
644.01	321.6
644.01	321.6
644.01	321.6
644.01	321.6
644.01	321.6
644.01	321.6
644.01	321.6
640	350.73
611.9	517.59
594.5	582.48
591.83	586.46
591.83	587.78
591.83	587.78
591.83	587.78
590.49	574.54
562.39	508.32
535.63	454.03
510.2	412.97
496.82	401.05
483.44	393.11
467.38	386.49
388.43	365.3
353.64	353.38
340.26	342.78
332.23	328.22
336.25	287.16
368.36	239.49
425.9	206.38
503.51	185.19
524.92	183.87
590.49	239.49
726.98	334.84
773.81	357.35
773.81	357.35
773.81	357.35
773.81	357.35
795.22	337.49
813.96	316.3
821.98	308.35
838.04	291.14
842.06	287.16
844.73	281.87
844.73	281.87
855.44	279.22
891.57	279.22
962.49	283.19
1044.11	287.16
1065.52	288.49
1065.52	288.49
1065.52	288.49
1065.52	288.49
1046.79	305.7
999.95	341.46
957.13	360
922.34	366.62
847.41	366.62
779.16	362.65
619.93	348.08
571.76	340.14
566.4	340.14
566.4	340.14
561.05	340.14
518.23	337.49
447.31	342.78
417.87	348.08
387.1	356.03
387.1	356.03
387.1	356.03
379.07	357.35
353.64	360
309.48	362.65
259.97	363.97
215.82	362.65
207.79	358.68
197.08	348.08
189.05	333.51
183.7	318.95
183.7	305.7
181.03	297.76
181.03	291.14
181.03	291.14
181.03	291.14
181.03	291.14
181.03	291.14
181.03	291.14
189.05	276.57
215.82	242.14
229.2	226.25
233.21	220.95
237.23	219.62
235.89	219.62
237.23	219.62
245.26	216.97
250.61	215.65
250.61	214.33
270.68	213
326.88	211.68
385.76	209.03
409.84	207.7
421.89	207.7
448.65	207.7
456.68	205.06
458.02	205.06
458.02	205.06
458.02	205.06
458.02	205.06
458.02	205.06
458.02	205.06
458.02	205.06
458.02	203.73
458.02	203.73
460.69	223.6
523.58	403.7
544.99	456.67
549.01	468.59
549.01	469.92
549.01	489.78
547.67	492.43
547.67	492.43
547.67	492.43
547.67	492.43
551.68	492.43
595.84	464.62
660.07	427.54
718.95	399.73
759.09	385.16
780.5	378.54
827.34	370.59
844.73	369.27
859.45	369.27
888.89	382.51
914.31	395.76
961.15	420.92
1006.64	451.38
1065.52	488.46
1088.27	497.73
1098.97	501.7
1113.69	503.03
1144.47	497.73
1177.92	487.13
1196.66	476.54
1204.69	463.3
1207.36	427.54
1203.35	398.4
1192.64	369.27
1176.59	342.78
1164.54	326.89
1153.84	309.68
1141.79	285.84
1132.43	254.06
1123.06	227.57
1115.03	203.73
1111.02	190.49
1105.67	182.54
1094.96	169.3
1081.58	161.35
1057.49	156.06
995.94	153.41
941.08	157.38
921	162.68
906.29	169.3
874.17	190.49
847.41	202.41
838.04	206.38
838.04	206.38
836.7	207.7
821.98	214.33
803.25	219.62
779.16	223.6
755.08	228.89
745.71	231.54
744.37	232.87
744.37	232.87
743.04	232.87
725.64	223.6
698.88	207.7
668.1	194.46
627.96	182.54
593.17	175.92
550.35	173.27
502.17	175.92
467.38	186.52
443.3	195.79
420.55	205.06
412.52	210.35
399.14	220.95
372.38	259.35
344.28	295.11
316.18	332.19
304.13	350.73
293.43	363.97
289.41	369.27
286.74	374.57
285.4	374.57
285.4	374.57
285.4	374.57
285.4	375.89
259.97	406.35
210.46	428.86
177.01	431.51
174.33	431.51
174.33	430.19
195.74	406.35
266.67	369.27
324.2	350.73
411.18	341.46
417.87	341.46
417.87	341.46
417.87	341.46
417.87	341.46
417.87	341.46
400.48	377.22
368.36	411.65
334.91	435.49
308.15	451.38
284.06	468.59
268	481.84
262.65	495.08
259.97	503.03
298.78	520.24
409.84	525.54
544.99	500.38
618.59	476.54
629.3	468.59
630.63	467.27
637.32	458
658.73	401.05
669.44	366.62
669.44	360
669.44	360
669.44	360
625.28	354.7
486.12	354.7
350.97	361.32
330.89	361.32
330.89	362.65
330.89	362.65
329.56	362.65
329.56	362.65
329.56	362.65
330.89	362.65
329.56	362.65
348.29	314.97
356.32	260.68
354.98	238.16
353.64	227.57
352.3	226.25
352.3	226.25
352.3	226.25
352.3	226.25
354.98	240.81
396.46	322.92
423.22	354.7
425.9	357.35
425.9	358.68
425.9	358.68
433.93	360
530.27	346.76
578.45	328.22
586.48	324.24
598.52	314.97
627.96	300.41
648.03	289.81
657.4	284.51
658.73	284.51
660.07	283.19
660.07	283.19
662.75	262
664.09	252.73
664.09	251.41
664.09	251.41
664.09	251.41
664.09	251.41
664.09	251.41
664.09	251.41
664.09	251.41
664.09	251.41
664.09	251.41
664.09	251.41
664.09	251.41
664.09	251.41
664.09	251.41
664.09	251.41
664.09	251.41
664.09	251.41
664.09	251.41
664.09	251.41
664.09	251.41
646.69	313.65
633.31	356.03
626.62	373.24
607.89	401.05
587.81	414.3
550.35	419.59
471.4	411.65
412.52	398.4
364.35	387.81
363.01	386.49
359	383.84
341.6	374.57
336.25	371.92
336.25	371.92
336.25	371.92
336.25	371.92
333.57	370.59
333.57	370.59
333.57	370.59
384.42	352.05
565.07	328.22
721.63	313.65
804.59	304.38
815.29	301.73
815.29	301.73
815.29	301.73
815.29	301.73
815.29	301.73
815.29	301.73
817.97	312.32
847.41	352.05
860.79	363.97
860.79	363.97
860.79	363.97
860.79	363.97
874.17	365.3
951.78	354.7
999.95	342.78
1020.03	337.49
1026.72	333.51
1026.72	333.51
1024.04	325.57
971.85	262
922.34	234.19
903.61	226.25
903.61	226.25
903.61	226.25
898.26	224.92
840.72	226.25
772.47	238.16
729.65	248.76
718.95	252.73
708.24	256.7
673.45	269.95
613.24	284.51
587.81	289.81
587.81	289.81
587.81	289.81
582.46	280.54
573.09	258.03
571.76	246.11
570.42	234.19
571.76	226.25
573.09	224.92
573.09	224.92
573.09	224.92
573.09	224.92
554.36	247.43
540.98	269.95
532.95	280.54
530.27	285.84
504.85	320.27
490.13	345.43
487.45	356.03
486.12	362.65
488.79	385.16
492.81	401.05
492.81	403.7
494.15	403.7
557.04	398.4
702.89	373.24
804.59	348.08
859.45	322.92
931.71	283.19
987.91	247.43
997.28	239.49
997.28	239.49
997.28	239.49
997.28	239.49
997.28	239.49
999.95	232.87
1012	219.62
1036.08	203.73
1066.86	190.49
1097.64	185.19
1137.78	178.57
1143.13	177.25
1143.13	177.25
1143.13	177.25
1143.13	177.25
1143.13	177.25
1143.13	177.25
1143.13	177.25
1136.44	179.89
1115.03	189.16
1088.27	201.08
1076.23	207.7
1076.23	207.7
1076.23	207.7
1076.23	207.7
1076.23	207.7
1074.89	209.03
1042.77	226.25
994.6	252.73
929.03	287.16
911.64	295.11
827.34	341.46
704.23	398.4
629.3	423.57
602.53	424.89
599.86	424.89
590.49	419.59
567.74	401.05
543.66	383.84
532.95	375.89
520.91	370.59
502.17	367.95
471.4	373.24
456.68	377.22
456.68	377.22
456.68	377.22
500.84	365.3
609.22	333.51
665.42	321.6
674.79	320.27
674.79	320.27
674.79	320.27
662.75	328.22
606.55	360
566.4	378.54
557.04	383.84
557.04	383.84
557.04	383.84
557.04	383.84
557.04	383.84
557.04	383.84
557.04	383.84
581.12	383.84
619.93	379.86
717.61	375.89
741.7	373.24
747.05	373.24
760.43	370.59
773.81	367.95
776.49	366.62
776.49	366.62
776.49	366.62
714.93	353.38
607.89	328.22
547.67	309.68
543.66	308.35
543.66	308.35
543.66	308.35
543.66	308.35
543.66	308.35
589.15	301.73
673.45	296.43
706.91	293.78
706.91	293.78
706.91	293.78
706.91	293.78
630.63	289.81
504.85	275.24
432.59	265.97
416.53	263.33
413.86	262
413.86	262
396.46	259.35
373.71	256.7
342.94	255.38
316.18	255.38
277.37	255.38
239.9	255.38
227.86	255.38
227.86	255.38
227.86	255.38
222.51	252.73
213.14	235.52
207.79	219.62
206.45	203.73
205.11	198.43
205.11	197.11
205.11	197.11
205.11	197.11
205.11	197.11
205.11	197.11
203.77	197.11
226.52	232.87
277.37	268.62
361.67	308.35
396.46	320.27
440.62	329.54
445.97	329.54
445.97	329.54
445.97	329.54
445.97	329.54
445.97	329.54
439.28	330.87
384.42	340.14
337.59	344.11
309.48	344.11
298.78	344.11
282.72	344.11
270.68	341.46
219.83	340.14
214.48	340.14
214.48	340.14
197.08	356.03
174.33	391.78
151.59	436.81
132.85	463.3
116.8	492.43
103.41	510.97
96.72	520.24
95.39	522.89
95.39	522.89
95.39	522.89
103.41	517.59
234.55	440.78
314.84	390.46
361.67	360
381.74	344.11
385.76	341.46
388.43	334.84
391.11	332.19
391.11	332.19
412.52	336.16
483.44	367.95
546.33	397.08
579.78	410.32
585.14	412.97
585.14	412.97
590.49	411.65
629.3	379.86
658.73	356.03
704.23	316.3
720.29	300.41
729.65	292.46
747.05	283.19
763.11	277.89
788.53	277.89
823.32	287.16
855.44	297.76
886.21	304.38
898.26	308.35
899.59	308.35
899.59	308.35
899.59	308.35
899.59	308.35
899.59	308.35
903.61	332.19
933.05	377.22
954.46	398.4
993.26	430.19
1003.97	434.16
1026.72	436.81
1041.44	436.81
1048.13	420.92
1058.83	332.19
1037.42	244.79
1002.63	194.46
991.93	183.87
989.25	182.54
989.25	181.22
989.25	181.22
975.87	154.73
973.19	149.44
973.19	149.44
973.19	149.44
973.19	149.44
973.19	149.44
973.19	149.44
1014.67	149.44
1066.86	158.71
1108.34	166.65
1108.34	166.65
1108.34	166.65
1108.34	166.65
1108.34	166.65
1108.34	166.65
1108.34	166.65
1108.34	166.65
1108.34	166.65
1088.27	164
1038.76	160.03
987.91	160.03
939.74	160.03
867.48	165.33
769.8	171.95
698.88	174.6
633.31	183.87
558.37	194.46
472.74	211.68
412.52	224.92
360.33	243.46
320.19	260.68
301.46	269.95
301.46	269.95
301.46	269.95
301.46	269.95
301.46	269.95
301.46	269.95
310.82	265.97
336.25	231.54
350.97	197.11
352.3	175.92
352.3	162.68
350.97	161.35
350.97	161.35
350.97	161.35
348.29	161.35
330.89	170.62
322.87	177.25
310.82	194.46
305.47	202.41
305.47	202.41
305.47	203.73
305.47	203.73
305.47	203.73
305.47	203.73
305.47	203.73
320.19	202.41
388.43	187.84
419.21	173.27
421.89	171.95
421.89	171.95
421.89	171.95
421.89	171.95
415.2	177.25
405.83	183.87
368.36	207.7
340.26	218.3
309.48	226.25
297.44	226.25
280.05	227.57
274.69	227.57
262.65	227.57
251.95	228.89
234.55	231.54
221.17	238.16
203.77	251.41
197.08	258.03
190.39	281.87
199.76	311
235.89	341.46
286.74	358.68
317.51	361.32
401.82	345.43
474.07	316.3
518.23	292.46
542.32	281.87
550.35	277.89
553.02	277.89
553.02	277.89
553.02	277.89
553.02	287.16
554.36	296.43
554.36	297.76
554.36	297.76
553.02	297.76
527.6	308.35
512.88	312.32
512.88	312.32
512.88	312.32
512.88	312.32
512.88	312.32
512.88	312.32
520.91	318.95
535.63	326.89
540.98	332.19
549.01	337.49
550.35	338.81
557.04	345.43
562.39	349.41
575.77	354.7
594.5	356.03
618.59	356.03
638.66	350.73
650.7	345.43
670.78	332.19
680.14	324.24
684.16	318.95
684.16	318.95
684.16	318.95
684.16	318.95
674.79	318.95
623.94	328.22
591.83	334.84
579.78	338.81
574.43	338.81
567.74	338.81
562.39	338.81
555.7	338.81
550.35	338.81
543.66	338.81
540.98	338.81
540.98	338.81
540.98	338.81
540.98	338.81
540.98	338.81
540.98	338.81
540.98	338.81
540.98	338.81
540.98	338.81
540.98	338.81
540.98	338.81
540.98	338.81
540.98	338.81
540.98	338.81
540.98	338.81
540.98	338.81
536.96	341.46
528.94	353.38
524.92	363.97
523.58	366.62
523.58	370.59
523.58	370.59
523.58	370.59
523.58	370.59
523.58	370.59
523.58	370.59
523.58	370.59
523.58	370.59
523.58	370.59
523.58	370.59
523.58	370.59
523.58	370.59
523.58	370.59
523.58	370.59
523.58	370.59
523.58	370.59
523.58	370.59
523.58	370.59
523.58	370.59
523.58	370.59
523.58	370.59
523.58	370.59
523.58	370.59
523.58	370.59
523.58	370.59
522.25	370.59
508.86	390.46
507.53	393.11
507.53	393.11
507.53	393.11
507.53	393.11
507.53	393.11
507.53	393.11
507.53	393.11
507.53	393.11
507.53	393.11
507.53	393.11
507.53	393.11
507.53	393.11
507.53	393.11
511.54	393.11
511.54	393.11
511.54	393.11
511.54	393.11
523.58	407.68
524.92	409
524.92	409
524.92	409
524.92	409
507.53	416.95
507.53	419.59
488.79	426.22
488.79	427.54
488.79	427.54
488.79	427.54
488.79	427.54
488.79	427.54
488.79	427.54
496.82	423.57
504.85	419.59
504.85	419.59
504.85	419.59
504.85	419.59
504.85	419.59
504.85	419.59
504.85	419.59
504.85	419.59
504.85	419.59
522.25	427.54
538.3	432.84
555.7	435.49
557.04	435.49
558.37	435.49
558.37	435.49
558.37	435.49
575.77	402.38
614.58	284.51
597.18	244.79
566.4	242.14
561.05	242.14
561.05	242.14
561.05	242.14
561.05	242.14
534.29	250.08
495.48	264.65
456.68	281.87
432.59	292.46
419.21	303.05
400.48	318.95
388.43	328.22
388.43	329.54
388.43	329.54
385.76	344.11
396.46	358.68
421.89	373.24
435.27	378.54
447.31	378.54
458.02	377.22
459.35	375.89
459.35	375.89
459.35	375.89
459.35	375.89
459.35	375.89
459.35	375.89
459.35	375.89
459.35	375.89
460.69	375.89
512.88	382.51
547.67	383.84
606.55	382.51
629.3	377.22
634.65	374.57
652.04	367.95
678.81	357.35
702.89	342.78
722.96	329.54
739.02	317.62
748.39	311
757.75	309.68
793.88	307.03
811.28	308.35
816.63	311
830.01	318.95
835.37	320.27
835.37	321.6
835.37	326.89
835.37	333.51
834.03	334.84
834.03	334.84
834.03	334.84
863.47	334.84
943.75	330.87
1025.38	325.57
1032.07	324.24
1032.07	324.24
1032.07	324.24
1032.07	324.24
1013.33	332.19
981.22	345.43
951.78	350.73
919.67	349.41
872.83	345.43
819.31	344.11
771.14	349.41
744.37	353.38
733.67	353.38
701.55	360
649.37	366.62
615.91	369.27
601.19	371.92
595.84	371.92
585.14	371.92
575.77	370.59
554.36	367.95
523.58	362.65
498.16	361.32
483.44	361.32
476.75	361.32
476.75	361.32
475.41	361.32
475.41	361.32
475.41	361.32
475.41	361.32
475.41	361.32
475.41	361.32
475.41	361.32
475.41	361.32
475.41	361.32
475.41	361.32
475.41	361.32
475.41	361.32
475.41	361.32
475.41	361.32
472.74	365.3
471.4	382.51
474.07	395.76
484.78	416.95
491.47	427.54
491.47	431.51
492.81	436.81
503.51	451.38
507.53	456.67
514.22	463.3
520.91	472.57
528.94	477.86
546.33	492.43
571.76	500.38
601.19	504.35
622.6	504.35
640	501.7
666.76	489.78
692.19	471.24
704.23	455.35
710.92	444.76
712.26	436.81
713.6	432.84
714.93	428.86
716.27	423.57
716.27	419.59
716.27	415.62
716.27	414.3
716.27	414.3
716.27	414.3
714.93	412.97
716.27	412.97
716.27	412.97
713.6	405.03
713.6	405.03
713.6	403.7
712.26	403.7
712.26	403.7
681.48	395.76
629.3	389.13
578.45	386.49
546.33	385.16
526.26	383.84
495.48	379.86
460.69	374.57
436.61	371.92
413.86	367.95
389.77	366.62
372.38	366.62
359	366.62
352.3	367.95
350.97	369.27
348.29	370.59
348.29	370.59
348.29	370.59
348.29	370.59
348.29	370.59
348.29	370.59
348.29	370.59
375.05	344.11
423.22	291.14
449.99	264.65
455.34	258.03
456.68	258.03
456.68	258.03
456.68	258.03
456.68	258.03
456.68	258.03
455.34	258.03
460.69	247.43
467.38	234.19
472.74	228.89
472.74	228.89
472.74	228.89
472.74	228.89
472.74	228.89
472.74	228.89
488.79	243.46
585.14	309.68
654.72	344.11
743.04	369.27
760.43	371.92
783.18	369.27
789.87	369.27
789.87	369.27
789.87	369.27
789.87	369.27
800.57	371.92
852.76	402.38
894.24	415.62
896.92	415.62
908.96	415.62
923.68	415.62
975.87	401.05
1017.35	375.89
1058.83	346.76
1081.58	322.92
1100.31	296.43
1104.33	281.87
1104.33	279.22
1102.99	268.62
1085.59	250.08
1065.52	235.52
1044.11	224.92
1021.36	220.95
1007.98	219.62
993.26	219.62
989.25	219.62
989.25	219.62
989.25	219.62
989.25	219.62
989.25	219.62
989.25	219.62
989.25	219.62
989.25	219.62
989.25	219.62
987.91	219.62
923.68	227.57
894.24	232.87
852.76	236.84
813.96	239.49
753.74	248.76
705.57	259.35
682.82	265.97
674.79	268.62
657.4	273.92
644.01	279.22
598.52	297.76
587.81	303.05
587.81	303.05
578.45	307.03
571.76	309.68
557.04	314.97
539.64	324.24
522.25	334.84
499.5	354.7
467.38	383.84
440.62	407.68
436.61	412.97
436.61	412.97
436.61	412.97
436.61	412.97
436.61	412.97
436.61	412.97
451.33	432.84
527.6	518.92
547.67	530.84
557.04	530.84
575.77	521.57
585.14	509.65
591.83	489.78
590.49	473.89
590.49	464.62
590.49	463.3
590.49	463.3
603.87	465.94
640	489.78
674.79	508.32
682.82	512.3
697.54	507
733.67	480.51
764.44	450.05
784.52	424.89
792.55	411.65
793.88	401.05
796.56	398.4
801.91	386.49
801.91	383.84
801.91	383.84
801.91	383.84
801.91	383.84
805.93	357.35
807.26	328.22
807.26	316.3
805.93	297.76
805.93	285.84
804.59	279.22
804.59	279.22
804.59	279.22
803.25	279.22
803.25	279.22
803.25	279.22
803.25	279.22
803.25	279.22
803.25	279.22
803.25	279.22
803.25	279.22
800.57	279.22
787.19	271.27
787.19	268.62
787.19	268.62
780.5	254.06
772.47	236.84
771.14	230.22
771.14	223.6
771.14	223.6
771.14	223.6
771.14	223.6
771.14	223.6
771.14	223.6
772.47	230.22
779.16	243.46
795.22	254.06
838.04	258.03
906.29	236.84
969.18	209.03
987.91	197.11
1013.33	177.25
1016.01	174.6
1017.35	171.95
1021.36	167.98
1034.74	161.35
1050.8	156.06
1060.17	153.41
1060.17	153.41
1060.17	153.41
1060.17	153.41
1060.17	153.41
1060.17	153.41
1060.17	153.41
1060.17	153.41
1050.8	153.41
1050.8	153.41
938.4	177.25
863.47	203.73
801.91	228.89
745.71	252.73
704.23	272.6
625.28	311
598.52	324.24
579.78	333.51
557.04	344.11
547.67	348.08
532.95	353.38
532.95	353.38
532.95	353.38
532.95	353.38
532.95	353.38
532.95	353.38
532.95	353.38
547.67	361.32
611.9	390.46
618.59	393.11
619.93	395.76
626.62	393.11
634.65	386.49
658.73	325.57
666.76	283.19
672.11	262
676.13	228.89
677.47	226.25
677.47	226.25
677.47	226.25
674.79	227.57
666.76	259.35
657.4	283.19
656.06	289.81
656.06	289.81
653.38	289.81
634.65	299.08
607.89	312.32
589.15	318.95
574.43	324.24
570.42	326.89
559.71	332.19
544.99	340.14
535.63	346.76
516.89	360
511.54	365.3
507.53	365.3
498.16	375.89
491.47	387.81
488.79	398.4
487.45	405.03
487.45	406.35
487.45	407.68
487.45	407.68
486.12	407.68
486.12	407.68
486.12	407.68
486.12	407.68
491.47	403.7
507.53	394.43
531.61	386.49
550.35	382.51
563.73	382.51
582.46	386.49
595.84	391.78
595.84	391.78
595.84	391.78
595.84	391.78
595.84	391.78
595.84	391.78
595.84	391.78
597.18	387.81
601.19	358.68
599.86	346.76
587.81	336.16
563.73	330.87
539.64	326.89
520.91	326.89
470.06	329.54
432.59	332.19
412.52	332.19
391.11	332.19
357.66	325.57
338.92	320.27
322.87	312.32
312.16	308.35
312.16	307.03
312.16	307.03
312.16	296.43
321.53	281.87
330.89	269.95
361.67	244.79
372.38	235.52
380.41	230.22
380.41	230.22
380.41	230.22
380.41	230.22
380.41	228.89
381.74	228.89
428.58	238.16
486.12	248.76
531.61	255.38
609.22	267.3
689.51	276.57
730.99	280.54
752.4	284.51
756.42	285.84
757.75	285.84
757.75	285.84
757.75	285.84
757.75	285.84
757.75	285.84
776.49	292.46
804.59	305.7
813.96	311
813.96	311
813.96	311
813.96	311
813.96	311
785.85	312.32
714.93	313.65
582.46	328.22
494.15	352.05
472.74	362.65
470.06	365.3
459.35	370.59
455.34	371.92
454	373.24
451.33	374.57
451.33	374.57
451.33	375.89
451.33	375.89
449.99	375.89
436.61	382.51
428.58	386.49
424.56	387.81
424.56	387.81
424.56	387.81
425.9	387.81
455.34	370.59
487.45	352.05
508.86	334.84
516.89	325.57
516.89	325.57
516.89	325.57
516.89	325.57
516.89	324.24
516.89	324.24
514.22	326.89
508.86	328.22
507.53	328.22
504.85	328.22
504.85	328.22
504.85	328.22
504.85	328.22
504.85	328.22
504.85	328.22
504.85	328.22
504.85	328.22
504.85	328.22
504.85	328.22
504.85	328.22
504.85	328.22
504.85	328.22
504.85	328.22
504.85	328.22
504.85	328.22
504.85	328.22
502.17	330.87
500.84	333.51
500.84	333.51
500.84	333.51
500.84	333.51
500.84	333.51
500.84	333.51
500.84	333.51
500.84	333.51
500.84	333.51
500.84	333.51
500.84	333.51
500.84	333.51
500.84	333.51
500.84	333.51
500.84	333.51
500.84	333.51
507.53	317.62
515.56	288.49
516.89	259.35
516.89	236.84
511.54	213
506.19	198.43
498.16	182.54
492.81	171.95
486.12	153.41
486.12	153.41
486.12	153.41
486.12	153.41
486.12	153.41
492.81	137.52
502.17	120.3
514.22	108.38
522.25	91.17
526.26	77.92
527.6	72.63
527.6	64.68
527.6	63.36
527.6	63.36
527.6	62.03
527.6	62.03
527.6	62.03
527.6	62.03
527.6	62.03
516.89	75.27
503.51	93.81
498.16	99.11
496.82	100.44
496.82	100.44
496.82	100.44
496.82	100.44
496.82	100.44
496.82	100.44
496.82	100.44
496.82	100.44
496.82	100.44
496.82	100.44
496.82	100.44
496.82	100.44
496.82	100.44
496.82	100.44
495.48	109.71
487.45	146.79
483.44	170.62
482.1	181.22
482.1	182.54
482.1	183.87
482.1	183.87
482.1	183.87
482.1	183.87
483.44	198.43
488.79	224.92
488.79	235.52
488.79	246.11
487.45	263.33
482.1	283.19
476.75	295.11
471.4	303.05
464.71	312.32
462.03	317.62
459.35	321.6
459.35	321.6
459.35	321.6
459.35	321.6
459.35	321.6
459.35	321.6
459.35	321.6
459.35	321.6
458.02	325.57
452.66	336.16
439.28	354.7
433.93	360
432.59	362.65
432.59	362.65
431.25	362.65
431.25	362.65
429.92	362.65
429.92	363.97
429.92	363.97
429.92	363.97
429.92	363.97
429.92	363.97
429.92	363.97
429.92	363.97
429.92	363.97
429.92	363.97
429.92	363.97
427.24	366.62
421.89	377.22
421.89	382.51
419.21	386.49
416.53	393.11
412.52	398.4
412.52	401.05
411.18	402.38
411.18	403.7
409.84	406.35
408.51	406.35
408.51	406.35
408.51	406.35
409.84	406.35
421.89	410.32
432.59	410.32
444.63	407.68
475.41	397.08
486.12	390.46
486.12	389.13
486.12	389.13
486.12	389.13
486.12	389.13
486.12	389.13
483.44	390.46
468.72	406.35
455.34	424.89
445.97	435.49
445.97	440.78
444.63	442.11
443.3	444.76
443.3	444.76
443.3	444.76
443.3	444.76
455.34	448.73
506.19	455.35
554.36	458
589.15	464.62
605.21	465.94
627.96	459.32
662.75	440.78
697.54	423.57
714.93	414.3
722.96	409
724.3	409
724.3	409
724.3	409
724.3	409
728.32	409
728.32	409
728.32	409
688.17	387.81
575.77	345.43
475.41	311
455.34	301.73
455.34	301.73
455.34	301.73
455.34	301.73
455.34	301.73
455.34	301.73
454	301.73
454	301.73
454	301.73
454	301.73
454	301.73
452.66	301.73
439.28	295.11
397.8	276.57
385.76	268.62
380.41	267.3
380.41	264.65
379.07	264.65
375.05	260.68
375.05	258.03
375.05	258.03
375.05	258.03
375.05	258.03
375.05	258.03
375.05	258.03
375.05	258.03
375.05	258.03
375.05	258.03
375.05	258.03
375.05	258.03
375.05	258.03
375.05	258.03
375.05	258.03
375.05	258.03
375.05	258.03
375.05	258.03
375.05	258.03
375.05	258.03
375.05	258.03
375.05	258.03
375.05	258.03
375.05	258.03
375.05	258.03
375.05	258.03
375.05	258.03
375.05	258.03
375.05	258.03
375.05	258.03
375.05	258.03
375.05	258.03
375.05	258.03
375.05	258.03
375.05	258.03
375.05	258.03
375.05	258.03
391.11	292.46
404.49	308.35
458.02	344.11
558.37	381.19
644.01	399.73
697.54	407.68
763.11	414.3
811.28	418.27
828.67	422.24
844.73	430.19
872.83	446.08
890.23	459.32
891.57	460.65
898.26	472.57
902.27	479.19
906.29	485.81
906.29	485.81
872.83	488.46
755.08	464.62
645.35	427.54
459.35	342.78
445.97	333.51
445.97	333.51
441.96	317.62
440.62	300.41
444.63	285.84
452.66	271.27
458.02	264.65
460.69	260.68
468.72	258.03
484.78	256.7
490.13	256.7
490.13	256.7
491.47	256.7
491.47	256.7
491.47	256.7
491.47	256.7
482.1	251.41
476.75	247.43
462.03	243.46
452.66	239.49
424.56	236.84
423.22	236.84
423.22	236.84
456.68	255.38
515.56	273.92
542.32	277.89
546.33	277.89
546.33	277.89
546.33	277.89
546.33	277.89
546.33	277.89
543.66	277.89
532.95	275.24
524.92	272.6
520.91	271.27
520.91	271.27
520.91	271.27
520.91	271.27
520.91	271.27
523.58	275.24
573.09	309.68
603.87	321.6
607.89	322.92
607.89	322.92
614.58	325.57
614.58	325.57
614.58	325.57
614.58	325.57
615.91	325.57
622.6	325.57
642.68	326.89
660.07	333.51
661.41	333.51
676.13	338.81
688.17	344.11
688.17	344.11
688.17	344.11
688.17	344.11
688.17	344.11
688.17	344.11
693.52	353.38
693.52	354.7
698.88	365.3
701.55	375.89
704.23	389.13
704.23	390.46
697.54	401.05
684.16	412.97
670.78	420.92
652.04	431.51
637.32	442.11
635.99	442.11
635.99	443.43
635.99	443.43
635.99	443.43
635.99	443.43
635.99	443.43
635.99	443.43
635.99	443.43
633.31	446.08
631.97	447.4
631.97	448.73
630.63	448.73
630.63	448.73
630.63	448.73
630.63	448.73
630.63	448.73
630.63	448.73
630.63	448.73
630.63	448.73
630.63	448.73
645.35	447.4
657.4	444.76
662.75	444.76
664.09	444.76
664.09	444.76
664.09	444.76
664.09	444.76
664.09	444.76
664.09	444.76
664.09	443.43
664.09	443.43
664.09	443.43
664.09	443.43
664.09	443.43
664.09	443.43
664.09	443.43
664.09	443.43
664.09	443.43
664.09	443.43
664.09	443.43
664.09	443.43
664.09	443.43
664.09	443.43
664.09	443.43
664.09	443.43
664.09	443.43
664.09	443.43
664.09	443.43
664.09	443.43
664.09	443.43
664.09	443.43
666.76	436.81
666.76	434.16
668.1	428.86
670.78	422.24
681.48	397.08
692.19	373.24
697.54	348.08
700.22	329.54
700.22	320.27
700.22	312.32
700.22	311
698.88	309.68
692.19	304.38
689.51	304.38
689.51	304.38
689.51	304.38
689.51	304.38
689.51	304.38
688.17	304.38
670.78	317.62
661.41	326.89
652.04	345.43
645.35	363.97
644.01	371.92
644.01	373.24
644.01	373.24
644.01	374.57
644.01	374.57
644.01	374.57
644.01	374.57
644.01	374.57
644.01	374.57
644.01	374.57
644.01	374.57
644.01	374.57
644.01	374.57
644.01	374.57
644.01	374.57
644.01	374.57
644.01	374.57
644.01	374.57
644.01	374.57
644.01	374.57
644.01	374.57
644.01	374.57
644.01	374.57
644.01	374.57
644.01	374.57
644.01	374.57
644.01	374.57
644.01	374.57
644.01	374.57
644.01	374.57
644.01	374.57
644.01	374.57
644.01	374.57
644.01	374.57
644.01	374.57
644.01	371.92
644.01	366.62
644.01	366.62
644.01	366.62
644.01	366.62
644.01	363.97
644.01	360
644.01	360
644.01	360
644.01	360
644.01	360
644.01	360
644.01	360
644.01	360
644.01	360
644.01	358.68
644.01	349.41
646.69	336.16
648.03	326.89
650.7	318.95
653.38	311
656.06	304.38
658.73	301.73
660.07	296.43
661.41	292.46
661.41	292.46
661.41	292.46
661.41	292.46
661.41	292.46
664.09	284.51
668.1	275.24
669.44	268.62
670.78	265.97
672.11	260.68
674.79	252.73
674.79	239.49
674.79	219.62
674.79	189.16
673.45	165.33
672.11	153.41
666.76	128.25
661.41	115
661.41	111.03
660.07	109.71
657.4	100.44
653.38	77.92
648.03	62.03
646.69	55.41
646.69	52.76
650.7	43.49
653.38	43.49
653.38	43.49
653.38	43.49
653.38	43.49
653.38	43.49
646.69	58.06
638.66	87.19
613.24	145.46
601.19	164
590.49	187.84
587.81	193.14
587.81	193.14
587.81	193.14
587.81	193.14
585.14	202.41
583.8	207.7
583.8	218.3
583.8	220.95
583.8	222.27
583.8	222.27
583.8	222.27
575.77	234.19
563.73	248.76
553.02	264.65
547.67	269.95
535.63	284.51
520.91	307.03
502.17	334.84
492.81	349.41
491.47	356.03
491.47	357.35
491.47	357.35
491.47	358.68
491.47	358.68
494.15	350.73
502.17	314.97
504.85	288.49
504.85	280.54
504.85	280.54
504.85	280.54
504.85	280.54
504.85	280.54
512.88	272.6
539.64	263.33
574.43	258.03
631.97	258.03
730.99	271.27
773.81	277.89
775.15	277.89
775.15	277.89
775.15	277.89
777.83	277.89
813.96	268.62
855.44	258.03
882.2	250.08
886.21	250.08
908.96	244.79
927.7	239.49
962.49	232.87
971.85	230.22
989.25	223.6
999.95	215.65
1007.98	211.68
1022.7	205.06
1041.44	198.43
1066.86	195.79
1085.59	194.46
1088.27	194.46
1088.27	194.46
1088.27	194.46
1088.27	194.46
1088.27	194.46
1078.9	189.16
1048.13	170.62
1012	154.73
987.91	144.14
931.71	126.92
867.48	121.62
769.8	121.62
712.26	122.95
680.14	125.6
668.1	128.25
644.01	132.22
601.19	140.17
558.37	148.11
527.6	156.06
498.16	167.98
471.4	179.89
458.02	186.52
436.61	203.73
427.24	216.97
408.51	247.43
404.49	258.03
409.84	264.65
429.92	279.22
462.03	295.11
512.88	316.3
551.68	324.24
598.52	334.84
650.7	345.43
669.44	346.76
669.44	346.76
669.44	346.76
669.44	346.76
669.44	346.76
648.03	352.05
614.58	352.05
594.5	345.43
589.15	344.11
589.15	342.78
591.83	334.84
598.52	320.27
601.19	317.62
602.53	314.97
602.53	313.65
602.53	312.32
603.87	312.32
603.87	312.32
603.87	312.32
603.87	312.32
603.87	312.32
603.87	312.32
603.87	312.32
603.87	312.32
603.87	312.32
603.87	312.32
603.87	312.32
603.87	312.32
603.87	312.32
603.87	312.32
603.87	312.32
603.87	312.32
603.87	312.32
603.87	312.32
603.87	312.32
602.53	312.32
601.19	313.65
599.86	316.3
597.18	316.3
595.84	318.95
594.5	318.95
594.5	318.95
594.5	318.95
594.5	318.95
594.5	318.95
594.5	318.95
594.5	318.95
594.5	317.62
595.84	309.68
598.52	301.73
598.52	299.08
599.86	297.76
599.86	297.76
599.86	297.76
599.86	297.76
599.86	297.76
599.86	297.76
599.86	297.76
599.86	297.76
599.86	297.76
599.86	297.76
599.86	297.76
599.86	297.76
599.86	297.76
599.86	297.76
599.86	297.76
599.86	297.76
599.86	297.76
599.86	297.76
599.86	297.76
599.86	297.76
599.86	297.76
599.86	297.76
599.86	297.76
599.86	297.76
603.87	295.11
607.89	289.81
613.24	283.19
621.27	272.6
626.62	262
630.63	255.38
634.65	244.79
637.32	240.81
644.01	223.6
646.69	214.33
648.03	209.03
649.37	205.06
650.7	195.79
649.37	186.52
646.69	173.27
645.35	169.3
641.34	160.03
637.32	157.38
631.97	153.41
630.63	153.41
630.63	153.41
630.63	153.41
626.62	157.38
626.62	164
627.96	173.27
629.3	186.52
630.63	191.81
630.63	202.41
625.28	216.97
617.25	234.19
610.56	247.43
599.86	259.35
595.84	263.33
594.5	265.97
593.17	268.62
590.49	268.62
590.49	268.62
590.49	268.62
590.49	268.62
590.49	268.62
590.49	268.62
590.49	268.62
590.49	268.62
598.52	260.68
609.22	248.76
613.24	242.14
617.25	238.16
621.27	232.87
622.6	230.22
623.94	228.89
623.94	227.57
623.94	227.57
623.94	227.57
623.94	227.57
623.94	227.57
623.94	227.57
623.94	227.57
623.94	227.57
623.94	227.57
623.94	227.57
623.94	227.57
623.94	227.57
615.91	234.19
610.56	244.79
602.53	263.33
599.86	273.92
598.52	275.24
597.18	279.22
597.18	279.22
597.18	279.22
597.18	279.22
595.84	279.22
595.84	285.84
593.17	300.41
593.17	301.73
593.17	301.73
593.17	301.73
593.17	301.73
593.17	301.73
593.17	301.73
593.17	301.73
593.17	301.73
593.17	301.73
593.17	301.73
593.17	301.73
593.17	301.73
593.17	301.73
593.17	301.73
593.17	301.73
593.17	301.73
593.17	301.73
593.17	301.73
597.18	301.73
602.53	301.73
614.58	296.43
621.27	292.46
622.6	292.46
622.6	292.46
622.6	292.46
622.6	292.46
622.6	292.46
622.6	292.46
621.27	292.46
617.25	296.43
613.24	300.41
613.24	300.41
613.24	300.41
613.24	300.41
613.24	300.41
629.3	292.46
638.66	285.84
641.34	285.84
641.34	285.84
641.34	285.84
641.34	285.84
641.34	285.84
641.34	285.84
641.34	285.84
641.34	285.84
641.34	285.84
641.34	285.84
641.34	285.84
641.34	285.84
645.35	280.54
646.69	280.54
646.69	280.54
646.69	280.54
646.69	280.54
646.69	280.54
646.69	280.54
646.69	280.54
646.69	280.54
646.69	280.54
646.69	280.54
646.69	280.54
646.69	280.54
646.69	280.54
646.69	280.54
646.69	280.54
646.69	280.54
646.69	280.54
641.34	289.81
637.32	304.38
635.99	314.97
635.99	318.95
635.99	320.27
635.99	320.27
635.99	320.27
635.99	320.27
650.7	325.57
735.01	338.81
813.96	334.84
868.82	320.27
894.24	308.35
955.8	269.95
983.9	240.81
997.28	215.65
1001.29	194.46
1002.63	187.84
1002.63	183.87
998.62	174.6
993.26	167.98
985.23	162.68
971.85	160.03
939.74	170.62
918.33	182.54
898.26	206.38
884.88	222.27
872.83	238.16
864.8	256.7
860.79	267.3
858.11	271.27
855.44	280.54
855.44	283.19
855.44	283.19
855.44	283.19
855.44	283.19
855.44	283.19
842.06	280.54
816.63	269.95
779.16	256.7
773.81	251.41
772.47	251.41
769.8	251.41
768.46	248.76
768.46	248.76
768.46	248.76
768.46	248.76
768.46	248.76
744.37	264.65
704.23	281.87
672.11	287.16
635.99	287.16
615.91	276.57
607.89	258.03
607.89	242.14
613.24	209.03
617.25	193.14
618.59	186.52
618.59	186.52
618.59	186.52
618.59	186.52
611.9	190.49
602.53	197.11
595.84	206.38
587.81	213
586.48	213
586.48	214.33
582.46	220.95
579.78	222.27
579.78	223.6
577.11	234.19
575.77	248.76
581.12	259.35
591.83	277.89
605.21	292.46
618.59	305.7
634.65	316.3
660.07	328.22
684.16	333.51
689.51	333.51
694.86	334.84
722.96	345.43
763.11	357.35
791.21	362.65
804.59	366.62
804.59	366.62
804.59	366.62
804.59	366.62
804.59	366.62
800.57	367.95
769.8	370.59
721.63	363.97
680.14	353.38
661.41	345.43
633.31	333.51
615.91	324.24
594.5	314.97
577.11	305.7
550.35	295.11
522.25	287.16
494.15	285.84
476.75	285.84
471.4	285.84
462.03	285.84
451.33	285.84
436.61	287.16
432.59	288.49
419.21	293.78
419.21	293.78
419.21	295.11
432.59	317.62
524.92	362.65
630.63	397.08
673.45	406.35
674.79	407.68
676.13	407.68
689.51	412.97
692.19	415.62
692.19	415.62
692.19	415.62
692.19	415.62
708.24	419.59
728.32	420.92
737.68	420.92
740.36	420.92
745.71	418.27
748.39	415.62
749.73	415.62
751.06	414.3
751.06	410.32
751.06	410.32
751.06	410.32
751.06	410.32
751.06	410.32
752.4	410.32
752.4	407.68
757.75	399.73
764.44	393.11
769.8	387.81
772.47	382.51
775.15	378.54
775.15	375.89
775.15	370.59
775.15	369.27
775.15	369.27
775.15	367.95
771.14	365.3
767.12	362.65
765.78	362.65
765.78	362.65
765.78	362.65
765.78	362.65
765.78	362.65
765.78	362.65
773.81	377.22
788.53	395.76
796.56	403.7
797.9	405.03
799.24	405.03
799.24	405.03
799.24	405.03
799.24	405.03
799.24	405.03
799.24	405.03
797.9	409
792.55	410.32
792.55	411.65
791.21	411.65
791.21	411.65
788.53	390.46
787.19	367.95
787.19	345.43
787.19	332.19
787.19	328.22
785.85	322.92
785.85	321.6
785.85	321.6
785.85	321.6
785.85	321.6
785.85	321.6
771.14	316.3
728.32	300.41
697.54	291.14
682.82	287.16
676.13	284.51
669.44	281.87
660.07	276.57
654.72	273.92
652.04	271.27
649.37	271.27
640	271.27
635.99	271.27
630.63	275.24
618.59	297.76
617.25	311
615.91	317.62
614.58	320.27
614.58	320.27
613.24	322.92
607.89	329.54
602.53	332.19
598.52	334.84
595.84	337.49
581.12	333.51
562.39	321.6
555.7	317.62
547.67	309.68
536.96	300.41
531.61	288.49
526.26	283.19
523.58	279.22
522.25	275.24
520.91	275.24
524.92	273.92
546.33	262
575.77	248.76
601.19	239.49
627.96	227.57
638.66	222.27
653.38	214.33
656.06	211.68
656.06	211.68
656.06	211.68
656.06	211.68
656.06	211.68
656.06	211.68
656.06	211.68
656.06	211.68
656.06	211.68
656.06	211.68
656.06	211.68
656.06	211.68
649.37	231.54
642.68	247.43
638.66	255.38
637.32	258.03
637.32	258.03
637.32	258.03
637.32	258.03
637.32	258.03
626.62	263.33
611.9	273.92
601.19	277.89
593.17	280.54
587.81	283.19
586.48	284.51
582.46	285.84
579.78	285.84
579.78	285.84
579.78	287.16
579.78	287.16
579.78	287.16
577.11	288.49
570.42	293.78
569.08	295.11
563.73	299.08
563.73	300.41
563.73	301.73
562.39	301.73
562.39	301.73
562.39	301.73
610.56	318.95
708.24	330.87
767.12	330.87
799.24	324.24
819.31	317.62
887.55	299.08
923.68	287.16
937.06	284.51
937.06	284.51
941.08	283.19
947.77	280.54
947.77	280.54
946.43	280.54
953.12	279.22
955.8	277.89
955.8	277.89
955.8	277.89
955.8	277.89
951.78	277.89
892.9	284.51
805.93	288.49
765.78	288.49
752.4	288.49
748.39	288.49
740.36	288.49
721.63	284.51
701.55	283.19
690.85	283.19
674.79	287.16
662.75	293.78
650.7	299.08
646.69	304.38
645.35	304.38
645.35	304.38
645.35	308.35
640	318.95
638.66	325.57
638.66	328.22
637.32	328.22
637.32	328.22
637.32	328.22
637.32	328.22
637.32	328.22
637.32	328.22
637.32	328.22
637.32	328.22
637.32	328.22
641.34	350.73
646.69	370.59
648.03	377.22
652.04	391.78
652.04	393.11
652.04	398.4
648.03	402.38
629.3	405.03
595.84	403.7
547.67	393.11
514.22	387.81
487.45	382.51
474.07	381.19
445.97	378.54
437.94	377.22
435.27	375.89
435.27	375.89
435.27	375.89
435.27	375.89
435.27	379.86
439.28	390.46
449.99	405.03
452.66	409
458.02	411.65
474.07	418.27
503.51	420.92
554.36	419.59
606.55	411.65
623.94	407.68
627.96	407.68
629.3	407.68
629.3	407.68
634.65	419.59
638.66	436.81
635.99	452.7
626.62	469.92
621.27	479.19
617.25	484.48
615.91	485.81
614.58	489.78
614.58	493.75
633.31	500.38
681.48	504.35
749.73	497.73
808.6	488.46
826	487.13
826	487.13
826	487.13
824.66	480.51
826	459.32
862.13	416.95
888.89	394.43
950.44	356.03
981.22	344.11
986.57	342.78
986.57	341.46
986.57	341.46
986.57	341.46
989.25	358.68
1001.29	397.08
1005.31	420.92
1005.31	428.86
1005.31	428.86
998.62	402.38
994.6	345.43
991.93	289.81
993.26	248.76
998.62	230.22
998.62	226.25
998.62	226.25
986.57	226.25
926.36	231.54
858.11	246.11
816.63	248.76
793.88	251.41
755.08	256.7
689.51	260.68
653.38	265.97
617.25	273.92
617.25	273.92
617.25	273.92
617.25	273.92
601.19	238.16
583.8	211.68
567.74	202.41
561.05	201.08
503.51	198.43
454	198.43
447.31	198.43
447.31	198.43
447.31	198.43
447.31	199.76
421.89	223.6
411.18	238.16
389.77	271.27
389.77	273.92
388.43	280.54
383.08	291.14
380.41	296.43
373.71	312.32
375.05	325.57
384.42	336.16
395.12	344.11
409.84	352.05
417.87	356.03
425.9	361.32
431.25	365.3
435.27	366.62
439.28	363.97
449.99	352.05
467.38	324.24
478.09	300.41
479.43	293.78
479.43	293.78
479.43	293.78
488.79	288.49
546.33	281.87
607.89	280.54
634.65	276.57
638.66	273.92
646.69	271.27
658.73	263.33
665.42	260.68
665.42	260.68
665.42	260.68
665.42	260.68
665.42	260.68
665.42	260.68
665.42	260.68
670.78	269.95
694.86	292.46
714.93	305.7
721.63	309.68
739.02	317.62
741.7	318.95
743.04	318.95
743.04	318.95
743.04	318.95
743.04	318.95
743.04	318.95
743.04	318.95
743.04	318.95
743.04	318.95
743.04	318.95
743.04	318.95
743.04	318.95
743.04	318.95
743.04	318.95
743.04	320.27
743.04	321.6
743.04	322.92
743.04	322.92
743.04	322.92
749.73	320.27
763.11	311
773.81	301.73
777.83	295.11
781.84	293.78
781.84	293.78
781.84	293.78
781.84	293.78
781.84	293.78
781.84	293.78
781.84	293.78
781.84	293.78
785.85	299.08
788.53	300.41
793.88	303.05
796.56	305.7
797.9	305.7
800.57	311
803.25	313.65
804.59	316.3
804.59	318.95
804.59	318.95
805.93	326.89
805.93	333.51
805.93	346.76
804.59	353.38
803.25	357.35
803.25	357.35
803.25	357.35
803.25	357.35
803.25	357.35
801.91	360
789.87	363.97
771.14	369.27
748.39	375.89
733.67	382.51
721.63	389.13
692.19	401.05
674.79	410.32
653.38	418.27
637.32	424.89
623.94	427.54
606.55	426.22
597.18	418.27
585.14	409
567.74	399.73
553.02	391.78
542.32	387.81
526.26	383.84
516.89	383.84
478.09	382.51
454	382.51
432.59	382.51
408.51	383.84
393.79	383.84
364.35	385.16
348.29	385.16
341.6	385.16
324.2	382.51
324.2	382.51
324.2	382.51
352.3	362.65
392.45	350.73
535.63	326.89
567.74	321.6
581.12	317.62
590.49	316.3
594.5	316.3
594.5	316.3
615.91	316.3
650.7	317.62
733.67	330.87
759.09	332.19
797.9	337.49
826	344.11
835.37	345.43
864.8	350.73
874.17	350.73
875.51	350.73
875.51	350.73
875.51	350.73
875.51	350.73
859.45	313.65
836.7	271.27
815.29	240.81
791.21	222.27
776.49	214.33
760.43	206.38
759.09	206.38
752.4	202.41
741.7	199.76
713.6	199.76
668.1	199.76
635.99	202.41
574.43	206.38
547.67	207.7
526.26	207.7
503.51	206.38
490.13	206.38
478.09	202.41
468.72	199.76
458.02	189.16
440.62	158.71
423.22	117.65
416.53	85.87
413.86	73.95
412.52	69.98
412.52	69.98
412.52	69.98
412.52	69.98
403.15	72.63
380.41	101.76
375.05	162.68
389.77	224.92
416.53	271.27
421.89	281.87
423.22	281.87
427.24	281.87
435.27	281.87
440.62	281.87
441.96	281.87
443.3	281.87
445.97	284.51
447.31	284.51
436.61	293.78
408.51	307.03
375.05	314.97
365.69	318.95
365.69	320.27
396.46	329.54
486.12	341.46
579.78	348.08
625.28	353.38
681.48	362.65
718.95	366.62
761.77	371.92
797.9	374.57
808.6	374.57
808.6	375.89
808.6	375.89
808.6	375.89
808.6	375.89
808.6	375.89
808.6	375.89
808.6	375.89
808.6	375.89
808.6	375.89
808.6	375.89
808.6	375.89
808.6	375.89
823.32	370.59
879.52	362.65
904.95	360
904.95	358.68
904.95	358.68
863.47	358.68
763.11	360
661.41	360
617.25	360
611.9	361.32
607.89	361.32
591.83	362.65
559.71	362.65
524.92	362.65
503.51	361.32
484.78	358.68
458.02	358.68
440.62	358.68
423.22	358.68
415.2	360
408.51	360
392.45	361.32
376.39	362.65
365.69	366.62
352.3	369.27
349.63	371.92
349.63	371.92
349.63	371.92
349.63	371.92
393.79	370.59
563.73	362.65
697.54	354.7
737.68	354.7
751.06	354.7
787.19	356.03
821.98	357.35
840.72	357.35
840.72	357.35
840.72	357.35
856.78	357.35
872.83	354.7
879.52	354.7
887.55	354.7
918.33	353.38
933.05	353.38
934.39	353.38
934.39	353.38
934.39	353.38
934.39	353.38
934.39	353.38
934.39	353.38
934.39	353.38
934.39	353.38
934.39	353.38
934.39	353.38
934.39	353.38
918.33	326.89
888.89	299.08
844.73	269.95
811.28	248.76
777.83	230.22
765.78	223.6
763.11	220.95
756.42	218.3
753.74	215.65
749.73	213
744.37	206.38
733.67	193.14
724.3	179.89
720.29	174.6
720.29	173.27
720.29	173.27
720.29	173.27
720.29	173.27
720.29	173.27
720.29	173.27
705.57	173.27
694.86	174.6
692.19	174.6
690.85	174.6
672.11	179.89
654.72	185.19
637.32	191.81
615.91	197.11
591.83	206.38
571.76	215.65
561.05	222.27
551.68	228.89
546.33	238.16
544.99	243.46
562.39	256.7
583.8	267.3
605.21	276.57
621.27	280.54
630.63	283.19
646.69	284.51
654.72	284.51
654.72	284.51
654.72	284.51
654.72	284.51
654.72	284.51
635.99	309.68
609.22	340.14
594.5	354.7
583.8	367.95
581.12	370.59
581.12	371.92
579.78	373.24
574.43	375.89
562.39	378.54
558.37	378.54
558.37	378.54
551.68	378.54
538.3	378.54
532.95	378.54
532.95	378.54
544.99	377.22
618.59	361.32
704.23	342.78
740.36	334.84
740.36	333.51
740.36	333.51
781.84	336.16
813.96	341.46
871.49	348.08
911.64	348.08
929.03	348.08
929.03	348.08
929.03	348.08
929.03	348.08
929.03	348.08
930.37	348.08
945.09	342.78
959.81	338.81
959.81	337.49
959.81	337.49
959.81	337.49
961.15	337.49
961.15	337.49
961.15	337.49
961.15	337.49
961.15	337.49
961.15	332.19
949.11	304.38
938.4	291.14
923.68	276.57
900.93	264.65
884.88	260.68
864.8	260.68
840.72	262
832.69	264.65
823.32	267.3
813.96	268.62
796.56	272.6
764.44	277.89
729.65	283.19
709.58	289.81
705.57	291.14
686.83	301.73
642.68	322.92
590.49	341.46
567.74	346.76
534.29	354.7
502.17	357.35
471.4	357.35
452.66	357.35
448.65	356.03
437.94	346.76
428.58	336.16
423.22	329.54
423.22	329.54
423.22	329.54
423.22	325.57
424.56	317.62
428.58	305.7
433.93	300.41
448.65	284.51
460.69	275.24
466.04	269.95
474.07	262
487.45	251.41
506.19	238.16
526.26	228.89
532.95	224.92
553.02	218.3
605.21	219.62
704.23	234.19
858.11	259.35
963.82	281.87
967.84	281.87
967.84	281.87
967.84	281.87
967.84	281.87
967.84	281.87
967.84	281.87
967.84	281.87
967.84	281.87
967.84	281.87
953.12	287.16
903.61	293.78
817.97	303.05
759.09	309.68
652.04	320.27
598.52	326.89
565.07	330.87
470.06	338.81
404.49	344.11
365.69	345.43
314.84	350.73
292.09	352.05
238.56	360
233.21	361.32
233.21	361.32
231.87	361.32
231.87	361.32
231.87	361.32
231.87	361.32
231.87	362.65
237.23	367.95
266.67	379.86
300.12	386.49
337.59	394.43
371.04	398.4
384.42	399.73
384.42	398.4
399.14	390.46
416.53	369.27
428.58	349.41
455.34	279.22
463.37	240.81
478.09	215.65
498.16	199.76
516.89	191.81
615.91	179.89
714.93	191.81
751.06	207.7
764.44	226.25
775.15	251.41
772.47	268.62
759.09	280.54
748.39	287.16
700.22	299.08
653.38	299.08
611.9	291.14
578.45	280.54
547.67	273.92
526.26	268.62
506.19	264.65
496.82	262
452.66	262
413.86	260.68
389.77	265.97
387.1	267.3
385.76	271.27
391.11	297.76
437.94	329.54
512.88	349.41
582.46	358.68
648.03	356.03
694.86	348.08
735.01	333.51
756.42	324.24
787.19	305.7
805.93	292.46
826	281.87
851.42	273.92
870.16	271.27
888.89	269.95
908.96	269.95
912.98	269.95
912.98	269.95
918.33	284.51
918.33	295.11
904.95	311
872.83	326.89
839.38	329.54
809.94	325.57
785.85	318.95
759.09	312.32
726.98	301.73
694.86	288.49
661.41	277.89
621.27	268.62
581.12	263.33
528.94	264.65
482.1	267.3
459.35	271.27
454	273.92
448.65	277.89
439.28	296.43
431.25	322.92
428.58	345.43
441.96	363.97
468.72	386.49
515.56	416.95
561.05	438.13
594.5	451.38
627.96	460.65
677.47	463.3
728.32	456.67
755.08	446.08
820.65	418.27
838.04	412.97
863.47	405.03
892.9	397.08
906.29	395.76
927.7	394.43
929.03	394.43
929.03	394.43
926.36	419.59
910.3	442.11
884.88	465.94
854.1	477.86
823.32	479.19
783.18	475.21
751.06	464.62
730.99	452.7
714.93	435.49
697.54	405.03
681.48	381.19
670.78	373.24
656.06	369.27
621.27	367.95
582.46	367.95
562.39	369.27
549.01	369.27
528.94	366.62
507.53	363.97
484.78	353.38
468.72	337.49
463.37	318.95
460.69	300.41
459.35	296.43
459.35	295.11
459.35	295.11
449.99	295.11
420.55	289.81
397.8	289.81
393.79	291.14
393.79	292.46
392.45	293.78
392.45	293.78
392.45	293.78
447.31	307.03
484.78	314.97
547.67	321.6
587.81	321.6
640	317.62
676.13	312.32
700.22	308.35
718.95	305.7
721.63	305.7
721.63	305.7
721.63	305.7
753.74	326.89
800.57	350.73
819.31	358.68
819.31	358.68
844.73	361.32
867.48	361.32
868.82	361.32
871.49	361.32
871.49	361.32
878.18	357.35
890.23	353.38
896.92	350.73
898.26	350.73
903.61	348.08
903.61	346.76
903.61	346.76
903.61	346.76
910.3	341.46
919.67	336.16
925.02	330.87
934.39	328.22
946.43	322.92
958.47	320.27
959.81	320.27
959.81	320.27
959.81	320.27
959.81	320.27
966.5	316.3
1014.67	304.38
1093.62	271.27
1123.06	259.35
1124.4	259.35
1124.4	259.35
1090.95	255.38
1054.82	252.73
981.22	244.79
898.26	236.84
858.11	234.19
808.6	230.22
792.55	230.22
776.49	228.89
757.75	227.57
729.65	231.54
700.22	234.19
682.82	235.52
674.79	235.52
674.79	236.84
674.79	236.84
669.44	236.84
631.97	242.14
590.49	246.11
543.66	250.08
480.76	255.38
403.15	264.65
342.94	272.6
320.19	275.24
294.77	279.22
273.36	281.87
253.28	287.16
237.23	291.14
219.83	293.78
210.46	295.11
209.13	295.11
209.13	295.11
209.13	292.46
225.18	262
235.89	238.16
241.24	230.22
241.24	230.22
241.24	230.22
241.24	230.22
241.24	238.16
249.27	305.7
268	352.05
281.38	365.3
305.47	373.24
332.23	374.57
419.21	362.65
445.97	349.41
462.03	338.81
496.82	321.6
535.63	313.65
546.33	313.65
578.45	317.62
606.55	320.27
653.38	328.22
653.38	328.22
653.38	328.22
662.75	330.87
682.82	336.16
694.86	337.49
708.24	337.49
716.27	337.49
716.27	337.49
716.27	337.49
733.67	337.49
753.74	338.81
777.83	342.78
804.59	346.76
808.6	348.08
808.6	348.08
808.6	348.08
808.6	348.08
803.25	350.73
801.91	352.05
801.91	352.05
777.83	357.35
732.33	370.59
678.81	386.49
642.68	419.59
630.63	454.03
631.97	530.84
646.69	546.73
668.1	556
682.82	561.29
693.52	562.62
709.58	562.62
748.39	562.62
756.42	562.62
756.42	562.62
756.42	562.62
756.42	562.62
733.67	549.38
697.54	536.13
591.83	518.92
530.27	516.27
482.1	514.94
452.66	514.94
437.94	513.62
411.18	512.3
373.71	508.32
338.92	503.03
312.16	500.38
282.72	497.73
277.37	496.4
276.03	496.4
276.03	496.4
305.47	488.46
405.83	480.51
498.16	471.24
535.63	458
553.02	450.05
590.49	418.27
611.9	383.84
618.59	350.73
614.58	311
606.55	283.19
599.86	260.68
587.81	235.52
573.09	202.41
558.37	174.6
539.64	153.41
507.53	134.87
478.09	122.95
452.66	117.65
424.56	116.33
405.83	116.33
401.82	116.33
395.12	125.6
393.79	129.57
393.79	129.57
395.12	134.87
399.14	136.19
403.15	138.84
403.15	138.84
405.83	137.52
415.2	122.95
423.22	104.41
436.61	62.03
436.61	58.06
436.61	58.06
436.61	58.06
436.61	58.06
436.61	58.06
436.61	58.06
455.34	80.57
498.16	112.35
558.37	146.79
595.84	162.68
614.58	170.62
621.27	173.27
623.94	173.27
623.94	173.27
623.94	173.27
623.94	173.27
606.55	186.52
575.77	195.79
534.29	195.79
470.06	181.22
416.53	174.6
392.45	174.6
364.35	195.79
322.87	234.19
296.1	265.97
289.41	279.22
314.84	348.08
375.05	459.32
419.21	569.24
452.66	638.1
491.47	680.48
516.89	687.1
531.61	680.48
542.32	661.94
550.35	624.86
551.68	575.86
553.02	533.48
547.67	518.92
536.96	503.03
528.94	485.81
516.89	450.05
514.22	378.54
547.67	251.41
607.89	107.06
0	0
0	0
0	0
0	0
0	0
0	0
