0	0
0	0
0	0
0	0
0	0
0	0
0	0
0	0
0	0
0	0
640	361.28
640	361.28
640	361.28
640	361.28
640	361.28
640	361.28
640	361.28
640	361.28
640	361.28
640	361.28
640	361.28
640	361.28
640	361.28
640	361.28
640	362.57
646.69	362.57
653.38	362.57
661.42	361.28
668.11	358.72
672.12	356.15
678.82	354.86
685.51	351.01
692.2	348.44
694.88	347.16
694.88	345.87
696.22	345.87
696.22	344.59
696.22	343.31
697.55	340.74
700.23	339.45
700.23	339.45
700.23	339.45
700.23	339.45
700.23	339.45
700.23	339.45
700.23	339.45
700.23	339.45
700.23	339.45
700.23	339.45
700.23	339.45
700.23	339.45
700.23	339.45
700.23	339.45
700.23	339.45
700.23	339.45
700.23	339.45
700.23	339.45
700.23	339.45
700.23	339.45
700.23	339.45
700.23	339.45
700.23	339.45
700.23	339.45
700.23	339.45
700.23	339.45
700.23	339.45
700.23	339.45
700.23	339.45
700.23	339.45
700.23	339.45
700.23	339.45
700.23	339.45
700.23	339.45
700.23	339.45
684.17	345.87
666.77	343.31
599.85	331.75
516.86	321.47
488.75	312.49
471.35	307.35
457.97	303.5
448.6	302.21
441.91	299.64
439.23	298.36
436.55	298.36
432.54	298.36
429.86	298.36
428.52	298.36
427.19	298.36
427.19	299.64
445.92	291.94
488.75	271.39
518.2	253.41
532.92	245.71
538.28	245.71
544.97	250.85
547.65	255.98
540.95	268.82
539.62	268.82
539.62	268.82
540.95	268.82
539.62	271.39
519.54	293.22
510.17	311.2
510.17	318.91
512.85	321.47
518.2	322.76
527.57	322.76
532.92	322.76
534.26	322.76
536.94	320.19
536.94	318.91
534.26	318.91
522.22	318.91
507.49	320.19
496.79	320.19
496.79	320.19
496.79	320.19
496.79	320.19
496.79	316.34
506.15	308.63
526.23	293.22
547.65	282.95
565.05	277.81
578.43	277.81
591.82	280.38
607.88	280.38
627.95	279.1
646.69	272.68
657.4	268.82
665.43	264.97
682.83	261.12
688.18	261.12
689.52	261.12
689.52	261.12
689.52	261.12
689.52	261.12
689.52	261.12
693.54	263.69
697.55	267.54
700.23	271.39
701.57	272.68
701.57	272.68
701.57	272.68
696.22	275.24
680.15	280.38
668.11	286.8
661.42	291.94
657.4	295.79
657.4	298.36
657.4	299.64
657.4	299.64
658.74	299.64
674.8	299.64
700.23	299.64
724.32	299.64
735.03	297.08
745.74	295.79
757.78	294.51
765.81	294.51
796.6	293.22
824.71	293.22
834.08	294.51
834.08	294.51
834.08	294.51
836.75	297.08
847.46	299.64
862.18	303.5
871.55	306.06
878.24	309.92
884.94	311.2
886.28	312.49
886.28	312.49
886.28	312.49
878.24	309.92
832.74	295.79
792.58	284.23
759.12	273.96
724.32	264.97
696.22	261.12
668.11	261.12
642.68	261.12
622.6	264.97
603.86	272.68
586.46	280.38
567.72	297.08
557.02	311.2
542.29	327.9
524.89	340.74
494.11	361.28
463.32	379.26
428.52	397.24
400.42	412.65
389.71	422.92
372.31	438.33
348.22	453.74
318.77	464.02
293.34	471.72
271.92	476.86
255.86	480.71
251.85	482
246.49	483.28
237.13	484.57
234.45	484.57
230.43	484.57
223.74	487.13
219.73	488.42
219.73	488.42
219.73	488.42
219.73	488.42
219.73	488.42
219.73	488.42
219.73	488.42
219.73	488.42
219.73	489.7
219.73	492.27
219.73	492.27
219.73	493.55
221.06	493.55
239.8	488.42
266.57	480.71
289.32	474.29
310.74	466.59
328.14	460.17
345.54	452.46
361.6	446.04
388.37	437.05
401.76	430.63
416.48	421.64
437.89	412.65
457.97	404.95
494.11	397.24
526.23	390.82
554.34	383.12
578.43	376.69
605.2	370.27
646.69	361.28
677.48	352.29
704.25	340.74
714.95	334.32
718.97	331.75
718.97	331.75
718.97	331.75
718.97	331.75
720.31	331.75
721.65	331.75
721.65	331.75
721.65	333.03
717.63	339.45
698.89	353.58
668.11	370.27
653.38	377.98
642.68	381.83
629.29	384.4
618.58	386.97
609.22	388.25
605.2	388.25
605.2	388.25
605.2	388.25
605.2	388.25
611.89	379.26
618.58	370.27
625.28	361.28
629.29	351.01
633.31	338.17
634.65	329.18
634.65	318.91
635.98	306.06
635.98	299.64
635.98	297.08
635.98	295.79
635.98	295.79
635.98	295.79
635.98	294.51
635.98	294.51
635.98	294.51
634.65	294.51
634.65	294.51
634.65	294.51
634.65	294.51
634.65	294.51
633.31	294.51
630.63	300.93
627.95	307.35
626.62	318.91
626.62	326.61
626.62	335.6
625.28	343.31
622.6	351.01
619.92	356.15
617.25	360
613.23	365.14
610.55	366.42
609.22	367.71
605.2	370.27
599.85	374.13
589.14	377.98
563.71	384.4
540.95	388.25
522.22	390.82
508.83	390.82
490.09	390.82
482.06	389.54
468.68	388.25
447.26	384.4
423.17	381.83
421.83	381.83
423.17	381.83
435.22	383.12
459.31	383.12
499.46	380.55
550.32	379.26
591.82	379.26
622.6	376.69
656.06	374.13
692.2	372.84
716.29	372.84
732.35	371.56
760.46	371.56
781.88	371.56
792.58	371.56
800.61	371.56
805.97	371.56
807.31	371.56
807.31	371.56
809.98	371.56
816.68	371.56
819.35	371.56
819.35	371.56
819.35	371.56
819.35	371.56
819.35	371.56
819.35	371.56
819.35	371.56
819.35	371.56
819.35	371.56
819.35	371.56
808.65	371.56
792.58	371.56
771.17	371.56
752.43	371.56
736.37	371.56
724.32	366.42
713.62	358.72
705.58	349.73
690.86	333.03
668.11	317.62
637.32	306.06
610.55	299.64
590.48	298.36
577.09	297.08
566.38	295.79
547.65	293.22
524.89	289.37
512.85	288.09
507.49	288.09
503.48	286.8
502.14	286.8
502.14	285.52
502.14	285.52
502.14	285.52
502.14	285.52
502.14	286.8
502.14	294.51
502.14	299.64
502.14	303.5
502.14	308.63
502.14	315.05
502.14	322.76
503.48	331.75
506.15	338.17
510.17	342.02
511.51	344.59
512.85	347.16
512.85	349.73
512.85	354.86
514.19	361.28
516.86	366.42
519.54	371.56
523.55	375.41
528.91	380.55
534.26	383.12
542.29	385.68
550.32	386.97
557.02	388.25
562.37	389.54
566.38	389.54
569.06	390.82
575.75	392.1
581.11	392.1
586.46	392.1
589.14	392.1
590.48	392.1
591.82	392.1
594.49	393.39
595.83	393.39
598.51	393.39
602.52	394.67
605.2	394.67
605.2	394.67
606.54	394.67
606.54	394.67
603.86	393.39
582.45	393.39
547.65	392.1
494.11	390.82
448.6	386.97
396.4	384.4
364.28	381.83
341.52	379.26
316.09	377.98
310.74	377.98
310.74	377.98
310.74	377.98
318.77	377.98
338.85	377.98
381.68	377.98
444.59	377.98
491.43	377.98
539.62	377.98
581.11	377.98
615.91	375.41
641.34	374.13
668.11	372.84
696.22	370.27
720.31	367.71
744.4	363.85
763.14	362.57
771.17	362.57
779.2	362.57
787.23	362.57
804.63	362.57
818.01	362.57
824.71	362.57
835.41	362.57
851.48	362.57
863.52	362.57
866.2	362.57
866.2	362.57
866.2	362.57
866.2	362.57
866.2	362.57
866.2	362.57
864.86	362.57
862.18	362.57
854.15	362.57
846.12	361.28
832.74	358.72
809.98	357.43
784.55	357.43
757.78	357.43
739.05	357.43
727	357.43
716.29	356.15
696.22	348.44
680.15	343.31
670.78	339.45
666.77	336.88
662.75	333.03
660.08	330.46
658.74	329.18
658.74	329.18
658.74	329.18
658.74	329.18
650.71	330.46
622.6	340.74
581.11	357.43
550.32	372.84
526.23	388.25
496.79	407.51
487.42	416.5
486.08	421.64
487.42	424.21
491.43	425.49
495.45	426.78
499.46	428.06
502.14	429.35
503.48	430.63
504.82	431.91
504.82	431.91
510.17	430.63
519.54	426.78
535.6	419.07
539.62	416.5
540.95	416.5
540.95	416.5
540.95	416.5
543.63	415.22
551.66	413.94
567.72	411.37
577.09	408.8
585.12	407.51
590.48	404.95
593.15	403.66
595.83	402.38
597.17	401.09
597.17	401.09
598.51	399.81
598.51	399.81
598.51	395.96
595.83	392.1
583.78	388.25
561.03	383.12
539.62	379.26
507.49	376.69
466	371.56
409.79	366.42
374.99	363.85
338.85	362.57
306.72	362.57
275.94	362.57
261.22	362.57
261.22	362.57
261.22	362.57
261.22	362.57
261.22	362.57
285.31	358.72
312.08	357.43
360.26	356.15
443.25	356.15
515.52	356.15
567.72	354.86
614.57	351.01
658.74	348.44
680.15	348.44
700.23	348.44
727	348.44
751.09	348.44
772.51	348.44
793.92	347.16
820.69	345.87
838.09	345.87
860.85	344.59
883.6	342.02
901	342.02
915.72	342.02
933.12	342.02
954.54	342.02
974.61	342.02
1005.4	342.02
1032.17	342.02
1044.21	342.02
1053.58	342.02
1061.61	340.74
1069.64	340.74
1081.69	340.74
1091.06	340.74
1095.07	340.74
1095.07	340.74
1095.07	340.74
1095.07	340.74
1095.07	340.74
1095.07	340.74
1095.07	340.74
1095.07	340.74
1095.07	340.74
1093.74	340.74
1092.4	340.74
1091.06	340.74
1087.04	340.74
1083.03	340.74
1079.01	340.74
1077.67	340.74
1073.66	340.74
1066.97	342.02
1057.6	342.02
1046.89	343.31
1017.44	345.87
992.01	345.87
966.58	345.87
942.49	345.87
919.74	345.87
909.03	345.87
898.32	345.87
883.6	345.87
854.15	345.87
834.08	345.87
823.37	345.87
808.65	345.87
799.28	345.87
780.54	345.87
759.12	348.44
724.32	353.58
698.89	357.43
670.78	360
654.72	362.57
637.32	363.85
622.6	363.85
610.55	363.85
594.49	365.14
579.77	365.14
561.03	365.14
539.62	365.14
531.59	365.14
524.89	365.14
523.55	365.14
523.55	365.14
523.55	365.14
523.55	365.14
523.55	365.14
523.55	365.14
523.55	365.14
523.55	365.14
523.55	365.14
523.55	365.14
523.55	365.14
523.55	365.14
523.55	365.14
523.55	365.14
523.55	365.14
523.55	365.14
523.55	365.14
523.55	365.14
523.55	365.14
523.55	365.14
523.55	365.14
523.55	365.14
523.55	365.14
523.55	365.14
523.55	365.14
523.55	365.14
523.55	365.14
523.55	365.14
523.55	365.14
523.55	365.14
523.55	365.14
522.22	367.71
519.54	370.27
515.52	376.69
511.51	381.83
507.49	385.68
502.14	390.82
499.46	394.67
498.12	395.96
496.79	397.24
496.79	397.24
496.79	397.24
495.45	397.24
491.43	397.24
484.74	397.24
475.37	395.96
466	394.67
455.29	393.39
449.94	393.39
448.6	392.1
448.6	392.1
448.6	392.1
448.6	392.1
448.6	392.1
448.6	392.1
448.6	392.1
453.95	393.39
460.65	395.96
474.03	398.53
483.4	399.81
491.43	401.09
502.14	401.09
512.85	401.09
523.55	401.09
532.92	402.38
538.28	403.66
543.63	404.95
548.99	404.95
555.68	404.95
559.69	404.95
565.05	404.95
571.74	404.95
574.42	404.95
577.09	404.95
582.45	404.95
586.46	404.95
587.8	404.95
590.48	404.95
603.86	401.09
618.58	399.81
635.98	395.96
680.15	389.54
716.29	385.68
747.08	380.55
761.8	377.98
772.51	375.41
781.88	374.13
792.58	372.84
803.29	370.27
818.01	368.99
830.06	367.71
846.12	365.14
855.49	365.14
866.2	365.14
882.26	365.14
894.31	363.85
896.98	363.85
896.98	363.85
896.98	363.85
896.98	363.85
896.98	363.85
906.35	363.85
918.4	363.85
938.48	363.85
959.89	363.85
978.63	363.85
992.01	363.85
1010.75	363.85
1030.83	363.85
1038.86	363.85
1045.55	363.85
1053.58	363.85
1058.94	365.14
1062.95	365.14
1073.66	365.14
1091.06	365.14
1101.77	365.14
1111.14	365.14
1119.17	365.14
1120.51	365.14
1119.17	365.14
1109.8	365.14
1079.01	367.71
1029.49	370.27
958.55	372.84
854.15	374.13
780.54	374.13
727	374.13
674.8	374.13
606.54	374.13
554.34	376.69
506.15	376.69
459.31	380.55
423.17	383.12
395.06	386.97
370.97	386.97
326.8	388.25
298.69	388.25
277.28	388.25
269.25	388.25
261.22	388.25
259.88	388.25
254.52	389.54
254.52	389.54
253.19	389.54
253.19	389.54
253.19	389.54
253.19	389.54
257.2	390.82
283.97	390.82
318.77	390.82
349.56	385.68
373.65	379.26
403.09	370.27
429.86	363.85
475.37	353.58
534.26	347.16
575.75	344.59
605.2	340.74
626.62	335.6
640	329.18
642.68	322.76
642.68	315.05
640	302.21
640	295.79
644.02	286.8
653.38	270.11
656.06	254.7
653.38	241.86
650.71	230.3
645.35	212.32
642.68	196.91
635.98	180.22
630.63	162.24
623.94	149.4
618.58	144.26
614.57	140.41
610.55	137.84
607.88	135.27
607.88	135.27
606.54	135.27
606.54	135.27
603.86	136.55
599.85	139.12
594.49	141.69
587.8	145.54
575.75	151.96
558.35	160.95
547.65	167.37
540.95	171.23
528.91	180.22
503.48	198.19
480.72	214.89
452.62	238
427.19	255.98
403.09	272.68
380.34	288.09
357.59	306.06
341.52	316.34
326.8	324.04
309.4	330.46
293.34	335.6
281.29	339.45
275.94	342.02
274.6	342.02
274.6	342.02
277.28	342.02
298.69	342.02
350.89	342.02
403.09	342.02
452.62	342.02
491.43	343.31
527.57	344.59
559.69	344.59
591.82	344.59
610.55	344.59
623.94	344.59
644.02	344.59
666.77	344.59
688.18	344.59
709.6	345.87
729.68	345.87
749.75	345.87
765.81	345.87
781.88	345.87
796.6	345.87
814	345.87
831.4	345.87
847.46	345.87
870.21	345.87
887.61	345.87
902.34	347.16
923.75	349.73
933.12	349.73
938.48	349.73
939.81	349.73
943.83	349.73
950.52	349.73
954.54	349.73
954.54	349.73
954.54	349.73
954.54	349.73
949.18	344.59
929.11	336.88
875.57	333.03
823.37	336.88
789.91	342.02
764.48	349.73
731.01	356.15
696.22	356.15
666.77	354.86
637.32	351.01
611.89	347.16
599.85	342.02
589.14	338.17
575.75	335.6
558.35	331.75
532.92	329.18
518.2	329.18
518.2	329.18
518.2	329.18
518.2	329.18
518.2	329.18
518.2	329.18
518.2	329.18
518.2	329.18
518.2	329.18
518.2	329.18
518.2	329.18
518.2	329.18
516.86	329.18
516.86	330.46
515.52	331.75
515.52	333.03
514.19	335.6
514.19	336.88
512.85	339.45
512.85	339.45
512.85	342.02
512.85	344.59
512.85	344.59
512.85	345.87
512.85	345.87
512.85	345.87
512.85	345.87
512.85	345.87
512.85	345.87
512.85	345.87
512.85	344.59
512.85	344.59
512.85	343.31
512.85	343.31
512.85	343.31
516.86	340.74
520.88	339.45
526.23	338.17
532.92	336.88
538.28	336.88
539.62	336.88
539.62	335.6
542.29	335.6
550.32	333.03
557.02	331.75
561.03	331.75
561.03	331.75
563.71	330.46
565.05	330.46
567.72	330.46
570.4	331.75
574.42	333.03
577.09	334.32
578.43	334.32
579.77	334.32
582.45	335.6
583.78	335.6
585.12	335.6
586.46	336.88
587.8	336.88
587.8	336.88
589.14	338.17
591.82	338.17
593.15	338.17
597.17	339.45
605.2	340.74
609.22	343.31
610.55	344.59
611.89	347.16
613.23	351.01
613.23	354.86
613.23	360
613.23	365.14
613.23	370.27
613.23	372.84
614.57	376.69
614.57	379.26
617.25	380.55
619.92	381.83
625.28	383.12
631.97	383.12
638.66	384.4
645.35	384.4
650.71	384.4
653.38	383.12
657.4	383.12
664.09	381.83
669.45	381.83
670.78	381.83
672.12	381.83
673.46	381.83
673.46	381.83
673.46	381.83
669.45	380.55
658.74	380.55
640	379.26
614.57	374.13
603.86	370.27
594.49	365.14
579.77	357.43
566.38	348.44
557.02	340.74
551.66	335.6
550.32	334.32
550.32	334.32
550.32	334.32
550.32	334.32
550.32	334.32
550.32	333.03
550.32	331.75
550.32	331.75
550.32	331.75
550.32	331.75
550.32	331.75
550.32	331.75
548.99	333.03
544.97	339.45
544.97	343.31
544.97	347.16
544.97	348.44
544.97	349.73
544.97	351.01
543.63	353.58
538.28	360
528.91	366.42
522.22	375.41
518.2	383.12
516.86	389.54
516.86	392.1
515.52	394.67
512.85	395.96
508.83	398.53
504.82	401.09
500.8	402.38
495.45	403.66
490.09	404.95
484.74	406.23
480.72	408.8
476.71	410.08
468.68	412.65
461.99	417.79
460.65	420.36
460.65	424.21
460.65	426.78
466	429.35
474.03	431.91
479.39	435.77
480.72	438.33
482.06	443.47
483.4	448.61
483.4	453.74
483.4	457.6
483.4	457.6
483.4	457.6
491.43	453.74
500.8	449.89
512.85	438.33
527.57	424.21
550.32	410.08
565.05	402.38
570.4	398.53
571.74	395.96
571.74	395.96
571.74	390.82
571.74	384.4
573.08	380.55
574.42	375.41
575.75	370.27
578.43	363.85
581.11	358.72
585.12	356.15
587.8	352.29
590.48	347.16
590.48	343.31
590.48	335.6
590.48	331.75
589.14	325.33
587.8	322.76
587.8	318.91
587.8	317.62
587.8	316.34
587.8	316.34
589.14	316.34
589.14	316.34
589.14	316.34
589.14	316.34
589.14	316.34
589.14	316.34
589.14	315.05
589.14	315.05
586.46	315.05
574.42	315.05
565.05	315.05
557.02	315.05
555.68	315.05
553	315.05
550.32	315.05
547.65	315.05
546.31	315.05
546.31	315.05
544.97	315.05
544.97	315.05
543.63	315.05
543.63	315.05
543.63	315.05
543.63	315.05
543.63	315.05
555.68	313.77
575.75	313.77
595.83	315.05
602.52	316.34
610.55	317.62
622.6	321.47
631.97	322.76
638.66	322.76
646.69	324.04
652.05	325.33
657.4	326.61
657.4	326.61
657.4	326.61
657.4	326.61
657.4	326.61
657.4	326.61
657.4	326.61
657.4	320.19
654.72	308.63
644.02	288.09
627.95	267.54
601.18	248.28
563.71	232.87
544.97	225.16
536.94	222.59
532.92	221.31
527.57	218.74
526.23	217.46
526.23	217.46
526.23	217.46
526.23	217.46
524.89	217.46
524.89	217.46
523.55	217.46
522.22	217.46
512.85	217.46
496.79	217.46
486.08	217.46
467.34	217.46
444.59	217.46
428.52	216.17
419.15	214.89
415.14	213.6
411.12	213.6
409.79	212.32
408.45	212.32
403.09	212.32
397.74	214.89
391.05	216.17
384.36	216.17
379	217.46
374.99	218.74
374.99	218.74
374.99	220.02
373.65	225.16
373.65	231.58
373.65	239.29
379	252.13
385.69	263.69
404.43	280.38
433.88	291.94
452.62	294.51
459.31	295.79
467.34	295.79
478.05	295.79
491.43	295.79
504.82	295.79
524.89	297.08
534.26	298.36
536.94	298.36
536.94	298.36
538.28	298.36
539.62	299.64
540.95	302.21
542.29	304.78
544.97	307.35
544.97	308.63
546.31	309.92
546.31	311.2
546.31	313.77
547.65	316.34
547.65	321.47
547.65	325.33
548.99	329.18
550.32	331.75
550.32	334.32
550.32	335.6
551.66	336.88
553	339.45
554.34	342.02
555.68	342.02
555.68	343.31
557.02	343.31
561.03	344.59
567.72	344.59
567.72	344.59
569.06	344.59
569.06	344.59
569.06	344.59
569.06	344.59
569.06	345.87
571.74	345.87
571.74	345.87
571.74	345.87
571.74	345.87
571.74	345.87
571.74	345.87
571.74	345.87
571.74	345.87
571.74	345.87
571.74	345.87
570.4	345.87
567.72	345.87
563.71	344.59
557.02	343.31
550.32	342.02
546.31	342.02
543.63	342.02
543.63	342.02
543.63	342.02
543.63	342.02
543.63	342.02
543.63	342.02
543.63	342.02
543.63	342.02
543.63	342.02
543.63	342.02
543.63	342.02
543.63	343.31
546.31	344.59
548.99	345.87
550.32	347.16
550.32	347.16
550.32	349.73
550.32	351.01
550.32	353.58
548.99	357.43
547.65	361.28
544.97	367.71
542.29	371.56
542.29	375.41
539.62	377.98
538.28	379.26
534.26	381.83
527.57	386.97
520.88	390.82
518.2	392.1
518.2	392.1
518.2	393.39
520.88	392.1
531.59	388.25
546.31	383.12
559.69	379.26
569.06	375.41
585.12	370.27
591.82	366.42
594.49	362.57
598.51	354.86
602.52	347.16
603.86	343.31
605.2	338.17
605.2	334.32
605.2	329.18
602.52	324.04
599.85	320.19
597.17	316.34
597.17	315.05
595.83	315.05
595.83	313.77
594.49	312.49
593.15	309.92
591.82	309.92
591.82	308.63
591.82	308.63
591.82	308.63
591.82	308.63
591.82	308.63
591.82	308.63
591.82	308.63
591.82	308.63
591.82	308.63
591.82	308.63
591.82	308.63
591.82	308.63
591.82	308.63
591.82	308.63
591.82	304.78
590.48	299.64
587.8	293.22
581.11	284.23
573.08	275.24
567.72	271.39
563.71	267.54
561.03	264.97
559.69	263.69
555.68	261.12
553	257.27
551.66	255.98
551.66	254.7
551.66	254.7
551.66	254.7
551.66	254.7
551.66	254.7
553	254.7
555.68	254.7
557.02	254.7
558.35	254.7
558.35	254.7
559.69	254.7
561.03	255.98
565.05	262.4
569.06	264.97
570.4	270.11
571.74	273.96
571.74	279.1
570.4	285.52
566.38	291.94
562.37	295.79
562.37	298.36
561.03	302.21
559.69	306.06
558.35	308.63
558.35	309.92
557.02	313.77
557.02	316.34
555.68	317.62
554.34	320.19
553	321.47
550.32	322.76
546.31	325.33
543.63	327.9
539.62	331.75
536.94	334.32
535.6	335.6
532.92	336.88
532.92	336.88
531.59	338.17
531.59	338.17
531.59	338.17
532.92	339.45
538.28	339.45
546.31	339.45
553	339.45
559.69	339.45
567.72	338.17
577.09	335.6
583.78	331.75
590.48	329.18
599.85	325.33
602.52	325.33
605.2	324.04
610.55	321.47
618.58	320.19
622.6	317.62
623.94	316.34
627.95	315.05
633.31	312.49
635.98	312.49
635.98	311.2
635.98	311.2
635.98	311.2
637.32	311.2
638.66	311.2
640	309.92
642.68	308.63
645.35	308.63
645.35	308.63
646.69	307.35
650.71	307.35
657.4	307.35
668.11	307.35
678.82	307.35
693.54	306.06
704.25	303.5
720.31	300.93
748.41	298.36
760.46	297.08
768.49	297.08
781.88	297.08
792.58	297.08
803.29	298.36
815.34	299.64
835.41	300.93
848.8	300.93
856.83	300.93
863.52	300.93
870.21	300.93
876.91	300.93
886.28	300.93
896.98	300.93
903.68	300.93
913.04	300.93
925.09	300.93
930.44	300.93
937.14	302.21
942.49	302.21
945.17	302.21
945.17	302.21
945.17	300.93
941.15	291.94
933.12	277.81
930.44	258.55
931.78	240.57
937.14	225.16
942.49	211.04
943.83	198.19
942.49	182.78
939.81	172.51
935.8	158.38
933.12	146.83
930.44	136.55
929.11	128.85
929.11	121.14
929.11	110.87
933.12	101.88
933.12	95.46
933.12	90.32
930.44	86.47
930.44	85.19
930.44	81.33
930.44	77.48
934.46	69.78
935.8	65.92
935.8	64.64
935.8	64.64
935.8	64.64
935.8	64.64
935.8	64.64
935.8	64.64
933.12	68.49
929.11	74.91
927.77	76.2
927.77	76.2
927.77	76.2
927.77	76.2
927.77	76.2
927.77	77.48
927.77	77.48
927.77	78.77
927.77	82.62
929.11	85.19
929.11	87.75
930.44	89.04
930.44	90.32
930.44	92.89
930.44	94.18
931.78	95.46
931.78	95.46
931.78	96.74
931.78	96.74
931.78	99.31
933.12	101.88
933.12	104.45
931.78	112.15
923.75	118.57
905.01	127.56
862.18	144.26
822.03	158.38
772.51	172.51
731.01	180.22
689.52	185.35
653.38	189.2
630.63	191.77
614.57	194.34
586.46	199.48
567.72	203.33
543.63	207.18
512.85	214.89
490.09	221.31
466	227.73
449.94	231.58
437.89	236.72
435.22	239.29
431.2	241.86
427.19	244.42
421.83	246.99
415.14	250.85
411.12	253.41
408.45	254.7
407.11	255.98
407.11	257.27
405.77	261.12
405.77	264.97
405.77	270.11
409.79	273.96
417.82	280.38
427.19	286.8
436.55	293.22
449.94	300.93
464.66	306.06
480.72	311.2
495.45	317.62
506.15	322.76
522.22	329.18
543.63	336.88
571.74	345.87
586.46	345.87
599.85	345.87
617.25	347.16
631.97	347.16
646.69	348.44
660.08	348.44
677.48	348.44
692.2	347.16
706.92	345.87
725.66	343.31
743.06	342.02
759.12	338.17
775.18	335.6
788.57	333.03
805.97	330.46
820.69	327.9
839.43	324.04
854.15	321.47
868.88	318.91
886.28	316.34
902.34	313.77
911.71	313.77
919.74	312.49
927.77	312.49
933.12	312.49
934.46	313.77
935.8	316.34
935.8	318.91
935.8	322.76
923.75	329.18
891.63	336.88
858.17	343.31
816.68	352.29
807.31	354.86
807.31	356.15
803.29	356.15
787.23	356.15
768.49	351.01
748.41	344.59
732.35	336.88
713.62	329.18
697.55	322.76
680.15	317.62
660.08	315.05
642.68	315.05
623.94	315.05
606.54	315.05
597.17	315.05
593.15	316.34
591.82	316.34
589.14	318.91
585.12	318.91
578.43	321.47
575.75	322.76
575.75	324.04
575.75	325.33
574.42	327.9
574.42	334.32
574.42	338.17
573.08	342.02
571.74	348.44
567.72	354.86
565.05	362.57
563.71	371.56
569.06	375.41
577.09	377.98
591.82	379.26
605.2	380.55
619.92	381.83
629.29	383.12
640	384.4
646.69	386.97
649.37	388.25
653.38	389.54
654.72	389.54
662.75	389.54
670.78	386.97
681.49	381.83
686.85	375.41
692.2	363.85
697.55	352.29
698.89	344.59
698.89	339.45
698.89	335.6
697.55	333.03
697.55	330.46
696.22	327.9
696.22	324.04
696.22	322.76
696.22	321.47
696.22	321.47
696.22	321.47
696.22	321.47
696.22	321.47
696.22	321.47
697.55	320.19
700.23	317.62
704.25	316.34
709.6	315.05
713.62	313.77
717.63	311.2
722.98	309.92
724.32	308.63
725.66	308.63
728.34	308.63
733.69	308.63
737.71	308.63
741.72	308.63
743.06	308.63
743.06	308.63
743.06	309.92
744.4	315.05
744.4	322.76
744.4	326.61
744.4	331.75
744.4	334.32
745.74	335.6
749.75	338.17
757.78	340.74
771.17	342.02
781.88	342.02
787.23	340.74
795.26	340.74
803.29	340.74
808.65	340.74
815.34	340.74
826.05	340.74
838.09	339.45
847.46	338.17
854.15	338.17
860.85	338.17
863.52	338.17
864.86	338.17
864.86	338.17
867.54	340.74
867.54	342.02
868.88	343.31
868.88	345.87
868.88	348.44
868.88	351.01
864.86	354.86
858.17	358.72
842.11	365.14
816.68	370.27
797.94	371.56
785.89	372.84
780.54	372.84
773.85	372.84
765.81	372.84
753.77	374.13
743.06	379.26
736.37	383.12
721.65	392.1
702.91	402.38
685.51	413.94
677.48	417.79
670.78	421.64
669.45	424.21
668.11	425.49
668.11	425.49
668.11	425.49
664.09	421.64
656.06	399.81
645.35	384.4
635.98	374.13
630.63	368.99
621.26	360
613.23	354.86
607.88	349.73
603.86	345.87
599.85	342.02
599.85	342.02
595.83	342.02
581.11	348.44
570.4	358.72
569.06	367.71
569.06	375.41
570.4	379.26
574.42	388.25
579.77	404.95
581.11	420.36
583.78	426.78
589.14	431.91
594.49	443.47
598.51	455.03
602.52	467.87
605.2	482
607.88	496.12
617.25	512.82
637.32	533.36
653.38	542.35
662.75	548.77
665.43	550.06
666.77	550.06
668.11	550.06
668.11	550.06
668.11	550.06
668.11	550.06
668.11	550.06
668.11	557.76
670.78	570.6
672.12	577.03
672.12	580.88
672.12	580.88
672.12	580.88
672.12	580.88
672.12	580.88
670.78	579.59
665.43	578.31
661.42	577.03
656.06	574.46
650.71	571.89
648.03	569.32
648.03	566.75
649.37	564.18
649.37	564.18
649.37	564.18
649.37	564.18
649.37	564.18
649.37	564.18
649.37	564.18
649.37	564.18
649.37	564.18
649.37	564.18
649.37	564.18
649.37	564.18
649.37	564.18
649.37	564.18
649.37	564.18
649.37	564.18
649.37	564.18
649.37	564.18
649.37	564.18
649.37	564.18
649.37	564.18
649.37	564.18
649.37	564.18
649.37	564.18
649.37	564.18
649.37	564.18
649.37	564.18
649.37	564.18
644.02	561.62
641.34	559.05
638.66	555.19
631.97	548.77
623.94	544.92
615.91	539.78
595.83	532.08
585.12	526.94
575.75	520.52
562.37	512.82
555.68	510.25
550.32	506.4
546.31	503.83
542.29	502.54
538.28	502.54
535.6	502.54
534.26	502.54
531.59	502.54
530.25	501.26
528.91	501.26
527.57	498.69
526.23	496.12
524.89	492.27
522.22	482
519.54	471.72
515.52	460.17
512.85	448.61
507.49	430.63
504.82	417.79
502.14	410.08
499.46	402.38
499.46	397.24
498.12	392.1
496.79	385.68
496.79	379.26
496.79	372.84
496.79	368.99
496.79	366.42
496.79	363.85
496.79	362.57
496.79	362.57
496.79	362.57
496.79	362.57
496.79	362.57
496.79	362.57
496.79	362.57
496.79	362.57
496.79	362.57
496.79	362.57
496.79	362.57
496.79	362.57
496.79	362.57
496.79	362.57
496.79	362.57
496.79	362.57
496.79	362.57
496.79	362.57
496.79	362.57
496.79	362.57
496.79	362.57
496.79	362.57
496.79	362.57
496.79	362.57
496.79	362.57
496.79	362.57
496.79	362.57
496.79	362.57
496.79	360
498.12	357.43
499.46	352.29
504.82	342.02
510.17	327.9
512.85	320.19
516.86	312.49
527.57	294.51
534.26	282.95
539.62	273.96
548.99	257.27
558.35	236.72
563.71	221.31
569.06	211.04
571.74	200.76
573.08	199.48
573.08	198.19
569.06	189.2
567.72	184.07
567.72	181.5
566.38	180.22
565.05	176.36
563.71	175.08
563.71	173.79
563.71	173.79
565.05	162.24
574.42	145.54
585.12	123.71
589.14	114.72
590.48	110.87
591.82	107.02
591.82	105.73
591.82	104.45
591.82	104.45
591.82	103.16
591.82	103.16
591.82	103.16
590.48	100.6
589.14	98.03
586.46	96.74
583.78	95.46
582.45	95.46
579.77	95.46
578.43	95.46
577.09	95.46
575.75	95.46
574.42	95.46
574.42	96.74
573.08	96.74
570.4	98.03
566.38	100.6
563.71	103.16
555.68	112.15
546.31	123.71
535.6	140.41
524.89	160.95
515.52	177.65
506.15	195.63
488.75	227.73
472.69	252.13
466	271.39
457.97	300.93
457.97	313.77
457.97	317.62
457.97	317.62
457.97	317.62
457.97	317.62
456.63	312.49
456.63	308.63
456.63	303.5
456.63	302.21
456.63	302.21
456.63	302.21
456.63	302.21
456.63	302.21
456.63	302.21
456.63	302.21
456.63	302.21
456.63	302.21
456.63	302.21
456.63	303.5
456.63	303.5
456.63	303.5
457.97	304.78
461.99	304.78
466	304.78
472.69	304.78
475.37	304.78
478.05	303.5
480.72	303.5
486.08	300.93
494.11	299.64
504.82	298.36
511.51	297.08
516.86	295.79
523.55	294.51
532.92	291.94
534.26	291.94
534.26	291.94
534.26	291.94
534.26	291.94
534.26	291.94
534.26	291.94
534.26	291.94
534.26	291.94
534.26	291.94
534.26	291.94
534.26	293.22
532.92	293.22
531.59	294.51
530.25	297.08
528.91	298.36
527.57	300.93
526.23	302.21
522.22	303.5
519.54	306.06
516.86	306.06
511.51	308.63
507.49	309.92
504.82	312.49
502.14	313.77
502.14	313.77
499.46	315.05
498.12	316.34
496.79	317.62
496.79	318.91
495.45	318.91
495.45	320.19
494.11	320.19
494.11	321.47
492.77	321.47
491.43	324.04
491.43	325.33
490.09	326.61
488.75	329.18
488.75	330.46
487.42	331.75
487.42	331.75
487.42	333.03
487.42	333.03
486.08	334.32
486.08	336.88
486.08	336.88
486.08	338.17
484.74	339.45
484.74	339.45
484.74	339.45
484.74	340.74
484.74	340.74
484.74	342.02
484.74	343.31
484.74	343.31
484.74	344.59
484.74	344.59
484.74	344.59
484.74	344.59
484.74	344.59
484.74	345.87
484.74	347.16
484.74	347.16
484.74	349.73
484.74	352.29
484.74	353.58
483.4	354.86
476.71	356.15
459.31	356.15
433.88	356.15
416.48	354.86
409.79	354.86
409.79	354.86
409.79	354.86
412.46	354.86
433.88	354.86
452.62	353.58
464.66	352.29
470.02	349.73
470.02	349.73
470.02	349.73
472.69	348.44
475.37	347.16
480.72	343.31
484.74	342.02
484.74	342.02
484.74	340.74
484.74	340.74
484.74	340.74
484.74	340.74
484.74	340.74
484.74	340.74
486.08	340.74
486.08	340.74
488.75	345.87
490.09	356.15
492.77	366.42
494.11	375.41
498.12	389.54
500.8	401.09
502.14	415.22
504.82	438.33
511.51	462.73
519.54	478.14
530.25	487.13
546.31	492.27
566.38	492.27
587.8	492.27
614.57	493.55
652.05	496.12
677.48	498.69
718.97	498.69
756.45	498.69
779.2	498.69
789.91	498.69
804.63	501.26
822.03	502.54
828.72	503.83
840.77	505.11
863.52	506.4
880.92	507.68
895.64	508.96
907.69	510.25
918.4	510.25
929.11	510.25
947.84	510.25
958.55	510.25
967.92	510.25
971.94	510.25
971.94	510.25
971.94	510.25
959.89	505.11
925.09	492.27
863.52	466.59
830.06	451.18
796.6	438.33
747.08	419.07
710.94	407.51
676.14	397.24
653.38	386.97
644.02	380.55
635.98	372.84
625.28	365.14
606.54	353.58
587.8	344.59
569.06	335.6
551.66	324.04
542.29	316.34
531.59	308.63
518.2	302.21
511.51	299.64
506.15	298.36
492.77	298.36
482.06	297.08
475.37	295.79
474.03	294.51
471.35	294.51
468.68	293.22
464.66	291.94
457.97	290.65
453.95	290.65
449.94	290.65
447.26	289.37
441.91	288.09
439.23	288.09
439.23	288.09
439.23	288.09
439.23	288.09
439.23	288.09
439.23	288.09
439.23	288.09
439.23	288.09
439.23	288.09
439.23	288.09
439.23	288.09
439.23	288.09
439.23	288.09
439.23	288.09
439.23	288.09
439.23	288.09
441.91	293.22
444.59	297.08
448.6	302.21
451.28	306.06
457.97	311.2
461.99	313.77
468.68	318.91
478.05	325.33
486.08	331.75
495.45	343.31
508.83	357.43
519.54	363.85
534.26	370.27
544.97	372.84
559.69	374.13
586.46	375.41
606.54	375.41
622.6	379.26
634.65	383.12
648.03	386.97
653.38	389.54
654.72	390.82
658.74	393.39
664.09	395.96
670.78	398.53
680.15	401.09
686.85	403.66
690.86	404.95
696.22	407.51
701.57	410.08
702.91	411.37
705.58	413.94
706.92	415.22
709.6	417.79
710.94	420.36
710.94	422.92
712.28	425.49
713.62	429.35
717.63	434.48
720.31	438.33
721.65	442.19
722.98	446.04
722.98	452.46
721.65	460.17
718.97	467.87
709.6	483.28
701.57	496.12
694.88	503.83
690.86	510.25
689.52	512.82
686.85	515.39
685.51	517.95
685.51	519.24
684.17	519.24
684.17	519.24
684.17	519.24
684.17	519.24
684.17	519.24
684.17	514.1
686.85	498.69
692.2	475.58
696.22	458.88
698.89	443.47
698.89	435.77
698.89	429.35
698.89	422.92
698.89	419.07
698.89	415.22
698.89	412.65
697.55	408.8
697.55	406.23
697.55	404.95
697.55	403.66
697.55	403.66
697.55	403.66
696.22	398.53
694.88	389.54
689.52	371.56
684.17	347.16
672.12	320.19
665.43	304.78
656.06	293.22
646.69	284.23
638.66	279.1
629.29	275.24
618.58	272.68
614.57	271.39
613.23	271.39
609.22	271.39
605.2	270.11
599.85	267.54
595.83	263.69
591.82	259.83
586.46	254.7
582.45	248.28
578.43	241.86
575.75	235.43
573.08	226.45
570.4	214.89
567.72	202.05
565.05	193.06
563.71	185.35
562.37	177.65
562.37	171.23
561.03	168.66
561.03	167.37
561.03	167.37
561.03	167.37
561.03	167.37
561.03	167.37
561.03	168.66
561.03	181.5
561.03	194.34
565.05	222.59
570.4	246.99
574.42	272.68
577.09	291.94
579.77	313.77
583.78	325.33
586.46	334.32
589.14	342.02
590.48	345.87
591.82	351.01
593.15	352.29
593.15	356.15
594.49	360
595.83	362.57
595.83	363.85
595.83	365.14
595.83	366.42
597.17	366.42
597.17	366.42
597.17	366.42
597.17	366.42
597.17	366.42
597.17	366.42
597.17	366.42
597.17	366.42
597.17	366.42
597.17	366.42
597.17	366.42
597.17	366.42
597.17	366.42
597.17	366.42
597.17	366.42
597.17	366.42
597.17	366.42
597.17	366.42
597.17	366.42
597.17	366.42
597.17	366.42
597.17	366.42
597.17	366.42
597.17	366.42
597.17	366.42
597.17	366.42
597.17	366.42
597.17	366.42
597.17	366.42
597.17	366.42
597.17	366.42
597.17	366.42
597.17	366.42
597.17	366.42
597.17	366.42
597.17	366.42
597.17	366.42
597.17	366.42
597.17	366.42
597.17	366.42
597.17	366.42
597.17	366.42
597.17	366.42
597.17	366.42
597.17	366.42
597.17	366.42
597.17	366.42
597.17	366.42
597.17	366.42
597.17	366.42
597.17	366.42
597.17	366.42
597.17	366.42
597.17	366.42
595.83	366.42
583.78	366.42
573.08	367.71
567.72	368.99
565.05	370.27
565.05	370.27
563.71	370.27
563.71	370.27
563.71	370.27
563.71	370.27
563.71	370.27
563.71	370.27
563.71	370.27
563.71	370.27
571.74	370.27
575.75	371.56
579.77	371.56
585.12	371.56
591.82	372.84
594.49	372.84
597.17	372.84
597.17	374.13
598.51	374.13
598.51	374.13
599.85	375.41
602.52	376.69
603.86	377.98
606.54	379.26
609.22	381.83
611.89	381.83
613.23	383.12
615.91	383.12
622.6	383.12
625.28	383.12
634.65	383.12
641.34	383.12
654.72	380.55
662.75	375.41
669.45	370.27
686.85	356.15
704.25	347.16
721.65	338.17
745.74	329.18
765.81	322.76
780.54	316.34
800.61	308.63
838.09	293.22
867.54	281.67
888.95	273.96
914.38	264.97
927.77	261.12
937.14	257.27
950.52	252.13
965.24	246.99
978.63	241.86
1006.74	234.15
1028.15	227.73
1046.89	225.16
1056.26	222.59
1068.31	220.02
1076.34	220.02
1080.35	220.02
1087.04	220.02
1093.74	220.02
1101.77	222.59
1113.81	222.59
1128.54	222.59
1133.89	221.31
1135.23	220.02
1135.23	217.46
1132.55	213.6
1125.86	209.75
1109.8	203.33
1077.67	191.77
1046.89	182.78
1012.09	176.36
973.28	173.79
933.12	175.08
896.98	178.93
856.83	186.64
826.05	191.77
791.25	195.63
768.49	196.91
747.08	199.48
725.66	204.61
704.25	208.47
693.54	211.04
677.48	214.89
661.42	216.17
646.69	218.74
621.26	221.31
594.49	225.16
566.38	229.01
543.63	231.58
530.25	231.58
520.88	231.58
508.83	232.87
495.45	235.43
486.08	239.29
480.72	240.57
479.39	241.86
479.39	244.42
486.08	246.99
510.17	249.56
559.69	249.56
599.85	248.28
623.94	246.99
648.03	246.99
657.4	246.99
662.75	246.99
664.09	246.99
666.77	248.28
668.11	248.28
669.45	250.85
670.78	252.13
670.78	252.13
670.78	253.41
670.78	253.41
670.78	255.98
669.45	259.83
668.11	264.97
662.75	272.68
660.08	279.1
660.08	281.67
658.74	284.23
657.4	284.23
657.4	285.52
656.06	286.8
653.38	288.09
650.71	288.09
649.37	288.09
646.69	288.09
646.69	288.09
646.69	288.09
645.35	289.37
645.35	289.37
645.35	289.37
645.35	289.37
645.35	289.37
645.35	289.37
645.35	289.37
645.35	289.37
645.35	289.37
645.35	289.37
645.35	289.37
645.35	289.37
645.35	289.37
645.35	289.37
645.35	289.37
644.02	290.65
638.66	293.22
635.98	295.79
635.98	298.36
635.98	299.64
641.34	299.64
650.71	299.64
660.08	299.64
664.09	298.36
664.09	298.36
664.09	295.79
664.09	289.37
661.42	276.53
656.06	258.55
649.37	240.57
644.02	227.73
637.32	211.04
633.31	200.76
629.29	190.49
626.62	182.78
625.28	177.65
623.94	175.08
623.94	172.51
622.6	167.37
621.26	160.95
619.92	153.25
619.92	150.68
619.92	149.4
619.92	149.4
619.92	149.4
619.92	149.4
619.92	149.4
619.92	149.4
619.92	153.25
622.6	158.38
625.28	162.24
626.62	166.09
627.95	168.66
627.95	169.94
629.29	171.23
629.29	173.79
630.63	175.08
630.63	176.36
630.63	178.93
630.63	178.93
630.63	184.07
627.95	187.92
626.62	193.06
625.28	196.91
625.28	199.48
625.28	200.76
625.28	202.05
625.28	202.05
625.28	203.33
626.62	203.33
626.62	203.33
626.62	203.33
626.62	203.33
626.62	204.61
627.95	204.61
627.95	205.9
627.95	205.9
627.95	205.9
627.95	207.18
627.95	209.75
627.95	211.04
627.95	212.32
627.95	213.6
627.95	214.89
627.95	216.17
629.29	217.46
629.29	221.31
629.29	222.59
629.29	225.16
629.29	226.45
629.29	229.01
629.29	231.58
629.29	236.72
629.29	241.86
629.29	246.99
629.29	249.56
629.29	253.41
629.29	254.7
629.29	258.55
630.63	262.4
630.63	267.54
631.97	270.11
631.97	272.68
631.97	276.53
631.97	279.1
631.97	282.95
631.97	286.8
631.97	289.37
629.29	293.22
626.62	298.36
621.26	304.78
615.91	311.2
610.55	317.62
609.22	322.76
607.88	325.33
607.88	330.46
610.55	336.88
625.28	344.59
635.98	347.16
644.02	347.16
664.09	347.16
694.88	347.16
712.28	348.44
728.34	348.44
743.06	349.73
748.41	349.73
749.75	349.73
769.83	353.58
804.63	353.58
830.06	353.58
830.06	352.29
830.06	352.29
832.74	352.29
846.12	352.29
862.18	351.01
874.23	348.44
875.57	347.16
880.92	340.74
888.95	333.03
896.98	320.19
894.31	308.63
880.92	294.51
832.74	281.67
781.88	276.53
751.09	270.11
724.32	263.69
709.6	255.98
693.54	250.85
674.8	245.71
646.69	243.14
622.6	241.86
605.2	241.86
594.49	241.86
594.49	241.86
594.49	241.86
594.49	241.86
590.48	241.86
582.45	243.14
571.74	243.14
565.05	243.14
565.05	243.14
565.05	243.14
565.05	243.14
567.72	243.14
578.43	243.14
589.14	243.14
598.51	243.14
601.18	243.14
605.2	243.14
611.89	243.14
619.92	243.14
625.28	244.42
626.62	244.42
627.95	245.71
630.63	246.99
648.03	248.28
690.86	243.14
727	231.58
749.75	212.32
781.88	182.78
814	157.1
831.4	146.83
842.11	137.84
847.46	128.85
850.14	121.14
860.85	110.87
867.54	107.02
870.21	105.73
872.89	105.73
875.57	109.59
878.24	110.87
882.26	116.01
890.29	118.57
894.31	119.86
894.31	119.86
894.31	123.71
878.24	136.55
828.72	155.82
748.41	176.36
674.8	184.07
589.14	184.07
472.69	181.5
376.32	177.65
348.22	177.65
338.85	177.65
337.51	177.65
332.16	182.78
325.46	189.2
317.43	195.63
312.08	200.76
304.05	204.61
292	209.75
281.29	216.17
277.28	217.46
274.6	218.74
273.26	220.02
273.26	221.31
273.26	222.59
273.26	222.59
273.26	222.59
273.26	222.59
273.26	225.16
273.26	226.45
274.6	227.73
274.6	227.73
274.6	227.73
274.6	227.73
274.6	229.01
274.6	230.3
275.94	234.15
275.94	238
277.28	241.86
285.31	246.99
300.03	248.28
314.76	249.56
328.14	250.85
358.92	250.85
384.36	249.56
395.06	246.99
409.79	244.42
420.49	243.14
427.19	243.14
432.54	241.86
439.23	239.29
443.25	238
443.25	238
443.25	236.72
443.25	236.72
443.25	236.72
441.91	236.72
440.57	236.72
440.57	236.72
440.57	236.72
445.92	244.42
492.77	261.12
554.34	271.39
575.75	275.24
578.43	275.24
579.77	275.24
587.8	276.53
609.22	280.38
637.32	285.52
668.11	286.8
692.2	289.37
697.55	290.65
698.89	291.94
698.89	293.22
701.57	295.79
704.25	297.08
704.25	297.08
704.25	297.08
700.23	300.93
676.14	308.63
644.02	313.77
617.25	315.05
605.2	315.05
597.17	315.05
577.09	308.63
554.34	304.78
528.91	304.78
507.49	304.78
491.43	304.78
484.74	306.06
479.39	307.35
464.66	311.2
452.62	315.05
447.26	318.91
456.63	325.33
500.8	330.46
542.29	334.32
570.4	342.02
595.83	360
603.86	375.41
615.91	393.39
640	403.66
656.06	406.23
661.42	406.23
668.11	406.23
669.45	406.23
669.45	406.23
669.45	406.23
669.45	407.51
656.06	407.51
640	407.51
634.65	406.23
634.65	406.23
634.65	406.23
634.65	406.23
631.97	402.38
619.92	393.39
591.82	375.41
548.99	356.15
492.77	330.46
474.03	320.19
464.66	315.05
464.66	315.05
464.66	315.05
484.74	324.04
516.86	333.03
563.71	342.02
605.2	348.44
630.63	351.01
649.37	356.15
660.08	360
662.75	361.28
664.09	362.57
669.45	363.85
682.83	366.42
698.89	368.99
709.6	370.27
718.97	374.13
727	375.41
731.01	377.98
731.01	377.98
731.01	379.26
732.35	380.55
733.69	380.55
733.69	381.83
733.69	381.83
735.03	381.83
739.05	381.83
744.4	380.55
748.41	379.26
748.41	379.26
755.11	379.26
760.46	379.26
761.8	379.26
761.8	379.26
763.14	379.26
764.48	379.26
764.48	379.26
764.48	379.26
764.48	379.26
764.48	379.26
765.81	380.55
769.83	380.55
772.51	380.55
772.51	380.55
772.51	380.55
772.51	380.55
760.46	380.55
737.71	380.55
712.28	380.55
677.48	376.69
670.78	372.84
669.45	366.42
669.45	358.72
669.45	352.29
668.11	344.59
668.11	340.74
668.11	339.45
668.11	339.45
668.11	338.17
666.77	336.88
662.75	335.6
658.74	334.32
654.72	333.03
653.38	331.75
653.38	331.75
652.05	331.75
646.69	329.18
641.34	327.9
635.98	325.33
630.63	324.04
627.95	324.04
626.62	324.04
625.28	324.04
625.28	324.04
618.58	321.47
614.57	318.91
609.22	312.49
606.54	304.78
603.86	297.08
603.86	282.95
603.86	273.96
603.86	264.97
603.86	257.27
603.86	246.99
602.52	235.43
601.18	223.88
599.85	214.89
599.85	209.75
598.51	207.18
598.51	205.9
598.51	204.61
598.51	204.61
597.17	200.76
597.17	193.06
597.17	187.92
597.17	186.64
597.17	186.64
597.17	186.64
597.17	186.64
597.17	186.64
597.17	186.64
603.86	194.34
606.54	204.61
606.54	217.46
603.86	221.31
598.51	225.16
595.83	225.16
595.83	225.16
595.83	225.16
595.83	225.16
595.83	225.16
595.83	225.16
595.83	223.88
597.17	223.88
597.17	223.88
597.17	223.88
587.8	231.58
573.08	246.99
561.03	258.55
550.32	267.54
539.62	276.53
534.26	277.81
530.25	279.1
518.2	282.95
495.45	288.09
480.72	294.51
470.02	300.93
447.26	311.2
432.54	317.62
425.85	321.47
417.82	326.61
417.82	326.61
440.57	324.04
483.4	315.05
538.28	307.35
599.85	295.79
657.4	286.8
713.62	276.53
777.86	262.4
826.05	252.13
836.75	249.56
836.75	249.56
836.75	249.56
836.75	249.56
836.75	249.56
834.08	252.13
827.38	258.55
818.01	262.4
800.61	273.96
780.54	284.23
757.78	293.22
735.03	300.93
731.01	303.5
728.34	304.78
724.32	307.35
718.97	312.49
713.62	320.19
712.28	329.18
712.28	336.88
712.28	343.31
714.95	345.87
714.95	348.44
714.95	348.44
714.95	352.29
709.6	362.57
700.23	376.69
688.18	392.1
681.49	399.81
678.82	402.38
678.82	402.38
678.82	402.38
678.82	402.38
678.82	402.38
678.82	402.38
682.83	402.38
689.52	402.38
690.86	402.38
690.86	402.38
690.86	402.38
690.86	404.95
689.52	410.08
686.85	411.37
673.46	419.07
645.35	428.06
617.25	435.77
601.18	440.9
593.15	443.47
583.78	446.04
565.05	449.89
547.65	452.46
535.6	452.46
526.23	446.04
512.85	431.91
502.14	413.94
496.79	398.53
486.08	368.99
475.37	347.16
464.66	325.33
453.95	307.35
440.57	289.37
432.54	273.96
431.2	263.69
431.2	254.7
431.2	249.56
431.2	248.28
431.2	246.99
431.2	246.99
431.2	246.99
431.2	246.99
431.2	246.99
431.2	246.99
431.2	246.99
431.2	246.99
431.2	246.99
431.2	246.99
431.2	246.99
431.2	246.99
431.2	246.99
431.2	246.99
431.2	246.99
432.54	249.56
437.89	254.7
447.26	262.4
459.31	268.82
464.66	273.96
474.03	280.38
484.74	286.8
490.09	290.65
491.43	291.94
491.43	291.94
491.43	291.94
491.43	291.94
491.43	291.94
491.43	291.94
491.43	291.94
491.43	291.94
491.43	291.94
491.43	291.94
491.43	291.94
491.43	291.94
491.43	291.94
488.75	290.65
487.42	290.65
486.08	289.37
486.08	289.37
486.08	289.37
486.08	289.37
486.08	289.37
484.74	289.37
484.74	289.37
484.74	293.22
484.74	297.08
486.08	300.93
490.09	306.06
494.11	308.63
496.79	309.92
503.48	312.49
506.15	315.05
507.49	315.05
507.49	316.34
510.17	318.91
511.51	320.19
512.85	322.76
514.19	322.76
515.52	324.04
518.2	326.61
520.88	327.9
524.89	327.9
532.92	327.9
543.63	327.9
562.37	324.04
571.74	318.91
577.09	311.2
585.12	293.22
598.51	261.12
609.22	239.29
622.6	209.75
644.02	166.09
652.05	141.69
654.72	130.13
658.74	119.86
662.75	113.44
665.43	109.59
673.46	104.45
705.58	87.75
724.32	77.48
724.32	77.48
724.32	77.48
727	77.48
731.01	81.33
741.72	87.75
756.45	96.74
760.46	100.6
761.8	105.73
761.8	113.44
759.12	121.14
752.43	128.85
748.41	140.41
744.4	150.68
743.06	160.95
739.05	171.23
737.71	181.5
737.71	187.92
737.71	194.34
739.05	202.05
745.74	208.47
752.43	214.89
757.78	217.46
760.46	220.02
765.81	227.73
769.83	235.43
771.17	243.14
776.52	254.7
783.21	264.97
787.23	271.39
789.91	279.1
792.58	285.52
793.92	290.65
795.26	294.51
796.6	300.93
799.28	304.78
799.28	306.06
799.28	306.06
799.28	306.06
799.28	306.06
799.28	306.06
799.28	306.06
795.26	312.49
791.25	316.34
788.57	318.91
788.57	321.47
787.23	321.47
787.23	321.47
787.23	321.47
787.23	321.47
787.23	321.47
787.23	321.47
787.23	321.47
787.23	321.47
787.23	321.47
787.23	321.47
787.23	321.47
787.23	321.47
787.23	321.47
787.23	321.47
787.23	321.47
787.23	321.47
787.23	321.47
784.55	321.47
771.17	321.47
744.4	329.18
728.34	331.75
725.66	331.75
724.32	331.75
721.65	331.75
720.31	333.03
718.97	334.32
717.63	335.6
716.29	336.88
714.95	336.88
713.62	338.17
708.26	338.17
701.57	338.17
694.88	339.45
685.51	340.74
672.12	343.31
645.35	348.44
633.31	349.73
625.28	351.01
615.91	352.29
609.22	352.29
605.2	353.58
603.86	353.58
602.52	354.86
601.18	354.86
599.85	354.86
599.85	354.86
597.17	354.86
595.83	354.86
591.82	354.86
587.8	354.86
585.12	354.86
574.42	354.86
554.34	354.86
544.97	354.86
540.95	354.86
532.92	353.58
522.22	353.58
504.82	353.58
492.77	354.86
463.32	354.86
436.55	354.86
415.14	354.86
385.69	354.86
370.97	354.86
354.91	354.86
318.77	354.86
309.4	354.86
309.4	354.86
309.4	354.86
309.4	354.86
337.51	352.29
379	351.01
441.91	351.01
487.42	348.44
527.57	348.44
555.68	347.16
590.48	343.31
621.26	340.74
642.68	340.74
669.45	339.45
689.52	338.17
713.62	335.6
736.37	334.32
763.14	331.75
793.92	329.18
814	329.18
836.75	329.18
854.15	329.18
870.21	329.18
875.57	329.18
875.57	329.18
875.57	329.18
887.61	327.9
898.32	327.9
903.68	327.9
910.37	329.18
919.74	329.18
925.09	329.18
930.44	329.18
950.52	327.9
962.57	325.33
962.57	325.33
950.52	325.33
933.12	326.61
919.74	327.9
902.34	329.18
864.86	325.33
823.37	320.19
775.18	311.2
733.69	303.5
688.18	298.36
666.77	298.36
661.42	299.64
653.38	302.21
642.68	302.21
623.94	300.93
609.22	298.36
589.14	290.65
566.38	284.23
546.31	277.81
523.55	268.82
511.51	263.69
506.15	262.4
504.82	261.12
500.8	261.12
496.79	262.4
494.11	267.54
491.43	270.11
488.75	273.96
486.08	275.24
484.74	275.24
484.74	275.24
484.74	275.24
484.74	275.24
484.74	275.24
484.74	275.24
484.74	275.24
484.74	275.24
484.74	275.24
484.74	275.24
484.74	275.24
461.99	282.95
431.2	290.65
413.8	294.51
407.11	297.08
404.43	300.93
396.4	308.63
384.36	318.91
370.97	327.9
338.85	338.17
312.08	343.31
269.25	348.44
242.48	349.73
225.08	347.16
218.39	347.16
218.39	347.16
227.76	344.59
267.91	343.31
296.02	340.74
330.82	338.17
370.97	335.6
421.83	336.88
474.03	336.88
539.62	336.88
590.48	336.88
625.28	334.32
657.4	331.75
674.8	331.75
692.2	331.75
709.6	331.75
728.34	331.75
751.09	331.75
768.49	331.75
784.55	333.03
807.31	333.03
828.72	333.03
852.81	331.75
868.88	331.75
874.23	331.75
879.58	331.75
886.28	331.75
895.64	329.18
902.34	327.9
909.03	326.61
923.75	324.04
939.81	321.47
950.52	321.47
954.54	321.47
958.55	321.47
958.55	321.47
958.55	321.47
958.55	321.47
957.21	321.47
945.17	321.47
930.44	321.47
902.34	318.91
884.94	316.34
875.57	316.34
856.83	313.77
830.06	312.49
795.26	311.2
773.85	308.63
759.12	306.06
749.75	302.21
743.06	298.36
737.71	293.22
731.01	286.8
727	285.52
722.98	282.95
714.95	280.38
708.26	279.1
701.57	276.53
693.54	271.39
686.85	263.69
676.14	250.85
662.75	227.73
649.37	202.05
644.02	190.49
641.34	181.5
640	178.93
640	178.93
640	178.93
640	178.93
640	178.93
640	178.93
640	178.93
640	178.93
640	178.93
640	178.93
640	178.93
641.34	175.08
642.68	171.23
644.02	169.94
644.02	169.94
644.02	169.94
644.02	169.94
648.03	172.51
652.05	177.65
654.72	178.93
656.06	181.5
656.06	182.78
657.4	184.07
658.74	186.64
658.74	187.92
660.08	189.2
660.08	189.2
660.08	189.2
660.08	189.2
660.08	190.49
660.08	193.06
660.08	196.91
660.08	198.19
660.08	204.61
658.74	209.75
657.4	213.6
657.4	214.89
656.06	216.17
654.72	218.74
652.05	222.59
658.74	230.3
688.18	240.57
709.6	248.28
741.72	257.27
791.25	271.39
820.69	281.67
847.46	286.8
878.24	290.65
892.97	293.22
901	295.79
914.38	302.21
926.43	308.63
929.11	311.2
930.44	313.77
930.44	317.62
931.78	324.04
933.12	326.61
935.8	330.46
941.15	333.03
955.88	335.6
969.26	338.17
971.94	339.45
971.94	339.45
967.92	342.02
927.77	344.59
826.05	344.59
693.54	344.59
558.35	344.59
480.72	344.59
452.62	344.59
429.86	344.59
393.72	344.59
369.63	344.59
354.91	344.59
330.82	344.59
314.76	344.59
314.76	344.59
316.09	344.59
318.77	344.59
324.12	343.31
338.85	343.31
342.86	344.59
342.86	344.59
325.46	345.87
289.32	347.16
150.13	358.72
99.26	360
99.26	360
105.96	360
131.39	357.43
188.94	354.86
289.32	354.86
366.96	357.43
408.45	360
451.28	360
499.46	360
528.91	357.43
553	353.58
579.77	348.44
611.89	344.59
634.65	344.59
648.03	343.31
658.74	343.31
673.46	342.02
692.2	342.02
713.62	342.02
720.31	342.02
728.34	342.02
741.72	342.02
765.81	342.02
783.21	342.02
799.28	340.74
814	340.74
832.74	340.74
844.78	340.74
858.17	340.74
868.88	340.74
876.91	340.74
883.6	340.74
894.31	340.74
905.01	340.74
925.09	340.74
933.12	340.74
935.8	340.74
935.8	340.74
935.8	340.74
935.8	340.74
935.8	340.74
935.8	340.74
938.48	340.74
962.57	340.74
985.32	338.17
989.34	338.17
989.34	338.17
994.69	338.17
1004.06	336.88
1005.4	336.88
1005.4	336.88
998.71	334.32
977.29	333.03
926.43	326.61
890.29	321.47
842.11	317.62
789.91	317.62
736.37	322.76
662.75	325.33
606.54	325.33
520.88	320.19
474.03	317.62
441.91	315.05
425.85	313.77
413.8	312.49
405.77	311.2
401.76	309.92
393.72	308.63
387.03	307.35
384.36	306.06
384.36	306.06
384.36	302.21
391.05	293.22
412.46	276.53
432.54	270.11
467.34	266.26
502.14	266.26
524.89	271.39
551.66	277.81
587.8	284.23
611.89	286.8
627.95	286.8
645.35	288.09
664.09	289.37
674.8	290.65
689.52	291.94
704.25	291.94
714.95	293.22
720.31	293.22
722.98	294.51
727	294.51
735.03	295.79
749.75	295.79
763.14	295.79
773.85	295.79
787.23	294.51
799.28	293.22
809.98	293.22
822.03	293.22
834.08	293.22
844.78	291.94
862.18	290.65
874.23	290.65
880.92	290.65
884.94	290.65
887.61	290.65
888.95	290.65
888.95	290.65
888.95	290.65
888.95	290.65
879.58	290.65
834.08	290.65
764.48	291.94
693.54	294.51
607.88	300.93
578.43	303.5
554.34	306.06
532.92	307.35
506.15	307.35
491.43	307.35
478.05	307.35
463.32	307.35
459.31	307.35
459.31	307.35
457.97	307.35
453.95	307.35
444.59	304.78
437.89	302.21
429.86	297.08
425.85	294.51
423.17	293.22
423.17	291.94
423.17	291.94
423.17	291.94
423.17	291.94
423.17	291.94
423.17	291.94
423.17	291.94
423.17	291.94
423.17	291.94
423.17	291.94
423.17	291.94
423.17	290.65
423.17	289.37
423.17	289.37
423.17	289.37
445.92	288.09
460.65	288.09
472.69	288.09
500.8	288.09
528.91	288.09
551.66	288.09
574.42	288.09
594.49	288.09
610.55	288.09
621.26	288.09
633.31	289.37
648.03	290.65
657.4	291.94
664.09	291.94
666.77	293.22
668.11	293.22
670.78	294.51
672.12	294.51
673.46	294.51
673.46	295.79
674.8	295.79
674.8	295.79
674.8	295.79
674.8	295.79
674.8	295.79
674.8	295.79
674.8	295.79
674.8	295.79
674.8	295.79
674.8	295.79
674.8	295.79
674.8	295.79
674.8	295.79
674.8	295.79
674.8	295.79
674.8	295.79
674.8	295.79
670.78	294.51
669.45	293.22
668.11	293.22
668.11	293.22
668.11	293.22
668.11	293.22
668.11	293.22
668.11	293.22
668.11	293.22
668.11	293.22
668.11	293.22
668.11	293.22
668.11	293.22
668.11	293.22
668.11	293.22
668.11	293.22
668.11	293.22
668.11	293.22
668.11	293.22
668.11	293.22
668.11	291.94
665.43	291.94
664.09	291.94
662.75	290.65
660.08	288.09
657.4	286.8
656.06	285.52
656.06	285.52
656.06	285.52
656.06	285.52
656.06	285.52
656.06	285.52
656.06	285.52
656.06	285.52
656.06	285.52
656.06	285.52
653.38	285.52
649.37	285.52
648.03	286.8
646.69	286.8
646.69	286.8
646.69	286.8
646.69	286.8
646.69	286.8
646.69	286.8
646.69	286.8
646.69	286.8
646.69	286.8
646.69	286.8
646.69	286.8
646.69	286.8
646.69	286.8
646.69	286.8
646.69	286.8
646.69	286.8
646.69	286.8
646.69	286.8
646.69	286.8
646.69	286.8
646.69	286.8
646.69	286.8
646.69	286.8
646.69	286.8
646.69	286.8
646.69	286.8
646.69	286.8
646.69	286.8
646.69	286.8
646.69	286.8
646.69	286.8
646.69	286.8
646.69	286.8
646.69	286.8
646.69	286.8
646.69	286.8
646.69	286.8
646.69	286.8
646.69	286.8
646.69	286.8
646.69	286.8
646.69	286.8
646.69	286.8
646.69	286.8
646.69	286.8
646.69	286.8
646.69	286.8
646.69	286.8
637.32	286.8
605.2	285.52
538.28	282.95
471.35	281.67
440.57	281.67
411.12	284.23
393.72	286.8
362.94	289.37
333.49	293.22
305.39	297.08
282.63	298.36
269.25	300.93
269.25	300.93
269.25	300.93
269.25	300.93
300.03	300.93
349.56	300.93
393.72	300.93
483.4	297.08
534.26	289.37
566.38	285.52
605.2	282.95
631.97	282.95
644.02	281.67
650.71	281.67
658.74	281.67
666.77	280.38
678.82	280.38
692.2	280.38
705.58	280.38
718.97	279.1
733.69	279.1
748.41	277.81
752.43	277.81
752.43	277.81
752.43	279.1
749.75	282.95
744.4	289.37
737.71	294.51
727	302.21
710.94	311.2
700.23	318.91
693.54	326.61
688.18	331.75
681.49	336.88
672.12	343.31
666.77	347.16
661.42	352.29
656.06	356.15
648.03	366.42
644.02	370.27
640	374.13
635.98	379.26
631.97	381.83
630.63	381.83
630.63	381.83
629.29	381.83
629.29	381.83
629.29	381.83
629.29	381.83
629.29	381.83
627.95	381.83
627.95	381.83
627.95	381.83
627.95	381.83
627.95	381.83
627.95	381.83
627.95	381.83
626.62	381.83
626.62	381.83
626.62	381.83
625.28	381.83
623.94	381.83
622.6	381.83
621.26	381.83
621.26	381.83
619.92	380.55
619.92	380.55
618.58	380.55
618.58	380.55
617.25	380.55
617.25	380.55
615.91	379.26
614.57	379.26
613.23	377.98
611.89	377.98
610.55	376.69
610.55	376.69
609.22	375.41
607.88	375.41
607.88	375.41
607.88	375.41
607.88	374.13
606.54	374.13
606.54	374.13
606.54	374.13
606.54	374.13
605.2	372.84
603.86	372.84
602.52	371.56
602.52	371.56
601.18	370.27
601.18	370.27
599.85	368.99
599.85	368.99
598.51	368.99
598.51	368.99
598.51	367.71
598.51	367.71
598.51	367.71
597.17	366.42
597.17	366.42
595.83	365.14
594.49	363.85
594.49	363.85
594.49	363.85
594.49	362.57
594.49	361.28
593.15	361.28
593.15	361.28
593.15	360
593.15	360
593.15	360
593.15	360
593.15	360
593.15	360
591.82	358.72
591.82	358.72
591.82	357.43
591.82	357.43
591.82	354.86
590.48	352.29
590.48	347.16
590.48	343.31
590.48	338.17
590.48	331.75
590.48	327.9
