631.96	374.55
629.66	379.03
629.66	379.03
629.66	379.03
618.18	391.34
618.18	391.34
612.44	403.65
607.84	422.67
600.95	448.42
597.51	464.08
597.51	465.2
597.51	465.2
597.51	465.2
597.51	465.2
597.51	465.2
597.51	465.2
597.51	465.2
597.51	465.2
597.51	465.2
597.51	465.2
597.51	465.2
597.51	465.2
597.51	465.2
590.62	420.44
556.16	394.69
512.52	385.74
473.48	391.34
452.8	393.58
451.65	393.58
451.65	393.58
451.65	393.58
451.65	393.58
451.65	393.58
451.65	393.58
451.65	393.58
451.65	393.58
451.65	393.58
451.65	393.58
451.65	393.58
451.65	393.58
451.65	393.58
451.65	393.58
451.65	393.58
448.21	392.46
443.62	390.22
443.62	390.22
443.62	390.22
443.62	390.22
443.62	390.22
443.62	390.22
443.62	390.22
443.62	390.22
443.62	390.22
443.62	390.22
443.62	390.22
443.62	390.22
443.62	390.22
443.62	390.22
443.62	390.22
443.62	390.22
443.62	390.22
443.62	390.22
443.62	390.22
443.62	390.22
443.62	390.22
443.62	390.22
443.62	390.22
443.62	390.22
443.62	377.91
447.06	368.95
447.06	367.83
447.06	366.72
447.06	366.72
447.06	366.72
447.06	366.72
447.06	365.6
453.95	357.76
471.18	348.81
476.92	346.57
476.92	346.57
482.66	346.57
520.56	344.33
561.91	337.62
569.94	336.5
569.94	336.5
569.94	336.5
569.94	336.5
572.24	336.5
580.28	336.5
600.95	336.5
614.73	335.38
629.66	334.26
637.7	333.14
643.45	333.14
646.89	333.14
648.04	332.02
648.04	330.9
648.04	330.9
648.04	330.9
648.04	330.9
648.04	330.9
648.04	330.9
648.04	330.9
648.04	330.9
648.04	330.9
648.04	330.9
648.04	330.9
648.04	330.9
648.04	330.9
648.04	330.9
648.04	330.9
648.04	330.9
648.04	330.9
648.04	330.9
648.04	330.9
648.04	330.9
648.04	330.9
648.04	330.9
648.04	330.9
648.04	330.9
648.04	330.9
648.04	330.9
648.04	330.9
648.04	330.9
648.04	330.9
648.04	330.9
648.04	330.9
648.04	330.9
648.04	330.9
648.04	330.9
648.04	330.9
648.04	330.9
648.04	330.9
648.04	330.9
648.04	330.9
648.04	330.9
648.04	330.9
648.04	330.9
648.04	330.9
648.04	330.9
648.04	330.9
648.04	330.9
648.04	330.9
648.04	330.9
648.04	330.9
648.04	330.9
648.04	330.9
648.04	330.9
648.04	330.9
648.04	330.9
648.04	330.9
648.04	330.9
648.04	330.9
648.04	330.9
648.04	330.9
648.04	330.9
648.04	330.9
648.04	330.9
648.04	330.9
648.04	330.9
648.04	330.9
648.04	330.9
648.04	330.9
648.04	330.9
648.04	330.9
648.04	330.9
648.04	330.9
648.04	330.9
648.04	330.9
648.04	330.9
648.04	330.9
648.04	330.9
648.04	330.9
648.04	330.9
648.04	330.9
648.04	330.9
648.04	330.9
648.04	330.9
648.04	330.9
648.04	330.9
648.04	330.9
648.04	330.9
648.04	330.9
648.04	330.9
648.04	330.9
648.04	330.9
648.04	330.9
648.04	330.9
648.04	330.9
648.04	330.9
648.04	330.9
648.04	330.9
648.04	330.9
648.04	330.9
648.04	330.9
648.04	330.9
648.04	330.9
648.04	330.9
648.04	330.9
648.04	330.9
648.04	330.9
644.59	336.5
625.07	345.45
603.25	349.93
594.06	351.05
576.84	355.52
536.64	367.83
497.59	374.55
490.7	376.79
490.7	376.79
490.7	376.79
489.55	376.79
488.41	376.79
476.92	382.38
460.84	389.1
457.4	389.1
455.1	390.22
451.65	391.34
448.21	392.46
448.21	392.46
448.21	392.46
448.21	392.46
448.21	392.46
448.21	392.46
452.8	382.38
471.18	368.95
479.22	362.24
479.22	362.24
479.22	362.24
483.81	361.12
488.41	361.12
503.34	358.88
544.68	353.28
577.98	348.81
588.32	346.57
588.32	346.57
588.32	346.57
588.32	346.57
590.62	346.57
592.91	344.33
602.1	340.97
610.14	338.74
614.73	337.62
614.73	337.62
618.18	336.5
621.62	335.38
621.62	335.38
621.62	335.38
621.62	335.38
623.92	335.38
625.07	335.38
625.07	335.38
625.07	335.38
625.07	335.38
625.07	335.38
625.07	335.38
625.07	335.38
625.07	335.38
625.07	335.38
625.07	335.38
625.07	335.38
625.07	335.38
625.07	335.38
625.07	335.38
625.07	335.38
625.07	335.38
625.07	335.38
625.07	335.38
625.07	335.38
625.07	335.38
625.07	335.38
625.07	335.38
625.07	335.38
625.07	329.78
628.52	323.07
628.52	321.95
628.52	319.71
628.52	319.71
628.52	317.47
628.52	316.35
628.52	315.23
628.52	314.11
629.66	312.99
629.66	310.76
630.81	310.76
630.81	310.76
630.81	310.76
630.81	310.76
630.81	310.76
630.81	310.76
630.81	310.76
630.81	310.76
630.81	310.76
630.81	310.76
630.81	310.76
630.81	310.76
630.81	310.76
630.81	310.76
630.81	310.76
630.81	310.76
630.81	310.76
630.81	310.76
630.81	310.76
630.81	310.76
630.81	310.76
630.81	310.76
630.81	310.76
630.81	310.76
630.81	310.76
630.81	310.76
630.81	310.76
628.52	317.47
606.7	329.78
590.62	336.5
590.62	336.5
588.32	336.5
588.32	336.5
559.61	342.09
520.56	348.81
507.93	351.05
505.63	351.05
505.63	351.05
505.63	351.05
505.63	351.05
504.48	351.05
503.34	352.17
489.55	355.52
475.77	358.88
474.62	358.88
474.62	358.88
474.62	358.88
474.62	358.88
474.62	358.88
474.62	358.88
474.62	358.88
474.62	358.88
480.37	357.76
488.41	357.76
498.74	357.76
512.52	357.76
517.12	357.76
527.45	357.76
541.23	354.4
546.98	354.4
546.98	354.4
548.12	354.4
549.27	354.4
551.57	354.4
551.57	354.4
552.72	354.4
552.72	354.4
552.72	354.4
553.87	354.4
553.87	354.4
553.87	354.4
553.87	354.4
553.87	354.4
553.87	354.4
553.87	354.4
553.87	354.4
553.87	354.4
553.87	354.4
553.87	354.4
553.87	354.4
553.87	354.4
553.87	354.4
553.87	354.4
553.87	354.4
553.87	354.4
553.87	354.4
553.87	354.4
565.35	354.4
582.58	354.4
598.66	355.52
605.55	355.52
620.48	355.52
660.67	354.4
695.13	354.4
697.42	354.4
698.57	354.4
704.31	354.4
708.91	354.4
713.5	354.4
714.65	354.4
715.8	354.4
715.8	354.4
715.8	354.4
715.8	354.4
715.8	354.4
714.65	354.4
714.65	354.4
714.65	354.4
714.65	354.4
714.65	354.4
714.65	354.4
712.35	354.4
707.76	351.05
707.76	351.05
707.76	351.05
707.76	351.05
707.76	351.05
707.76	351.05
707.76	351.05
707.76	351.05
707.76	351.05
707.76	351.05
707.76	351.05
707.76	351.05
707.76	351.05
707.76	351.05
715.8	354.4
731.88	357.76
752.55	361.12
776.66	362.24
797.34	364.48
812.27	366.72
829.49	368.95
837.53	370.07
844.42	371.19
857.06	371.19
871.99	374.55
883.47	374.55
894.95	374.55
900.7	375.67
900.7	375.67
900.7	375.67
902.99	375.67
905.29	376.79
906.44	376.79
907.59	377.91
908.74	377.91
908.74	377.91
908.74	377.91
908.74	377.91
901.85	377.91
878.88	377.91
832.94	377.91
757.14	377.91
712.35	377.91
697.42	377.91
688.23	377.91
668.71	379.03
654.93	379.03
636.55	379.03
620.48	379.03
610.14	379.03
607.84	379.03
604.4	379.03
599.8	379.03
596.36	379.03
594.06	379.03
594.06	379.03
592.91	379.03
587.17	379.03
583.73	379.03
580.28	379.03
576.84	379.03
573.39	379.03
571.09	379.03
567.65	379.03
561.91	379.03
559.61	379.03
557.31	379.03
552.72	380.15
549.27	380.15
549.27	380.15
549.27	380.15
549.27	380.15
549.27	380.15
549.27	380.15
549.27	380.15
549.27	380.15
549.27	380.15
549.27	380.15
549.27	380.15
549.27	380.15
549.27	380.15
549.27	380.15
549.27	380.15
549.27	380.15
548.12	380.15
548.12	380.15
548.12	380.15
548.12	380.15
546.98	380.15
546.98	380.15
545.83	379.03
545.83	379.03
545.83	379.03
545.83	379.03
545.83	379.03
545.83	379.03
545.83	379.03
545.83	379.03
545.83	379.03
545.83	379.03
545.83	379.03
544.68	379.03
544.68	379.03
533.19	377.91
513.67	379.03
489.55	382.38
470.03	382.38
455.1	382.38
436.73	382.38
421.8	382.38
408.01	377.91
389.64	376.79
389.64	376.79
366.67	373.43
357.48	371.19
341.4	368.95
337.96	367.83
337.96	367.83
337.96	367.83
333.37	367.83
324.18	366.72
323.03	364.48
321.88	361.12
319.58	357.76
314.99	352.17
311.54	348.81
311.54	348.81
311.54	348.81
311.54	348.81
311.54	348.81
311.54	348.81
311.54	348.81
311.54	348.81
311.54	348.81
311.54	348.81
311.54	348.81
311.54	348.81
311.54	348.81
311.54	348.81
336.81	348.81
362.08	348.81
364.37	354.4
372.41	363.36
387.34	377.91
404.57	389.1
428.69	408.12
458.55	440.58
481.51	466.32
488.41	486.47
486.11	489.82
486.11	489.82
486.11	489.82
486.11	489.82
486.11	489.82
486.11	489.82
486.11	489.82
486.11	489.82
486.11	492.06
513.67	484.23
566.5	465.2
577.98	461.85
577.98	461.85
577.98	461.85
577.98	461.85
577.98	461.85
577.98	461.85
577.98	461.85
577.98	457.37
579.13	449.53
579.13	448.42
579.13	448.42
579.13	448.42
579.13	448.42
579.13	448.42
579.13	448.42
579.13	448.42
579.13	448.42
579.13	448.42
579.13	448.42
579.13	448.42
579.13	448.42
579.13	448.42
579.13	448.42
579.13	448.42
579.13	448.42
579.13	448.42
579.13	448.42
579.13	448.42
579.13	448.42
579.13	448.42
579.13	448.42
579.13	448.42
579.13	448.42
579.13	448.42
579.13	448.42
579.13	448.42
579.13	448.42
579.13	448.42
579.13	448.42
579.13	448.42
579.13	448.42
579.13	448.42
579.13	448.42
579.13	448.42
579.13	448.42
579.13	448.42
579.13	448.42
579.13	448.42
579.13	448.42
579.13	448.42
579.13	448.42
579.13	448.42
579.13	448.42
579.13	448.42
579.13	448.42
579.13	448.42
579.13	448.42
579.13	448.42
579.13	448.42
579.13	448.42
579.13	448.42
579.13	448.42
579.13	448.42
579.13	448.42
579.13	448.42
579.13	448.42
579.13	448.42
579.13	448.42
579.13	448.42
579.13	448.42
579.13	448.42
579.13	448.42
579.13	448.42
579.13	448.42
579.13	448.42
579.13	448.42
579.13	448.42
579.13	448.42
579.13	448.42
579.13	448.42
579.13	448.42
579.13	448.42
579.13	448.42
579.13	448.42
579.13	448.42
579.13	448.42
579.13	448.42
579.13	448.42
579.13	448.42
579.13	448.42
579.13	448.42
579.13	448.42
579.13	448.42
579.13	448.42
579.13	448.42
579.13	448.42
579.13	448.42
579.13	448.42
579.13	448.42
579.13	448.42
579.13	448.42
579.13	448.42
579.13	448.42
579.13	448.42
579.13	448.42
579.13	448.42
579.13	448.42
579.13	448.42
579.13	448.42
579.13	448.42
579.13	448.42
579.13	448.42
579.13	448.42
579.13	448.42
579.13	448.42
579.13	448.42
579.13	448.42
579.13	448.42
579.13	448.42
579.13	448.42
579.13	448.42
579.13	448.42
579.13	448.42
579.13	448.42
579.13	448.42
579.13	448.42
579.13	448.42
579.13	448.42
579.13	448.42
579.13	448.42
579.13	448.42
579.13	448.42
579.13	448.42
579.13	448.42
579.13	448.42
579.13	448.42
579.13	448.42
579.13	448.42
579.13	448.42
579.13	448.42
579.13	448.42
579.13	448.42
579.13	448.42
579.13	448.42
579.13	448.42
579.13	448.42
579.13	448.42
579.13	448.42
579.13	448.42
579.13	448.42
579.13	448.42
579.13	448.42
579.13	448.42
579.13	448.42
579.13	448.42
579.13	448.42
579.13	448.42
579.13	448.42
579.13	448.42
579.13	448.42
579.13	448.42
579.13	448.42
579.13	448.42
579.13	448.42
579.13	448.42
579.13	448.42
579.13	448.42
579.13	448.42
579.13	448.42
579.13	448.42
579.13	448.42
579.13	448.42
579.13	448.42
579.13	448.42
579.13	448.42
579.13	448.42
579.13	448.42
579.13	448.42
579.13	448.42
579.13	448.42
579.13	448.42
579.13	448.42
579.13	448.42
579.13	448.42
579.13	448.42
579.13	448.42
579.13	448.42
579.13	448.42
579.13	448.42
579.13	448.42
579.13	448.42
579.13	448.42
579.13	448.42
579.13	448.42
579.13	448.42
579.13	448.42
579.13	448.42
579.13	448.42
579.13	448.42
579.13	448.42
579.13	448.42
579.13	448.42
579.13	448.42
579.13	448.42
579.13	448.42
579.13	448.42
579.13	448.42
579.13	448.42
579.13	448.42
579.13	448.42
579.13	448.42
579.13	448.42
579.13	448.42
579.13	448.42
579.13	448.42
579.13	448.42
579.13	448.42
579.13	448.42
579.13	448.42
579.13	448.42
579.13	448.42
579.13	448.42
579.13	448.42
579.13	448.42
579.13	448.42
579.13	448.42
579.13	448.42
579.13	448.42
579.13	448.42
579.13	448.42
579.13	448.42
579.13	448.42
579.13	448.42
579.13	448.42
579.13	448.42
579.13	448.42
579.13	448.42
579.13	448.42
579.13	448.42
579.13	448.42
579.13	448.42
579.13	448.42
579.13	448.42
579.13	448.42
579.13	448.42
579.13	448.42
579.13	448.42
579.13	448.42
579.13	448.42
579.13	448.42
579.13	448.42
579.13	448.42
579.13	448.42
579.13	448.42
579.13	448.42
579.13	448.42
579.13	448.42
579.13	448.42
579.13	448.42
579.13	436.1
579.13	432.75
579.13	431.63
579.13	426.03
579.13	426.03
579.13	426.03
579.13	413.72
579.13	404.77
579.13	403.65
579.13	403.65
579.13	403.65
579.13	402.53
579.13	402.53
579.13	402.53
579.13	402.53
579.13	402.53
579.13	402.53
579.13	402.53
579.13	402.53
575.69	401.41
568.8	396.93
571.09	395.81
571.09	395.81
572.24	391.34
582.58	379.03
586.02	370.07
588.32	367.83
588.32	365.6
590.62	360
590.62	360
590.62	360
591.77	360
591.77	360
591.77	360
595.21	356.64
598.66	353.28
598.66	353.28
598.66	353.28
598.66	353.28
598.66	353.28
598.66	353.28
598.66	353.28
598.66	353.28
597.51	351.05
597.51	351.05
597.51	351.05
597.51	351.05
592.91	344.33
591.77	338.74
589.47	335.38
586.02	333.14
579.13	330.9
569.94	326.42
564.2	325.31
561.91	323.07
558.46	319.71
553.87	317.47
551.57	316.35
549.27	314.11
546.98	309.64
542.38	305.16
541.23	304.04
540.09	301.8
538.94	295.09
535.49	291.73
532.05	287.25
526.3	279.42
524.01	276.06
524.01	274.94
524.01	274.94
524.01	274.94
524.01	274.94
524.01	274.94
524.01	274.94
524.01	274.94
524.01	274.94
524.01	274.94
524.01	274.94
524.01	274.94
524.01	274.94
524.01	274.94
524.01	274.94
524.01	274.94
524.01	274.94
524.01	274.94
524.01	274.94
524.01	274.94
524.01	274.94
524.01	274.94
524.01	274.94
524.01	274.94
524.01	274.94
524.01	274.94
524.01	274.94
524.01	274.94
524.01	274.94
524.01	274.94
524.01	274.94
524.01	274.94
524.01	274.94
524.01	274.94
524.01	274.94
524.01	274.94
524.01	274.94
524.01	274.94
524.01	274.94
524.01	274.94
524.01	274.94
524.01	274.94
524.01	274.94
524.01	274.94
524.01	274.94
524.01	274.94
524.01	274.94
524.01	274.94
524.01	274.94
527.45	274.94
536.64	274.94
545.83	274.94
556.16	274.94
567.65	274.94
575.69	274.94
586.02	274.94
590.62	274.94
590.62	274.94
591.77	274.94
595.21	274.94
605.55	274.94
641.15	271.58
679.05	271.58
684.79	271.58
684.79	271.58
688.23	273.82
696.27	278.3
710.06	280.54
737.62	280.54
758.29	278.3
758.29	278.3
761.74	278.3
784.7	276.06
813.42	276.06
821.45	274.94
823.75	274.94
823.75	274.94
823.75	274.94
823.75	274.94
823.75	274.94
823.75	274.94
823.75	274.94
823.75	274.94
823.75	274.94
823.75	274.94
823.75	274.94
823.75	274.94
823.75	274.94
823.75	274.94
823.75	274.94
823.75	274.94
823.75	274.94
823.75	274.94
823.75	274.94
823.75	274.94
823.75	274.94
823.75	274.94
823.75	274.94
823.75	274.94
823.75	274.94
813.42	273.82
797.34	273.82
781.26	273.82
772.07	273.82
770.92	273.82
769.77	273.82
768.63	273.82
766.33	273.82
759.44	273.82
750.25	276.06
734.17	280.54
710.06	289.49
677.9	299.56
654.93	305.16
640	310.76
623.92	323.07
607.84	337.62
594.06	351.05
586.02	361.12
583.73	365.6
583.73	367.83
582.58	368.95
580.28	370.07
574.54	374.55
572.24	375.67
572.24	375.67
572.24	375.67
571.09	375.67
569.94	375.67
569.94	375.67
569.94	375.67
569.94	375.67
569.94	375.67
569.94	375.67
569.94	375.67
569.94	375.67
569.94	375.67
569.94	375.67
569.94	375.67
569.94	375.67
569.94	375.67
569.94	375.67
569.94	375.67
569.94	375.67
569.94	375.67
569.94	375.67
569.94	375.67
569.94	375.67
569.94	375.67
569.94	375.67
569.94	375.67
569.94	375.67
569.94	375.67
569.94	375.67
569.94	375.67
569.94	375.67
569.94	375.67
569.94	375.67
569.94	375.67
569.94	375.67
569.94	375.67
569.94	375.67
569.94	375.67
569.94	375.67
569.94	375.67
569.94	375.67
569.94	375.67
569.94	375.67
569.94	375.67
569.94	375.67
569.94	375.67
569.94	375.67
569.94	375.67
569.94	375.67
569.94	375.67
569.94	375.67
569.94	375.67
569.94	375.67
569.94	375.67
569.94	375.67
569.94	375.67
569.94	375.67
569.94	375.67
569.94	375.67
569.94	375.67
569.94	375.67
569.94	375.67
569.94	375.67
569.94	375.67
569.94	375.67
569.94	375.67
569.94	375.67
569.94	375.67
569.94	375.67
569.94	375.67
569.94	375.67
569.94	375.67
569.94	375.67
569.94	375.67
569.94	375.67
569.94	375.67
569.94	375.67
569.94	375.67
569.94	375.67
569.94	375.67
569.94	375.67
569.94	375.67
569.94	375.67
569.94	375.67
569.94	375.67
569.94	375.67
569.94	375.67
569.94	375.67
569.94	375.67
569.94	375.67
569.94	375.67
569.94	375.67
569.94	375.67
569.94	375.67
569.94	375.67
569.94	375.67
569.94	375.67
569.94	375.67
569.94	375.67
569.94	375.67
569.94	375.67
569.94	375.67
569.94	375.67
569.94	375.67
569.94	375.67
569.94	375.67
569.94	375.67
569.94	375.67
569.94	375.67
569.94	375.67
569.94	375.67
569.94	375.67
569.94	375.67
569.94	375.67
569.94	375.67
569.94	375.67
569.94	375.67
569.94	375.67
569.94	375.67
569.94	375.67
569.94	375.67
569.94	375.67
569.94	375.67
569.94	375.67
569.94	375.67
569.94	375.67
569.94	375.67
569.94	375.67
569.94	375.67
569.94	375.67
569.94	375.67
569.94	375.67
569.94	375.67
569.94	375.67
569.94	375.67
569.94	375.67
569.94	375.67
569.94	375.67
569.94	375.67
569.94	375.67
569.94	375.67
569.94	375.67
569.94	375.67
569.94	375.67
569.94	375.67
569.94	375.67
569.94	375.67
569.94	375.67
569.94	375.67
569.94	375.67
569.94	375.67
569.94	375.67
569.94	375.67
569.94	375.67
569.94	375.67
569.94	375.67
569.94	375.67
569.94	375.67
569.94	375.67
569.94	375.67
590.62	373.43
642.3	368.95
689.38	363.36
714.65	356.64
742.21	346.57
762.88	339.85
787	327.54
826.05	310.76
860.5	298.45
860.5	297.33
860.5	297.33
860.5	297.33
865.1	291.73
876.58	282.78
904.14	261.51
913.33	254.8
913.33	254.8
914.48	253.68
914.48	253.68
916.78	249.2
916.78	249.2
916.78	249.2
916.78	249.2
916.78	249.2
916.78	249.2
916.78	249.2
916.78	249.2
916.78	249.2
916.78	249.2
916.78	249.2
916.78	249.2
916.78	249.2
916.78	249.2
916.78	249.2
916.78	249.2
916.78	249.2
916.78	249.2
916.78	249.2
916.78	249.2
916.78	249.2
916.78	249.2
916.78	249.2
916.78	249.2
916.78	249.2
916.78	249.2
916.78	249.2
916.78	249.2
916.78	249.2
916.78	249.2
916.78	249.2
916.78	249.2
916.78	249.2
916.78	249.2
916.78	249.2
916.78	249.2
916.78	249.2
916.78	249.2
916.78	249.2
916.78	249.2
916.78	249.2
916.78	249.2
916.78	249.2
916.78	249.2
916.78	249.2
916.78	249.2
916.78	249.2
916.78	249.2
916.78	249.2
916.78	249.2
916.78	249.2
916.78	249.2
916.78	249.2
916.78	249.2
916.78	249.2
916.78	249.2
916.78	249.2
916.78	249.2
916.78	249.2
916.78	249.2
916.78	249.2
916.78	249.2
916.78	249.2
916.78	249.2
916.78	249.2
916.78	249.2
916.78	249.2
916.78	249.2
916.78	249.2
916.78	249.2
916.78	249.2
916.78	249.2
916.78	249.2
916.78	249.2
916.78	249.2
916.78	249.2
916.78	249.2
916.78	249.2
916.78	249.2
916.78	249.2
916.78	249.2
916.78	249.2
916.78	249.2
916.78	249.2
916.78	249.2
916.78	249.2
916.78	249.2
916.78	249.2
916.78	249.2
916.78	249.2
916.78	249.2
916.78	249.2
916.78	249.2
916.78	249.2
916.78	249.2
916.78	249.2
916.78	249.2
916.78	249.2
916.78	249.2
916.78	249.2
916.78	249.2
916.78	249.2
916.78	249.2
916.78	249.2
916.78	249.2
916.78	249.2
916.78	249.2
916.78	249.2
916.78	249.2
916.78	249.2
916.78	249.2
916.78	249.2
916.78	249.2
916.78	249.2
916.78	249.2
916.78	249.2
916.78	249.2
916.78	249.2
916.78	249.2
916.78	249.2
916.78	249.2
916.78	249.2
916.78	249.2
916.78	249.2
916.78	249.2
916.78	249.2
916.78	249.2
916.78	249.2
916.78	249.2
916.78	249.2
916.78	249.2
916.78	244.72
901.85	44.39
882.32	29.84
876.58	26.48
876.58	26.48
878.88	33.2
897.25	44.39
924.81	53.34
938.6	62.3
945.49	69.01
947.78	71.25
946.63	71.25
940.89	71.25
932.85	70.13
930.56	70.13
930.56	70.13
930.56	70.13
930.56	70.13
930.56	70.13
930.56	70.13
930.56	70.13
930.56	70.13
930.56	70.13
930.56	70.13
930.56	70.13
930.56	70.13
930.56	70.13
930.56	70.13
930.56	70.13
930.56	70.13
930.56	70.13
928.26	70.13
924.81	72.37
922.52	73.49
922.52	73.49
922.52	73.49
922.52	73.49
922.52	73.49
922.52	73.49
922.52	73.49
922.52	73.49
922.52	73.49
922.52	73.49
922.52	73.49
922.52	73.49
922.52	73.49
922.52	73.49
922.52	73.49
922.52	73.49
922.52	73.49
922.52	73.49
922.52	73.49
922.52	73.49
922.52	73.49
922.52	73.49
922.52	73.49
922.52	73.49
922.52	73.49
922.52	73.49
922.52	73.49
922.52	73.49
922.52	73.49
922.52	73.49
922.52	73.49
922.52	73.49
922.52	73.49
922.52	73.49
922.52	73.49
922.52	73.49
922.52	73.49
922.52	73.49
922.52	73.49
922.52	73.49
922.52	73.49
922.52	73.49
922.52	73.49
922.52	73.49
922.52	73.49
923.67	73.49
928.26	72.37
932.85	71.25
934	71.25
934	71.25
934	71.25
934	71.25
935.15	71.25
942.04	72.37
948.93	73.49
950.08	74.61
950.08	74.61
950.08	74.61
950.08	74.61
950.08	74.61
950.08	74.61
950.08	74.61
950.08	74.61
950.08	74.61
950.08	74.61
950.08	74.61
950.08	74.61
950.08	74.61
950.08	74.61
950.08	74.61
930.56	84.68
885.77	104.83
870.84	110.42
854.76	117.14
840.98	121.61
840.98	121.61
839.83	121.61
839.83	121.61
839.83	121.61
839.83	121.61
839.83	121.61
839.83	121.61
839.83	121.61
839.83	121.61
839.83	121.61
839.83	121.61
839.83	121.61
840.98	121.61
842.13	121.61
842.13	121.61
842.13	121.61
842.13	121.61
842.13	121.61
842.13	121.61
842.13	121.61
842.13	121.61
842.13	121.61
842.13	121.61
842.13	121.61
842.13	121.61
842.13	121.61
842.13	121.61
842.13	121.61
842.13	121.61
842.13	121.61
842.13	121.61
842.13	121.61
842.13	121.61
842.13	121.61
842.13	121.61
842.13	121.61
842.13	121.61
842.13	121.61
842.13	121.61
842.13	121.61
842.13	121.61
842.13	121.61
842.13	121.61
842.13	121.61
842.13	121.61
842.13	121.61
842.13	121.61
842.13	121.61
842.13	121.61
842.13	121.61
842.13	121.61
842.13	121.61
842.13	121.61
842.13	121.61
842.13	121.61
842.13	121.61
842.13	121.61
842.13	121.61
842.13	121.61
842.13	121.61
842.13	121.61
842.13	121.61
842.13	121.61
842.13	121.61
842.13	121.61
842.13	121.61
842.13	121.61
842.13	121.61
842.13	121.61
842.13	121.61
842.13	121.61
842.13	121.61
842.13	121.61
842.13	121.61
842.13	121.61
842.13	121.61
842.13	121.61
842.13	121.61
842.13	121.61
842.13	121.61
842.13	121.61
842.13	121.61
842.13	121.61
842.13	121.61
842.13	121.61
842.13	121.61
842.13	121.61
842.13	121.61
842.13	121.61
842.13	121.61
842.13	121.61
842.13	121.61
842.13	121.61
842.13	121.61
842.13	121.61
842.13	121.61
842.13	121.61
842.13	121.61
842.13	121.61
842.13	121.61
842.13	121.61
842.13	121.61
842.13	121.61
842.13	121.61
842.13	121.61
842.13	121.61
842.13	121.61
842.13	121.61
842.13	121.61
842.13	121.61
842.13	121.61
842.13	121.61
842.13	121.61
842.13	121.61
842.13	121.61
842.13	121.61
842.13	121.61
842.13	121.61
842.13	121.61
842.13	121.61
842.13	121.61
842.13	121.61
842.13	121.61
842.13	121.61
842.13	121.61
842.13	121.61
842.13	121.61
842.13	121.61
842.13	121.61
842.13	121.61
842.13	121.61
842.13	121.61
842.13	121.61
842.13	121.61
842.13	121.61
842.13	121.61
842.13	121.61
842.13	121.61
842.13	121.61
842.13	121.61
842.13	121.61
842.13	121.61
842.13	121.61
842.13	121.61
842.13	121.61
842.13	121.61
842.13	121.61
842.13	121.61
842.13	121.61
842.13	121.61
842.13	121.61
842.13	121.61
842.13	121.61
842.13	121.61
842.13	121.61
842.13	121.61
842.13	121.61
842.13	121.61
842.13	121.61
842.13	121.61
842.13	121.61
842.13	121.61
842.13	121.61
842.13	121.61
842.13	121.61
842.13	121.61
842.13	121.61
842.13	121.61
842.13	121.61
842.13	121.61
842.13	121.61
842.13	121.61
842.13	121.61
842.13	121.61
842.13	121.61
842.13	121.61
842.13	121.61
842.13	121.61
842.13	121.61
842.13	121.61
842.13	121.61
842.13	121.61
842.13	121.61
842.13	121.61
842.13	121.61
842.13	121.61
842.13	121.61
842.13	121.61
842.13	121.61
842.13	121.61
842.13	121.61
842.13	121.61
842.13	121.61
842.13	121.61
842.13	121.61
842.13	121.61
842.13	121.61
842.13	121.61
842.13	121.61
842.13	121.61
842.13	121.61
842.13	121.61
842.13	121.61
842.13	121.61
842.13	121.61
842.13	121.61
842.13	121.61
842.13	121.61
842.13	121.61
842.13	121.61
842.13	121.61
842.13	121.61
842.13	121.61
842.13	121.61
842.13	121.61
842.13	121.61
842.13	121.61
842.13	121.61
842.13	121.61
842.13	121.61
842.13	121.61
842.13	121.61
842.13	121.61
842.13	121.61
842.13	121.61
840.98	121.61
837.53	121.61
837.53	121.61
837.53	121.61
826.05	121.61
791.59	122.73
791.59	122.73
777.81	129.45
750.25	152.95
750.25	154.07
750.25	154.07
750.25	154.07
750.25	154.07
750.25	154.07
750.25	154.07
750.25	154.07
755.99	157.43
755.99	157.43
772.07	165.26
777.81	180.93
780.11	198.84
780.11	205.55
780.11	206.67
781.26	206.67
781.26	206.67
781.26	206.67
778.96	206.67
778.96	206.67
778.96	206.67
780.11	208.91
783.56	212.27
785.85	220.1
787	227.94
787	229.06
787	229.06
787	229.06
787	229.06
787	230.18
787	231.29
787	232.41
787	232.41
787	233.53
787	233.53
775.52	230.18
751.4	225.7
723.84	230.18
723.84	230.18
700.87	233.53
681.34	233.53
668.71	233.53
658.38	235.77
642.3	236.89
621.62	236.89
619.33	236.89
615.88	236.89
614.73	236.89
614.73	236.89
614.73	236.89
615.88	236.89
626.22	236.89
626.22	236.89
626.22	236.89
626.22	236.89
626.22	236.89
626.22	236.89
626.22	236.89
626.22	236.89
626.22	236.89
626.22	236.89
626.22	236.89
626.22	234.65
623.92	232.41
620.48	230.18
618.18	229.06
615.88	226.82
614.73	226.82
614.73	226.82
613.59	225.7
606.7	221.22
596.36	217.86
586.02	217.86
580.28	215.63
577.98	215.63
572.24	213.39
563.05	210.03
552.72	204.43
540.09	196.6
519.41	182.05
501.04	169.74
489.55	160.79
480.37	152.95
476.92	148.48
475.77	146.24
471.18	144
471.18	144
471.18	144
471.18	144
471.18	144
471.18	144
471.18	144
471.18	144
461.99	135.05
461.99	133.93
461.99	133.93
461.99	133.93
461.99	133.93
461.99	133.93
461.99	133.93
461.99	133.93
461.99	133.93
461.99	133.93
461.99	133.93
461.99	133.93
461.99	133.93
461.99	133.93
461.99	133.93
461.99	133.93
461.99	133.93
461.99	133.93
461.99	133.93
461.99	133.93
461.99	133.93
461.99	133.93
461.99	133.93
461.99	133.93
461.99	133.93
461.99	133.93
461.99	133.93
461.99	133.93
461.99	133.93
461.99	133.93
461.99	133.93
456.25	137.28
441.32	145.12
439.02	146.24
439.02	146.24
439.02	146.24
439.02	146.24
439.02	146.24
429.83	149.59
419.5	150.71
417.2	151.83
414.9	151.83
414.9	151.83
414.9	151.83
414.9	151.83
414.9	151.83
414.9	151.83
414.9	151.83
414.9	151.83
414.9	151.83
414.9	151.83
410.31	151.83
398.83	151.83
387.34	151.83
381.6	151.83
380.45	151.83
380.45	151.83
380.45	151.83
380.45	151.83
379.3	151.83
378.15	151.83
377.01	151.83
374.71	152.95
370.12	155.19
366.67	156.31
359.78	159.67
342.55	167.5
329.92	170.86
318.44	174.22
304.65	179.81
274.79	191
244.93	198.84
217.37	207.79
196.7	214.51
188.66	216.75
186.36	216.75
181.77	218.98
173.73	222.34
170.29	222.34
170.29	222.34
170.29	222.34
170.29	222.34
170.29	222.34
170.29	222.34
170.29	222.34
170.29	222.34
170.29	222.34
170.29	222.34
170.29	222.34
170.29	222.34
170.29	222.34
170.29	222.34
170.29	222.34
170.29	222.34
170.29	222.34
170.29	222.34
170.29	222.34
170.29	222.34
170.29	222.34
170.29	222.34
170.29	222.34
170.29	222.34
170.29	222.34
170.29	222.34
170.29	222.34
170.29	222.34
170.29	222.34
170.29	222.34
170.29	222.34
170.29	222.34
170.29	222.34
170.29	222.34
170.29	222.34
170.29	222.34
170.29	222.34
170.29	222.34
170.29	222.34
170.29	222.34
170.29	222.34
170.29	222.34
170.29	222.34
170.29	222.34
170.29	222.34
170.29	222.34
170.29	222.34
170.29	222.34
170.29	222.34
170.29	222.34
170.29	222.34
170.29	222.34
170.29	222.34
170.29	222.34
170.29	222.34
170.29	222.34
170.29	222.34
170.29	222.34
170.29	222.34
170.29	222.34
170.29	222.34
170.29	222.34
170.29	222.34
170.29	222.34
170.29	222.34
170.29	231.29
170.29	241.37
170.29	245.84
170.29	251.44
169.14	267.11
161.1	285.02
159.95	293.97
159.95	300.68
162.25	315.23
163.4	327.54
163.4	327.54
162.25	328.66
162.25	328.66
162.25	328.66
162.25	328.66
162.25	328.66
162.25	328.66
162.25	328.66
162.25	328.66
162.25	328.66
162.25	328.66
159.95	330.9
158.8	332.02
158.8	332.02
158.8	332.02
158.8	332.02
158.8	332.02
158.8	332.02
158.8	332.02
158.8	332.02
158.8	332.02
158.8	332.02
158.8	332.02
158.8	332.02
158.8	332.02
158.8	332.02
158.8	332.02
158.8	332.02
158.8	332.02
158.8	332.02
158.8	332.02
158.8	332.02
158.8	332.02
158.8	332.02
158.8	332.02
163.4	332.02
193.25	332.02
255.27	332.02
278.24	332.02
327.62	332.02
389.64	329.78
434.43	329.78
450.51	329.78
463.14	328.66
483.81	328.66
493	328.66
493	328.66
493	328.66
495.3	329.78
499.89	337.62
509.08	355.52
514.82	370.07
521.71	383.5
522.86	392.46
522.86	392.46
522.86	392.46
522.86	392.46
522.86	392.46
522.86	392.46
522.86	392.46
522.86	392.46
522.86	392.46
520.56	392.46
518.26	392.46
518.26	392.46
518.26	392.46
518.26	392.46
518.26	392.46
518.26	392.46
518.26	392.46
529.75	392.46
573.39	396.93
591.77	402.53
605.55	402.53
629.66	402.53
665.27	402.53
699.72	402.53
730.73	402.53
772.07	396.93
792.74	393.58
807.67	390.22
826.05	381.26
835.24	381.26
835.24	380.15
836.38	380.15
844.42	374.55
846.72	374.55
847.87	373.43
849.02	373.43
849.02	373.43
857.06	372.31
886.92	372.31
913.33	372.31
913.33	372.31
931.71	372.31
932.85	372.31
936.3	373.43
946.63	375.67
953.53	377.91
963.86	381.26
971.9	383.5
976.49	384.62
976.49	384.62
976.49	384.62
975.35	384.62
974.2	391.34
974.2	391.34
974.2	391.34
974.2	391.34
974.2	391.34
974.2	391.34
974.2	391.34
973.05	391.34
971.9	390.22
971.9	390.22
971.9	390.22
971.9	390.22
971.9	390.22
971.9	390.22
971.9	390.22
971.9	390.22
971.9	390.22
971.9	390.22
971.9	390.22
971.9	390.22
971.9	390.22
971.9	390.22
971.9	390.22
970.75	395.81
968.46	399.17
968.46	400.29
968.46	402.53
968.46	402.53
968.46	403.65
967.31	409.24
965.01	414.84
965.01	420.44
962.71	428.27
961.56	433.87
961.56	436.1
961.56	439.46
962.71	445.06
962.71	446.18
962.71	448.42
962.71	448.42
962.71	448.42
962.71	448.42
962.71	448.42
962.71	448.42
962.71	448.42
962.71	448.42
962.71	448.42
962.71	448.42
962.71	448.42
962.71	448.42
962.71	448.42
962.71	448.42
962.71	448.42
962.71	448.42
962.71	448.42
962.71	448.42
962.71	448.42
962.71	448.42
962.71	448.42
962.71	448.42
962.71	448.42
962.71	448.42
962.71	448.42
956.97	448.42
914.48	449.53
859.35	452.89
846.72	454.01
846.72	454.01
846.72	454.01
846.72	454.01
845.57	454.01
845.57	454.01
834.09	454.01
813.42	454.01
789.3	454.01
787	454.01
785.85	454.01
773.22	452.89
759.44	449.53
759.44	449.53
722.69	447.3
722.69	447.3
693.98	447.3
690.53	447.3
690.53	447.3
690.53	447.3
690.53	447.3
689.38	447.3
688.23	446.18
684.79	445.06
669.86	442.82
662.97	439.46
660.67	438.34
658.38	437.22
657.23	436.1
656.08	434.98
656.08	434.98
656.08	434.98
656.08	434.98
656.08	434.98
656.08	434.98
656.08	434.98
656.08	434.98
656.08	434.98
656.08	434.98
656.08	434.98
656.08	434.98
656.08	434.98
656.08	434.98
656.08	434.98
656.08	434.98
656.08	434.98
656.08	434.98
656.08	434.98
656.08	434.98
656.08	434.98
656.08	434.98
657.23	433.87
677.9	423.79
689.38	419.32
695.13	415.96
715.8	405.89
744.51	393.58
764.03	386.86
766.33	385.74
766.33	385.74
769.77	383.5
769.77	383.5
773.22	380.15
773.22	380.15
773.22	379.03
774.37	379.03
774.37	379.03
774.37	379.03
774.37	379.03
774.37	379.03
774.37	379.03
774.37	379.03
774.37	379.03
774.37	379.03
774.37	379.03
774.37	379.03
774.37	379.03
774.37	379.03
774.37	379.03
774.37	379.03
774.37	379.03
774.37	379.03
774.37	379.03
774.37	379.03
774.37	379.03
774.37	379.03
774.37	379.03
774.37	379.03
774.37	379.03
774.37	379.03
774.37	379.03
774.37	379.03
774.37	379.03
774.37	379.03
774.37	379.03
774.37	379.03
774.37	379.03
774.37	379.03
774.37	379.03
774.37	379.03
774.37	379.03
774.37	379.03
774.37	379.03
774.37	379.03
774.37	379.03
774.37	379.03
774.37	379.03
774.37	379.03
774.37	379.03
774.37	379.03
774.37	379.03
774.37	379.03
774.37	379.03
774.37	379.03
774.37	379.03
774.37	379.03
774.37	379.03
774.37	379.03
774.37	379.03
774.37	379.03
774.37	379.03
774.37	379.03
774.37	379.03
774.37	379.03
774.37	379.03
774.37	379.03
774.37	379.03
774.37	379.03
774.37	379.03
774.37	379.03
774.37	379.03
774.37	379.03
774.37	379.03
774.37	379.03
774.37	379.03
774.37	379.03
774.37	379.03
774.37	379.03
774.37	379.03
774.37	379.03
774.37	379.03
774.37	379.03
774.37	379.03
774.37	379.03
774.37	379.03
774.37	379.03
774.37	379.03
774.37	379.03
774.37	379.03
774.37	379.03
774.37	379.03
774.37	379.03
774.37	379.03
774.37	379.03
774.37	379.03
774.37	379.03
774.37	379.03
774.37	379.03
774.37	379.03
774.37	379.03
774.37	379.03
774.37	379.03
774.37	379.03
772.07	379.03
728.43	382.38
626.22	393.58
510.23	409.24
404.57	420.44
297.76	427.15
227.71	430.51
219.67	431.63
219.67	431.63
219.67	431.63
219.67	431.63
219.67	431.63
219.67	431.63
219.67	431.63
219.67	431.63
219.67	431.63
219.67	431.63
219.67	431.63
219.67	431.63
219.67	431.63
219.67	431.63
219.67	431.63
219.67	431.63
219.67	431.63
219.67	431.63
219.67	431.63
219.67	431.63
219.67	431.63
219.67	431.63
219.67	431.63
219.67	431.63
219.67	431.63
219.67	431.63
219.67	431.63
219.67	431.63
219.67	431.63
219.67	431.63
219.67	431.63
219.67	431.63
219.67	431.63
219.67	431.63
219.67	431.63
219.67	431.63
219.67	431.63
219.67	431.63
219.67	431.63
219.67	431.63
219.67	431.63
219.67	431.63
219.67	431.63
219.67	431.63
219.67	431.63
219.67	431.63
219.67	431.63
219.67	431.63
219.67	431.63
219.67	431.63
219.67	431.63
219.67	431.63
219.67	431.63
219.67	431.63
219.67	431.63
219.67	431.63
219.67	431.63
219.67	431.63
219.67	431.63
219.67	431.63
219.67	431.63
219.67	431.63
219.67	431.63
219.67	431.63
219.67	431.63
219.67	431.63
219.67	431.63
219.67	431.63
219.67	431.63
219.67	431.63
219.67	431.63
219.67	431.63
219.67	431.63
219.67	431.63
219.67	431.63
219.67	431.63
219.67	431.63
219.67	431.63
219.67	431.63
219.67	431.63
219.67	431.63
219.67	431.63
219.67	431.63
219.67	431.63
219.67	431.63
219.67	431.63
219.67	431.63
219.67	431.63
219.67	431.63
219.67	431.63
219.67	431.63
219.67	431.63
219.67	431.63
219.67	431.63
219.67	431.63
219.67	431.63
219.67	431.63
219.67	431.63
219.67	431.63
219.67	431.63
219.67	431.63
219.67	431.63
219.67	431.63
219.67	431.63
219.67	431.63
219.67	431.63
219.67	431.63
219.67	431.63
219.67	431.63
219.67	431.63
219.67	431.63
219.67	431.63
219.67	431.63
219.67	431.63
219.67	431.63
219.67	431.63
219.67	431.63
219.67	431.63
219.67	431.63
219.67	431.63
219.67	431.63
219.67	431.63
219.67	431.63
219.67	431.63
219.67	431.63
219.67	431.63
219.67	431.63
219.67	431.63
219.67	431.63
219.67	431.63
219.67	431.63
219.67	431.63
219.67	431.63
220.82	430.51
224.26	428.27
224.26	428.27
224.26	428.27
224.26	428.27
224.26	428.27
226.56	424.91
226.56	424.91
230.01	419.32
230.01	419.32
230.01	419.32
230.01	419.32
230.01	419.32
230.01	419.32
230.01	419.32
230.01	419.32
230.01	419.32
230.01	419.32
230.01	419.32
230.01	419.32
230.01	419.32
230.01	419.32
230.01	419.32
230.01	419.32
230.01	419.32
230.01	419.32
230.01	419.32
230.01	419.32
230.01	419.32
230.01	419.32
230.01	419.32
230.01	419.32
230.01	419.32
230.01	419.32
230.01	419.32
230.01	419.32
230.01	419.32
230.01	419.32
230.01	419.32
230.01	419.32
230.01	419.32
230.01	419.32
230.01	419.32
230.01	419.32
230.01	419.32
230.01	419.32
230.01	419.32
230.01	419.32
230.01	419.32
230.01	419.32
230.01	419.32
230.01	419.32
230.01	419.32
230.01	419.32
230.01	419.32
230.01	419.32
230.01	419.32
230.01	419.32
230.01	419.32
230.01	419.32
230.01	419.32
230.01	419.32
230.01	419.32
230.01	419.32
231.15	415.96
231.15	415.96
243.79	403.65
246.08	403.65
246.08	403.65
246.08	403.65
246.08	403.65
246.08	403.65
246.08	403.65
244.93	403.65
241.49	402.53
226.56	405.89
218.52	407.01
216.22	407.01
216.22	407.01
216.22	407.01
216.22	407.01
213.93	404.77
212.78	400.29
209.33	393.58
200.15	384.62
184.07	381.26
171.43	379.03
159.95	377.91
148.47	375.67
130.09	371.19
111.72	360
108.27	356.64
108.27	356.64
107.12	356.64
96.79	356.64
96.79	356.64
96.79	352.17
96.79	352.17
108.27	333.14
114.01	325.31
114.01	325.31
117.46	317.47
123.2	308.52
125.5	304.04
128.94	297.33
140.43	281.66
147.32	268.23
153.06	253.68
155.36	238.01
156.5	202.2
156.5	185.41
156.5	180.93
156.5	170.86
156.5	166.38
156.5	155.19
156.5	142.88
156.5	136.16
155.36	131.69
155.36	128.33
155.36	126.09
155.36	124.97
154.21	122.73
154.21	121.61
153.06	119.38
153.06	116.02
153.06	116.02
153.06	116.02
153.06	116.02
153.06	116.02
153.06	116.02
153.06	116.02
153.06	116.02
153.06	116.02
153.06	116.02
153.06	117.14
153.06	121.61
153.06	122.73
153.06	122.73
153.06	122.73
153.06	124.97
154.21	126.09
154.21	126.09
154.21	126.09
154.21	126.09
155.36	126.09
156.5	127.21
158.8	127.21
159.95	127.21
159.95	127.21
159.95	127.21
161.1	127.21
162.25	128.33
162.25	128.33
162.25	128.33
162.25	128.33
163.4	128.33
166.84	128.33
171.43	128.33
178.33	130.57
180.62	131.69
180.62	132.81
184.07	133.93
186.36	135.05
187.51	135.05
188.66	137.28
188.66	138.4
188.66	139.52
188.66	141.76
188.66	144
188.66	146.24
189.81	147.36
190.96	149.59
193.25	151.83
195.55	154.07
196.7	155.19
199	155.19
201.29	155.19
203.59	155.19
208.18	155.19
209.33	155.19
209.33	155.19
209.33	155.19
209.33	155.19
209.33	155.19
209.33	155.19
209.33	155.19
209.33	155.19
209.33	155.19
209.33	155.19
209.33	155.19
209.33	155.19
209.33	155.19
209.33	155.19
209.33	155.19
209.33	155.19
209.33	155.19
209.33	155.19
209.33	155.19
209.33	155.19
209.33	155.19
209.33	155.19
209.33	155.19
209.33	155.19
209.33	155.19
209.33	155.19
209.33	155.19
209.33	155.19
209.33	155.19
209.33	155.19
209.33	155.19
209.33	155.19
209.33	155.19
209.33	155.19
209.33	155.19
209.33	155.19
209.33	155.19
209.33	155.19
209.33	155.19
209.33	155.19
209.33	155.19
209.33	155.19
209.33	155.19
209.33	155.19
209.33	155.19
209.33	155.19
209.33	155.19
209.33	155.19
209.33	155.19
209.33	155.19
209.33	155.19
209.33	155.19
209.33	155.19
209.33	155.19
209.33	155.19
209.33	155.19
209.33	155.19
209.33	155.19
209.33	155.19
209.33	155.19
209.33	155.19
209.33	155.19
209.33	155.19
209.33	155.19
209.33	155.19
209.33	155.19
209.33	155.19
209.33	155.19
209.33	155.19
209.33	155.19
209.33	155.19
209.33	155.19
209.33	155.19
209.33	155.19
209.33	155.19
209.33	155.19
209.33	155.19
209.33	155.19
209.33	155.19
209.33	155.19
209.33	155.19
209.33	155.19
209.33	155.19
209.33	155.19
209.33	155.19
209.33	155.19
209.33	155.19
209.33	155.19
209.33	155.19
209.33	155.19
209.33	155.19
209.33	155.19
209.33	155.19
209.33	155.19
209.33	155.19
209.33	155.19
209.33	155.19
209.33	155.19
209.33	155.19
209.33	155.19
209.33	155.19
211.63	156.31
211.63	156.31
211.63	156.31
211.63	156.31
211.63	156.31
211.63	156.31
211.63	156.31
211.63	156.31
211.63	156.31
211.63	156.31
211.63	156.31
211.63	156.31
211.63	156.31
211.63	156.31
211.63	156.31
211.63	156.31
211.63	156.31
211.63	156.31
211.63	156.31
211.63	156.31
211.63	156.31
211.63	156.31
211.63	156.31
211.63	156.31
211.63	156.31
211.63	156.31
211.63	156.31
211.63	156.31
211.63	156.31
211.63	156.31
211.63	156.31
211.63	156.31
211.63	156.31
211.63	156.31
211.63	156.31
211.63	156.31
211.63	156.31
211.63	156.31
211.63	156.31
211.63	156.31
211.63	156.31
211.63	156.31
211.63	156.31
211.63	156.31
211.63	156.31
211.63	156.31
211.63	156.31
211.63	156.31
211.63	156.31
211.63	156.31
211.63	156.31
211.63	156.31
211.63	156.31
211.63	156.31
211.63	156.31
211.63	156.31
211.63	156.31
211.63	156.31
211.63	156.31
211.63	156.31
211.63	156.31
211.63	156.31
211.63	156.31
211.63	156.31
211.63	156.31
211.63	156.31
211.63	156.31
211.63	156.31
211.63	156.31
211.63	156.31
211.63	156.31
211.63	156.31
211.63	156.31
211.63	156.31
211.63	156.31
211.63	156.31
211.63	156.31
211.63	156.31
211.63	156.31
211.63	156.31
211.63	156.31
211.63	156.31
211.63	156.31
211.63	156.31
211.63	156.31
211.63	156.31
211.63	156.31
211.63	156.31
211.63	156.31
211.63	156.31
211.63	156.31
211.63	157.43
211.63	158.55
211.63	159.67
212.78	159.67
212.78	160.79
212.78	160.79
213.93	160.79
213.93	161.91
213.93	161.91
215.08	163.02
216.22	163.02
216.22	163.02
216.22	164.14
217.37	165.26
217.37	165.26
217.37	165.26
217.37	165.26
217.37	165.26
217.37	165.26
218.52	165.26
218.52	165.26
218.52	165.26
218.52	165.26
218.52	165.26
218.52	165.26
218.52	165.26
218.52	165.26
218.52	165.26
218.52	165.26
218.52	165.26
218.52	165.26
218.52	165.26
218.52	165.26
218.52	165.26
218.52	165.26
218.52	165.26
218.52	165.26
218.52	165.26
218.52	165.26
218.52	165.26
218.52	165.26
218.52	165.26
218.52	165.26
218.52	165.26
218.52	165.26
218.52	165.26
218.52	165.26
218.52	165.26
219.67	167.5
220.82	168.62
220.82	168.62
221.97	168.62
224.26	170.86
228.86	171.98
235.75	171.98
249.53	173.1
257.57	173.1
261.01	173.1
263.31	171.98
263.31	171.98
263.31	171.98
263.31	171.98
263.31	171.98
263.31	171.98
263.31	171.98
263.31	171.98
263.31	171.98
263.31	171.98
263.31	171.98
263.31	171.98
263.31	171.98
263.31	171.98
263.31	171.98
263.31	171.98
263.31	171.98
263.31	171.98
263.31	171.98
263.31	171.98
263.31	171.98
263.31	171.98
263.31	171.98
263.31	171.98
263.31	171.98
263.31	171.98
263.31	171.98
263.31	171.98
263.31	171.98
263.31	171.98
263.31	171.98
263.31	171.98
263.31	171.98
263.31	171.98
263.31	171.98
263.31	171.98
263.31	171.98
263.31	171.98
263.31	171.98
263.31	171.98
263.31	171.98
263.31	171.98
263.31	171.98
263.31	171.98
263.31	171.98
263.31	171.98
263.31	171.98
263.31	171.98
263.31	171.98
263.31	171.98
263.31	171.98
263.31	171.98
263.31	171.98
263.31	171.98
263.31	171.98
263.31	171.98
263.31	171.98
263.31	171.98
263.31	171.98
263.31	171.98
263.31	171.98
263.31	171.98
263.31	171.98
263.31	171.98
263.31	171.98
263.31	171.98
263.31	171.98
263.31	171.98
263.31	171.98
263.31	171.98
263.31	171.98
263.31	171.98
263.31	171.98
263.31	171.98
263.31	171.98
263.31	171.98
263.31	171.98
263.31	171.98
263.31	171.98
263.31	171.98
263.31	171.98
263.31	171.98
263.31	171.98
263.31	171.98
263.31	171.98
263.31	171.98
263.31	171.98
263.31	171.98
263.31	171.98
263.31	171.98
263.31	171.98
263.31	171.98
263.31	171.98
263.31	171.98
263.31	171.98
263.31	171.98
263.31	171.98
263.31	171.98
263.31	171.98
263.31	171.98
263.31	171.98
263.31	171.98
263.31	171.98
263.31	171.98
263.31	171.98
263.31	171.98
263.31	171.98
263.31	171.98
263.31	171.98
263.31	171.98
263.31	171.98
263.31	171.98
263.31	171.98
263.31	171.98
263.31	171.98
263.31	171.98
263.31	171.98
263.31	171.98
263.31	171.98
263.31	171.98
263.31	171.98
263.31	171.98
263.31	171.98
263.31	171.98
263.31	171.98
263.31	171.98
263.31	171.98
263.31	171.98
263.31	171.98
263.31	171.98
263.31	171.98
263.31	171.98
263.31	171.98
263.31	171.98
263.31	171.98
263.31	171.98
263.31	171.98
263.31	171.98
263.31	171.98
263.31	171.98
263.31	171.98
263.31	171.98
263.31	171.98
263.31	171.98
263.31	171.98
263.31	171.98
270.2	177.57
283.98	185.41
285.13	186.53
285.13	186.53
285.13	186.53
285.13	186.53
285.13	186.53
285.13	186.53
286.28	187.65
288.58	193.24
289.72	196.6
289.72	197.72
289.72	201.08
289.72	204.43
290.87	206.67
290.87	207.79
290.87	207.79
290.87	207.79
290.87	207.79
290.87	207.79
290.87	207.79
290.87	207.79
290.87	207.79
290.87	207.79
290.87	207.79
290.87	207.79
290.87	207.79
290.87	207.79
290.87	207.79
290.87	207.79
290.87	207.79
290.87	207.79
290.87	207.79
290.87	207.79
290.87	207.79
290.87	207.79
290.87	207.79
290.87	207.79
290.87	207.79
290.87	207.79
290.87	215.63
292.02	235.77
292.02	257.04
292.02	283.9
292.02	295.09
290.87	310.76
293.17	326.42
295.47	338.74
295.47	351.05
295.47	372.31
295.47	383.5
295.47	383.5
295.47	383.5
295.47	383.5
295.47	383.5
295.47	383.5
295.47	383.5
295.47	383.5
295.47	383.5
295.47	383.5
295.47	383.5
295.47	383.5
295.47	383.5
295.47	383.5
295.47	383.5
295.47	383.5
295.47	383.5
295.47	383.5
295.47	383.5
295.47	383.5
295.47	383.5
295.47	383.5
295.47	383.5
313.84	383.5
341.4	383.5
341.4	383.5
341.4	383.5
341.4	383.5
341.4	383.5
341.4	383.5
341.4	383.5
341.4	383.5
341.4	383.5
341.4	383.5
341.4	383.5
341.4	383.5
341.4	383.5
341.4	383.5
341.4	383.5
341.4	383.5
340.26	383.5
320.73	383.5
320.73	383.5
317.29	383.5
316.14	383.5
309.25	381.26
303.51	380.15
303.51	379.03
302.36	379.03
301.21	379.03
300.06	379.03
297.76	379.03
296.61	379.03
290.87	377.91
280.54	375.67
272.5	374.55
272.5	374.55
272.5	374.55
273.65	374.55
285.13	374.55
300.06	373.43
327.62	368.95
365.52	364.48
383.9	362.24
411.46	362.24
427.54	362.24
429.83	362.24
433.28	362.24
440.17	362.24
449.36	362.24
475.77	362.24
503.34	362.24
513.67	362.24
527.45	362.24
527.45	362.24
545.83	362.24
558.46	362.24
566.5	362.24
580.28	362.24
592.91	362.24
612.44	362.24
652.63	361.12
697.42	360
726.13	360
727.28	360
729.58	360
738.77	360
752.55	360
776.66	360
797.34	360
806.52	360
820.31	360
847.87	360
855.91	360
865.1	360
874.28	360
885.77	360
905.29	360
930.56	360
946.63	360
952.38	360
959.27	361.12
967.31	361.12
967.31	361.12
975.35	362.24
992.57	362.24
996.02	363.36
996.02	363.36
1007.5	363.36
1021.28	363.36
1021.28	363.36
1021.28	363.36
1021.28	363.36
1021.28	363.36
1021.28	363.36
1021.28	363.36
1027.03	348.81
1045.4	333.14
1051.14	326.42
1051.14	323.07
1051.14	306.28
1053.44	297.33
1058.03	290.61
1058.03	290.61
1058.03	290.61
1058.03	290.61
1058.03	290.61
1058.03	290.61
1058.03	290.61
1058.03	290.61
1058.03	290.61
1058.03	290.61
1058.03	290.61
1058.03	290.61
1058.03	290.61
1058.03	290.61
1058.03	290.61
1058.03	290.61
1058.03	290.61
1058.03	290.61
1058.03	290.61
1058.03	290.61
1058.03	290.61
1058.03	290.61
1058.03	290.61
1058.03	290.61
1058.03	290.61
1058.03	290.61
1058.03	290.61
1058.03	290.61
1058.03	290.61
1058.03	290.61
1058.03	290.61
1058.03	290.61
1058.03	290.61
1058.03	290.61
1058.03	290.61
1058.03	290.61
1058.03	290.61
1058.03	290.61
1058.03	290.61
1058.03	290.61
1058.03	290.61
1058.03	290.61
1058.03	290.61
1058.03	290.61
1058.03	290.61
1058.03	290.61
1058.03	290.61
1058.03	290.61
1058.03	290.61
1058.03	290.61
1058.03	290.61
1058.03	290.61
1058.03	290.61
1058.03	290.61
1058.03	290.61
1058.03	290.61
1058.03	290.61
1058.03	290.61
1058.03	290.61
1058.03	290.61
1058.03	290.61
1058.03	291.73
1058.03	298.45
1058.03	301.8
1056.89	302.92
1056.89	304.04
1056.89	305.16
1056.89	308.52
1056.89	321.95
1056.89	328.66
1056.89	332.02
1056.89	333.14
1056.89	333.14
1056.89	333.14
1056.89	333.14
1056.89	333.14
1052.29	337.62
1037.36	344.33
991.42	356.64
969.6	356.64
956.97	351.05
945.49	344.33
914.48	336.5
878.88	335.38
849.02	335.38
820.31	336.5
781.26	342.09
723.84	347.69
687.09	351.05
646.89	354.4
606.7	358.88
589.47	358.88
573.39	358.88
557.31	358.88
543.53	358.88
533.19	358.88
522.86	358.88
507.93	358.88
488.41	358.88
475.77	358.88
460.84	358.88
440.17	358.88
413.76	358.88
386.19	358.88
386.19	358.88
367.82	358.88
340.26	361.12
327.62	362.24
324.18	362.24
324.18	362.24
324.18	362.24
324.18	362.24
324.18	362.24
324.18	362.24
324.18	362.24
324.18	362.24
324.18	362.24
324.18	362.24
324.18	362.24
324.18	362.24
324.18	362.24
324.18	362.24
324.18	362.24
323.03	362.24
320.73	362.24
314.99	362.24
310.4	362.24
308.1	362.24
305.8	362.24
303.51	362.24
303.51	362.24
303.51	362.24
303.51	362.24
303.51	362.24
303.51	362.24
303.51	362.24
303.51	362.24
303.51	362.24
303.51	362.24
303.51	362.24
303.51	362.24
303.51	362.24
303.51	362.24
303.51	362.24
303.51	362.24
303.51	362.24
303.51	362.24
303.51	362.24
303.51	362.24
303.51	362.24
303.51	362.24
303.51	362.24
303.51	362.24
303.51	362.24
303.51	362.24
293.17	362.24
273.65	362.24
267.9	362.24
263.31	362.24
263.31	362.24
259.86	362.24
250.68	363.36
246.08	364.48
244.93	364.48
230.01	364.48
220.82	364.48
219.67	364.48
219.67	364.48
219.67	364.48
219.67	364.48
219.67	364.48
219.67	364.48
219.67	364.48
213.93	364.48
197.85	362.24
180.62	362.24
171.43	362.24
171.43	361.12
171.43	361.12
171.43	361.12
171.43	361.12
176.03	361.12
193.25	361.12
209.33	361.12
241.49	361.12
263.31	361.12
266.76	361.12
278.24	361.12
327.62	361.12
372.41	361.12
378.15	361.12
390.79	361.12
445.91	360
473.48	360
475.77	360
475.77	360
483.81	360
503.34	360
540.09	360
561.91	360
577.98	360
605.55	360
630.81	361.12
681.34	361.12
730.73	360
752.55	358.88
760.59	358.88
764.03	358.88
774.37	358.88
785.85	358.88
790.45	358.88
793.89	360
807.67	360
823.75	360
838.68	360
855.91	360
867.39	360
873.13	360
900.7	360
935.15	360
954.67	360
963.86	360
963.86	360
963.86	360
966.16	360
997.17	361.12
1007.5	361.12
1007.5	361.12
1007.5	361.12
1008.65	361.12
1016.69	362.24
1024.73	363.36
1031.62	363.36
1044.25	364.48
1055.74	365.6
1068.37	365.6
1077.56	365.6
1081	365.6
1084.45	365.6
1101.67	365.6
1122.35	365.6
1124.64	365.6
1124.64	365.6
1124.64	365.6
1124.64	365.6
1124.64	365.6
1124.64	365.6
1124.64	365.6
1124.64	365.6
1124.64	365.6
1124.64	365.6
1112.01	356.64
1078.71	346.57
1040.81	333.14
1017.84	326.42
1009.8	324.19
1008.65	324.19
1004.06	324.19
993.72	324.19
971.9	324.19
906.44	324.19
874.28	323.07
860.5	319.71
853.61	314.11
843.27	306.28
836.38	300.68
830.64	297.33
818.01	296.21
806.52	295.09
799.63	293.97
796.19	292.85
791.59	291.73
780.11	290.61
764.03	288.37
737.62	287.25
696.27	287.25
661.82	287.25
638.85	287.25
622.77	287.25
614.73	287.25
602.1	287.25
574.54	287.25
530.9	287.25
466.58	287.25
440.17	287.25
418.35	287.25
406.87	287.25
403.42	287.25
399.97	286.13
388.49	286.13
374.71	286.13
354.04	287.25
339.11	287.25
339.11	287.25
339.11	287.25
339.11	287.25
339.11	287.25
343.7	286.13
362.08	282.78
381.6	283.9
397.68	286.13
425.24	288.37
455.1	288.37
466.58	288.37
482.66	286.13
532.05	285.02
572.24	285.02
574.54	285.02
580.28	283.9
598.66	281.66
614.73	281.66
643.45	278.3
702.02	277.18
733.02	277.18
753.7	274.94
789.3	273.82
813.42	273.82
814.56	273.82
818.01	274.94
824.9	278.3
846.72	285.02
886.92	289.49
904.14	290.61
907.59	290.61
907.59	290.61
907.59	290.61
907.59	290.61
907.59	290.61
907.59	290.61
907.59	290.61
907.59	290.61
907.59	290.61
907.59	290.61
897.25	290.61
853.61	291.73
795.04	291.73
736.47	293.97
700.87	296.21
682.49	296.21
660.67	296.21
619.33	301.8
611.29	301.8
611.29	301.8
603.25	300.68
588.32	299.56
559.61	299.56
507.93	300.68
459.69	305.16
452.8	305.16
452.8	305.16
452.8	305.16
452.8	305.16
452.8	305.16
450.51	305.16
433.28	305.16
405.72	305.16
378.15	305.16
377.01	305.16
377.01	305.16
377.01	305.16
377.01	305.16
377.01	305.16
377.01	305.16
377.01	305.16
377.01	305.16
377.01	305.16
377.01	305.16
377.01	305.16
377.01	305.16
377.01	305.16
377.01	305.16
377.01	305.16
377.01	305.16
377.01	305.16
377.01	305.16
377.01	305.16
377.01	305.16
377.01	305.16
377.01	305.16
372.41	302.92
355.19	298.45
340.26	298.45
318.44	298.45
308.1	297.33
303.51	296.21
294.32	293.97
285.13	292.85
274.79	290.61
261.01	287.25
257.57	286.13
256.42	285.02
256.42	283.9
255.27	283.9
250.68	282.78
238.04	281.66
231.15	281.66
230.01	281.66
230.01	281.66
230.01	281.66
231.15	281.66
262.16	286.13
324.18	288.37
367.82	288.37
379.3	288.37
379.3	288.37
393.08	288.37
427.54	288.37
455.1	288.37
457.4	288.37
465.44	288.37
479.22	288.37
483.81	289.49
486.11	289.49
497.59	289.49
521.71	289.49
527.45	290.61
530.9	290.61
541.23	291.73
553.87	293.97
569.94	296.21
589.47	296.21
603.25	297.33
612.44	298.45
622.77	300.68
629.66	300.68
640	302.92
656.08	304.04
667.56	306.28
676.75	308.52
691.68	308.52
706.61	309.64
719.24	310.76
734.17	312.99
743.36	312.99
754.84	312.99
767.48	312.99
781.26	312.99
798.49	312.99
814.56	312.99
828.35	312.99
830.64	312.99
832.94	312.99
838.68	314.11
852.46	315.23
861.65	316.35
867.39	316.35
867.39	316.35
867.39	316.35
867.39	316.35
867.39	316.35
867.39	316.35
867.39	316.35
867.39	316.35
867.39	316.35
867.39	316.35
867.39	316.35
867.39	316.35
865.1	316.35
862.8	314.11
860.5	314.11
859.35	312.99
857.06	312.99
853.61	311.88
840.98	310.76
827.2	310.76
812.27	310.76
795.04	310.76
759.44	311.88
728.43	311.88
721.54	311.88
721.54	311.88
721.54	311.88
712.35	311.88
698.57	311.88
674.45	311.88
635.41	311.88
595.21	311.88
559.61	311.88
510.23	316.35
471.18	318.59
428.69	321.95
398.83	321.95
380.45	321.95
362.08	321.95
334.51	327.54
309.25	332.02
309.25	332.02
309.25	332.02
309.25	332.02
309.25	332.02
309.25	332.02
309.25	332.02
309.25	332.02
309.25	332.02
309.25	332.02
309.25	332.02
309.25	332.02
309.25	332.02
309.25	332.02
309.25	332.02
309.25	332.02
309.25	332.02
309.25	332.02
309.25	332.02
309.25	332.02
309.25	332.02
309.25	332.02
309.25	332.02
309.25	332.02
309.25	332.02
309.25	332.02
309.25	332.02
309.25	332.02
309.25	332.02
309.25	332.02
309.25	332.02
309.25	332.02
309.25	332.02
309.25	332.02
309.25	332.02
309.25	332.02
309.25	332.02
309.25	332.02
309.25	332.02
309.25	335.38
309.25	363.36
309.25	396.93
306.95	445.06
306.95	484.23
310.4	492.06
310.4	492.06
310.4	492.06
310.4	492.06
310.4	492.06
310.4	492.06
310.4	492.06
306.95	488.71
306.95	488.71
306.95	488.71
306.95	488.71
306.95	488.71
306.95	488.71
306.95	488.71
306.95	488.71
296.61	484.23
294.32	476.39
293.17	465.2
286.28	451.77
278.24	447.3
274.79	445.06
274.79	445.06
274.79	445.06
274.79	445.06
274.79	445.06
274.79	445.06
274.79	445.06
274.79	445.06
274.79	445.06
274.79	445.06
274.79	445.06
274.79	445.06
274.79	445.06
274.79	445.06
266.76	440.58
263.31	440.58
263.31	440.58
263.31	440.58
263.31	440.58
263.31	440.58
263.31	440.58
262.16	440.58
258.72	440.58
255.27	440.58
252.97	440.58
251.83	440.58
250.68	440.58
246.08	440.58
239.19	440.58
239.19	440.58
239.19	440.58
239.19	440.58
239.19	440.58
240.34	436.1
240.34	436.1
241.49	432.75
241.49	432.75
241.49	430.51
243.79	424.91
244.93	422.67
246.08	420.44
248.38	419.32
248.38	418.2
250.68	414.84
