605.9	392.6
607.4	393.35
608.25	383.85
612.05	389.5
608.05	375.85
608.8	375.2
611.75	367.5
610.6	360.75
614	359.8
615	368.85
616.8	368.45
616	370.35
616.95	367.35
622.85	363.65
622.9	370.1
624.8	370.9
620.95	372.55
618.6	369.25
616.9	363.5
610.5	363.9
611.7	361.5
607.95	363.8
604.75	366.1
604.15	362.65
608.55	360.15
608.1	362.8
610.3	365.65
608.05	375.6
604.4	376.8
604.55	375.35
674.7	412.8
671.7	400.45
670.3	412.1
670.4	413.85
669.3	419.3
669.75	419.3
667.7	422.2
669.65	423.15
671.5	425.05
670.2	426.55
670.7	427.5
666.25	427.05
670.85	424.05
650.2	661.8
0	0
0	0
0	0
0	0
0	0
607.1	314.5
607.5	312.45
608.3	316.75
608.45	314.8
611	308.4
608.05	305.9
606.4	307.3
611.65	301.95
612.85	298.7
614.7	299.25
613.4	300
610.1	307.2
616.35	306.25
617.55	307.4
618.05	307.95
616.75	315.9
613.3	318.35
610.75	319.7
608.6	314.65
605.5	314.85
605.7	307.9
609.05	304.15
603.45	298.35
600.1	295.4
601.2	287.45
600.05	446.95
597.6	464.65
593.85	459.5
591.55	454.8
592.45	455.7
594.1	458.8
593.25	464.4
590	459.15
591.25	462.7
595.5	464.45
595.05	461.55
598.05	466.05
596.3	467.45
591.9	468.85
593.75	470.45
593.95	469
595.8	467.1
596.3	466.35
595.75	466.25
593	465
595.35	461
596.7	456.4
600	450.85
597.45	446.45
605.35	440.55
649.1	394.65
717.4	300.45
706.35	302.55
686.1	309.85
0	0
0	0
650.45	330.55
649.65	328.1
650.15	328.6
644.3	331.4
641.7	328.5
641.7	327.7
645.3	326.55
643.1	325.75
644.05	327.35
644.05	326.55
643.7	324.55
645.25	327.9
642.4	326.55
639.1	318.65
640.2	319.2
640.15	325.55
639.4	327.9
640.15	325.25
642.95	316.4
648.5	315.55
650.2	315.5
647.75	321.55
649.05	325.05
651.25	325.45
649.05	326.3
646.8	327.95
645.95	328.55
0	0
649.95	332.8
0	0
649.45	333.55
0	0
647.75	328.4
0	0
649.15	336.6
0	0
649.55	341.05
0	0
0	0
0	0
0	0
0	0
0	0
648.25	336.7
0	0
646.6	339.15
642.75	333
641.75	335.6
639.5	336.7
639.95	339
641.3	336.3
646.05	331.85
644.45	337.3
646.75	333.95
646.7	333.55
648.5	336.15
649	338.6
651.1	340.5
652.8	338.45
659.25	338.05
661.1	339.8
659	338.25
660.45	336.75
662.3	285.75
665.15	290.45
664.75	288.1
656.75	290.5
657.1	295.45
654	296.05
651.95	298.5
647.9	299.65
645.35	302.95
643.05	301.75
640.4	297.95
642.85	296.05
633.7	305.2
631.4	306.35
631.5	307.55
626.15	304.65
622.25	306.65
617.85	307.8
615.85	308.15
612.3	311.5
613.9	310.3
613	308.3
610.3	310.55
610	312.45
609.3	312.15
607.5	311.2
605	310.6
604	314.2
604.85	307.2
605.55	311.7
602.8	313.25
600.3	315
601.3	314.35
601.3	312.95
602.95	312.35
605.65	313.15
607.15	313
605.05	317.1
606.5	312.55
602.6	308.4
599	309.35
597.65	311.5
599.8	310.35
602.85	308.2
610.55	305.7
612.05	303
611.6	298.9
606.65	303.05
606.2	302.05
609.95	299.65
612.9	300.3
613.3	298.75
608.35	300.35
604.4	305.3
606.3	303.3
609.95	305.25
615.05	307
616	302.35
620.9	305
621.9	305.3
733.5	314.3
752.8	320.1
749.6	317.4
749.5	314.4
743.8	319.8
744.45	321.8
735.55	324.15
731.05	326.75
734.95	326.9
738.5	332.1
740.25	342.55
735.7	353.95
694.6	355.15
608.85	380.55
606.3	384.3
603.85	381.95
601.5	387.55
598.95	397.6
598.55	390.95
590.95	395.8
589.2	395.25
584.55	400.75
585.4	403.45
590.95	402.55
587.2	405.25
584.95	406.35
584.5	408.4
585.25	408.6
590.3	406.45
589.7	410.2
589.8	412.95
572.95	558.65
0	0
0	0
0	0
0	0
0	0
600.2	375.7
601.05	381.85
600.65	378.65
609.6	372.4
603.05	368.3
601	365.3
600.65	364.35
602.95	367
601.1	369
604.05	364.5
610.2	365.85
607.15	366.6
610.9	365.9
612.6	366.3
610.15	371.25
612.95	370.7
615.35	368.65
617.25	368.45
617.15	364.2
614.05	365.25
613.15	360.9
613	363.75
615.5	359.8
621.1	354.45
611	353.85
610.7	354.6
781.8	372.3
780.1	367.65
774.95	364.55
774.75	368.6
768.65	372.15
769.2	370.25
771.75	374.15
773.75	371.85
771.25	372.5
771.6	372.8
772	379.55
768.45	383.35
768.75	385.95
766.95	390.4
544.95	388.35
532.95	386.15
529.65	386
529.8	383.35
529.65	387.8
524.5	389.05
520.2	394.5
524.5	394
525.2	391.6
531.1	393.55
674.3	414.2
681.1	416.8
682.3	408.1
682.8	396.55
680.9	413.45
681.55	414.1
679.15	411.45
682.15	413.25
679.65	413.8
677.4	411.95
680.6	410.8
680.8	408.1
676.7	404.75
680.5	403.2
678.7	402.3
679.4	401.35
678.25	398.5
676.55	396.5
560.5	346.55
538.8	329.75
540.55	332.85
541.25	334.4
538.9	337.65
538.2	338
534.4	339.25
533.75	341.15
535.35	338.5
537.1	340.6
532.9	341.05
532.3	342.2
533.05	343.3
532.55	341.8
490.4	393.9
489.85	435.25
491.65	443.25
492.35	444.75
488.4	448.4
488.05	447.65
494.75	444.95
497.9	443.85
502.1	442.45
500.9	445.6
501	449.55
505.85	446.55
508.9	441.55
507.5	439.5
505.5	439.7
505.75	446.45
509	450.7
509.65	450.4
511.6	447.95
508.7	442.85
508.8	452.7
507.55	451.8
506.15	455.45
507.3	451
505.55	450.1
505.3	456
505.35	452.35
510.05	455.9
501.6	452.75
496.7	451.35
496.5	453.05
496.9	401.35
511.65	359.2
513	351.55
508.65	349.5
509.55	349.65
508.55	350.6
506.15	350.65
511.75	350.1
513.15	343.9
511.6	343
506.1	346.55
609.8	351.9
792.75	363.5
826.3	372.95
827.75	372.35
824.35	374.35
823.25	390.2
0	0
0	0
0	0
0	0
841.55	432.55
844.9	399.55
846.75	412.55
841.8	414.45
521.4	367.7
390.5	372.25
397.5	386.8
399.1	389.35
398.7	389.95
394.1	382
396.45	384.65
395.2	382.75
392.3	382.8
391.95	383
392.35	382.9
396.85	381
396.55	383.2
395.95	384.9
502.7	398.25
767.45	398.8
786	404.4
785.2	404.45
781.45	403.7
780.05	403.8
779.6	402.55
784.5	399.15
782.8	394.1
779.75	397.3
775.95	395.05
770.55	395.4
767.7	394.35
769.3	391.55
768.4	388.5
768.05	390.7
770.4	385
532.65	301.65
501.55	306.35
509.4	310.05
512.8	308.55
512.7	310.15
518.6	304.4
519.95	307.55
518.55	306.75
517	310.45
583.45	350
599	356.65
596.6	361.2
596.55	361.75
599.4	364.7
601.1	363.95
601.25	365.35
606.7	364.2
606.7	365.7
610.7	364.95
609.6	363.5
613.05	363.05
611	376.95
613.9	383
616.4	381.05
617.85	385.55
621.85	383.95
624.55	373.6
0	0
623.9	379.7
625	375.05
627.25	371
631	362.15
632.65	354.35
637.7	348.8
641.65	347.8
643.7	345.95
643.9	347.15
641.3	345.4
643.6	341.35
602.2	403.55
593.25	400.75
591.85	403.6
595.25	401.2
597.2	402.25
595.95	405.1
597.85	410.05
598.8	409.15
596.5	411.55
602.65	406.4
604.95	406.3
605.85	406.05
604.25	407.65
597.45	409.95
595.45	408.7
599.95	408.05
601.35	405.85
598.85	403.65
602.3	403.65
595.15	410.15
593.3	411.1
394.05	343.35
428.5	357.2
428.95	359.4
425.45	358.75
426.4	357.1
430.15	353.85
425.3	356.85
523.8	343.3
605.1	346
613	351.5
611.65	347.7
609.95	355.65
612.05	349.9
727.4	378.1
814.85	388.55
821.5	395.9
825.4	402.65
820.65	408.85
819.35	412.6
819.95	410.45
911.65	385.95
972.5	373.55
976.05	379.6
981	382.65
979.6	386.55
984.85	382.6
981.55	381.3
975.35	394.7
602.8	383.2
382.2	402.1
375.7	417.75
362.6	418.05
363.5	417
371.25	423
368.55	423.4
370.95	421.3
364.8	416.55
237.55	411.25
264.5	419.95
270.2	414.8
269.85	409.5
267.15	405.95
269.45	406.6
272.4	408.8
269.8	411.55
269.55	411.05
267.05	402
265.55	398.05
263.85	397.95
617.55	390.75
624.6	369.4
620.45	371.85
624.7	385.3
622.85	383.3
624.45	383.25
628.7	374
627.95	370.95
626.2	374
626.7	374.05
624.9	374.3
626.7	370.85
630.25	369.1
628.95	370.35
626.95	372.1
625.1	373.3
622.6	372.4
621.2	377.45
619.1	377.9
619.15	378.7
618.85	372.55
624.35	372.6
620.85	370.95
618.3	378.15
618.15	380.6
614.35	379
284.3	314.1
299.65	314.7
305.1	320.05
305.15	331.3
0	0
0	0
0	0
0	0
0	0
0	0
0	0
0	0
0	0
0	0
0	0
0	0
306.6	329.45
309.25	329.5
310.1	339.05
595.9	292.1
703.85	277.4
720.4	294.7
720.25	296.25
716.75	290.55
714.6	300.05
709.45	298.35
705.05	304.4
706.9	302.9
710	300.35
597.45	316.35
578.85	308.45
581	306.4
576.4	308.35
572.8	308.7
573.3	315.05
575.6	311.55
574.4	313.95
569.55	318.95
571.3	320.05
570.85	318
570.25	314.1
571.2	315.25
571.25	314.45
572.75	311.45
573.85	308.1
574.7	304
573.95	301.95
573.55	302.15
571.2	300.8
569.55	295.35
565.5	303.25
563.5	302.15
562.8	298.9
560.85	298.8
433.75	461.3
457.4	497.65
459.85	496.35
459.95	503.35
462.05	504.4
462	501.3
464.85	502.75
468.6	502.55
468.5	503.55
464.85	502.85
458.05	505.95
458.1	508.55
460.75	504.15
460.4	502.3
456.2	500.3
455.8	508.25
452.9	504.8
453.65	504.2
450.25	504.35
450.55	498.7
449.55	493.15
446.9	493.25
446.3	496.35
442.2	493.5
440.85	492.45
438.25	490.3
439.95	485.15
439.55	486.65
438.85	484.6
436.6	482.55
437.2	477.25
435.25	473.55
433.2	471.45
432.5	465.55
432.55	463.5
434.05	462.65
439.6	457.4
729.3	404.25
730.05	394.75
722.25	397.55
729.65	390.3
726.2	393.6
727.75	396.15
727.55	394.8
729.1	394.65
574.95	367.2
334.75	391.4
285.45	388.25
285.25	389.6
289.35	391.45
289.25	387.9
284.95	388.55
200	380.8
191.3	371.9
192.7	370.35
196.85	367.3
197.55	371.65
197.9	372.35
196.5	368.75
192.25	371.95
196.85	372.35
204.75	367.75
203.35	368.9
201.8	367.05
199.35	369.45
197.55	364.8
197.75	364.4
198.85	365.45
381.35	373.3
577.4	385.45
596.05	392.5
591.9	395.45
590.85	395.95
597.25	394.25
594.55	391.45
593.85	391.15
770.75	397.15
827.05	406.2
825.55	407.45
829.45	406.3
828.95	407
828.2	404.95
827.95	406.05
827.25	400.4
827.8	398.95
825.7	406
825.6	405.75
826.75	405.95
828.8	401
829.8	400.05
829	402.4
829.1	400.4
827.9	400.6
830.95	399
833.25	399.35
830.5	396.85
824.7	399.9
826.75	390.3
824.75	386.75
824.3	389.1
820.6	390.75
820.25	391.35
820.35	389.15
818.7	377.15
818.5	376.55
819.4	379.3
821.25	375.9
781.5	384.2
675.45	411.4
665.6	420.2
663.95	418.45
664.15	418.3
662.75	421.7
663.65	423.15
664.5	418.2
662.25	420.3
662.6	421.4
658.35	421.65
658.2	415.2
659.3	414
660.35	405.45
744.9	318.8
732.8	312.25
731.85	310.1
734	314
737.2	307.3
733.7	311.7
781.15	281.2
767.05	282.85
763.5	277.9
761.2	269.1
754.4	265.35
749.05	261.4
743.65	249.5
679.3	259.6
527.15	348.8
498.9	371.25
501.2	368.25
501.85	367.45
504.65	368.9
500.7	367.65
498.7	370.9
770.7	389.2
772.7	391.7
769.15	394.15
771.35	390.7
763.15	397.55
765.15	397.25
720.6	396.5
408.7	384.3
380.6	392.4
380.1	394.05
384.5	399.65
385.15	398.25
384.95	399.3
376	399.45
487.95	377.2
616.85	343.9
642.05	348.45
640.8	346.1
637.15	345.5
635.95	339.9
635.75	337.75
637.15	336.9
636.9	337.35
634.15	337.9
636	334.8
635.7	333.3
782.3	406.8
762.2	397.05
758.7	400.35
759.35	397.95
760.75	397
762.9	395.95
756.95	399.6
759.95	391.2
764.6	394.95
761	397.15
583.3	339.55
601.35	336.45
597	343.25
598.15	343.95
598.1	346.6
598.8	345
603.3	349.6
602.45	352.25
604.25	351.95
604.5	355.15
604.8	355.75
609.3	353.15
611.85	352.15
609.85	349.7
607.65	349.9
601.4	350.9
600.85	348.4
602.6	338.3
600.2	338.45
597.6	344.1
598.5	339.8
597.55	339.35
598.9	333.3
599.6	337.05
595.7	331.45
594.7	332.1
595.9	339.1
528.25	454.8
519.8	455.3
531.65	458.9
527.4	454.7
0	0
0	0
0	0
0	0
0	0
0	0
492	378.95
492.05	382.4
494.5	383.8
493.15	385.5
492.4	389.7
489.95	392.1
486.5	389.25
488.8	388.65
312.15	387.2
100.9	371.75
74.5	386.4
75.55	384.5
86.6	385.95
85.6	388.1
85.7	391.75
98.8	388.2
104	387.3
110.8	387.8
114.65	387.2
112.65	395
111.85	397.4
113.35	403.6
114.9	406.6
112.9	413.85
114.25	415.25
110.8	420.6
112.35	426.05
115.65	424.2
119.6	422.45
123.15	427.4
129.95	426.35
139.9	425.65
145.65	422.8
154.95	420.45
176.15	414.9
195.9	390.4
205.05	384.2
216.4	381.3
218.35	378.8
221.15	377.65
215.9	381.55
222.1	381.05
516.75	352.15
510.95	356.3
510.2	353.05
512.95	352.15
512.45	353.6
511.25	354.35
512.75	357.7
519.55	355.05
521.35	355.1
520	358.75
520.95	360.95
521	364.55
525.05	362.55
527.25	359.95
528.55	360.3
529.9	359.7
530.55	362.1
531.45	354.45
533.2	349.5
538.5	345.8
535.45	349.4
535.4	349.85
533.95	349.15
534.5	346.2
533.45	349.7
534.95	351.35
535.75	348.95
532.6	361
512.75	411.9
509.6	424.8
507.8	427.75
505.85	423.95
504.4	425.25
503.2	419.85
507.85	417.75
508.05	421.05
507.05	420.35
503.6	421.15
499.45	424.8
498.3	422.3
503.3	418.85
501.7	419
503.2	420.7
637	372.45
653.5	368.85
656.5	367.45
658.25	367
661.8	367.7
664.65	362.3
662.9	363.6
664.25	361.6
664.1	364.5
664.15	365.45
661.15	368.5
658.8	373.5
653.25	371.85
652.7	372.25
655.8	370.8
657.5	365.1
657.05	366.9
654.25	368.4
652.6	370.1
651.8	370.85
657.7	371.1
654	362.75
652.9	366.35
656.1	361.3
649.7	367.15
654.8	367.4
654.55	363.1
650.95	368.4
651.85	355.65
652.35	363.05
649.55	359.5
647.35	361.15
651.25	352.75
646.1	360.15
644	358.4
647.3	356.25
646.75	355.8
642.25	360.2
647.1	357.25
641.9	364.5
642.5	364.4
645.2	364.05
645.75	363.1
642.2	369.4
648.45	368.55
533.6	432.2
530.35	477.7
532.95	492.6
533.4	492
535.2	487.3
537.55	487.65
541.3	482.4
539.65	474.7
541.5	472.35
542.25	459.45
546.2	456.4
545.05	449
546.5	439.7
544.75	434.85
546.85	427.6
549.2	426.35
551.95	421.3
555.8	414.65
556.25	403.6
555.1	396.65
550.3	393.25
550.25	394.95
552.7	395.65
553.2	394.8
550.5	397.5
549.9	403.85
550.9	406.35
551.55	402.2
554.55	400.25
557.9	399.5
558.35	400.15
556.8	399.05
553.45	402.4
555.95	403.5
559.1	405.1
559.6	418.5
560.55	416.65
561.45	424.3
565.6	426.75
558.8	427.3
557.85	432.7
559.5	432.8
557.9	435.1
560.35	432.75
558.45	435.25
558.3	438.95
559.5	435.85
558.7	430.5
552.9	426.45
554.9	423.3
555.7	420.85
553.65	419.35
554.1	417.1
554.8	410.9
553.1	411.1
554.4	407.5
552.9	404.95
554.75	401.7
554.6	406.3
554.95	410.05
554.45	411.15
554.05	410.35
553.9	411.6
554.1	412.6
555.85	409.65
555.75	409.6
555.55	408.35
555.85	410.25
556.3	407.3
554.5	403.45
556.7	402.35
556.9	403.45
559.9	399.35
561.8	396.25
561.6	391.4
564.1	385.1
566.5	388.15
569.45	385.9
569.45	391.4
566.65	397.5
568.15	396.8
570.4	397.7
569.95	395.95
570.65	396.65
573.4	401.05
570.75	402.25
572.2	402.5
575.15	402.3
573.9	402.8
575.1	402.3
576.45	402.15
575.9	404.95
577.3	404.15
579.45	401.25
578.6	391.85
576.25	386.9
575.75	390.9
577.7	389
575.5	400.4
574.45	400.5
572.75	398.85
571.7	397.2
570.9	390.7
569.25	393.15
567.8	396
567.25	392.1
568.4	391.3
565.35	391.5
568.35	391.65
565.2	392.25
564.9	390.3
563.95	390.6
563.45	393.05
568.4	394.45
564.75	394.05
566.85	394.65
568.7	397.25
569.8	397.8
568.8	398.55
569.1	397.05
569.15	397.2
569	396.45
567.45	396.45
563.1	392.4
563.7	388.8
563.55	386.7
563.65	389.5
559.85	388.85
558.7	391.6
555.8	392.8
556.35	389.1
552.95	390.2
555.35	391.05
554.05	391.75
553.75	395.05
554.1	393.95
552	393.8
551.05	393.3
553.05	393.8
554.25	393.8
554.7	389.85
554.5	391.6
550.85	395.65
547.75	396.25
549.65	394.7
551.25	393.6
550.9	392.6
550.95	392.6
547.95	394.7
549.3	397.1
547.35	396.15
546.55	398.9
547.35	398.25
547.25	389.35
547.8	389.5
549.15	388.8
550.1	387.6
550.6	392
548.55	392.5
549.3	385.95
550.95	381.9
550.95	379.4
550.45	379.85
546	386.3
542.5	384.45
543.15	380.7
547.75	378.4
545.4	378.1
553.3	373.85
550.4	375.55
550.3	379.05
552.35	376.35
553.4	377.8
551.35	382.45
551.9	376
552.4	381.05
552.4	386.3
552.85	388.1
550.35	389.35
549.5	389.4
547.85	388.2
548.8	389.85
549.25	387.05
546.95	387
549.4	379.15
543.9	377.25
542.9	375.2
544.5	378.2
542.05	380.75
539.5	376.85
544.25	375.65
543	371.45
542.1	375.35
544.95	377.75
544.75	378.9
547.05	376.7
547.3	377.2
552.3	375.1
550.3	373.2
553.1	371.05
555.5	372.5
556.05	372.6
556.6	371.95
561.05	370.65
564.9	371.4
566.75	378.45
565.6	372.95
563.35	371.3
564.5	376.55
564.25	373.15
563.35	366.8
566.7	369.5
569.9	366.1
563.75	366.25
565.1	369.4
566.3	365.2
566.25	370.25
561.05	369.3
0	0
0	0
0	0
0	0
0	0
0	0
0	0
448.25	336.4
457.25	333.05
465.35	331.5
473.55	325.55
472.45	329.65
477.75	324.3
479.3	324
486.35	327.55
489.15	323.6
488.6	323.45
489.1	327.5
488.3	329.3
483.45	333.5
486.2	335.2
483.75	336.15
485.1	336
485.25	337.6
484.65	339.65
488.95	342.6
490.25	340.3
489.5	341.35
484.35	341.65
483.95	340.45
484.8	341
490.35	340
492.15	339.6
489.75	337.45
485.85	340.65
485.25	340.65
490.5	339.7
489.1	338.95
487.45	342.25
0	0
486.8	341.25
486.35	340.05
484.9	340.1
485.5	337.7
489.55	336.65
488.9	337.15
490.7	336.65
485.55	338.4
484.4	339.85
484.6	339.75
486.05	338.1
486.8	343.1
485.2	347.6
487.1	347.45
486.25	354.2
485.7	359.2
491.05	360
488	364.2
489.15	366.6
490.1	367.75
492	370.15
488.7	375.05
488.9	377.05
488.45	379.55
491.1	378.65
490.85	377.8
493.15	378.4
493.6	378.85
492.55	380.8
491	376.5
491.85	376.45
493.25	373.55
491.2	371.8
491.9	374
492.9	368.8
494.9	367.8
493.85	365.25
494	363.45
494.45	360.2
495	360.6
495.9	360.1
494.7	359.55
498	358.8
500.2	362.4
500.5	365.45
500.2	362.7
501.15	359.6
499.5	355.65
502.25	355
502.75	361.55
504.9	358.2
507.9	354.2
511.6	356.65
512.15	356.85
517.2	356.25
520.3	353.1
525.35	348.95
527.05	346.05
531.15	346.5
530.4	339
534.2	334.65
536.9	331.4
535.65	330.45
536.7	334.05
537.2	332.5
540.8	324.95
541.5	329.25
543.2	327.55
539.6	324.2
544.65	324.15
541.75	322.45
546	325.7
545.35	330.8
548.3	327.5
550.4	329.25
552.65	328.8
552.3	328.8
552.6	330.35
546.05	332.4
547.05	335.8
548.35	339.55
548.5	339.25
551.55	338.35
551.4	332.2
551.6	330.45
551.9	333.5
547.1	330.6
550.35	324.65
549.6	321.05
544.4	329.7
0	0
0	0
0	0
0	0
0	0
0	0
0	0
0	0
0	0
0	0
0	0
0	0
0	0
0	0
0	0
0	0
0	0
0	0
0	0
0	0
531.6	328.65
531.5	336.35
530.95	339.6
529.9	346
527.25	348.9
526.1	351.15
525.75	358.25
525.75	366.7
520.75	371.3
524.15	375.65
525.45	372.15
526.05	379.9
525.55	380.5
525.35	381.05
523.85	381.7
526.15	382.05
527.45	379.8
525.35	377.8
528.1	377.9
528.35	375.35
530.95	374.25
524.7	370.65
528.45	366.35
530.7	361.65
530.7	360.7
527.25	358
527.3	358.85
530.3	357.05
530.7	358.65
523.3	356.65
526.65	351.55
519.7	357.1
519.25	355.35
521.2	353
523.3	350.35
523.45	350.85
526.7	349.05
523.1	351.7
520.95	353.35
523.8	349.3
525.35	344.9
523.5	345.45
521.45	335.7
524.6	339.3
520.95	340.35
520.05	341
522.45	334.65
520.7	333.45
521.15	332.05
520.75	326.6
518.15	327.2
515.9	332.25
518.55	334.85
519.65	336.75
518.7	333
520.4	334.9
521.8	340.45
524.45	339.75
525.45	336.15
522.15	341.65
523.55	345.6
528.9	344.05
527.6	342.9
529.9	346.05
527.3	348.95
532.5	348.4
532.05	347.45
532.25	348.05
533.35	348.7
533.05	350.4
533.1	345.8
533.4	351.5
533.25	347.35
537.45	345.3
536.5	341.65
534.25	346.8
531.55	343.65
531.25	339.8
538.5	339.05
535.65	334.9
536.3	330.15
535.3	322.85
528.4	319.75
530.5	323.65
530.3	320.4
530.95	318
527.55	317.25
528.05	312.2
528.7	312.6
524.95	312.15
526.6	308.95
524.8	303.85
531.3	305.05
532.3	302.75
531.45	298.1
529.85	298.85
536.2	298.45
535.35	297.75
532.35	296.6
530.55	299.15
530.75	299.65
534.75	296.2
535.85	297.05
538.65	291.95
538.9	297.95
536.9	306.55
532.7	307.4
537.15	306.4
535.6	310.8
537.65	312.45
537.25	317
533.8	317.25
533.8	313.55
534.55	313.25
534.45	311.05
534.8	309.05
532.6	307.65
532.7	303.85
534.8	302.3
533.25	299.5
531.55	299.1
531.55	297.45
532.45	295.65
531.45	292.05
527.8	289.95
528.2	287.55
533	284.65
527.85	283.1
523	280.15
522.2	281.2
525.1	276.95
522.15	276.8
520.9	277.9
520.1	278.4
520.5	278.8
521.75	280.6
523	284.7
526.6	285.2
525.25	285.2
526.95	282.3
520.4	283.1
521.4	290.05
523.1	287.35
518.05	279.25
517.55	282.35
516.35	281.5
515.35	286.8
521.3	283.7
517.8	287.45
516.25	292.45
519.3	291.05
518.7	292.25
526.25	289.5
529.85	283.05
531.2	284.8
532.45	282.85
532.25	285.85
523.85	281.95
526.65	286.05
526.5	285.2
527.65	285
526.5	285.45
524.7	280.75
522.65	281.4
522.2	280.45
523.55	282
521.15	283.75
523.85	286.2
527.05	284.95
528.1	287.7
525.85	289.8
527	287.9
525.5	288.85
525	287.75
522.7	286.75
522.8	289
522.1	288.95
522.7	285.7
525.7	286.65
525.15	288.3
524.25	286.85
523.4	284.75
515.2	283.8
518.25	282.65
522.3	282.55
521.8	276.45
516	274.6
516.8	272.65
516.2	270.5
516.2	268.9
518	270
517	267.2
520.45	270.25
517.35	266.5
519.75	272.2
519.5	271.75
519.4	269.8
524.7	273.45
524.75	271.55
525.9	270.3
521.2	272.6
519.7	271.65
523.1	270.8
520.05	261.6
520	257.3
518.5	286.1
0	0
0	0
0	0
0	0
0	0
0	0
0	0
692.3	375.95
694.4	330.05
703.7	299.4
703.45	288.4
697.9	288.05
698.4	284.7
698.45	283.4
701.9	273.1
699.65	272.25
698.7	281.9
519.95	253.35
498.5	265.15
497.75	277.05
495.85	283.1
497.1	287.7
783.75	350.9
820.65	365.8
814.3	364.75
821.8	363.2
815.6	361.85
815.45	365.2
817.95	370.2
815.6	377.6
816.45	377.9
814.8	385.4
959.75	376.9
1002.65	358.8
1000.1	363.05
1005.35	365.35
1006.9	360.85
1009.2	359.95
1010.7	358.1
869.8	311.8
784.55	296.9
783.05	295.25
775.45	297.4
775.4	300.1
774.9	297.8
775.8	295.9
773.9	296.2
774.4	294.45
776.55	290.1
674.5	491.3
652.4	487.9
647.9	485.2
641.2	487.65
638.15	484.25
634.2	479.3
632.15	465.5
631.5	462.8
632.8	460.8
627.6	451.9
631.15	449.3
629.7	443.25
628.25	432.15
629.8	428.65
633.15	424.7
634.2	428.5
0	0
0	0
0	0
0	0
0	0
0	0
0	0
0	0
581.05	317.35
588.65	288.9
588.1	289.3
582.6	302.1
586.25	306.1
589.7	299.85
592.35	305.1
591.2	301.6
593.85	302.6
593.2	309.85
590.95	306.65
591	305.4
588.1	305.15
586.7	301.4
586	299.35
588.2	292.55
586.05	295.3
588.2	298.15
584.7	303.7
584.8	311.4
670.8	577.85
690	567.85
682.9	564.55
682.8	562.5
679.8	561.55
677.05	567.45
674.95	569.7
672.4	569.75
670.1	570.9
670.25	567.05
669.25	570.05
673.25	565.75
628.55	479.2
592	374.35
594.5	369.7
588.65	372.55
585.8	380.5
585.5	379.35
587.9	378.7
582.75	390.75
585.95	393.4
584.05	383.4
585.2	384.4
581.9	388.35
580.55	388.5
578.1	389.05
577.7	388.25
582	380.05
580.25	382.2
581.3	378.1
580.45	375.7
584.25	372.3
579.1	371.15
708.9	329.9
706.3	316.4
695.3	320.25
638.95	644.45
0	0
0	0
0	0
0	0
0	0
0	0
0	0
0	0
0	0
0	0
0	0
654.65	402.85
661.2	391.6
664.55	388.75
670.5	386.1
670.05	385.75
662.8	389.7
661.9	388.6
661.4	385.95
659.25	385.75
658.5	388.35
361.45	399.6
204.4	418.6
189.4	425.45
186.25	429.2
188.25	428.45
190.4	428.7
193.15	432.25
190	426.3
544.05	448.65
546.6	449.25
540.75	450.9
537	454.35
535.55	451.45
538.95	445.95
536.7	446.7
712.8	373.85
724.3	372.5
720	374.6
720.7	371.1
722.9	371.9
722.95	374.7
722.2	372.15
724.2	370.75
560.5	364
531.35	359.6
533.55	359.45
531.7	361.45
531.1	360.8
531.9	353.75
544.55	355.6
596.5	468.5
597.65	496.8
599.55	491.75
603.25	490.85
603.45	488.5
599.35	493.2
601	492.2
601.2	487
603	480.85
603.05	490.5
596.4	489.35
596.15	489.2
597.25	493.4
597.45	487.65
594.7	488.8
593.3	488.65
593.05	490.9
599.3	490.25
603.65	493.75
716.25	378.05
728.2	368.8
721.95	370.15
721.3	369.9
723.15	369.05
729.8	368.7
727.65	370.7
729.9	369.1
720.8	370.35
720.85	368.45
720.65	369.45
724.7	360.75
723.9	359.25
727.4	362.1
503.25	307.1
490.6	329.3
493.45	338.45
495.4	339.95
496.9	342.9
503.35	339.4
501.15	343.05
503.35	347
504.95	352.2
507.95	346.8
508.45	341.65
509.6	342.8
515.55	347.1
510.9	348.2
512.5	348.15
518	341
517	345.85
519.4	344.35
520.25	350.15
520.1	350
521.15	350.4
526.1	348.8
526	352.25
524.9	354.05
527.85	357.3
552.45	283.75
546.8	207.8
549.1	200.75
548.65	211
545.35	210.15
548.2	217.75
547.15	223.5
546.55	233.65
545.7	238.9
540.95	251.1
0	0
0	0
0	0
0	0
0	0
0	0
0	0
0	0
0	0
0	0
0	0
0	0
0	0
0	0
0	0
0	0
0	0
0	0
0	0
0	0
0	0
0	0
0	0
387.05	445.85
392.3	441.9
390.8	443.45
398.6	409.95
395.1	415.45
396.3	415.25
397.3	407.6
398.05	410.35
398.95	409.45
396.45	418.9
394.75	422.05
395.8	424.4
398.6	425.5
399.2	426.25
401.7	427.2
406.15	433.5
402.3	429.45
400.95	430.7
406.55	431.45
408.8	430.95
404.35	429.55
400.95	432.8
408.25	431.3
451.25	300.4
456.75	297.35
460.85	301.7
453.05	305.8
454.15	303.3
457.7	302.6
459.4	301.25
459.95	302.2
453.7	301.95
450.45	308.45
453.6	306.75
452.35	310.85
453.4	313.25
452.75	312.4
451	312.6
451.9	314.7
452.95	311.85
455.8	310.95
454	309.1
458.15	308
463.35	307.3
459.25	306.95
458.45	304.35
460.55	302.25
460	299.35
460.55	300.95
461.6	297.1
461.15	292.15
465.5	298.35
466.35	292.8
467.9	293.7
468.85	291.7
461.35	437.55
471.65	424.55
471.15	424.4
476.65	425.1
472.4	428.6
467.85	426.1
453.6	408.3
451.95	381.25
447.25	380.8
447.75	384.85
448.4	383.4
446.15	391.3
442.1	390.4
442.4	387.45
446.8	387.4
448.25	386
0	0
0	0
0	0
0	0
0	0
0	0
0	0
0	0
0	0
534.3	312.1
536.95	302.8
539.25	300.35
536.5	299.9
636.3	339.75
632.65	348.15
634.2	355.05
633.95	356.05
633.8	366.15
636	372.6
633.6	376.7
588.7	352.05
588.25	356.5
588.55	363.25
587.45	364.9
589.2	366.75
589.35	369.5
591.25	374.25
599.4	376
598.25	371.7
597.1	374.7
600.6	373.45
594	370.15
593.2	367.6
593.35	363.3
594.3	359.1
593.65	358.25
589.65	361.05
525.5	354.75
509.75	363.5
509.95	366.3
511.2	366.9
507.15	366.8
509.15	359.5
511	364.4
513.5	360.3
509.4	359.3
505.2	354.85
501.85	348.95
501.85	348.4
498.55	355.25
495.15	353.8
493	350.3
493.65	350.45
442.35	259.3
453.8	266.6
458.8	271.2
454.55	273.2
453.85	271.4
456.1	271.3
462.6	270.1
498.7	284.7
591.6	354.3
609.65	371.05
608.65	370.4
607.2	367.55
611.35	372.4
611.35	381.05
609.55	383.1
611.45	382.75
611.45	383.05
609.15	391.35
613.6	395.45
614.7	397.7
613.15	399.3
607	396.15
607.3	395.65
605.55	394.3
611.75	391.1
613.55	392.35
610	395.05
609.45	396.75
610.25	397.45
609.7	395.5
889.05	430.65
885.1	421
883.4	418.95
883.3	415.85
880.85	417.95
875.55	421.6
876.8	426.3
873.25	424.5
865	420
489.7	392.3
483.95	375.35
490.35	371.45
486.65	377.2
485.25	374.8
486.5	373.9
488.75	372.25
487.2	286.15
487.85	301.15
486.15	301.25
487.95	300.3
498.55	303.55
496.45	305.5
497.15	311.9
496.9	312.05
566.7	267.1
605.85	244.4
607.35	247
608.4	238.85
608.35	238.15
600.3	242.75
601.6	240.25
599.3	243.7
596.3	240.65
598.9	244.1
598.6	248.9
599.95	251.4
597.85	247.95
597	246.2
598.7	253.1
595.75	250.45
604.3	248.7
605.65	248.05
605.3	247.65
638.65	395.15
626.35	385.8
625.6	381.8
625.3	380.35
624.4	383.65
619.45	385.1
620.55	383.15
626	389.05
622.4	391.2
621.45	389.05
620.3	389.7
610.9	387.75
609.35	387.5
609.9	389.2
610.85	388.25
614.6	387.95
611.35	394.25
612.95	392.85
655.85	407.55
871.3	605.2
900.5	622
902.35	619.45
904.85	623.3
906.6	627.05
899.45	625.45
899.75	622.95
902.9	630.45
903.9	627
671.65	435.8
670	415.55
671.35	421.35
674.1	416.9
675.1	416.85
673.05	419.6
667.95	423.65
671.55	426.15
639.1	560.95
646.1	551.25
651.15	545
647.45	545.15
640.65	545.8
639.25	547.6
645.4	549
641.35	542.9
636.2	539.35
634.9	538.15
635.95	539.2
632.5	538.45
629.8	540.1
675	423.55
688.5	404.05
686.7	406.05
685.6	405.4
680.35	408.85
686.3	406.3
684.2	412.7
691.7	419.4
691.65	422.2
724.45	435.05
734.1	436.75
733.6	442.9
731.4	437.2
732.05	434.2
732.9	434.6
731.25	434.35
0	0
0	0
0	0
0	0
0	0
0	0
697.5	405.35
688.15	423.7
684.8	434.15
687.45	433.2
698.4	431.85
728.4	435.9
729.5	438.45
732.7	434.6
725.6	431.4
722.55	429.35
723.6	429.05
720.3	424.45
718.1	421.35
716.45	417.35
713.95	415.15
717.35	417.5
717.3	417.05
514.9	407.65
534.25	403.75
539.5	400.35
541.05	402.95
542.95	402.85
536.3	401.65
539.55	404.1
542.8	399.05
547.2	403.3
544.3	401.8
549.4	399.05
547.4	404.55
545.15	407.45
547.1	405.45
544.5	409
545.95	412.1
545.45	422.15
537.4	420.05
649.45	320.45
640.55	346.5
638.9	345
633.7	344.8
632.9	334.25
630.3	332.7
635.35	328.65
629.8	330.05
586.2	448.25
590.65	433.55
595.9	421.45
590.55	420.25
589.95	415.6
587.9	417.15
592.7	417.05
588.45	421.35
589.5	417.05
592	416.65
591.95	415.2
590.2	415.1
594.05	413.8
588.55	426.75
597.5	417.2
598.55	416.8
597.45	419.15
614.55	420.2
659.15	406.7
667.45	407.95
669.75	411.35
669.35	406.9
670.7	408.05
608.5	414.2
602.1	408.45
600.9	409.8
598.85	411.4
597.75	412.05
598.95	410.75
598.3	410.9
602.4	409.1
599.4	410
600.15	410.25
598.75	415.3
597.2	413.7
596.85	412.75
601.15	239.8
600.15	232.9
600.35	235.6
602.15	245.3
606.2	246.6
889.75	162.7
966.3	186.4
966.9	185.75
971.55	179
970.8	176.6
972.7	176.95
759	203.45
618.75	285.4
607.05	302.95
604.15	304.95
602.6	305.95
603.7	304.25
604.15	301.1
607.6	300.3
603.2	297.4
606.4	293.85
598.65	296.6
593.6	294.15
592.6	295.7
587.2	306.35
0	0
0	0
0	0
0	0
0	0
0	0
0	0
0	0
0	0
0	0
0	0
0	0
630	418.5
634.85	407.25
637.4	403.55
583.75	316.4
590.35	324.7
595.15	317.35
591.05	311.2
588.7	315.4
584.75	322.65
581.8	325.4
584.05	317.85
577.85	320.85
579.4	322.55
0	0
579.3	325.55
583.85	329.9
583.5	324.5
586.4	328.55
587.8	326.3
656.7	242.95
0	0
640.4	252.25
639.6	250.7
0	0
641.85	250.15
645.9	251.6
646.1	256
0	0
651.3	255.3
647.95	258.05
0	0
554.85	383.95
0	0
0	0
0	0
0	0
0	0
0	0
872.25	433.45
0	0
0	0
0	0
0	0
0	0
0	0
565.45	457.65
0	0
0	0
0	0
0	0
0	0
0	0
564.55	456.8
0	0
0	0
0	0
0	0
0	0
0	0
564.15	451.6
0	0
0	0
0	0
0	0
0	0
0	0
715.8	314.15
0	0
0	0
0	0
0	0
0	0
0	0
716.55	303.65
0	0
0	0
0	0
0	0
0	0
0	0
807	291.6
0	0
0	0
0	0
0	0
0	0
0	0
911	325.45
0	0
0	0
0	0
0	0
0	0
0	0
910.8	346.55
0	0
0	0
0	0
0	0
0	0
0	0
915.05	343.95
0	0
0	0
0	0
0	0
0	0
0	0
614.45	414.5
0	0
0	0
0	0
0	0
0	0
0	0
529.25	672.55
527.65	667.8
528.05	667.2
528.7	661.75
527.5	660.4
525.55	659.85
524.45	658.45
521.5	658.5
643.35	632.1
633.6	638.6
633.6	636.4
633.35	636.65
631.85	640.75
754.35	646.4
765.2	654.25
767.2	655.15
769.3	653.9
732.8	608.8
634.8	378.55
614.95	304.9
622.35	304.7
622.9	298.9
631.7	302.55
628.35	301
629.75	296.2
628.5	295.75
627.35	299.6
625.25	294.4
624.1	303.6
622.2	298.85
630.7	319.4
805.5	634.25
817.25	661.1
814.35	654.9
810.25	653.05
812.15	659.05
764.95	650.05
695.1	635.7
691.55	636.9
690.5	638.8
696.65	632
695.2	636.55
871.2	639.35
967.6	646.25
978.15	650.4
977.35	652.35
977.8	652.6
976.9	652
976.95	652.35
974.55	651.45
975.15	650.1
800.6	658.75
819.4	651
822.85	648.8
827.2	649.8
822.65	649.25
823.9	649.65
827.9	649.85
827.7	647.95
809.1	644.6
533.15	644.15
490.55	649.15
486.9	652.2
493	653.8
494.4	652.75
492.85	651.05
491.35	654.4
489.3	657.35
490.55	656.85
574.8	633.95
582.1	639.05
578.9	652.85
0	0
0	0
0	0
0	0
0	0
0	0
650.85	315.5
644.45	322.45
646.95	324.2
647.7	316.7
646.8	314.6
641.9	307.85
641.7	305.9
572.45	591.2
594.1	570.3
593.25	555.2
590	555.8
596.1	556.9
593.5	553.9
599.6	557.05
595.15	529.85
595.25	533.6
595.15	544.8
598.9	547.65
597.85	550.2
600.95	559.55
598.45	562.05
618.05	509.65
664.45	348
672.2	323.5
670	314.95
673.9	313.4
664.65	313.25
587.15	257.95
605.6	272.75
603.6	272.9
599.65	266
601.25	268.25
599.4	269.55
599.25	270.95
602	279.4
601.65	280.55
607	273.25
610.8	272.55
609.7	273.25
608.35	275.75
611.05	271.15
610.7	269.45
611.05	272.35
611.1	276.05
606.65	279.3
605.7	282.9
608.3	279.1
606.15	281.25
612.35	281.55
607.4	285.95
606.35	290.05
608.2	286.5
609.1	292.9
608.65	295.05
610.35	297.05
612.4	298.1
611.45	298.15
809.25	512.65
814.35	550.6
811.95	548.6
814.1	549.7
810.5	551.95
810.4	552.35
810.95	562.4
804.95	573.5
720.75	670.45
703.65	700.85
702.9	698.4
704.3	695.65
702.9	691.1
707.65	699.05
546.45	586.7
490.6	596.15
490.2	594.7
493	591.1
490.3	597.8
728.9	299.9
776.1	304.85
768.35	323.15
761.15	316.4
762.5	318.65
879.25	265.95
886.45	241.65
887.35	242.65
890	241.75
890.2	238.05
883.5	244.5
915.65	251.05
909.9	248.6
903.7	246.1
904.2	245.4
901.5	242.9
894.05	243.45
888.05	250.15
886.55	248.4
882.3	247.45
885.75	249.85
889.15	243.9
890.4	244.45
884.75	251.2
711.3	265.05
622.7	313.2
623.45	327.8
618.9	326.3
621.15	326.85
620.2	327.15
619.65	327.3
618.35	315.65
620.15	314.25
617.55	317.05
617.85	315.1
616.7	311.45
618.85	308.3
614.65	316.35
611.75	319.05
613.05	315.05
615.3	306.5
613.9	305.9
611.65	299.75
613.9	263.55
617.75	255.95
618.15	254.7
615.5	256.55
612.3	257.45
617.3	255.7
621.5	251
621.55	250.35
621.4	256.95
620.65	260.65
617.05	263.45
619.35	260.45
619.85	316
623.2	317.4
622	321.75
625.2	320.15
624.6	321.75
624.75	320.55
893.3	128.5
893.4	136.25
885.65	150.35
885.15	146.5
886.9	139.9
887.7	142.1
880.1	149.2
879.9	152.4
886.15	148.95
882.1	152.95
446.35	310.75
336.7	398.6
351.35	405.75
347.55	408.35
350.8	411
347.35	406.35
347.2	412.65
347.85	416.6
310.4	316.55
309.75	291.95
310.95	296.45
314.65	308.3
312.85	308
311.2	300.6
318.9	291.6
315.3	299.45
321.75	286
318.75	287.7
322.1	288.35
322.35	299.85
316.4	303.95
318.8	308.4
321.15	299.9
321.75	308.2
325.75	309.8
324.15	303.85
327.65	306.7
329.2	307.6
848.3	302.45
819.75	301.6
806.25	297.15
805.05	293.25
806.85	293.8
798.65	295.55
800.85	289.1
798	291.3
788.05	296.8
785.35	297.4
785.95	294.1
786.35	298.75
780.65	305.85
630.15	248.15
635.15	245.55
638.1	253.4
639.75	257.1
607.75	476.65
0	0
0	0
0	0
0	0
0	0
0	0
0	0
0	0
0	0
0	0
0	0
0	0
0	0
0	0
0	0
0	0
0	0
0	0
0	0
592.1	314.55
589.6	313.3
591	316.9
590.9	314.6
588.2	329
596	325.5
589.9	335.5
601.3	335.85
596.7	341.5
654.15	374.9
676.2	419.75
690.95	430.35
690.95	433.05
710	425.75
706.7	429.75
706.3	435.65
702.85	439.65
702.3	441.7
698.75	433.25
682.5	429
667.4	424.7
657.8	414.8
637.15	412.85
620.35	405.75
602.6	401.75
588.4	397.4
572.5	391.65
529.3	419.6
517.7	422.9
506.55	423.6
490.5	421
475.65	417.15
469.2	410.6
452.85	408.45
442.45	412.05
430.9	414.25
426.2	410.1
467.3	419.4
664.75	435
683.4	430.7
685.2	433.5
685.45	433.05
685.1	435.55
685.5	440.3
686.25	445.1
683.25	454
680.5	461.85
679.8	456.55
680.2	460.9
677.7	468.25
675.3	472.55
679.15	472.55
684.4	471.7
683.8	474.05
686.15	475.3
678.3	480.5
687.7	477.55
685.85	474.15
692	472.95
692.15	471.4
690.1	469.2
690.8	473.7
688.7	472.55
689.35	474.7
692.45	476.95
696.65	476.05
700.2	473.55
701.9	470.5
700.65	473.85
703.25	479.45
700.65	477.05
738.9	469.65
744.35	471.4
743.25	473.3
737.6	471.75
738	468.2
736.85	468.1
679.9	478.15
696.1	481.45
694.35	480.2
694.7	476.35
694.75	474.75
693.65	471.1
690.35	468.5
696.05	465.45
702.1	463.4
702.15	465
702.4	463.5
696.45	470.55
699.5	469.05
704.65	467.85
708.4	470.8
741.05	471.45
739.45	467.5
747.25	465.85
749.7	456.55
752.95	458.55
750.45	455.95
742.5	458.95
741.95	460.5
744.6	459.9
743.6	460.75
742.25	458.55
741.75	452.45
748.35	447.1
747.95	444.4
743.75	447.25
629.3	310.3
632	315.45
632.55	317.8
640.1	316.45
639.45	308.9
642.9	310.9
644.2	319
633.4	286.2
639.15	288.3
637.35	289.7
639.05	296.1
637.85	296.45
629.65	310.95
632.1	313.95
625.85	326.15
611.45	382.8
602.85	521.55
609.25	552.5
613.7	557.45
612.65	553.9
605.55	551.3
605.5	552.9
600.5	555.85
601.05	555.8
595.4	551.3
595.65	552.8
595.55	556.9
573.3	582.4
569.15	579.35
566.7	579.8
563.9	581
563.6	578.6
566.3	581.4
567.3	581.05
610.8	350.35
615.4	330.25
614	337.05
610.05	337
621	336.8
623.85	332.65
623.85	220.4
626.15	248.75
628.4	254.15
623.85	250.7
622.7	248.95
628.2	242.2
627.25	242.8
626.75	240.25
620.65	239.45
618	239.65
616.35	238.35
424.05	565.4
427.15	559.15
429.15	549.45
439.05	546.2
435.75	545.35
436.85	540.35
441.85	533.5
439.25	520.4
664.15	536.7
666.3	533.4
658.8	520.65
660.7	513.95
655.65	510.35
653.7	508.05
654.3	500.7
647.3	487.95
678.5	479.45
920	348.4
940.55	320.25
937.5	325.55
934.9	324.2
933.4	325.1
931.35	323.1
934.05	317.3
946.1	286.05
947.05	284.15
943.05	283.85
945.8	283.2
944.3	280.25
940.3	278.55
941.6	279.9
947.2	279.45
943.65	279.05
937.2	277.1
938.15	278.15
946.05	278.2
943.65	271.5
937.8	273.35
932.45	269.45
931.45	268.45
928.5	269.05
929	266
930.8	266.65
935.45	270.45
932.65	270
653.05	455.55
643.7	445.05
642.2	435.65
643.85	433.65
640.25	426.6
723.65	501.85
704.65	488.4
703.55	489.2
704.5	490.1
709.6	491.85
704.55	486.8
702	484.85
704.5	482.85
703.4	491.3
700.4	493.4
701	495.7
695.05	502
688.4	499.85
686.35	513.65
684.85	511.7
684.05	511.05
687.05	517.45
687.05	518.25
684.05	521.2
661.15	483
622.75	380.3
627.35	368.75
625.4	375.7
621.2	366.95
621.9	369.9
626.55	369.95
629.5	366.35
628.35	367.1
629	369.55
625.7	366.5
626.6	367.5
623	364.75
628.6	367.35
624.8	367.3
621.85	368.55
570.2	372.35
465.8	392.15
461.3	391.05
464.75	383.8
465.7	381.95
462.3	383.5
461.55	388.05
461.8	383.5
489.25	397.35
611.5	574.65
632.25	613.5
627.1	608.9
624.6	611.3
623.05	606.65
623.45	607.4
623.85	612.65
629.6	610.45
628.95	611.3
628.85	612.3
626.6	608.15
628.8	603.5
623	597.45
621.8	598.65
618	594.75
621.5	594.65
501.3	475.45
478.05	442.9
477.6	433.65
476.4	431.35
475.85	428.3
477.15	428.45
473.15	428.5
475.75	425.65
480.9	427.1
474.85	422.05
478.9	420.15
478.7	419.7
470.75	416.2
473.65	418.25
473.65	413.85
630	358.75
614.05	373.25
612.05	359.55
614.45	355.4
609.7	361.05
0	0
0	0
0	0
0	0
0	0
0	0
596.05	420.1
587.9	422.7
584.5	431.95
586.35	438.15
585.15	434.1
584.25	431.15
586.6	424.5
583.9	427.9
584.8	428.1
585.7	431.5
587	431.4
588.15	425.75
581.4	430.65
581.25	432.65
582.1	431.95
582.35	429.8
584.05	425.15
583.05	424.15
583.95	433
586	428.65
533.3	388.3
498.1	367.95
498.7	358.6
497.9	357.75
499.65	356.65
500.1	358
495.45	361.55
496.45	357.7
499.5	357.9
501.05	358
501.5	359.3
504.5	361.7
507.95	361.55
510.2	360.3
509.85	362.9
509.25	357.55
511.9	360.4
514.45	357.05
515.7	354.8
513.75	355.3
513.7	353.05
515.8	357.15
517.2	357.4
513.85	357.6
511.2	357.15
513.25	362.3
514.8	351.45
517.45	359.75
419.7	457.2
458.1	459.6
456.85	463.6
457.2	463.95
458.45	463.4
456.6	460.15
457.6	461.55
460.45	457.95
458.3	462.55
458.2	462.9
459.3	462.3
467.2	387.4
466.4	409.2
462.9	412.35
463.1	416.1
458.75	418.2
456.05	417.65
454.25	418.7
498.05	412.6
745.7	328.9
766	325.35
762.9	322.05
762.1	321.65
762.05	321
762.5	317.55
762.7	319.15
764.35	319.5
761	322.4
751.55	325.35
751.35	323.4
751.25	324.6
755.4	322.85
751.15	327.05
749.4	329.9
753.65	331.05
750.35	331.65
748.95	332.55
748.9	335.9
749.45	337.5
737.3	355.6
729.85	359.3
731.85	359.4
729.9	355.95
730.55	355.6
723.35	358.85
727.2	352.75
726.4	352.3
725.55	326.45
724.65	328.35
721.15	328.25
721.1	327.65
721.45	323.1
719.6	316
717	306.9
717.15	312.05
724.2	313.5
725.1	309.25
727.25	308.55
484.35	371.5
212	523.4
196.25	531.9
188.3	537.3
190.05	539.85
187.1	539.5
188.75	541.6
190.05	537.2
186.65	537.35
533.15	375.7
548.65	347.45
546.9	347.3
546.7	347.9
553.7	345.7
550.7	350.15
551.35	353.1
556.25	359.25
555	357.9
554.4	356.35
368.8	394.7
356.5	395.35
368.6	396.85
370.2	401.1
369.35	401.95
376.3	409.5
374.25	408.35
375	401.1
649.8	407.85
682.35	422.75
679.9	422.3
686.4	416.7
693.6	412.2
696.4	413.35
703.3	407.85
697.9	400.15
699.35	399.65
702.2	402
704.75	408.25
706.25	407.4
707.65	408.4
708.85	404.65
706.95	402.5
710.2	398.2
712	400.95
434.9	369.45
460.1	366.3
468.05	365.75
472.35	362.45
470.5	361.75
477.75	358.4
478.95	355.25
475.95	359.55
481.25	362.9
483.8	365.2
483.15	363.3
487.45	361.4
482.2	366.5
479.1	369.75
477.6	373.25
478.6	375.35
477.45	377.3
483.9	377.1
482.2	380.3
476.75	382.9
473.6	385.05
475.7	386.3
477.95	389.15
489.65	395.2
491.25	396.9
489.95	402.5
485.25	406.8
483.6	409.35
475.25	414.75
480.55	417.6
497.1	563.65
497.65	547.85
499.3	543.95
489.85	542.5
490.85	539.15
491.75	537.25
490.3	534.05
489.95	528.9
497.55	526.5
494.2	521.15
498.45	520.4
499.65	518.3
497.5	518.25
495.65	509.35
496.65	504.35
498.75	502.5
501	506.6
504.85	504.1
498.5	503.05
502.85	506.1
515.7	505.6
513.05	504.35
514.1	501.25
0	0
0	0
0	0
0	0
0	0
0	0
0	0
0	0
0	0
0	0
0	0
0	0
0	0
0	0
0	0
0	0
0	0
0	0
0	0
0	0
0	0
0	0
0	0
0	0
0	0
0	0
0	0
0	0
0	0
0	0
0	0
0	0
0	0
0	0
0	0
0	0
0	0
0	0
0	0
0	0
0	0
0	0
0	0
0	0
0	0
0	0
0	0
0	0
0	0
0	0
0	0
0	0
0	0
0	0
0	0
0	0
0	0
0	0
0	0
0	0
0	0
0	0
0	0
0	0
0	0
0	0
0	0
0	0
0	0
0	0
0	0
0	0
0	0
0	0
0	0
0	0
0	0
0	0
0	0
0	0
0	0
0	0
0	0
0	0
0	0
0	0
0	0
0	0
0	0
0	0
0	0
0	0
0	0
0	0
0	0
0	0
0	0
0	0
0	0
0	0
0	0
0	0
0	0
0	0
0	0
0	0
0	0
0	0
0	0
0	0
0	0
0	0
0	0
0	0
0	0
0	0
0	0
0	0
0	0
0	0
0	0
0	0
0	0
0	0
0	0
0	0
0	0
0	0
0	0
0	0
0	0
0	0
0	0
0	0
0	0
0	0
0	0
0	0
0	0
0	0
0	0
0	0
0	0
0	0
0	0
0	0
0	0
0	0
0	0
0	0
0	0
0	0
0	0
0	0
0	0
0	0
0	0
0	0
0	0
0	0
0	0
0	0
0	0
630	402.95
634.9	404.2
633.5	402.3
634.9	396.35
580.6	386.9
399.35	369.75
372.4	379.65
369.5	382.9
367.8	387.05
369.65	383.1
366.7	396.6
536.1	397
711.25	390.3
725.05	397.3
719.25	400.05
720.7	403.9
720	407
721.8	405.2
729.7	403.35
737.15	406.15
736.15	404.7
734	408.1
550.65	372.9
529.65	392.75
535.85	389.3
538.15	388.55
535.25	389.2
532.45	389.75
532.25	393.5
533.5	390.75
843.1	402.95
850	419.05
842.45	417.75
850.8	409.2
842.2	407.2
843.55	408.7
844.35	408.05
850.25	409.3
856.3	408.6
852.35	405.85
856.85	409.55
859.4	409.9
856.2	412.4
852.25	408.1
851.2	407.45
849.75	404.4
848.5	402.2
851.5	401.5
743.4	384.05
743.55	398.85
743.6	398.55
746.5	394.55
744.65	386.6
739.55	389.05
743.95	388.35
498.8	309.9
506.95	329.75
513.6	329.9
515.7	327.4
512.65	327.9
511.6	325.5
515.6	326
512	322.75
512.05	317.15
510.9	319.75
511.4	314.9
509.3	313.8
505.6	309.85
445.05	381.55
433.4	391.1
429.4	386.6
429.2	391.4
422.75	391.95
418.5	392.9
416.5	393.2
417.35	392.35
611.9	373.15
610.2	362.85
608.55	360.35
607.45	361.2
610.15	362.65
613.2	362.7
589.3	360.25
437.6	335.95
409	331.95
410.4	333
408.95	335.45
407.7	336.9
367.05	544.1
0	0
0	0
0	0
0	0
0	0
0	0
0	0
0	0
0	0
0	0
0	0
351.3	391.45
358.9	400.5
362.15	399.95
684	336.1
665.65	345.9
660.45	344.3
662.05	344.2
667.45	349.25
670.3	353.95
672.35	354.75
673.75	358.8
674.35	359.2
676.9	357.95
679	361.3
679.6	360.55
679.25	360.2
658.8	359.6
512.55	318.55
490.65	322.35
486.1	332.25
489.65	332.2
486.15	337.25
489	337.2
486.4	333.4
487.3	330.65
485.6	329.4
486.05	334.65
487	337.25
487.55	335.35
873.4	359.35
857.4	361.45
846.75	361.1
846.3	358.65
848.05	356.4
848.2	354.95
846.75	353
846.55	353.1
847.6	352.5
842	349.95
778	330.2
770.3	328.45
770.5	327.6
776.1	322.25
775.65	330.15
773.7	332.45
771.55	330.85
0	0
0	0
0	0
0	0
0	0
0	0
0	0
0	0
0	0
0	0
0	0
0	0
0	0
0	0
0	0
0	0
0	0
0	0
0	0
0	0
0	0
0	0
0	0
0	0
451.05	337.4
449.75	338.85
449.8	337.9
451.95	343.85
537.95	341.75
550.45	346.2
551.45	347
548.1	344.15
546.6	344.2
545.8	342.05
546.7	339.65
547.45	336.8
546.05	342.7
545.1	342.95
545.5	342.6
547.85	338.75
547.85	338.6
550	340.65
552.5	336.4
551.85	333.65
550.8	335.8
550.55	344.35
551.2	345.45
555.75	338.55
554.75	332.4
556.1	329.75
556.2	330.55
552.8	332.75
551.5	338.05
550.3	334.05
549.85	329
854.95	371
846.95	373.5
834.45	371.25
832.15	371.6
829.05	370.35
819.8	371.85
810.9	370.45
797.45	370.65
781.35	366.15
718.85	354.4
708.75	356.35
706.2	355.9
703.45	355.35
700.15	349.4
703.45	347.5
690.7	355.1
683.7	354.2
677.45	355.65
673.85	364.15
670.4	361.55
672.15	353.05
666.45	340.85
661	339.8
661.65	342.6
660.8	352.55
659.3	350.3
660.35	347.9
659.4	339.7
573.6	340.2
320	345.9
297.35	343.2
299.65	341.25
297.95	341.3
294.05	345.75
300.1	347.45
299.1	346.55
303.5	347.35
567.25	351.65
721.35	365.4
730.45	366.9
735.2	366.8
737.55	372
734.15	376.2
740	370.35
734.75	364.9
868.75	327.4
859.25	329.95
857.3	322.75
858.35	312.55
859.85	316.95
856.7	321.9
855.6	315
859.5	319.4
855.65	312.7
857.5	314.15
853.45	314.75
728.35	310.9
615.85	326.35
617.9	329.95
616.25	330.05
614.1	330.05
613.35	329.45
614.15	329.05
616.85	330.75
620.25	326.3
617.65	328.3
678.7	330.35
695.5	333.9
693.95	338.4
695.45	342.2
695	335.25
691.15	339.05
690.65	340.35
693.4	340.05
690.9	339.9
691	339.75
644.75	337.8
619.6	346.65
615.85	347.75
618.8	347
619.45	342.15
617.35	344.1
616.2	349.55
616.65	342.45
616.95	343.1
618.8	341.1
619.85	341.85
559.4	329.9
350.35	348.2
324.8	340.85
322.4	341.65
324.35	339.45
324.4	341.75
328.9	339.75
332.35	338.15
328.95	339.6
324.6	333.85
0	0
0	0
0	0
0	0
0	0
471.15	410.55
473.4	419.3
475.5	427.7
473.5	425.9
473.9	424
473.2	419.55
478.8	423.8
479.05	428.55
469.25	544.7
479.3	594.45
470.7	607.95
467.65	612.95
468.2	621.25
471.15	621.8
498.15	633.65
739.5	615.15
763.25	614.7
761	616.65
760.35	617
759.1	612.85
760.4	612.2
755.7	611.25
753.5	611.55
748.25	614.85
599.05	181.8
588.35	175.9
595.1	210.05
595.5	207.25
595.55	211.3
602.05	206.2
507.45	303.9
484.45	327.9
486.05	315.85
483.6	315.35
477.85	317.6
476.8	320.9
591.75	287.15
594.75	301.5
597.2	302.45
596.7	302.55
589.7	295.7
602.45	297.95
689.65	298.3
697.2	299.7
694	301.3
693.3	298.4
693.7	299.6
696.05	301.6
689	295.85
690.15	304.35
691.1	301.65
692.3	303.95
691.7	308.4
688	302.15
687.45	302.1
687.2	305.55
628.85	336.65
492.3	383.75
505.2	385.85
512.65	389.3
516.25	385.15
516.75	376.3
519.55	386.45
521.6	386.15
521.25	382.6
517.65	385.95
515.75	386.9
509.3	381.7
507.85	381.65
630.35	473.95
637.75	454.65
634.15	456.3
625.45	451.3
623.55	445.85
630.2	452.35
633.9	446.3
626.65	439.25
622.95	440.8
620.3	440.2
622.95	435.5
619.4	439.85
615.65	447.15
0	0
0	0
0	0
0	0
0	0
0	0
0	0
0	0
605.4	354.45
615	347
616	335.25
614.45	336.75
612.65	336.5
614.3	338.3
615.05	335.9
617.25	334
623	328.05
619	337.65
612.05	341.3
611.35	338.35
612.25	335.7
611.5	339.6
495.05	280.45
516.7	298.35
515.1	299.7
515.05	302.65
511.85	305.5
515.9	302.65
512.5	299.65
512.3	301.9
507.55	306.35
507.2	310.1
632.6	336.25
645.3	329.25
647.95	328.1
650.6	328.75
649.5	328.6
651.15	326.8
651.2	329.4
648.55	328.3
656.6	326
648.95	324.65
643.55	328.1
641.1	332.55
638.75	327.2
0	0
0	0
0	0
0	0
0	0
0	0
0	0
0	0
0	0
503.95	288.6
513.35	282.75
520.6	272.3
520.45	266.75
619.05	302.3
636.15	298.95
640.7	309.7
638.8	315.6
642.55	319.8
643.6	326.3
650.95	330.65
649.1	323.9
648.15	332.05
651.35	328.55
643.85	324.6
642.2	325.35
