61.45	106.14
61.45	106.14
61.45	106.14
61.45	106.14
61.45	108.47
61.45	110.81
61.45	115.47
60.3	129.46
57.99	135.29
56.84	138.78
56.84	138.78
56.84	138.78
55.69	138.78
53.38	132.95
48.78	124.79
46.47	118.97
46.47	118.97
46.47	118.97
46.47	118.97
46.47	118.97
46.47	118.97
49.93	123.63
56.84	129.46
61.45	134.12
71.82	143.45
81.03	149.28
84.49	152.77
94.86	158.6
99.46	160.93
109.83	163.26
117.89	165.6
137.48	170.26
147.85	172.59
152.45	173.76
163.97	174.92
172.04	176.09
174.34	176.09
180.1	176.09
192.77	178.42
201.99	179.58
211.2	180.75
216.96	181.92
216.96	181.92
233.09	185.41
246.92	186.58
250.37	187.75
259.59	187.75
265.35	188.91
275.71	188.91
281.47	188.91
283.78	188.91
297.6	185.41
304.51	183.08
313.73	183.08
317.19	183.08
325.25	183.08
331.01	183.08
345.98	191.24
355.2	195.91
367.87	201.73
370.18	202.9
379.39	205.23
382.85	207.56
392.06	213.39
397.82	219.22
413.95	227.38
419.71	232.04
431.23	239.04
432.38	240.2
432.38	240.2
432.38	240.2
438.14	248.36
446.21	261.19
463.49	279.84
469.25	284.5
476.16	289.17
478.46	291.5
487.68	300.82
493.44	305.49
498.05	311.32
510.72	322.97
517.63	331.13
522.24	334.63
530.3	345.12
532.6	348.62
532.6	350.95
532.6	355.61
531.45	355.61
528	356.78
522.24	359.11
517.63	361.44
509.56	361.44
504.96	361.44
493.44	359.11
443.9	343.96
434.69	340.46
425.47	339.29
423.17	339.29
420.86	339.29
416.26	341.62
411.65	346.29
396.67	354.45
388.61	355.61
377.09	355.61
372.48	354.45
367.87	350.95
362.11	348.62
355.2	346.29
322.95	343.96
317.19	343.96
312.58	343.96
312.58	343.96
312.58	343.96
312.58	343.96
312.58	343.96
312.58	343.96
311.43	343.96
310.27	343.96
309.12	343.96
295.3	347.45
281.47	347.45
261.89	348.62
257.28	348.62
242.31	348.62
219.27	348.62
198.53	348.62
181.25	349.78
174.34	349.78
167.43	349.78
140.93	349.78
132.87	349.78
123.65	347.45
116.74	346.29
94.86	346.29
86.79	347.45
83.34	347.45
81.03	347.45
71.82	347.45
69.51	347.45
69.51	347.45
69.51	347.45
69.51	347.45
74.12	353.28
81.03	363.77
96.01	378.93
98.31	383.59
99.46	390.59
102.92	408.07
105.22	412.74
108.68	419.73
108.68	420.9
113.29	424.39
115.59	424.39
121.35	427.89
149	438.38
168.58	445.38
200.84	451.21
208.9	448.87
218.12	440.71
223.88	438.38
240	433.72
249.22	432.55
266.5	430.22
318.34	426.72
331.01	426.72
367.87	427.89
390.91	429.06
403.58	430.22
439.29	433.72
450.81	434.89
480.77	438.38
498.05	439.55
517.63	443.05
526.84	445.38
531.45	446.54
547.58	450.04
553.34	451.21
557.95	453.54
559.1	453.54
562.56	453.54
566.01	453.54
569.47	453.54
583.29	457.03
589.05	458.2
602.87	464.03
605.18	464.03
605.18	464.03
605.18	464.03
605.18	464.03
605.18	464.03
605.18	464.03
602.87	462.86
594.81	452.37
587.9	443.05
584.44	438.38
575.23	420.9
572.92	413.9
567.16	392.92
567.16	384.76
563.71	368.44
560.25	357.95
554.49	338.13
552.19	331.13
551.04	327.64
551.04	327.64
551.04	327.64
551.04	327.64
549.88	326.47
540.67	311.32
537.21	304.32
531.45	291.5
531.45	286.83
537.21	275.18
539.52	271.68
548.73	264.68
555.64	261.19
567.16	254.19
576.38	243.7
577.53	240.2
577.53	232.04
572.92	227.38
563.71	218.05
559.1	212.23
549.88	204.07
544.12	201.73
541.82	201.73
522.24	211.06
513.02	215.72
500.35	221.55
498.05	222.72
486.53	220.39
476.16	219.22
396.67	206.4
366.72	200.57
344.83	197.07
317.19	194.74
303.36	194.74
274.56	200.57
258.44	200.57
252.68	200.57
240	200.57
231.94	200.57
222.72	201.73
221.57	202.9
220.42	204.07
220.42	204.07
220.42	204.07
220.42	204.07
215.81	205.23
203.14	208.73
201.99	208.73
201.99	208.73
201.99	208.73
201.99	208.73
201.99	208.73
201.99	208.73
201.99	208.73
201.99	212.23
201.99	215.72
201.99	215.72
201.99	215.72
201.99	215.72
201.99	215.72
201.99	215.72
201.99	215.72
201.99	215.72
201.99	215.72
203.14	216.89
208.9	221.55
235.4	247.2
250.37	260.02
256.13	267.02
266.5	275.18
269.95	279.84
282.63	292.66
292.99	301.99
303.36	311.32
304.51	311.32
304.51	311.32
305.67	312.48
328.71	324.14
339.07	328.8
355.2	336.96
379.39	347.45
388.61	352.12
415.1	366.11
420.86	369.6
430.08	375.43
432.38	376.6
436.99	378.93
442.75	381.26
451.97	387.09
455.42	389.42
461.18	392.92
465.79	397.58
472.7	403.41
475.01	404.58
475.01	404.58
475.01	404.58
475.01	404.58
475.01	404.58
475.01	403.41
475.01	403.41
475.01	403.41
475.01	403.41
475.01	403.41
478.46	405.74
480.77	405.74
488.83	412.74
494.59	417.4
504.96	425.56
507.26	426.72
507.26	426.72
507.26	426.72
513.02	420.9
515.32	416.23
509.56	399.91
504.96	394.08
501.5	388.25
499.2	384.76
499.2	383.59
498.05	376.6
487.68	359.11
484.22	352.12
471.55	326.47
469.25	322.97
463.49	314.81
462.33	312.48
462.33	308.98
461.18	301.99
458.88	294.99
455.42	288
451.97	283.34
445.05	274.01
440.45	267.02
433.53	260.02
426.62	250.7
424.32	249.53
418.56	241.37
415.1	234.38
413.95	232.04
410.5	227.38
410.5	227.38
409.34	220.39
407.04	212.23
407.04	207.56
405.89	205.23
405.89	202.9
405.89	200.57
405.89	199.4
404.74	194.74
404.74	192.41
404.74	185.41
404.74	181.92
404.74	178.42
404.74	174.92
404.74	174.92
404.74	174.92
404.74	174.92
404.74	174.92
390.91	177.25
378.24	178.42
360.96	179.58
351.74	179.58
334.47	179.58
296.45	177.25
284.93	174.92
273.41	169.09
267.65	167.93
241.16	165.6
233.09	165.6
229.64	165.6
229.64	165.6
229.64	165.6
225.03	169.09
225.03	169.09
220.42	172.59
213.51	179.58
210.05	183.08
197.38	204.07
193.92	207.56
184.71	218.05
177.8	223.88
170.89	228.55
158.21	241.37
155.91	244.87
155.91	246.03
155.91	246.03
155.91	246.03
158.21	246.03
165.13	244.87
182.41	244.87
193.92	243.7
223.88	237.87
236.55	236.71
272.26	235.54
287.23	239.04
312.58	243.7
326.4	244.87
334.47	246.03
345.98	248.36
355.2	250.7
379.39	260.02
381.7	260.02
389.76	262.35
390.91	263.52
405.89	270.51
425.47	278.67
435.84	284.5
453.12	296.16
463.49	303.15
477.31	313.65
481.92	318.31
483.07	318.31
492.29	325.3
500.35	331.13
513.02	340.46
516.48	342.79
517.63	342.79
517.63	342.79
517.63	342.79
517.63	343.96
517.63	345.12
515.32	347.45
506.11	355.61
502.65	357.95
493.44	361.44
488.83	362.61
484.22	362.61
477.31	364.94
476.16	364.94
475.01	366.11
466.94	368.44
435.84	380.09
422.02	384.76
394.37	390.59
385.15	391.75
381.7	392.92
370.18	395.25
365.57	398.75
356.35	402.24
351.74	402.24
348.29	401.08
345.98	397.58
334.47	376.6
329.86	363.77
326.4	353.28
321.79	342.79
309.12	307.82
302.21	290.33
292.99	272.85
287.23	262.35
276.87	234.38
271.11	216.89
261.89	198.24
259.59	192.41
250.37	178.42
245.76	170.26
244.61	167.93
238.85	158.6
237.7	152.77
235.4	149.28
235.4	149.28
235.4	149.28
235.4	149.28
235.4	149.28
233.09	149.28
196.23	145.78
178.95	145.78
165.13	145.78
143.24	149.28
125.96	156.27
90.25	165.6
83.34	165.6
83.34	165.6
83.34	165.6
83.34	165.6
82.18	166.76
84.49	177.25
85.64	179.58
85.64	179.58
85.64	179.58
90.25	180.75
98.31	183.08
109.83	184.25
115.59	184.25
132.87	185.41
161.67	187.75
168.58	188.91
184.71	188.91
190.47	188.91
208.9	190.08
213.51	191.24
230.79	193.57
238.85	194.74
273.41	198.24
283.78	200.57
290.69	200.57
314.88	202.9
328.71	204.07
333.31	204.07
341.38	205.23
343.68	205.23
354.05	208.73
364.42	209.89
369.02	212.23
385.15	215.72
392.06	216.89
402.43	219.22
404.74	219.22
407.04	219.22
410.5	219.22
423.17	219.22
427.77	219.22
435.84	219.22
457.73	220.39
468.09	220.39
487.68	220.39
488.83	220.39
488.83	220.39
488.83	220.39
488.83	220.39
493.44	221.55
517.63	232.04
549.88	243.7
552.19	243.7
552.19	243.7
552.19	244.87
552.19	247.2
552.19	249.53
551.04	260.02
546.43	264.68
531.45	282.17
524.54	293.83
522.24	303.15
524.54	305.49
529.15	314.81
531.45	319.48
534.91	332.3
533.76	339.29
530.3	345.12
518.78	356.78
509.56	360.28
471.55	360.28
446.21	354.45
434.69	352.12
404.74	350.95
397.82	352.12
375.94	357.95
362.11	360.28
324.1	367.27
309.12	368.44
278.02	375.43
264.2	380.09
244.61	383.59
218.12	388.25
181.25	396.42
168.58	399.91
152.45	404.58
149	404.58
145.54	405.74
145.54	405.74
145.54	405.74
145.54	405.74
145.54	405.74
145.54	405.74
145.54	405.74
145.54	405.74
145.54	405.74
147.85	405.74
160.52	405.74
192.77	408.07
204.29	409.24
221.57	411.57
252.68	413.9
266.5	415.07
294.15	415.07
305.67	415.07
331.01	415.07
347.14	415.07
366.72	415.07
411.65	411.57
430.08	411.57
445.05	411.57
451.97	413.9
464.64	417.4
469.25	417.4
484.22	423.23
489.98	424.39
504.96	426.72
510.72	426.72
524.54	426.72
532.6	423.23
544.12	416.23
544.12	416.23
555.64	404.58
566.01	388.25
571.77	383.59
578.68	375.43
583.29	369.6
589.05	360.28
589.05	356.78
587.9	354.45
587.9	354.45
586.75	353.28
580.99	347.45
572.92	339.29
568.32	333.46
559.1	326.47
529.15	310.15
515.32	304.32
495.74	291.5
489.98	288
484.22	279.84
479.61	275.18
471.55	263.52
465.79	254.19
461.18	247.2
453.12	234.38
450.81	225.05
447.36	208.73
447.36	204.07
454.27	194.74
457.73	191.24
469.25	179.58
475.01	173.76
481.92	169.09
494.59	157.44
499.2	152.77
503.8	149.28
507.26	145.78
511.87	141.11
511.87	139.95
511.87	139.95
511.87	139.95
511.87	139.95
508.41	143.45
502.65	149.28
498.05	153.94
486.53	163.26
481.92	169.09
471.55	178.42
471.55	178.42
456.57	191.24
447.36	200.57
440.45	206.4
435.84	211.06
425.47	219.22
420.86	223.88
404.74	233.21
388.61	236.71
370.18	241.37
365.57	242.54
356.35	243.7
350.59	243.7
328.71	247.2
321.79	248.36
307.97	250.7
297.6	251.86
282.63	255.36
238.85	250.7
227.33	247.2
190.47	241.37
167.43	241.37
150.15	239.04
115.59	233.21
97.16	233.21
76.42	233.21
52.23	233.21
39.56	233.21
23.43	233.21
18.83	232.04
17.67	232.04
17.67	232.04
17.67	232.04
17.67	232.04
17.67	235.54
17.67	235.54
45.32	253.03
81.03	270.51
100.62	278.67
136.33	289.17
154.76	292.66
191.62	297.33
206.6	298.49
221.57	301.99
251.52	305.49
267.65	306.65
301.06	314.81
313.73	320.64
316.03	324.14
324.1	327.64
324.1	327.64
324.1	327.64
324.1	327.64
329.86	333.46
336.77	339.29
341.38	343.96
345.98	346.29
345.98	346.29
345.98	346.29
345.98	346.29
345.98	346.29
345.98	346.29
345.98	346.29
347.14	346.29
370.18	339.29
398.98	328.8
403.58	326.47
408.19	324.14
430.08	313.65
439.29	308.98
450.81	301.99
460.03	291.5
468.09	284.5
472.7	279.84
477.31	277.51
479.61	276.34
479.61	276.34
480.77	276.34
480.77	276.34
480.77	277.51
477.31	281.01
473.85	282.17
469.25	283.34
446.21	288
434.69	290.33
384	299.66
357.5	305.49
345.98	307.82
317.19	315.98
296.45	322.97
257.28	335.8
237.7	342.79
192.77	355.61
160.52	364.94
147.85	371.93
136.33	378.93
131.72	382.43
125.96	384.76
121.35	387.09
113.29	391.75
112.14	392.92
110.98	395.25
110.98	396.42
110.98	396.42
110.98	396.42
113.29	399.91
116.74	399.91
134.02	399.91
147.85	397.58
152.45	396.42
183.56	385.92
222.72	374.27
242.31	371.93
256.13	368.44
310.27	359.11
335.62	355.61
351.74	353.28
371.33	350.95
407.04	349.78
430.08	349.78
435.84	349.78
446.21	349.78
468.09	354.45
476.16	356.78
488.83	360.28
491.13	361.44
507.26	364.94
514.17	364.94
516.48	366.11
522.24	367.27
522.24	367.27
522.24	367.27
522.24	367.27
522.24	367.27
522.24	367.27
522.24	367.27
522.24	367.27
523.39	363.77
524.54	348.62
528	335.8
531.45	329.97
536.06	318.31
537.21	311.32
537.21	298.49
533.76	288
531.45	281.01
526.84	265.85
522.24	258.86
513.02	248.36
508.41	244.87
495.74	242.54
478.46	243.7
431.23	248.36
415.1	250.7
408.19	251.86
380.54	258.86
366.72	263.52
324.1	271.68
309.12	272.85
301.06	272.85
297.6	271.68
253.83	267.02
241.16	265.85
236.55	264.68
230.79	264.68
230.79	264.68
230.79	264.68
230.79	264.68
225.03	263.52
200.84	262.35
163.97	258.86
157.06	257.69
155.91	257.69
155.91	257.69
155.91	257.69
155.91	256.52
181.25	253.03
195.08	255.36
215.81	261.19
290.69	268.18
327.55	268.18
356.35	263.52
369.02	257.69
403.58	249.53
403.58	249.53
448.51	244.87
493.44	243.7
511.87	246.03
542.97	253.03
549.88	253.03
554.49	254.19
572.92	253.03
578.68	253.03
587.9	251.86
592.51	250.7
606.33	247.2
610.94	244.87
610.94	244.87
610.94	244.87
610.94	244.87
610.94	244.87
610.94	244.87
605.18	246.03
592.51	248.36
578.68	248.36
532.6	249.53
506.11	246.03
463.49	241.37
430.08	237.87
411.65	237.87
358.66	236.71
332.16	236.71
299.91	236.71
287.23	236.71
246.92	235.54
238.85	234.38
205.44	232.04
181.25	229.71
176.65	229.71
170.89	228.55
170.89	228.55
170.89	228.55
170.89	228.55
170.89	228.55
170.89	228.55
170.89	228.55
170.89	228.55
170.89	228.55
174.34	229.71
177.8	232.04
182.41	235.54
183.56	235.54
200.84	244.87
223.88	256.52
248.07	265.85
256.13	271.68
260.74	274.01
274.56	279.84
301.06	290.33
311.43	294.99
333.31	301.99
345.98	305.49
379.39	313.65
390.91	317.14
395.52	318.31
407.04	320.64
412.8	320.64
417.41	321.81
420.86	321.81
428.93	324.14
435.84	325.3
446.21	327.64
449.66	328.8
456.57	329.97
457.73	329.97
457.73	329.97
457.73	329.97
457.73	329.97
457.73	329.97
457.73	329.97
457.73	329.97
464.64	329.97
471.55	329.97
479.61	329.97
496.89	331.13
506.11	332.3
513.02	332.3
523.39	332.3
530.3	333.46
544.12	333.46
549.88	334.63
554.49	335.8
564.86	336.96
569.47	338.13
579.83	341.62
607.48	348.62
624.76	353.28
637.43	356.78
639.74	356.78
639.74	356.78
644.35	359.11
647.8	360.28
657.02	366.11
661.62	367.27
673.14	373.1
677.75	374.27
678.9	374.27
678.9	374.27
678.9	374.27
678.9	374.27
678.9	374.27
678.9	374.27
678.9	374.27
674.3	374.27
665.08	374.27
647.8	371.93
591.35	367.27
575.23	363.77
530.3	359.11
511.87	357.95
511.87	357.95
464.64	356.78
435.84	355.61
416.26	354.45
393.22	352.12
388.61	352.12
384	350.95
374.78	349.78
371.33	349.78
370.18	349.78
370.18	349.78
360.96	348.62
350.59	346.29
347.14	345.12
343.68	345.12
343.68	345.12
341.38	342.79
341.38	342.79
341.38	342.79
341.38	342.79
341.38	342.79
341.38	342.79
341.38	342.79
341.38	342.79
341.38	343.96
344.83	345.12
352.9	349.78
356.35	349.78
359.81	349.78
363.26	349.78
364.42	348.62
365.57	346.29
366.72	346.29
366.72	340.46
367.87	339.29
367.87	339.29
367.87	339.29
367.87	339.29
367.87	339.29
367.87	339.29
367.87	339.29
367.87	339.29
367.87	339.29
367.87	339.29
367.87	339.29
367.87	339.29
367.87	339.29
367.87	339.29
367.87	339.29
367.87	339.29
367.87	339.29
367.87	339.29
367.87	339.29
367.87	339.29
367.87	339.29
367.87	339.29
367.87	339.29
367.87	339.29
367.87	339.29
367.87	339.29
367.87	339.29
367.87	339.29
367.87	339.29
367.87	339.29
367.87	339.29
367.87	339.29
367.87	338.13
367.87	325.3
367.87	320.64
369.02	319.48
370.18	313.65
370.18	303.15
367.87	297.33
358.66	275.18
357.5	270.51
356.35	262.35
356.35	258.86
356.35	257.69
356.35	257.69
356.35	257.69
357.5	257.69
359.81	255.36
360.96	254.19
360.96	254.19
360.96	254.19
360.96	254.19
360.96	254.19
360.96	254.19
360.96	254.19
360.96	254.19
359.81	255.36
350.59	260.02
337.92	262.35
312.58	267.02
301.06	267.02
290.69	267.02
286.08	268.18
276.87	270.51
261.89	281.01
252.68	289.17
249.22	293.83
245.76	299.66
243.46	307.82
238.85	315.98
233.09	322.97
222.72	334.63
218.12	339.29
215.81	341.62
213.51	346.29
207.75	357.95
207.75	367.27
208.9	375.43
214.66	389.42
215.81	394.08
218.12	398.75
225.03	410.4
227.33	412.74
230.79	423.23
231.94	424.39
235.4	432.55
237.7	437.22
240	441.88
241.16	448.87
242.31	457.03
243.46	462.86
244.61	469.86
244.61	473.35
245.76	479.18
246.92	485.01
246.92	488.51
248.07	488.51
248.07	488.51
248.07	488.51
248.07	488.51
248.07	488.51
248.07	488.51
248.07	490.84
248.07	490.84
248.07	490.84
248.07	490.84
249.22	490.84
253.83	489.68
264.2	488.51
281.47	488.51
303.36	488.51
314.88	488.51
325.25	488.51
328.71	489.68
333.31	493.17
349.44	503.66
356.35	507.16
375.94	516.49
379.39	516.49
387.46	517.65
390.91	516.49
393.22	516.49
401.28	514.16
404.74	514.16
415.1	512.99
419.71	512.99
424.32	512.99
430.08	512.99
430.08	512.99
430.08	512.99
430.08	512.99
428.93	511.82
416.26	502.5
409.34	495.5
403.58	488.51
396.67	478.02
394.37	473.35
392.06	465.19
390.91	461.7
388.61	453.54
387.46	450.04
385.15	446.54
385.15	441.88
385.15	439.55
385.15	437.22
386.3	436.05
387.46	434.89
392.06	429.06
393.22	426.72
395.52	424.39
401.28	417.4
404.74	412.74
413.95	403.41
419.71	397.58
424.32	391.75
432.38	385.92
434.69	383.59
442.75	378.93
447.36	377.76
455.42	377.76
464.64	377.76
472.7	378.93
479.61	381.26
492.29	384.76
494.59	384.76
501.5	385.92
503.8	385.92
510.72	385.92
511.87	385.92
511.87	385.92
511.87	385.92
511.87	385.92
511.87	385.92
511.87	385.92
507.26	388.25
503.8	389.42
495.74	395.25
480.77	402.24
476.16	404.58
466.94	406.91
460.03	410.4
448.51	418.56
443.9	424.39
435.84	431.39
430.08	434.89
425.47	438.38
418.56	446.54
410.5	454.7
407.04	458.2
401.28	464.03
395.52	469.86
386.3	476.85
381.7	480.35
371.33	488.51
366.72	490.84
359.81	493.17
356.35	494.34
340.23	500.17
335.62	502.5
332.16	503.66
332.16	503.66
332.16	503.66
332.16	503.66
332.16	503.66
332.16	503.66
332.16	503.66
328.71	499
327.55	468.69
328.71	459.37
334.47	450.04
334.47	447.71
336.77	446.54
340.23	443.05
344.83	437.22
354.05	427.89
359.81	423.23
364.42	413.9
370.18	405.74
371.33	402.24
374.78	394.08
374.78	391.75
378.24	388.25
378.24	387.09
378.24	387.09
378.24	387.09
378.24	387.09
378.24	387.09
378.24	387.09
378.24	387.09
378.24	387.09
380.54	387.09
386.3	384.76
392.06	381.26
395.52	377.76
400.13	374.27
402.43	371.93
408.19	367.27
410.5	366.11
418.56	357.95
423.17	355.61
430.08	350.95
434.69	348.62
443.9	342.79
449.66	339.29
457.73	336.96
463.49	334.63
471.55	332.3
476.16	331.13
480.77	329.97
491.13	327.64
496.89	325.3
509.56	324.14
515.32	322.97
517.63	322.97
521.08	322.97
521.08	322.97
521.08	322.97
521.08	322.97
521.08	322.97
521.08	322.97
521.08	324.14
511.87	333.46
507.26	338.13
491.13	347.45
483.07	352.12
454.27	380.09
454.27	380.09
435.84	405.74
432.38	410.4
423.17	418.56
420.86	423.23
410.5	432.55
405.89	437.22
390.91	448.87
387.46	450.04
382.85	452.37
381.7	452.37
377.09	452.37
375.94	450.04
369.02	445.38
367.87	443.05
367.87	441.88
367.87	441.88
367.87	441.88
367.87	441.88
367.87	441.88
367.87	441.88
367.87	441.88
367.87	441.88
367.87	441.88
367.87	441.88
367.87	441.88
367.87	441.88
367.87	441.88
367.87	441.88
367.87	441.88
367.87	441.88
367.87	441.88
367.87	440.71
373.63	432.55
375.94	432.55
385.15	433.72
393.22	438.38
398.98	439.55
412.8	440.71
425.47	436.05
447.36	426.72
471.55	422.06
487.68	422.06
508.41	423.23
513.02	424.39
532.6	424.39
538.36	424.39
544.12	423.23
556.8	419.73
568.32	415.07
575.23	412.74
579.83	410.4
580.99	410.4
580.99	410.4
580.99	409.24
583.29	408.07
594.81	399.91
599.42	396.42
648.95	390.59
676.6	390.59
681.21	390.59
681.21	390.59
681.21	390.59
681.21	390.59
681.21	390.59
673.14	383.59
667.38	377.76
661.62	373.1
645.5	362.61
615.55	360.28
569.47	367.27
549.88	374.27
509.56	387.09
479.61	395.25
466.94	398.75
450.81	399.91
445.05	398.75
408.19	397.58
384	397.58
355.2	397.58
344.83	397.58
336.77	397.58
291.84	389.42
272.26	382.43
246.92	370.77
238.85	366.11
228.48	360.28
197.38	347.45
190.47	343.96
191.62	335.8
215.81	327.64
228.48	327.64
286.08	354.45
298.75	366.11
325.25	394.08
339.07	405.74
370.18	423.23
384	429.06
389.76	429.06
407.04	425.56
417.41	423.23
434.69	416.23
435.84	416.23
435.84	416.23
435.84	416.23
435.84	416.23
432.38	412.74
423.17	408.07
418.56	405.74
418.56	405.74
418.56	405.74
418.56	405.74
425.47	405.74
430.08	405.74
432.38	405.74
432.38	405.74
432.38	405.74
432.38	404.58
432.38	398.75
428.93	392.92
428.93	390.59
428.93	390.59
428.93	390.59
428.93	390.59
428.93	390.59
428.93	390.59
428.93	390.59
428.93	390.59
428.93	390.59
427.77	389.42
427.77	387.09
425.47	377.76
423.17	374.27
422.02	368.44
419.71	361.44
417.41	359.11
408.19	348.62
404.74	345.12
395.52	333.46
390.91	328.8
388.61	324.14
385.15	315.98
384	312.48
381.7	305.49
379.39	300.82
375.94	292.66
374.78	288
370.18	278.67
367.87	272.85
366.72	271.68
364.42	263.52
364.42	261.19
360.96	254.19
359.81	251.86
358.66	249.53
358.66	249.53
358.66	249.53
358.66	249.53
358.66	249.53
358.66	249.53
358.66	249.53
358.66	249.53
358.66	249.53
358.66	249.53
358.66	249.53
358.66	250.7
354.05	261.19
349.44	271.68
345.98	279.84
343.68	282.17
342.53	285.67
337.92	291.5
331.01	306.65
327.55	314.81
326.4	319.48
324.1	326.47
322.95	332.3
318.34	345.12
317.19	349.78
317.19	353.28
317.19	353.28
317.19	353.28
317.19	353.28
317.19	353.28
317.19	354.45
316.03	362.61
316.03	366.11
316.03	370.77
316.03	371.93
316.03	371.93
316.03	371.93
312.58	378.93
307.97	388.25
307.97	389.42
307.97	389.42
307.97	389.42
306.82	389.42
306.82	389.42
306.82	389.42
306.82	389.42
306.82	389.42
306.82	387.09
306.82	385.92
306.82	385.92
306.82	385.92
306.82	385.92
306.82	385.92
306.82	385.92
306.82	385.92
306.82	385.92
306.82	385.92
306.82	385.92
306.82	385.92
306.82	385.92
306.82	385.92
306.82	385.92
306.82	385.92
306.82	385.92
306.82	385.92
306.82	385.92
306.82	385.92
304.51	381.26
304.51	381.26
304.51	380.09
304.51	380.09
304.51	380.09
304.51	380.09
303.36	375.43
303.36	369.6
303.36	367.27
302.21	366.11
302.21	366.11
302.21	366.11
302.21	366.11
302.21	366.11
302.21	366.11
302.21	366.11
302.21	366.11
302.21	366.11
302.21	366.11
302.21	366.11
302.21	366.11
302.21	366.11
302.21	366.11
302.21	366.11
302.21	366.11
302.21	366.11
302.21	366.11
302.21	364.94
302.21	364.94
302.21	363.77
302.21	363.77
302.21	363.77
302.21	363.77
302.21	363.77
302.21	363.77
302.21	363.77
302.21	363.77
302.21	363.77
302.21	363.77
302.21	363.77
302.21	363.77
302.21	363.77
302.21	363.77
302.21	363.77
302.21	363.77
302.21	363.77
302.21	363.77
302.21	363.77
302.21	363.77
302.21	363.77
302.21	363.77
302.21	363.77
302.21	363.77
302.21	363.77
302.21	363.77
302.21	363.77
302.21	363.77
296.45	357.95
290.69	353.28
282.63	343.96
279.17	339.29
269.95	329.97
263.04	321.81
257.28	315.98
254.98	311.32
248.07	303.15
246.92	298.49
245.76	292.66
245.76	291.5
245.76	290.33
245.76	290.33
245.76	290.33
246.92	290.33
250.37	289.17
261.89	284.5
267.65	282.17
271.11	279.84
279.17	279.84
279.17	279.84
280.32	279.84
280.32	279.84
291.84	290.33
298.75	299.66
298.75	299.66
299.91	300.82
305.67	311.32
309.12	314.81
312.58	318.31
312.58	318.31
312.58	318.31
312.58	318.31
312.58	318.31
312.58	318.31
312.58	318.31
312.58	318.31
312.58	318.31
314.88	315.98
318.34	306.65
319.49	301.99
319.49	301.99
320.64	301.99
320.64	301.99
320.64	301.99
320.64	301.99
320.64	301.99
320.64	304.32
320.64	312.48
320.64	315.98
324.1	321.81
324.1	322.97
324.1	322.97
325.25	322.97
326.4	325.3
327.55	326.47
332.16	331.13
336.77	336.96
342.53	341.62
351.74	350.95
357.5	356.78
366.72	366.11
369.02	369.6
369.02	370.77
369.02	370.77
369.02	370.77
374.78	362.61
380.54	355.61
388.61	345.12
392.06	336.96
393.22	333.46
395.52	327.64
396.67	324.14
402.43	314.81
409.34	303.15
412.8	296.16
420.86	278.67
422.02	274.01
425.47	265.85
428.93	257.69
430.08	253.03
432.38	243.7
432.38	239.04
431.23	230.88
430.08	226.22
428.93	223.88
427.77	216.89
426.62	214.56
425.47	207.56
424.32	205.23
424.32	205.23
424.32	205.23
424.32	205.23
424.32	205.23
424.32	205.23
424.32	205.23
424.32	205.23
424.32	205.23
424.32	205.23
424.32	200.57
424.32	200.57
424.32	193.57
424.32	192.41
424.32	191.24
424.32	191.24
424.32	191.24
424.32	191.24
424.32	192.41
424.32	192.41
424.32	192.41
424.32	194.74
424.32	200.57
424.32	200.57
424.32	200.57
424.32	200.57
424.32	200.57
424.32	201.73
426.62	202.9
432.38	206.4
433.53	207.56
434.69	207.56
434.69	207.56
434.69	207.56
434.69	207.56
434.69	207.56
436.99	209.89
436.99	209.89
436.99	209.89
436.99	209.89
436.99	209.89
436.99	209.89
436.99	209.89
436.99	209.89
436.99	209.89
436.99	209.89
436.99	209.89
436.99	209.89
436.99	209.89
436.99	209.89
436.99	209.89
436.99	209.89
436.99	209.89
436.99	209.89
436.99	209.89
436.99	209.89
436.99	209.89
436.99	209.89
436.99	209.89
436.99	209.89
436.99	209.89
436.99	209.89
436.99	209.89
436.99	209.89
436.99	209.89
436.99	209.89
436.99	209.89
436.99	209.89
436.99	209.89
436.99	209.89
436.99	209.89
436.99	209.89
436.99	209.89
436.99	209.89
436.99	209.89
436.99	209.89
436.99	213.39
435.84	227.38
434.69	230.88
433.53	235.54
431.23	244.87
431.23	249.53
431.23	249.53
431.23	249.53
431.23	249.53
430.08	253.03
430.08	254.19
430.08	258.86
428.93	262.35
427.77	267.02
427.77	267.02
427.77	267.02
427.77	267.02
427.77	267.02
427.77	267.02
427.77	267.02
427.77	267.02
427.77	267.02
427.77	267.02
427.77	267.02
427.77	267.02
427.77	267.02
427.77	267.02
427.77	267.02
427.77	267.02
427.77	267.02
427.77	267.02
427.77	267.02
427.77	267.02
427.77	267.02
427.77	267.02
427.77	267.02
427.77	267.02
427.77	267.02
427.77	267.02
427.77	267.02
427.77	268.18
427.77	271.68
427.77	276.34
428.93	279.84
428.93	279.84
428.93	279.84
428.93	279.84
428.93	279.84
428.93	279.84
428.93	279.84
428.93	279.84
428.93	279.84
428.93	279.84
428.93	279.84
428.93	279.84
428.93	279.84
428.93	279.84
428.93	279.84
428.93	279.84
428.93	279.84
428.93	279.84
428.93	279.84
428.93	279.84
428.93	279.84
428.93	279.84
428.93	279.84
428.93	279.84
428.93	279.84
428.93	279.84
428.93	279.84
428.93	279.84
428.93	279.84
428.93	279.84
428.93	279.84
428.93	279.84
428.93	279.84
428.93	279.84
428.93	279.84
428.93	279.84
428.93	279.84
428.93	278.67
428.93	277.51
428.93	277.51
428.93	277.51
428.93	277.51
428.93	277.51
428.93	277.51
428.93	277.51
428.93	277.51
428.93	279.84
430.08	288
431.23	296.16
434.69	312.48
434.69	319.48
436.99	331.13
436.99	336.96
436.99	342.79
436.99	349.78
436.99	355.61
436.99	356.78
436.99	356.78
436.99	356.78
436.99	356.78
436.99	356.78
436.99	356.78
436.99	356.78
436.99	356.78
436.99	354.45
435.84	345.12
432.38	332.3
432.38	332.3
432.38	332.3
432.38	332.3
432.38	332.3
432.38	338.13
435.84	350.95
439.29	361.44
442.75	374.27
442.75	377.76
442.75	383.59
443.9	388.25
445.05	401.08
446.21	403.41
446.21	408.07
447.36	411.57
449.66	418.56
451.97	430.22
451.97	430.22
451.97	430.22
451.97	430.22
451.97	430.22
451.97	430.22
451.97	430.22
451.97	430.22
451.97	430.22
451.97	430.22
451.97	429.06
451.97	426.72
451.97	426.72
451.97	426.72
451.97	426.72
451.97	426.72
451.97	426.72
449.66	415.07
449.66	408.07
449.66	396.42
449.66	392.92
449.66	391.75
449.66	391.75
448.51	387.09
447.36	376.6
447.36	371.93
447.36	367.27
446.21	356.78
446.21	349.78
447.36	345.12
447.36	336.96
447.36	336.96
446.21	322.97
443.9	314.81
443.9	310.15
442.75	301.99
442.75	298.49
442.75	296.16
442.75	286.83
441.6	283.34
441.6	276.34
440.45	271.68
440.45	269.35
440.45	261.19
440.45	257.69
440.45	250.7
439.29	248.36
439.29	247.2
439.29	247.2
439.29	247.2
438.14	247.2
434.69	250.7
433.53	251.86
433.53	251.86
433.53	251.86
433.53	251.86
433.53	251.86
433.53	251.86
433.53	251.86
433.53	251.86
432.38	251.86
423.17	257.69
401.28	265.85
392.06	269.35
385.15	274.01
385.15	274.01
385.15	274.01
385.15	274.01
385.15	274.01
385.15	274.01
380.54	277.51
375.94	282.17
369.02	286.83
367.87	286.83
367.87	286.83
367.87	286.83
367.87	286.83
367.87	286.83
367.87	286.83
367.87	286.83
367.87	286.83
367.87	286.83
367.87	286.83
367.87	286.83
367.87	286.83
367.87	286.83
367.87	286.83
367.87	286.83
367.87	286.83
367.87	286.83
367.87	286.83
367.87	286.83
367.87	286.83
367.87	286.83
367.87	286.83
367.87	286.83
367.87	286.83
367.87	286.83
367.87	286.83
367.87	286.83
367.87	286.83
367.87	286.83
367.87	286.83
367.87	286.83
367.87	286.83
367.87	286.83
367.87	286.83
367.87	286.83
367.87	286.83
367.87	286.83
367.87	286.83
365.57	288
364.42	289.17
364.42	289.17
364.42	289.17
364.42	289.17
364.42	289.17
364.42	289.17
364.42	290.33
364.42	290.33
364.42	290.33
364.42	290.33
364.42	290.33
364.42	290.33
363.26	291.5
358.66	298.49
355.2	301.99
354.05	301.99
354.05	301.99
354.05	301.99
354.05	303.15
348.29	307.82
343.68	311.32
343.68	311.32
343.68	311.32
343.68	311.32
343.68	311.32
343.68	311.32
343.68	311.32
343.68	311.32
343.68	311.32
343.68	311.32
343.68	311.32
343.68	311.32
343.68	311.32
343.68	311.32
343.68	311.32
343.68	311.32
343.68	311.32
343.68	311.32
343.68	311.32
343.68	311.32
343.68	311.32
343.68	311.32
343.68	311.32
343.68	311.32
343.68	311.32
343.68	311.32
343.68	311.32
343.68	311.32
343.68	311.32
343.68	311.32
343.68	311.32
343.68	311.32
343.68	311.32
343.68	311.32
343.68	311.32
343.68	311.32
343.68	311.32
343.68	311.32
343.68	311.32
343.68	311.32
343.68	311.32
343.68	311.32
343.68	311.32
343.68	311.32
343.68	311.32
343.68	311.32
343.68	311.32
343.68	311.32
343.68	311.32
343.68	311.32
343.68	311.32
343.68	311.32
343.68	311.32
343.68	311.32
