0	0
0	0
0	0
0	0
0	0
0	0
0	0
0	0
0	0
0	0
0	0
0	0
0	0
0	0
0	0
0	0
0	0
0	0
0	0
0	0
0	0
255.2	292.78
255.2	292.78
237.31	288
237.31	288
211.08	235.46
197.96	180.54
197.96	180.54
219.42	129.2
255.2	113.68
255.2	113.68
313.64	111.29
374.46	136.36
374.46	136.36
404.27	180.54
413.81	206.81
416.2	221.14
416.2	221.14
413.81	236.66
393.54	249.79
393.54	249.79
355.38	253.37
302.9	247.4
302.9	247.4
270.7	249.79
270.7	249.79
262.36	254.57
254.01	265.31
224.19	291.58
224.19	291.58
213.46	311.88
217.04	336.95
217.04	336.95
226.58	371.58
227.77	379.94
227.77	379.94
231.35	388.29
245.66	397.85
245.66	397.85
295.75	402.62
295.75	402.62
349.42	397.85
379.23	381.13
392.35	364.42
392.35	364.42
403.08	352.48
411.43	341.73
411.43	341.73
419.78	332.18
429.32	317.85
429.32	317.85
440.05	298.75
446.01	288
446.01	288
446.01	285.61
446.01	285.61
446.01	284.42
420.97	273.67
407.85	267.7
407.85	267.7
407.85	267.7
407.85	267.7
407.85	267.7
407.85	267.7
407.85	267.7
406.66	265.31
406.66	265.31
455.55	235.46
455.55	235.46
469.87	228.3
469.87	228.3
469.87	228.3
467.48	228.3
467.48	228.3
423.36	249.79
393.54	261.73
393.54	261.73
368.5	270.09
363.73	271.28
363.73	271.28
363.73	271.28
358.96	264.12
358.96	264.12
358.96	264.12
367.3	225.91
367.3	225.91
376.84	217.55
381.61	215.17
381.61	215.17
388.77	212.78
398.31	211.58
398.31	211.58
426.93	206.81
465.1	213.97
465.1	213.97
494.91	229.49
517.57	248.6
517.57	248.6
522.34	252.18
522.34	252.18
522.34	252.18
522.34	252.18
522.34	252.18
531.88	265.31
531.88	265.31
537.84	283.22
537.84	283.22
534.27	297.55
524.72	309.49
524.72	309.49
515.18	317.85
488.95	330.98
488.95	330.98
462.71	339.34
456.75	340.54
456.75	340.54
450.78	340.54
441.24	340.54
441.24	340.54
438.86	340.54
422.16	335.76
422.16	335.76
379.23	320.24
351.8	311.88
351.8	311.88
344.64	308.3
335.1	301.13
335.1	301.13
325.56	292.78
317.22	286.81
317.22	286.81
296.94	273.67
296.94	273.67
292.17	268.9
292.17	268.9
292.17	268.9
292.17	268.9
292.17	268.9
292.17	268.9
292.17	268.9
292.17	268.9
293.36	268.9
293.36	268.9
312.45	288
323.18	302.33
323.18	302.33
329.14	310.69
329.14	310.69
330.33	310.69
330.33	310.69
332.72	311.88
332.72	311.88
332.72	311.88
372.07	316.66
372.07	316.66
382.81	315.46
398.31	307.1
398.31	307.1
407.85	297.55
417.39	286.81
417.39	286.81
428.13	277.25
434.09	272.48
434.09	272.48
436.47	270.09
442.44	268.9
442.44	268.9
461.52	271.28
469.87	273.67
469.87	273.67
481.79	274.87
508.03	277.25
508.03	277.25
530.69	276.06
555.73	268.9
555.73	268.9
565.27	264.12
565.27	264.12
565.27	264.12
568.85	260.54
568.85	260.54
568.85	260.54
584.35	245.02
585.55	233.08
585.55	233.08
585.55	221.14
585.55	213.97
585.55	213.97
584.35	213.97
574.81	210.39
574.81	210.39
545	204.42
517.57	202.03
517.57	202.03
511.61	200.84
504.45	202.03
504.45	202.03
496.1	211.58
485.37	222.33
485.37	222.33
480.6	231.88
479.41	241.43
479.41	241.43
485.37	258.15
498.49	276.06
498.49	276.06
504.45	286.81
512.8	296.36
512.8	296.36
517.57	305.91
523.53	316.66
523.53	316.66
523.53	325.01
519.95	332.18
519.95	332.18
497.3	340.54
449.59	336.95
449.59	336.95
417.39	325.01
395.93	316.66
395.93	316.66
382.81	314.27
350.61	315.46
350.61	315.46
321.99	315.46
312.45	316.66
312.45	316.66
298.13	321.43
288.59	323.82
288.59	323.82
279.05	333.37
269.51	341.73
269.51	341.73
269.51	352.48
270.7	359.64
270.7	359.64
276.67	366.8
287.4	376.36
287.4	376.36
296.94	387.1
307.67	396.65
307.67	396.65
316.02	407.4
317.22	410.98
317.22	410.98
312.45	412.17
259.97	401.43
259.97	401.43
238.5	390.68
230.16	382.32
230.16	382.32
221.81	371.58
217.04	363.22
217.04	363.22
223	354.86
232.54	350.09
232.54	350.09
233.73	345.31
233.73	345.31
220.62	315.46
212.27	303.52
202.73	291.58
202.73	291.58
188.42	267.7
182.45	258.15
182.45	258.15
186.03	247.4
221.81	234.27
221.81	234.27
271.9	239.05
341.07	261.73
341.07	261.73
379.23	297.55
393.54	321.43
393.54	321.43
405.47	335.76
412.62	342.92
412.62	342.92
418.58	347.7
426.93	352.48
426.93	352.48
436.47	359.64
444.82	359.64
444.82	359.64
444.82	359.64
438.86	340.54
438.86	340.54
419.78	292.78
400.7	271.28
400.7	271.28
387.58	266.51
375.65	264.12
375.65	264.12
366.11	261.73
355.38	255.76
355.38	255.76
349.42	250.99
341.07	243.82
341.07	243.82
339.87	241.43
339.87	241.43
339.87	241.43
341.07	241.43
341.07	241.43
341.07	241.43
419.78	273.67
419.78	273.67
425.74	274.87
425.74	274.87
425.74	274.87
425.74	274.87
425.74	274.87
413.81	264.12
413.81	264.12
405.47	255.76
405.47	255.76
398.31	249.79
398.31	249.79
398.31	249.79
398.31	246.21
398.31	246.21
449.59	242.63
449.59	242.63
472.25	247.4
473.44	248.6
473.44	248.6
473.44	248.6
473.44	248.6
473.44	248.6
473.44	248.6
484.18	247.4
484.18	247.4
488.95	240.24
492.53	239.05
492.53	239.05
493.72	237.85
493.72	237.85
493.72	237.85
493.72	237.85
493.72	237.85
493.72	237.85
493.72	230.69
491.33	222.33
491.33	222.33
488.95	216.36
486.56	212.78
486.56	212.78
480.6	206.81
477.02	202.03
477.02	202.03
474.64	202.03
474.64	202.03
474.64	202.03
474.64	202.03
474.64	202.03
474.64	202.03
474.64	202.03
474.64	199.64
474.64	199.64
475.83	192.48
477.02	188.9
477.02	188.9
477.02	186.51
478.21	186.51
478.21	186.51
479.41	184.12
479.41	184.12
487.75	181.74
494.91	182.93
494.91	182.93
505.64	192.48
509.22	199.64
510.41	206.81
510.41	206.81
510.41	216.36
508.03	221.14
508.03	221.14
500.87	229.49
500.87	229.49
493.72	233.08
488.95	234.27
484.18	235.46
484.18	235.46
471.06	236.66
459.13	240.24
459.13	240.24
451.98	240.24
450.78	240.24
450.78	240.24
450.78	240.24
447.21	247.4
447.21	247.4
447.21	247.4
440.05	271.28
440.05	271.28
437.67	276.06
436.47	279.64
436.47	279.64
431.7	286.81
431.7	286.81
425.74	296.36
412.62	307.1
412.62	307.1
406.66	315.46
405.47	316.66
404.27	316.66
404.27	316.66
404.27	316.66
400.7	322.63
400.7	322.63
400.7	322.63
398.31	326.21
398.31	326.21
398.31	326.21
398.31	326.21
398.31	326.21
398.31	326.21
398.31	326.21
398.31	326.21
398.31	326.21
391.16	321.43
391.16	321.43
379.23	308.3
374.46	297.55
374.46	297.55
374.46	297.55
375.65	297.55
375.65	297.55
375.65	297.55
375.65	297.55
375.65	297.55
370.88	288
368.5	280.84
368.5	280.84
364.92	278.45
364.92	278.45
364.92	276.06
364.92	276.06
364.92	276.06
364.92	272.48
364.92	268.9
364.92	265.31
364.92	265.31
364.92	258.15
364.92	258.15
364.92	258.15
364.92	258.15
364.92	258.15
364.92	258.15
381.61	274.87
392.35	282.03
392.35	282.03
403.08	285.61
407.85	285.61
407.85	285.61
407.85	285.61
407.85	285.61
407.85	285.61
404.27	265.31
404.27	254.57
404.27	254.57
404.27	252.18
404.27	247.4
404.27	247.4
405.47	242.63
407.85	239.05
407.85	239.05
407.85	237.85
407.85	237.85
407.85	237.85
407.85	237.85
403.08	235.46
403.08	235.46
403.08	235.46
397.12	225.91
397.12	225.91
388.77	213.97
388.77	213.97
380.42	202.03
372.07	192.48
366.11	187.71
366.11	187.71
361.34	187.71
344.64	186.51
344.64	186.51
310.06	186.51
286.21	190.09
286.21	190.09
283.82	190.09
283.82	190.09
283.82	190.09
283.82	190.09
283.82	190.09
283.82	190.09
283.82	190.09
283.82	190.09
283.82	190.09
283.82	190.09
283.82	190.09
282.63	191.29
282.63	191.29
251.62	187.71
251.62	187.71
244.47	186.51
244.47	185.32
244.47	185.32
244.47	185.32
244.47	185.32
244.47	185.32
237.31	182.93
237.31	182.93
218.23	178.15
212.27	178.15
212.27	178.15
212.27	178.15
212.27	178.15
207.5	178.15
207.5	178.15
195.57	179.35
195.57	179.35
189.61	179.35
181.26	182.93
181.26	182.93
180.07	182.93
180.07	182.93
180.07	182.93
180.07	182.93
178.88	182.93
178.88	182.93
178.88	182.93
174.11	184.12
174.11	184.12
174.11	184.12
183.65	197.26
183.65	197.26
197.96	211.58
207.5	222.33
207.5	222.33
219.42	234.27
230.16	241.43
230.16	241.43
237.31	243.82
256.39	245.02
256.39	245.02
288.59	243.82
294.56	243.82
294.56	243.82
294.56	243.82
296.94	243.82
296.94	243.82
311.25	258.15
325.56	283.22
325.56	283.22
336.3	295.16
344.64	307.1
344.64	307.1
345.84	308.3
345.84	309.49
345.84	309.49
347.03	310.69
351.8	319.04
351.8	319.04
360.15	327.4
361.34	329.79
361.34	329.79
361.34	329.79
361.34	329.79
361.34	329.79
361.34	329.79
361.34	329.79
361.34	329.79
361.34	329.79
361.34	329.79
361.34	329.79
361.34	329.79
361.34	329.79
361.34	329.79
361.34	329.79
361.34	329.79
361.34	329.79
361.34	329.79
361.34	329.79
361.34	329.79
361.34	329.79
361.34	329.79
361.34	329.79
361.34	329.79
361.34	329.79
361.34	329.79
361.34	329.79
361.34	329.79
361.34	329.79
361.34	329.79
361.34	329.79
361.34	329.79
361.34	329.79
361.34	329.79
361.34	329.79
361.34	329.79
361.34	329.79
361.34	329.79
361.34	329.79
361.34	329.79
361.34	329.79
361.34	329.79
361.34	329.79
361.34	329.79
361.34	329.79
361.34	329.79
361.34	329.79
361.34	329.79
361.34	329.79
361.34	329.79
361.34	329.79
361.34	329.79
361.34	329.79
361.34	329.79
361.34	329.79
361.34	329.79
361.34	329.79
361.34	330.98
361.34	330.98
361.34	330.98
361.34	332.18
361.34	332.18
361.34	332.18
361.34	332.18
361.34	332.18
361.34	332.18
361.34	332.18
361.34	332.18
372.07	345.31
379.23	360.83
379.23	360.83
374.46	373.97
336.3	383.52
336.3	383.52
317.22	378.74
307.67	371.58
307.67	371.58
298.13	359.64
296.94	352.48
296.94	352.48
294.56	348.89
294.56	347.7
294.56	347.7
294.56	347.7
294.56	347.7
294.56	347.7
294.56	345.31
294.56	345.31
294.56	345.31
404.27	321.43
404.27	321.43
426.93	307.1
425.74	299.94
419.78	286.81
419.78	286.81
416.2	278.45
416.2	278.45
415.01	271.28
415.01	271.28
425.74	258.15
431.7	254.57
437.67	250.99
437.67	250.99
449.59	245.02
459.13	235.46
459.13	235.46
473.44	218.75
474.64	213.97
474.64	213.97
475.83	208
471.06	199.64
471.06	199.64
466.29	194.87
461.52	188.9
461.52	188.9
455.55	182.93
454.36	180.54
454.36	180.54
454.36	180.54
454.36	180.54
454.36	180.54
454.36	180.54
454.36	180.54
454.36	180.54
462.71	222.33
447.21	267.7
447.21	267.7
436.47	278.45
424.55	290.39
424.55	290.39
410.24	298.75
387.58	305.91
387.58	305.91
347.03	308.3
337.49	307.1
337.49	307.1
337.49	307.1
337.49	307.1
337.49	307.1
336.3	307.1
336.3	307.1
336.3	307.1
336.3	305.91
336.3	305.91
336.3	305.91
335.1	304.72
335.1	304.72
335.1	304.72
335.1	304.72
335.1	304.72
335.1	304.72
335.1	304.72
335.1	304.72
335.1	304.72
336.3	307.1
336.3	307.1
350.61	322.63
355.38	326.21
355.38	326.21
355.38	326.21
355.38	326.21
355.38	326.21
355.38	326.21
355.38	326.21
355.38	326.21
355.38	326.21
355.38	326.21
355.38	326.21
355.38	326.21
355.38	326.21
355.38	326.21
356.57	329.79
356.57	329.79
368.5	344.12
368.5	344.12
350.61	351.28
308.87	338.15
308.87	338.15
293.36	329.79
287.4	323.82
287.4	323.82
286.21	323.82
286.21	323.82
286.21	323.82
286.21	323.82
286.21	323.82
286.21	323.82
345.84	316.66
345.84	316.66
356.57	319.04
362.53	322.63
368.5	326.21
368.5	326.21
374.46	328.6
385.19	330.98
385.19	330.98
393.54	330.98
397.12	330.98
397.12	330.98
397.12	330.98
397.12	330.98
397.12	330.98
397.12	330.98
397.12	330.98
397.12	330.98
397.12	330.98
397.12	330.98
397.12	330.98
398.31	330.98
398.31	330.98
398.31	330.98
401.89	322.63
401.89	322.63
401.89	317.85
400.7	316.66
400.7	314.27
400.7	314.27
400.7	313.07
400.7	311.88
400.7	311.88
400.7	311.88
400.7	311.88
400.7	311.88
400.7	311.88
400.7	311.88
400.7	311.88
400.7	311.88
400.7	311.88
400.7	311.88
406.66	305.91
406.66	305.91
406.66	305.91
415.01	302.33
415.01	302.33
415.01	302.33
415.01	302.33
415.01	302.33
415.01	302.33
415.01	302.33
415.01	302.33
415.01	302.33
415.01	302.33
415.01	302.33
415.01	302.33
415.01	302.33
410.24	310.69
410.24	310.69
288.59	325.01
224.19	307.1
224.19	307.1
213.46	292.78
211.08	283.22
211.08	283.22
212.27	278.45
220.62	273.67
220.62	273.67
230.16	267.7
231.35	265.31
231.35	265.31
236.12	261.73
245.66	260.54
245.66	260.54
254.01	260.54
255.2	260.54
255.2	260.54
256.39	261.73
256.39	261.73
256.39	261.73
256.39	262.93
259.97	264.12
259.97	264.12
295.75	272.48
295.75	272.48
336.3	276.06
362.53	283.22
374.46	292.78
374.46	292.78
405.47	307.1
436.47	317.85
436.47	317.85
493.72	345.31
512.8	352.48
512.8	352.48
517.57	353.67
517.57	353.67
517.57	353.67
517.57	353.67
515.18	347.7
515.18	347.7
515.18	347.7
515.18	347.7
515.18	346.51
515.18	346.51
515.18	346.51
515.18	346.51
513.99	346.51
482.98	334.57
482.98	334.57
462.71	332.18
462.71	332.18
460.33	332.18
460.33	332.18
460.33	332.18
460.33	332.18
460.33	332.18
460.33	332.18
460.33	332.18
460.33	332.18
460.33	332.18
460.33	332.18
465.1	332.18
465.1	332.18
465.1	332.18
549.77	348.89
549.77	348.89
580.78	354.86
591.51	359.64
591.51	359.64
591.51	359.64
591.51	359.64
591.51	359.64
591.51	359.64
591.51	359.64
609.4	359.64
609.4	359.64
646.37	364.42
657.1	359.64
657.1	359.64
658.29	346.51
654.72	327.4
654.72	327.4
653.52	326.21
653.52	334.57
653.52	334.57
641.6	396.65
639.21	410.98
639.21	410.98
642.79	418.14
646.37	425.31
646.37	425.31
646.37	431.28
598.66	428.89
598.66	428.89
528.3	412.17
528.3	412.17
506.84	400.23
503.26	397.85
498.49	394.26
498.49	394.26
479.41	385.91
437.67	373.97
437.67	373.97
398.31	363.22
398.31	363.22
393.54	362.03
388.77	362.03
388.77	362.03
379.23	364.42
368.5	366.8
368.5	366.8
355.38	370.39
310.06	372.77
310.06	372.77
279.05	370.39
274.28	370.39
274.28	370.39
267.13	369.19
267.13	369.19
255.2	368
248.05	365.61
236.12	363.22
193.19	354.86
193.19	354.86
158.6	347.7
150.25	347.7
150.25	347.7
138.33	350.09
133.56	350.09
133.56	350.09
133.56	350.09
133.56	350.09
133.56	350.09
121.63	330.98
109.71	283.22
109.71	283.22
104.94	235.46
107.32	204.42
107.32	204.42
112.09	161.44
115.67	139.95
115.67	139.95
120.44	125.62
120.44	125.62
121.63	119.65
121.63	116.07
121.63	116.07
122.82	112.48
122.82	112.48
122.82	112.48
127.59	111.29
127.59	111.29
127.59	111.29
213.46	138.75
267.13	154.27
267.13	154.27
302.9	166.21
312.45	173.38
312.45	173.38
325.56	184.12
336.3	194.87
336.3	194.87
348.22	222.33
360.15	245.02
368.5	259.34
368.5	259.34
373.27	268.9
373.27	268.9
373.27	273.67
373.27	273.67
373.27	273.67
373.27	273.67
372.07	276.06
372.07	276.06
370.88	278.45
370.88	278.45
368.5	283.22
368.5	284.42
368.5	284.42
368.5	284.42
368.5	284.42
366.11	286.81
366.11	286.81
366.11	286.81
357.76	297.55
357.76	297.55
355.38	305.91
354.19	308.3
354.19	308.3
354.19	309.49
354.19	309.49
355.38	316.66
355.38	316.66
360.15	321.43
364.92	325.01
364.92	325.01
364.92	325.01
364.92	325.01
364.92	325.01
363.73	325.01
363.73	325.01
361.34	322.63
361.34	322.63
360.15	321.43
358.96	321.43
358.96	321.43
358.96	321.43
358.96	321.43
358.96	321.43
358.96	321.43
358.96	321.43
358.96	321.43
358.96	321.43
358.96	321.43
350.61	317.85
350.61	317.85
350.61	317.85
339.87	314.27
339.87	314.27
339.87	314.27
339.87	314.27
339.87	314.27
344.64	304.72
361.34	290.39
361.34	290.39
379.23	279.64
384	278.45
384	278.45
385.19	278.45
392.35	295.16
392.35	295.16
392.35	295.16
338.68	363.22
338.68	363.22
329.14	371.58
320.79	377.55
320.79	377.55
311.25	379.94
302.9	379.94
302.9	379.94
290.98	373.97
256.39	364.42
256.39	364.42
239.7	363.22
228.96	364.42
228.96	364.42
215.85	366.8
187.22	377.55
187.22	377.55
169.34	387.1
150.25	402.62
150.25	402.62
141.91	409.79
141.91	412.17
141.91	412.17
144.29	418.14
165.76	431.28
165.76	431.28
183.65	443.22
193.19	455.16
193.19	455.16
200.34	480.23
200.34	493.37
200.34	493.37
188.42	502.92
174.11	511.28
174.11	511.28
144.29	507.69
103.74	499.34
103.74	499.34
82.28	493.37
78.7	489.78
78.7	489.78
67.97	477.84
62	461.13
62	461.13
81.08	440.83
110.9	431.28
110.9	431.28
138.33	424.11
145.48	424.11
145.48	424.11
160.99	440.83
183.65	464.71
183.65	464.71
191.99	474.26
201.53	482.62
201.53	482.62
212.27	489.78
238.5	496.95
238.5	496.95
274.28	483.81
285.02	475.46
285.02	475.46
296.94	467.1
306.48	458.74
306.48	458.74
308.87	453.96
312.45	451.58
312.45	451.58
323.18	455.16
356.57	467.1
356.57	467.1
403.08	479.04
424.55	479.04
424.55	479.04
426.93	479.04
426.93	479.04
426.93	479.04
426.93	479.04
426.93	476.65
426.93	476.65
422.16	467.1
420.97	463.52
420.97	463.52
420.97	463.52
420.97	463.52
420.97	463.52
420.97	463.52
420.97	463.52
420.97	463.52
420.97	463.52
420.97	463.52
420.97	463.52
420.97	463.52
420.97	463.52
420.97	463.52
419.78	458.74
419.78	458.74
419.78	458.74
411.43	438.44
411.43	430.08
411.43	430.08
412.62	421.73
418.58	409.79
418.58	409.79
422.16	400.23
423.36	393.07
423.36	393.07
423.36	390.68
423.36	382.32
423.36	382.32
422.16	373.97
419.78	369.19
419.78	369.19
417.39	364.42
412.62	354.86
412.62	354.86
412.62	345.31
413.81	335.76
413.81	335.76
415.01	332.18
418.58	333.37
418.58	333.37
431.7	359.64
436.47	373.97
436.47	373.97
436.47	387.1
431.7	399.04
431.7	399.04
428.13	408.59
422.16	419.34
422.16	419.34
412.62	426.5
376.84	436.05
376.84	436.05
358.96	438.44
357.76	438.44
357.76	438.44
357.76	438.44
356.57	438.44
356.57	438.44
342.26	439.64
336.3	439.64
336.3	439.64
335.1	440.83
332.72	451.58
332.72	451.58
336.3	461.13
339.87	467.1
339.87	467.1
341.07	469.49
344.64	470.68
344.64	470.68
348.22	470.68
348.22	470.68
348.22	470.68
348.22	470.68
348.22	470.68
348.22	470.68
348.22	470.68
351.8	468.29
351.8	468.29
364.92	450.38
366.11	442.02
366.11	442.02
367.3	440.83
369.69	436.05
369.69	436.05
369.69	434.86
369.69	434.86
369.69	434.86
369.69	434.86
369.69	434.86
369.69	434.86
369.69	434.86
369.69	434.86
369.69	434.86
369.69	434.86
369.69	432.47
369.69	432.47
369.69	432.47
369.69	432.47
369.69	432.47
369.69	432.47
369.69	432.47
369.69	432.47
369.69	432.47
369.69	432.47
369.69	432.47
369.69	432.47
369.69	432.47
369.69	432.47
369.69	432.47
369.69	432.47
369.69	432.47
320.79	459.93
300.52	462.32
300.52	462.32
298.13	459.93
298.13	459.93
302.9	450.38
321.99	439.64
321.99	439.64
350.61	431.28
357.76	431.28
369.69	436.05
369.69	436.05
379.23	442.02
387.58	447.99
387.58	447.99
398.31	455.16
405.47	458.74
405.47	458.74
407.85	459.93
407.85	459.93
407.85	459.93
407.85	459.93
407.85	459.93
407.85	459.93
407.85	459.93
407.85	459.93
407.85	459.93
407.85	459.93
407.85	459.93
407.85	459.93
407.85	459.93
407.85	459.93
407.85	459.93
407.85	459.93
415.01	464.71
415.01	464.71
426.93	476.65
441.24	483.81
441.24	483.81
474.64	501.72
481.79	504.11
481.79	504.11
481.79	504.11
481.79	504.11
481.79	504.11
481.79	504.11
456.75	527.99
456.75	527.99
410.24	545.9
410.24	545.9
387.58	555.45
378.04	560.23
363.73	560.23
363.73	560.23
363.73	560.23
363.73	560.23
363.73	560.23
363.73	560.23
363.73	560.23
363.73	560.23
355.38	547.1
343.45	519.63
343.45	519.63
333.91	494.56
333.91	494.56
321.99	479.04
314.83	465.9
306.48	424.11
306.48	424.11
307.67	379.94
319.6	347.7
319.6	347.7
343.45	291.58
343.45	291.58
358.96	271.28
363.73	268.9
369.69	264.12
369.69	264.12
386.39	254.57
412.62	235.46
412.62	235.46
429.32	224.72
443.63	212.78
443.63	212.78
453.17	209.2
460.33	208
460.33	208
488.95	222.33
521.15	235.46
521.15	235.46
559.31	264.12
584.35	282.03
584.35	282.03
589.12	283.22
589.12	283.22
589.12	283.22
589.12	283.22
589.12	283.22
590.32	285.61
590.32	285.61
590.32	285.61
603.44	290.39
603.44	290.39
603.44	290.39
603.44	290.39
603.44	290.39
603.44	290.39
603.44	290.39
603.44	290.39
603.44	290.39
603.44	290.39
603.44	290.39
603.44	290.39
603.44	290.39
602.24	290.39
602.24	290.39
592.7	285.61
578.39	276.06
578.39	276.06
531.88	271.28
504.45	283.22
490.14	307.1
490.14	307.1
480.6	333.37
482.98	368
482.98	368
494.91	393.07
505.64	408.59
505.64	408.59
517.57	421.73
517.57	421.73
521.15	431.28
522.34	434.86
522.34	436.05
522.34	436.05
522.34	436.05
522.34	436.05
522.34	436.05
522.34	436.05
522.34	436.05
522.34	436.05
522.34	436.05
522.34	436.05
518.76	440.83
518.76	440.83
518.76	440.83
459.13	428.89
407.85	397.85
399.5	388.29
399.5	388.29
389.96	359.64
389.96	359.64
388.77	332.18
387.58	319.04
387.58	319.04
387.58	319.04
387.58	319.04
387.58	319.04
387.58	319.04
387.58	319.04
387.58	319.04
387.58	319.04
369.69	299.94
361.34	288
361.34	288
366.11	273.67
376.84	259.34
376.84	259.34
387.58	243.82
387.58	243.82
392.35	234.27
392.35	231.88
392.35	231.88
391.16	231.88
391.16	231.88
384	230.69
384	230.69
384	230.69
384	230.69
384	230.69
384	230.69
384	230.69
384	230.69
384	230.69
384	230.69
384	230.69
384	230.69
384	230.69
384	230.69
384	230.69
384	230.69
384	230.69
384	230.69
384	230.69
380.42	233.08
380.42	233.08
380.42	233.08
374.46	254.57
374.46	259.34
374.46	259.34
374.46	259.34
374.46	259.34
374.46	259.34
374.46	259.34
374.46	259.34
374.46	259.34
374.46	259.34
374.46	259.34
374.46	259.34
374.46	259.34
373.27	264.12
373.27	264.12
373.27	264.12
379.23	291.58
379.23	291.58
380.42	298.75
380.42	298.75
380.42	298.75
380.42	298.75
380.42	298.75
380.42	298.75
380.42	298.75
381.61	305.91
381.61	305.91
381.61	305.91
393.54	359.64
393.54	359.64
393.54	359.64
385.19	350.09
385.19	350.09
376.84	335.76
374.46	330.98
374.46	330.98
374.46	330.98
374.46	330.98
300.52	329.79
300.52	329.79
231.35	326.21
231.35	326.21
224.19	326.21
224.19	326.21
224.19	326.21
224.19	326.21
224.19	326.21
224.19	326.21
224.19	326.21
224.19	326.21
224.19	326.21
224.19	326.21
224.19	326.21
224.19	326.21
230.16	322.63
254.01	321.43
254.01	321.43
275.47	315.46
285.02	313.07
285.02	313.07
288.59	313.07
288.59	313.07
288.59	313.07
288.59	313.07
288.59	313.07
288.59	313.07
288.59	313.07
288.59	313.07
288.59	313.07
269.51	303.52
265.93	302.33
265.93	302.33
265.93	302.33
265.93	302.33
265.93	302.33
265.93	302.33
265.93	302.33
265.93	302.33
265.93	302.33
265.93	302.33
267.13	299.94
267.13	299.94
276.67	290.39
276.67	290.39
252.82	268.9
252.82	268.9
183.65	249.79
144.29	240.24
129.98	229.49
129.98	229.49
107.32	196.06
100.17	182.93
100.17	182.93
98.97	173.38
98.97	165.02
98.97	165.02
97.78	156.66
95.4	150.69
95.4	150.69
90.62	150.69
77.51	156.66
77.51	156.66
66.77	166.21
63.2	178.15
63.2	178.15
66.77	187.71
78.7	199.64
78.7	199.64
84.66	200.84
85.85	200.84
85.85	200.84
87.05	200.84
87.05	200.84
87.05	200.84
87.05	200.84
87.05	200.84
87.05	200.84
87.05	200.84
83.47	197.26
83.47	197.26
83.47	197.26
54.85	182.93
54.85	182.93
47.69	178.15
44.11	176.96
44.11	176.96
39.34	172.18
36.96	167.41
36.96	167.41
35.77	160.24
48.88	148.3
48.88	148.3
103.74	142.33
147.87	162.63
147.87	162.63
159.79	211.58
153.83	265.31
153.83	265.31
152.64	292.78
177.68	314.27
177.68	314.27
233.73	339.34
268.32	359.64
268.32	359.64
275.47	369.19
279.05	378.74
279.05	378.74
279.05	381.13
277.86	383.52
277.86	383.52
277.86	383.52
277.86	383.52
277.86	383.52
282.63	376.36
282.63	376.36
282.63	376.36
302.9	335.76
306.48	325.01
306.48	325.01
308.87	320.24
321.99	315.46
321.99	315.46
343.45	314.27
363.73	309.49
363.73	309.49
397.12	298.75
406.66	291.58
406.66	291.58
406.66	288
406.66	288
406.66	288
406.66	288
406.66	288
406.66	288
406.66	288
407.85	282.03
407.85	282.03
426.93	219.94
426.93	219.94
446.01	176.96
450.78	170.99
450.78	170.99
450.78	170.99
450.78	170.99
450.78	170.99
450.78	170.99
450.78	170.99
450.78	170.99
450.78	170.99
450.78	169.8
461.52	154.27
461.52	154.27
468.67	141.14
468.67	141.14
469.87	137.56
469.87	136.36
469.87	136.36
469.87	136.36
469.87	136.36
469.87	136.36
469.87	135.17
469.87	135.17
465.1	132.78
465.1	132.78
455.55	130.39
446.01	129.2
446.01	129.2
446.01	129.2
446.01	129.2
446.01	129.2
446.01	129.2
446.01	129.2
446.01	129.2
446.01	129.2
446.01	129.2
446.01	129.2
446.01	129.2
446.01	129.2
446.01	129.2
446.01	129.2
446.01	129.2
446.01	129.2
446.01	129.2
446.01	129.2
446.01	129.2
446.01	129.2
446.01	129.2
446.01	129.2
446.01	129.2
446.01	129.2
446.01	129.2
446.01	129.2
446.01	129.2
446.01	129.2
446.01	129.2
446.01	129.2
446.01	129.2
446.01	129.2
446.01	129.2
446.01	129.2
446.01	131.59
446.01	131.59
446.01	131.59
446.01	131.59
446.01	131.59
446.01	131.59
446.01	131.59
446.01	131.59
446.01	131.59
446.01	131.59
446.01	131.59
446.01	131.59
446.01	131.59
446.01	131.59
446.01	131.59
446.01	131.59
446.01	131.59
446.01	131.59
446.01	131.59
446.01	131.59
446.01	131.59
446.01	131.59
446.01	131.59
446.01	131.59
446.01	131.59
446.01	131.59
446.01	131.59
446.01	131.59
446.01	131.59
446.01	131.59
446.01	131.59
446.01	131.59
446.01	131.59
444.82	135.17
440.05	147.11
440.05	147.11
437.67	159.05
436.47	163.83
436.47	163.83
436.47	166.21
436.47	172.18
436.47	172.18
436.47	180.54
436.47	182.93
436.47	182.93
434.09	185.32
429.32	190.09
429.32	190.09
412.62	204.42
412.62	204.42
384	248.6
380.42	255.76
380.42	261.73
380.42	261.73
391.16	271.28
400.7	282.03
400.7	282.03
411.43	289.19
411.43	289.19
419.78	297.55
422.16	305.91
423.36	314.27
423.36	314.27
422.16	323.82
420.97	330.98
420.97	330.98
419.78	335.76
419.78	335.76
419.78	335.76
419.78	335.76
419.78	335.76
419.78	335.76
419.78	335.76
419.78	335.76
419.78	335.76
419.78	335.76
419.78	335.76
419.78	335.76
419.78	335.76
419.78	335.76
419.78	335.76
419.78	335.76
419.78	335.76
419.78	335.76
419.78	335.76
419.78	335.76
419.78	335.76
419.78	335.76
419.78	335.76
419.78	335.76
419.78	335.76
419.78	335.76
419.78	335.76
419.78	335.76
419.78	335.76
419.78	335.76
419.78	335.76
419.78	335.76
419.78	335.76
419.78	335.76
419.78	335.76
419.78	335.76
419.78	335.76
419.78	335.76
419.78	335.76
419.78	335.76
419.78	335.76
419.78	335.76
419.78	335.76
419.78	335.76
419.78	335.76
419.78	335.76
419.78	335.76
419.78	335.76
419.78	335.76
419.78	335.76
419.78	335.76
419.78	335.76
419.78	335.76
419.78	335.76
419.78	335.76
419.78	335.76
419.78	335.76
419.78	335.76
419.78	335.76
419.78	335.76
419.78	335.76
419.78	335.76
419.78	335.76
419.78	335.76
419.78	335.76
419.78	335.76
419.78	335.76
419.78	335.76
419.78	335.76
419.78	335.76
419.78	335.76
419.78	335.76
419.78	335.76
419.78	335.76
419.78	335.76
419.78	335.76
419.78	335.76
419.78	335.76
419.78	335.76
419.78	335.76
419.78	335.76
419.78	335.76
419.78	335.76
419.78	335.76
419.78	335.76
419.78	335.76
419.78	335.76
419.78	335.76
419.78	335.76
419.78	335.76
419.78	335.76
419.78	335.76
419.78	335.76
419.78	335.76
419.78	335.76
419.78	335.76
419.78	335.76
419.78	335.76
419.78	335.76
419.78	335.76
419.78	335.76
419.78	335.76
419.78	335.76
419.78	335.76
419.78	335.76
419.78	335.76
419.78	335.76
419.78	335.76
419.78	335.76
419.78	335.76
419.78	335.76
419.78	335.76
419.78	335.76
419.78	335.76
419.78	335.76
419.78	335.76
419.78	335.76
419.78	335.76
419.78	335.76
419.78	335.76
419.78	335.76
419.78	335.76
419.78	335.76
419.78	335.76
419.78	335.76
419.78	335.76
419.78	335.76
419.78	335.76
419.78	335.76
419.78	335.76
419.78	335.76
419.78	335.76
419.78	335.76
419.78	335.76
419.78	335.76
419.78	335.76
419.78	335.76
419.78	335.76
419.78	335.76
419.78	335.76
419.78	335.76
419.78	335.76
419.78	335.76
419.78	335.76
419.78	335.76
419.78	335.76
419.78	335.76
419.78	335.76
419.78	335.76
419.78	335.76
419.78	335.76
419.78	335.76
419.78	335.76
419.78	335.76
419.78	335.76
419.78	335.76
419.78	335.76
419.78	335.76
419.78	335.76
419.78	335.76
419.78	335.76
419.78	335.76
419.78	335.76
419.78	335.76
419.78	335.76
419.78	335.76
419.78	335.76
419.78	335.76
419.78	335.76
419.78	335.76
419.78	335.76
419.78	335.76
419.78	335.76
419.78	335.76
419.78	335.76
419.78	335.76
419.78	335.76
419.78	335.76
419.78	335.76
419.78	335.76
419.78	335.76
419.78	335.76
419.78	335.76
419.78	335.76
419.78	335.76
419.78	335.76
419.78	335.76
419.78	335.76
419.78	335.76
437.67	326.21
437.67	326.21
437.67	326.21
463.9	311.88
463.9	311.88
463.9	311.88
463.9	311.88
463.9	311.88
463.9	311.88
463.9	311.88
463.9	311.88
463.9	311.88
463.9	311.88
463.9	311.88
463.9	311.88
463.9	311.88
463.9	311.88
463.9	311.88
401.89	315.46
401.89	315.46
380.42	319.04
380.42	319.04
380.42	319.04
380.42	319.04
380.42	319.04
380.42	319.04
380.42	319.04
380.42	319.04
380.42	319.04
380.42	319.04
380.42	319.04
380.42	319.04
380.42	319.04
380.42	319.04
380.42	319.04
380.42	319.04
380.42	319.04
380.42	319.04
380.42	319.04
380.42	319.04
380.42	319.04
380.42	319.04
380.42	319.04
380.42	319.04
380.42	319.04
380.42	319.04
380.42	319.04
380.42	319.04
