398.05	265.8
397.5	269.4
400.75	271.7
400.45	273.25
397.95	273.15
399.9	274.7
400.05	273.6
400.45	276.75
399.75	277.65
398.7	276.1
397.55	275.45
396.05	275.35
394.4	272.6
470.8	286.85
466.15	281.2
466.4	279.85
465.35	281.6
464.55	280.65
467.15	284.7
466.8	282.65
466.8	282.7
467.75	280.55
468.6	280.8
466.15	282.9
464.75	281.5
463.15	279.85
463.85	284.5
464.15	282.35
463.7	281.35
464.8	280.45
461.4	285.1
465.35	285.8
463.8	290.75
458.3	285.75
451.2	284.65
446.75	284.35
448.75	287.75
442.25	294.9
435.95	299.55
422.25	294.25
414.35	292.55
409.4	296.1
399.45	294.25
388.4	293.85
577.25	268.45
0	0
0	0
0	0
0	0
0	0
671.8	216.5
665.25	213.55
659.2	222.65
653.95	227.75
638.15	223.15
630	235.15
721	248.15
726.9	250.1
715.7	242.75
707.85	254.3
0	0
0	0
0	0
731.8	261
725.4	262.4
656.5	383.4
632.85	531.5
629.85	529.25
624.3	532.55
625.45	529.8
622.25	528.9
619.5	529.7
618.85	528.2
615.2	531.6
620.6	526.9
618.2	528.7
617.1	523.55
614.35	523.05
614.1	524.35
612.95	522.6
615.05	524.2
612.4	521.05
618.75	521.05
615.9	519.95
614.5	522.8
648.1	298.65
661.9	186.9
649.45	182.45
642.2	173.25
636.6	164.65
626.85	172.2
615.3	176.3
599.1	171
587.6	178.05
570.4	175.65
555.55	176.85
544.75	175.55
534.9	178.4
524.6	180.3
510.5	174.9
505	172.7
588.7	188.85
566.7	189.45
0	0
0	0
0	0
0	0
0	0
627.05	290.45
617.5	296.3
613.8	292.9
598.8	271.45
593.1	277.7
578.45	276.75
575.15	281.6
565.25	279.35
553.85	283.7
543.55	287.95
643.25	411.4
0	0
707.1	573.9
699.35	575.05
699.65	574.45
707.5	533.35
708.3	547.95
706.05	543.2
708.45	546.35
704.95	536.25
703.15	536.1
704.85	541.45
636.45	468.55
449.8	324.8
450.75	323.4
442.9	318.05
438.7	322.5
433.2	323.1
428.6	325.55
421.65	317.8
414.7	317
415	322.3
411.65	317.35
407.15	318.8
402.4	317.6
395.05	323.5
394.5	313.55
384.35	324.8
388.2	311.7
486.15	240.35
578.4	226.35
572.4	225.85
569.15	227.3
569.8	228
567.1	226.1
567.2	226.85
566.55	223.4
563.8	220.75
564.25	218.5
559.55	216.5
558.9	219.05
559.4	221.05
559.7	218.25
562.15	218.65
563.35	217.9
491.25	280.8
374.95	370.65
366.3	379.45
371.05	380.8
374.6	382.9
368	372.7
369.7	373.55
373.9	371.7
373.7	381.4
296.2	375.15
303.1	372.1
304.35	362.9
301.3	372.75
304.5	368.2
304.4	377.7
305.2	380.5
307.15	365.95
309.95	376.35
311.05	374.25
310.8	376.2
305.4	330.35
304.6	338.45
306.75	332.15
304.2	331
357	249.65
425.9	206.85
428.5	200.55
423.85	196.3
420.8	202.95
419.65	195
422.1	201.05
424.85	200.15
421.9	195.75
421.15	195.6
422.85	198.35
429.6	196
642.95	189.95
634	190.1
632.35	194.85
630.2	191.85
631.75	191.5
631.75	191.5
634	193
629.1	191.2
626.15	187.65
628.75	187
630.55	184.6
625.25	186.55
620.2	183.95
601.75	357.65
605.85	357.8
600.7	360.75
598.25	354.65
597.95	353.65
599.05	357.9
596.5	356.6
597.05	349.35
594.7	352
419.55	405
425	408.85
421.95	409.1
425.6	415.6
425.55	418.25
424.55	416.6
424.3	411.6
0	0
0	0
0	0
0	0
0	0
470.05	388.55
467.75	384.7
472.2	392.1
470.6	393.85
473.95	396.95
473.9	397.1
476.05	394.5
478.3	402.5
635.1	425.05
626.9	427.1
622.1	426.8
623.6	423.55
623.95	421.9
623.4	423.95
655.05	430.8
654.6	429.2
652.95	427.65
642.1	368.9
640	348.2
639.25	349.7
639.95	352
637.15	348.2
638.45	345
637.05	344.3
637.45	333.45
637.25	346.95
666.55	249
657.4	136.3
657	134.8
657.1	137.1
656.75	134.6
685.05	132.2
738.95	128.9
736.2	127.85
740.5	129.2
738.95	133.65
739.65	137.8
740.6	135.35
741.65	139.15
744.25	135.45
741.75	136.65
741.15	137.05
740.9	136.4
737.45	130.95
740	134.2
724.2	136.75
445.45	328.55
448.7	320.1
452.3	317.25
447.35	320.45
449.95	317.95
450.25	312.65
455.95	311.7
455.8	310.65
460.5	310.2
463.55	310.7
465.75	313.05
358.25	304.15
363.9	306.4
368.2	307.75
372.55	312.65
379.85	314.8
385.7	330.6
387.9	322.7
395.95	336.05
400.45	336.45
403.95	340.1
371.15	333.25
358.15	328
363.9	345.7
372.35	321.7
375.4	324.15
381.45	317.8
390.3	328.45
398.9	333.05
405.4	332.4
411.85	337.75
417.35	334.05
420.25	337.1
428	340.35
435.75	342.85
442.5	332.95
448.45	343.9
389.9	327.9
394.95	325.15
398.7	326.75
404.6	327.8
410.75	333.65
361.1	169.3
356.4	178.15
354.55	175.45
358.15	174.5
358.15	172.5
361.9	168.5
364.75	176.85
381.75	157.6
385.4	159.55
387.4	157.95
388	155.9
392.15	159
395.45	162.2
401.95	164.75
403.6	169.7
406.95	168.05
413.3	171.35
493.5	389.85
491.85	369.9
496.1	364.15
503.4	361.05
511.95	367.9
515.45	370.75
521.25	369.45
527.05	372.65
532.25	376.8
536.05	371.55
541.5	375.15
544.85	372.6
550.4	372.05
555.55	374.05
551.25	366.75
538.45	371.85
491.95	384.35
491.7	384.8
493.4	383.5
495.2	382.6
495.55	379.55
495.55	377.15
496.45	372.9
496.05	378.8
494.9	378
494.5	377.9
494.7	374.05
492.7	375.75
492.4	377.8
494.35	379
490.35	379.3
492.4	378.3
492.55	377.75
492.4	370.6
492.85	374.5
492.45	368.2
491.55	369.85
491.3	375.8
492.05	373.85
487.2	366.5
484.35	367.35
483.6	375.5
481	372.45
480.45	374.05
477.1	372.7
477.9	371.4
476.1	375.55
475.15	374.95
473.25	372.9
471.6	371.05
470.65	373.9
472.45	374.55
469.4	366.75
465.45	369.6
464.5	373.75
465.5	374.65
493.55	327.2
495.45	316.6
492.15	324.65
492.25	323.45
488.65	333.9
492.35	323.7
485.35	333.6
487.2	337.45
484.45	330.05
469.45	422.7
467.75	424.8
468.05	422.15
466.9	416.6
466.9	422.8
466.55	422.55
469.4	426.55
468.4	422.7
467.95	423.35
469.45	419.75
465.85	428.6
468.55	429.2
466.85	426.3
469.15	424.15
472	424.35
471.45	425.4
470.15	423.95
471.75	422.6
472.85	425.25
473.45	416.8
472	423.25
469.6	425.45
471.75	420.35
470.65	426
470.6	419.25
469.75	422.4
472.3	420.25
644.65	353.4
633.2	365.65
637.55	359.9
639.2	358.85
637.95	358.8
637.25	351.05
637.25	353.25
637.25	355.55
641.2	362.55
639.35	360.5
640.25	366.25
534.05	387.7
478	408.2
474.25	410.65
470.3	412.6
470.05	414.95
468.95	414.2
470.45	416.65
469.3	415.05
468	412.35
466.35	412.65
462.9	414
466.25	416.9
471.2	414.35
471.35	412.4
469.95	413.25
471.25	418.4
472.1	416.55
471.2	417.55
466.55	411.1
465.25	415.65
464	415.15
468.65	413.5
466.75	411.65
469.8	411.55
467.1	409.25
463.5	409.85
467.6	410.8
462.75	408.4
467.35	409.3
460.95	412.9
466.1	418.95
466.45	420.65
468.3	414.95
468.3	415.2
469	417.25
469.5	416.25
469	409.6
468.4	416.5
464.05	410.25
464.7	412.75
467	415.7
470.2	410.3
467.5	417
470.3	415.05
470.6	418.1
469.05	415.5
468.55	418.6
469.15	417
469.2	417.9
468.6	416.25
468.75	417.65
467.35	419
464.9	420.15
464.15	417.4
464.1	415.65
461.8	415.3
461.6	415.85
458.85	411.35
464.3	417.5
467.15	417.2
466.5	420.3
469.85	415.4
494.25	337.9
489.95	343.25
488.05	338.3
490.65	342.95
492.05	343.45
494.05	338.7
493.05	340.15
493.9	339.05
439.55	322.05
336.4	298.55
340.65	305.4
340.85	296.8
340.35	293.75
339.65	296.45
337.15	300.6
336.5	301.45
338.2	297.75
335.6	301.5
258.1	252
245.95	253.95
244.95	247.55
239.75	252.1
238.2	252
238.45	252.7
235.4	119.95
230.15	146.7
230.55	153.1
227.3	153.1
228.2	155
224.55	148.35
222.5	147.6
221.7	144.9
175.85	187.15
178.55	184.25
179.65	183.85
179.15	181.35
175.55	182
174.95	181.85
173.5	180.85
353.1	255.65
453.95	282.4
457.75	296.25
456.8	297.65
460.4	299.55
462.4	301.7
462.6	303.5
460.1	297.8
463.7	298.25
463.8	297.45
458.8	298.9
458.75	305.9
457.8	300.2
454.95	300.6
455.05	310.6
454.7	304.55
456.9	317.55
456.7	315.1
455.05	316.65
456.25	321
454.45	320.85
458.35	323.75
454.5	315.95
456.45	317.2
453.35	318.15
453.5	325.1
453	328.65
455.45	324.45
454.85	329.55
453.1	330.4
456.4	317.75
452.65	318.7
451.8	330.1
454.05	319.6
454.95	326.9
454.6	323.85
456.3	322.25
454.8	325.25
455.25	324.85
453.95	324.35
453.6	328.35
453.4	333.5
452.35	334
452.95	329.25
450.55	330.75
447.45	325.7
445.5	327.75
450.7	330.2
446.95	335.25
451.25	326.1
450.4	329.85
447.8	330.1
447.55	322.35
451.35	321.1
452.15	322
450.75	321.95
451.95	318.65
447.45	324.6
440.45	289.35
0	0
0	0
0	0
0	0
0	0
485.1	169.05
487.65	169.85
486.9	166.15
487.95	166.85
486.6	169.25
480.85	152
480.55	158.8
479.25	158.9
482.7	164.35
480.15	155.6
478.85	157.75
478.55	154.3
479.5	151.75
480.6	153.45
481.15	155.35
481.45	153.65
479.15	151.95
480.2	152
479.8	154.55
482.6	150.95
482.05	156.85
480.5	150.8
482.95	155.15
482.9	153.55
483.05	153.55
486.8	162.15
481.85	149.3
483.85	153.7
477.1	156.35
432.75	239.05
431	244.35
430.6	232.55
431.5	240.1
431.5	239.7
434.25	240.55
435.1	243.4
431.95	251
437.1	252.85
439	249.05
436.15	254.05
302.3	385.75
291.9	403.65
290.3	397.55
290.05	396.65
286.4	397.6
286.55	400.75
284.45	397.65
285.5	398
284.5	403.05
287.4	402.2
261.75	399.2
261.1	402.2
262.2	398.65
261.2	397.55
260.05	397.95
261.3	398.15
374.3	300.15
431.8	236.55
432	242.1
497.85	185.3
494.9	188.55
495.95	186.05
495.8	190.75
494.75	186.7
497.3	186.7
492.55	180.6
498.45	190.75
498.65	192.45
499.2	194.1
494.95	188.55
494.5	186.7
499.8	192.4
498.6	190.85
500.9	187.55
500.95	186.6
502.55	189.4
500.6	193.85
499.3	194.1
502.45	193.75
502.2	193.15
500.8	191.3
499.05	187.8
499.35	190.95
497.25	186.65
500.15	189.9
499.6	189.25
498.8	186.75
498.15	189.1
497.75	192
497.7	190.15
499	192.2
493.6	180
492.35	178.75
385.75	285.85
377.15	306.25
380.3	303.35
380.25	304.6
378.6	302.15
447	380.1
446.1	379.25
444.05	377.5
447.55	375.05
445.7	374.6
444.8	374.5
444.25	377.4
443.65	382.3
444.6	379.5
441.3	378.35
443.8	381.9
445.65	383.05
445.05	380.05
455.65	414.45
468.6	449.1
467.95	448.4
469.15	450.4
467.95	448.65
468.15	448.55
463.75	448.45
462.85	444.6
466.75	447.3
471.05	445.4
468.55	450.9
467.9	452.45
465.95	451.95
467.5	453
465.7	444
466.6	443.15
469.2	414.4
468.15	415.45
467.3	413
468.4	418.7
466.55	412.4
462.55	415.3
464.65	412.25
461.95	419.15
461	415.4
458.9	422.35
460.75	422.7
460.85	418.8
461.35	419.85
460.15	423.2
459.95	415.7
426.8	392.2
406.15	353.35
404.75	357.8
402.65	360.5
402	357.25
402.4	357.05
401.45	357.75
402.35	352.35
402.1	359.35
360.2	354
363.55	357.2
362.25	357.2
362.9	357.8
361.7	353.2
361.95	357.35
360	357.1
358.2	358.95
353.6	356.05
353.4	355.45
353.3	361
353.15	359.7
352.2	360.65
475.45	328.85
465.7	326.6
465.75	330
466	331.35
466.45	332.5
467.65	330.9
357.5	345.75
356.8	349.75
356.35	353.65
353.65	351.65
355.5	352
355.3	344.05
356.35	342.35
358.5	341.05
354.5	344.4
353.1	347.05
353.65	350.7
355	346.25
353.25	352.2
353.1	351.3
352.3	351.55
353.85	347.3
357.45	342.5
341	363.2
341.3	364.1
336.95	370.15
336.05	364.45
336.55	370.85
334.5	374.55
336.6	371.65
335.7	370.9
332.6	372.5
333.8	370.9
334.95	368.5
333	370.45
331.95	371.55
331.45	371.35
332.25	367.9
332.1	371.25
332.45	366.7
333.4	367.55
330.75	368.9
332.9	361.55
332.6	366.15
331.85	362.35
331.2	372.1
330.75	370.85
332.9	369.65
331	368.4
332.4	373.3
332.45	370.7
330.6	374.8
330.15	370.1
332.1	367.4
335.6	365
208.75	364.5
211.75	360.35
211.25	358.1
210.75	358.1
216.95	360.05
217.3	355.95
222.95	364
220.55	362.6
223.6	363.1
224.6	357.55
0	0
0	0
0	0
0	0
214.6	288.9
224.2	302.65
230.6	317.15
232.05	316.75
235.3	325.1
242.65	336.95
241.15	339.85
244	338.95
243	332.05
246.65	329.85
246.4	326.95
261	327.5
360.4	338.55
365.25	336.2
366.55	330.95
368.85	335.7
373.5	337.25
379.9	336.85
377.5	327.6
373.5	330.25
472.45	351.65
607	354
601.3	354.8
591.15	357.3
587.2	351.35
580.75	351.4
570.85	355.1
554.4	352.7
546.9	351.3
541.05	348.75
536.05	356.05
533.7	356.7
526.65	364
518.3	363.55
512.65	360.85
508	363.4
501.9	363.65
495.95	361.95
489.55	358.6
484.25	362.4
479.5	359.8
475.1	364
469.9	366.15
463.5	365.95
462.05	360.85
457.5	364.5
455.35	362.75
453.7	363.95
454.35	368.3
456.15	365.55
456.9	358.75
458.45	361.05
456.45	365.9
454.3	364.7
453.15	366.1
451.25	366.8
440.75	362.6
588	345.65
584.85	359.65
571.4	360.45
561.6	358.8
552.7	350.45
548	349.95
542.7	357.3
538.7	357.35
523.35	361.15
517.1	354.45
506.6	348.7
540.15	336.3
643.3	306.25
631.15	311.05
611.25	306.75
605.75	311.5
589.95	309.9
581.9	308.5
433.2	335
432.3	332.85
432.55	332.6
433.55	333.45
431.7	334.3
427.2	328.65
427.2	326.65
393.55	395.2
395.4	381.45
392.55	381.05
396.85	378.6
395	374.3
392.5	377.1
392.35	378.8
399.45	378.45
399.95	379.6
400.8	378.35
399.95	380.05
401.5	378.75
401.8	376.25
400.75	375
392.95	373.7
391.65	371.9
388.85	371.95
393.1	371.3
391.65	375.75
394.85	373.9
394.7	373.95
394	370.85
390.95	366.2
390.15	367.15
397.9	365.8
399.45	367.9
399.1	367.1
396	366.85
426	251.65
423.95	250.6
422.65	250.3
427.65	247.25
426.75	247.55
429.4	251.55
432.15	246.8
428.35	252
430.05	250.2
430.9	247.4
428.75	249.45
426.95	252.5
425.65	254.6
427.75	250.6
430.15	250.55
429.25	254.2
428.55	254.6
401.9	340.95
398.9	343.6
403.9	339.3
405.6	342.95
403.3	342.35
398.25	337.5
396	339.6
397.6	338.55
370.95	375.25
371.35	381.25
370.2	377.85
371.55	372.65
370.8	380.7
372.9	373.75
372.05	379.25
373.95	373.25
373.2	374
371.55	374.95
372.7	375.2
371.55	378
370.25	381.1
374.3	373.4
374.3	372.2
373.45	371.15
371.1	374.4
370.45	377.8
371.4	372.4
369.3	379.65
369.35	374.3
368.75	371.4
369.35	380.3
366.3	369.9
369.45	377.2
370.05	372.4
367.95	378.55
368.5	378.3
366.3	365
368.2	373.6
365.35	369.15
364.15	368.15
369.2	375.8
368.3	369.25
369.6	368.6
365.6	375.4
362.9	366.1
360	368.65
363.75	364.8
385.05	375.3
411.45	385.1
411.5	389.5
409.35	390.7
408.55	387.75
410.15	392.55
407.3	389.15
405.5	391.5
405.65	392.4
404.9	392.1
404.15	394.35
403.45	393.55
402.65	395.05
400.2	393.75
399.2	395.1
400.65	395.85
401.85	400.9
401.35	399.45
403.15	397.65
400.7	399.1
403.55	399.5
401.45	395.7
402.8	400.6
397.5	385
397.8	380.15
400.1	394
403.85	392.3
402.65	225.8
400.8	246.45
389.85	129.95
388.1	151.7
386.9	156.2
381.8	148.6
384.45	151.55
388	149.3
405	190.35
408.4	199.85
412.5	202.95
417.15	204.15
420.05	202.85
370.55	311.3
353.3	432.55
357.4	437.2
362.55	436.7
365.05	432.3
372.85	441.9
375.8	440.05
379.95	445.85
377.05	441.8
327.15	482
330.45	472.55
329.9	473.85
330.9	482.35
329.45	472.15
330.25	487.6
331.65	480.95
330.35	477.55
326.1	476.6
319.6	464.55
232.45	480.4
232.3	476.75
232.65	482.95
233.2	478.3
235.85	473.25
237.75	466.95
233.85	460.8
234.4	460.65
233.5	460.35
235.85	456.25
239.35	445.8
243.85	446.35
317.6	522.05
337	574.95
0	0
0	0
0	0
343.2	563.4
344.55	560.3
349.35	570.9
349.85	558.2
353.5	552.2
352.7	548.15
0	0
0	0
0	0
0	0
0	0
0	0
0	0
0	0
0	0
0	0
334.95	572.6
385.5	573.4
380.2	564.2
381.6	556.25
384.8	550.1
386.3	543.35
388.7	541.15
393.85	529.15
395.8	509.3
396.2	506.75
398.75	518.35
399	515.3
401.35	503
401.5	513.45
406.6	498.2
407.1	505
408.55	503
409.85	497.65
409.7	497.85
407.5	493.6
410.65	481.8
411.15	471.65
410.3	470.95
410.9	487.15
411.1	484.35
406.75	481.35
408.75	474.95
412.2	470.5
417.6	482.5
409.4	481.3
416.95	468.05
418.45	477
417.15	471.65
412.05	477.2
413.75	484.45
417.5	492.4
418.35	498.9
415.4	496.7
416	504.15
415.35	505
411.5	498.05
414.6	505.05
410.2	501.7
413.05	508.15
412.35	502.85
407.75	494.85
406.65	499.2
407.45	491.1
406.85	487.05
406.25	491.3
404.2	493.8
404.4	495.6
403.95	494.2
407.85	500.5
409.75	499.55
411.2	502.8
409.8	502.8
407.5	499.75
407.55	506
405.6	499.7
405.7	506.4
407.75	506.65
416.85	420.6
431.4	375.8
430.1	378.45
430.1	387.3
430.9	388.65
433.5	388.2
453.6	251.2
451	248.9
479.5	83.85
483.35	114.9
486	121.3
492.7	117.25
492.6	112.45
499.95	113.25
500.55	113.05
500.9	111.1
505.3	110.7
506.2	111.6
508.25	110.6
511.75	111.15
510.55	107.55
509.8	105.9
508.25	104.85
508.6	106.2
510.3	113.4
510.4	115.65
505.95	112.9
509.55	116.7
503.55	122.8
502.9	129.2
497.75	135.05
497.55	140.75
494	145.5
382.8	339.5
371.95	447.65
368	456.75
366.95	456.95
366.05	449.35
364.45	447.2
362.9	446.85
364.4	439.35
359.65	442.5
398.4	521.6
403.1	516.65
399.35	509
400.4	513.2
397.4	524.15
397.2	522.4
396.05	522
398.5	521.3
393.05	520.85
392.65	509.05
395.1	514.55
396.3	520.2
396.4	513.75
397.85	513.6
395.45	513.75
396.6	513.05
397.7	506.2
393	496.3
394.15	505.35
389.75	498.25
389.5	500.1
390.7	503.5
392.4	506.9
401.75	506.3
395.5	505.4
396.9	508.4
401.45	504.9
399.3	503.9
401.65	508.95
397.75	507.9
402.55	499.55
388.25	500.95
388.7	496.5
391.65	497.1
386.9	500.7
388.8	501.05
365.65	504.35
371	500.2
377.2	512.3
378.75	510.1
375.55	515.05
375.3	517.4
371.6	508.5
371.75	513.35
371.95	505.7
374.05	508.2
375.1	515.6
374.2	517.5
375.2	511.85
373.1	513.5
368.4	510.65
372.65	506.8
371.55	507.7
373.55	508.75
373.55	507.25
373.45	509.45
377.8	505.15
374.45	507.35
375.7	505.35
376.95	504.7
377.6	500.05
376.15	500.75
376.65	499.65
395.8	486.85
395.5	483.5
395.85	472.3
393.65	471.15
394.35	466.3
392.7	471.3
393.65	477.75
391.4	476.35
393.45	472.15
395.2	476.45
392.5	477.9
392.9	478.1
392.1	479.35
390.1	478.25
392.25	474.5
393	478.1
390.8	481.55
392	484.5
389.55	482.5
385	464.5
385.55	464.55
386.25	468.85
385.45	470.55
387.55	463.8
388.55	467.85
379.75	463.65
320.55	354.55
320	351.3
318.7	355.3
316.7	352.85
318	353.9
316.7	350.55
318.05	352.3
317.65	354.1
319.5	346.3
316.85	355.1
315.7	349.55
318.35	350.5
318.15	350.8
318.45	350.25
317.05	351.35
531.5	303.65
555.2	304.05
553.25	305.15
552.2	305.95
550.85	305.95
553.1	304.35
547.95	309.1
546.7	310.75
542.5	315.25
689.05	287.75
718.35	287.2
711.2	286.4
701.8	285.95
693.6	291.3
685.1	281.95
677.8	288.7
699	295.8
730.9	291.7
723.5	295.85
718.35	295.75
712.45	296.4
702.95	293.6
689.75	293.7
679	308.5
0	0
0	0
0	0
0	0
654.8	289.85
647.75	299.6
641.65	297.85
636	294.65
625.95	289.4
623.25	299.2
615.8	297.95
608.9	288.2
598.8	294.45
584.5	287.35
546.5	285.45
534.75	280.2
521.15	279.85
511.6	271.7
505	263.3
496.4	262.1
483.45	253.85
477.1	252.55
468	248.3
461.45	245.4
457.05	245.05
451.2	245.25
445.25	243.7
438.25	240.6
429.5	235.05
428.6	236.95
423.25	244.15
422.45	249.95
424.7	244
423.6	256.8
423.55	269.2
497.4	420.35
498.75	418.2
496.55	418.6
497.1	419.55
495.5	423.05
495.25	421.1
491.3	416.8
485.95	420.75
487.65	419.6
490.3	423.85
493.3	430.7
490.1	424.95
491.65	436.15
485.75	422.65
484.75	427.75
483.25	422.85
480.55	420.75
479.3	419.95
477	409.35
477.4	415.55
492.05	469.5
488.2	468.05
484.35	467.25
478.95	457.25
477.4	450.5
475.2	443.3
470.6	436.5
460.85	423.65
459.35	414.25
451.9	405.7
455.45	408.55
450.9	398.8
451.5	394.35
446.95	388.4
445.05	387.5
442.8	378.45
439.9	367.45
437.4	368.95
436.1	363.35
431	358.4
427.95	349.7
432.7	345.45
426.7	344.6
425.1	340.8
422	323.5
421.45	330.9
415.55	314.7
412.8	306.7
412.15	308.35
417.2	308.2
416.55	308.6
414.45	304.45
412.85	307.4
413	305.15
410.5	305.2
410	306.1
408.45	305.95
408.05	304.8
408.85	304.35
405.85	310.4
401.95	306.5
405.05	309.15
406.3	304.4
404.45	309.4
404.7	303.9
406.3	304.8
404.75	300.05
405.95	299.6
404.3	302.15
407.35	301.65
407.1	304.4
406.65	309
406.9	308.4
404.6	301.7
402.75	301.85
402	301.7
408.25	303.3
402.75	302.4
405.8	305.6
407.9	308.9
407.85	304.65
406.6	310.65
400.9	300.55
398.8	306.65
399.2	303.25
398.7	307.05
399	306.55
398.85	307.95
397.95	309.8
395.8	305.8
402.25	242.75
400.7	246.6
400.05	250.4
401.8	251.65
403.45	253.85
401.1	244.5
400.7	249.2
397.75	247.8
396.05	251.35
399.15	255.35
395.45	248.55
396.6	262.4
394.15	261.5
368.15	271.5
368.25	268.25
363.6	267.55
364.95	270.7
361.55	271.95
362.25	267.75
362.55	269.85
363.3	271.55
362.15	269.95
367.95	272.5
366.1	274.85
360.75	294.15
340.7	340.2
341.25	331.2
337.65	332.9
336.7	336.8
334.35	331.9
206.95	362.8
219.5	361.55
220.1	354.4
223.85	351.15
231.6	352
239.4	351.35
247.85	355.55
253.15	355.4
259.2	352.95
269.1	357.2
276.7	362.9
285.8	359.1
290.7	357.6
298.95	364.05
303.25	358.2
312.2	358.4
315.55	359.5
317.8	358.45
320.3	358.55
329	356.2
336.9	353.95
340.7	351.05
342.95	355.85
345.8	349.8
347.1	350.45
348	351.65
351.3	353.5
347.7	354.7
349.9	354.55
349.75	355.3
348.2	354.7
347.2	361.3
347.05	355.9
355.75	360.45
633.5	505.6
653.2	516.45
652.5	510.2
653.85	508.3
651.8	508.4
647.9	501.6
647.2	503.95
643.7	500.8
637.85	509.05
355.9	318.4
313.95	302
313.25	312.15
309.6	311.3
313.75	308.3
313.45	308.95
319.25	308.45
319.8	297.85
321.35	306.95
320.9	304.5
319.55	313.4
320.6	314.8
285.2	313
289.45	317.1
293.95	320.55
297.35	329.4
296.1	333.1
293.2	335.3
293.05	333.75
297.45	331.9
298.45	327.9
298.1	333.7
230.05	281.9
106.4	208.1
114.85	212.45
116.45	210.4
123.6	215.95
129.25	217.65
138.9	227.9
146.7	234.3
150.65	234.65
119	174.75
104.9	158.25
110.15	167.45
116.8	173.25
122.05	175.15
123.25	175.55
128.3	186.8
129.05	186.2
266.05	279.5
330.65	364.6
330.25	373.85
330.2	370.55
332.4	370.05
330.6	367.75
292.45	393.85
270.95	416.35
273.65	415.9
270.7	416.45
269.8	417.8
270.55	420.5
270.9	424.5
273.2	430.6
274.2	427.15
272.55	429.3
270.05	424.85
278.5	419.2
278.1	446.2
275.3	451.9
273.05	454.5
274.2	456.75
280.05	463.45
282.25	456.8
280.6	464.55
277.1	462.4
274	458.55
274.05	457.75
273.15	448.9
274.55	449.15
272.75	451.95
276.85	453
284.65	456.6
280.5	455
283.6	455.85
285.65	452.75
281.45	456.4
278.25	452.45
273.9	451.3
276.6	438.4
281.55	435.65
282.15	442
277.45	448.4
279.45	450.15
280.65	450.55
283.1	451.35
280.9	450.9
280	453.05
282.7	447.8
302.3	437.15
525.15	231.4
544.2	214.3
543.9	226.65
544.4	225
543.7	223.8
542.8	225.6
563.8	201.65
600.2	134.45
599.35	131.55
597.45	131.05
600.3	130.5
598.3	131.9
598.9	132.4
433.9	312.85
388.45	395.45
388.65	397.15
388.95	390.05
387.2	392.85
388.1	397.1
388.5	408.8
415.9	306.45
414.65	304.75
416.85	306.3
418.75	312.55
418.4	311.1
413.7	304.35
407.75	307.25
407	304.1
405.45	308.6
403.8	306.05
424.2	239.95
429.9	228.15
427.2	242.25
427.55	242.8
427.65	244.85
422.9	247.55
421.1	243.95
422.15	236.05
418.95	246.8
419.1	248.6
416.4	256.3
415.4	246
415.4	250.85
411.1	261.8
410.5	258
414.9	261
409.8	267.45
409.05	278.95
410.9	273.7
409.2	281.9
408.25	279.25
408.4	281.4
406.35	277.6
474.85	204.6
479.05	200.45
478.85	201.7
477.65	210.15
478.8	210.35
476.05	208.95
475.85	208.5
471.7	211.6
467.45	212.75
468	218.15
466.3	220.25
463.2	228.85
458.05	228.1
454.05	227.6
450.4	235.05
448.7	235.2
444.3	240.7
445.35	243.15
442.65	242.45
451.75	242.3
491.45	207.55
484.45	213.5
482.25	210.6
478.65	220.2
476.3	225.8
476.05	231.05
472.85	235.7
473.2	243.9
473.15	248.55
468.95	251.7
466.15	251.35
459.2	248.9
458.15	250.25
455.2	255.3
452.7	257.05
451.55	256.85
448.4	252.85
448.5	257.75
445.6	260.75
442.35	268.7
439.45	268.95
439.2	267.2
435.2	271.1
433.85	272.1
430.2	280.4
431.9	270.85
435.55	281.1
435.45	279.85
438.05	285.8
438.3	285.8
433.35	294.25
0	0
0	0
0	0
0	0
0	0
405	276.15
415.55	291.3
415.1	290.45
414.35	296.45
415.6	286.9
419.1	287.45
432.2	329.45
451.2	361.85
452	365.65
451.75	364.45
452.65	366.6
450.45	366.3
451.6	365.55
452.35	362.2
451.1	357.6
452.8	357
452.35	358.6
451.8	366.25
451.8	363.15
452.65	367.15
456.2	364.1
456.6	366.3
456.75	366.4
454.35	365.9
455.05	368.2
453.45	368.2
456.25	364.45
458.1	363.15
489.25	368.6
566.55	344.25
567.2	340.95
566.2	347.15
568.35	345.7
565.6	345.45
568.65	341.75
571.1	343.75
565	343.95
569.4	341.4
568.6	343.4
569	346
566.65	341.5
589.45	399.45
588.5	408.05
587.95	409.05
587.05	412.8
586.35	418.15
586.5	412.4
523.55	374.5
491.85	359.35
490.65	357.7
488.25	355.6
488.4	357.3
483.95	356.3
491.2	362.4
490.8	357.9
486.6	352.1
491.25	361.25
491.55	360.1
489.9	364.85
490.05	360.55
485.3	350.95
490.35	365.6
487.65	361.95
486.6	355.25
485.75	362.45
484.1	353.95
489.1	359.8
456.2	405.7
455.9	405.95
455.75	409.75
453.2	404.15
450.1	402.7
451.15	402.5
451.05	401.4
471	353.25
471.6	362.45
468.2	360.1
468.8	358.55
471.35	359.9
465.85	361.35
471.6	357.9
468.85	358.9
468.85	362.1
468.75	362.65
466.5	356.95
466.85	357.7
466.6	356.95
464.05	357.3
468.25	357.75
467.55	356.7
466	355.8
467.35	356.95
477.9	331.65
483.7	286.45
479.55	286.75
480.15	289.1
480.05	284.6
479.75	291.8
480.75	290.75
480.35	292.7
478	289.95
480.55	295.2
478.05	295.55
480.55	297.25
483.55	305.45
480.85	306.75
478.25	307.55
480.15	307.2
474.2	392.85
469.8	394.35
475.05	391.65
473.15	390.55
472.3	395.35
473.15	398.8
473	395.35
473.1	396
474.3	392.7
471.55	393.45
472	387.8
471.25	392.25
471.05	391.05
470.9	393.65
469.25	390.45
468.55	390.55
470.65	394.15
469.8	392.25
470.25	391.65
468.9	387.5
468.35	388.75
468.75	387.5
468.3	385.9
469.05	384.25
470.05	389.85
468.85	382.9
468.7	387.45
467.4	388.45
467.8	383.25
467.7	381.3
465.8	380.6
467.6	379.85
466.7	379.8
467.45	376.5
465.8	379.5
464.55	382.1
462.9	384.45
466.45	378.6
463.2	383
463.45	379.7
462.6	379.25
464.35	384.05
464.65	378
463.6	381.25
464.95	384.5
463.45	381.65
461.45	379.9
460.9	383.15
461.9	381.75
464.05	375.15
464.4	383.8
462.35	377.05
462.45	379.9
463.35	378.6
466.45	352.85
468.8	352.95
465.1	342.45
463.15	339.55
465.7	339.8
464.65	345.05
462.45	343.65
465.25	341.7
460	343.3
466.95	344.2
467.8	351
467.2	353.95
466.45	350.25
467.95	350.95
463.2	344.15
467.4	347.85
467.35	352
445.85	349.15
326.85	319.05
332.4	320.3
333.15	321.9
333.1	323.65
333.25	323.9
330.05	326.5
339.3	334.5
0	0
0	0
0	0
0	0
416	363.15
414.35	368.65
417.8	375.25
417.85	381.1
419.95	377.1
420.55	377.6
419.45	377.65
420.05	378.85
418.15	386.2
503.3	300.7
559.1	274.8
560.95	273.2
559.1	274.15
560	264.7
558.6	269.5
561.7	254.5
589.25	255.1
591.6	253.55
593.6	250.3
593.35	251.3
591.3	250.65
591.75	248.2
295.55	318.15
298.7	319.8
300.15	316.7
302.35	318.95
302.55	323.9
303	310.95
301.7	311.85
302.95	318.35
302.45	323.8
303.15	326.95
303.7	318.7
305.95	325.65
304.4	327.45
259.1	388.4
264.7	393.1
263.95	391.4
263.4	389.8
264.05	388.05
262.75	393.65
264.3	397.3
263.85	402.45
264.85	405.35
263.9	400.2
264.95	394.6
264.95	390.65
265.1	393.6
264.1	396.85
265.75	402
266.1	405.8
268	404
265.75	404.45
265.7	400.6
263.95	400.95
265.6	394.5
267.05	390.05
266.4	391
264	394.55
267.85	398.2
266.1	394.05
265.85	396.8
265.7	399.15
266.05	396.05
265.95	395.65
267.05	395.8
265.9	401.45
265.9	398
266.35	401.35
264.45	402
264.3	403.4
264.95	402.7
266.5	398.8
268.35	393.45
