395.35	276.1
393.9	275.5
394.7	277.75
394.3	279.3
394.75	278.8
392.95	279.65
390.1	282.4
391.75	282.3
390.35	283.65
390.05	287.75
389.4	285.75
390.1	289.4
509.15	394.1
583.7	439.7
588.15	442.85
587.8	445.85
586.55	449.05
607.75	465
665.55	504.15
666.8	512.25
669.7	513.95
668.9	522.4
668.75	522.5
405.75	342.45
338	313.45
339.5	302.65
338.85	314.8
338.6	306.45
337.65	305.35
334.9	319.45
332.6	309.25
334.95	315.15
334.15	304.15
331.85	306.2
329.9	306.25
326.35	316.45
336	310.45
617.25	178.7
600.55	189.35
598.4	182.95
590.25	187.45
589.5	198.85
577.75	188.95
572.25	204.25
562.45	198.7
553.45	196.5
546.55	202.5
532.85	193.45
529.6	192.95
550.85	215.4
657.25	296.25
654.2	296.55
641.4	300.1
628.1	296.5
618.55	294.25
606.95	288.75
594.3	289.9
580.7	288.9
570.9	301.45
561.9	304.15
551.9	304.65
0	0
520.4	297.3
522.35	295.5
474.45	121.5
473.1	113.8
469.35	109.95
463.75	115.95
453	117.05
444.1	116.7
435.45	119.25
429.3	120.9
590.6	147.25
595	153.65
586.7	156.5
578.2	156.55
566.05	154.75
558.25	152.35
545.4	145.1
536.2	146.9
529.35	147.3
518.55	147.6
508.5	148.45
499.5	145.8
491.35	144.75
483.65	143.65
472.3	153.5
461.05	156.65
449.9	155
440.2	152.4
431.2	151.1
421.4	143.65
410.85	139.95
399.45	138.55
389.8	138.25
381.5	141.3
445.6	149.85
600.5	111.25
593.25	112.45
588.95	107.9
572.2	111.95
560.25	114.7
549	111.85
536.15	112.05
523.3	105.4
503.9	101.45
498.25	96.9
488.45	94.25
448.6	380.4
445.1	352.25
435.7	355.4
424.7	359.55
418.8	360.65
412.3	359.65
405.35	357.3
605.05	385.65
591.6	386
586.95	390.6
583.15	388.2
574.95	390.9
566.4	391.25
557.45	391.9
551.05	391.4
543.9	386.9
534.8	386.45
528.65	386.2
524.8	380.3
430.2	293.65
400.2	253.1
389.4	249
378.55	249
367.85	247
357.6	236.85
351.1	232.8
341.45	234.4
334.8	233.75
327.15	235.8
321.75	240.8
317.7	245.3
315.3	244
311	243.15
307.2	241.4
303.25	240.4
299.3	240.45
296.45	239
293.3	239.7
293.9	237.95
288.95	238.9
533.15	162.9
513.5	182
516.35	177.9
516.5	181.8
517	184.6
517.25	183.75
516	187.75
515.7	191.25
514.05	195.9
515.7	194.95
517.35	195
516.9	200.2
348.05	224.9
367.15	218.35
365.65	222.1
367.6	222
365.3	224.8
365.7	228
366.1	223.65
368.35	224.6
368.2	223.95
367.75	222.2
366.75	225.4
366.35	225.15
367.85	227.1
366.55	227.65
366.3	226.95
369.25	227.7
368.9	226.2
371.3	228.7
370.55	234.45
473.4	130.75
460.25	145.75
464.15	137.4
463.8	138.05
467.35	140.7
467	141.1
468.75	143.45
467.2	142.1
468.6	144.95
469.7	144.3
564.15	165.55
559.45	155.95
557.15	156.45
559.2	153.3
560.95	150.7
561.7	151.8
559.8	155.3
564.1	176.8
670.2	468.5
666.25	440.9
663.25	446.65
663.35	449.1
664.4	448.5
664.85	451.05
663.75	449.95
663.2	449.15
660.1	449.85
524.15	211.45
534.95	233.5
532.65	233.45
533.35	235.7
533.9	233.65
534.6	236.7
600	132.25
608.75	132.8
610.85	127.4
611.05	126.1
612.6	132.15
707.4	112.05
698.8	117.8
697.2	113.45
699.75	111.95
698.15	111.6
696.75	111.8
697.7	111.55
697.9	115.3
701.65	114.8
700.45	115.9
702.2	130.3
639.8	374.65
640.15	370.5
640.9	374.05
638.9	374.05
643.7	371.45
642.5	374.4
642.9	375.4
642.25	372.8
642.4	369
633.2	83
639.7	109.2
639.3	108.3
638.95	107.55
639.55	107.45
712.55	102.7
708.05	98.5
707.05	101.8
707.75	100.95
706	100.45
705.3	102.5
523.4	199.6
454.45	277.75
498.6	301.35
487.7	288.8
484.5	289.8
485.4	295.15
488.45	296.65
489.55	299.9
488.45	302.05
492.3	302.8
492.05	305.1
491.3	303.65
568.5	89.15
563.85	117.5
563.35	116.75
562.3	119
561.8	120.45
562.6	119.45
562.4	119.25
562.75	117.5
562.35	119.55
548.25	151.05
511.1	304.8
508.5	315.8
509.35	317.55
506.15	320.75
506.15	322.85
507.9	320.95
507.7	321.85
507.75	322.85
508.65	321.6
509.3	322.2
483.15	311.3
373.4	269.1
376	265.4
376.8	265.65
381.25	265.4
387.7	268.65
391.85	271.35
394.6	269.35
398.9	271.3
403.85	270.05
410.95	269.1
414.6	268.1
397.2	265.1
254.5	140.5
260.5	148.1
262.35	147.8
266.05	141.1
268.85	141.15
271.25	143.95
275.55	142.8
278	143.65
277.3	145.65
281.5	151.75
283.45	156.6
343.95	275.25
347.9	269.3
354.9	274.35
361.05	279
367.25	281
375.65	289.25
380.35	298.55
385.9	298.3
389.5	299.25
396.05	296.75
403.95	298.5
416.3	288.8
422.05	299.15
425.4	302.05
434.2	302.65
440.9	306.7
449.45	308.75
456	307.7
463.15	310.35
359.3	273.05
386.25	278.95
390	279.05
397.1	279.05
401.4	280.95
407	280.2
411.25	282.15
414.55	282.7
419.45	285
423	285.1
431.5	280.15
434.5	282.25
440.35	301.45
0	0
0	0
0	0
0	0
0	0
440	227.05
445.35	232.15
455.35	221.95
462.8	219.4
467.65	224.95
470.05	226.95
467	219.6
471.05	219.6
474.5	216.75
478.95	215.5
483.05	216.75
488.95	220.75
487.35	383.75
492.1	352.25
491.45	353.3
492.95	354.75
495.8	354.05
496.45	353.7
496.1	353.9
496.3	354.95
497	350.65
499.8	349.05
497.85	348.6
499.95	346.6
500.05	349.35
501.55	348.75
502.4	346
502.3	346.25
505.65	340.65
506.9	341.15
505.1	344.5
504.8	344.75
504.8	359.7
0	0
0	0
0	0
0	0
0	0
377.55	195.85
377.75	204.4
375.6	206.45
376.15	204.3
376.8	209.6
375.75	209.35
370.1	201.15
368.35	205.2
367.8	202.8
363.75	203.35
443.65	343.55
437.05	331.6
436.2	329.05
435.8	326.4
433.1	325.65
432.35	325.15
428.8	326.55
428.2	326.95
428.75	329.35
427.75	332.6
425.8	334.1
425.85	336.5
424.35	338.5
423.7	339.35
406.3	400.6
408.3	400.85
408.35	404.7
406.95	407.1
405.9	409.9
440.85	363.1
439.2	371.6
439.85	371.15
438	370.3
438.3	368.7
441.05	368.7
439.75	368.3
439.25	369.3
440.4	368.8
440.95	367.8
440.8	366.85
441.15	367.9
440.7	370.4
441.95	370.2
440.55	369.7
441.85	368.55
441.1	370.25
441.35	371.3
441.6	374.15
439.3	373.2
439.15	376.3
441.4	372.8
439.5	373.15
443.25	375
439.3	371.9
439.55	373.2
441.45	373.8
442.3	368.55
443.2	370.05
441.1	373.6
448.3	362.3
443.25	371
443.45	368.6
443.85	368.7
445.45	368.3
446.6	367.7
443.05	372.25
446.45	369.9
433.45	377.75
434.1	376.6
433.3	373.65
432.6	372.7
431.15	366.95
429.55	368.35
426.35	373.65
426.9	374
424.9	376.3
425.5	377.25
427.55	376.4
428.7	374.05
427.1	374.2
429.05	370.55
429.2	375
428.4	377.8
427.55	380.35
424.8	383
426.05	380.3
425.95	385.1
428.5	385.95
428.25	385.55
427	386.5
427.6	386.5
429.95	386
429.45	387.4
429.6	387.25
429.6	387.35
430.3	391.3
429.1	392.15
427.45	395.05
429.65	397.3
431.4	391.75
431.7	391.15
433.2	390.95
434.15	392.85
432.95	393.65
435	393.8
416.5	347.05
356.1	68.2
359.1	78.6
359.65	74.35
357.65	75.2
357.6	72.45
357.2	71.3
357.6	70.4
354.3	69.8
368.3	82.25
461.4	115.85
459.6	121.1
460.65	121.5
460.1	125.4
460.8	121.7
459.6	126.5
459.65	123.6
451.55	128.25
344.3	166.1
341.75	170.2
339.1	175
343.4	179.45
342.6	180.5
343.45	179.75
342.2	178.05
342.15	180.75
339.55	186.4
339.4	188.05
265.35	169.35
162.25	153.75
161.35	153.25
159.65	152.05
158.15	149.75
158.05	153.05
159.1	151.3
158.9	147.8
160.85	153.75
160.8	153.75
160.95	154.2
162.1	157.2
162.55	155.45
162.7	149.6
161.9	158.75
166.1	157.3
163.95	52.95
164.85	75.5
165.8	75
164.8	77.9
164.35	79.95
163.85	77.55
165.35	80.4
164.05	80.1
163.6	78.55
163.2	82.15
164.55	82.8
167.3	106
171.05	114.05
169.35	114.4
168.55	116.9
303.45	153.45
457.9	177.95
464.9	186.45
466.25	188
465.4	191.15
463.7	193.3
461.9	195.8
460.25	196.8
460.1	195.45
459.1	199.7
458.1	195.7
456.45	196.45
455.65	201.15
454.75	196.25
455.55	197.6
454.95	197.7
451.65	201.6
451.3	206.7
451.85	210.45
450.5	216.75
367.35	287.2
375.7	276.7
376.2	278.9
374.15	283.1
374.15	279.75
374.95	282.75
376.85	281.05
378.45	279.75
379.55	282.7
380.35	284.65
381.95	288.7
381.85	290.4
382.3	292.85
383.25	293.2
383.7	295.2
382.45	298.05
382.1	297.45
381.25	298.9
381.75	298.6
379.6	296.9
428.3	181.55
426.4	199.9
428.1	201.3
428.6	199.65
428.7	197.65
428.95	199.9
428	203.55
431.1	205.35
429.45	209.75
430.75	211.5
432.2	215
431.6	212.95
431.95	216.05
433.05	218.9
433.95	220.25
433.6	222.7
434.9	222.15
434.1	219.95
434.6	220.7
435.4	222.05
434	227.85
433.4	228
435.6	229.25
433.2	234.55
430.4	238
430.65	241.25
431.6	240.75
430.65	246
433.7	246.3
431.1	242.35
426.4	250.15
427.85	247.55
428.85	243.05
430.1	245.1
429.8	244.6
430.2	243.9
431.05	246.05
431.45	244.7
430.15	244.65
379.2	190.35
392.8	152.35
392.4	151.7
392.6	151.55
394.3	150.5
392.4	154.25
393.65	153.85
395	154.05
396.2	155.3
395.95	157.4
396.2	154
397.9	153.25
399.9	157.5
399.35	158.15
398.05	158.9
400.2	162.4
398.75	163.6
400.85	165.45
400.6	166.35
398.95	161.35
398.6	160.1
397.7	158.6
397.05	157.05
398.65	162.25
401.35	170.75
402.25	170.5
267.05	365.9
274.95	354.05
278.2	358.65
276.5	355.45
271.9	356
272.6	359.4
349.95	291.3
458.2	172
462.75	171.7
461.6	173.6
461.55	176.35
462.75	178.8
466.25	177.65
495.3	178.65
493.1	183.4
493.1	184.9
494.15	182.1
494.45	188.85
496.55	185.7
495.6	186.1
494.4	186.95
493.8	190
493.4	188
492.45	186.85
503.4	190.05
499.5	185.9
499.95	183.9
500.5	190.35
500.6	191.85
500.35	191.8
499.8	195
499.2	193.15
497.75	195.25
496.5	192.55
499.15	183.45
498.05	185.55
496.8	186.05
500.05	176.1
497.25	177.5
498.55	184.55
497.05	184.1
497.15	184.6
495.6	184.5
495.4	180.75
493.95	186.6
495.5	190.5
495.25	187.6
494.75	191.25
496.4	195.75
495.35	190.75
493.9	192.25
493.5	195.45
391	290.8
407.65	287.65
406.8	290.2
408.1	301.1
410.75	298.7
409.15	298.95
409.2	300.4
409.25	301.55
411.1	295.55
409.6	300.25
417.3	359.7
418.75	358.65
419.75	360.05
420.15	360.9
419.3	361.65
418.6	361.25
417.5	362.75
417.8	363.5
416.95	363.65
415.75	364.05
416.35	365.85
416.7	366
415.75	366.15
416.15	365.6
414.95	365.65
415.85	365.05
415.7	364.6
415.45	365.65
413.4	363.65
412.8	364.6
414.55	365.25
414.35	366.05
438.85	360.35
440.35	360.2
439.95	360.4
440.05	360
440.95	359.75
440.7	358.2
439.3	358.1
439.7	357.05
438.85	358.7
439.25	355.95
443.1	353.85
441.7	352.85
439.75	356
439.2	353.2
438.3	353.9
434.3	358.15
431.2	359.85
431.25	361.75
350	269.15
357.5	280
355.55	281.85
353.95	278.5
351.85	278.35
351.25	284.65
350.85	280.95
350.85	288.05
347.05	290.8
346.7	286.25
346.95	290.35
346.45	286.45
345.85	290
344.35	292.9
345.8	284.7
345.7	284.05
344.8	283.35
344.3	280.55
341.9	280.05
353.7	281.3
584.9	206.6
569.6	216.7
572.35	216.9
574.15	218.35
576.85	218.15
580.15	223.35
581.55	224.15
577.9	226.25
576.7	229.75
576.8	228.5
577.85	232.15
580.85	229.1
580.45	230
579.75	229.6
581.7	230.5
582.35	232.9
652.9	226.55
649.85	228.7
650.4	229.1
652.4	230.9
651.9	229.95
556.3	241.9
352.05	273.7
341.1	274.3
340.55	272.65
339	266.65
339.05	266.45
338.15	268.4
337.65	268.2
336.05	266.95
333.35	270.7
293.25	305.3
294.75	306.5
295.15	306.55
297.55	306.8
297.2	308.3
294.8	313.9
293.75	312.65
295.75	314.85
298.85	311.5
294.55	316.6
291.9	318.7
293.45	320.4
291.8	323.05
289.7	327.45
289.5	329.45
332.4	223.35
327.6	243.65
326.95	248.45
329.6	246.2
329.65	248.65
330.6	246.2
331	246.35
329.65	248.25
331.15	252.95
333.45	253.7
338.2	257.15
180.15	247.1
196.75	262.75
200.65	264.8
203.5	267
209.8	264.85
213.4	266.95
219	262.95
226.15	259.75
225.1	254.7
228.6	255.85
232.75	256.95
235.6	255.15
238.75	253.75
241.5	254.75
243.5	256.4
245.55	259.15
247.05	256.65
319.2	278.2
369.95	282.85
369.9	284.25
371.15	291.45
373.05	289.35
372.2	292.05
372.25	287
370.35	286.25
372.05	284.9
372.25	287.65
371.05	289.45
370.95	290.1
372.35	296.1
371.25	298.3
577.75	252.8
599.9	246.35
598.5	245.75
596.3	245.45
592.35	247.5
590.3	250.75
583.8	252.7
574.95	252.85
564.1	254.4
558.2	258.2
551.85	256.95
546.15	255.8
539.55	255.55
533.25	262
525.5	262.05
459.45	283
466.95	277.45
464.1	279.45
457.85	280.3
452.4	279.6
449.5	281.05
442.8	281.9
438.85	283.25
437.45	283.35
436.5	283.3
434.05	284.8
430.8	286.4
430.75	286.5
431.15	288
433.05	285
432.1	282
431.5	285.1
433.6	285.95
431.5	290.8
427.6	295.15
424.85	297.25
617.3	207.3
597.6	227.3
592.9	229.95
592.2	225.7
586.65	229.25
580.25	228.05
574.85	230.35
567.45	235.25
560.25	234.95
553.65	236.95
546.6	242.2
705.05	197.25
707.1	136
653.25	185.1
655.45	175.7
647.35	178.4
638.65	182.55
626.15	185.6
613.2	191.5
605.5	190.5
498.95	232.75
403.35	265.15
396.5	274.15
394.8	280.75
392.65	276.9
392.35	278.1
386.55	283.85
385.65	284.25
384.4	285.35
375.75	293.45
367.5	318.15
366.7	320.45
366.25	318.1
364.3	322.7
365.8	321.45
364.8	322
365.6	323.85
365.15	325.1
364.45	326.1
362.3	329.7
362.65	330.45
361.55	328.55
361.85	330.65
361.35	328.7
404.05	204.8
403.95	214.05
405.35	213.8
405.9	211.2
403.75	215.15
402.2	213.55
401.75	225.85
403.05	227.35
399.8	228.7
400.05	227.45
399.3	229.85
400.45	230.6
324.6	283.25
325.7	280.8
326.65	280.5
325.55	280.75
326.25	282.2
327.6	280.8
329.5	280.3
329.5	280.35
329.05	279.7
329.15	285.55
329.55	284.65
329.35	282
331.05	281.65
331.45	280.65
332.75	281.55
330.8	282.15
331.9	283.05
331.7	281.8
331.1	288.95
332.4	284
355.95	326
355.55	327.3
353.45	327.95
352.8	332.4
352	331.15
350.3	331.4
348.35	330.85
347.85	332.15
349.25	335.05
348.3	334.1
349.8	335.25
349.8	336.55
348.45	338.9
348.8	337.8
349.55	342.25
348.55	343.25
349.55	341.3
349	347.05
349.6	348.3
349.65	347.75
352.85	341.95
350.85	343.55
353.75	344.05
469.5	195.45
465.1	207.55
469.55	208.05
470.7	208.3
469.55	206.9
468.55	210.3
468.15	208.7
469.3	203.4
470.9	203.8
472.7	202.1
470.75	205.55
471	210.55
393.1	261
377.6	292.2
375.95	293.85
374	293.9
373.75	295.05
374.1	296.2
372.15	297.35
373.55	299.8
373.65	301.15
373.85	302.9
373.05	306.35
373.9	303.8
397.95	363.8
392	347.45
391.4	352.45
393.25	354.75
393.5	353.2
390.95	357.75
388.55	359.25
387.95	361.25
386.95	362.85
387.55	363
387.75	361.7
386.3	363.55
382.55	364.4
340.85	347.05
328.5	331.1
331.15	331
328.65	332.7
327.1	336.05
327.3	336.9
328.5	337.65
329.35	339.95
330.25	338.65
330	341.75
331.85	340.1
333.55	342.15
348.75	170.25
350.05	147.55
351.6	145.4
354.15	144.45
355.8	141.8
360.3	141.85
260.05	346.8
263.6	388.7
267.45	398
273	397.75
276.95	396.8
285.7	392.6
291.6	390.9
296.85	396.95
301.45	392.25
303.95	386.35
306.3	390.35
307.6	386.55
311.6	386.7
310.85	386.25
312.15	387.2
312.25	385.75
313.7	385.7
315.6	387.05
314.35	390.75
314.4	391.75
315.45	392.6
316.45	392.7
315.3	395.95
314.75	397.05
170.85	416.95
187.2	408
188.55	405.6
189.5	399.85
190.1	396.9
191.35	391.55
193.45	388.05
194.95	382.45
197.8	381.5
203.35	376.3
203.05	369.4
204.85	361.55
207.4	351.4
211.4	345.85
215.1	356.85
212.05	504.3
212.85	496.6
219.5	488.8
224.8	478.75
228.65	472.65
232.2	464
235.25	456.9
239.3	450
237.75	445.2
244.1	434.65
246.65	429.35
249.35	423.4
252.15	414.15
288.4	542.5
291.3	506.6
295.75	498.8
299.1	493.5
303.6	488.05
303.85	480.2
307.95	473.5
385.25	505.9
360.5	492.5
363.55	485.1
365.3	475.75
367.1	475.15
371.1	468
374.5	462.2
375.2	460.45
377.1	460
378.65	457.45
380	453.6
381.2	449.5
383.3	445.6
388.9	443.15
392.4	439.55
392.65	437.65
391.9	437.85
395	437.55
390.6	438.05
389.85	439.6
403.1	469.3
405.7	462.75
404.85	463
406.35	457.9
406.75	459.15
408.1	459.15
409.75	456.35
407.65	460.4
409.35	459.35
411.3	458.25
412.15	460.7
414.05	461.05
414.85	461.15
414.35	463.85
416.7	464.4
198.35	217.85
147.45	176.45
149	178.2
146.95	177.4
146.65	179.55
77.45	189.6
53.35	195.85
49.05	196.1
47.25	201.6
48.35	207
45.95	205.7
402.1	381.75
401.75	398.95
406.05	402.55
408.85	401.2
409.85	398.15
411.7	397.25
410.1	395.85
406.5	416.25
402.7	454.5
398.05	456.2
395.85	455.9
396.3	459.15
396.35	460
396.5	461.45
395.95	461.45
396.15	463.7
393.65	465.05
402.1	461.7
399.55	456.6
399.1	455.95
398.85	458.05
400.15	458.25
400.25	460.8
400.8	460.1
398.45	460.2
451.1	143.9
462.9	68.85
462.6	71.65
462.15	72.05
462.65	74.35
463.15	71
461.85	72.55
463.3	77.2
463.75	81.8
467.3	87.65
469.25	91.1
468.35	88.75
469.45	88.85
469.5	85.4
469.75	87.7
469.45	92.85
466.95	93.25
469.55	103.25
466.45	112.7
464.3	123.55
461.6	136.1
459.9	143.65
457.9	150.35
437.65	182.95
396.5	336.65
385.7	453.85
395.15	453.45
393.95	453.95
400.1	453
401.45	451.45
400.35	448.95
400.6	447.35
399.45	447.8
399.2	444.5
397.85	445.5
396.3	445.1
395.45	446.6
398	446.65
396.5	444.25
395.55	445.7
393.1	447.45
392.85	446.6
390.7	445.55
388.55	444.65
373.9	477.75
375.55	468.75
374.9	467.2
372	471.55
372.6	469.5
369.5	468.45
371.75	468.65
370.2	467.55
370.6	468.95
385.65	456.2
384.4	461.95
387.95	457.5
390.75	454.95
392.2	454.65
392.2	452.15
390.95	451.05
376.65	443.5
385.45	446.25
382.85	448.9
383.95	449.65
385.7	447.2
382.85	448.1
382.25	453.15
381.3	452.7
382.7	456.65
382.45	460.1
381.8	461.95
381.9	465.7
385.15	465.6
383.6	462.55
382.75	470.2
383.55	471.05
382.8	473.95
383.7	471.8
385.95	468.9
384.4	461.65
383.75	461.75
381.7	463.25
383.2	461.75
382.3	463.75
384.3	464.15
384.4	475
392.6	458.35
397.25	461.85
400.45	460.25
399.05	464.2
399.7	462.85
401.3	463.05
402.25	463.1
403.25	463.3
403.15	461.65
404.2	456.65
402.45	458.9
403.9	451.15
399	440.95
400.6	435.15
400.55	447.05
401.45	437.05
396.1	442.25
398.1	454.25
398.45	430.9
399.5	435
400.55	441.2
403.95	433.65
404.05	445.9
398.1	453.7
399.7	456.85
395.25	459.15
394	460.85
393.55	459.6
395.25	455.35
392.9	457.8
392.6	454.7
391.1	456.5
391.65	454.85
392.5	455.8
393.25	458.5
391.15	461.15
388.65	464.2
387.1	465.85
386.55	464.7
386.8	465.2
385.5	466.15
378.6	274.25
375.9	115.45
375.85	122.45
377.95	122.6
380.8	120.25
380.05	120.9
380.45	117.8
378.7	114.8
450.75	264.25
446.05	255.6
447.2	259.2
447.7	261.15
445.9	261.05
458.15	264.15
619.25	244.3
618.9	242.75
614.35	240.75
609.2	245.5
602.4	246.2
597.7	246.4
591.9	245.35
588.75	243.5
708.95	237.35
737.25	230.7
731.15	229.15
725.3	228.15
719.55	223.15
711.2	220.4
703.45	219.75
695.15	221.05
682.2	225.8
671.2	234.05
663.55	231.75
656.55	231.55
645.9	238.35
642.4	235.7
651.1	267.35
636.05	269.2
630.15	268.95
620.15	267.25
607.7	268.6
594.95	272.3
581.5	276.45
570.45	276.75
561.05	276.25
529.55	239.95
520.25	240.95
509.5	234.55
498.95	225.95
493	224.95
484.65	223.35
480.55	217
470.85	219.05
463.85	220
422.6	215.05
424.2	214.5
420.45	216.75
417	209.65
413.85	210
410.9	209.25
405.25	208.05
402.8	211.8
398.45	210.3
402.65	218.05
404.7	227.4
403.8	237.25
403.7	235.7
405.75	244.1
401.85	244.2
402.1	241.95
480.85	456.8
477.8	431.75
479.45	434.45
479.15	435.5
478.2	437.25
479.55	433.7
478.15	431.85
475.8	432.95
473.45	434.1
471.8	429.25
470.6	427.65
470.7	426.6
467.4	423
464.6	420.35
463.35	413.35
459.4	410.5
459.3	405.7
455.75	400.35
453.6	396.1
450.15	385.5
446.2	377.9
441.5	369.7
435.35	364
432.35	353.6
426.85	343.9
422.9	335.1
418.65	318.55
414	313.95
410.1	306
406.4	299.65
401.85	291.9
398.25	285.45
394.3	283.55
390.35	278.2
360.2	351.1
365.3	347.5
361.05	338.75
354.75	333.3
353.45	325.9
353.55	315.85
350.3	313.7
348.85	312.8
347.95	306.95
345.6	304.7
344.4	299.05
341.7	298.5
340.15	297.2
339.15	301.55
336.45	302.75
336.9	300.8
338.65	224.1
337.2	200.7
335	205.9
332.35	208.3
333.35	207.35
333.7	206.65
332.65	208.85
332.8	210
331.4	210.2
332.25	212.85
334.25	213.85
331.5	208.9
330.1	210.5
332.55	207.65
333.05	207.7
331.8	211.2
331.7	209.2
330.95	211.8
371.1	216.05
359.7	213.55
359.45	212.5
361.5	217.7
361.6	218.1
359.05	222.7
359.2	223.3
359.8	224.35
358.6	224.15
360.05	223.7
360.8	230.4
360.1	236.15
363.05	238.25
361.35	242.7
361.5	246.05
363.45	250
360.65	255.45
357.35	260.75
295.45	264.95
298.7	270.2
298.75	269.15
296.55	272.6
297.3	275.8
295.75	280.2
301.45	280.3
383	181.05
379.4	189.55
380.5	183.85
380.9	186.5
380.3	189.15
378.5	188.75
377.7	192.6
375.85	195.45
354.2	249.9
349.45	307.85
350.3	305.2
349.05	307.25
349.95	309.9
348.35	308.75
350.2	305.35
350.05	304.6
354.25	306.95
353.2	306.05
352.85	306.95
261.6	279.45
265.6	283.45
265.65	286.15
264.8	288.5
267.55	292.5
266.8	297.45
134.85	281.8
160.35	284.4
165.85	282.35
170.5	274
178.55	275.95
186.7	279.35
193.7	284.55
199.85	283.7
208.5	291.55
216.95	294.45
228.1	295.55
237.4	295.9
245.4	299.15
255.8	299.9
129.75	82.85
110.75	64.2
116.1	67.6
124.75	63.35
131.8	66.15
134.6	70.35
140.8	74
144.95	83.55
307.1	291.3
305.4	277.2
309.35	281.75
309.55	284.9
310.2	281.9
311.05	281.05
311.2	284.9
310.25	284.4
309.7	284.3
309	285.8
305.95	283.1
307.25	282.55
307.35	281.75
345.9	303.25
343.8	301.75
341.8	297.9
343.1	300.55
342.9	302.45
341.95	300.05
340.15	300.9
270.35	262.45
280.5	264.9
281.9	267.05
281.15	267.7
280.25	269.6
283.8	269.35
284.75	267.05
286.95	269.75
288.45	275.4
290.95	287.1
294.45	291.8
297.1	300.55
61.9	135.9
75.65	154.3
79.65	159.35
82.85	156.55
86	164.2
89.9	171.75
93.05	174.5
95.5	178.9
97.65	182.35
101.15	185.05
105.7	187.2
107.3	189.2
41.7	126.65
57.75	133.75
64.95	135.7
72	137.95
76.6	139.95
82.65	145.15
88.85	148.55
94.05	150.75
98.95	153.05
103	157.4
107.05	161.55
111.75	163.6
114.55	161.3
120.2	164.2
120.55	168.35
442.95	186.95
419.05	183.15
421.5	190.25
422.6	186.7
424.35	188.55
424.7	187.95
240.05	357.7
258.55	340.7
257.5	343.9
257.45	349.25
256.55	355.1
254.7	357.05
255.9	358.65
327.65	380.9
318.2	377.3
320.3	377.8
320.95	377.7
319.8	374.7
322.25	374.1
277.25	388.35
280.25	388.55
274.65	389.5
273.8	400.15
273.4	399.55
341.6	350.25
505.4	95.2
510.35	107.35
511.95	106.1
510.65	106.05
511.3	106.25
512.8	107.5
514	109.5
512.7	112.3
513.65	111.9
513	108.15
513.05	105.8
513.6	104.25
511.95	106.6
514.65	106.6
500.65	122.15
474.95	246.95
473.9	248.95
473.35	249.5
474.85	248.2
475.75	249.35
490.25	239.3
573.7	121.15
569.55	133.35
572.25	130.75
572.9	132.45
573.2	133.1
574	132.25
573.05	132.7
572.9	131.5
575.45	129.85
571.3	134.6
570.6	133.2
304.15	333.6
321.8	334.95
320.25	341.5
321.25	345.95
321.85	346.85
321.55	346.1
399.65	349.2
383.1	344.95
383.1	347.1
385.5	347.2
383.85	346.3
385.1	344.65
384.6	342.3
408.15	234.35
405.45	251.6
403.2	253.15
402.55	252.7
401.75	252.1
400.1	253.3
398.2	253.8
395.35	251.95
394.15	252.6
394.75	252.05
393.7	248.85
419	183.75
415.5	194.65
414.3	197.2
414.05	195.8
413.8	195.1
409.9	195.4
407.95	193.85
406.05	197.75
406.7	200.85
404.15	202.85
402.35	205.35
402.1	206.95
403.3	208.15
402.1	208
400.35	211.25
412.85	208.2
437.35	173.85
436.45	176.65
435.95	178.2
435.5	183.15
435.5	184.4
435.55	190.55
432.95	195.3
433.05	197.85
433.45	199.15
432.15	202.7
429.95	203.05
435.2	189.15
436.75	145
435.1	150.25
435.55	152.45
433.2	153.5
431.35	159.15
430.85	159.45
429.9	161.55
429.5	167.25
427.9	172.6
425.8	174.2
426.25	172.8
427.45	174.7
426.1	174
427.65	176.45
461.25	140.25
460.35	143.95
457.75	149.15
456.45	149.2
453.85	151.7
448.9	159.45
449.7	158.4
448	162.6
444.05	206.7
444.35	206.8
440.75	212.9
440.9	214.15
441.7	217.3
440	222.95
439.3	222.55
437.25	223.55
433.5	228.95
434.3	226.3
433.7	225.95
430.85	229.7
428.1	232.85
424.05	236.15
421.2	239.15
420.1	240.05
418.2	244.6
413.15	219.65
414.15	223.75
415.25	224.25
414.1	227.9
411.25	229.45
413	232.55
412.85	235.7
415.7	234.6
411.4	234.7
412.75	235.8
412.5	235.6
411.5	237.95
410.6	239.3
411.05	241.85
409.5	244.5
408.85	245.2
465.5	313.35
459.35	325.35
458.7	327.2
459.3	331.95
458.05	329.5
456.9	332.4
456.8	332.95
458.7	334.15
459.15	334.7
460.05	334.9
459.7	335.3
458.7	337.1
463.1	334.8
461.95	329.25
461.1	327.25
458	334.2
457.7	332.15
456.7	336.2
455.8	336.5
459	330.3
460.75	330.9
459.7	331.55
459.8	332.55
539.05	282.3
531.8	293.75
532.25	291.35
533.1	290.8
532.85	290.3
533.05	288.75
534.55	289.55
535.1	287.9
535.6	288.7
534.7	291.05
534.5	293.35
535.95	293.3
535.5	293.8
539.15	289.85
537.15	292.6
536.55	289.6
538	289.3
442.75	201.5
448.6	217.4
450.55	217.7
448.35	217.05
445.9	216.15
444.85	218.75
444.45	218.4
444.55	221.85
444.5	223.8
443.65	226.85
443.25	228.5
443.75	227.15
444.2	231.55
442.75	233.45
442.55	234.65
443.55	235.95
443.1	237.5
444.8	237.75
445.45	239.45
445.05	243.1
447.05	246.35
448.05	246.3
449.1	243.75
447.15	252.95
416.1	293.35
416.05	294.75
417.55	293.3
416.2	296.8
417.2	296.5
419.2	295.25
418.8	297.25
420.6	297.65
419.55	298.25
419.3	300.1
420	302.9
420.15	304.5
423.5	305.3
424.1	306.6
428.85	306.7
427.3	307.65
429.2	311.25
430.85	312.6
429.45	313.5
430.75	313.55
350.15	303.05
281.9	271.1
280	274.75
279.7	276.2
275.25	277.65
274.7	279.4
272.95	279.5
272.35	276.35
269.7	277.3
270.25	273.5
269.35	272.6
269.7	276.5
180.3	383.95
185.2	371.6
183.3	376.05
183.35	375.55
180.35	373.65
180	371
179.05	375.45
183	368.6
181.5	372.95
296.75	291.9
313.65	291.05
317.45	286.55
320.35	287.4
322.1	285.85
321.15	287.55
321.2	290.2
321.8	289.75
321.55	289.1
321.85	292.55
322.9	295.2
324.05	293.3
325.1	293.2
358.65	302.25
451.9	299.1
452.9	301.65
454.15	303.85
455.7	298.85
458.2	301.5
457.8	297.15
459.05	296.9
454.95	305.5
456.6	305.2
455.5	305.75
454.05	306.25
454.5	305.75
453.75	306.35
453.95	307.9
449.25	289.95
425.85	176.65
425.75	180.45
427	181.8
427.6	179.95
426.9	179.7
425.55	180.95
426	183.8
426.6	180.7
426.3	182.75
426.85	183.55
428.55	185.9
430.2	192.3
429.85	191.35
318.15	153.6
268	146.25
265.65	142.45
264.3	145.6
262.95	144.45
260.55	149.45
434.6	223.2
426.3	213.75
427.45	223.75
430.05	228.9
429.45	228.25
430.65	231.05
458.25	259.1
456.4	254.15
456	255.25
458.2	251.5
457.75	255.05
455.35	256.05
457.15	255.45
455.85	258.3
454.7	262.9
455.7	268.05
460.05	371.15
462.05	362.7
460.3	364.65
461.1	365.2
460.2	365
461.95	364.05
462.95	362.25
464.05	361.75
463.6	363.95
462.4	365.25
462.55	364.5
462.95	365.15
463.3	361.65
462.4	361.25
462.6	357.7
462.35	357.4
460.05	308.3
460.55	316.4
459.35	312.3
458.8	309.4
459.45	309.25
460.7	310.05
459.05	301.8
458.65	302.35
459.85	303.15
601.5	206.25
593	214.7
599.85	213.1
599.4	209.6
602.95	192.8
612.5	165.25
323.5	163.3
323.05	115.15
317.3	128.75
313.2	136.65
314.7	140.85
314.7	141.85
316.5	138.85
416.25	119.95
587.05	116
596.4	114.75
599.5	114.6
593.75	125.75
593.45	126.4
592.75	133.5
592.65	136.25
592.95	131.4
593.75	130.25
595.5	131.45
593.5	131.8
595.15	133.55
596.25	131.35
502.5	175.65
389.7	181.9
384.25	163
382	168.2
381.4	179.75
375.7	184.05
304.5	187.85
303.75	194.25
305.05	185.5
305.95	185.7
305.25	188.05
304.25	195.95
302.75	193.95
303.2	196
303.05	198.25
305	195.5
308.65	194
306.15	192.65
306.15	198.4
309.4	189.95
286.95	188.45
283.45	194.55
282.85	197.75
283.45	201.3
284.1	198.75
286.9	198.9
286.85	194.6
286.5	191.15
285.95	186.45
288.5	183.5
289.5	192.65
292.8	183.55
295.15	187.8
294.7	188.85
296.25	184
294.45	190.95
296.25	196.5
302.4	195.6
316	195.45
