396.85	274.1
397.55	274.3
396.4	275.65
398.95	275.25
400.35	275.15
400.1	275.7
397	278.7
401.65	273.85
400.85	278.65
400.1	276.1
454.85	325.8
653.85	516.85
653.35	503.8
650.1	509.3
651.95	508.4
654.05	511.75
653	511.7
654.95	508.3
654.05	509.75
654	506.6
655.95	506.45
528.65	409.25
354.25	301.1
354.6	296.35
350.95	298.6
346.85	300.9
346.95	299.95
346.8	298.75
346.8	300.05
348.1	302.4
345.95	303.25
346.15	301.55
344.7	301.4
345.9	300.85
342.55	300.7
339.5	303.5
415.1	314.1
709.25	317.3
761.5	321.2
0	0
0	0
0	0
0	0
0	0
0	0
0	0
697.25	274.1
692.6	276.1
686.3	282.45
680.3	280.45
663.7	289
664.75	294.5
705.95	374
703.95	374.4
705.95	377.25
698.35	381.05
687.7	380.4
669.4	379.95
660.95	377.65
655.65	473.9
644.7	463.7
0	0
620.65	468.5
623.15	468
618.9	470.55
617.45	471.6
611.05	466
601.1	458.95
595.85	457.95
592.45	458.9
591.4	456
584.05	458.1
585.05	464.55
587.1	466.25
576.95	471.95
568.5	471.05
562.75	469.05
558.5	467.95
549	467.6
541.8	468.95
533.45	466.3
522.3	469.15
515.65	463.2
510.5	462.35
502.35	455.65
494.6	452.2
486.85	449.35
475.3	447.1
465.75	453.7
459.05	452.9
452.55	448.75
443.35	442.5
440.15	438.85
428.25	440.15
416.95	439.9
408.7	439.2
400.6	435.8
389.3	437.2
383.4	434.4
376.45	435.15
369.65	433.2
364.95	432.35
357.15	430.2
345.9	428.15
339.15	428.55
327.85	426.45
318.75	425.15
573.15	408.45
618.35	409.05
622.65	407.45
618.8	414.9
610.4	414.6
604.75	408.65
601.5	402.2
599.25	400.45
591.05	399.6
584.4	398.85
576.4	400.85
573.2	401.25
569.4	400
565.9	397.25
555.65	400.1
550.1	400.7
545.35	400.35
538.9	399.15
529.3	395.2
523.4	393.15
517.1	393.85
501.5	395
494.1	390.1
659.5	385.75
628.75	390.35
620.4	389.1
614.7	389.5
608.45	386.5
602.6	378.4
595.9	376.5
592.35	374.85
587.35	374.75
582.35	375.05
581.25	371.35
579.5	372.8
574.25	372.35
567.3	370.45
536.95	311.5
518.65	286.25
515.35	287.05
509.4	282.05
509.8	281.15
510.2	277.05
512.25	273.75
510	278.95
506.5	276.25
509.15	272.1
507.75	270
457.8	238.05
457.95	243.95
467.4	239.35
465.05	240.45
461.05	242.75
465	242.2
463.2	242.45
462.2	243.1
462.6	243.35
464.95	243.2
435.05	240.3
386.9	247
391.7	245.95
389.65	247.5
388.15	248.9
392	248.3
392.85	249.3
394.1	248.9
396.25	247.9
323.75	256.9
330.5	257.9
330.5	256.25
329.95	259
327.45	257.1
329.45	255.7
332.35	250.65
332.4	249.55
311.3	253.15
270.35	261.5
273.05	259.9
271.7	260.4
272.55	264.85
272.6	268.55
270.55	269.7
270.65	269.65
272.5	268.15
272.4	267.75
266.65	261.5
271.45	262.1
271.15	261.1
266.75	268.6
267.95	271.1
474.8	246.95
532.45	245.05
538.95	242.85
534.65	245.05
543.35	245.85
540.5	243.65
542.55	246.9
543.65	242.25
544.35	243.15
540.7	242.65
536.75	243.5
578.35	215.65
618.45	189.05
624.45	190.3
625.15	188.75
628.45	185.55
629.35	185.3
630.15	185.3
629.45	183.75
627.75	183.45
579.8	204.55
595.45	198.1
596.25	199.7
596.8	201.8
596.35	201
595.55	199.65
597.65	198.7
597	197.9
579.8	312.75
590.6	308.55
591.4	311.2
591.3	312.1
589.95	314
590.1	313.7
590.15	310.75
599.15	301.85
703.3	185.25
695.55	204.1
691	203.55
693.2	202.7
690.5	199.85
686.05	199.05
689	196.5
680.95	194.3
663.25	184.6
662.05	184.6
663.75	181.45
664	177.15
665.1	174.7
664.7	178.6
588.55	220.5
599.05	214.65
598.3	215.35
596.6	217.3
594.6	220.8
595.9	220.65
595.9	221.4
596.2	222
593.05	225.7
507.7	374
516.95	352.2
514.1	354.6
514.65	356.2
513.8	357.55
514.8	355.9
515.55	355.85
516.1	357.05
516	356.55
647.55	404.25
635.5	402.6
637.75	400.65
638.2	401.85
636.5	403.8
636.65	401.75
636.3	399.55
637.8	398.25
640.45	398.7
639.2	397.85
640.8	400.35
641.45	398.2
643.3	396.35
462.45	296.85
446.4	299.4
445.75	296.35
448.15	292.75
450.5	293.4
451.15	292.3
451.4	290.25
414.1	297.5
379.1	309.35
378.55	306.9
379.8	308
383.6	307.4
387.7	303.65
395.75	303.4
402.8	302.1
407.85	301.65
414.2	305.05
275.55	200.85
296.55	213.4
301.45	216.2
303.35	215.05
308.2	214.65
310.5	213.9
313.85	212.6
315.65	210.85
317.5	210.65
316.95	207.2
320.5	204.1
355.8	331.35
0	0
0	0
0	0
347.7	303.75
344.65	309.5
353.35	306.4
360.55	306.8
368.2	310.7
372.65	313.6
378	315.1
380.9	314.65
385.65	314.75
392.6	310.9
398.25	309.8
402.2	307.05
409.6	307.95
413.45	306.55
419.95	308.15
418.35	311.7
374.5	312.8
381.35	312.35
386.5	314.45
390.7	314.1
394.9	315.3
401.5	314.3
405.5	314.05
411.05	318.15
418.15	315
421.1	312.45
425.05	312.75
433.45	312.85
434.05	314.75
439.35	312.9
442.45	311.15
444.05	309.95
451.45	309.1
455.9	307.6
461.8	304.6
465.1	305.2
469.55	305.7
476.7	303.95
480.05	307.2
0	0
0	0
0	0
0	0
0	0
0	0
460.75	302.5
470.35	299
477	309.15
468.8	317.8
470.3	316.45
475.05	305.65
477.7	297.55
484.65	297.75
489.3	300.8
488.05	304.4
485.7	309.2
486.35	310.5
484.55	313.75
485.65	316.45
487.3	315.4
485.85	310.2
486.95	312.75
434.95	316.85
0	0
0	0
0	0
0	0
437.6	339.9
431.9	346.5
430.9	352.05
437.85	346.4
438	335.85
439.45	333.9
437.8	343.05
435.6	346.15
434.9	349
432.65	349.75
429	350.55
427.95	349.2
430.75	345.8
429.75	342.9
425.95	333.9
422.45	333.25
418.1	324.55
419.25	331.4
425.65	337.6
425.9	336.7
424.7	333.7
423.05	333.85
418.15	325.4
415.15	325
419.2	319.3
419.8	318.8
410.7	432.5
414	408.7
413.3	410.25
410.9	410.15
409.95	410.7
409.15	410.6
410.45	410.55
412.05	410
410.75	409.7
474.4	370.4
463.25	378.1
462.55	376.6
461.1	374.2
463.1	373.45
465.7	373.55
467.8	372.85
466.65	374.3
467.3	374.25
467.1	374.45
465.85	375.15
464.95	374.75
465.45	375.15
450.25	385.4
451.9	384.65
451.9	385
453.25	384.2
452.75	385.5
452.55	387.35
452.25	387.35
452.6	386.3
453.9	388.6
454.55	386.45
452.35	384.5
450.95	382
450.8	379.95
452.15	378.5
451.55	380.55
453.25	381.2
451.7	378
450.75	375.85
455.85	377.05
457.4	378.6
455	377.05
456.7	378.35
457.75	376.65
458.3	375.35
454.1	378.05
454.3	376.35
455.15	379.85
456.5	380.05
455.35	379.9
456.55	380.7
461.25	375.8
461.75	378.55
461.75	378.3
457.65	379.95
460.3	376.65
461.7	379.35
464.35	378.2
463.1	374.45
460.5	375.25
461.3	378.6
462.95	376.85
466.7	374.25
468.15	373.15
471.15	380.6
472.25	379.9
474.5	379.9
473.85	378.1
471.8	377.95
469.85	380.9
469.8	378.7
469.7	380.75
471.9	380.5
460.6	387.85
456.2	377.65
453.35	370.7
451.7	373.25
452.6	376.8
453.45	376.75
452.5	378.9
453.05	374.5
447.95	373.05
449	372.3
447.6	370.9
451.7	382.55
454.3	382
452.55	374.65
451.25	377
453.15	378.7
457.2	375.05
0	0
0	0
0	0
0	0
0	0
475.45	345.4
478.8	341.8
484.75	340.15
494.2	351.8
490.35	353.5
483.25	359.2
478.8	357
480.85	352.15
473.95	363.95
454.35	370.55
466.35	374.75
461	368.1
459.9	363.5
464.95	373.7
453.4	365.7
462.4	367.6
456.2	365.2
453.85	364.15
458.7	369.6
457.6	365.5
455.6	363.2
458.7	364
452.4	361.35
456.55	361.45
463.75	369.45
458.4	362.7
460.55	367
185.4	162.6
220.7	179.2
225.1	184.2
229.55	172
222.15	183.45
221.25	178.25
218.05	172.7
221.5	183.95
218.05	169.35
164.65	167
177.95	167.75
171.55	168.85
172.75	165.7
176.4	169.4
173.1	170.5
173.3	174.3
372.3	208.35
404.05	212.4
413.8	211.75
419.45	215
411.25	215.1
412.45	209.8
419.1	215.05
417.35	218.8
419.75	214.3
415.8	216.65
416.5	216.35
419.2	212.9
413.75	203.7
410.5	207.1
415.55	206.25
413.5	214.2
410.75	212.8
412.5	215.5
411.35	207.5
411.1	208.15
416.85	211.2
413.2	213.55
413.95	209.75
416	210.25
417.4	208.7
413.95	211.55
413.1	214.15
409.3	227.55
369.05	321.75
367.4	322.9
365.7	326.15
362.65	326.6
363.1	325.8
364	323.4
364.95	324.7
360.65	326.7
365.55	326.95
362.5	330
365.45	326.9
365.25	329.55
366.9	330.3
367.05	335
367.65	334.75
368.35	334.15
371.05	332.35
370.35	329.8
371.05	326.4
369.65	332.5
370.55	329.35
375.4	329.4
372.8	330.15
371.35	323.35
367.1	323.35
363.35	320.5
365.9	322.75
369.15	322.55
368.5	322.8
372.9	327.05
372.15	333.4
376.45	332.9
373.4	333.55
367.45	327.7
376.45	321.5
421.15	302.45
417.05	303.1
417	303.8
421.05	301.5
419.7	306.4
426.1	307.25
427.15	313.25
426.45	312.5
426.55	309.15
421.3	308.45
421.85	306.6
421.45	301.3
421.95	303.6
421.75	304.2
422.45	304.15
309.9	328.1
320	328.55
325.25	320.55
321.5	323.35
326	321.45
327.8	324.4
329.9	326.4
329.05	323
331.55	326.6
330.3	325.6
332.9	325.45
333.15	329.7
334.2	329.15
335.5	326.95
334.95	324.5
336.05	323.05
332.65	323.7
332	327.15
333.8	324.9
335.4	326.95
336.15	326.75
337.05	328.35
336.75	326.4
372	293.9
421.6	254.75
421.95	255.15
422.45	252.6
415.45	255.15
260.95	343.8
259.85	348.95
255.7	350.6
257.65	350.9
258.2	357.4
260.2	358.9
251.1	363.5
257.2	350.1
260.9	354.95
453.9	200.85
450.25	210
452.15	205.85
448.25	202.95
448.75	201.45
452.45	196.35
452.35	197.45
475.25	201
492	204.3
492.35	203.85
492.4	205.45
493.9	206.5
494	207.8
495.15	206.3
496.2	203.25
498.3	198
497.7	200.8
496.45	200.75
354.35	285
288.2	350.8
279.95	350.5
278.75	353.5
279.75	352.2
279.25	350.75
275.7	353.2
277.35	357.55
278.65	355.35
214.1	348.05
233.65	346.05
233.55	347.15
230.9	345.75
228.95	348.95
402.7	209
446.65	197.25
449.4	202.95
448.45	202
451.55	200.9
445.05	205.6
445	199.3
446.05	188.95
473.85	189.65
468.85	195.25
469.75	198.85
454.2	221.4
412	280.95
404.65	284.75
408.65	286.4
409	288.35
408.9	293.25
412.15	295.25
411.95	296.35
411.45	299.45
411.5	299.25
0	0
0	0
0	0
0	0
440.6	355
438.35	373.5
444.45	377.25
441.65	383.25
442.95	387.2
444.8	377.6
451.9	375.85
449.9	370.4
438.4	364.25
440.2	380.9
435.4	375.7
442.45	372.95
446.05	367.65
444.85	370.45
443.65	370.8
441.4	373.95
442.5	373.2
442.25	371.9
440.25	374.1
448.15	373.8
446.35	373.7
445.7	369.15
447.85	367.45
443	373.65
469.95	381.45
464.5	380.55
462.65	378.45
462.9	378.65
462.6	376.25
461.05	374.7
459.5	374.05
459.9	373.75
460.3	375.75
460.25	374.8
459.05	372.65
358.2	293.2
365.1	297.15
365.3	297.15
364.95	291.65
357.6	294.65
355.8	299.1
356.95	294.5
314.85	312.75
317.45	309.75
311	304.55
314.05	308.4
310	303.8
309.95	305.5
313.45	310.05
312.65	309.35
316.25	307.3
319.45	305.25
317.45	305.85
316.5	306.5
315.7	309.7
314.75	308.1
315.3	307.45
319.35	305.95
319.05	305.35
606.7	243.5
586.05	249.7
589.1	247.15
593.2	244.95
595.9	245.8
596.6	244.5
594.3	247.85
594.15	244.4
424	275.4
366.5	282.7
364.55	283.95
362.85	285
361.65	284.35
361	283.9
359.75	285.2
360.85	282.7
361.85	282.95
317.15	304.2
323.95	299.6
324.7	297.1
326.6	296.25
327.1	297.7
327.35	295.5
326.85	296.95
325.1	295.2
326.3	293.8
326.2	294.1
325.4	295.3
322.15	296.55
321.15	296.55
326.1	298
326.35	296.6
325.2	294.85
327.45	297.8
326.15	298.35
325.8	297.8
324.45	295.3
324	293.5
326.75	288.8
539.95	285.1
540.2	273.4
542.95	274.15
543.5	274.25
541.45	276.45
548.45	280.15
549.35	277.5
366.1	283.05
327.2	288.2
325.9	287.9
326.85	284.65
327.75	285.75
330.45	281.8
332.95	279.2
334.55	277.4
305.4	277.7
231.6	275.35
233.7	276.95
233.05	276.8
236.45	277.7
237.1	280.25
239.05	277.55
242	278.6
248.15	276.85
250	276.05
255.1	275.4
254.2	275.15
256.7	277.65
258.1	278.4
259.8	278.25
261.65	278.7
262.35	278.65
265.2	277.75
264.5	278.65
266.25	279.5
268	279.75
268.55	278.6
271.5	278
272.25	277.75
269.6	280.1
272	280.55
480.15	309.15
503.2	324.2
509.1	326
517.1	325.4
516.5	325.65
513.75	327.1
511.9	326.4
507.65	324.7
498.4	325.65
490.15	325.4
482.05	326.45
473.4	321.35
460.45	319.95
448.8	318.2
441.95	314.85
436.6	314.5
431.3	312.1
427	310.2
419.4	311.15
537.15	365.05
517.05	358.1
509.75	360.75
504.8	356.8
499.65	357.35
492.9	355.9
485.6	356.1
482.75	357.25
443.3	333.9
452.05	335.45
450.55	331.95
447.35	333.4
447.55	334.1
448.1	331.6
447.55	332.15
445.7	332.7
449.6	332.05
451.65	331.75
453.25	333
452.5	333.05
448.3	333.2
447.5	332.55
438.1	332.6
436	332.55
635.85	345.7
603.1	348.85
597.4	351.3
588.3	352.15
577.3	351
565.1	347.45
555.35	342.7
545.1	341.5
529.7	342.65
515.85	341.3
502.55	346.2
482.95	344.95
472.3	346.1
513.95	333.55
636.6	321.15
623.85	323.7
616.85	325.3
609.3	325.25
605.55	323.8
446.9	316.55
375.3	316.4
367.95	318.25
364.5	320.15
364.2	320.75
366.95	321.6
370.2	321.05
365.65	322.7
359.7	361.25
361.9	360.75
362.1	359.45
362.05	360.7
361	360.95
362.45	361.6
366.25	360.5
364.5	358.75
363.95	355.65
363.65	354.75
366.9	354.25
367.45	352.45
364.5	353.25
360	351.8
359.35	350.1
361.25	352.55
363.9	351.35
362.15	351.9
364	350.75
363.35	352.45
363.7	350.8
365.05	351.9
365	349.75
365.7	349.1
364.5	350.65
365.15	348.3
365.7	349.9
392.5	362.8
389.25	359.45
389.65	360.55
386.95	358.15
388.85	357
388.65	357.15
387.85	357.9
386	357.15
384.85	361.35
403.4	363.75
400.65	364.95
398.95	363.7
400.6	363.65
402.55	367.4
402.45	368.5
403.3	370.7
372.8	370.6
372.15	370.1
372.35	372
373.1	372.9
372	370.4
372.7	370.5
371.9	372.2
374.2	370.55
375.25	369.25
376.3	369.95
374.5	368.7
373.75	371.4
368.8	372.35
371.75	373.9
375.2	371.05
377.45	371.05
376.1	370.1
374	373.25
373.7	372
376	372.1
374.1	374.1
374.4	370.4
373.9	372.95
374.4	373.3
373.75	374.5
373.35	369.95
371.6	368.95
372.8	368.75
373	367.15
386.35	367.9
692.55	458.55
663.1	458.8
665.75	462.7
667.75	462.35
668.2	463.1
669.2	461.6
606.7	504.7
619.6	498.7
615.5	499.15
613.25	498.3
613.05	498.1
614.2	495.95
614.4	499.25
370.25	337.35
373.15	340.25
371.3	340.3
363.45	344.5
361.85	341.75
360.1	339.1
360.6	336.2
359.65	337.25
359.35	337.75
359.5	336.15
360.05	334.7
359.95	330.5
359.1	333.25
361.5	336.75
359.7	339.4
364.8	340.6
366	340.3
366.5	339.4
364.6	341.8
365.8	340.9
363.9	343.45
364.65	344.6
340.65	383.55
343.5	378.95
340.5	379.55
341.55	379.55
341.9	378.65
340.75	380
342.85	379.35
344.5	378.4
344.45	378.55
341.7	376.65
341.9	373
357.1	323.65
375.3	222.1
378.85	217.15
377.8	216.5
381.55	215.45
383.2	213.4
384.4	214.7
321.4	311.5
304.95	388.75
308.35	380.6
311.55	381.6
315.4	383.65
319.35	384.75
322.75	383.6
325.2	381.6
325.25	383.3
328	381
328.2	381.85
327.5	380.95
273.3	410
265.35	422.15
269.15	420.45
270	419.95
272	419.55
275.95	419.25
279.55	414.1
280.3	418.15
277.9	420.05
277.75	419.15
280.45	417.6
280.75	418.05
208.45	436.8
213.6	434.3
215.75	431.15
217.9	429.7
216.2	425.65
219.75	420.1
221.95	413.4
226.95	406.6
228.1	402.55
236.8	406.55
203.25	520
203.15	503.25
204.85	491.95
211.55	482.5
212.65	510.9
208.95	564.15
0	0
0	0
0	0
0	0
238.2	573.95
244.9	562.15
248.05	547.6
249.25	537
254.6	524.5
259.55	510.7
259.85	501.25
265.95	492.15
274.1	478.55
276.65	469.8
285	465.25
291.9	457.85
296.6	459
334.5	509.75
335.55	497.15
338.65	487.1
342.9	479.05
350.4	477.4
355.4	471.95
362.2	462.25
366.55	456.75
367.2	450.85
366.2	445.75
367.55	443.1
369.1	441.55
370.85	437.95
377.35	436.2
375.15	438.5
377	436.45
377	435.1
378.2	434.75
403.75	491.3
402.2	477.7
402.9	477.1
402.9	477.9
405.2	479.45
405.9	476.35
407.1	479.9
407.65	479.15
435.25	477.9
426.9	476.3
428.25	470.55
426.25	474.35
425.95	471.85
425.45	472.05
426.75	473.9
425.8	471.75
425.95	473.35
426.75	475.45
426.55	476.7
429.6	480.7
430.75	481.7
432.75	483.85
433.7	486.3
431.55	483.7
432.3	485.4
429.9	487.8
430.05	485.4
431.2	485.65
412.9	485.35
417.4	485.7
414.6	486.25
414.65	485.5
416.95	482.75
421.25	479.2
420.2	479.05
421.5	476.4
424.15	476.8
422.65	479.2
421.85	486
416.75	489.5
419.55	472
420.45	471.7
418.55	468.1
415.95	463.7
411.45	465.2
410.5	456.25
410.35	458.65
406.75	461.4
411.5	465.6
411.1	464.9
411.5	462
412.4	463.35
410.35	460.9
410.85	463.6
413.05	465.95
416.75	471.95
414.65	477.2
417.65	476.85
420	476.4
419.1	478.45
415.45	480.4
412.35	478.05
413.65	476.55
412.7	475
411.2	467.1
412.05	466.7
408.55	465.5
405.05	465.05
403.45	467.45
403.15	468.35
404.25	471.75
404.75	476
402.2	480.65
419.25	420.8
0	0
0	0
0	0
375	291.05
372.7	303.6
371.15	301.4
376.35	305.4
379.85	307.25
379.7	306.55
375.6	342.05
376.3	480.7
376.5	485.2
375.95	478.75
380	476.6
382.9	478.65
383.6	472.05
384.75	469.8
383.4	473.55
378.6	474.55
381.4	476.15
382.15	474.75
383.55	470.8
382.4	470.6
383	466.05
0	0
0	0
0	0
0	0
0	0
373.5	452.7
370.8	439.85
369.55	447
371.45	445.45
383.4	443.15
385.85	447.75
387.2	444.2
382.05	438.4
378.65	434.4
378.55	432.9
377.3	433.1
378.55	430.15
377.8	431.9
373.15	434.6
372.25	436.05
371.3	436.9
369.6	437.8
369.9	438.9
373.7	443.8
375.8	437.45
374.45	440.4
374.9	441.4
370.9	446.45
371.8	445.4
372.65	444.75
320.4	316.7
324	306.4
325.65	304.15
324.3	303.55
324.85	301.55
323.85	301.6
323.95	300.85
323.75	298.7
322.65	301.7
323.6	302.35
321.85	302.1
325.2	302.05
328.25	298.2
324.4	299.35
322.55	305.65
372.2	403.05
366.9	401.4
365.8	409.75
366.75	412.5
366.05	408
369.35	405.45
370.6	405.45
381.85	438.85
381.55	447.6
381.95	443.85
377.2	450.8
377.3	448.7
381.8	444.55
385.9	447.7
384.65	451.05
379.7	460.45
377.4	462.65
379.55	463.45
393.55	523.95
0	0
0	0
0	0
0	0
358.6	355.15
358	356.6
359.2	353.8
353.65	356.6
386.7	427.45
387.6	427.5
388.65	428.45
390.05	428.85
387.1	425.65
390.1	423.65
399.85	430.85
400.1	431.65
394.5	425.35
402	424.65
396.95	423.2
399.7	421.3
400.95	423.9
397	416.4
407.45	430.7
0	0
0	0
0	0
375.15	367.15
384.4	362.85
380.1	365.05
378.45	364.65
558.45	297
569.1	295.3
566.1	293.5
563.3	290.45
559.35	286.15
557.25	285.45
550.5	290.05
542.25	291.35
532.25	283.25
528.95	282.65
534.1	370.35
0	0
0	0
0	0
0	0
0	0
0	0
765.3	306.3
760.7	299.4
750.8	297.55
741	292.95
738	285.1
733.3	290.75
683.6	453.2
685.1	458.7
678.55	458
660.65	470.7
652.25	480
642.75	475.1
626.9	474.2
611.1	467.8
0	0
0	0
0	0
0	0
0	0
637.35	486.55
628.55	488.6
627.75	495.8
625.8	496.05
625.45	494.5
610.35	499.45
599.65	497.3
595.45	493.1
590.65	488
585.65	487.85
0	0
0	0
0	0
0	0
580.25	319.45
581.9	325.05
583.1	331.7
570.4	335.45
567.35	334.8
475.55	284.2
455.15	285
456.9	281.1
454.7	273.35
454.25	273.3
456.45	270.05
454.65	273.5
454.75	278.5
474.4	308.8
477.45	309.35
472.6	308.95
471.85	309.9
470.75	312.8
470.65	312.85
470.85	309.55
469.05	306.2
466.75	302.9
468.55	318.5
494.9	424.9
494.1	421.8
492.65	419.9
491.05	411.55
488.45	406.2
484.3	397.7
481.85	384.25
483.65	378.5
483.5	374.15
480.85	367.45
476.65	360.85
472.3	347.7
470.3	339.25
467.05	329.7
463.8	324.65
462.2	318.7
460.85	314.45
454.7	308.65
449.6	301.65
414.45	344.7
419	322.95
416.8	319.65
413.95	314.2
409.3	310.55
404.45	306.85
403.5	308.9
399.3	308.55
403	302.8
400.65	299.6
399.65	294.9
398.2	290.5
396.6	288.5
396.2	286.4
356.4	272.05
363.85	270.4
359.75	270.55
360.2	270.05
357.4	273.2
355.65	273.5
352.55	274.05
359.7	269.7
355.75	267.15
354.7	267.1
354.45	267.2
354.2	270.05
353.35	265.55
358	263.95
351.95	270.15
351.65	270.05
353.45	267.7
354.5	268.05
354.05	263.9
356.6	272.9
355.5	268.85
355.2	273.8
355.7	277.6
356.05	275.65
0	0
0	0
0	0
0	0
0	0
351.6	296.3
356.35	292.35
352.9	296.65
349.8	298.2
347.8	295.55
348.95	290.45
350.7	292.1
352.1	294.95
352.45	298.85
350.95	300.15
350.95	301.4
351.1	303.75
349.85	302.8
349.8	300.25
350.95	302.5
353.9	305.2
354.3	311.8
356.05	315.4
360.1	318.25
360.55	321.75
357.5	324.5
356.7	322.1
355.75	319.55
355.25	320.15
353.85	329.65
353.7	324.45
356.1	329.15
353.55	326.4
356.15	327.85
360.35	339.6
359.9	338.8
361	338.85
360.35	337.65
361.8	341.8
359.35	334.95
309	307.6
314.3	306.75
307	308.3
310.4	307.15
307.65	306.75
197.8	321.4
174.2	321
176.3	322.1
179.95	317
183.25	312
189.3	313.25
197.9	314.05
202.95	316.45
209.55	314.6
216.2	313.75
223.55	315.4
234.85	322.15
246.2	323.2
255.9	323.25
262.25	322.75
270.55	322
284	324.3
293.25	328.7
290.35	333.95
298.95	321.55
303.65	323.35
307.95	331.9
310.15	331.55
304.55	333.85
303.95	334.25
314.8	334.1
316.7	328.2
310.15	323.4
311.8	322.95
310.8	330.2
309.45	322.45
309.2	331
311.8	327.5
305.95	331.3
307.95	326.65
309.05	325.6
308.8	328
304.4	329.15
349.05	327.3
340.85	331.9
339.95	319.8
341.65	328.7
346.6	329.3
348.05	329.6
349.9	327.95
345.8	323.1
238.65	272.9
259.1	274
258.8	281.35
256	283.9
261.8	280.15
264.85	283.7
263.5	285.55
268.5	287.6
264.1	293.65
266.5	291.3
269.45	297.4
272.6	303.45
273.35	309.4
270.3	308.75
274.3	306.15
273.05	317.3
278.8	315.4
275.15	312.1
278.25	312.3
282.4	316
287.55	319.45
288.95	319.65
293	318.25
292.1	317.25
293.25	310.8
296.05	305.2
294	302.4
297.25	301.95
298.7	306.7
303	309.5
308.5	311.6
309.4	310.9
313.25	312.75
316.1	311.2
316.8	314
314.3	313.8
315.85	307.75
314.9	303.3
317.05	302.15
319.4	304.55
236.1	367.55
240.75	362.05
241.1	359.55
239.05	354.25
240.85	358.7
238.85	367.4
412.65	313.45
432.65	301.6
436.25	300.5
439.05	298.15
440.4	296.5
441.35	296.6
515.45	152.65
517.65	173.5
517.15	172.4
518.6	171.7
516.85	171.15
517.65	169.8
517.15	170.1
561	156.15
557.7	159.1
557.9	160.85
559	163.1
561.15	160.7
560.05	156.5
559	154.7
558.9	159.4
557.9	157.1
556.75	158.25
449.25	227.35
461.3	217.85
458.05	219
461.25	220.2
464.1	219.65
465.2	220.1
464.55	220.05
465.45	218.85
467.25	219.6
468.3	218.5
467.6	211.85
468.5	211.5
466.4	211
422.55	308.7
436.1	296.4
434.4	294.25
434.8	295.3
434.25	294.2
434.25	292.9
432.25	295.65
432.65	293.8
432.75	292.8
415.95	299.25
264.5	389.6
272.35	381.3
270.95	378.4
269.2	377.35
271.25	377.5
275.5	378.35
414.3	347.1
403.3	350.9
405.5	348.75
405	350.15
405.4	349.15
409.45	344.5
454.9	249.65
484.4	191.1
483.95	194.25
491.45	191.5
487.9	197.3
482.95	199.4
478.55	199.6
477.4	201.6
469	200.7
467.15	203.75
465.55	205.25
458.55	207.85
459.9	207.65
460.55	207.05
461.35	208.25
458.95	208.15
457.35	209.15
460	206.2
457.7	205.9
459.75	208.9
459.55	209.8
458.9	208.3
458.15	211.35
455.65	212.45
452.15	216.1
454.15	217.85
421.35	225.55
432.65	223.3
435.3	226.8
436.6	229.05
431.35	232.8
431.7	232.75
432.85	233.2
430.65	233.35
429.1	232.15
427.55	235.3
509.6	185.5
487.75	201.65
484.95	203.3
483.25	200.25
485.4	195.95
483.6	190.2
479.55	189.8
482.35	189.25
475.55	185.8
431.2	177.1
431.95	176.85
428.15	181.75
425.75	185.6
425.25	186.55
426.05	189.6
424.65	193.2
0	0
0	0
0	0
0	0
476.5	183.4
476.2	193.05
475.95	190.3
477.35	193.1
479.75	196
480.2	197.65
476.3	198.05
474.15	200.65
469.95	233
465.9	231.95
460.55	235.15
464.65	238.7
467.9	238.75
460.4	244.05
457.15	244
452.6	247.15
448.55	250.1
451.1	252.9
449.2	254.6
448.45	254.8
442.25	256.7
440.45	257.9
437.35	258.45
436	261.1
435.5	262.05
433.9	263.05
432.9	264.1
432.55	263.5
411	328.25
412.1	318.7
409.3	318.9
410.2	317.25
414.35	316.4
0	0
0	0
0	0
0	0
0	0
427.15	267
428.75	270.15
421	266.15
421.4	257.6
423.1	261.9
425.3	262.7
430.7	261.3
430.65	261.1
433.1	261.25
437.85	260.5
441.05	259
443.15	257.8
445	256.85
441.5	257.8
442.55	260.05
445.6	261.2
460.25	324.05
457.9	316.9
459.25	318.4
458.5	320.1
455.3	320.65
454.9	323.05
453.75	321.85
454.4	322.35
452.6	322.8
451.1	324.15
447.55	324.6
451.55	322.7
448.75	325.95
450.55	323.15
453.3	322.8
449.55	320.9
454.1	319.55
451.25	317.45
451.8	317.6
451.65	322.15
451.7	318.25
454.65	317.8
471.6	276.25
484.8	259.05
485.5	257.6
484	256.85
483.9	257.85
481.3	257.45
484.85	257.2
488.4	251.3
486.95	252.1
489.95	252.2
491.4	254.4
489.4	254.45
491.3	256.5
490.05	257.95
486.6	257.6
481.45	262.95
480.4	262.7
375.2	287.65
392.4	283.3
391.95	283.75
390.2	285
390.55	285.3
390.75	287.5
390.4	287.45
390.4	286.2
389.95	285.9
403.35	296.3
453.15	328.65
453.75	327.15
457.15	327.9
458.05	330.4
459	330.25
458.75	331.05
455.7	331.5
457	331.2
456.8	331.95
457.4	333.3
363.65	301
379.25	309.4
375.7	308.95
373.6	310.5
371.15	309.2
371.15	307.3
368.8	309.1
370.1	311.15
369.2	311.25
367.75	309.9
363.6	307.7
360.85	302.95
358.2	300.5
491.65	302.45
468.8	302.65
471.6	300.3
472.85	296.7
473.05	296
474.15	296.7
472.45	297.25
470.6	296.55
468.9	294.2
474	290.6
475.85	289.75
477.8	290.55
477.7	292.1
477.5	291.2
480.15	292.5
480.05	289.2
483.5	290.8
484.3	291.95
450.35	349.95
451.9	340.8
451.75	342.2
452.8	341.65
454.5	338.4
456.85	336.65
456.9	336.45
457.95	335.8
459.95	336
460.75	335.05
490.9	417.8
498.9	466.95
497.55	471.9
498.1	475
499.65	474.3
497.7	476.3
499.65	475.6
501.35	475.1
523.55	510
519.7	502.75
520.7	504
522.4	505.4
524.15	501.85
522.95	502.15
519.6	494.85
521.05	492.05
524.25	489.95
526.95	486.45
469.15	274.95
477.5	317.1
479.7	310.3
482.4	306.15
484.15	303.7
482.7	303.5
483.45	303.15
483.9	301.8
484.9	301.45
485.45	303.15
484.5	305.65
485	304.3
484.4	303.95
484.45	306
484.8	304.5
484.7	303.8
484	306.2
480.95	307.5
479.15	306.6
477.2	306.95
479	306.5
478.2	307.75
479.4	306.45
477.2	308.2
478	308.55
479.15	307.35
482.95	305.1
484.5	302.75
481.2	307.9
480.8	308.65
483.4	308.75
482.85	307.05
481	312.2
386.8	296.65
413.5	296.9
413.85	300
409.9	305.9
409.45	309.65
414.7	307
416.6	306.55
417.35	306.45
416.1	308.4
413.4	308.95
408.75	310.65
416.3	304.3
337.4	307.6
341.9	308.85
340.1	309.05
341.45	311.05
343.35	315.25
342.95	320.8
341.35	323.65
340.9	321.9
475.6	349.9
450.95	344.75
456	343.6
457.2	344.65
457.4	343.8
459.35	343.9
461	340.25
462.25	342.25
454.95	266.45
452.15	278.55
451.9	276.95
454.4	274.45
283.5	286.85
307.55	281.2
304.25	281.95
303.95	281.15
303.9	282.1
306.65	277.95
306.45	272.65
306.4	270.55
306.4	270.4
320.25	269.25
317.45	273.8
318.9	273.25
317.75	275.05
518.45	236.3
577.55	250.1
579.95	247.4
585.85	241.6
579.95	241.8
580.5	240.15
580.1	239.2
580.75	234.8
579	234.15
583.45	237.5
606.15	252.2
600.45	249.85
596.8	253.9
595.65	255.3
317	307.45
325.8	298.45
321.3	295.15
318.3	294.75
317.1	299.25
321.85	300.2
324.05	305.4
323.1	306.65
324.1	307.25
293.3	344
294.15	337.75
293.65	331.15
290.9	332.4
295	332.4
296.4	336.2
290.3	342.2
290.05	348.5
296.15	348.1
289.05	347
275.9	347.1
274.7	347.25
276.15	349.25
277.85	350.15
275.75	347.9
275.9	348.75
277.05	343.15
277.8	343.05
291.3	293.6
291.75	299.9
291.5	300.55
293.4	299.4
293.6	298.05
295.8	297.7
296.35	298.45
298.45	299.7
301.45	299.85
301.6	302.3
