387	298.7
387	298.15
386.65	298.7
388.15	293.5
394.35	296.3
391.45	304.15
395.7	301.4
396.65	300.7
391.6	309.1
397.1	304.3
395.7	303.65
396.55	313.55
434.75	322.15
443.15	328.2
448.5	334.25
444.35	324.7
444.5	322.3
444.35	320.5
439.65	322.85
439.15	330.45
490.65	363.05
653.65	512.75
662.85	527.95
665.05	533.95
662.15	534.55
663.2	533.45
715.5	544.6
708.55	551.2
713.7	546.2
714	545.7
711.2	544.65
713.55	545.9
714.45	546.45
709.3	545.9
717.8	548.95
722.3	526.35
0	0
0	0
0	0
0	0
0	0
0	0
0	0
0	0
0	0
0	0
568.8	228.15
565.45	215.3
561.65	217.7
637.4	311.7
723	423.5
724.85	452.8
711.45	513.05
714.5	514.95
717.6	518.65
724	524.55
716	529.7
719.8	544.7
723.5	549.8
723.15	554.9
723.2	556.35
0	0
0	0
668.3	218.8
660.6	219.25
653.95	216.9
647.05	211.8
642.6	207.45
630.45	207.45
626.1	208.45
616.4	203.85
605.7	198.4
598	198
596.5	191.6
584.9	190.8
461.65	271.15
421.45	367.9
402.25	395.4
393.85	396.6
391.1	388.45
378.8	387.05
374.7	379.2
363.85	377.9
357.8	376.8
352.7	376.8
154.25	499.85
89.2	564.85
0	0
0	0
0	0
0	0
0	0
0	0
0	0
0	0
0	0
0	0
0	0
0	0
0	0
0	0
0	0
670.45	207.25
656.1	198.7
642.6	191.25
638.05	183.55
622.5	181.25
690	245.35
674.7	233.15
661.9	236.25
656.6	229.55
645.8	227.05
632.65	224.8
620.45	232.25
596.65	285.3
581.6	283.4
575	284.5
717.15	267
703.85	293.5
696.15	294
692.75	292
689.7	290.5
686.4	298
672.65	305.6
669.5	304.4
661.45	302.55
656.05	305.85
647.8	299.95
640.5	300.2
587.4	242.05
568.45	247.45
561.95	244.15
555.1	250.05
551.25	230.65
0	0
0	0
0	0
0	0
0	0
0	0
0	0
0	0
0	0
627.75	156.7
626.45	138.5
359.7	204.6
347.35	210.35
350.2	212.9
340.4	215.4
326.9	260.45
322.1	270.35
323.1	270.75
322.2	267.45
319.8	266.6
326.7	265.7
327.55	270.35
501.4	190.45
510.55	199.3
513.65	194.55
507.95	191.9
507.55	196.25
507.05	194.65
510.45	192.2
473.1	215.7
411.7	278.1
405.55	293.55
409.7	303.2
406.35	296.8
408.95	291.85
484.2	198.65
496.15	189.5
491.95	189.05
497.65	189.55
499.3	184.2
497.65	180.4
498.85	182.15
498.4	189.1
557.55	171.1
542.75	177.05
538.15	180.8
540.75	176.6
542.85	174.3
539.45	171.3
543.15	173.9
544.9	175.8
545.05	173.5
532.2	186.3
484.85	213.85
479.1	212.35
478.4	211.25
480.3	210.35
476.85	209.25
476.65	209.75
477.3	207.75
476.95	210.55
513.75	277.6
499.45	255.5
497.65	259.05
499.85	257.8
502.4	263.15
501.55	262.3
504.9	258.15
0	0
0	0
0	0
0	0
0	0
0	0
490.75	289.6
511.8	242.1
515.8	226
520	225.1
634.8	96.25
638.8	86.3
632.15	89.1
629.95	81.45
631.25	86.2
701.3	77.65
711.35	80.5
704.1	128.85
702.65	136.2
700.65	137.6
699.85	136.8
714.6	96.3
0	0
0	0
0	0
0	0
0	0
0	0
0	0
0	0
0	0
0	0
0	0
0	0
0	0
0	0
0	0
0	0
0	0
385.3	284.85
388.45	291.05
388.2	301.45
396.1	296.7
394.4	305.55
395.85	309.6
395.75	314.8
395.9	310.5
394.25	313.65
439.55	295.6
687.35	65.9
672.75	103.4
663.5	106.45
667.4	105.9
664.9	101.55
706.85	130.85
710.8	134.05
709.6	131.15
712.35	146.1
713.45	142.85
716.9	139.8
719.7	138.3
721.8	143.45
717.55	141.55
689.45	152.5
701.7	148.05
694.75	146.4
694.65	143.2
696.05	144.2
692.6	148.15
699.5	150.05
696.2	147.85
693.7	147.45
703.25	153.1
719.65	141.75
723.65	145.45
723	144.2
720.3	143.3
615.65	180.75
453.7	252.3
431.9	255.4
424.7	266.9
427.75	268.45
431.9	273.45
437.7	276.3
438	273.85
443.45	269.6
357.8	291.6
352.25	304.8
356.75	309.85
361.4	306.8
363.1	306.45
292.35	192.35
274.6	184.95
273.9	183.5
275.55	182.35
280.15	189.9
282.05	182.75
281.55	179.95
283.4	177.7
288.2	175
286.85	177.6
288.1	180.75
288.15	177.5
295.65	176.05
291.45	175.15
301.3	171.15
0	0
0	0
0	0
0	0
0	0
0	0
0	0
0	0
0	0
405.25	307.3
412.55	293.6
424.4	286.6
435.15	281.95
332.2	128.6
344.5	140.1
343.85	133.95
337.85	128.55
345.05	126.35
343.55	128.75
352	131.7
350.9	131.2
352.05	132.7
365.5	171.7
371.9	169.35
379.9	167.85
382.5	171.25
386.65	172.85
394.6	176.7
397.9	175.55
404.6	203.85
437.1	325.35
443.8	348.25
453.95	355.55
461.6	358
469.05	346.4
474.15	344.3
479.3	347.55
490	351.45
488.75	355.35
490.75	346.3
499.4	348
501.95	344.35
510.25	343.6
512.85	346.65
517.5	343.85
403.65	338.35
158.8	277.2
170.45	275.7
168.65	273.95
166.3	271.35
158.5	277.45
157.7	276.4
159.85	317.95
161.3	325.6
155.85	330.7
147.75	328.8
145.95	327.8
142.05	327.65
132.5	327
129.4	324.65
122.9	318.55
123.2	322.35
120.3	321.3
119.3	317.7
49.45	279.6
0	0
0	0
0	0
0	0
0	0
0	0
0	0
0	0
482.65	347.65
483	332.9
488.1	315.95
491.4	301.4
492.05	289.35
492	281.55
489.4	274.75
486.6	276.3
491.8	270.25
494.75	277.8
496.3	272.8
373.45	248.85
282.95	176.65
275.6	246.55
274.9	244.5
275.8	239.95
274.45	240.05
272.6	234.15
271.9	234.6
284.6	237.3
413.65	360.95
413.4	376.35
416	379.2
417.15	376.85
420.75	380.75
421.85	379.25
420.45	386.15
416.7	386.9
417.9	385
418.5	387.15
420.7	389.95
419.55	386
435.7	386.5
446.7	392.2
440.65	388.75
443.6	387.9
446	388.65
447.2	386.9
448.5	385.75
448.55	383.6
446.8	387.2
449.5	384.25
451.4	380.7
449.9	378.15
451.55	376.5
451.55	373.85
452.8	373.7
457.6	369.6
459.1	366.9
460.5	368.35
460.3	374.35
460.4	369.3
457.35	371
450.85	367.95
453.6	366.6
456.55	372
448.8	363.75
449.4	372.9
451.35	370.4
451.3	376.1
457.2	368.55
456.55	375.5
456.65	379.55
452.95	372.85
453.5	373.1
454.1	372.9
456.2	375.95
454.05	377.55
455.3	373.8
458.55	369.85
457.75	363.9
456.25	360.5
455.15	357.85
451.2	357.3
452.6	359.95
455.3	359.85
455.15	360.85
456.8	355.9
457.15	356.9
459.45	354.35
458.45	352.6
460.1	355.35
460.35	354.5
0	0
0	0
0	0
0	0
0	0
0	0
579.5	87.65
588.35	62.95
586.95	59.15
586.45	65.45
588.65	61.15
586.85	67.35
453.9	415.05
450.35	381.7
452.55	373.95
453.35	383.85
453.95	384.65
456.7	382.8
451.75	381.6
449.9	380.15
425.95	340.3
438.8	358.55
440.9	358.75
443.3	352.5
442.15	351.1
437.2	354.5
439.3	353.55
439.9	349.45
438.45	348.95
434.7	352.55
441.25	348.7
440.95	350.65
440.95	355.5
445.1	357.3
331.8	101.6
328.35	91.2
332	95.15
330.5	98.1
327.8	97.5
328.6	98.4
327.4	93.4
325	93.2
171.75	200.8
175.3	183.7
174.15	183.1
173.75	183.05
171.95	180.05
171.8	182.45
167.3	182.6
0	0
0	0
0	0
0	0
0	0
0	0
0	0
269.9	123.05
278.35	100.9
276.95	109.5
272.75	143.2
272.75	156.85
203.15	50.85
230.45	102.65
234.25	105.5
229.45	98.9
224.45	95.55
223.35	90.35
222.1	88.4
214.9	91.9
216.2	97.85
218	93.1
218.1	94.6
208.3	102
176.4	140.8
177.35	151.15
172.25	150.9
172.05	147.7
175.05	145.1
490.65	243.65
507.8	234.2
499.15	233.05
502.35	232
500.4	239.5
498.85	238.5
499.1	241.6
499.4	238
500.8	237.05
501.6	233.05
381.85	321.55
367.9	321.2
367.3	318.65
366	322.45
362.6	325.8
365.25	327.7
364.3	329.8
365.85	330.45
367.5	334.1
370.95	335.75
374.35	335.2
401.3	284.8
492.35	67.45
486.75	68.05
488.1	70.55
490.5	68.35
485.85	71
482.9	70.7
488	74.65
484.75	71.7
486.9	77.2
487.4	72.15
488.5	80
485.25	83.7
488.3	84.5
489.2	82.65
395.5	255.95
393.7	319.05
389.85	329.6
381.5	332
383.9	329.35
384.4	330.7
386.05	333.3
389.1	324.9
391.15	328.1
384.55	327.55
385.5	330.35
384.45	330.4
385.25	335.6
387	338
390.45	341.05
393.4	342.9
395.2	344.6
398.45	348.1
398.6	351.35
401.65	352.35
398.55	349.9
400.8	352.15
401.55	351.7
398	354.1
399	351.1
404.35	352.8
401.35	351.85
404.85	349.3
398.05	351.05
402.05	350.55
403.1	353.05
402.15	352.55
399.35	351.65
401.55	350
403.25	350.65
403	349.45
403.3	347.05
403.65	351.2
402.7	343.05
406.9	347.1
404	347.5
436.3	142.55
440.4	104.05
443	110.6
443.25	109.95
440.5	112.75
440.2	111.05
440.55	107.85
442.3	105.85
439.7	109.5
441.05	102.7
442.95	102.95
443.1	106.35
443.5	111.75
442.9	113.7
450.85	86.55
0	0
0	0
0	0
0	0
0	0
0	0
0	0
0	0
0	0
0	0
0	0
405.7	171.15
411.4	157.65
421.4	147.6
421.15	144.4
274.15	333
274.55	341.8
282.35	359.4
280.1	374
274.4	405.55
274.5	412.8
273.65	410.65
272.8	414.55
423.45	132.4
483.3	161.2
486.9	169.2
490.5	174.5
492.6	174.15
489.95	173.7
491.9	171.1
513.1	216.9
518.35	216.6
517.55	207.95
515.65	208.85
519.5	210.05
514.2	215.45
513.85	212.85
515.9	215.75
519.85	183.1
0	0
0	0
0	0
0	0
0	0
0	0
0	0
0	0
0	0
0	0
0	0
238.45	340.85
236.2	333.5
235.95	329.35
245.75	331.25
240.05	324.75
246	328.95
249.15	327.4
250.25	334.7
247	330.65
244.3	352.4
250.4	347.3
253.65	349.45
70.25	376.35
79.05	387.45
82.8	399.1
85.4	401.9
87.2	407
359.2	308.1
377.7	330
375.45	336.55
374.1	335.55
375.3	335.7
378.4	332.2
378.3	334.65
460.65	441.9
435.1	414.85
431.9	413.3
431.45	410.9
431.4	415.8
430.95	416.1
431.9	413.75
431.45	415
428.6	410.8
431.45	411.25
430.75	408.2
436.35	407.7
432.7	401.35
431	404.15
435.9	396.45
434.2	396.65
434.4	396.5
431.55	399.8
440	399.05
440.55	401.35
436.3	397.15
440.45	396.25
0	0
0	0
0	0
0	0
0	0
0	0
0	0
0	0
0	0
0	0
0	0
418.3	356.1
418.5	335.45
419.95	317.25
430.55	310.05
429.75	297.7
434.95	295.45
433.25	296.15
432.35	307.6
372.05	272.3
365.8	277.95
360.15	308.55
359.25	315.2
354.7	310.1
355.65	310.8
355.55	317.25
359.5	316.15
360.7	316.1
356.8	316.05
354.85	311.45
349.9	309.65
351.7	307.7
350.8	304.25
347.4	302
539.45	237.6
524.35	258
523.35	258.25
522.45	255.75
520.7	253.5
521.4	252.45
522.6	251.55
524.35	303.55
0	0
0	0
0	0
0	0
0	0
0	0
0	0
393.6	274.7
405.95	249.75
387.25	237.9
329.2	256.8
328.2	252.15
332.25	251.2
330.25	253.9
331.2	258.05
333.7	264.8
340.25	262.55
339	256.3
331.45	265.9
324.75	268.45
309.15	275.1
317.8	302.45
307.9	310.35
304.15	336.15
301.55	332.25
303.25	337.65
300.8	326.4
305.8	321.05
300.25	309.85
304.05	306.45
301.45	314.9
305.1	312.5
302.35	335.55
312.9	336.25
300.05	342.55
298.45	338.1
297	338.05
299.25	339.8
294.85	337.95
294.8	313.25
292.45	311.55
297.1	307.85
297	298.35
299.15	291.8
298.3	291.35
299.85	286.1
298.45	290.45
301.5	293.5
306.25	287.1
305.4	290.8
310.7	290.15
310.2	301.55
315	313.05
320.1	320.85
317.5	327.35
215.7	305.2
213.35	305.55
215.75	296.75
212.25	301.1
0	0
0	0
0	0
0	0
0	0
0	0
0	0
0	0
0	0
291.95	230.2
289.4	217.45
298.6	217.7
302.9	214.8
300	228.65
340	240
427.75	283.05
443.9	307.8
435.05	329.55
437.2	333.4
439.75	326.55
435	334.25
440.05	328.95
442	331
440.85	329.05
442.2	330.55
449.75	339.45
450.25	346.05
450.9	351.05
575.9	280.45
577.3	271.7
570.75	281.65
557.15	282.1
546.65	281.95
529.15	276.7
522.4	269.3
513.35	270.65
505.35	269.05
509.6	280.5
501.6	282.7
511.55	317.9
504	314.6
501.3	308.65
497.4	306.8
497.2	306.35
490.4	303.05
489.8	306.85
410.95	289.6
427.55	298.45
422.65	298.15
421.9	299.05
422.95	294.3
418.3	294.1
420.3	290.7
422	277.9
0	0
0	0
0	0
0	0
0	0
0	0
0	0
0	0
0	0
0	0
0	0
436.8	246.9
441	241.1
653.25	236.4
651.6	218.2
643.5	209.65
637.6	210.1
631.55	214.7
624.1	216.15
614.65	216.75
607.35	219.7
599.75	211.65
584.55	214.1
577.4	211.65
567.6	209.05
664.2	135
668.35	123.25
662.9	122.6
659.45	126
653.85	128.8
513.6	212.8
421.7	266.65
408.55	289.6
403.8	291.45
400.5	295.75
400.7	301.75
400.95	308.75
401.05	315.4
395.35	328.65
358.2	364.45
354.5	364.9
351.1	365.2
353.45	360.75
351.55	367.1
355.6	361.8
346.35	367
0	0
0	0
0	0
0	0
0	0
0	0
0	0
0	0
0	0
0	0
0	0
0	0
0	0
0	0
338.95	296.3
380.05	321.7
367.65	300.8
374	297.2
377.45	290.8
378.15	286.35
385.45	289.15
384.6	282.3
382.25	277.15
391.05	271.1
389.35	274.8
394.15	275
396.5	280
397.75	280.55
392.95	285.15
396.35	283.5
398.25	286.35
398	287.2
398.4	290.5
397.55	288.65
378.3	286.2
356.25	295
351.25	296.4
348.55	301.65
346.55	301.65
346.45	303.4
346.75	307.35
347.2	305.75
347.5	308.15
349.05	307.9
0	0
0	0
0	0
0	0
0	0
0	0
0	0
0	0
0	0
0	0
0	0
341.6	291.95
350.75	279.45
356	301.85
358.65	280.3
356.05	279.05
363.8	277.25
367.2	270.25
363.05	273.4
365.85	270.85
359.2	267.9
365.25	270.9
368	274.6
372.65	280.9
371	283.1
370.7	290.3
364.9	296.7
356.65	303
358.65	302.35
358.55	307.6
357.65	308.35
357.25	309.55
349.4	319.6
353.15	313.85
360.85	335.05
362.8	344.55
356.85	344.35
370.55	317.7
0	0
0	0
0	0
0	0
0	0
0	0
0	0
0	0
0	0
0	0
0	0
0	0
354.65	334
367.85	329.9
366.5	326.5
369.5	313.9
365.9	306
369.15	306.5
360.2	298.8
340.45	281.4
341.45	283.25
347.8	285
347.25	286.5
351.05	288.45
346.35	289.4
359.2	295.25
368	301.8
406.25	71.3
388.75	149.65
388.5	154.6
386.3	152.15
388.2	155.2
393.85	157.8
401.4	161.3
317.6	387.05
316.55	444.7
313.3	440.55
318.45	441.55
324.7	444.3
324.25	440.85
330	439.95
334.4	439.5
336.6	434.85
340.15	434.6
341.05	437.9
343.1	429.75
341.8	429.05
348.3	427.3
345.55	426.05
348.6	421.85
344.7	421.25
346	421.25
347.85	419.75
346.45	422.3
346.45	418.45
346.85	418.85
283.9	439.15
270.85	445.3
268.9	442.05
267.45	442.75
270.6	442.05
273.25	436.7
270.1	435.2
273.65	431.55
274.95	430.05
274.1	424.85
243.25	445.9
235.85	479.5
237.4	478.5
246.7	467.3
248.1	457.6
249.75	445.7
253.6	440.9
254.45	436.65
261	427.6
261.55	420.4
262.75	417.2
264.3	415
267.75	408.65
272.6	407.15
288.7	530.35
289.75	542.15
291.4	539.1
295.9	528.2
295.8	517.5
298.65	508.9
303.7	504.6
310.85	496.55
316.85	492.35
319.4	492.05
318.25	490.25
322.9	482.8
324.25	478.25
325.95	468.95
331.9	465.9
332.05	458.3
333.75	454.05
405.45	446.2
395.25	457.15
400.95	451.3
401.5	443.45
398.55	438.75
400.05	433.8
403.85	430.65
406.15	423.65
408.3	426.4
409.1	426.15
410.85	423.25
408.7	423.9
376.7	446.2
391.85	444.5
393.4	444.65
393.7	442.25
393.2	442.85
396.45	438.15
395.7	436.75
395.95	440.05
399.1	418.5
0	0
0	0
0	0
0	0
0	0
0	0
0	0
0	0
0	0
0	0
0	0
411	411
415.3	402.5
412.15	391.15
421.4	388.15
426.25	381.5
424.65	378.4
425.5	378.1
424.8	375.35
426.8	372.15
409.95	406.15
427.15	392.75
426.85	395.1
429.85	400.25
431.1	403.95
430.85	403.3
436.65	402.75
438.35	408.6
435.65	411
433.9	414.3
433.25	414.5
433.45	416.25
431.7	419.7
430.55	420.8
432.7	420.25
433.4	420.85
424.85	448.65
425.45	436.45
424.95	438.9
418.1	464.05
419.4	462.45
422.45	465.25
421.55	458.9
424.8	444.85
421.2	469.4
418.35	437.35
419.25	415.6
423.45	414.05
419.95	412.35
417.55	436.2
420.45	407.7
411.4	447.6
336.8	360.05
337.85	364.2
335.95	360.25
334.5	358.5
332.4	358.75
330.35	355.75
336.25	350.45
332.1	357.5
342.75	378.9
419.45	467.6
421	486.5
424.7	493.2
425.2	497.3
422.4	499.35
425.2	492.7
432.1	250.2
417.55	207.75
418.9	213
412.9	216.55
412	219.7
414	219.2
410.5	228.65
414	226.2
407.75	424.15
409.1	494.3
407.5	499.2
409.8	502.3
407	495.9
401.2	494.3
396.6	483.6
399.05	485.5
396.45	482.25
396.1	483.4
395.45	484.3
392.2	490.15
390.4	489.8
385.65	489.2
384.15	491.9
386.15	487.65
0	0
0	0
0	0
0	0
0	0
0	0
0	0
0	0
0	0
0	0
384.2	451.8
383.05	419.85
387.55	408.5
384.15	400.7
393.55	389.8
391.75	384
399.65	383.05
405.2	383.6
406.9	381
406.2	377.3
399.35	376.3
405.3	380.65
404.25	377.1
401.15	382.2
394.4	383.75
397.5	377.4
391.25	375.05
378.65	375.4
370.9	369.2
374.1	375.45
376.45	377.75
381.15	388.15
374.45	380.8
372.25	382.4
384.3	388.3
371.6	384
381.65	386.95
374.7	380.3
365.9	383.75
379.6	384.2
378.75	379.55
371.55	382.45
372.4	383.6
353.75	370.65
378.75	378.55
380.8	382.95
383.95	381.75
384.9	381.65
380.85	386.7
386	388.8
382.85	384.6
385.1	387.25
378.3	381.1
381.8	382.55
382.8	389.05
384.65	387.4
388.45	385.3
384.9	374.75
379.9	376.9
375.55	382
382.6	386.25
375.25	381.65
378	389.05
378.45	380.65
374.75	384.75
369.35	381.45
377.4	383.3
381.25	390
370.9	384.7
383.2	384.2
447.75	199.15
371.05	379.3
374.4	379.5
381	385.75
383.7	376.7
378.65	372.9
382.7	379.55
383.45	378.25
385.9	386.6
383.2	387.7
398.2	376.75
340.75	289.85
346.9	275.75
341.75	277.2
338.6	277.7
352.3	283.95
347.6	287.6
344.35	279.1
344.8	273.65
351.05	281.65
346.65	280.1
372	269.25
532	181
519.5	217.85
520.65	227.15
521.3	236.4
522.2	240.2
520.55	237.95
516.35	233.15
511.7	230.8
527.75	227.3
667.4	236.8
670.2	245.85
663.35	244.05
658.45	237.8
648.75	236.9
640.35	234.95
633.55	230.7
632.55	227.3
642.5	237.5
0	0
0	0
0	0
0	0
0	0
0	0
0	0
703.3	314.35
713	277.9
697.55	265.6
719.5	250.65
622.85	250.3
602.6	237.1
597.6	226.7
581.35	221.15
571.75	220.45
571.4	217.15
554.7	213.45
543.35	205.4
542.05	204.1
531.4	206.6
465.2	176.2
471.9	180.9
465.3	186.25
450.25	213.1
444.5	217.5
438.35	217.65
428.85	217.9
429.85	218
422.5	213.5
414.65	211.55
408	216.7
391.7	257.2
394.85	248.85
394.55	247.1
394.15	246.4
392.35	250.85
392.3	248.85
390.75	261.55
394.2	265.95
399.95	264.95
395.65	264.45
434.75	310.35
436.5	318.75
440.75	325.5
440.75	324.35
444.5	327.8
444.25	324.65
448.7	327.8
450.65	330.8
450.3	330.2
454.05	344.35
472.4	379.7
475.45	382.85
475.2	380.25
472.45	375.8
473.1	369.2
475.8	371.8
475.4	373.8
471.25	368.75
468.5	359.05
480.55	361.05
0	0
0	0
0	0
0	0
0	0
0	0
0	0
0	0
0	0
396.4	367.5
396.85	337.5
401.45	314.45
399.9	300.75
402.6	285.85
399.9	273.95
397.6	269.65
403.65	260.75
410.5	253.05
403.25	253.9
341.3	246.9
334.85	254.05
333.75	250.4
331.6	259.75
324.15	261.8
323.5	276.95
321.55	283.45
319.05	279.75
319.45	278.35
315.2	278.2
316.1	275.45
314.35	275.2
342.9	204.15
340.65	211.55
341.1	219.1
339.65	216.1
338.8	216.15
336	216.05
343.05	213.7
342.85	225.35
339.8	221.75
337.85	219.2
337.3	219.25
333.35	217
336.65	213.75
332.2	215.95
336.05	216.75
335.95	215.2
335.4	212.65
338.6	214.7
327	238.9
297.45	342.95
303.15	355.35
298.6	359.25
302.8	364.15
299.2	363.75
302.15	363.2
302.15	366.8
303.2	371.2
0	0
0	0
0	0
0	0
0	0
0	0
0	0
0	0
334.7	241.25
339.4	229.45
348.05	219.15
350.65	210.45
350.9	207
352.5	203.45
351.15	203.75
352.45	204.9
353.35	209.45
354.3	215
353.3	221.5
354.4	227.65
351.55	230.1
354.75	237.1
332.5	273.45
334.6	302
329.55	338.9
329.4	344.7
330.75	347.35
331.7	351.6
329.4	347.2
332	337.85
328.7	349.45
332.55	348.75
331.35	347.55
332.45	349.65
332.85	351.9
288.05	295.4
281.45	308.05
279.25	319.4
276.95	330.95
276.6	335.6
280	342.15
286.1	342.95
287	347.7
132.6	310.05
129.8	282.75
140.35	277.75
145.65	277.55
158.85	278.15
163.55	281.1
179.9	286.15
189.15	288.25
203.15	292.35
287.6	326.55
294	332.2
299.35	325.55
308.55	328.9
312.65	332.3
315.55	332.4
320.7	330
328.85	324.9
331.9	327.8
331.15	326.5
336	324.35
331.65	322.5
334.5	321.95
334.15	321
335.5	316.75
330.35	349
335.05	340.15
334.25	341
336.8	341.75
334.3	344.7
334.7	343.45
335.7	345.9
333.2	349.65
327.95	349.1
333.6	348.7
0	0
0	0
0	0
0	0
0	0
0	0
0	0
0	0
260.6	286.25
269.6	268.5
279.05	260
282.2	258.7
287.45	258.35
286.85	259.15
296.05	259.65
297.15	268.05
298.6	271.15
300.45	266.55
303.9	277.05
302.4	288.65
305.7	293.5
162.25	133.75
126.45	171.1
129.8	175.4
132.9	181.5
136.25	173.95
139.9	179.05
144.45	175.2
148.5	179.25
43.45	200.4
72.4	191.65
77.05	193.75
77.55	194.4
86.45	196.9
93.65	201.1
99.55	199.95
105.7	199.2
108	214.15
60.3	116.05
78.45	137.3
83.55	139.55
88.6	143.3
98.8	149.65
100.7	151.95
103.45	149.25
108.6	153.9
461.45	177.45
478.45	173.6
468.35	178.2
470.5	178.7
473.4	179
476.65	184.05
476.65	184.55
478.45	189.95
306.5	361.5
288.2	367.15
287.9	360.55
282.35	362.15
280.15	361.2
284.85	362.65
281.55	359.95
286.3	358.05
286	356.95
262.25	409.25
262.5	402.6
261.95	393.45
264.45	400.65
265.25	400.05
295.5	393.7
564.75	159.15
559.35	155.95
557.15	161.2
562	168
569.25	171.65
566.5	173.9
566.75	168.7
565.25	169.2
563.9	168.1
558.5	169.1
562.75	174.65
564.35	183.5
0	0
0	0
0	0
0	0
0	0
0	0
0	0
0	0
0	0
0	0
0	0
305.15	362.8
258.15	384.05
251.55	391.3
260.15	383.3
262.05	377.25
266.2	375.9
265.85	369.75
263.55	360.65
270.1	346.6
265.1	353.05
270.05	351.95
347.05	270.1
351.5	291.75
357.9	293.95
357	294.65
359.1	297.5
366.8	297.15
375.75	294.65
373.15	296.15
377.25	298.05
382.9	291.75
463.1	162.05
433.05	215.3
428.9	219.5
424.5	220.05
428.65	201.85
419.45	213.85
417.85	207
414.7	206.9
415.1	211.45
414.25	211.5
412.95	213.35
414.15	209.75
409.55	213.9
416.45	212.8
419.1	215.65
419.9	210.55
418.8	210.35
418.7	212.15
418.15	211.2
421.8	208.95
419.65	216.9
445.2	161.8
448.4	171
446.3	176.3
447.4	182.05
447.7	185.9
443.2	187.1
446.75	185.6
446.45	194.1
443.85	195.55
445.5	195.25
444.05	200.2
426.1	208.05
416.55	215.25
418.9	215.15
415.85	215.55
417.95	218.75
416.3	214.1
418.7	214.95
413.45	218.4
434.5	171.05
439.6	157.85
439.55	161.2
443.3	155.95
440.25	158.5
439.25	159.6
437.1	161.25
436.6	171.25
438.65	167.9
439.9	166.7
440.15	170.65
438.75	171.05
442.25	173.7
439.3	173.95
460.2	173.2
476.35	176.55
475.9	177.1
471.9	180.55
468.45	186.15
465.95	184.35
463.55	190.65
465.25	191.25
463.1	197.15
456.8	202.85
456.3	205.2
452.95	209.5
452.25	209.45
449.45	211.95
442.55	216.65
444.3	214.6
436.55	221
416.35	232.4
408.45	236.25
408.55	238.45
406.35	242.2
408.4	245.1
406.55	246.05
404.5	247.5
407.05	247.7
407.9	245.55
407.8	247.15
411.55	244.75
408.9	248.3
407.15	248.45
404.2	250.3
405.95	249.95
405.25	251.2
0	0
0	0
0	0
0	0
0	0
0	0
0	0
0	0
0	0
0	0
405.45	211.75
409.8	200.25
417.65	187.75
419	184.4
443.9	256.25
450	255.35
451.45	263.8
457.95	257.65
461.9	258.75
464.2	256.8
463.2	260.1
456.9	266.15
454.95	271.75
458	270.85
456.9	264.65
453.45	271.7
451.5	276.2
445	302.25
451.25	285.25
435.6	310.5
442.85	289.1
441.6	290
444.3	280.5
447.35	278.8
453.35	274.25
444.75	282.75
441.25	289.75
440.5	296.55
448.2	277.8
447.55	279
445.8	300.85
444.3	298.7
451.75	268.35
458.1	266.15
453	271.2
448.5	280.1
456.2	261.55
457.05	257.8
458.1	260.4
462.05	264.15
462.45	264.35
450.6	288.5
464.6	239.05
464.6	224.9
469.6	216.3
468.6	227.65
464.4	228.9
466.9	221.9
457.3	258.25
460.7	251.35
454.35	261.45
466.55	241.85
0	0
0	0
0	0
0	0
0	0
0	0
0	0
0	0
0	0
0	0
0	0
451.05	297.35
454.8	283.85
454.4	274.4
458.8	264.35
461.95	252.05
464.25	246.2
463.2	241.25
460.05	240.9
445.65	259.7
447.6	280.95
445.95	278.6
447.2	282.35
448.7	278.1
447.3	281.3
444.75	280.65
442.65	271.9
440.55	275.35
444.65	270.35
442.55	276.6
440.35	284.05
449.15	287.8
448.4	284.85
458.4	208.95
458	219.1
451.5	228
456.7	214.4
449.45	238.05
460.65	239.1
0	0
0	0
0	0
0	0
0	0
0	0
0	0
0	0
0	0
0	0
0	0
212.95	267.85
218.75	249.85
224.75	239.8
233.95	234.95
235.05	231.45
246.15	239.75
246.35	239.6
254	240.15
257.55	247.55
257.1	257.75
332.85	248.65
326.9	255.25
321.45	285.85
318.25	288.6
317.25	293.45
313.05	290.85
316.8	295.8
368.1	293.2
458	282.85
452.6	302.65
455.6	312.55
447.85	318.55
450.4	315.05
454.7	298.9
458.25	295.55
452.7	295.8
454.7	303.4
451.4	318.45
455.8	304.35
459.05	281.75
461.6	284.35
451.65	307.65
462.1	285.45
452.45	306.5
459.75	284.9
452.2	303.45
454.65	311.8
456	311.4
462.9	294.8
462.05	296.75
461.25	307.1
461.15	311.3
466.55	295.85
465	295.7
468.4	292.55
468.3	304.2
0	0
0	0
0	0
0	0
0	0
0	0
0	0
0	0
0	0
0	0
0	0
393.4	250.45
403.65	233.1
401.75	218.35
335.15	207.7
198.05	125.05
199.4	157.75
196	171.1
200.05	177.6
198.75	183.45
200.95	185.45
198.75	186.1
199.75	186.75
202.7	181.6
202.55	180
399.05	290.95
397.8	320
402.35	319.95
407.95	320.2
406.3	322.65
406.1	327.75
409.7	332.2
413.1	330.7
411.5	334.35
411.05	335.75
407.35	337.85
413.2	333.1
410.7	334.75
464.6	322.3
445.2	322.05
442.65	319.9
439	319.3
438.8	312.3
440.3	310.25
437.65	305.55
287.15	290.75
291.6	302.6
292.6	306.4
294.9	309.75
295.1	314.7
294.05	316.65
294	315.95
296.45	312.95
298.25	311.3
300.25	315.25
298.55	318.05
300.9	322.5
573.75	183.3
586.2	202.65
583.4	216.85
581.7	229.3
583.25	224.3
584.1	217.1
591	213.45
583.1	216.3
586.25	215.6
590.95	211.7
590.25	211.95
591.5	218.8
592.75	219.4
593.45	175.9
271.45	264.65
276.15	271.85
276.2	275.7
277.6	275.25
277.25	278.65
277.55	275.9
280.9	273.9
281.45	275.75
280.2	276.85
279.5	276.45
277.3	281.25
290.05	261.85
288.45	266.15
288.75	262.4
291.6	258.6
286.55	261.1
286.95	257.3
288.9	260.3
289.9	258.95
293.1	259.7
292.8	259.15
289.1	260.95
294.3	245.25
0	0
0	0
0	0
0	0
0	0
0	0
0	0
0	0
0	0
0	0
0	0
0	0
0	0
0	0
0	0
251.05	290.8
0	0
