394.55	345.5
392.3	340.1
389.35	341.7
389.65	350.5
390	343.6
385.35	343.55
388.05	343.15
389.65	345.25
624.7	549.9
622.1	546.15
618.65	550.35
618.9	547.2
620	550.1
617.45	550.9
0	0
0	0
0	0
0	0
0	0
375.95	325.8
364.7	316.35
372.1	328.5
367	326.5
366.45	330.35
368	326.4
364.75	327.55
365.1	328.1
363.75	331.2
365.15	331.05
364.3	328.35
616.5	329.3
605.65	339.9
597.8	341.65
594.25	339.8
592.35	340.25
587.15	338.7
582.5	337.15
580.5	336.45
0	0
0	0
0	0
0	0
0	0
0	0
0	0
0	0
0	0
0	0
0	0
664.45	535.1
664.7	358
656.8	355.45
648	356.6
630.25	357.25
621.95	357.2
611.05	353.25
606	361.45
593.4	365.9
583.8	366.1
575.55	366.7
563.9	370.95
0	0
0	0
697.7	362.25
699.9	362.55
687.35	364.05
677.85	365.9
668	361.95
656.1	360.25
638.6	347.9
636	360.5
626.85	367.7
610.45	361.3
595.9	361.4
582.2	364.55
569.85	370.4
559.25	373.65
546.95	374.95
306.55	333.45
310.8	336.6
299.95	338.05
291.05	333.45
286.15	332.05
281.65	334.2
273.15	332.95
263.85	334.15
254.25	336.6
484.15	403
524.9	418.05
517.7	421.05
511.15	419.75
503.55	424.35
493.45	425
487	422.5
479.65	422.4
470.55	422.2
459.35	420.45
447.3	424.85
437.7	419.8
424.95	419.8
574.7	351.8
596.4	361.3
591.15	362.2
579.3	360.4
567.35	360.45
556.3	358.4
545.5	359.7
535.1	358.6
529.75	355.5
519	356.7
507.25	354.1
495.8	352.15
484.4	352.95
477.2	353.85
470.65	356.2
458.15	359.35
448.1	361.05
434.85	361.1
428	361.2
418.75	363.6
410.9	359.9
142.5	189.3
0	0
77	171.75
70.25	178.1
62.7	175.3
59.05	178.2
53.4	179.75
49.9	182.2
0	0
0	0
0	0
0	0
0	0
0	0
0	0
92.8	130.9
505.65	243.75
503.1	247.1
496	249.35
490.3	253.6
490.05	254.55
488.05	256.75
413.85	307.7
397.5	328.65
390.25	336.2
388.5	334.2
382.7	337.8
381.8	339.45
379	342.55
373.65	338
373.35	338
376.1	341.2
375.6	345.55
301.7	348.65
321.85	348.15
323.2	352.1
0	0
0	0
0	0
0	0
0	0
0	0
0	0
0	0
0	0
0	0
0	0
511.95	188.55
507.15	199
503.1	202.25
504.45	205.1
506.85	200.9
500.45	202.7
500.95	195.35
439.15	187.1
455.1	196.7
453.85	200.5
453.7	201.65
449.8	203.5
450.65	203.9
451	205.15
408.55	203.7
378.3	205.3
371.45	208.75
369.25	212.35
367.3	206.55
369.15	207.95
367.7	210.65
367.8	212.45
367.5	212.8
368.1	215.1
365.05	214.5
362.7	214.45
362.5	216.1
473.75	282.65
455.7	296.1
451.85	305.75
454.9	310.6
462.75	314.25
461	316.75
461.25	315.9
458.7	312.15
461.4	310.9
462.25	310.15
454.2	306.7
457.1	305.6
456.9	306.5
632.1	177.65
607.55	213
608.15	223.15
607.5	224.65
607.25	225.6
679	193
688.4	187.2
688.2	188.9
690.2	190.7
690.45	192.4
690.6	195.5
690.7	197.75
693.05	199.05
410.45	316.05
377.3	353.4
375.95	366.6
374.3	365.8
370.55	367.5
371.8	366.35
373.8	368.4
405.95	358.5
672.95	144.35
665.1	170.1
663.9	186.05
663.15	191.65
661.15	190.05
659.3	189.3
660.85	193.9
715.15	184.2
696.65	193.1
694.85	197.25
694.7	192.35
698.3	192.9
697.9	193.3
698.7	193.15
684.35	281.2
613.1	449.7
612.45	471.45
612.35	478.6
614.15	488.35
612	491.8
610.25	495.05
157.05	269.55
391.5	404.7
386.6	399.5
380.35	394.45
377.65	401.45
376.5	403.75
376	408.85
377.8	416.05
377.95	415.15
376.5	419.1
592.8	219.15
582	234.45
579.05	248.7
579.65	252.95
579.4	252.85
581.3	255
582.05	263.1
556.9	247.1
550.3	244.95
550	246.95
548.7	249.65
550.85	249.7
551.5	250.1
549.9	250.25
547.65	253.5
550.6	252.35
549.05	221.55
0	0
0	0
0	0
0	0
0	0
0	0
0	0
0	0
0	0
0	0
0	0
0	0
0	0
0	0
190.9	190.05
0	0
0	0
0	0
120.95	84.7
118	84.2
120.25	82.8
275.4	171.5
319.65	210.3
320.95	221.5
321.5	237.5
324.55	243
328.45	245.15
332.55	256.65
312	324.75
317.1	344.4
323.3	346.5
327.05	344.4
333.7	350.05
342.15	355.15
346.9	352.05
356.4	355.7
364.1	359.2
372.25	359.2
378.6	353.55
379.25	351.9
293.45	178.4
287.7	190.2
290.2	196.25
294.75	196.35
300.35	203.9
299.95	203.55
300.25	206.4
303.8	203.35
340.1	167.3
335.2	185.35
339.9	183
345.6	185.65
349.6	183.3
352.3	183.9
224.7	170.55
200.3	179.6
201.95	187.65
196.35	187.5
192.6	188.15
190.45	187.7
316.7	188.05
388	206.9
403.55	210.1
411.6	213
419.2	211.6
429.1	212.3
433.8	210.25
439.7	210.7
443	210.45
448.45	212.6
496.65	280.85
507.55	304.15
512.1	308.8
513.5	313.8
512.45	316.2
513.85	312.5
517.9	316.8
513.65	319.25
510.75	315.5
511.65	321.4
505.4	322.85
506.15	322.05
508.05	328.05
507.4	324.25
507.05	320.35
500.5	317.8
500.85	314.4
502.85	314.7
499.4	311.15
499.35	315.3
497.6	317.15
536.45	366.1
537.75	359.6
536.05	365.85
534.35	368.15
533.45	373.95
531.7	373.75
530.25	376.45
527.6	377.75
527.15	378.4
522.2	375.7
523.8	371.2
476.95	368.9
459.75	369.3
462.85	368.05
461.35	365.85
458.8	366.25
457.2	367.1
456.5	369.55
454.6	368.5
453.8	366.3
450.85	369.3
451.85	373.2
453.45	369.95
449.3	371
443.8	371.95
444.7	364
442.65	361.5
438.15	364
432.7	363.25
430.15	359.75
427.65	363.5
425.35	361.3
425.8	362.95
423.3	359.6
422.5	360.15
420.95	359.3
439.15	379.1
445.25	392.6
441.4	392.75
442.9	396.3
447.1	397.6
442.9	402.6
425.5	417.45
423.45	429.35
425.6	429.3
423.8	425.5
424.1	420
424.7	423.55
422.55	421.55
420.45	422.2
418	411.4
0	0
0	0
0	0
0	0
0	0
0	0
0	0
0	0
0	0
0	0
0	0
0	0
0	0
0	0
0	0
233.9	357.4
238.65	351.25
0	0
236.75	342.25
236.65	338.85
243.05	341.4
0	0
0	0
0	0
0	0
0	0
0	0
0	0
611.1	338.85
0	0
0	0
0	0
0	0
0	0
0	0
0	0
0	0
0	0
0	0
0	0
0	0
0	0
0	0
0	0
257.25	294.35
238.15	299.2
347.85	353.65
249.2	300.45
279.55	318.2
247.6	303.3
252.7	308.85
301.35	340.4
277.75	339.9
260.4	323.85
237.35	308.45
237.8	309.45
233.6	307.3
229.2	309.3
238.2	313.15
427.15	259.15
556.65	326.7
584.35	335.2
591.15	338.45
517.15	295.5
567.5	322.05
568.85	320.85
491.95	280.8
337.05	229.65
334.55	235.75
311.6	214.9
306.45	210.4
312.2	208.7
312.9	212.15
348.4	231.25
312.15	211.85
387.65	259.45
264.6	256.1
245.35	257.8
350.9	322.75
341.95	317.85
421.85	366.55
425.45	371.3
425.8	375.15
424.35	373.05
424.6	375.35
425	379.2
425.9	380.55
423.7	377.45
410.45	421.4
408.05	444.95
404.55	441.1
409.2	436.8
410.95	435.7
408.85	441.6
409.15	450.55
132.45	183.45
84.25	93.5
92.7	94.5
152	125.85
135.6	100.35
191.75	151.85
241.25	182.85
257.4	200.45
257.8	205.75
262.95	209.2
0	0
213.25	96.1
233.9	115
233.25	116.5
229.9	120.3
228.45	121.35
145.9	153.2
157.3	150.65
153.2	158.3
153	163.7
151.8	166.7
146.8	166.3
148.75	166.95
148.2	163.05
147.85	166.65
141.85	162.25
146.3	165.2
146	157.8
413.55	268.4
379.85	265.25
380.8	265.05
383.6	265.4
381.35	267.9
382.95	268.05
381.85	270
384.3	273.2
382.1	276.4
381.8	276.95
382.7	278.65
380.05	277.8
382.45	278.9
383.95	281.85
383.4	283.75
386.75	285.25
387.55	285.6
386.05	290.85
389.35	286.35
388.75	284.95
386.5	286.9
384.7	287.35
383.55	284.2
384.1	282.55
384.1	284.65
386.75	289.7
283.25	228.75
378.9	274.5
206.2	181.7
265.55	219.95
220.5	194.05
241.35	200.85
393.45	307.25
375.15	293.8
243.5	234.05
244.65	228.35
291.95	261.95
283.9	252.8
318.35	261.55
235.75	224
215	209.45
261.05	232.05
209.5	207.25
277.75	251.65
263.15	229.2
212.55	210.8
257.05	249.65
389.95	322.55
382	315
368.7	303.1
402.7	330.15
361.6	293.05
378.15	314.15
401.2	336.95
400.2	340.6
399.65	339.5
402.05	341.2
375.25	311.35
373.9	319.8
381.6	322.8
425.4	341.45
428.95	340.1
430	336.95
428.55	337.95
430.15	340.15
430.15	340.15
428.85	342.25
428.75	341.85
427.45	343.35
425.6	348.6
427.8	348.75
428.95	350.85
428.6	352.9
429.5	355.5
396.7	266.75
388.8	289.05
390.85	288.7
391.85	293.05
390.45	292.1
392.4	293.9
393.8	294.7
390.7	302.35
388.4	299.65
391.05	299.25
390.6	299.25
392.2	294.8
395.05	297.2
397.05	297.4
395.2	297.7
393.15	296.35
391.5	299.65
391.35	299.55
391.9	300.05
395.4	303.8
394.25	302.65
394.75	306.15
390.25	304.3
391.1	303.15
391.3	304.65
389.1	304.65
387.2	302.2
386.45	301.35
383.6	302.25
386.05	301.85
384.75	303.35
385	302.9
386.2	302.35
254.6	404.25
87.3	318.1
235	422.65
238	439.2
236.15	442.95
236.9	449.45
259.75	438.75
448.55	245.2
459.1	255.3
461.8	260
458.5	260.45
458	264.8
457	267.3
459.1	278.5
458.2	272.65
460.3	237.5
463.4	252.1
461.7	258.5
461.25	261.8
461.5	255.55
0	0
0	0
0	0
0	0
0	0
0	0
0	0
0	0
0	0
0	0
0	0
0	0
0	0
0	0
0	0
0	0
0	0
0	0
0	0
0	0
0	0
0	0
0	0
0	0
0	0
0	0
0	0
0	0
0	0
468.05	250.45
0	0
472.75	253
467.7	250.8
0	0
0	0
0	0
0	0
425.9	414.85
422.6	407.2
0	0
0	0
0	0
0	0
0	0
0	0
0	0
0	0
0	0
0	0
0	0
0	0
0	0
0	0
0	0
0	0
0	0
0	0
0	0
0	0
0	0
0	0
0	0
0	0
0	0
0	0
0	0
0	0
0	0
0	0
0	0
0	0
0	0
0	0
0	0
0	0
0	0
0	0
0	0
0	0
0	0
0	0
0	0
0	0
0	0
0	0
0	0
0	0
114.1	234
114.4	233.1
112.9	238.15
120.25	239.5
124.2	240.15
117.55	237.9
116.2	245.95
116.2	242.7
118.45	247.65
117.7	244.1
0	0
0	0
364	167
369.7	166.4
392.55	178.95
478.6	222.65
411.15	192.45
357.95	173.95
172.85	200.75
159.5	201.25
158.5	202.3
148.05	198.65
151.8	200.65
152.9	201.45
151.9	199.75
145.45	201
123.3	226.45
118.3	228.15
122.4	231.3
126.3	229.3
123.25	223.45
127	227.65
132.95	228.65
126.45	230.5
128.8	229.25
119.55	229.6
127.25	261.45
0	0
0	0
0	0
0	0
0	0
0	0
0	0
0	0
0	0
0	0
0	0
0	0
0	0
0	0
104.55	344
106.85	339
109	331.25
111.95	323.85
106.6	315.4
101.6	303.75
97.15	296.3
97.1	290.55
116.25	293.05
96.45	285.15
89.8	276.4
88.4	272.1
87.85	268.5
86.1	269.35
83	261.8
88	258.45
80.75	260.65
82.3	269.4
0	0
0	0
0	0
0	0
0	0
0	0
0	0
0	0
0	0
0	0
0	0
63.55	212.2
76	212.5
78	214.4
81.25	215.6
92.7	218.8
85.45	216.4
85.45	224.65
92.85	227.9
94.6	228.9
187.95	245.15
164.85	244.1
161.05	246.85
155.75	250.05
175.85	263.75
157.65	254.2
159.55	254.5
172.4	266.05
153.45	255.2
162.95	259.1
164.35	259.15
169.75	257.5
167.35	254.3
168.8	255.4
182	261.95
0	0
0	0
0	0
0	0
334.75	225.75
323.85	229.5
310.95	232
300.75	231.9
290.55	228.55
364.3	234.25
346.85	231.35
342.6	229.8
336.3	235.3
327	240.05
321.45	242.2
315.55	236.95
305.35	234.15
267.75	243.05
252.5	236.5
251.9	240.95
251.75	241.45
244.5	243.5
240.45	241.55
241.4	241.15
229.3	244.55
226.3	242.9
220.7	239.9
223.85	240
222.8	237.25
220.35	246.35
221	248.45
229.15	242.4
227.65	245.15
221.8	241.35
214.95	242.05
204.05	239.35
241.25	244.25
427.5	234.2
530.25	287.35
559.4	304.2
381.85	209.85
401.35	236.4
542.55	313.3
515.7	272.7
453.9	276.2
517.4	318.1
345.95	221.65
474.7	305.9
505.35	340.55
455.5	307.2
477.15	335.75
494.1	288.45
487.4	301.95
456.65	286.45
479.1	306.6
477.7	315.3
158	246.25
184.9	247.2
310.05	334.25
255.05	304.3
363.15	373.25
361.75	371.8
362.1	373.05
359.15	374.2
359.9	372.8
358.8	361.1
346.2	350.05
0	0
0	0
0	0
0	0
0	0
0	0
0	0
0	0
0	0
0	0
0	0
0	0
0	0
0	0
0	0
0	0
0	0
0	0
0	0
0	0
0	0
0	0
0	0
0	0
0	0
0	0
0	0
0	0
0	0
0	0
0	0
0	0
0	0
0	0
0	0
0	0
0	0
0	0
0	0
0	0
0	0
0	0
0	0
0	0
0	0
0	0
0	0
0	0
0	0
0	0
0	0
334.2	385.1
0	0
0	0
333.55	386.45
334.15	386.6
337	388.05
337.85	388.3
317.5	372.4
336.1	390.3
334	386.65
329.25	387.75
329.6	392
326.85	386.55
325.95	387.75
327.25	385.4
325.95	388.75
323.9	389.35
323.35	392.95
324.7	391.3
333.8	398.55
336.35	400.65
336.75	396.7
334.95	405.4
341	409.05
341.3	413.9
335.65	417.3
339.05	414.8
342.05	413.85
343.2	414.4
341.65	415.65
341.75	412.75
342.9	413.3
341.95	414.4
340.2	418.25
341.3	413.45
409.45	416.85
387.6	418.4
383.7	415.1
381	411.45
352.85	390.3
379.15	412.25
369.2	402.05
379.85	415.25
378.55	411.2
378.5	412.5
382.75	418
383.15	419.55
383.75	420.15
338.2	389.8
365.05	418.4
248.35	364.35
362.6	420
321.6	387.45
344.6	400.85
283.9	358.3
184.3	313.9
311.7	380.05
288.55	362.95
331.3	396.2
327.55	397.3
332.6	402.5
328.7	391.5
334.8	406.25
330.45	404.8
330.3	402.5
337.4	400.5
310.65	416.45
236.2	425.15
265.25	477.9
265.95	491.3
268.3	491.75
266.4	495.3
267.5	495.35
271	492.8
274.9	491.75
281.2	486.3
284.25	481.75
290.85	484.15
294	476.45
296	473.15
295.6	462.35
299.65	456.9
299.9	454.5
300.55	457.2
229.55	374.25
278.25	426.25
276.8	426.65
276.4	424.45
129.3	332.4
253.65	397.45
158.9	362.05
228.55	396.6
65.25	312.8
81.2	320.85
52.5	312.25
13	316.8
0	0
0	0
6.25	315.9
14.6	315.2
17.3	312.75
25.75	310.5
68.7	345.65
83.5	365.15
93.7	378.7
87.65	368.4
90.35	362.1
100.25	363.45
96.1	357.6
95.65	353.35
103.8	348.3
114.45	351.5
113.15	346.55
121.35	398.6
117.05	424.35
125.55	434.6
125.1	421.65
123.45	415.8
124.3	409.7
139.9	415.35
122.15	394.5
123.4	391.8
121.6	387.05
158.55	430.25
140.65	424.55
146.1	422.95
147.5	415.25
155.95	410.75
156.35	402.7
162.6	400.15
161.2	397.3
163.6	394.2
164.6	391.3
167.95	387.5
176.15	384.6
182.45	380.1
185.3	377.15
180.95	374.15
183.25	376
202.9	424.25
192.85	396.4
195.45	395.75
204.65	393.8
207.5	390.25
203.35	384.15
206.15	384.35
210.8	385.55
203.65	384.35
209.9	382.15
206.65	381.85
206.05	382.4
212.65	380.25
210.2	374
217.35	380.4
211.3	372.65
41.3	337.7
24.15	294.45
21.3	274.9
23.6	267.65
24.8	263.15
26	262.7
0	0
0	0
0	0
0	0
0	0
0	0
0	0
0	0
0	0
0	0
0	0
173.3	325.85
186.3	333.05
171.1	322.05
195.1	336.6
208.8	343.95
202.4	345.3
190.55	329.2
218.35	338.45
234.25	354.35
221.45	347.45
240.75	361.35
248.1	373.5
238.35	370.9
218.45	352.15
214.6	359.5
239.95	385.9
253.8	385.15
231.35	384.2
199.6	369.1
189.65	370.1
220.95	388.25
188.95	374.85
173.25	375.45
188	380.15
178	379.1
182.65	379.95
188.5	383.3
177.3	377.4
177.3	379.35
186.8	382.3
193.4	383.1
186.9	380.4
193.5	383.8
204.05	398.35
185.95	389.45
181.3	386.9
186.3	387.55
184	387.95
182.95	389.8
179.6	390.7
177	389.7
171.75	392.25
171.95	396.55
164.25	401.8
159.5	404.9
158.3	408.1
0	0
0	0
0	0
0	0
0	0
0	0
0	0
0	0
0	0
0	0
0	0
0	0
0	0
0	0
0	0
0	0
0	0
0	0
143.65	377.95
0	0
0	0
0	0
0	0
0	0
0	0
0	0
0	0
0	0
0	0
0	0
0	0
0	0
0	0
0	0
0	0
0	0
0	0
359.75	511.05
0	0
0	0
0	0
0	0
0	0
0	0
0	0
0	0
0	0
0	0
0	0
0	0
0	0
0	0
0	0
0	0
0	0
0	0
0	0
0	0
0	0
0	0
0	0
0	0
0	0
0	0
0	0
0	0
0	0
0	0
0	0
0	0
0	0
0	0
0	0
0	0
0	0
0	0
0	0
0	0
0	0
0	0
0	0
0	0
0	0
0	0
0	0
0	0
0	0
0	0
0	0
358.2	508.95
354	521.8
352.8	530.4
355.05	537.9
355.1	540.65
356.1	541.6
354.85	538.15
353.65	538.9
352.75	540.2
382.35	506.65
366.7	511.95
369.95	513.9
371.1	510.8
371.85	509.15
368.8	516.7
367.8	508.75
368.3	506.3
365.95	499.2
362.2	490.85
364.2	493.75
364.1	479.1
364.15	483.7
621.25	518.8
608	529.25
609.65	527.95
607.8	530.65
604.9	533.85
523.2	336.85
518.45	367.55
520.5	378.6
520.45	383.35
519	391.65
515.3	397.25
507.25	398.95
535.65	364.6
541.55	356.3
529.95	357
520.25	356.8
513.2	361.1
505.4	361.15
503.9	362.95
497.45	368.8
484.55	373.15
477.1	375.25
469	370.7
458.65	369.55
449.85	374.75
438.15	377.3
428.7	381.55
421.9	377.3
412.4	376.5
440.3	385.8
627.4	409.5
606.1	413.4
593.5	411.3
588.4	409.45
576.1	411.8
564.45	412
558.05	413.45
552.1	411.2
542.55	408.85
534.05	404.35
524.2	385.6
518.2	351.9
507.6	343.9
495.9	341.3
484.5	334.25
469.9	326.05
460.2	320.95
455.8	319.65
448.95	317
440.5	313.85
433.8	307.5
424.55	303.8
421.1	300.9
415.4	302.7
409.75	299.35
432.25	304.6
425	308
421.5	307.55
414.25	309.25
413.75	307.7
414.45	310.3
410.55	314.2
404.05	308.8
405.3	308.4
406.75	309.75
407.3	309.45
436.2	367.85
444.2	367.9
446.95	372.85
447.8	368.25
447.25	366.55
446.2	365.8
446.1	360.1
448.95	362.85
449	362.7
470.45	429.65
479.45	443.55
478.45	448.05
479.55	449.9
473.75	449.3
468.55	444.25
0	0
0	0
0	0
0	0
0	0
0	0
0	0
0	0
0	0
0	0
0	0
0	0
0	0
0	0
0	0
0	0
0	0
0	0
0	0
0	0
0	0
0	0
0	0
0	0
0	0
0	0
0	0
394.6	333.15
394.8	331.7
389.3	327.25
386.85	323.8
385	323.8
382.95	317.8
383	321.15
383.65	318.1
365.9	276.05
360.6	281.8
356.55	286.75
354.35	285.4
354.85	283.25
355	287.2
353.65	285.3
347.85	289.15
342.45	283.7
339.1	286.6
339.5	282.05
337.8	285.45
340.7	285.35
337.75	290.55
337.45	287.7
318.35	277.35
312.35	269.95
315.55	271.45
343.35	293.35
339.8	291.4
344.7	291.35
361.45	298.85
358.2	305.15
361.8	302.2
350.65	292.65
309.9	266.4
309.45	277.25
338.15	295.75
356.25	305.7
308.65	273.2
360.25	317.45
360.75	318.05
366.1	325.05
364.35	329.9
365	329.85
324.5	294.6
361.9	339.25
258.45	284.5
340	336
355	352.65
360.4	355.95
337.4	345.3
357	365.2
357.3	372.8
353.05	374.95
113.55	223.35
0	0
0	0
0	0
0	0
0	0
0	0
0	0
0	0
339.65	364.75
336.6	366.35
331.95	371.65
332.95	373.4
334.7	372.25
332.7	372
292.65	345.5
331.9	372.1
332	371.75
0	0
0	0
286.95	327.7
283.8	334.6
275.9	342.85
109.05	357.55
0	0
0	0
153.35	383.95
160.15	389.05
170.15	393.6
172.2	392.95
178.95	398.1
188.65	397.3
192.95	395.7
199.9	393.55
204.95	390.8
153.2	285.15
173.85	328.55
181.7	324.55
187.1	326.9
196.3	332.7
200.85	338.25
209.15	340.85
112.6	203.65
0	0
107.95	215.3
114.65	218.95
119.25	222.85
118	219.8
122.65	218
123.75	217.45
123.1	218.7
124	224.5
131.3	222.95
129.8	225.95
127.7	226
126.1	229.7
125.9	228.4
324.45	361.15
302.75	366.7
301.05	368.2
303.5	370.1
302.25	373.2
304.35	374.85
304.2	373.15
303.15	370.6
300.15	372.9
295.1	369.4
292.05	365
286.05	365.05
284.2	363.5
280.55	350.15
269.65	347.4
241.65	319.45
241.65	316.85
248.2	323.9
249.5	329.35
254.5	344.8
258.95	352.9
261.6	367.9
260.85	377.9
262.15	381.35
267.1	393.55
0	0
81.15	226.2
88.45	244.95
95.3	248.25
99.85	250.4
99.5	257.65
101.95	252.35
106.55	258.8
111.65	261.1
117.1	260.25
81.05	199.3
92.95	216.45
99.5	213.85
108.3	217.2
112.35	221.5
118.2	233.1
128.25	236.3
131.3	247.95
140.95	257.5
145.7	257.45
149.3	257
147.2	261.8
150.5	264.8
157.05	262.45
158.4	267.1
159.5	265.2
476.2	328.25
470	343.2
463.1	344.8
466	350.4
467.4	349
465.3	351.65
468.7	352.75
468.35	354.8
469.9	352.05
471.2	348.25
469.2	344.2
466.25	337.1
553.7	256.45
565.7	250.85
561.85	254.85
560.9	250.5
562.1	252.35
549.5	245.9
546.8	237.75
545.9	244.75
550.4	241.75
550.3	250.6
548.8	257.1
548.55	260
548.45	258
548.25	257.75
539.6	243.3
541	248.6
543.7	251.55
547.85	253.95
545.3	255.3
549.55	255.75
551.4	262.65
552.4	260.85
551.25	259.65
549.15	262.3
548.35	259.1
548.5	251.35
544.8	251.25
544.85	254.05
546.65	252.35
552.75	232
0	0
0	0
0	0
0	0
0	0
0	0
0	0
0	0
0	0
0	0
0	0
0	0
0	0
0	0
0	0
0	0
0	0
0	0
0	0
0	0
0	0
0	0
0	0
0	0
503.7	237.55
505.75	243
503.85	245
499.2	248.85
494.2	258.45
488.85	266.75
482.15	272.3
478.1	272.35
430.9	294.5
415.1	291.55
409.5	290.65
409.05	291.15
408.6	294.3
408.4	294.95
411	291.85
407.25	284.15
403.8	287.2
436.9	243.25
445.9	237.75
445.5	240.55
443.7	243.75
440.2	247.25
437.3	247.5
431.9	252.2
436.45	256.15
434.9	261.25
433.9	261.1
433.2	264.7
434.25	266.85
434.15	268
433.2	265.85
431.95	272.45
429.45	270.05
430.8	267.2
436.9	262.65
467.2	203.95
463	203.55
461.75	199.55
458	193
451.15	187.75
451.65	187.55
450.4	188.3
451.9	201.85
450.45	203.7
452.75	204.1
453.3	207.2
451.45	212.25
441.25	211.6
418	209.3
416.1	214.8
410.7	212.35
416.75	226
416.5	223.5
416.55	233.7
414.95	232.85
412.7	237.25
462.4	247.5
466.45	255.3
463.7	256
464.55	262.05
463.6	263.85
460.7	265
457.55	259.55
455.1	271.75
451.6	266.2
445.7	269.15
445.05	271.4
444.9	262.9
443.1	266.9
438.75	256.25
434.5	260.6
435.95	264.8
424.6	279
422.65	283.6
417.8	286.95
419.15	283.25
415.4	284.25
415.75	286.55
418.5	287.8
417.45	284.65
417.85	284.65
418.9	287.05
419.6	283.75
419.6	284.2
417.2	281.8
415.65	283.45
417.15	287.1
418.95	291.1
414.65	292.35
412.85	294.85
416.65	302.15
423.8	279.1
423.4	274.95
418.9	276.2
419.95	273.75
420.4	271.7
421.65	275.85
419.75	274.05
430.4	391.5
431	402.25
429.25	404.75
427.55	404.05
424.85	401.5
421.95	402.25
424.6	378.75
0	0
0	0
0	0
0	0
0	0
0	0
0	0
0	0
0	0
0	0
0	0
0	0
0	0
0	0
0	0
0	0
0	0
0	0
0	0
0	0
0	0
0	0
0	0
0	0
0	0
0	0
0	0
0	0
477.8	333.45
479.1	336
474	331.35
476.3	335.75
474.65	339.9
476.5	343.1
477.9	343.7
473	342.25
472.75	342.2
476.75	350
452.15	340.7
447.3	346.55
444.8	345
446.5	351.5
444.4	353.2
442.7	349.95
439.3	345.65
436.3	349.15
438.7	351.45
441.25	356.45
439.55	362.85
357	325.5
334.95	335.05
331.1	334.35
329.2	333
333.2	332.3
332.45	336.8
333.8	345.05
334.4	347.95
332.95	348.05
339.1	346.25
337.1	343.45
427.95	391.7
412.7	381
406.15	382
406.25	386.45
411.25	388.15
410	390.6
408.15	393.35
410.7	373.2
0	0
0	0
0	0
0	0
0	0
0	0
0	0
0	0
0	0
0	0
0	0
0	0
0	0
0	0
0	0
0	0
0	0
0	0
162.95	314.35
162.95	275.45
182.95	284.8
194.5	288.65
188.9	285.65
204.75	277.5
213.1	272.1
0	0
0	0
0	0
0	0
227.05	253.7
225.35	251.65
230.25	237.15
237.8	237.6
236.45	221.2
236.3	210.8
239.65	221
239.15	215.1
235.95	216.2
243.2	205.95
244.7	216.25
208.4	220.3
194.45	203.45
204.5	219.3
215.05	224.75
217.5	218.1
209.75	217.8
209.6	212.8
209.2	215.7
209.5	216.05
218.15	218.05
204.4	215.2
197	216.85
197.95	220.75
220.4	232.7
189	218.9
191.4	225.3
230.45	209.95
382	291.25
238.6	226.4
406.05	326.2
408.85	332.15
315.25	286.55
345.9	302.45
159.6	194.1
162.2	198.95
253.45	255.6
184.05	212.95
258.85	244.8
159.05	185.7
213.45	224.95
155.85	189.7
180.05	198.85
161.55	197.25
282.8	251
212.95	226.2
59.65	227.8
73.15	220.55
64.1	221.35
63.1	225.6
57.1	225.25
55.05	226.1
42.05	235.25
54.65	235.45
79.45	235.75
253.5	323.15
75.2	237.75
67.45	242.2
0	0
0	0
431.2	362.85
434.9	367.45
436.2	371.4
436.7	377.7
435.7	375
440.15	375.2
438.2	378.5
437.75	383.8
439.3	375.75
434.8	378.2
437.6	378.5
434.35	373.45
427.95	371.05
429.7	373.25
431.75	376.45
433.5	377.9
428.45	380.25
379.15	335.55
392.9	346.75
395.45	351.1
395.45	357.55
395.95	360.75
397.85	364.5
395.75	367.65
393.7	375.1
400.15	353.55
400.5	327.1
395.9	325.7
393.35	326.8
394.4	325.8
394.45	331.5
289.9	329.85
252.2	334.8
247.55	343.1
247.05	346.15
245.25	349.95
244.7	350.55
248.5	345.4
251.65	349.9
250.75	351.65
248.05	352.5
0	0
0	0
0	0
0	0
0	0
0	0
0	0
0	0
0	0
0	0
0	0
0	0
0	0
0	0
0	0
0	0
0	0
0	0
0	0
0	0
0	0
0	0
0	0
0	0
0	0
0	0
0	0
0	0
0	0
0	0
0	0
561.45	520.4
558.15	524.45
559.6	525.3
558.9	524.1
537.45	521.05
0	0
0	0
0	0
0	0
0	0
0	0
0	0
0	0
0	0
0	0
0	0
0	0
0	0
0	0
0	0
0	0
0	0
