489.25	366.45
489.9	366.65
486.85	368.7
486.45	368.1
487.65	363.65
488.75	364.95
488.95	366.45
490.5	368.5
489.2	368.7
490.15	369.2
490.75	369.8
493.75	368.6
494.2	367.85
495.1	369.55
500.75	373.95
493.5	377.05
493.15	377.9
494.95	377.8
499.2	378.25
497.4	375.95
493.35	369.05
496.35	367.45
496.1	370.7
499.25	369
502.35	370.95
502.3	370.85
504.15	373.4
418.05	352
418.05	354.25
420.8	358.25
420.65	357.55
423.05	357.9
421.4	357.45
315.15	359.85
317.15	357.9
314.95	358.85
315	358.05
317.3	359.85
314.95	354.05
0	0
0	0
0	0
0	0
516.85	362.45
510.1	359.9
514.8	372.55
512.15	370.35
510.8	370.05
511	369.85
513.05	374.3
516.2	370.25
515.95	365.75
518.1	370.6
522.8	373.15
524.9	366.35
522.3	366.35
526.6	370.2
528.75	369.95
524.15	367.25
526	364.65
529.2	363.1
526.3	362.4
525.7	360.8
565.95	359.25
567.8	357.95
568.8	358.6
571.15	357.05
567.3	352.65
567.1	351.05
566.85	352.55
567.75	354.35
567.6	352.15
561.75	351.35
561.25	351.55
567.75	353.6
565.15	355.1
620.2	356.65
695.5	352.35
696.45	354.5
693.35	356.9
695.6	357.75
696.35	357.7
694.45	355.25
694.4	357.4
693.1	356.95
693.9	357.65
696.95	361.5
700.1	363.45
684.75	713.85
0	0
0	0
0	0
664.3	397.05
651.6	351.2
646.25	336.95
648.45	354.75
650.8	361.75
651.55	363.45
653.85	362.95
620.85	371.25
620.1	370.75
621.9	371.1
622.65	372.2
620.45	372.55
620.1	371.35
620.85	368.15
618.35	369.75
619.85	367.4
617.2	370.95
618.95	367.15
622.7	367.55
618	371.8
622.65	366.3
624.3	367.05
622.95	366
621.75	361.8
0	0
0	0
0	0
0	0
0	0
603.5	363.8
602.05	347.55
595.1	341.25
599.5	356.75
599.1	360.55
511.45	352.85
511.95	359.75
512.55	360.15
511.95	361.4
509.75	363.2
511.45	364.55
731.8	357.3
763.55	356.35
760.4	356.65
757.85	357.2
757.25	356
757.5	355.8
758.1	357.05
755.95	358.8
757.25	357.1
756.8	360.6
678.1	359.65
677.55	360.35
673.6	356.7
672.4	356.05
679.7	358.15
677.95	359.6
678.4	354.15
487.5	365.7
480.4	365.7
480.6	367.75
481.3	367.4
482.05	370.45
481.8	370.05
481.75	368.4
481.9	368.6
477.9	368.7
480.05	368.7
479.05	368.7
477.25	369.45
275.65	347.65
273.5	349
273.25	346.9
274.75	350.95
273.45	353.45
275.45	353.2
275.45	353
275.55	354.55
274.15	356.15
0	0
0	0
0	0
0	0
438.4	318.05
435.75	309.2
435.25	315.7
439.45	311.9
439.55	317.2
440.75	314.15
439.4	315
439.3	317.15
438.05	321.55
442.05	321.85
408.25	333.45
412	332.85
415.55	332.35
414.8	332.1
415.75	332.95
416.95	331.45
415.85	333.2
413.8	334.4
412.6	334.9
412.05	335.2
414.95	335.3
417.1	334.6
413.35	323.7
411.55	324.55
413.4	324.35
0	0
0	0
0	0
0	0
0	0
0	0
0	0
0	0
0	0
0	0
578.25	339.65
573.95	344.8
578.2	362.25
606.1	429.85
698.4	699.55
704	709.75
707.7	704.25
704.1	708.85
709.2	705.1
708.5	707
706.15	703.4
705.45	705.65
0	0
0	0
0	0
0	0
0	0
0	0
0	0
0	0
0	0
0	0
0	0
367.4	335.15
367.85	331.3
367.5	335.75
367	334.8
370.3	333.65
368	331.75
366.85	333.85
370.1	332.75
402.65	337.85
511.65	307.7
512.95	313
511.65	316.75
511.35	317
514.25	317.1
515.6	318.25
347.6	328.85
341.75	332.55
344.65	332.65
340.15	334.6
337.5	335.6
342.85	335
336.15	338.25
336.75	338.95
340.25	338.65
342.55	334.5
339.25	337.6
338.75	338
338.5	339.5
367.7	344.8
366.45	345.6
365.65	344.9
366.55	345.05
368.55	345.85
235.85	339.8
229.9	344.85
231.4	338.85
234.85	340.4
232.85	344.7
238.9	337.7
235.5	338.6
235.35	338.2
236.65	340.35
259.05	403.5
0	0
0	0
0	0
0	0
0	0
0	0
0	0
0	0
0	0
0	0
0	0
0	0
0	0
0	0
0	0
0	0
675.1	162.6
556.7	302.9
562.4	299.4
560.45	298.15
562.25	294.8
555.4	292.1
556.4	294.15
556	295.85
556.65	294.1
559.1	293.85
389.25	347.45
392.65	348.9
396.15	353.35
394.55	347
390.55	346
397.7	351.1
223.35	345.55
206.9	348.75
206.95	348.05
211.85	350.15
210.45	351.95
436.5	341.75
593.75	342.7
593.4	343.85
593.65	346
595.55	346.15
597.45	346.75
595.3	347.85
592.45	349.5
594.05	347.65
594.45	346.95
600.7	347.75
595.4	347.7
599.1	348.75
612.5	558.4
0	0
0	0
0	0
0	0
0	0
0	0
0	0
0	0
0	0
0	0
0	0
0	0
0	0
563.5	353.9
565.85	317.2
558.4	303.6
562.1	321
560.85	323.05
562.1	329.65
563.75	336.55
562.55	338.1
565.25	338.15
568.3	337.5
609.75	362
610.5	366.15
611	370.8
610	374.65
612.75	377.95
613.25	383.15
617.15	386.35
617.9	388.65
618.7	392.45
619.25	398.2
617.45	396.75
616.85	394.7
613.15	395.75
612.35	396.3
609.85	393.7
610.7	393.7
612.4	391.3
614.2	391.7
612.3	391.7
610.65	392.45
606.35	395.15
609.4	390.6
610.45	396.3
614.65	390.45
616.15	387.3
614.4	383.95
612.9	388.55
613.8	385.7
646.45	535.55
0	0
0	0
0	0
0	0
653.25	339.4
643.75	351.5
647.05	353.65
649.1	352.35
645.75	355
646.35	353.75
645.35	356.35
647.6	353.2
648.1	353.2
646.3	353.4
648.6	352.95
651.85	362.8
652.7	358.9
651.1	354.5
651.4	355.15
653.55	354
653.65	359.9
655.35	362.15
659.1	366.45
658.2	363.85
658.3	362.15
659.2	358.45
657.2	357.05
657.7	357.05
658.25	355.65
658	358.1
657.1	357.25
656.35	354.5
657.9	365.4
660.05	365
659	366.2
654.25	362.65
655.15	359.4
656.9	365.85
652.9	368.75
652.75	367.85
647.45	365.8
648.85	361.95
647.95	358.6
649.65	363.1
654.5	663.4
0	0
0	0
0	0
640.4	358.8
628.25	333.4
628.65	358.35
633.3	360.95
636.6	353.65
635.45	361.4
640.7	357.5
644.55	359.25
644.5	362.5
643.35	362.85
642.7	367.25
646.75	366.95
649.15	366.1
652.15	366
648.85	363
649.55	359.8
652.75	353.95
648.9	354.25
650.5	357.7
652.95	358.45
654.9	354.15
653.05	360.95
657.95	358.95
655.95	356
655.4	354.75
658.35	354.45
658.75	355.05
655.15	354.25
657.45	350.05
656.15	348.85
652.45	348.45
677.35	433.35
0	0
0	0
0	0
0	0
671.15	324.95
650.6	298.15
652.75	322.85
651	328.45
652.1	332.6
656.65	331.65
653.7	332.7
655.75	328.95
656.05	331.65
656.2	336.35
654.9	336.8
657.4	336.75
663.15	336.55
666.5	335.65
664.15	337.65
668.7	334.5
667.4	336
667.4	333.35
666.3	336.9
667.55	332.6
661.1	327.7
665.8	330.25
670.45	331.95
668.9	331.8
668.25	336.3
670.05	333.05
662.25	332.15
661	337.05
664.85	338.05
667.9	338.7
667.65	339.25
666.7	340
668.25	338.55
669.6	333.85
667.2	335.45
668.15	331.85
666.6	332.4
667.75	330.95
670	332.7
665.95	333.7
669.15	332.6
670.45	334.35
667.2	336.7
666.25	334.75
665.75	333.5
669.7	338.85
666.95	335.55
667.9	336.2
665.55	333.05
668.45	337.75
667.2	334.25
607.5	339.1
614.7	340.95
617.4	343.25
615.5	344.35
616.5	341.7
619.95	343.1
623.75	345.1
622.45	344.1
620.5	343.5
615.55	339.65
616.75	342.1
620.75	340.45
618.25	341.4
618.65	339.4
620.6	338.85
621.55	339.55
634.05	517.95
0	0
0	0
0	0
0	0
521.1	368.1
514.5	354.95
514.65	371.5
266.05	340.05
261.75	338.05
261.45	338.4
263.35	340.35
266.5	341.6
269.1	342.55
270	344.55
271.25	347.4
273.2	348.55
275.35	350.55
173.2	342.1
169.6	340.9
170	341.55
168.95	341.45
166.25	342.8
165.55	339.4
516.25	425
505.5	421.75
507.55	427.9
506.15	429.15
503.55	419.05
512	422
511.1	426.95
510.1	426.15
507.5	423.35
231	477.25
231.85	475.2
229.2	475.25
239.05	480.95
237.9	480.25
236.55	474.45
237.45	474.2
244.25	472.25
245.9	474.5
248.65	477.15
249.5	479.1
247.6	478.6
247.9	475.75
245.75	474.25
572.15	432.9
628.95	424.1
623.9	425.75
621.95	425.15
622.2	424
623.9	423.05
623.15	423.65
624.25	420.4
623.35	421.15
355	458.85
245.95	465.25
253.4	472.75
259.3	471.3
260.3	470.85
254.05	468.5
259.15	467.8
256.75	470.05
233.3	473.05
215.6	507.95
220.05	508.95
222.45	508.1
220.65	509.1
219.9	509.2
222.45	508.3
221.1	507.3
220.9	507.9
223	507.75
220.6	507.4
226	506.2
189.8	438.25
189.7	437.9
187.3	438.05
186.55	438.3
188.85	442.45
188.35	436.3
187.55	442.3
189.55	441.95
192.5	442.65
195.75	444.35
193.55	444.85
192.25	441.45
193.1	441.4
554.15	449.3
559.35	445.95
557.8	451.55
558.7	452.4
554.85	446.95
557.95	448.95
559.55	445.25
555.25	447.7
555.9	447.2
554.75	447.55
560.25	444.9
556.8	446.75
575.55	425.6
584.8	420.2
584.9	418.7
585.2	420.45
587.75	420.2
589.6	421.85
604.55	427.1
650.6	419.55
653.7	421.05
653.7	421.6
655.85	414.35
658.05	415.5
659.6	415.7
657.55	417.5
658.55	414.65
658.95	417.3
663.95	422.4
666.65	408.25
669.5	409.75
668	410.6
682.8	474
0	0
0	0
0	0
0	0
700.3	425.2
698.15	389.05
692.1	371
687	368.95
685.05	380.55
640.95	384.7
639.55	388.15
631	392.85
635.2	390.75
631.25	391.6
630.95	391.4
632.7	391.15
631.7	390.65
630.25	392.5
632.1	392.4
633.8	391.95
633.3	390.2
636.6	388.2
637.9	387.1
638.85	386.65
652.7	426.05
0	0
0	0
0	0
0	0
0	0
657.55	371.4
649.7	349.65
645.8	332.5
644.25	331.35
643.1	334.95
642.8	337.7
640.3	347.2
642.15	354.35
643.6	358.1
644.35	359.7
643.8	364.5
645	365.7
646.15	367.2
645.8	368.95
645.7	375.2
647.6	375.4
643.45	377.05
644.6	374.65
645.05	374.8
431.5	432.6
264.85	530.65
261.9	526.95
263.65	524.95
265.45	525.45
196.45	497.6
200.3	500.65
203.05	498.75
202.85	496.1
201.7	493.95
203.7	493.15
150.6	477.1
151.95	474.5
149.55	479.95
145.45	479.6
142.7	477.35
141.9	477.55
147.15	483.05
146.45	480.55
139.45	473.1
140.85	472.05
149.6	476.95
150.35	478.35
150.55	476.8
148.65	472.9
145.65	471.1
164.25	386.95
166.45	389.25
166.85	389.35
173.7	385.45
169.35	384.35
165.95	383.6
244.25	386.9
601.75	352.8
609.7	351
604.45	349.15
603.25	352
609.6	352.55
612.65	358.2
611.45	353.45
608.6	354.65
609.45	353.8
606.05	358.5
616.75	362.15
618.3	364.2
622.3	365.45
622.9	365
622.15	366.55
620.05	366.15
551.25	314.55
540.8	301.4
545.4	298.6
543.6	300.35
495.65	258.55
483.05	248.05
485.7	255.85
489.55	260.9
490.95	263.2
490.5	265.7
488.1	264.4
490.9	319.55
0	0
0	0
0	0
0	0
522.25	253.95
514.95	245.75
518.25	265.25
522.55	270.15
524.1	272.15
521.75	274.9
520.4	271.5
516.95	272.2
521.35	276.5
601.7	344.45
605.05	342.85
604.4	342.95
600.8	338.55
602.3	337.3
601.7	334.9
601.75	333.95
603.1	332.35
603.85	333.7
602.75	332.7
603.1	333.9
584.2	331.25
576.15	303.45
573.4	304.65
575.8	306.15
581.2	718.75
0	0
0	0
0	0
0	0
523.2	362.05
518.3	337.2
515.9	356.1
516.45	361.45
515.05	356.25
512.35	360.3
514.3	360.2
513.8	359.2
515.1	360.65
515.25	361.7
514.75	362.6
516.5	361.7
515.45	367.1
518.15	366.6
517.05	369.7
517.3	370.25
518.05	369.4
517	368.15
517.9	368.05
529.8	403.4
0	0
0	0
0	0
0	0
0	0
0	0
528.8	360.6
523.9	331.7
520.5	335.15
520.6	345.1
527.25	347
521.3	353.45
519.45	354.4
522.8	352.5
522.55	353.2
523.85	354.15
524.35	355.5
525.5	357.5
527.05	358.75
530.9	360.1
531.5	361.65
531.75	359.75
532.1	357.15
531.7	357.8
532.8	355.5
533.15	353.35
536.65	352.1
411.2	563.85
420	559.9
417.6	559.95
417.5	557.5
421.05	561.7
418.3	555.6
416.35	553.95
414.4	556.25
416.5	555.1
416.15	554.8
414.6	555.9
416.25	553.5
416.55	553.7
417.9	551.9
418.2	552.2
420.75	553.6
419.25	553.85
417.95	551.25
525.25	553.25
633.5	552.95
633.15	555.4
637.7	560.4
631.8	555.3
631.25	552.45
632.25	555.6
633.55	554.2
635.55	553.9
635.25	552.9
678.65	559.7
732.9	556.75
734.4	556.3
732.65	557.15
732.1	559.4
734.45	559.7
733.25	561.25
734.8	553.75
731.25	558.15
733.5	553.9
733.75	556.75
735.45	558.45
734.9	552.9
736.65	557.5
740.6	559.85
740.45	559.85
739.35	556.45
736.35	554.15
737.6	555.55
738.8	559.95
742.95	562.8
740.6	560.45
745.05	557
742.4	553.15
736.7	551.95
738.5	550.15
736.6	554.75
737.65	550.8
739.45	556.45
742.8	556.5
737.1	556.6
739.15	550.5
737.4	545.6
736.6	549.3
738.35	548.65
740.2	548.45
739.95	548.45
732.25	555.25
635.65	551.4
637.75	550.75
637.2	551.1
636.15	549.6
635.9	547.8
637	549.8
642.1	548.45
641.05	548.85
639.3	546.35
636.25	549.45
636.65	549.05
639.3	547.65
642.6	549.4
642.8	551.65
643.15	552.85
643.05	552.75
642.1	550.35
640.45	548.85
639.3	550.85
639.8	551
641.85	549.95
641.25	550.5
641.85	549.95
645.6	551.7
643.1	548.3
644.45	549.3
644.2	551.1
645.1	551.9
646.2	554.2
644.7	555.3
646.75	553.35
646.55	550.6
644.7	551.25
648.6	551.75
789.1	542.9
819.1	548.75
819	552.9
814.65	556.15
812.9	555.3
813.5	552.75
811	552.75
810.6	549.65
809.1	556.05
811.25	554.85
808.7	551.6
805.3	551.15
808.35	548.35
809.1	550.6
808	551.4
811.95	556.3
809.9	555.7
811.25	554.55
808.8	556.6
669.1	553.6
670.35	551.65
670.2	551.15
669.45	553.65
671.35	550.65
672.45	553.3
674.25	556.45
673.8	551.8
674.35	546.7
674.25	548
672.55	547.85
672.4	548.45
670.6	548.6
671.15	547.55
670.65	549.2
671.8	551.15
673.55	552.45
675	550.4
674.45	548.45
671.95	546.55
673.45	546.95
674.25	547.85
695.1	552
771.85	546.3
773	547.35
774	547.85
776.45	551.35
774.3	553.1
842.2	555.4
0	0
0	0
0	0
0	0
0	0
0	0
742.55	544.7
738.95	552.4
738.45	554.4
738.5	557.7
739.4	555.65
740.35	557.55
741.65	559.35
607.25	548.65
605.7	549.65
600.4	551.05
601.4	549.6
600.15	553.65
467.9	472.05
246.8	251.2
244.95	246.9
251.65	250.9
252.45	252.3
253.05	252.2
340.2	165
347.45	175.25
347.4	174.5
345.9	177.95
495.9	116.05
501.6	119.65
513.85	152.6
0	0
0	0
0	0
0	0
429.5	158
432.45	178.4
434.45	182.05
446.45	168.65
682.35	126.2
686.9	136.35
687.85	137.4
685.35	136.4
682.65	137.4
379	215.25
309.95	247.95
314.6	255.55
318.7	267.9
317	267.1
313.65	253.65
317.3	258.25
286.75	343.4
291.05	355.55
291.45	351.5
284.85	349
287	347.45
288.3	347.9
296.7	350
295.8	351
313.1	373.5
318.9	375.1
321.55	373.45
320.35	369.35
317.95	365.95
448.85	446
447.4	451.75
449.9	451.1
449.65	449.05
451.2	451
462.7	444.85
597.55	465.65
605.55	465.95
603.05	463.65
600.7	457.75
601.75	455.65
604.5	461.1
606.7	465.8
614.4	468.65
711.15	526.55
712.9	531.05
711.45	530.65
709.1	529.15
707.15	529.6
685.95	485.55
685.1	485.7
687.8	487.05
688.9	487.5
685.85	483.6
694.2	488.2
745.1	537.65
748.65	541
750.95	541.65
747.25	539.3
748	537.55
747.6	537.4
751.4	535.3
754.5	533.25
753.6	529.25
751.9	531.45
586.3	483.25
434.35	434.15
435.25	430.2
437.6	427.7
436.05	429.8
0	0
0	0
0	0
0	0
435.8	214.55
433.5	206.45
433.75	223.55
443.4	227.85
448.1	230.9
447.35	233.75
444.7	231.1
445.5	231.9
445.55	229.6
445.55	227.85
443.8	228
447.2	229.7
444.65	233.65
451.2	236
448.8	235.75
453.85	236.4
453.6	236.25
453.6	231.95
445.8	227.7
443.2	232.7
443.95	232.35
444.75	230.65
445.8	230.75
449.05	231.4
453.4	231.85
455.3	230.75
454.5	230.55
454.5	228.4
456.8	227.85
458.15	232.05
460.55	233.2
458.75	230.85
457.6	230.9
456.8	235.7
456.7	232.6
457.95	233.4
458.45	234.8
458	237.5
459.9	235.8
460.5	240.95
464.5	239.7
467.25	238.05
485.65	259
638.15	438.55
640.15	436.4
639.6	434.7
640.7	436.3
639.4	433.6
709.55	470.4
710.15	477.75
715.35	459.4
0	0
0	0
0	0
0	0
809.6	511.4
805.2	468.3
801.1	455.2
805.7	480.45
801.15	486.5
869.6	492.6
874	496.35
873.55	492.95
870.1	494.85
870.4	492.25
782.85	495
704.95	493.25
712.45	491.25
713.8	492.2
717.95	496.4
712.2	494
712.7	490.5
708.1	498.05
710.1	499.85
710.7	500.15
712.35	494.15
713.05	488.95
718.9	489.85
720	494.9
720.3	497.2
721.35	499.95
719.15	501.15
719.75	498.85
723.4	498.05
723.4	494.3
717.4	489
716.3	482.9
0	0
0	0
0	0
0	0
0	0
587.35	476.75
583.45	457.05
579.3	475.35
577.9	477.75
573.9	476.85
578.75	475.85
317.35	492.25
311.65	494.25
311.7	494.3
313.15	493.55
312.7	492.85
311.85	493.75
311.3	494.1
311	493.7
313.4	500.25
311.75	497.35
309.2	497.2
308.3	496
310.75	494.3
309.05	494.45
176.05	462.45
175.05	461.75
175.5	460.6
172.35	462.15
168.75	561.25
0	0
0	0
0	0
0	0
0	0
178.7	468
183.5	470.8
181.15	473.05
182.25	468.15
186.8	467.7
191.7	472.9
190.4	470.85
192.1	468.9
190.3	471.4
233.05	475.2
232.9	473.95
233	476.15
231.85	477.05
235.45	479.95
233.7	478.45
237.05	479.35
309.85	479.8
313.95	477.65
314.5	478.95
316.05	481.2
314.25	482.85
312.9	478.7
310.5	478.75
317.65	482.95
321.2	482.95
315.1	484.2
313.4	477.5
313.6	475.65
152.9	413.1
126.7	402.9
131.75	401.9
132	403.05
133.25	402.5
133.5	402.05
256	407.85
266.5	405
264.7	403.75
264.65	405.95
264.2	405.2
319.9	402.35
524.4	441.45
525.85	450.65
525.95	452.75
524.35	451.75
522.7	451.1
525.7	454.15
530.7	453.9
447.15	413.7
450.4	415.9
454	420.25
456.2	418.9
456.7	418.05
475.05	416.75
520.3	392.05
520.75	389.65
519.3	394.85
520.5	390.65
521.75	388.35
521.5	393.35
518.3	392.4
516.55	390.5
519.35	394.65
532.35	438.4
0	0
0	0
0	0
727.6	503.7
724.5	459.05
715.25	449.55
712.75	477.9
712.1	480
711.5	480.3
713.05	482.25
707.25	477.55
708	475.25
484.35	517.85
466.4	526.1
468.75	533.7
465.8	526.85
468.65	523.65
469.35	527.65
503.1	552.9
516.4	567.05
515.7	568.7
515.8	565.85
519.55	560
518.5	558.85
577.85	569.55
579.15	571.9
580.75	571.85
581	571.1
574.2	565.5
576.3	563.3
621.6	567.5
636.45	564.75
631.25	566.2
632.45	567.5
631	568.15
629.3	568.7
627.35	566.65
692.95	561.4
694.35	566.05
693.35	567.25
692.9	568.65
695.75	567.85
476.6	569.65
406.8	568.85
406.25	576.85
408.25	577.75
409.3	573.25
410.95	570.95
413	573.95
437.6	627.1
438.95	626.6
438.75	628.25
433.35	622.95
432.25	621.95
473.5	619.8
512.4	625.85
512.05	624.3
511.2	624.2
510.55	619.85
509.1	620
537.4	617.1
586.45	597.55
590.95	597.65
592.45	603
590.25	602.25
589	601.75
596.8	604.5
518.95	416.7
511.65	398.1
508.15	396.9
506.45	402.05
508.8	399.15
511.45	399.6
509.65	402.4
711.65	449.1
745.5	460.15
744.25	461.25
743.65	459.05
742.8	458.65
742.35	460.1
739.7	459.8
509.75	452.35
302.25	460.3
302.45	461.2
305.35	460.25
301.2	461.4
302.55	462.05
310.45	466.6
682.1	365
708.55	347.2
706.55	352.65
706.85	352.1
709.8	353.65
710.6	353.3
809.35	344.2
803.45	345.35
804.3	346.95
805.3	346.15
802.25	344.2
801.7	347.9
798.9	346.25
639.55	266.05
609.3	263.15
618.4	271.65
610.2	267.95
613.45	269.5
611	272.95
610.85	276.7
584.2	266.6
470.6	260.6
469.1	259.85
472.05	261.8
472	261.25
468.95	260.9
473.25	259.9
471.3	257.3
472.05	257.4
473.55	265.75
472.6	263.1
370.6	365.75
366.95	367.3
376.4	369.15
373.25	369.65
367.35	363.75
366.7	363.2
369.5	364.9
369.95	365.2
372.55	363.75
372.8	363.95
226.7	400.55
227.3	400.85
229.8	400.65
228.7	400.6
228.7	399.9
164.6	404.35
160.05	411.3
159.2	412.75
159.45	412.7
154.45	407.95
153.1	400.95
181.1	410
257.2	402.25
255.4	403.75
251.55	399.2
252.5	393.1
252.4	393.7
126.75	477
114.45	511.9
120.35	516.85
120.3	515.8
120.15	516.45
120.25	515.95
120.65	515.2
121.7	515.5
116.5	525
0	0
0	0
0	0
0	0
0	0
522.15	407.15
517.5	400.65
521.1	415.1
516.1	417.8
514.1	414.95
513.35	411.75
446.6	419.7
248.45	429.85
247.85	432.75
247.3	435.35
247.1	435.35
247.75	441.45
272.5	450.65
277.1	456
270.9	458.4
235.55	400.9
185.3	287.1
0	0
190.85	292.35
191.6	291.3
188.95	290.65
191.4	290.75
191.3	288.3
193.4	288.1
135.9	306.15
137	308.2
134.2	305.45
132.55	304.5
134.7	306.15
133.85	302.9
132.7	305.55
257.75	341.9
258.4	343.15
257.35	344.3
258.5	340.1
262.7	347.15
262.85	348.45
262.55	346.85
266.3	348.9
358.75	296.65
382.35	288.15
382.35	291.25
380.8	290.95
380.5	292.1
377.15	289.35
378.2	290.15
380.25	292
377.85	294.4
380.3	292
380.5	292.15
377.65	296.05
0	0
0	0
0	0
0	0
426.55	293.15
425.95	290.6
430.85	299.25
431.95	301
433.4	299.35
434.9	296.75
429.4	292.45
428.35	286.7
428.25	291.15
685.4	243.2
691.05	239.8
689.85	244.3
691.25	251.2
691.95	256.75
692.4	256.05
692.6	250.05
689.35	229
0	0
0	0
0	0
0	0
0	0
540.9	296.2
534.8	310.3
540.35	311.65
538.15	311.15
538.1	309.9
537.65	313.25
537.55	310.65
538.2	307.35
536.75	314
542.45	311.25
542.45	310.8
541.25	316.8
541.95	316.8
539.35	313.3
541.8	313.1
542.95	312.4
542.45	313
544.2	315.6
545	314.35
546.2	314.3
545.4	312.05
543.75	311.35
546.95	311.15
493.4	446.6
463	594.55
464.35	595
467.7	596.85
470.85	593.45
467.5	594.25
536	317.85
531.45	304.15
530.45	301.4
530.6	302.3
530.9	304.65
430.4	269.35
369.95	249.3
369.55	252.7
372.05	252.35
372.35	250.65
373.4	250
496.45	242.4
500.85	234.95
503.1	239.35
0	0
0	0
0	0
0	0
0	0
0	0
0	0
622.9	235.3
624.15	236.4
621.75	238.1
617	234.5
399.15	322
396.4	321.65
393.5	328.3
400	331.6
401.6	333.6
458.65	328.75
509.6	320.4
512.35	325.65
520.65	322.25
520.9	318.1
521.6	320.05
721.2	303.95
721.55	309.45
725.05	307.6
728.05	308.6
499.65	342.75
424.65	371.55
426.95	367.8
427.35	367.5
427.3	368.15
426.85	366.35
427.9	367.6
424.7	366.3
427.4	369.05
455.1	369.8
526.1	356.55
524.75	362.55
533.05	357.95
532.1	359.95
525.65	361.15
524.3	359.65
527.35	355.85
528.95	356.4
525.6	355.65
535.2	447.95
0	0
0	0
0	0
0	0
0	0
571.3	323
562.35	317.1
568.2	337.35
569.25	341.95
706.7	340.5
783.4	342.65
784.55	341.55
789.5	343.75
791.8	346.15
788.8	347.8
787.95	349
787.95	349.75
785.55	348.75
789.15	352.05
717.15	419.3
714.75	422.2
715.85	421.1
714.85	421.6
715.45	422
772.95	427.05
779.2	428.1
778.75	427.9
777.65	424.7
773.95	424.9
773.95	422.75
777.75	427.4
772.9	431.75
775.65	430.55
774.9	432.4
774.1	432.4
773.3	432
773.65	429.65
772.5	430.15
774.75	432.5
785.85	399.45
785.45	398.4
786.85	398.5
785.75	399.45
785.8	404.3
784.4	404.1
572.45	344.65
482.75	313.55
483.45	321
484.45	324.3
486.1	322.95
488.05	324.45
491.05	323.4
487	320.85
485.05	313.5
483.75	314.1
484.4	314.4
482.8	314.35
485.2	314.2
486.5	318.1
488.75	319.65
492.75	327.5
488.5	324.45
490.6	326.9
491.15	326.8
430.3	220.65
414.8	207.95
413.75	214.2
418.15	216.65
420.2	216.4
419.95	217.2
419.5	215.55
489.95	186.85
496.35	182.85
495.7	184.9
495.6	182.65
495.7	184.65
573.75	163.05
580.1	163.05
581.8	168.25
582.95	173.35
583.3	174.2
581.4	168.6
655.1	171.55
656.4	173.35
651.4	174.1
652.35	174.85
651.9	173.3
652.55	176.6
653.15	175.55
653.4	175.3
651.05	177.55
649.1	178.35
646.25	173.15
646.25	171.05
596	198.95
465.9	339.15
470.1	349.85
475.8	352.25
477.3	354.55
468.85	354.9
474.7	348.7
477.9	354.65
477.75	361.65
476.5	363.6
476.95	362.5
476.45	371.8
478.4	387.55
479.6	389.45
481.55	386.05
482.65	385.45
479.55	385.15
478.4	384.45
479.95	384.05
480.9	383.3
481.2	382.6
482	380.1
480.2	379
481.15	384.15
487.45	390.9
485.2	390.2
484.15	390.65
485.3	392.35
484.55	389.05
485.65	385.9
481	382.7
480.35	379.5
490.05	380.15
497.05	363.8
495.85	363.15
495.7	365.4
497.8	368.95
495	365.5
496.7	365.7
497.55	370
495.85	364.35
495.3	367.6
494.45	367.85
502.95	372.25
484.3	442.05
486.15	442.1
484.5	442.05
489	443.65
491.85	441.6
488.35	440.1
486	436.8
487.6	437.15
486.15	438.45
487.4	434.75
488.15	436.35
494.65	439.1
498.35	440.5
496.8	439.65
496.2	438.6
493.9	446.9
494.2	446.35
492.55	440.95
496.05	442.4
495.5	447.35
494.95	450.05
500.65	450.45
501.3	451.2
508.4	449
507.3	445.7
503.75	445.15
501.3	447.45
487.15	331.95
483.05	303.2
488.2	312.45
487.95	316.8
487.4	312.75
488.65	313.6
488.5	313.75
487.85	317.5
482.65	314.2
484.1	313.2
484.7	312.55
486.1	313.85
487.7	308.9
487.65	311.85
490.75	311.7
489.8	310.45
491.95	310.95
492.95	316.4
492.3	313.6
495.65	312.6
496.7	319.8
499.7	319.25
500.4	316.2
500.15	314.8
499.85	314.35
505.55	319.8
527.4	449.6
537.1	450.5
537.5	448.9
536.9	447.05
533.8	444.4
532	440.15
530.2	439.85
532.9	446.2
536.25	445.4
538	444.1
538.05	440.4
459.2	453.15
0	0
0	0
0	0
0	0
0	0
533.05	232.05
528.15	239.4
530.15	252.05
531.6	254.8
529	256
529.05	255.95
528.8	252.4
528.1	252.1
528.5	253.85
530.2	253.6
532.45	255.35
535.85	252.8
529.8	252.9
527	247.6
526	247.45
533.8	249.1
536.95	246.2
528.1	445.95
528.15	447.15
528.25	445.4
529.3	440.95
530.15	442.9
532.3	443.1
532.65	446.5
534.25	448.75
534.5	446.2
535.95	447.45
536.3	472.45
538.75	498.3
539.85	497.95
542.6	498.2
543.4	501.55
541.3	500
539.5	495.65
539.05	500.65
542.45	497.95
527.7	494.1
360.35	172.1
360.6	164.8
361.25	169.15
362.35	167.7
361.65	169
360.45	170.65
360.2	175.75
290.55	142.25
291.35	143.1
291	143.75
288.75	141.25
286.35	138.25
284.95	134.1
285.8	127.15
284.4	136.6
287.05	139.1
136.7	159.9
90.05	176.15
98.9	178.85
99.8	180.75
101.4	182.6
104.15	182.65
104.7	182.35
105.35	181.65
187.1	171.15
192.15	175.9
194.75	182.75
204.55	184.35
205.6	186.9
210.15	186.85
207	191.05
215.65	189.75
220.15	188.05
231.7	181.5
240.75	184.95
246.9	190.85
251.05	190.35
258.55	185.8
266.3	182.3
272.2	186.15
288.55	185.7
263.05	177.3
279.7	178.85
295.2	190.35
307.6	191.05
323.45	191.85
338.15	189.45
350.65	191
471.25	238.4
492	238.3
509.55	240.2
528.45	238.2
535.5	237.35
679.7	246.75
834.95	248.45
843.1	252.2
853.15	253.55
863.9	252.15
873.65	252.75
884.6	250.2
890.25	251.25
895.05	250.3
903.05	252.6
469.1	331.05
342.55	375.15
356	373.45
364.85	370.5
377.8	371.6
394.85	382
410.85	380.75
417.1	372.85
439	376.6
450.5	373.9
465.8	379.1
479.05	379.5
492.1	380.75
507.55	455.65
516.55	463.45
526.65	459
537.5	456.2
550.85	459.1
406.3	488.6
361.5	506.8
369.65	506.7
378.45	501
388.4	498.6
0	0
0	0
0	0
0	0
0	0
0	0
0	0
0	0
0	0
0	0
0	0
855.75	510.1
839.85	464.85
842.3	448.5
832.1	444.5
499.25	258.75
502.95	177.15
491.4	136.2
490.4	153.9
493.2	158.25
493.85	159.05
498.3	134.25
499.7	112.9
497.8	101.95
503.45	105.15
503.65	100.25
504.55	135
503.8	167.6
512.4	158.75
0	0
0	0
0	0
0	0
321.7	158.6
334.7	174.2
334.15	174.35
333.85	169.95
332.5	168.45
332.35	173.85
522.65	322.85
534	320.55
531.3	321
535.7	318.45
535.9	319.15
541.9	315.8
541.1	309.45
537.75	308
535.45	309.5
536.8	307.75
532.75	311.1
494.25	227.85
494.9	227.65
500.95	234.05
498.95	231.15
496.8	225.25
495.3	224.65
497.15	224.75
500.35	228.3
471.3	182.95
473.55	181.5
473.35	185.2
473.6	188.35
476.85	190.7
477.7	192.45
476.75	191.1
477.65	192.1
477.45	192.9
500.25	218.8
518.65	269.75
512.6	266.8
510.3	259
510.25	258.25
510.85	261.85
513.35	264.1
511.05	264.35
513.9	260.4
516.4	268.3
517.4	272.9
520.2	271.85
521.2	273.5
522.4	274.7
522.35	275.3
523.5	272.8
523.7	271.1
524.85	272.25
528.15	270.25
524.1	271.1
528.25	272.5
525.6	270.2
526.45	267.65
530.35	269.95
527.45	272.05
528	268.6
527.4	270
526.2	272.1
529	272.75
527.75	268.35
530.3	268.1
530	264.25
529.6	265.35
529.9	267
530.4	266.95
532.2	267
531.35	268.5
529.1	268.8
528.45	272.35
530.2	270.75
528.85	269.3
527.15	268.7
528.25	265.05
526	269.9
529.75	274.55
530.2	275.5
533.5	273.5
533.85	276.4
532.6	274.65
536.45	278.1
538.7	276
539.45	276.15
542.95	274.9
540.85	276.6
537.55	250.6
0	0
0	0
0	0
0	0
523.15	231.9
519.4	237.15
526.8	254
528.65	256.1
530.5	259.8
531.05	258.95
531.8	259.1
531.4	257.6
527.75	257.6
529.05	257.6
529.95	258.2
529.35	262.2
528.05	262.55
529.15	262.1
530.8	268.95
524.2	265.8
525.85	265.9
531.6	269.05
535.6	269.05
529.45	268.9
525.8	264.45
525.4	261.4
530.75	267.45
535.4	268.45
536.1	272.5
534.95	272.65
533.95	272.25
533.05	274.55
535.75	272.8
543.5	269.9
533.9	272.35
533.2	270.7
539.3	270.8
530.55	265.9
528.9	261.6
531.75	263.05
531.55	256.1
533.15	261
535.3	266.85
538.6	266.55
537.05	265
535.55	265.9
533.55	263.5
534.6	260.45
536.35	258.55
542.7	268.55
546.65	268.95
546.6	266
546.05	261.6
545.9	260.4
544.4	261.7
546.05	259.75
547.4	264.2
551.4	266.2
343.65	213.85
345.15	220.35
350.95	224.35
347.35	224.8
345.45	224.5
346.25	222.25
344.6	224.7
343.6	226.75
346.9	225.9
344.95	226.2
342.65	225.55
342.2	224.45
345.1	222.4
349	229.2
345.35	227.85
345.45	228.7
345.95	231.9
346.8	228.25
346.75	228.4
330.95	278.45
329.35	282.75
328.95	278.65
327.9	273.8
328.75	276.3
329.6	280.95
333.15	283.05
333.7	284.75
397.6	283.55
399.2	284.65
398.95	287.05
395.55	284.8
399.9	291.25
399.3	293.75
397.8	293.85
392.45	285.6
391.9	289.1
393.25	289.7
396.65	294.6
393.05	394.8
395.65	395.1
398.1	394.55
401	392.8
400	392.9
398.6	394.3
399.6	394.25
399.35	394.7
401.3	392
401.45	392.45
403.5	394.1
408.55	398.6
406.95	400.15
408.1	399.8
406.4	399.85
405.9	398.05
318.35	186.5
317.3	169.7
316.1	175.3
316.75	178.5
314.75	176.3
385.05	394.75
382.35	413.25
388.1	409.05
387.65	408.25
385.1	405
386.3	408.25
389.7	414.3
391.6	415.3
395.35	414.5
396.1	412.75
394.1	411.1
388.1	406.35
388.4	410.35
389.05	408.85
500.25	472.7
598.55	498.25
594.55	491
594.45	487.15
592.9	486.95
592.7	491.95
592.25	488.3
595.9	488.05
591.9	486.05
592.2	486.45
594.7	487.45
595.05	488.2
558.8	486.9
327.3	247.6
339.85	256.2
337.75	255.75
334.35	251.7
337.15	252.8
335.85	256.1
338.5	255.9
338.2	257.3
337.9	255.3
335.65	252.3
330.75	252.7
332.7	257.55
334.25	259.1
337.6	260.75
334.05	264.1
337.8	264.4
338.1	262.1
338.85	257.5
341.1	257.6
338.35	258.2
339.45	254.9
334.95	257.7
337.5	254.05
341.35	257.3
338.8	257.35
338.9	256.65
339.85	255.65
341.9	258
343.4	259
344.15	258.2
345.15	260.65
346.85	262.25
346.3	261.4
348.4	262.15
345.4	262.3
344.4	265.2
349.35	265.3
349.95	263.9
345.25	263.05
345.45	262.6
348.65	258.7
351.8	268.55
349.4	267.2
352.1	264.2
346.85	264.05
350.25	261.5
0	0
0	0
0	0
0	0
0	0
0	0
0	0
0	0
0	0
0	0
0	0
447.1	264.2
447.05	280.4
446.1	287.85
447.65	289.25
449.55	290.3
448.45	292.8
448.4	293.65
442.85	294.3
443.6	293.2
443.95	296.9
232.6	263.4
231.95	253.3
231.95	255.5
228.65	254.45
225.4	247.85
224.15	247.3
221.8	250.15
236.8	584.35
0	0
0	0
0	0
0	0
418.25	312.85
414.95	333.8
414.2	333.35
615	350.7
618.15	353.2
615.65	355.15
615.3	353.55
612.3	355.5
611.1	355.5
615.8	353.7
618.35	354.5
619.65	355.15
617.85	352.5
614.4	354.05
613.65	353.6
618.25	353.75
621	356.55
620.35	354.25
619.15	352.35
618.5	353.55
617.5	353.35
616.5	355.35
617.7	352.75
620.2	350.95
619.3	349.95
620.2	348.7
618.9	351
620.6	355.35
620.25	344.9
622.8	345.05
623.15	351.4
625.75	353.85
626.4	349.85
625.5	350.25
624.7	350.25
625.9	351.1
624.65	351.5
625.35	351.8
625.6	352.6
624.6	351.25
544.1	339.9
451.2	319.3
448.5	319.8
448.1	322.65
445.75	319.4
442.75	319.25
444.3	318.05
443.65	318.6
440.5	315.4
439.3	317.85
441.9	313.3
443.05	315.05
442.8	315.8
441.35	317.4
446	321.15
449.5	323.15
448.6	322.4
459.95	323.45
707.1	318.85
714.35	317.85
713.7	311.55
709.75	310.45
709.55	312.9
713.25	312.8
710.75	311.05
706.25	309.65
706.85	313.3
712.5	312.85
713.2	313.8
710.25	311.65
706.8	310.7
609.5	338.2
507.85	387.15
506.4	390.4
507.6	389.3
507.95	389.65
507.5	389.45
511.05	385.75
509.6	386.85
511.2	386.8
512.95	388.4
507.85	386.3
512.6	385.85
513.3	390.95
514.05	387.75
553.3	324.95
555.65	315.85
556.15	312.95
553.55	311.5
554.25	311.4
554.25	311.05
556.3	309.95
556.3	310.65
558.1	315.15
559.1	313.65
557.5	315.35
556.4	308.45
557.15	311.15
557.05	314
565.3	318.6
566.35	314.55
557.6	312.7
561.6	315.4
563.85	312.25
0	0
0	0
0	0
0	0
0	0
501.75	443.25
493.05	439.3
495.4	451.45
498.7	454.55
498.05	449.85
497.55	456.9
500.5	454
500.6	453.15
502.4	454.35
504.55	458.15
501.65	461.2
499.35	459.85
502.8	457.85
551.15	382.1
571.7	353.3
572.65	354
575.4	352.7
576.75	354.2
581.45	355.15
577.25	354.4
580	348.45
580.5	350.3
548.5	357.25
202.95	329.3
200.75	326.8
200.9	324.05
200.15	325.1
204.35	324.75
206.3	330.9
202.4	329.35
203.8	326.6
223.3	326.5
312.25	313.9
309.25	310
309.9	307.2
308.2	309.1
307.45	309.6
307.65	310.8
305.85	308.6
307.15	310.3
311.1	315.05
498.55	363
675.95	371.5
672.3	369
668.85	368.95
668.45	375.6
671.35	376.25
339.1	369.15
255.6	377.4
260	380.1
257.95	379.85
259.45	381.15
260.6	381.1
260.8	381.15
263.75	380.8
266.8	382.9
266.55	381.95
462.85	393.45
482.35	390.6
480.9	393.1
482.85	393.65
484.75	397.05
485.4	393.15
489.6	393.3
616.75	388.75
626.45	389.4
626.85	389.6
625.4	388.55
624.75	387.15
624.4	388.45
625.45	387.7
625.85	385.1
625.45	385.8
623.8	387.65
624.3	389.1
625.9	389.6
624.55	386.15
627.2	388.4
627.5	390.45
631.55	390.95
629.65	392.5
624.65	393.5
624.25	392.7
625.9	393.2
629.05	394.7
631	393.1
631.05	393.8
633.5	392.55
632.95	387.8
634.95	395.35
640.7	387.15
0	0
0	0
0	0
0	0
314.55	366.5
318.7	359.2
317.65	365.7
320.3	362.4
317.8	359.35
322.7	360.05
326.7	360.65
326.6	359.5
323.95	354.95
323.2	352.6
323.4	347.2
322.05	347.45
320.85	345.75
319.2	345.8
318.4	344.8
319.85	344.65
147.25	363.35
146.5	380
144.45	377.1
148.45	381
184.45	386.45
365.45	384.4
373.9	387.5
370.1	388.5
371.95	385.7
370.55	384.95
565.1	382.85
571.3	384.95
568.25	389.45
573.15	388.85
574.45	387.7
573.75	387
575	387.65
576.8	386.75
574.85	389.4
572.65	391.25
572.4	387.25
572.75	391.65
576.65	392.35
575.6	392.7
578.65	392.15
576.1	391.95
578	394.9
577.2	395.8
580.55	393.8
582.65	391.1
581.85	389.45
386.05	384.15
268.75	385
273.1	386.7
273.9	388
273.75	389.15
273.1	390.3
482.3	388.65
572.5	384.85
574.2	388.75
571.85	385.45
569.7	386.75
569.75	388.75
568.75	391.45
573.9	389.65
576	386.65
575.5	387.2
574.8	389.8
573.7	390.95
575.5	393.75
578.05	391.4
576.5	395.6
570.35	392.9
568.2	395.55
494	387
457	690.25
0	0
0	0
0	0
0	0
414	390.5
410.75	359.9
416.1	480.75
0	0
0	0
0	0
0	0
0	0
470.25	305.75
467.6	326.45
470.25	327.7
468.75	331.3
467.75	332.65
467.55	323.95
468.95	330
472.6	329.75
466.75	328.2
467.4	332.05
469.5	330.3
467.65	333.9
469.45	334.75
469.1	335.8
470.8	337
471.6	337.05
469.9	336.3
469.5	335.25
471.2	336.15
470.4	335.55
473.35	333.9
471.3	333.05
470.9	337
475.55	321.35
0	0
0	0
0	0
0	0
0	0
0	0
0	0
0	0
0	0
0	0
468.1	309.75
466.65	270.4
463.9	287.1
467.6	288.8
467.95	281.8
467.15	286.8
469.55	292
355.6	303.4
361.95	312.45
360.7	315.5
364.85	312.6
360.6	316.9
361.45	323.4
538	283.7
544.2	289.75
541.95	293.05
542.1	292.25
542.9	295.9
543.25	297
544.4	295.65
542.6	296.2
541.2	294.35
542.85	284.25
539.55	289.95
538.85	290.8
541.2	284.8
540.2	288.75
541.35	294.05
545.3	294.85
417	305.35
287.1	332.9
291.65	335.2
291.2	336.45
293.35	335.7
294.85	336
297.75	335.55
298.2	332.45
298.65	333.95
300.8	330.7
302.3	333.95
304.45	336.05
305.9	337.05
309.8	336.4
311	339.4
310.45	338.2
309	332.5
314.35	336.5
315	333.55
318.15	339.35
319.15	338.8
321.8	339.9
323.35	339.45
321.9	339.25
320.1	337.95
321.75	337.45
323.8	336.55
323.25	337.65
323.9	339.7
327.05	342.8
324.65	337.05
325.1	337.55
329.35	340.65
324.65	338.1
325.85	341.75
326.15	340.2
326.5	341.75
329.8	340.95
327.5	339.65
354.3	343.2
490.9	349.45
493.6	351.9
497.2	355.15
490.4	356.65
493.45	353.95
495.3	354.8
490.3	355.25
492.7	354.7
488.95	352.9
491.45	357.25
488.8	359.2
489.6	355.45
492.35	358.55
490.35	354.5
489.1	351.55
479.75	349.5
388.7	167.05
391.8	170.65
388.7	170.85
388.1	172.7
350.15	145.25
349.95	145.15
354.65	138.25
351.9	140.1
348.1	138.25
349.15	141.2
355.55	143.2
348.8	140.55
468	362.55
476.9	374.95
476.15	375.05
477.6	374.75
476.7	374.05
477.05	375.75
474.05	378.9
473.15	376.05
471.75	378.4
471.45	374.55
474.75	376.75
475	377.75
477.55	379.8
480.4	385.3
482.85	385.3
480.9	381.65
479.65	382.05
478.85	384.75
485.5	389.5
484.95	391.3
484.05	388.85
481.15	391.95
486.95	389.3
348	326.25
349.5	325.25
352.25	327.3
355.05	329.25
356.8	330.1
357.9	330
361.7	328.95
359.55	329.85
360	328.9
581.95	315.2
784.95	306.75
788.5	308.85
784.1	311.75
784.7	310.1
783.5	309.3
785.1	310.35
784.35	308.25
785.8	307.2
784.1	308.85
782.35	307
781.85	308.05
780.6	307.4
780.25	307.6
777.6	309.35
778.05	307.45
775.65	310
775.3	310.6
779.25	313.55
776.4	309.4
779.1	310.45
777.6	308.65
772.6	308.7
773.9	310.55
778.3	309.1
774.7	306.1
774.45	308.1
772.65	314.4
769	314.65
769.55	308.5
771.15	304.5
768.85	306.45
769.95	316.9
768.5	316
771.85	309.85
771.75	308.45
774.05	307.95
773.15	312.7
772.75	309.8
767.55	310.2
767.65	308.9
770.35	304.9
769.85	304.6
767.05	310.65
766	306.1
765.8	313.65
769.05	306.45
763.7	307.5
760.25	308
758.8	306.45
760	305.35
758.65	311.35
756.15	309.3
761.35	308.2
761.45	311.25
758.4	312.75
756.85	308.3
758.15	308.7
756.35	308.95
757.15	309
764.8	328.85
0	0
0	0
0	0
774.15	370.15
768.85	306.7
758.95	280
582.8	268.6
541.7	271.8
544.55	293.6
543	297.65
545.5	300.75
546.8	306.3
546.3	307.55
545.6	304.15
543.2	300.1
545.7	302.25
547.85	301.7
548.4	304.4
549.85	304.65
552.35	306
551.45	304.65
550.5	304.85
551.05	305.65
552.8	305.2
553.45	305.75
551.9	306.2
550	307
551.7	311
550.5	312.2
551.5	311.05
546.8	306
547.5	309.35
548.85	307.25
547.95	307.65
546.2	306
838.9	439.95
843.25	440.8
839.1	436.6
838.35	436
836.4	435.65
836.4	438.25
837.25	437.55
837.9	439.2
837.2	439.25
836.6	440.35
838.75	440.6
840.5	443.8
839.4	442.7
838.95	438.3
839.55	438.55
842	446.25
838.45	443.2
839.65	442.8
839.05	444.15
838.35	444.9
837.65	445.5
843.05	442.7
846.15	441.8
848.35	445.25
846.9	445.35
848.4	443.65
845.7	442.25
846.35	438.9
846.6	441.55
849.15	441.2
848.85	440.75
845.55	435.2
846.9	434.1
846.9	435.35
851.95	435.65
852.05	435.7
846.6	433.45
848.7	434.95
849.15	433.75
631.6	328.4
542.85	290.2
539.6	280.3
535.75	286.35
537.7	299.85
538.9	306.35
564.75	308.05
566.55	309.3
566.5	312.55
566.25	311.4
568	313.4
569.15	317.35
567.85	316.35
563.8	311.15
565.6	311.65
561.6	314.1
559.95	308.4
0	0
0	0
0	0
0	0
0	0
558.55	499.6
561.6	454.15
562.25	432.65
541.9	425.05
525.4	436.35
524.45	442.35
517.5	439.8
520.75	443.9
518.3	441.75
518.3	441.05
525.25	443.05
523.25	443.2
518.35	440.85
307.65	431.35
310.6	433.85
313.65	435.8
311.95	438.85
313.3	440.7
311.55	438.9
312.65	440.2
313.3	437.9
314.4	435.25
309.85	436.2
310.2	431
311.5	434.85
315.8	437.1
160.45	431.95
159.95	430.65
150.7	425.2
154.7	425.8
153.35	424.65
150.35	425.55
153.05	426.85
240.8	215.15
268.5	129.65
272.75	138.75
274.5	137.7
274.65	137.55
355.15	154.15
501.75	254.6
500.5	256.45
519.3	265.1
692.55	387
693.55	395.85
696.45	395.2
695.5	394.1
695.45	394
698.1	394
697.75	398.2
697.35	398.05
696.05	395.25
695.5	392.85
692.15	395.05
692.8	399
694.5	399.05
502.55	329.35
506.5	330.75
505.55	334.15
503.05	333.8
502.9	335.05
502.75	336.85
498	334.8
502.45	334.05
499.05	397.4
0	0
0	0
0	0
0	0
323.3	474.8
321.8	443.55
320.65	430.6
325.25	431.9
357.9	431.8
357.7	439.85
359.05	440.25
359.9	438.6
359.05	436.65
360.05	437.3
361.9	442.6
358.4	438.4
327.85	440.95
335.1	443.5
337.35	444.6
328.35	444.75
328.25	436.4
327.6	439.7
328.45	442.3
364.55	339.9
377.55	242.8
381.7	244.55
381.1	244.5
382.15	244.05
450.35	233.7
569.9	245.3
569.95	245.3
570.35	246.4
568.7	242.7
579.8	271.05
0	0
0	0
0	0
0	0
322.05	496.4
324.3	448.2
328.15	434.2
329.5	433.4
326.45	438.7
324.85	443
324.3	443.85
324.6	440.75
323.8	442.7
332.05	446.05
331.85	446.45
335.2	446.95
331.6	447.15
331.5	448.4
334.3	447.2
332	443.05
332.3	443.25
333.4	448.95
332.65	446.15
332.5	446.7
336.2	446.6
438.6	281.3
445.65	279.25
443.15	275.65
445	277.8
550.95	282.25
789.25	279
793.85	283.2
793.8	282.9
788.1	280.9
788.9	277.7
706.35	282.9
559.75	280.05
560.55	277.45
563.3	280.9
564	282.4
562.05	286.4
549.55	286.15
340.8	429.5
344.25	426.95
347.25	427.45
342.5	425.2
340.05	425.7
340.35	425.9
336.7	425.2
337.45	426.3
318.35	430.95
328.25	432.75
327.8	433.65
327.05	435
329.25	428.85
328.3	431.1
329.95	432.7
334.65	437.25
335.75	436.25
333.4	435.75
334.45	435.85
335.75	437.75
335.6	437.6
321.05	439.4
315.95	439.85
315.55	440.4
318.55	439.9
315.05	438.6
0	0
0	0
0	0
0	0
0	0
332.85	461.85
336.65	424.6
338.9	426.8
337.9	438.7
335.9	444
335.85	443.25
327.75	445.3
328.7	444.65
332.15	444.55
330.65	442.45
328.55	436.25
330.25	437.2
332.15	443.75
333.35	445
332.95	445.35
335.65	447.25
338.25	448.95
339.3	445.6
337.1	444.55
341.75	447.8
337.45	447.05
337.8	447.1
334.8	448.9
331.85	443.15
331.55	439.9
0	0
0	0
0	0
0	0
0	0
325.2	449.55
325.4	413.2
324.3	412.85
326.3	422.45
329.35	429.45
330.45	428.8
327.8	429.6
332.7	429.8
333.1	431.4
331.85	430.25
330.8	430.95
331.85	433.5
330.05	434.85
330.15	434.6
327.25	436.3
327.8	436.6
331.15	438.75
332.25	440.85
330.2	441.45
322.85	574.45
0	0
0	0
0	0
0	0
0	0
0	0
0	0
334.2	426.7
332.15	410.1
332.8	409.1
334.2	413.5
336.3	422.8
334.4	427.35
332.9	435.8
331.3	437.1
331.05	440.05
332.6	442.1
332.45	445.8
332.6	449.6
335	444.7
337.75	448.35
334.3	448.2
335.6	450.5
336.55	448
339.1	447.4
339.15	449.45
336.95	448.25
336.6	447.85
338.15	447.7
339.05	444.8
334.9	449.85
339.9	455.65
0	0
0	0
0	0
0	0
0	0
0	0
0	0
346.45	487
346.35	449.9
344.5	419.75
332.65	416.7
334.5	415.35
333.5	432.4
335.35	434.95
340.15	437.5
342.05	437.45
344	438.7
343.15	437.8
342.1	438.45
343.3	436.5
342.7	436.1
342.3	438.5
342.1	438.4
340.25	437.3
344	435.8
342.3	435.3
339.65	437.3
339.35	437.1
342.1	433.65
332.25	432
338.25	431.8
335.1	435.05
333.05	435.7
333.9	433.45
334.1	434.75
335.6	433.25
337.6	431.2
340.1	433
341.6	431.15
340.7	430.4
340.95	429.55
337.4	434.8
336.55	433.5
622	440.8
786	450.4
785.95	453.75
782.25	450.9
786.55	444
781.8	447.85
784.05	448.6
785.15	448.55
792.75	444.75
794.55	434.25
796.3	436.65
798.65	438.5
802	440.2
803.95	440.45
803	442.8
805.75	444.15
808.7	448.55
809.9	448.25
808.95	452.6
804.45	449.75
607.8	505.45
607.65	509.85
607.8	503.95
609.45	503.55
607.95	504.9
610.05	505.35
617.75	509.2
0	0
0	0
0	0
0	0
0	0
851.85	478.85
846.2	438.45
812.15	420.7
807.3	408.1
808.65	410.8
807.3	424.1
807.35	441.85
809.4	447
801.45	451.05
803.75	448.75
803.95	451.85
792.45	462.1
791.8	463.75
796.5	462.3
791.95	463.45
795.6	470.15
795.8	461.4
800.4	465.3
803.4	464.2
801.05	466.6
800.95	462.7
799.3	469.35
798.05	468.35
799.85	469
819.3	540
0	0
0	0
0	0
0	0
807.4	458.7
804.55	423.15
798.7	408.05
797	441.3
797.8	449.3
794.55	452
794.15	451.6
795.35	450.6
793.8	444.8
797.95	443.75
794.25	440.8
796.25	444.7
796.35	443.45
792.9	443.05
793.75	442.05
793.55	442.5
793.4	445.9
794.15	442.7
794.1	441.85
795.35	440.8
795.7	441.15
795.05	441.2
798.55	440.95
798.65	440.8
795.25	442.55
794.4	442.3
794.3	444
793.45	446.55
789.8	445.2
789.05	445.45
814.05	552.4
0	0
0	0
0	0
0	0
0	0
0	0
0	0
808.95	490.4
807.35	447.25
802.25	421.8
801.1	408.6
808.45	435.6
0	0
0	0
0	0
0	0
0	0
0	0
0	0
0	0
0	0
806.1	547.8
802.45	516.1
799.9	491.6
801.55	472.6
798.65	458.7
795.2	446.4
789.6	433.1
782.55	425.1
779.9	428.15
779.4	437.25
784.9	454.1
787.6	462.05
787.65	461.15
786.35	458.5
786.1	456.55
789.8	450.75
788.85	458
779.8	438.6
775.1	434.35
768.85	427.35
552.3	167
554.5	172.4
550.8	173.6
554.45	170.65
553.05	169.15
555.8	165.65
557.35	168.6
563	160.55
558.8	158.35
556.9	156.05
555.65	153.05
550.8	155.35
273.75	267.2
276.05	269.2
275	276
275.85	276.95
276.8	270.55
275.45	270.55
238.5	288.85
235.9	291.9
240	292.05
242.6	292
243.3	287.4
529.2	166.45
552.75	166.35
552.25	172.1
551.95	171.7
551.15	169.9
553.85	173.25
548.95	172.55
555.85	170.05
553.05	177.3
556.8	174.55
557.55	176.4
557.9	175.1
558.95	172.7
558.2	171.85
557.75	171.7
556.95	177.95
557.5	178.4
558.55	180.85
558.5	180.65
557.6	177.95
557.1	176.75
556.8	177.65
554.05	182.45
555.2	188.3
557.35	188.85
556.65	188.15
554.35	189.9
552.8	200.7
552.6	199
551.4	164.2
0	0
0	0
0	0
0	0
0	0
551.6	166.35
549.55	177.1
551.35	187.7
551.35	192.35
552.75	192.2
555.4	196.25
557.5	198.85
559.2	201.1
556.95	203.45
559.95	203.4
561.2	202.7
562	204.55
563.7	206.65
563.3	201.6
563.95	199.25
564.8	200.15
567.55	199
567.2	200.85
566.55	203.35
569.85	208.25
571.45	209.4
573.35	210.45
581.7	252
0	0
0	0
0	0
0	0
0	0
579.35	165.5
572.3	160.4
574.05	187.8
575	200.05
575.9	202.5
292.15	415.7
274	475.85
273.05	479.1
275.05	477.7
276.25	477.35
235.5	479.45
240.45	480.05
243.9	479.75
243.2	476.4
242.75	477.15
500.45	296.75
626.2	215.2
627.35	230.25
634.3	228
628.75	227.5
626.05	226.25
623.4	223.6
628.15	222.85
627.45	226.3
629.15	220.05
641.4	185.1
643.65	188.65
644.45	187.55
645.4	189.25
646	189.25
644.2	190.9
645.25	189.7
642.75	184.75
641.45	186.2
231.3	457.15
222.1	487.25
223.6	488.4
222.25	485
222.45	482.75
221.25	480.95
208.75	476.4
211.9	476.65
210.25	476.9
212.7	476.65
215.35	475.95
212.55	473.65
212.45	473.65
212.95	472.6
213.45	469.9
253.55	558.95
256.25	562.65
257.1	564.7
260.3	568.55
259.05	566.05
257.15	563
257.15	560.15
239.95	591.45
235.15	595.85
234	598.45
236.2	593.75
236.1	592.9
235.85	591.65
236.85	590.7
235.2	590.85
236.45	591.15
222.85	478.5
219.45	457.2
218.8	459.1
217.25	457.65
215.8	463.4
0	0
0	0
0	0
0	0
0	0
205.55	459.4
204.5	434.9
209.2	443.25
210.8	453.05
211.65	454.25
213	456.3
213.1	460.3
212.35	461.15
212.9	458.1
211.65	454.6
211.2	457.6
214.15	461.35
214.45	457.75
212.25	458.2
215.85	453.7
204.2	450.1
200.7	457.45
208.05	458.5
205.45	460.3
202.1	453.45
204.5	452.05
204.35	452.7
204.1	458.25
207.7	457.55
203.35	457.7
206.85	458.65
208.75	459.55
193.75	718.6
0	0
0	0
0	0
0	0
0	0
198.05	466
197.5	438.7
197.25	435.75
201.35	446.15
203.8	452.2
203.65	448.85
201.75	446.65
205.75	444.3
207.9	444.85
208.25	447.8
211.1	452.1
214.65	455.7
212.15	457.05
212.3	461.55
212.05	461.1
213.55	461.9
216.45	459.7
417.95	389
542.95	340.9
547.5	344.35
540.05	338.25
543.6	336.7
555	326.65
570.8	303.95
570.35	305.3
567.6	312.05
569.2	312.45
568.9	313.05
568.75	312.45
570.75	312.05
574.95	312.75
574.6	313.6
573.55	314.7
570.85	320.35
568.9	321.8
570.9	318.9
565.8	326.65
565	328.1
563.8	325.4
565.85	321.75
561.2	319.75
559.5	321.15
559.3	323.65
564	319.8
566.95	321.7
565.05	321.65
570.85	365.4
0	0
0	0
0	0
0	0
350.25	341.9
350.65	347.7
353.55	355.25
354.45	353.65
354.35	350.35
347.15	350.2
442.2	343.35
573.7	320.75
572.55	318.8
568	321.3
567.8	319.75
572.65	321.75
574.25	320.4
570.5	320.9
569.4	318.15
569.75	319.35
569.5	319.05
568.4	320.95
568.9	320.05
570.45	320.5
572.8	321.6
572.6	320.55
574.3	321.2
567	320.45
578.3	329.8
0	0
0	0
0	0
0	0
577.8	310.65
566.75	283.8
558.45	297.8
561.95	310.35
561.4	316.6
564.55	320
567.1	320.2
570.25	322
570.95	322.95
570	319.1
567.7	322
566.95	319.3
569.95	320.05
573.4	317.25
572.25	310.6
576.7	312.85
579.65	314.1
577.45	313.35
573.45	313.55
576.85	310.65
0	0
0	0
0	0
0	0
0	0
577.15	309.65
573.6	276
570.45	278.75
572	302.2
569.6	304.6
569.25	303.9
570.45	304
569.6	301.35
570.1	301.6
572.65	302.2
573.65	304.9
568	302
570.35	301.55
571.1	302.3
572.5	301.8
572.75	302.4
573.35	305.45
575.05	308.5
574.45	307.3
572.8	306.85
574.9	304.15
573.95	307.05
575.9	305.6
577.85	306.9
578.85	310.2
579.25	305.8
577.15	303.05
576.45	304.9
575	304.8
575.7	303.1
575.4	305.9
575.15	305.05
577.55	308.3
576.45	306.3
575.45	308.05
575.45	308.65
572.4	307.95
573.45	308.6
574.5	306.3
291.85	533.45
289.35	529.25
292.6	521.25
290.9	523.8
0	0
0	0
0	0
0	0
0	0
0	0
279.15	593.7
285.5	569.65
287.55	550.95
287.05	542.45
291	537.25
457.15	416.35
584.4	290.2
575.75	297.7
579.1	314.7
575.75	313
571.25	316.85
568.25	320.75
568.6	320.5
568.9	317.85
554.8	321.7
551.65	330.25
551.15	332.75
554.05	331.7
481.45	363.45
322.5	518.8
326.5	525.4
326.4	524.45
325.85	522.7
326.7	524.4
328.4	521.65
289.05	541.9
294.65	546.75
297.3	544.1
292.95	541.65
293	543.25
296.2	543.5
296.25	540.15
297.75	539.15
297.55	542.1
297.75	539.2
292.1	536.7
292.6	535.3
294.7	535.25
295.75	535.65
295.7	533.4
296.85	534.1
298.2	533.7
302.05	535.25
298.6	531.25
296.85	529.7
301.95	527.7
299.35	527.45
302.15	527.35
302.45	526.05
299.2	526.2
303.45	528.85
303.85	524.15
300.45	522.5
298.4	524
296.65	521.9
298.05	518.95
296.05	517.85
297.3	518
295.1	515.3
293.85	516.75
290.15	634.8
0	0
0	0
0	0
0	0
309.25	539.15
310.4	503.6
310.85	492.5
311.1	487.65
312.35	490.6
310.9	491.8
310.85	496.1
309.1	499.95
311.45	501.95
309.05	501.85
308.95	503.5
311.2	504.95
314.4	505.45
313.05	507.65
357.75	340.25
351.15	312.1
354.35	314.1
354.9	315.35
360.1	320.25
326.6	294.6
330.55	299.7
329.15	299.9
330.15	304.55
332.1	304.65
595.9	350.55
607.4	359.2
609.15	361.3
601.75	364
602.65	363.75
608.65	641.25
0	0
0	0
0	0
0	0
308.35	266.55
309.8	282.45
307.35	283.35
309.55	284.4
306.15	284.2
308.15	288.05
309.55	287.6
311.85	289.7
313.25	290
313.65	291.35
315.75	290.95
316.45	290.1
317.15	289.4
316.55	290.9
313.5	293.45
311	291
311.15	290.9
313.65	291.05
314	289.25
310.85	286
319.1	291.65
326	288.85
321.2	291.1
331.65	350.65
0	0
0	0
0	0
0	0
0	0
304.8	245.45
305.85	254.6
308.5	265.9
309.15	267.1
312.05	269.5
314.05	268.65
318.95	269.2
313.9	275.95
317.6	270.2
319.8	272.45
317.85	273.3
322.45	281.75
318.9	286.85
321.6	285.75
322.3	286.85
325.75	284.75
326.1	283.25
325.9	280.6
325.05	279.5
331.95	641.85
0	0
0	0
0	0
0	0
0	0
319.85	270.95
320	252
321.05	268.25
324.75	269.85
317.75	265.8
316.95	264.35
318.9	262.95
319.9	263.4
321.7	263.85
320.85	265.1
317.3	265.45
324.4	264.2
323.3	266.85
325.05	264.35
323.55	265.6
318.55	263.85
717.75	408.95
716.8	398.3
718.6	405.85
716.25	404.6
715.35	400.45
714.8	402.25
716.3	406.1
721.45	403.95
746.9	344.1
751.65	339.6
688.75	267
681.5	259
683.3	261
683.6	261.7
679.35	263.15
681.35	264.95
678.2	262.95
677.75	260.5
681.2	260.65
682.1	265.75
680.45	268.2
678.5	270.5
678.05	261.95
672.75	261.65
727.05	258.65
730.9	256.95
729.4	259.7
723.4	260.7
728.8	261.05
802.9	254.3
802.95	253.85
804.15	253.4
804.15	256.75
805.3	256.2
811.05	258.85
816.35	255.4
816.9	593.95
0	0
0	0
0	0
702.05	261.35
690.6	223.75
690.9	209.4
677.4	208.2
676.75	219.5
683.4	241.45
685.8	248.75
687.2	245.85
687.7	248.3
685.05	241.6
684.25	243.7
685.6	244.1
687.25	244.15
685.7	246.65
688.85	246.95
491.8	316.25
254.85	457.5
250.05	461.35
252	457.4
253.65	462.85
253.15	462.35
250.65	462.25
252.65	465.55
244.25	483.55
244.35	487.7
244.2	487.2
248.05	489.6
247.65	487.55
246.2	486.75
247.2	486.15
246.2	482.8
245.5	483.7
209.55	484.35
223.45	490.15
219.05	490.3
219.85	489.2
223.7	491.95
219.4	490.05
220.95	490.55
220.35	489.1
221.65	488.2
219.15	488.2
218.3	485.55
219.3	486.5
218.75	486.05
220.75	486.25
224.85	485.55
226.9	487.2
224.7	490.55
465.15	554
511.65	585.4
508.4	584.4
507.45	581.95
510.2	582.55
508.65	582.3
507.4	582.55
518.45	565.55
0	0
0	0
0	0
0	0
0	0
198.25	530.05
202.45	497.85
197.85	482.95
199.2	477.55
204.1	490.25
209.2	496.35
235.6	505.05
232.2	504.65
231.5	500.9
230.7	499.7
501.85	594.05
510.2	597.05
506.4	599.7
504.25	598.55
506.05	600.25
506.9	599.7
133.85	590.75
143.05	594.95
143.85	594.5
145.2	595.8
82.05	584
90.95	587.1
93	587.7
92.25	589.9
92.4	589.25
97.6	597.95
99.85	599.7
97.8	599.95
91	598.45
91.25	599.75
332.3	635.8
416	652.9
415.15	654.85
416.4	655.1
418.35	654.85
416.2	656.1
558.2	659.9
562.45	661.1
561.75	661.6
561.9	662.2
565.15	662.5
129.05	597.9
127.2	597.55
129.75	605.5
133.25	607.5
133.35	604.5
129.75	605.65
78.7	601.6
89	603.5
92.15	606.3
95	607.05
95.7	607.55
94.05	605.55
99.25	605.25
97	603.45
97.6	603.35
99.95	603.3
100.8	603.7
100.9	603.65
107.95	607.1
107.15	608
105.3	602.25
104.85	605.4
107.75	604.45
105.5	603.4
107.95	603
105.45	605
106.65	603.45
106.85	605
0	0
0	0
0	0
0	0
0	0
691.6	219.4
687.45	188.6
686.8	182.55
684.85	188
681.75	210.45
683.8	216.15
683.65	218.75
684.95	225.45
539.8	305.45
160.75	607.75
171.3	605
174.6	606.7
174	603.75
160.2	605.8
97.75	604.4
100.4	604.7
102.8	602.05
104	602.1
104.8	601.8
104.2	603.05
105.15	603.25
106.7	603.85
106.05	602.75
106.45	607.45
105.6	606.6
107.5	601.45
107.3	605.05
0	0
0	0
0	0
0	0
0	0
0	0
0	0
105.95	611.6
107.75	589.7
104.9	582.3
137.2	583.25
375.7	240.7
384.55	191.9
393.95	218.1
391.6	222.15
390	226.3
393.65	169.5
395.5	174.9
394	171.75
391.9	173.95
388.65	173.4
385.15	175
386.6	176.25
385.6	177.65
388.45	176.7
386.75	177.3
386.55	177.2
384.85	181.5
383.05	180.05
383.5	180
384.5	181.55
383.6	177.75
387.6	183.6
385.15	187.95
384.05	178.05
381.5	179.95
371.95	176.55
370.25	182.05
370	185
370.7	187.1
370.1	185.35
369.65	186.35
370.25	184.75
357.3	170.4
357.25	169.5
356.65	179.15
359.4	178.4
356.45	173.9
359.1	171.45
360.15	172.5
363.45	173.7
364.15	174.95
358.55	175.7
371.1	176.15
0	0
0	0
0	0
0	0
377.8	163.75
377.35	131.9
374.6	142.15
378.6	157.1
380.45	159.95
378.25	162.35
379	164.6
369.25	177.1
370.65	181.45
370.7	180.6
372.45	183.3
378.2	183.25
370.45	181.85
372.55	181.3
371.35	182.15
382.45	361.45
0	0
0	0
0	0
0	0
0	0
373.6	142.15
373.7	117.3
371.8	133.25
372.35	135
390.3	330.7
0	0
0	0
0	0
0	0
0	0
0	0
399.5	131.35
401.2	113.75
400.2	126
406.6	149.6
408.9	152.85
410.7	159.35
382.1	165.95
382.3	166.65
381.1	160.9
378	154.9
379.7	155.45
379.15	161.25
378.15	161
380.95	166.1
377.55	165.5
376.75	161.45
377.05	163
362	161.3
360.1	158.4
362.55	158.6
364.3	156.55
363.15	157.7
365.5	154.55
363.1	151.5
361	151.9
360.4	151.6
356.45	148.4
356.85	150.05
357.9	152.4
363.35	153.75
365.9	153.35
366.85	152.15
364.35	154.45
364.7	152.4
848.3	107
848.45	102.95
847.75	101.4
846.55	104
844.3	107.7
849.4	103
850.8	102.4
848.75	105.45
847.9	104.8
794.55	109.75
406.8	134.9
395.05	139.9
395.4	140.9
394.9	141.4
396.7	147.8
397.3	143.8
360.35	151.7
360.55	156.5
363.9	159.25
370.3	156.9
370.6	158.4
365.3	157.25
366.95	154.95
366.9	154.95
368.35	151.8
368.95	152.8
366.25	151.4
366.9	150.95
818.95	92.45
834.3	89.35
835.5	92
834.7	91.85
833.9	91.95
838.5	92.9
884.4	85.3
885.7	86.05
890.3	91
887.35	89.1
886.9	91.55
894.85	90
894.7	94.1
891.75	92.75
894.15	93.95
893.95	94.8
891.1	96.4
892.45	95.9
891.8	94.65
893	91.85
892.7	93.95
895.35	92.15
941.05	416.75
0	0
0	0
0	0
0	0
887.15	26.8
879.15	3.75
878.2	19.15
862.8	58.25
856.15	78.1
858.6	84.65
861.65	83.75
863.45	86.65
865.15	85.45
862.6	92.7
866.65	92.25
865.65	95
877.1	92.65
873	88.2
873.5	84
875.5	90.4
874.8	88.9
873.1	90.1
873.5	88.6
876	87.9
880.75	85.25
912.05	66.45
911.6	66.95
909.7	71
912.3	69.75
914.1	66.2
885.5	61
889.3	62.95
889.75	69.95
888.1	68.25
887.55	67.85
884.05	67.35
887.1	68.3
879.5	69.8
881.15	66.25
882.85	68.3
885.25	66.05
886.9	65.15
883.5	72.05
881.95	71.15
881.6	68.6
880.3	65.05
926.15	266.1
0	0
0	0
0	0
0	0
0	0
0	0
858.7	61.9
847.6	24.45
843.1	14.95
841.25	14.5
843	40.45
845.8	58.55
821.1	97.5
823.1	143
820.3	150.3
819.15	150.6
820.6	156.65
821.5	157.55
824.1	157.4
822.7	159.6
821.15	155.95
823.25	154.35
824.8	156.55
824.05	157.6
826.25	157.05
819.65	153.55
822.5	157.55
820.8	161.1
725.05	190.9
290.3	525.55
299	522.05
303.2	521.55
304.3	522.05
244.75	488.15
243.75	480.15
243.35	482.8
244.4	481.3
244.45	481.8
246.7	479.7
246.55	478.45
247.05	477.2
248.55	481.1
250.5	482.35
245.35	475.9
244.45	477.95
248.75	482.35
250.55	481.05
253.35	479.4
250.25	481.45
248.8	481.5
251.8	480.85
253.25	480.7
251.4	477.65
250.25	478.65
250.4	477.35
248.7	474.2
249.7	474.4
253.5	473.1
251.1	474
249.05	475.1
259.45	510.45
0	0
0	0
0	0
0	0
0	0
0	0
247.9	524.9
254.15	482.8
252.65	459.05
252	451.2
254.4	457.75
276.2	463.7
278.85	469.95
280.4	471.5
281.5	472.65
280.55	474.45
282.7	475.05
264.75	472.4
268.5	476.55
269.65	477.65
270.95	475.15
265.45	473.55
264.55	470.65
267.5	477.3
275.35	479.15
271.15	478.35
271.4	478.5
272.6	477.15
273.05	476.85
262.05	485.35
262.55	484.85
263.9	486.35
261.45	483.9
260.55	483.7
260.65	481.4
260.45	478.8
254.55	477.1
260.9	475.7
256.15	478.4
260.55	478.1
0	0
0	0
0	0
0	0
257.5	522.1
259.9	467.3
257.85	451.5
262.85	460.1
263.4	468.4
264.15	470.1
261.6	473.7
254.55	477.2
255.5	486.55
259.8	487.9
255.4	486.75
257.9	480.9
260.3	482.9
259.15	487.4
263.8	488.55
262.2	490.65
261.35	489.35
263.95	491.6
268	489.85
267.75	488.65
261.85	489.45
261.3	489.15
259.85	500.4
0	0
0	0
0	0
0	0
0	0
0	0
0	0
0	0
0	0
252.2	504.5
257.05	488.15
261.45	466.9
264.65	454.3
265.95	444.3
274.2	445.3
273.4	437.2
271.5	434.05
271.35	438.3
271.7	441.85
278.1	443.9
281.2	448.35
281.2	451.65
286.6	453.05
287.7	457.3
288	459.4
288.3	462.85
288.35	462.1
286.8	460.5
288.4	465.95
283.85	462.15
281	463.35
281.75	462.55
282.4	464.8
280.5	466.05
279.6	467.55
283	469.45
282.4	469.15
282.8	468.15
282.85	466.45
283.7	465.9
278.9	461.65
282.9	454.1
258.65	448.85
262.7	445.5
263.25	453.2
267.3	451.9
265.65	450.25
266.55	445.5
266.85	441.95
266	444.4
274.9	444
271.45	449.95
265.8	449.35
0	0
0	0
0	0
0	0
0	0
0	0
732.65	118.45
728.65	94.1
726.85	77
724.5	77.25
724.95	78.1
721.5	82
712.65	90.95
704.5	108.9
709.05	125.3
715.95	143.85
715.2	152.25
721.75	157.4
717.4	154.7
722.1	162.6
722.65	164.45
724	157.6
720.3	161.3
719.5	157.2
721.25	151.7
727.4	150.4
726.25	151.3
728.55	162.3
727.4	157.65
723	156.65
716.6	159.5
716.75	165.6
714.15	155.15
712.15	165.05
716.1	158.9
709.6	158.25
705.85	158.1
715.4	163.1
710.5	157.5
703.05	165.2
711.75	164.4
709.5	155.7
708.75	158.65
709.65	163.95
707.25	167
715.4	161
715.45	160.75
713.95	151.75
716.6	152.4
723.9	157.8
721.05	160.15
723.15	161.3
725.3	158.75
726.25	153.2
720.4	154.6
717.55	158
719.15	158.9
719.3	158.55
719.95	156.5
720.55	159.1
289.9	160.8
292.15	163.95
293.5	163.35
296.25	169.9
302.9	172.85
299.65	167.75
278.5	189.45
274.65	187
271.75	186.7
270.3	183.15
268.95	185.25
268.8	184.95
269.05	186.6
270.35	187.1
273.2	187.85
273.9	188.35
262.35	188.6
263.05	183.85
265.15	187.1
265.4	190.3
584.75	166.55
731.25	163.2
728.05	165.1
728.25	158.7
730.9	163.55
728.05	169.95
727.1	165
478.6	175.6
263.65	178.35
265.65	182.4
266.6	186.25
270.45	186.95
273.35	187.5
273.45	188.6
272.35	189.5
274.4	187.75
276	189.8
275.75	190
272.9	187.35
276.3	188.7
274.95	187.95
279.45	193.45
276.6	189.4
276.8	189.75
277.4	189.65
274.95	186.95
272.95	186.5
270.55	183.5
271.95	181.4
272.65	179.65
272.95	180
273.3	190.05
270.45	187.35
271.4	181.15
269.25	177.45
282.05	447.5
0	0
0	0
0	0
0	0
263.65	187.95
268.85	158.4
267.45	160.35
268.85	174.3
270.45	177.75
271.7	176.85
270.2	181.35
274.35	185.65
273.6	184.85
272.1	184.1
274.6	187.75
277.75	188.65
279.25	187.7
278.4	187.35
279.1	187.2
279.45	180.7
274.35	181.85
0	0
0	0
0	0
0	0
0	0
256.15	149.35
258.15	143.85
258.8	160.95
259.8	168.15
263.65	170.7
267.1	166.55
285.55	178.95
287.85	179.1
285.5	178.2
282.3	171.8
284.05	171.05
287.5	176.85
285.55	180.2
288.2	182.15
286.25	178.3
272.45	185.8
277.35	188.8
277.95	189.55
277.75	191.7
279.65	193.3
281.35	192.6
283.85	196.7
284.8	195.8
286.45	195.35
288.55	194.25
289.85	193.45
292.7	196.3
287.15	193.75
285.35	192.35
285.95	195.25
291.35	196.35
291.35	196.85
290.85	196.55
287.95	195.3
285.2	190.8
306.85	205.95
524.25	259.1
529.95	263
528.8	260.55
530.75	259.55
475.85	255.45
280.45	170.9
276.05	166.45
273.15	165.65
270.9	164.6
274.2	168
273.65	167.5
268	165.5
282.4	447.5
0	0
0	0
0	0
0	0
295.65	170.9
300.9	153.85
299.9	151
299.85	158.55
304.2	170.45
286.5	188.3
286.65	190.3
287.3	192.1
286.3	192.9
288.7	193.65
282.45	192.75
283.1	193.5
282.2	194
283.65	196.15
287.8	197.95
643.9	303.9
639.8	304.95
639	305.1
638.95	308.45
639.15	308.35
638.95	309.55
639.95	305.5
640.1	305.2
640.25	311.5
733.5	342.05
732.9	345.85
735.1	347.75
736.35	350.55
742.85	579.35
0	0
0	0
0	0
0	0
740.8	367.5
740.55	334.4
736.4	319.55
729.8	309.7
719.95	311.75
715.95	319.05
719.1	335.15
719.55	339.95
718.1	344.55
722.35	343.8
723.75	347.9
719.85	345.1
719	345.6
717.7	345.1
721.15	345.9
722.55	343.15
724.8	351.25
728.75	349
728.65	349.6
729.75	350.4
727.75	350.6
724.25	349.65
721.85	347.45
723.5	347.15
725.75	347.9
726.85	349.15
727.6	352.15
729.85	353.8
733.1	351.3
731.8	348.6
723.95	345.05
725.25	348.7
727.2	347.25
727.7	347.35
726.45	351.95
728.9	353
727.9	351.75
726.6	343.6
730.55	645.95
0	0
0	0
0	0
0	0
738.5	376.65
737.45	346.05
733.15	330
727.35	328.5
725.45	321.55
724.4	323.2
722.65	328.95
719.7	330.95
721.75	338.4
718.15	345.25
716.7	348.3
716.75	350.6
718.15	354.7
720.75	359.85
721.15	359.65
722.8	362.3
724.55	363.55
729.25	325.75
0	0
0	0
0	0
0	0
0	0
0	0
748.95	372
747.6	339.1
743.3	323
737.35	319.45
734	325.55
731.2	324.85
726.9	343.9
726.25	352.4
729.25	356.65
732.35	355.45
732.7	358.45
738.35	365.35
738.15	369.1
737.75	369
737.35	368.15
739.05	371.6
738.55	371.3
757.7	465.25
0	0
0	0
0	0
0	0
0	0
763.5	375.85
760.05	326.7
754.7	311.85
751.35	306.55
748.65	316.55
752.3	317.8
0	0
0	0
0	0
0	0
0	0
0	0
0	0
0	0
0	0
752.8	388.85
756.7	349.35
748	314.95
743.1	301.2
739.1	308.9
738.6	324.9
741.4	337.85
742.3	340.1
742.2	345.95
746.25	347.6
745.4	351.5
743.8	352.85
745.9	351.6
499.05	401.85
295.4	454.5
293.85	458.4
295.5	457
293.95	455.5
295.75	457.1
292.15	455.55
294.2	455.15
283	471
286.4	468.1
287.05	463.7
288.8	463.5
289.2	462.7
287.55	463.8
286.3	461.7
284.7	461.4
285.15	463
285	464.35
283.15	464.65
286.8	464.05
289.05	463.8
286.7	463.55
286	462.5
286.45	462.75
288.95	462.25
289.95	456.6
288.45	454.3
290.45	457.6
292.95	459.2
294.5	458.6
294.9	459.3
294.2	459.75
294	459.75
294.3	462.25
294.95	463.35
385.9	529.35
386.65	523.8
388.4	525.5
388.85	522.35
384.65	518.85
385.55	516.45
387.05	518.9
390.25	515.2
390.25	517.6
391.2	518.25
289.2	454.75
290.65	457.85
289.7	455.8
290.5	454.8
289.7	454.15
287.55	455.55
286.95	453.15
286.3	450.55
289.3	451.25
293.85	450.65
294.05	452.7
293.9	452.8
579.8	238.75
779.8	93.95
786.85	145.1
789.4	148.15
789.6	149.6
791.65	151.45
791.85	152.85
791.05	157.85
792.75	156.3
795.9	155.1
786.55	119.65
778.35	85.4
779.1	85.95
780.45	89.15
782.95	92.35
781.75	94.2
782.2	88.85
784.65	90.65
785.5	94.9
784.7	94.55
784.95	92.9
784.6	90.75
785.35	92.45
813.95	110.85
812.6	111.7
814.75	110.3
817.4	112.3
816.7	113.65
818.3	114.05
823.75	182.95
828.45	174.75
824.9	177.85
824.15	177.85
825.6	179.4
826.55	177.65
830.15	183.2
832.5	184.95
832.3	180.8
828.55	180.85
832.15	180.15
832.7	180.9
831.5	182.95
829.6	180.5
829.8	179.9
828.9	178
828.6	177.25
827.15	178.15
828.25	177
827.85	179.05
808.7	83.25
810.1	84.75
811.4	82.4
810	79.35
812.45	462.8
0	0
0	0
0	0
0	0
0	0
800.95	55.5
796.8	48.1
792.45	52.2
787.5	51.85
793.25	55.95
795.4	88.25
797.35	100.9
797.85	104.9
795.3	111.05
685.75	185.75
693.7	184.45
696.2	187.3
693.7	184.85
694.25	188.55
380.7	389.9
297.35	480.75
302.75	479.15
296.8	479.7
296.4	477.55
296.9	477.5
290.9	478.6
284.85	481.2
288.7	481.75
290.45	481
287.4	482.05
286.2	477.15
541.8	323.5
791.55	135.35
798.45	145
795.5	145.15
790.2	140.6
788.45	139
795.75	140.25
794.05	147.8
794	146.6
793.6	141.15
792.4	136.95
788.3	138.5
789.8	134.4
790.4	138.9
789.8	140.1
790.25	146.85
789.1	145.8
789.1	148.25
788.15	148.25
790.3	148.65
791.35	150
789.8	145.25
780.6	142.1
782.85	139.35
789.05	146.85
793.45	148
789.95	148.95
785.45	145.1
780.8	144.95
780.5	143.25
780.55	146
780.9	147.1
785.65	150.65
738.55	406.6
736.3	394.85
736.65	396
736.6	396.95
740.5	396.4
738.55	400.7
738.45	401.7
740.8	401.4
741.25	403.85
747	402.7
750.25	402.25
744.95	402.7
742.65	394.75
748	390.1
747	379.95
746.6	381.4
747.1	381.65
747.7	385.5
746.35	387.45
747.7	386.6
748	386.8
753.45	403.3
754.8	402.4
755.65	402.35
754.5	404.65
754.35	400.85
751.25	395.85
753.3	400.6
753.3	400.4
752.6	399.75
752.45	400.2
750.25	366.6
0	0
0	0
0	0
0	0
779.35	435.1
773.25	391.35
766.9	374.35
767.65	371.95
767.2	377.15
768.2	388.7
768.15	394.15
765.65	396.6
768	398.8
768.65	398.1
769	402
768.1	400.1
770.95	404.55
772.25	405.75
757.45	409
757.05	412.1
756	411.45
755.4	411.6
753.15	413
751.55	410.35
751.65	408.85
750.75	409.4
753.2	409.6
751.95	413.55
752.05	409.45
754.75	407.9
752.85	410.1
759.1	418.3
766.75	419.65
767.75	422
768.45	418.55
767.45	422.2
766.35	420.6
766.6	415.5
770.35	397.45
769.25	397.15
770.5	394.55
770.3	395.45
770.15	394.3
772.95	391.6
772.5	389.95
769.85	393.75
772.05	395.05
772.05	644.15
0	0
0	0
0	0
0	0
776.15	401.9
769.45	363.7
766.45	351.55
762.4	344.2
756.8	344.4
757.05	348.5
755.45	364.2
758.05	370.6
761.1	371.45
763.55	374.1
765.55	372.95
762.5	375.65
762.95	378.35
765.9	378.45
763.6	380.45
765.25	375.8
775.05	374.3
776.95	372.8
776.7	376.85
773.6	375.85
774.9	374.5
774.3	374.25
774.15	373.3
775.3	371.95
774.8	371.65
775.5	372.95
774.6	372.7
768.1	377.55
770.2	373.3
770.45	377.95
776.3	376.95
775.4	375
771.8	375.3
772.8	375.45
770.6	376
767.2	381.4
767.45	382.5
769.25	379.8
771.2	378.3
769.45	376.05
754.4	387.9
753.3	386.6
752.75	387
755.95	383.4
755.7	383.85
754.4	385.3
757.65	389.65
756.6	391.75
758.3	390.6
757.9	391.25
757.8	383.85
749.8	385.35
757.25	384.3
759.25	388.65
757.75	390.8
757.35	390.25
757.7	389.65
757.05	387.8
763.8	401.1
762.85	399.85
764.6	403.1
763.5	398.05
763.3	396.1
761.4	395.75
763.8	401.35
765.6	400.3
755.65	417.9
759.35	435.6
0	0
0	0
0	0
0	0
0	0
0	0
722	654.65
732.75	597.95
735.6	557.1
736.8	527.25
738.2	510.15
736.95	500.7
735.8	493.65
741.1	477.4
752.55	375.4
751.25	363.3
747	364.6
744.85	366.7
744.85	369.15
740.25	372.65
743.75	380.45
746.95	386.7
748.65	391.2
745.8	392.05
744.95	392.65
745.2	393.8
745.25	397.05
747.45	400.95
748.8	403.55
756.15	402.75
759.7	403.55
756.35	404.05
755	400.9
754.3	399.15
755.1	402.6
757.35	405.95
757.65	403.55
757.3	404.6
759.7	405.5
760.85	388.2
759.35	391.75
757.55	392.1
756.05	389.1
760.35	386.75
758.8	387.45
757.5	386.4
757.5	385.95
758.25	386.85
759.5	386.7
757.7	385.25
760.45	389
653.3	415.95
455.75	539.4
448.35	545
452.3	545.8
449.7	551.7
453	552.15
342.55	546.6
332.5	546.85
332.3	549.05
333.5	552.85
336.75	556.4
439.7	537.9
544.15	531.65
545.05	534.05
545.85	532.55
548.8	533
552.85	532.5
743.45	354.05
747.45	374.2
745.8	375.2
745.8	374.3
746.4	376.5
747.9	377.25
749.65	377.95
748.55	376.1
680.15	257
680.85	260.75
683.05	260.9
682.1	262.7
681.7	262.3
685.2	258.45
683.85	258.8
683.35	258.8
705.95	330.3
0	0
0	0
0	0
0	0
0	0
0	0
0	0
0	0
0	0
0	0
0	0
0	0
0	0
0	0
0	0
0	0
0	0
0	0
0	0
0	0
923.05	82.45
663.75	503.05
649.05	510.85
648.9	507.95
650.55	508.45
654.5	507.65
451.65	549.5
448	559.85
445.85	559.4
447.5	551
448.3	547.65
445.5	547.4
450.2	550.25
448.9	551.35
452.35	547.35
451.65	549.75
450.2	546.35
451.75	547.95
454.7	541.7
457.3	540.85
454.9	542.4
454.15	545.65
453.9	542.55
452.7	541.25
455.25	543.1
456.95	541.65
461.35	541.15
459.55	539.55
461.45	540.2
462.65	539
461.7	537.75
462.2	538.4
461.05	537.25
466.1	581.6
0	0
0	0
0	0
0	0
0	0
465.05	597.7
468.7	558.6
468.75	536.55
469.95	528.3
470.05	526.9
465.55	522.35
465.7	522.5
464.55	526.85
467.2	533.45
469	533.45
469.3	535.6
465.7	543.4
463.65	541.7
464.9	542.3
468.9	537.95
462.9	534.3
471.2	541.1
467.55	540.4
466.2	540.85
464.2	541.05
464.25	541.55
463.25	541.2
464.15	542.05
465.15	541.7
465.35	541.8
465.2	542.85
467.1	543
468.4	540.8
468.3	536.95
470	539.9
477.9	542.95
474.3	542.8
472.05	539.8
472.6	537.9
472.25	540.15
475.95	543.95
477.6	540.25
479.05	540.75
475.35	540.45
475.45	538.6
477.35	539.55
478.6	539.7
481.25	539.9
481.6	539.35
481.85	536.85
482.7	533.75
486.25	531.75
484.7	609.3
0	0
0	0
0	0
0	0
624.6	280.1
621.6	254.55
620.45	249.35
619.5	238.8
599.35	251.35
540.5	282.65
541.55	295.95
542.4	300.05
546.5	304.6
548.8	307.55
552.95	311.15
553.85	311.55
547.5	307
452.05	309.45
446.7	308.3
441.95	307.3
443.7	309.6
449.35	318.1
451	319
453.5	319.45
455.3	322.2
454.05	322.85
455.55	319.5
451.95	316.25
453.15	317.05
453.15	317.2
455.15	318.2
453.3	319
456.2	319.1
491.3	426.75
0	0
0	0
0	0
0	0
0	0
0	0
0	0
0	0
0	0
0	0
568.5	183.9
563.25	167.65
561.9	165.15
562	177.05
596.65	308.4
597.15	301.55
592.6	299.35
595.5	290.4
600.05	296.35
593.5	293.3
593.75	291.3
597.2	293.5
511.9	290.7
376.3	286.6
379.45	289.45
380.65	288.4
378.35	288.75
378.15	285.55
411.6	674.9
0	0
0	0
0	0
0	0
0	0
0	0
0	0
0	0
517.45	200.1
513.5	186.6
508.1	202.35
512.8	223
520.45	222.45
527.05	221.4
523.25	212.3
0	0
0	0
0	0
0	0
0	0
0	0
0	0
0	0
0	0
466.9	297.1
457.8	259.7
457.5	277
461.15	283.5
459.45	285.8
459.55	286.85
456.9	288.35
457.6	284.6
461	289.45
462.45	286.6
468.9	287.9
469.15	286.1
466.9	288.6
467.25	287.85
464.6	287.35
467.45	291.15
463.25	291.8
459.85	291.35
462.35	291.25
466.65	295.55
468.55	285.45
469.3	285.7
468.75	290.2
467.65	293.25
468.55	292.55
467.75	290.75
466.1	288.3
466.5	291.25
470.2	275.6
466.65	284
470	288.35
469.45	291.65
472	290.05
467.9	289.55
465.65	283.85
466.95	283.35
468.15	285.6
469.2	292.15
470.2	295.15
391.8	349.65
403.6	390.7
401.7	398.1
406.15	401.1
406.05	399.65
402.35	399
277.9	481.2
284	480.95
287.2	480.65
287.9	482.65
288.45	478.85
284.7	479.35
285.1	480.95
286.95	479.1
294.35	479.05
291.15	478.5
291.8	475.65
288.15	477.8
288.5	475.3
288.85	477.4
290.3	476.4
188.75	451.5
182	446.55
181.6	448.65
184.85	450.45
183.4	449.2
183.2	449.5
182.95	450.35
182.9	450.05
308.7	536.9
311.4	533.25
311.95	531.3
312.1	532.95
310.7	530.05
313.8	530.2
316.35	529.35
314.3	529.55
312.4	531.85
310.1	519.2
311.2	521.55
311.7	521.1
310.35	521.95
312.45	525.65
317.05	526.4
316.1	529.5
317.95	531.45
318.75	528.9
320.5	530.05
321.5	529.35
321.05	529.35
321.3	523.05
321.85	525.35
323.1	528.25
357.95	384.15
357.25	260.65
357.3	254.6
360	253.05
358.3	250.75
356.85	246.95
394.3	187.8
394.7	188.55
393.4	192.8
393.2	189.7
394.6	193.65
396.55	197.15
379.25	198.3
245.9	228.2
240.5	230.95
232.3	224.8
232	222.25
230.6	219.5
232.6	228.15
237.1	227.55
245.6	226.95
397.85	231.25
397.2	229.85
397.2	231.35
398.55	228.95
401.25	230.9
404.5	234.15
359.1	315.25
354.25	315.2
355.8	313.45
355.2	311.6
352.5	312.05
350.35	311.6
357.9	361.4
359.1	367.65
361.4	367.5
361	370.3
360.55	367.6
534.8	405.95
530.4	406.45
530.15	406.55
532.2	404.55
528	396.85
232.1	410.6
232	409.2
234.25	411.15
233.7	413.15
231.9	413.6
233	413.65
374	406.8
529.8	414.75
527.55	413.15
525.5	409.35
312.55	537.45
302.8	530.45
304.3	531.35
306.6	532.8
307.4	529.7
307.25	529.15
306.15	529.95
307.65	534.35
295.4	621.3
300.35	627.7
299.5	624.9
300.15	625.5
631.8	605.9
650.5	613.7
648.25	612.1
645.95	613.3
648.75	613.55
645.05	609.05
645.25	608.7
648.5	612.75
646.65	615.05
645.7	611.8
646.65	611.45
646.65	606.8
645.95	606.1
645.5	607.45
647.6	609.1
516.35	331.75
495.4	282.7
495.95	289.9
498.45	289.5
495.7	290.65
496.25	291.1
495.45	291.7
491.25	284.75
496.25	290.25
493.55	289.95
492.95	288.75
493.35	289.5
493.55	295.15
497.7	295.8
498.45	299.6
500.95	302.1
501.65	300.7
502.7	298.95
258.6	253.3
243.15	256.8
246.2	260.3
240.6	249.35
0	0
0	0
0	0
0	0
0	0
272.45	277.4
268.7	243.15
271.5	245.15
276.3	245.2
281.5	258.3
285	261.75
285	264.1
298.6	343.7
298.9	340.65
298.55	341.3
299.25	339.8
300.9	337.1
574.05	396.05
553.15	395.35
550.75	398.2
553.95	397.1
552.45	399.75
665	404.35
769.85	399.95
767.05	403.35
767.85	404.2
727.95	408.05
325.65	486.9
328.95	489.3
333	488.7
336.2	488.5
335.15	490.45
333.1	494.4
605.65	492.15
681.75	494.1
676.85	499.05
677.2	498.95
680.3	500.45
409.5	592.35
370.55	609.95
370.4	607.65
373.5	611.6
374.6	612.55
371.8	608.2
372.5	605.85
374	605.7
376.4	607.75
379.05	605.95
377.2	605.1
379.55	605.8
378.45	606.35
379.65	609.45
378.55	611.85
380.05	613.95
379.1	617.75
377.2	618.7
380.35	623.1
378.5	625.65
379.25	630.65
377.85	633.75
375.5	632.75
381.7	635.55
379.85	634.7
380.45	634.95
377.8	633.35
376.6	631.9
378.6	632.35
375	632.2
375.3	629.3
373.8	627.9
372.75	628.25
372.7	624.7
379.5	623.4
379.05	625.4
379.05	624.9
384	619.55
378.05	620.9
378.7	622.55
382.9	620.3
379.75	615.55
380.15	613.95
380.2	611.6
376.5	609.75
375.3	610.65
376.3	611.75
380.3	610.4
379.55	617.5
383.05	621.1
387.2	423.9
367.8	266.6
375.55	272.35
378.75	271.15
378.75	270.8
384.1	271.85
374.8	213.3
378.85	205.9
382.8	226.45
0	0
0	0
0	0
0	0
0	0
501.25	217.5
493	198.25
264.9	301.85
257.25	309.95
258.3	310.85
253.5	305.85
254.75	311.75
252.6	306.25
380.1	311.7
560	302.45
559.35	309.45
559.75	313.45
560.85	314.9
559.05	314.3
561.25	310.85
314	405.75
290.85	420.9
294.7	425.15
294.55	426.7
294.25	424.95
292.4	422.15
294.1	422.45
296.8	427.45
297.2	425.25
301.15	425.35
343.7	519.6
346.65	528.95
346.85	524.55
344.7	526.1
346.55	524.9
349.6	524.6
348.7	523.95
349.4	523.9
350.85	522.25
352	523.75
353	524.4
352.35	525.65
351.7	527.6
353.1	526.4
354.15	528.55
354.7	532.05
353.35	531
357.75	529.6
356.1	530.55
357.8	530.85
357.85	528.8
357.95	527.35
357.35	524.65
356.8	523.9
356.75	525.5
344.85	528.4
215.8	597.75
217.05	601.3
216.05	602.25
217.35	600.05
215.5	599
214.7	601.5
221.5	604.2
219.25	604.75
218.95	601
221.95	600
244.85	577.5
431.6	267.5
423.25	282.6
425.85	281.6
426	281.65
425.55	279.8
430.55	279
429.75	279.2
428.75	281.15
432.6	283
436.45	281.8
432.95	281.95
429.95	285.65
429.2	284.85
434.7	287.65
433.1	289.2
434.1	289.4
427.2	294.8
427	293.7
427.45	293.95
428.1	289.8
426.75	289.15
428.3	290.45
428.3	293.45
429.7	290.45
429.45	288.8
429.4	289.4
433	288.95
427.4	292
428.4	294.6
427.2	291.9
428.65	292
431.9	291.6
431	287.6
433.95	291.1
432.95	284.6
436.95	281.4
437.6	285.05
435.45	288.45
438.8	291
439.2	291.85
441.65	292.6
439.5	293.2
438.45	291.95
438.15	293.15
437.05	295.15
437.05	294.6
436.95	295.5
437.35	294.5
437.7	296.85
433.05	295.75
428.65	294.1
434	294.8
434.95	291.9
438.35	289.55
434.95	290.95
432.6	290.8
432.2	289.55
433.45	283.95
432	286.95
432.1	289.45
439.95	290.55
0	0
0	0
0	0
462.35	269.8
459.25	274.05
459.55	280.55
458.85	279.05
461.4	285.75
460.4	286.45
459.8	282.05
459.05	284.7
458	288.25
461.2	284.85
458.75	280.05
458.1	275.65
459.65	275.1
460.85	276.45
460.45	277
459.8	275.15
458.6	276.35
460.5	280.95
463.4	289.75
467.4	289.5
468.2	287.75
468.7	284.05
472.2	283
468.65	283
465.7	277.25
465.15	274.25
460.3	273.05
461.9	273.45
468	277
468.4	277.2
466.25	277.95
461.95	275.6
462.55	272.6
462.85	275.05
461	279.1
461.4	278.75
463.75	276.45
463.85	275.9
462.7	277.65
462.25	278.4
459.2	277.65
463.1	278.75
460.9	277.7
461.9	277.5
464.85	281
459.85	278.4
457.85	273.4
458.95	277.3
457.25	280.65
453.4	279.55
453.65	283.05
460.1	284.75
461.45	284.45
461.45	284.05
461.35	286.85
463.4	284.95
465.25	288.1
477.9	570.05
0	0
0	0
0	0
0	0
502.95	273.6
501.9	250.75
500.5	274.6
499.4	282.25
502.05	280.95
502	281.5
504.95	280.3
505.45	277.15
503	276.6
503.45	274.7
502.4	274.45
503	273.1
503.4	272.35
730.45	282.25
732.1	285.35
0	0
0	0
0	0
0	0
0	0
0	0
813.35	249
441.35	344.8
433.25	369.7
436.3	372.7
435.15	369.8
432	369.45
432.85	369.7
431.4	371.65
434.4	370.25
433.05	374.5
431.45	377.1
432.45	375.55
432.85	372.3
433.9	379.6
439.5	381.15
438.5	378.35
437.95	378.7
438	378.05
438	376.05
434.8	372
665.55	366.7
692.3	374.05
687.8	370.25
685.8	371.2
695.55	356.05
0	0
0	0
0	0
0	0
0	0
852.55	383.55
842.85	334.65
838.95	355.6
843.05	374.5
574.05	323.8
438.3	294.45
439.25	297.85
438.8	298.45
440.65	296.45
442.9	297.3
442.1	296.4
441.3	297.1
443.4	296.6
441.5	294.85
442.6	294.8
202.55	266.25
198.6	266.95
201.55	272.2
201.2	269.35
211.05	285.4
276.7	445.55
280.7	449.8
285.2	452.3
282.4	452.3
291.95	444.95
575.65	467.1
579.35	467.45
578.7	468.1
577.95	469.4
578.65	468.45
578.15	469.55
577.9	472.9
576.6	470.4
575.65	471.75
771.95	372.9
783.4	362.8
786	362.7
785.05	368.35
785.1	370.75
784.2	369.1
786.2	363.45
783.5	368.35
785	372.05
784.4	375.55
782.4	376.75
782.2	377.3
778.7	379.65
778.45	379.1
779.05	378.95
781.2	378.85
780.85	378.7
498.3	374.7
432.8	378.55
440.25	384.8
440	387.55
439.9	386.7
435.7	389.2
438.4	390.35
439.45	389.05
437.55	392.5
0	0
0	0
0	0
0	0
0	0
0	0
775.5	361.65
757	334.95
755.35	329.4
688.45	368.3
349.5	481.5
347.75	482.45
349	482.7
350.6	486.5
355.35	484.95
353.7	477.65
357.5	484.1
357.9	483.85
382.25	487.35
753.25	472.2
769.05	474.6
764.65	474
763.2	467.1
762.2	469.65
769.75	649.35
0	0
0	0
0	0
0	0
0	0
746.95	230.05
748.35	260.45
748.45	270.5
727.5	267.5
394.95	261.85
392.75	264.6
396.45	265.65
398.6	263.25
397.8	263.75
396.2	265.75
395.4	259.9
395.95	263.05
394.55	266.4
401.15	265.25
399.2	263.85
399.15	257.95
407.35	257.3
403	254.1
399.6	256.75
401.45	260.8
402.85	256.25
403.65	254.95
404	257.4
0	0
0	0
0	0
0	0
0	0
453.1	240.9
458.15	239.1
465.2	236.6
463.95	237.2
466.5	224.1
0	0
0	0
0	0
0	0
0	0
655.75	122.75
648.75	128.15
654	148.65
0	0
0	0
0	0
0	0
500.55	330.05
482.05	334.25
481.95	333.7
482	326.45
484.75	320.3
516.1	317.45
524.25	308.85
525.3	308.3
524.2	308.35
528.35	311.35
462.35	477.4
474.5	549.45
472.25	540.45
476.2	545.3
476.85	545.95
478.75	548.1
532	560.6
538.5	559.55
538.25	561.45
537.25	559
535.95	558.25
536.55	558.5
537.25	556.7
536.85	554.1
536.45	555.9
535.1	553.5
491.35	584.2
494	582.2
491.65	579.2
487.45	579.9
491.35	576.1
492.1	577.6
488.6	543.7
486.85	545.7
485.55	545.65
487	544
488.8	547.9
498.9	662.95
0	0
0	0
0	0
0	0
536.65	308.05
533.25	285.2
521.95	249.35
525.3	274.05
523.2	272.2
523.75	270.4
524.9	273
527	275.05
525.15	276.65
527.35	283.95
568	503.6
567.05	521.7
566.2	523.5
565.35	524.25
566.2	524.45
564.5	525.1
525.5	560.1
520.75	566.05
523.95	562.35
521.9	561.05
523.65	560.45
524.8	560.25
523.4	559.9
568.6	597.15
567.65	599.35
568.15	597.15
568.1	594.95
567.65	596.05
565.35	591.45
565.45	591.4
569.4	569
538.85	315.85
538.5	328.1
539.65	329.25
542.05	330.4
542.2	328.65
541.75	329.25
542.9	330.65
544.95	329.35
539.4	332.2
542.35	330.45
542	329.85
544.05	327.95
545.6	328.4
545.15	329.45
473.55	411.65
376.8	585.65
379.05	595.55
378.7	599.65
383.15	603.85
314.45	564.85
262.4	572.95
268.25	576.9
267.7	573.5
268.8	570.75
233.65	563.8
149.2	570.15
151.4	571.55
154.7	571.1
154.65	570.95
153.1	573.15
148.45	572.25
295.15	569.6
343.45	572.3
341.7	572.25
343.15	571.3
339.05	570.35
334.3	568.35
333.05	566.55
269.5	573.8
158.85	595.8
158.25	595
159.65	595.75
159.5	596.3
158.65	592.65
285.5	592.6
277.85	593.2
277.65	590.15
275.05	592.15
281.45	589.95
279.55	594.1
277.85	591.75
318.4	599.65
0	0
0	0
0	0
0	0
0	0
0	0
0	0
0	0
0	0
0	0
0	0
0	0
0	0
0	0
0	0
0	0
0	0
0	0
0	0
0	0
0	0
0	0
0	0
0	0
0	0
0	0
748	695.9
748.3	670.65
748.5	658.85
744.35	613.15
740.15	622.6
737.9	644.3
740.95	648
742.45	643.7
783.5	632.5
805.75	617.35
804.7	618.7
804.5	615.6
803.65	616.65
802.7	616.85
554.9	604.15
540.15	608.5
539.4	610.25
544.85	608.3
545.65	608.1
548.85	609.1
357.65	590.2
353.8	588.15
354.1	589.1
360.85	586.1
353.15	581.9
251.75	577.25
233.75	583.35
234.6	586.35
238.4	590.3
241.45	590.95
422.45	597
421.25	591.85
422.25	587
420.6	587.35
418.6	587.15
418.3	586.05
418.65	583.85
416.55	584.45
419.5	582.25
419.6	582.4
420.55	585.3
419.65	584
421.65	571.95
0	0
0	0
0	0
0	0
501.35	241.05
498.25	211.8
497.25	206.2
516.55	215.7
0	0
0	0
0	0
0	0
0	0
0	0
0	0
