484.2	385.65
483.75	379.85
479.85	375.75
480.05	378.65
479.9	385.9
478.9	386.9
479.35	386.9
479.9	387.4
479.3	388.5
479.6	388.1
477.55	387.8
478.25	389.4
478.6	393.2
478.9	396.5
481.2	396.8
480.85	399.6
482.3	403.45
482.55	405.35
482.2	413.35
0	0
0	0
0	0
0	0
0	0
520.55	379.75
521.95	382.95
521.4	387.55
522.85	393.2
522.1	397.6
518.9	398.1
315.1	373.6
250.3	373.4
260.05	373.4
263.5	372.5
262.4	371.65
262.2	372.4
261.95	371.4
262.4	372.35
260.25	371.5
259.5	369.45
374.45	366.8
486.35	361.45
477.6	360.4
475.7	357.75
475.2	355.4
475.7	351.8
473.95	354.55
472.15	361.55
0	0
0	0
0	0
0	0
0	0
0	0
0	0
349.1	370.4
351.95	367.95
347.2	367.1
346.45	368.25
347.15	365.45
345.3	368.5
348.95	364.2
346.75	365.8
345.35	366.45
343.85	366.05
345.4	368.1
345.7	370.45
347.35	368.85
346.6	370.95
347.65	365.8
344.85	365.9
344	362.4
342.1	368.25
342.05	364.3
343.4	361.55
639.2	352.7
714.3	366.2
705.1	373.35
704.85	373.35
700.8	371.6
700.2	374.6
699.25	376.6
699.8	375.85
699.55	376.5
542.4	349.85
534.85	355.1
536.45	348.35
542.35	350
536.75	353.65
535.95	361.95
539.4	362.3
543.4	365.85
197.8	358.05
216.05	372.15
225.65	375.15
225.45	370.55
225.35	365.65
226.8	371.95
226.35	374.3
230.6	376.75
234.45	382.8
258.9	385.3
436.25	350.8
432.25	357
433.95	354.45
434.05	359.3
434.2	359.65
436.15	360.4
436.3	360.75
436.5	363.75
716.4	360.8
704.55	364.55
697.1	368.3
692.8	366.5
694.25	365.55
694.05	366.1
693.7	365.1
700.25	365.35
700.35	364
605.75	368.1
593.15	373.4
597.6	376.8
601.25	374.05
601.05	372
601.7	372.45
603.5	374.55
603.5	377.35
601.25	378.6
604.4	378.7
606.55	375.6
556.45	367.9
159.7	321.9
184.95	365.9
222.05	360.3
219.4	354.7
218.4	359.25
218.9	356.2
218	361
220	362.25
271.8	371.8
478.85	351.35
471.35	356.95
471.55	355.8
471.45	357.2
471.6	365.95
473.5	363.25
470.55	361.2
471.95	359.15
473.45	360.35
473.95	360.1
474.4	359.95
473.65	359.35
474.5	363.05
475.75	367.25
477.55	361.45
477.05	364.9
476.3	365.9
477.8	367.3
478.8	366.25
477.55	366.6
445.15	366.35
199.9	332
216.2	332.45
215.25	337.5
213.9	336.5
217.2	343.75
221.4	352.75
220.15	357.1
222.4	355.45
223.05	348.7
219.5	340.3
218.5	340.55
218.55	342.7
219.1	345.75
221.55	349.45
224	349.5
224.7	346.5
225.5	346.35
491.95	326.85
478.8	330.9
476.85	332.9
478.45	332.05
479.95	329.85
479.6	329.45
481.6	326.85
480.25	326.2
479.1	326
481.95	323.9
479.25	323.2
481.6	327.1
480.5	333.7
477.5	337.05
480.8	336.15
479.5	339.4
478.4	342.35
477.1	343.7
476.9	347.1
475.1	347.85
473.15	347.35
477.55	347.05
481.45	345.85
480.65	348.95
481.55	354.65
476.6	359.4
476.4	360.4
477.1	363.3
477.9	363.1
477.9	363.65
479.3	365.6
481.45	361.35
483.35	359.9
485.15	360.7
340.25	362.85
289.8	360.95
300.2	362.15
296.55	365.35
291.4	362.45
293.15	364.4
297.7	365.05
296	369.75
294.45	369.3
295.5	370.55
298.8	367.9
302.55	364.5
293.25	365.4
295.35	364
434.65	358.15
431.7	361.5
429.4	362
430.35	354.25
428.45	349.35
425.4	345.3
426.4	346
426.4	346
421.65	346.65
428.4	351.55
427.85	361.2
424.75	363.65
426.7	363.25
427.05	365.25
425.15	367.55
424.05	367.6
425.45	369.1
426.45	364.75
428.1	363.8
429.1	363.95
347.95	368.1
206.55	360.6
215.75	360.95
218.9	361.5
217.9	363.8
216	362.75
217.6	366.7
217.75	365.65
217.6	363.1
216.9	366.2
214.6	365
262.1	371.85
291.65	374.35
287.75	375.95
284.05	378.95
282.1	378.45
282.35	379.6
282.3	377.25
283.3	374.05
283.95	374.8
283.75	375.2
286.1	375.75
289.1	377.55
286.95	376.4
288.4	379.55
285	377.55
286.25	377.75
288	372.6
286.25	370.8
286.9	370.65
286.8	367.15
287.7	367
287.45	363.25
289	363.2
290.2	362.25
290.15	361.15
290.35	360
292	358.5
295.75	359.3
294.1	363.05
294.95	363.15
298.85	363.45
300.2	364.25
297.35	364.55
298.2	368.35
301	369.35
300.45	368.6
295.6	372
298.35	369.55
298.6	368.35
299.3	367.6
300.15	368.05
299.15	368.05
298.75	372
320.7	379.75
491.2	368.55
488.1	365.95
486.1	367.35
486.75	370.75
487.15	371.4
400.8	371
176.45	351.35
183.85	353.75
185.75	353.3
187.65	352.2
195.7	348
665.05	358
636.5	349
629.95	355
628.8	360
630.9	359.35
632.1	358.3
631.85	358.55
632.85	357.5
631.2	355.95
631.15	354.55
632.85	353.55
634.3	352.6
635.65	351.1
635.4	350.25
634.9	351.6
634.8	350.95
633.35	357.65
0	0
0	0
0	0
0	0
0	0
0	0
525.75	380.8
524.8	390.1
528	395.35
531.6	398.6
533.3	397.45
538.4	396.8
536.05	398.6
538.9	400.4
537.05	403.45
540.2	404.65
539.45	404.95
540.45	403.7
544.55	403.3
545.85	404.9
546.35	406
545.85	406.2
545.45	410.8
545.35	412.6
546.95	409.9
549.4	407.05
545.95	406.45
545.1	401.1
539.15	402.1
536.25	400.2
536.05	399.55
537.3	395.75
537	395.8
536.05	391
533.35	388.8
530.2	388.6
530.4	385.35
532.15	378.4
529.4	376.2
530	373.3
530.3	370.6
534.85	370.3
535.4	371.9
534.25	378.55
535.4	379.45
536.85	375.6
539.55	373.65
540.95	368.75
539.35	360.4
542.2	360.3
544.3	359.7
551.9	362.85
556.95	366.15
563.9	363.55
570	365.15
573.8	359.85
575.3	354.1
572.65	348.2
575	347.35
574.55	348.55
574.5	366.35
571.85	367.05
570.85	361.2
577.4	348.3
577.95	345.5
575.25	348.2
573.35	345.35
577.25	343.2
576.1	339.75
575.65	337
576.4	334.1
576.8	331.9
578.2	332.2
576.05	328.1
575.25	329.65
574.15	325.15
575.05	330.6
575.1	328.85
576	329.45
576.7	326.85
577.9	327.45
576.75	327.8
579.45	328.35
576.15	330.65
581.8	335.1
584.05	337.05
585.65	340.25
586.2	340.2
585.9	339.85
583.7	341.35
583.65	341.15
590.65	344.05
589	346.5
587	345.45
586.6	344.45
589.15	347.85
591.8	347.1
592.9	347
593.8	346.2
592.85	347.5
595.9	350.05
601.6	360.7
602.8	363.2
601.5	358.85
606.6	360.05
600.85	358.75
606.8	350.75
605.2	351.3
603.45	352.4
600.45	349.05
602.2	341.55
600	341.45
597.75	345.15
594.95	358.85
598.45	356.4
596.85	356.75
591.75	361.2
597.7	347.15
595.4	344.85
594.85	345.4
595.7	343.45
595.7	347
598.45	348.1
595.75	346.35
599.4	349.4
598.55	347.25
598.7	349.6
601.8	350.4
602.45	353.5
605.25	354.85
603.85	356.15
597.95	358.05
600.3	359.35
601	357.65
599.55	355.85
599.4	355.7
597.8	355.1
597.3	357.25
597.55	356.05
597.95	354.2
598.7	356.25
600.8	356.35
598.4	358.05
597.55	359.15
600.2	358.95
598.9	363.2
596.35	362.9
592.85	356.45
596.1	357.9
592.4	360.05
595.65	361.85
595.95	360.55
598.1	361.55
599.25	365.35
598.55	363.95
595.2	366.15
595.3	365.85
597.85	366.2
592.9	364.5
590.55	365.9
589.85	365.7
589.35	365.05
589.85	361.85
591.2	357.85
589.85	354.7
589.85	352.3
590.05	346.95
590.75	344.4
591.55	345.25
592.3	344.5
591.2	345.25
592.9	347.2
593.75	347.9
592.45	346.35
595.1	345.75
596.8	345.35
600.15	343.1
658.85	391.35
659.1	390.25
652.45	383.8
647.5	378.8
640.7	373.5
637	373.1
631.9	372.55
627.15	371.45
624.95	373.4
620.15	375.3
620.6	376.45
621.8	375.15
621.4	373.75
622.15	372.2
618.85	373.6
617.6	376.55
617.05	373.8
617.45	373.45
616.3	368.95
613.25	366.5
609.7	362.45
610.1	366.05
610.3	362.65
611.25	358.2
609.95	356.15
610.2	356.3
612.4	360.85
295.45	339.4
174.15	344.7
189.6	353.55
194.85	353.3
197	353.4
200.85	351.3
199.7	350.7
200.3	355
200	357
199.1	355.4
200.3	353.7
201.85	351.3
200.7	343.45
198.5	340.15
199.5	339.4
198.35	335.55
197.6	336.7
198.95	335.25
195.25	333.9
198.3	334.4
196.9	336.7
151.5	418.25
145.55	514.95
144.65	516
144.4	508.75
142.9	509.2
142.95	509.75
141.65	506.95
144.15	511.25
143.1	509.85
141.95	507.6
144	509.45
145.65	507.5
145.95	507.7
144.1	505.95
144.7	506.7
147.6	503.8
150.5	499.25
152.9	497
151.65	493.2
228.25	469.25
250.95	450.15
251.7	455.9
251.2	455.55
254.6	456.15
254.05	456.15
255.05	458.7
254	466.4
254.9	463.1
253.95	464.45
255	461.5
252.1	460.5
250.75	458.35
251.15	456.35
250.9	457.6
251.7	458.2
252.45	458.85
250.75	457.8
250.55	457.8
251.5	456.8
253.7	456.7
257.75	456.55
256	459.45
254.7	461.95
256.35	457.7
256	459.3
255.3	461.85
255.1	458.7
256.7	458.9
255.75	460.6
210.15	471.65
109.8	519.55
113.65	528.35
118	523.8
117.45	525.4
119.45	527.6
119.2	526
167.15	435.55
171.45	435.9
169.2	440.4
169.3	441.55
165.85	441.55
164.9	424.5
174.65	307.15
176	311.05
175.25	320.65
176.2	318.95
175.4	317.55
169.75	318.3
166.85	317.8
245.75	324.45
562.05	351.95
548.55	348.2
546.2	348.25
547.5	346.05
549	346.95
548.25	345.25
545.25	344.5
545.6	342.85
549.2	344.25
549.7	345.15
552.45	341.55
552.2	344.15
552.7	346.25
553.55	343.5
555.2	342.55
556.9	345.15
558.95	342.7
562.05	342.2
513.95	352.5
97.9	334.85
113.65	337.4
120.15	342.1
119.8	343.8
118.05	345.6
114.45	341.9
113.65	347.95
118.8	346.75
118.75	345.6
120.85	346.55
125.3	344.15
123.75	345.05
126.7	346.1
127.95	346.05
127.15	347.5
124.05	349.1
127.85	349.45
128.55	353
126.95	357.2
126.75	357.45
126.15	357.95
127.4	358.55
127.75	351.35
127	353.4
129.15	354.15
129.9	354.65
132.1	355.15
131.2	356.1
196.7	368.25
658.1	392.2
623.05	395.9
628.75	394.95
631.8	398.1
632.95	397.85
636.1	390.45
629.05	390.4
629.65	393.2
632.05	391.7
630.5	390.35
627.55	390.45
627.45	393.25
628.5	394.4
627.35	393.45
627.15	396.4
627.6	397.55
625.4	402.1
624.25	401.75
618.95	395.8
620.2	399.4
622.5	395.3
622.55	398.9
624.35	397.05
625.5	390.85
627.55	388.5
629.3	388.75
628.3	388.5
628.25	388.85
290.7	385.65
97.55	416.5
112.4	415.15
117.75	414.65
118	417.35
117.05	417.4
116.15	427.2
117.2	434.85
119.8	439.4
118.9	440.95
116.4	441.8
115.75	442.3
111.8	442.75
0	0
109	445.4
108.15	445.05
107.55	437.75
114.95	447
0	0
0	0
0	0
0	0
336.5	452.2
332.3	457.5
332.35	459.45
335.05	458.6
337.1	464.3
337.05	464.1
338.95	467.75
339.7	467.15
341.75	467.85
343.15	470.7
345.15	469.65
344.15	466.1
339.65	465.4
343	462.35
340.5	457
340.8	453.55
340.7	455.25
271.75	443.3
217.1	406.75
226.1	407.45
225.8	406.65
220.75	408.2
220.35	408
221	408.7
219.8	414.4
408.45	310.1
486.8	268.35
473.6	275.45
474.4	274.95
476.95	274.65
475.8	274
414	213.2
404.3	212.85
408.55	216.1
409.2	214.85
410.7	217.05
412.85	217.5
411	237.65
397.95	279.8
399.3	279
403.15	279.4
403.9	276.45
401.45	274.25
401.8	283.25
401.6	283.7
431.35	333.65
431.35	351.05
429.35	348.55
429.35	347.9
428.35	349.15
430.75	348.3
431.1	349.7
431.6	353.8
428	357.4
427.85	356.65
349	304.4
357.6	306.15
356.05	311.1
356.7	311.2
360.2	318.75
365.9	319.55
369.75	317.55
371.75	322.65
371.7	319.7
401.45	286.9
424.25	245.45
422.65	252.85
420.7	254.05
421.05	252.45
421.45	254.15
421.7	250.45
421.1	249.45
421.15	254.75
420.7	253.95
423.25	249.7
395.95	353.1
382.9	387.5
385.1	380.75
389.1	378
387.05	381.5
388.25	380.45
391.1	379.55
390.65	381.75
392.9	379.6
393.7	382
393.75	377.5
392.3	377.35
117.6	452.95
150.3	480.15
156.5	483.45
154.2	482.3
154.4	484.5
167.65	481.3
223.7	526.2
219.85	527.8
220.2	525
219.7	528.65
219.2	528.55
216.7	531.4
216.6	529.85
213.9	530.55
213	535.15
217.45	530.5
220.55	531.75
221.8	533.55
217.2	524.85
220	521.7
216.65	518.6
216.5	518.3
214.25	519.85
212.95	518.95
212	518.5
211.75	519.7
213.05	523.15
212.4	523.3
213.4	523.25
262.85	542.05
408.6	559.15
402.2	559.3
405.25	560.3
408.1	561.5
407.65	563.5
408.05	564.25
405.6	564.2
404.05	563.2
406.55	562.4
406.35	565.6
407.1	563.7
406	563.35
406.25	564.45
411.55	569.45
200.25	518.9
217.15	527.45
221.5	531.75
221.7	533.75
220.25	534.95
222.5	532.2
218.85	533.75
668.95	571.65
634.45	579.25
637.1	581.45
638.4	583.05
639.35	583.6
639	585.2
579.55	588.3
445.3	589.3
449.25	593.5
452.95	594.5
454.7	591.5
504.05	598.05
552.75	590.8
549.9	590.7
545.6	592.15
546.05	588.05
545.75	588.5
547.1	588.6
545.35	589.7
545.35	589.05
547.15	589.1
545.75	589
544.7	593.15
545.35	594.6
546.7	592.7
547	592.45
545.2	590.6
546.5	595.5
548.1	595.4
547.65	594.5
548.4	599.6
549.15	600.3
552.7	601.85
555.7	601.65
556.45	601.6
552.6	602.6
555.4	603.15
555.15	604.25
553.65	601.7
556.3	596.15
557.45	598.7
554.25	599.65
558.1	596.25
724.95	579.2
828.8	584.45
824.35	586.65
825.15	585.1
823	584.3
786.8	578.8
365.5	566.65
390.45	567.95
396.95	573.6
396.2	579.45
400.95	579.05
404.3	576
402.8	574.75
711	576.85
686.65	579.3
684.8	582.75
686.95	585.75
686.4	586.5
689.75	585.75
688.45	588.55
687.7	591.05
688.35	587
691.85	584.2
690.4	583.45
689	585.85
687.6	589.55
689.4	588.45
688.35	592.45
689.05	593.2
685.05	591.75
687.4	593.9
686.6	592.7
684.85	594.35
683.5	594.05
681.95	594.1
549.8	583.2
451.1	575.2
454.35	577.25
452.95	575.15
450.7	577.55
452.95	577.05
451	576.35
452.7	577.55
455.4	577.15
455.6	574.6
458.85	574.75
457.3	574.65
461.45	577.15
462.15	577.25
462.65	576.35
465.1	575.45
467.6	572.6
470.15	571.8
471.2	576.9
472.2	574.65
631.45	580.6
655.45	584.25
656.95	583.65
660.2	585.7
662.6	585.1
662.3	582.9
664.1	585.1
664.7	589.15
663.35	587.65
661.85	590.85
667.15	591.3
666.45	593.1
666.15	592.65
464.3	559.9
414.55	568.55
418.05	569.9
421.9	571.35
422.9	575.45
423.15	573.65
424.8	571.1
415.9	573
648.3	586.35
638.6	586.85
637.85	584.05
639.25	587.5
638.9	589
636.5	591.05
635.45	591.05
634.75	592.05
636.3	593.9
637.15	597.05
638.7	598.55
638.05	599.8
638.85	601.7
640.6	599.2
761.2	608.9
758.25	608.9
758.8	612.7
758.05	609.65
758.35	611.85
755.3	609.7
756.1	610.55
755.8	611.55
755.65	611.1
756	608.35
755.1	606
708.8	604.9
194.4	391.95
185	370.65
199.5	380.05
200.95	384.55
198.5	386.25
198.05	383.05
206.2	336.8
246.8	127.75
247.9	147.85
247.8	156.7
247.45	158.15
249.4	154.05
248.15	162.4
249	163.7
249.15	163.75
255.55	161.75
252.45	158.5
250.85	156.8
252.75	160.85
259.2	158.2
598.95	121
587.45	116.55
584.05	123.75
582.15	123
587.55	125.35
406.1	161.55
150.1	305.55
165.8	288.5
169.1	294.4
169.75	294.55
173.25	291.15
171.5	295.3
173.55	292.25
172.05	291.4
164.5	328.4
150.5	366.25
151.85	369.45
157.3	367.1
233.35	435.95
235.95	446.75
237.3	443.9
247.75	450.3
354.6	516.45
351.35	518.55
351.3	518.3
351.2	518.85
347.4	517
548.6	497.05
543.75	494.65
535.9	499.95
535.2	500.6
547.25	484.8
0	0
0	0
0	0
0	0
0	0
311.95	480.2
317.1	473.65
313.15	478.6
400.8	499.3
658.3	595.1
653.7	594.85
656.95	592.95
657.1	594.4
655.6	593.55
654.85	600.2
656.1	600.45
658.45	597.2
659.45	594.35
660.55	596.8
641.85	581
462.85	240.1
473.2	238.35
475.45	248.6
474.1	250.95
474.8	252.2
475.3	248.5
477.8	248.75
476	245.5
476.85	242.15
476.4	245.5
477.6	246.25
478.4	245.2
478.3	244.9
478.6	251.6
480.55	251.45
479.75	256.25
480.3	259.3
477.25	262.85
477.85	261.5
473.2	258.05
474.25	256.9
474.95	258.45
478.2	256.75
475.7	259.4
477.35	266.65
480.8	266.65
482.4	268.3
484.1	270.55
480.95	266.8
481.3	267.7
480.1	271.6
480.5	262.75
481.3	268.05
483.2	271.9
483.95	270.8
485.4	275.25
482.25	280.7
481	283.8
496.4	254.6
0	0
0	0
0	0
0	0
0	0
475.85	393.05
478.25	380.15
478.55	378.4
480.3	379.95
479.85	377.65
480.55	377.2
483.2	374.15
487.2	374.35
487.65	376.9
489.2	379.2
425.45	195.75
249.7	20.35
265.45	49.65
265.85	59.05
269.45	61.15
268.5	60.05
269.9	61.95
266.9	69.45
337.85	109.15
655.85	469.95
625.45	460.4
622.8	451.95
622.15	453.75
628.2	462.65
684.6	523.25
679	514.6
677.45	514.45
678.3	515.2
677.7	515.7
676.35	513.95
772.7	505.45
785.8	499.65
779.75	503.75
782.05	502.4
784.55	496.65
784.95	500.95
783.2	498
780.3	500.15
778.3	501.15
645.1	518.3
624.3	519.65
631.85	518.55
635.2	515.55
633.75	517.1
632.35	519.2
632.45	517.9
634	514.55
636.65	514.3
632.75	516.6
788.55	494.35
823.6	500.15
814.1	501.25
816.6	504.5
0	0
0	0
0	0
0	0
0	0
646.45	484.95
636.7	487.05
641.2	493.35
646.1	490.15
646.55	492.8
647.9	491
525.9	483.55
523.7	488.6
529.5	487.95
532.3	490.9
535.5	494.4
536.3	491.1
536.25	486.55
352.25	466.1
362.45	460.4
369.05	459.4
365.25	459.3
365.7	455.2
365.4	456.5
367	453.6
274.95	467.7
262.7	471.35
265.4	469.5
265.35	471.4
265.65	467.15
265.3	467.4
265.2	465.75
266.1	467.15
135.95	444.1
89.9	444.25
100.65	445.4
102.75	450.95
102.6	451.9
101.45	452.65
105.75	453.7
107.25	451
108.85	449.7
108.95	448.5
101.7	461.85
103.7	463.2
104.7	462.5
104.65	461.55
105.55	460.15
104.1	459.95
165.15	458.05
192	454.95
184.8	452.7
184.25	457.15
185.15	458.5
186.75	456.05
185.7	464.4
184.9	464.45
227.15	463.1
230.8	463.75
228.85	465.25
228.1	466.55
228.8	464.25
226.1	466.7
232.4	466.4
303.5	465.15
304.5	468.6
300.9	469.1
303.5	466.35
301.95	466.65
303.45	466.95
175.35	418.75
145.15	411.9
155.5	416.45
157.5	415.35
155.7	416.6
152.05	412.6
153.35	414.4
148.15	412.2
249.75	408.4
306.9	395.3
298.25	399.6
297.85	401.9
297.85	400.3
297.55	403.3
300.6	402.8
293.25	404.55
496.75	444.15
492.35	447.4
483.95	448.2
483.55	447.55
485.1	450.35
485.35	442.6
487.85	436.5
423.35	402.3
428.2	401.4
428.9	405.5
433.6	406.1
431.6	409.45
435.25	405.55
497.4	387.95
497.45	387.5
493.5	388.1
494.05	389.45
495.1	390.2
496.5	389.7
494.6	389.5
492.3	390
607.35	446.95
769.7	525.45
758.1	522.65
753.6	524.75
753.3	526.15
753.55	527.2
752.95	530.7
752.35	528.75
540.2	522.5
248.9	573.95
269.9	575.8
272.85	575.55
275.1	578.75
274.75	580.2
339.7	587.5
335.25	586.05
335.8	591.7
336.75	594.7
335.95	592.75
455.75	596.05
538.8	574.4
530.1	583.3
529.3	582.25
528.5	582.75
532.4	583.7
532.1	575.45
532.75	573.7
532.75	567.25
534.75	568.7
598.15	565.5
604.25	564.05
598.3	567.5
602.05	569.15
603.85	568.1
604.55	566.45
656.55	578.9
662.45	578.45
659.85	580
660.15	579.75
662.2	581.15
661.4	584.9
660.2	582.8
663.9	580.9
342.45	623.1
327.3	652
333.45	653.5
334.8	655.2
334.4	657.9
332.3	658.35
333.65	655.65
335.45	657.35
335.15	657.25
476.8	637.7
468.65	637.6
464.65	644
467.55	646.05
467.9	643.2
468.15	642.2
470	644
469.8	642.05
474.2	634.4
529.35	639.85
546.45	631.9
543.55	629.7
543.1	630.25
546.35	628.4
547.1	625.85
547.45	622.25
547.95	624.3
547.4	626.3
548.4	628.85
548.25	627.5
547.05	629.35
618.55	629.05
636.35	633.25
633.5	634.45
631.85	635.95
637.6	634.55
639.5	629.85
639.4	627.9
634	619.95
744.1	553.85
862.95	395.95
844.15	414.8
839.4	421.35
835.15	420.5
834.05	420.75
831.1	419.3
818.95	415
814.15	413.15
808.85	416.15
803.55	419.25
795.8	419.8
786.3	421.85
779.9	413.8
775.3	406.6
776.2	403.1
679	348.2
634	315
636.9	322.05
638.9	320.1
635.85	323.95
635.9	324.1
602.7	277.6
561.6	274.35
563.45	275.05
560.65	277.3
554.3	277.65
552.3	275.9
548.15	272.25
544.85	274.8
383.95	275.2
314.15	280.05
320.35	277
316.4	273.6
311.95	271.6
306.8	280.3
300.5	276.45
295.55	276.25
288.1	279.05
281.65	277.3
228.35	393.7
222.55	400.9
224	392.6
221.75	392.5
219.45	394.45
214.35	389.05
213	389.6
212.25	389.95
138.9	419.6
131.4	430.5
131.95	433.65
128.85	432
126.05	431.2
123.75	433.75
123.45	433.55
194.2	420.85
269.45	409
261.45	409.2
255.75	411.5
247.6	410.2
170.7	421.8
166.55	424.5
166.05	421.45
161.9	423.8
161.8	420.15
113.55	447.7
51.6	551.5
50.95	553.45
49.5	549.4
49.5	546.6
48.85	545.95
46.45	544.8
49.65	571.95
48.9	579.5
50.7	577.35
52.95	577.9
50.9	576.85
51	576.85
51.05	576.6
52.5	579
53.8	579
50.75	577.05
51.55	577.6
41.25	571.4
0	0
0	0
276.6	395.65
278.6	402.2
280.9	399.8
282.7	398.1
281.75	397.15
282.55	398.2
111	370.4
122.15	368.2
125.5	364.45
126.35	362.6
125.1	362.6
126.05	361.05
125.75	360.55
127.45	354.75
129.2	354.35
130.1	354.05
128.75	356.45
126.85	354.55
364.7	330.25
360.35	324.8
350.3	325.5
349.05	328.85
354.05	328
351.65	327.85
351.1	328.7
347.9	327.9
319.45	334.55
122.15	391.7
135.35	388.55
138.7	384.4
140.25	387.6
138.35	386.85
139.3	389.35
139.55	392.5
138.85	393.1
137.95	393.8
140.35	397.15
142.35	398.6
143.45	396.8
145	396.8
144.35	398.2
148.1	399.85
146.5	397.45
443.35	321.6
443.7	315
437.25	323.2
436.15	324
437.05	324.35
439.3	321.2
440.45	320.95
440.25	325.4
440.65	327.85
440.4	324.6
438.55	324.75
436.55	320
434.6	313.4
536.7	289.75
647.45	247.4
636.55	252.65
634.1	255.4
634.1	258.15
634.1	261.75
633.7	262.05
633.2	263.25
633.45	261.6
633.55	265.5
632.7	266.45
633.05	265.5
450.1	318.1
286.95	406.4
299.45	405.3
305.35	402.55
302.25	402.7
304.8	403.1
305.85	402.5
308.05	403.45
308.15	402.85
305.1	404.35
614.9	342.25
708.9	338.7
694.45	342.75
690.8	338.75
693.2	339.6
694.2	342.35
691.15	349.4
689.7	352.55
686.95	355.9
691.3	354.85
689	354.5
685.75	356.55
489.8	380.45
177.5	453.65
199.7	448.2
205.1	447.3
204.85	453.2
204.5	455.1
207.85	453.35
206.05	453
207.25	457.05
280.9	216.45
273.15	231.5
273.3	242.25
276.7	249.3
279.5	251.15
280.75	248.65
281.8	246.25
392.8	256.1
427.8	259
421.05	257.4
419.1	259.2
419.8	256.25
421.6	260.2
421.35	260.8
422.4	258
520.25	259.65
534.7	262.2
530.35	263.55
526.25	258.55
527.85	260.2
500.15	264.35
234.3	355.45
256.55	350.75
260.4	345.8
259.65	344.45
260.95	343.6
262.1	343.8
260.7	345.1
428.7	329.9
422.55	326.9
417.5	326.25
423.25	327.15
421	322.25
422.85	321.9
455	327.3
573.65	318.4
567.1	320.9
562.85	322.6
563.25	321.8
297.3	396.15
289	421.85
291.2	419
291.9	413.95
292.1	419.7
292.05	420.8
293	414.85
296.55	416.2
303.2	421.2
461.2	376.9
456.15	380.3
450.2	384.55
451.85	385.5
450.45	382.95
451.8	381.5
448.95	378.05
453.2	380
451.75	380.05
453.05	376.1
453.05	374.6
453.6	375.95
453	375.85
453.15	378.35
451.7	379.15
450.3	379.8
450.85	379.05
558.55	390.25
677.45	428.1
666.75	431.3
665.55	430.75
668.25	432.25
669.05	431.15
669.8	430.8
743.9	410.15
745.9	407.45
745.1	409.55
745.05	411.65
745.45	411.6
744.65	410.15
745.15	410.85
747.55	404.45
746.45	408.95
736.15	477.4
738.15	474
738.3	467.7
737.15	468.3
738.05	467.9
739.5	467.65
739.7	468.75
738.85	467.2
734.25	468.5
738	471.1
740.5	484.5
524.95	421
408.4	422.7
364.4	425.05
369.55	421.9
371.55	417.65
370.9	416.5
371.15	415.65
372.2	416.3
370.35	417.45
368.45	421.1
370.35	421.1
371.9	424.7
372.4	424.9
373.85	424.9
377.2	422.25
377.45	423.05
378.95	418.7
378.5	421.8
379.45	418.45
379.6	419.25
380.05	420.25
379.85	421
380.8	421.6
381.5	420.9
383.1	424.05
381.5	424.9
381.4	419.7
381.25	418.95
379.45	412.75
345.05	381.15
283.7	155.9
289.15	173.15
288.45	183.75
294.35	185.45
292.5	184.9
290.95	185.45
288.55	188.95
285.75	189.1
474.3	179.85
482.05	179.7
474.05	181.8
472.05	181.75
472.55	179.25
471.05	180
473	179.45
471.5	182.25
473.45	181.85
599.7	193.9
609.75	193.05
605.4	194.15
603.4	195.9
605.4	197.5
604.05	196.3
605.5	198.35
601.95	199.05
603.45	197.45
603.85	199.15
604.35	200.75
603.1	199.35
381.9	198.6
280.8	182.55
297.15	183.9
297.9	182.75
297.55	183.75
299.65	182.25
304.15	187.6
493.35	319.85
475.65	314.45
473.45	308.05
474.75	309.6
419.3	385.35
422.2	404.1
427.45	397.95
423.5	400.25
422.05	397.45
422	397.6
421.75	397.95
635.25	273.4
626.1	274.3
621.1	282.5
620.65	285.5
621.85	282.55
625.75	281.1
628.45	279.8
494.15	380.65
421.25	432
429.9	432.05
433.7	428.45
432.95	425.95
436.05	425.75
436.6	424.2
436.4	425.1
438.3	425.55
438.25	425.25
437.8	426.2
440.55	429.2
442.15	426.15
443.3	426.85
441.7	425.5
446.4	425.7
446.2	423.9
446.1	425.15
447.8	421.65
447.25	423.65
449.55	426.4
448.6	428.1
451.25	425
450.55	429.45
449.9	426.05
448.6	423.75
447.05	422.55
449.95	421.85
448.2	423.9
448.9	423.1
449.9	420.35
450.6	423.3
447.75	424.05
449.95	422.95
450.7	422.5
451.1	422.75
452.15	422.85
454.25	422.75
455.25	426.05
454.05	428
455.25	427.7
455.8	429.1
455.15	430.85
451.85	434.75
450.1	435.5
451	436.25
453.1	436.2
456.15	437.7
455.95	437.85
459.85	436.1
459.5	437.65
460.15	438.95
462.3	442.5
461.5	444.4
458.1	445.95
457.55	445
457.4	446.35
458.7	447.8
458.55	449.1
465.55	449.35
462.4	447.9
461.85	444.45
462.95	447.65
462.4	450.7
459.55	535.85
0	0
0	0
0	0
0	0
0	0
430.7	345.75
428.5	352.55
426.35	350.85
423.2	349.85
423.15	352
424.3	355.05
422	357.8
422.85	357.85
421.85	358.7
421.45	357.8
421.65	357.35
422.55	357.15
422.95	358.55
423.8	358.55
424.1	356.35
423.2	356.8
425.75	354.85
424.3	353.4
426.1	351.7
426	351.35
425.05	350.25
439.1	337.45
0	0
0	0
0	0
0	0
499.1	459.45
495.7	456.75
493.35	459.9
494.2	456.35
499.4	464.55
499.15	462.3
503.15	465.4
504.85	462.8
506.55	465.15
506.95	468.4
504.45	469
503.95	470.3
499.5	472.05
498.05	468
498.55	465.2
471.95	458.4
318.55	335.6
329.9	329.9
332.5	332.65
332.8	334.1
329.9	336.2
322.4	339.05
324.15	340.7
323.15	342.05
324.35	340.4
323.1	339.8
320.2	339
320.8	340.65
319.25	342.75
320.8	343.25
319	348.25
320.25	348.1
321.3	346.45
319.35	347.15
317.5	346.8
318.15	346.35
319.85	346.3
417.55	363.9
438.8	366.05
436.7	361.4
436.9	364.2
436.6	363.25
436.25	365.3
436.6	364.8
438.05	366.4
438.75	367.55
440.25	368.55
443.3	370.85
144.55	265.15
46.25	235.8
67.6	244.25
76.9	243.65
89.65	240.65
105.85	244.75
111.25	245.2
119.6	247.4
95.8	228.8
27.75	180.75
46.75	178
55.85	185.7
65.8	187.75
82.3	190.3
95.2	186
109.15	184.1
120.6	183.6
138.35	178.95
152.75	187.8
169.2	184.8
188.15	180.65
186.8	178.65
29.95	166.95
49.9	165.35
71.3	170.75
84.55	175.4
103.75	176.65
117.5	171.4
128.7	170.6
146.15	174.9
161.95	177.6
173.05	179
409.95	195.5
500.55	198.8
498.65	196.4
508.45	195.15
527.6	196.05
542.45	199.45
559	201.95
575.05	207.05
620.5	296.1
629.9	296.55
644.9	285.85
651.7	288.1
664.1	287.6
595.7	290.8
353.4	293.4
376.55	296.9
391.85	298.7
192.9	362.55
150.5	382.75
174.75	377.45
191.85	376.05
207.7	377.55
227.35	382.85
252.85	385.9
274.05	387.6
295.1	391.05
310.8	391.75
241.15	440.05
83.2	505.2
119.95	508.3
141.45	506.65
160.4	510.15
177.15	512.3
197.15	496.6
591.05	521.8
602.1	530.25
612.5	530.8
633.15	535.45
654.35	534.65
669.15	536.85
687	537.6
714.75	542.7
587.15	521.35
526.8	527.8
561.05	523.45
575.95	528.45
594.15	531
611.25	526.5
626.6	527.85
639.15	525.4
652.25	525.3
661.4	528.3
676.6	536.1
0	0
281.4	346.6
329.25	370.55
330.55	372
334.15	371.4
339.35	377
339.5	378.85
342.45	378.05
342.7	376.8
345.05	378.55
347.15	385.65
348.6	384.2
352.7	383.95
352.7	381.35
356	381.85
358.4	377.4
359.25	374.9
360.35	375.2
360.85	377.45
361.8	374.05
361.25	378.35
365.4	379.7
366.05	380.05
367	379.45
364.9	376.2
361.65	376.5
360.3	373.9
359.35	375.65
360	374
359.2	373.3
361.95	371.15
358.45	372.25
379.8	368
451.15	251.75
444.8	253.75
442.3	259.2
441.35	257.4
440.75	254.65
439.9	253.15
438.05	253.85
437.6	256.4
434.35	263.25
454.75	191.9
455.6	188.2
455.35	189.25
454.7	192.95
454.35	189.4
454.4	193.15
453.5	193.15
453.1	190.5
450.45	191.95
409.8	281.35
398.3	289.7
403.25	286.75
402.65	285.5
400.95	290.85
402.65	290.5
402.75	293.35
402.2	297.9
398.15	298.3
399.8	295.95
399.5	297.05
402.95	296.6
402.15	296.85
398.45	303.05
400.85	300.65
398.05	305.55
400.8	305.05
401.25	305.95
400.3	306.55
399.25	309.15
398.7	312.55
400.4	311.15
399.1	310.3
397.55	312.3
399.2	307.25
401.7	303.8
404	307.1
399.8	304.9
403	305.5
404.6	309.05
404.1	303.35
402.75	304.4
402.35	302.7
402.65	303.7
406.85	308.35
407.7	306.15
413.2	304.65
413	300.65
412.65	301.4
411.3	301.25
409.15	302.5
408.8	301.55
408.95	301.45
409.25	301.6
408.25	300.25
409.05	302.6
407.55	303.4
408	296.65
414.25	298.25
413.25	297.7
411.35	297.8
409.95	296
413.1	294.75
412.85	298.8
412.9	296.9
408.7	300.45
408.8	297.6
409.5	299.25
410.25	300.95
411	301.45
412.15	298.8
413.75	298.1
416.35	300.2
415.2	300.9
414.75	302.2
418	300.9
416.4	302.4
416.8	302.6
415.15	302.65
416.2	305.9
418.45	307.25
420.15	307.3
420	306.7
423.5	308.4
423	312.15
420.85	312.7
423.6	312.9
425.9	311.85
426.4	311
426.4	316.6
425.9	314.45
426.45	313.15
427.45	313.6
424.3	315.1
425.8	314.7
426.65	316.15
427.95	314.25
426.45	315.65
425.55	317.25
425.25	314.3
424.35	317.65
426.1	319
429.35	318.9
430.3	318.15
429.4	316.1
427.3	314.3
429.5	312.85
429.3	318.95
428.75	322.05
428.45	320.3
429.35	325.95
429.2	324.45
431.3	325.8
426.9	328.5
428.25	328.8
428.85	327.1
430.2	331.2
429.7	328.9
427.95	328.15
430.05	329.4
428.7	328.75
427.9	331.85
428.9	334.75
428	334.75
428.75	334.65
428.7	334.65
430.9	333
430.65	331.45
430.15	332.4
429.1	329.9
428.3	329.85
429.5	332.4
432.9	327.15
430.65	323.85
429	324.65
429.15	322.55
428.8	326.3
431.35	326.5
416	325.8
269.7	210.1
278	215.3
278.65	217.2
277.1	215.3
275.25	213.65
272.2	218.2
273.15	217.25
213.9	278.35
198.05	328.5
199.25	326.8
201.2	322.95
201.05	318.6
199.45	316.3
198.65	318.8
198.7	321.3
194.65	324.4
193.25	325
193.25	323.05
195.8	323.9
199.2	322.05
199.55	321.3
199.05	321.85
196.6	316.75
201.6	316.45
201.8	319.75
204.75	323.1
205.8	325.9
207.4	326.6
205.8	321.9
551.35	406.05
527.05	412.3
527.15	414.55
528.85	415.45
527.95	413.2
529.1	413.05
192.5	283.7
194.7	271.4
204.05	272.5
204.2	273.1
205.65	272.9
205.9	273.1
206.3	273.75
207.95	272.25
210.85	272.45
282.9	425
272.55	496.9
272.65	488.35
272.4	480.8
274.6	486.05
275.75	486.4
273.55	486.4
275.5	490.6
274.05	487.3
274.25	487.95
274.05	486.05
273.05	484.2
271.75	485.2
273.5	488.3
273.5	487.25
273.6	488.3
228.45	558.5
226.45	554.8
227.15	555.05
615.3	523.9
606.05	527.4
601.85	530.55
604.45	530.6
601.55	529.35
599.2	530.95
230.1	494.3
223.05	497.4
230.7	493.4
232.5	492.7
236.15	495.1
235.1	494
237.85	491.95
237.1	496.9
237.65	495.95
237.35	495
497.05	474.45
490.15	476
482.8	478.45
484.2	481.75
0	0
0	0
0	0
0	0
311.95	267
310.9	267.2
309.35	264.05
312.05	259.3
315.3	259.45
314.2	261.75
314.05	259.9
315.95	264.15
314.1	258.85
312.7	261.7
315.45	268.7
311.5	260.1
308.75	259.7
713	335.65
714.5	345
707.2	345.15
707.25	342.6
702.8	341.2
700.65	341.4
700.8	340.1
698.65	341.85
695.8	338.65
693.5	338.7
692.45	340.35
689.2	341.65
689	338.25
684.9	349.05
0	0
0	0
0	0
0	0
315.3	284.75
315.1	272.65
309.45	281
311.35	278.8
311.95	279.3
313.85	277.95
308.45	285.3
315.8	286.85
315.6	288.05
316.8	289.45
316.55	288.2
319.05	287.5
320.15	286.7
318.55	288.9
318.1	290.1
320.7	287.85
129.75	253.3
131.9	251.55
136.15	249.05
138.25	247.5
137.5	248
138.9	245
136.2	244.35
134.9	243.2
134.95	240.4
137	241.5
138.8	245.55
139	247.05
140.45	251.6
139.05	248.9
410.2	340.45
415.5	359.95
412.05	355.7
412.8	356.35
414.05	354.8
416.4	352
417	355.35
415.5	355.75
414.8	358.15
414.35	360.85
412.2	359.6
414	364.05
416.7	365.3
415.5	369.35
423.2	425.7
0	0
0	0
0	0
0	0
253.6	325.85
252.95	329.1
250.7	331.75
251.45	328.5
250.35	329.6
251.4	331.6
252	335.6
251.3	336.35
251.85	339.5
251.45	335.9
249.85	336.05
282.15	348.2
515.1	365.25
506.75	364.9
506.45	363.75
507.8	363.05
508.85	363.65
508.05	361.5
508.7	361.95
509.3	363.55
511.35	362.75
511	366.05
510.15	367.75
513.2	365.25
517.4	365.4
522.95	366.95
521.6	366.75
473.7	339.5
239.85	284.05
259.9	283.9
259.5	285.35
259.65	284.55
258.75	282.9
259.15	283.65
259.4	281.45
260.1	279.6
258.95	283.55
263.65	284.65
578.1	285.45
553.25	281.85
551.8	281.9
553.45	282.7
552.05	285.75
553.2	283.1
360.6	325.6
334	352.85
346.75	345.25
347.25	348.35
346.35	338.6
509.6	414.2
504.45	409.05
498.4	406.3
497.2	403.15
501.15	407.3
502.1	408
503.95	407.8
505.55	407.95
505.45	408.2
504.65	411.15
504.6	409.85
504.9	411.8
476.2	401
152.95	291.55
148.95	277.6
161.8	284.4
169	286.55
343.4	306.2
331.8	307.7
331.35	307.25
332.2	306.45
331.5	305.95
331.4	307.4
556.1	284.5
565.45	282.9
556.45	283.85
551	289.95
554.15	287.45
554.75	283
524.5	280.2
173.1	375.05
209.5	394.05
214	389.35
212.45	388.1
211.75	383.55
212.2	381.3
401.3	399.85
530.95	392.5
519.4	396
516.5	396.45
517.4	396.7
518.7	402.2
520.9	400.1
523.05	405.05
282.35	357.85
304.45	360.2
312.05	362.25
310.6	365.8
311.45	364.45
310.3	361.3
312.25	372.6
312.25	373.6
591.05	397.05
728.65	398.8
716.6	404.75
712.5	410.4
712.95	412.7
711.7	412.3
713.7	412.3
486.6	361.1
282.5	336.35
299.4	337.85
304.95	339.4
303.7	341.4
306	345.9
306.45	352.2
309.5	356.95
309.55	359.95
313.25	364.2
315.2	361.75
315.5	355.9
314.85	359.15
144.3	319.55
149.65	319.4
153.4	321.8
151.1	325
150.85	325.65
147.3	326.75
147.75	322.85
152.55	329.05
151.75	330.65
152.65	331.1
151.85	331.25
178.85	350
470.4	425.7
455	421.65
457.25	418.05
459.85	417.8
460.8	416
460.4	413
248.15	389.3
62.65	363.15
76.2	364.4
81.8	368.5
82.2	365.65
86	369.1
89.45	369.05
91.25	368.85
91.7	365.85
96.15	366.4
96.85	367.7
99.25	365.15
101.1	361.3
168.65	389.7
427	406.15
422.95	405.85
423	402
422.3	402.2
426.2	404.2
429.1	407.85
185	308.15
196.05	307.55
202.4	306.1
201.1	307.8
199.9	308.15
363.7	365.7
632.4	412.35
628.75	409.7
625.7	412.3
628.05	410.25
626.4	412.05
623.3	411.95
625.75	408.1
623.05	409.25
552.8	405.35
356.05	393.55
370.65	393.35
374.85	397.35
374.9	404.45
375.95	408.1
308.65	406.25
237.15	403.6
246.9	400.55
248.8	401.85
118.15	371.05
109.55	373.5
116.6	374.05
120.2	375.65
121.4	378.6
121.5	373.7
124	373.75
125.75	373.95
126.95	375.4
127.5	373.6
450	389.1
441.1	389.75
431.75	394.1
431.15	394.55
432	393.45
426.95	389
419.25	387.25
416.1	388.7
414.6	387.55
409.2	384.8
404.45	382.7
402.5	383.55
399.75	385.6
396.75	388.85
394.5	387.95
393.05	388.45
397.7	385.85
264.1	406.5
278.7	405.95
279.15	402.4
277.45	406.85
277.8	407.15
274.35	401.6
274.25	403.8
273.35	404.35
271.55	399.85
278.05	406.1
347	426.8
714.15	598
729.9	653.55
731.15	648.25
735.8	641.85
738.75	641.95
744.95	643.85
750.05	638.75
756.45	643.25
760.1	639.95
617.9	527.6
133.95	315
151.1	352.35
170.3	358.9
173.55	363.15
177.95	361.15
181.1	369.6
183.75	370.7
184.5	371.75
186	374.3
186.05	374.45
223.1	375.05
536.5	408.5
521.1	405.95
523.45	405.7
524.7	407.5
524.7	409.45
526	404.4
523.75	406.35
524.3	405.6
523.7	406.7
523.2	411.75
521.8	411.5
522.3	415.35
523.6	415.1
439.4	406.8
143.25	396.2
156.4	393.35
159.8	393.15
160.1	393.5
160.65	394.45
159.45	391.15
157.9	388.65
157.9	388.65
156.2	388.3
157.85	386.65
159.15	387.6
161.15	386.25
159.8	382.2
155.35	376.25
213.55	392.85
611.9	413.15
588.25	405.8
586.25	408.25
587.65	408.15
586.45	407.95
584	408.6
585.85	407.1
587.05	407.6
584.25	407.55
583.25	406.15
583.75	406.75
582.8	405.75
584.4	405.3
582	408.2
581.7	407.2
583.25	408
585.3	409.45
209.05	397
218.5	395.6
223.45	398.15
224	402.4
223.1	397.75
220.8	397.35
220.15	394.85
220.3	397.55
219.25	395.85
219.25	390.2
217.9	394.05
220.65	394.15
220.75	396.05
226.2	397.45
229.1	400.85
232	401.7
235.6	402.2
238	400.5
239.95	399.95
243.05	399.35
245.9	398.15
247.85	396.55
252.75	396.05
254.05	397.1
254.9	398.3
256.1	399.8
258.75	399.15
257.75	399.15
259.5	394.3
390.85	270.5
384.1	270.05
381.15	278.95
380.3	282.75
377.9	282.15
379.45	285.95
377.4	283.3
375	286.35
375.65	290.25
0	0
0	0
0	0
0	0
314.5	325.5
313.25	321.9
309.1	332.45
310.6	331.7
309.25	332.65
307.65	332.6
307.1	336.6
308.65	336.75
306.45	335.95
234.05	382.75
222.15	404.9
228.1	400.4
229.85	399.55
229.75	397.5
229.7	397.2
228	397.05
229.4	397.7
224	392.6
226	400.15
225.6	397.25
227.2	395
229.9	394.15
230.6	396.7
227.65	402.9
571.25	360.1
591.55	363.65
584.8	365.65
586.75	369.1
587.15	367.8
587.9	366
587.05	368.7
585.45	368.6
583.15	369.3
581.1	370.3
579.2	372.15
577.1	373.7
577.85	376.5
577.05	374.3
574.85	373.95
575.4	373.4
572.7	375.05
575.3	371.9
576.5	369.2
268.2	305.75
279.75	309.4
285.45	309.15
287.35	312.3
286.85	312.15
288.95	314.75
291.4	317.4
291.15	315.35
354.4	323.25
478.25	312
473	312.85
470.55	313.5
469.85	314.95
473.55	314.3
470.3	317
469.2	316.4
221.85	360
167.2	378.8
178.65	383.3
180.05	380.95
181.15	378.45
180.4	380.5
181.7	380.45
179.45	381.45
183.9	380.3
186.35	377.95
186.9	379.35
188.55	381.95
259.05	342.95
538.35	183.55
563.35	178.6
547	192.55
546.75	193.45
547.45	192.05
544.45	192
544.35	189.95
542.85	192.5
542.05	190.7
544.05	190.15
546.65	186.6
544.6	187.95
340.1	316.7
334.9	372.2
339.75	367.75
338.8	367.35
337.55	370.6
339.65	370
344.05	367.4
338.85	369.65
339.15	367.45
339.4	367.95
337.7	370
339.7	367.55
342.8	366.75
344	367.3
342.65	366.9
344.05	369.75
342.7	367.65
342.4	369.5
342	365.65
338.8	370.5
754.85	335.5
749	327.55
740.3	331.65
737.3	334.8
735.35	334.7
740.1	334.5
347.65	300.3
294.15	305.05
310.6	308.8
311.8	308.65
312.7	309
316.65	308.3
317.8	307.9
318	310.55
317.2	308.35
701.9	318.2
667.4	313.65
655.65	319.5
648.45	317.5
637.15	318.45
519.8	312.75
405.4	301.7
402.45	306.1
394.5	306.95
385.65	304.45
376.4	303.95
365.2	305.7
353.65	304.7
336.55	305.35
667	307.95
729.2	313.7
702.25	316.1
688.25	316.75
670.45	311.55
648.6	309.95
626.45	311.55
605	311.15
585.35	315.6
502.8	309.45
268.75	305.3
266.7	307
250.85	308.15
232.85	303.75
210.75	302
192.05	296.8
171.85	298.05
155.65	294.15
136.85	288.9
120.05	286.15
286.15	294.4
605.95	302.35
568.3	298.65
553.35	302.1
549.8	301.75
548.65	301.8
551.15	300.25
550.45	301.45
550.1	303.05
548.45	300.05
801.3	342.1
788.2	337.1
786.35	337.45
789.25	338.6
789.6	335.95
789.95	340.35
788	342.75
790.1	342.8
791.6	343.15
792.2	346.05
795.85	343.1
796.75	344.55
797.85	343.8
798.55	339.35
801.05	343.95
547.3	536.6
601.4	563.75
605.95	639.85
605.5	621.6
606.7	618.3
607.75	620.25
608.55	624.3
608.4	624.45
611.4	623.9
609.45	627.45
786.1	628
775.2	629.7
776.1	631.85
772.85	631.05
776.35	634.5
775.75	633.25
775.4	639.1
774.35	639.1
777.25	655.4
508.95	399.35
482.9	313.45
731.9	355.1
775.65	356.6
807.2	398.6
879.75	481.45
861.15	480.7
838.85	476.35
824.55	479.2
798.25	484.45
773.7	492.55
749.9	494.8
730.85	495.85
891.85	517.1
871.3	515.7
846.15	518.55
827.15	519.45
809.65	515.35
786.4	509.85
762.5	511.15
739.85	504.75
720.3	504.85
699.7	515.85
685.6	515.7
851.55	521.75
901.4	516.55
874.1	518.45
853.2	517.9
842.15	514.45
816.65	509.75
795.1	506.35
766.65	503.75
742.25	502.05
714.8	505.45
694.45	511.55
784.35	505.65
883.1	504.4
852	503
823.35	501.4
807.55	496.6
785.8	496.6
770.3	497.9
746.2	493.85
726	492.55
706.05	490.75
681.7	494.5
661.85	497.15
644.7	500.65
625.3	499.7
604.5	501.35
582.85	503.7
565.35	503.9
548	500.85
529.5	500.9
515.05	497
502.6	495.55
491.75	494.8
487.25	498
478.8	495.15
474.95	491.45
474.2	489.65
471.55	491.3
470.95	485.25
472.8	488.45
472	490.5
472.95	488.7
475.55	488.85
475.7	488.85
475.05	489.75
478.25	490.7
479.15	492.15
477.55	491.5
476.4	491.85
475.45	492.55
477.55	485.35
475.35	485.3
476.4	487.25
477.5	486.1
478.8	487.2
480.4	491.95
487.25	500.3
792.8	461.45
777.1	458.25
774.5	458
775.95	458.4
775.55	457.05
774.25	455.4
773.9	458.15
773.8	456.65
776.7	454.35
774.55	456.15
774.45	456.2
774.95	457.15
772.65	457.2
764.45	462.45
260	279.25
141.3	269.3
159.9	284.15
162.2	287.7
159.1	286
157.55	288.15
158.25	287.75
158.6	289.05
158.75	288.6
159.45	286.5
159.8	289.45
161.3	287.9
159.6	289
164.1	289.2
165.55	290.65
172.85	288.7
575.25	432.75
568.05	431.9
565.15	428.8
562.15	431.95
565.5	429.9
564.9	427.5
564.4	429.6
563.35	433.1
560.3	429.5
561.1	433.4
560.15	433.45
560.05	432.65
373.3	405.35
355.05	399.9
359.45	402.45
358.8	400.55
357.4	399.15
355.35	398.05
358.15	401.25
317.7	457.25
310.15	478.25
310.9	477
313.7	476
318.85	473.15
319.7	476
321.8	474.55
324.2	473
324	474.4
326.4	475.05
331.15	472.9
330	473.15
330.85	472.05
329.6	472.1
329.45	473.7
327.2	473.85
326.35	477.65
323.65	476.9
323.15	476.75
322.45	476.25
321.05	475.6
318.85	478.5
326.2	337.85
329.8	228.05
330.95	243.65
328.65	249.3
325.15	248.55
326.6	249
329.35	251.75
405.3	254.15
532.15	259.4
524.35	260.5
520.05	260.8
522.85	265.1
520.7	265.3
522.15	264.45
527.7	265.65
268.1	250.05
265.2	253.35
270.2	254.2
273	254.8
272.6	253.15
271.65	249.3
411.45	252.45
453.8	246.95
445.15	247.9
441.9	249.2
442.5	250.15
444.35	249.6
444.05	252.2
438.75	323.65
0	0
0	0
0	0
337.95	466.75
337.8	469.55
337.6	474.05
336.95	477.4
338.3	475
338	470.3
485.8	281.6
490.2	296.9
482.8	305.45
482	305.3
480.85	306.7
442.05	304.9
194.3	308.8
212.05	301.6
213.05	298.05
213.25	298.3
213	297.25
213.35	295.15
213.15	298.75
214.65	301.75
215.5	300.2
214.15	297.55
221.15	297.8
454.8	367.4
440.2	363.05
437.5	359.8
439.4	358.4
441.15	360.3
441.05	358.1
446.2	363.1
718.95	337.8
701.2	340.5
699.65	340.6
698.75	344
490.2	377.1
240	495.45
264.45	485.25
268.65	486.6
269.55	485
269.6	487.55
320.05	462.1
319.6	462.9
317.9	465
317.05	464.25
319.95	465.75
317.05	466.1
315.2	465.9
316.55	467.9
315.4	468.8
311.25	468.9
311.4	469.2
310.3	471.1
308.6	470.2
305.9	471.25
305	471.25
306.25	468.85
305.25	470.4
305.25	472.7
305.75	469.75
306.25	471.7
303.3	469.9
303.85	472.8
305	472.9
306.45	473.45
304.65	472.7
302.95	473.1
302.2	471.2
303.05	471.85
303.75	472.3
302.75	473.6
301.75	470.2
307.15	470.45
302.55	471.45
305.55	473.05
306.3	472.55
306.45	472.45
308.1	472.35
308	468.4
312.3	467.7
316.2	470.05
315	469.75
313.7	467.55
315.85	469.05
317.5	467.65
317.85	467.1
319.45	467.85
319.6	468.45
321.95	472.65
325.15	474.6
325.2	474.9
325.6	475
323.45	474.25
322.9	475
325.6	473.2
326.45	473.9
326.75	470
327.6	471.15
327.4	472.3
326.05	472.55
326.65	468.8
326.7	467.75
325.5	463.8
325.85	463.2
323.15	459.7
322.85	455.1
323.05	452.4
321.55	453.35
323.45	452.3
324.2	452.6
326.65	456.15
326.65	454.95
327.4	451.7
330	454.45
329	455.7
330.8	456.25
328.65	455.75
328.85	454.5
332.15	451.75
329.3	450.3
330.9	452.65
330.1	453.85
330.75	455.2
327.4	456.05
325.65	468.9
305.95	505.55
307.65	503.55
308.1	504.15
304.95	505.1
305.7	504.95
303.45	504.05
303.95	505.1
303.55	504.65
308.05	506.05
313.5	505.85
315.65	503.15
314.05	504
312.6	502.05
315.1	462.65
312.7	460.8
310.85	459.75
309.65	455.3
311.15	459.05
309.55	461.4
309.85	459.5
309.7	462.75
309.75	461.75
310.15	459.4
310.55	462.55
310.55	458
311	459.65
311.15	464.35
308.75	464.45
310.1	466.05
310.9	467.65
310.5	467.55
309.3	468.95
308.9	469.8
308.55	467.6
309.9	467.35
309.2	468.75
311.2	467
311.45	471.05
310.9	470.65
307.05	469.5
308.85	465.65
307.1	465.75
307.45	466.45
306.75	466.15
303.9	467.65
303.7	465.75
305.8	468.9
306.9	471
305.1	469.6
307.95	470.5
308.35	471.65
308.45	471.75
494.35	478.45
782.25	502.65
777.4	509.5
775.75	510.25
775.45	510.95
775.9	512.65
744.65	475.75
744.45	469.25
745	468.7
747.35	468.85
749.55	471.35
748.8	470.95
748.65	465.95
750.85	469.3
753.9	466.5
755.2	470.7
752.35	470.45
755.35	471
755.85	471.05
757.6	473.1
745.15	474.55
484.45	524.5
506.35	521.25
509.5	522.15
509.6	522.5
510.75	522.6
509	521.85
508.35	520.6
507.45	521.45
507.4	519.85
507.05	523.2
508.35	521.05
507.3	524.8
509.1	523.55
508.6	522.95
510.1	525.65
507.65	530
0	0
0	0
0	0
0	0
758.05	476.2
761.5	478.85
762.85	473.4
764.05	470.1
766.1	470.8
766.4	469.45
767.7	471.65
766.05	470.95
762.5	468.95
761.4	467.9
759.6	472.9
756.75	472.1
755.15	471
755.25	473.05
754.65	473.6
754.15	473.9
754.15	474.2
754.6	473
755.6	476.7
754.95	475.1
757.9	473.75
760.05	473.85
758.7	473.4
759.55	472
762.45	474.05
762.9	474.15
762.65	473.65
760.25	473.2
759.9	475.7
758.15	473
761.4	470.9
762.1	473.5
759	473.7
763.25	475.35
763	473.9
762.4	471.65
766.65	468.5
763.1	469.45
760.85	469.4
764.65	470.9
763.75	466.2
761.65	467.7
760.55	467.8
760.85	464.25
762.65	463.1
761.85	462.7
759.5	465.3
759	468.2
758.1	464.55
758.25	464.9
757	464.3
755.65	466.65
755.75	467.3
755.5	467.1
756.15	467.05
757.05	466.85
753.9	471.05
754.55	473.6
755.3	474
754.6	475.65
754.45	476.65
752.8	479.15
757.75	473.7
0	0
0	0
0	0
0	0
0	0
748.6	485.65
752.3	483.7
754.65	482.8
752.95	483.8
744.75	487.75
745.85	487.8
747.95	483.35
750.1	485.45
753.95	485.65
751.95	486
750.75	485.2
751.25	484.95
753.5	481.05
752.55	481.2
751.85	485.1
752.3	484.7
753.95	485.4
750.7	486
755.3	483.5
754.35	486.2
625.25	409
370.35	274.15
377.8	282.9
378.45	283.75
205.55	282.55
191.85	293.65
196.15	291.2
194.95	293
195.4	293.7
192.25	293.3
191.95	293.35
189.55	295.65
187.7	295.1
315.5	276.25
544.35	190.05
530.25	191.85
527.6	196.6
528.25	198.3
527.5	200.8
527.55	200.3
525.2	200.95
526.15	201.7
526.9	203.35
528.95	204.8
531.35	205.95
536.3	206.6
536.6	201.95
536.45	203.35
536.8	203.4
532.45	204.55
537.4	204.95
538.25	202.7
531.55	204.65
533.4	205.2
532.45	208.3
531.95	207.5
529.5	209.55
530.8	208.05
531.55	213.15
531.3	216.4
532.3	216.85
531.1	217.2
531.75	212.6
532.35	208.15
531.55	210.2
531.9	211
532.15	214.1
534.3	213.6
535.5	215.45
536.65	221.2
534.6	222.1
532.8	226.5
532.85	230.4
534.9	230.05
536.75	230.65
536.25	230.95
535.85	229.25
541.75	220.8
540	221.35
543.2	217.8
542.3	218.15
543.8	217.95
544.6	222
544.3	220.35
543.9	221.2
542.65	223.35
542.55	217.8
539.75	219
542.3	219.25
540.65	220.05
539.65	222.25
542.05	222.15
540.75	222.55
543	221
540.95	219.85
543.15	220.65
541.45	223.05
537.9	227
540.4	229.55
512.05	236.2
512.25	238.8
512.05	242.95
511.3	242.85
510.6	243.4
511.4	243.65
513	240.3
514.1	241.95
513.5	241.4
513.65	241.9
513.65	242.05
512.55	241.45
515.1	243.3
517.15	249.1
518.3	250.7
519.55	248.3
518.3	247.4
505.05	249.65
166.7	495.85
205.45	523.4
206	512.35
208.2	513.7
212.45	515.1
208.35	513.45
207.65	511.5
588.15	647.65
637.7	672.4
630.6	671.25
631.35	672.2
632.15	674.4
635.95	674.75
611.65	611.75
524.5	203.75
536.25	237.45
536.45	245.5
539	244.8
538.5	246.6
542.45	249.1
540.95	247.9
543.75	248.6
544.1	249.3
612.55	224.75
608.05	223.2
606.3	221.6
608.6	220.6
606.6	222.1
608.45	224.5
607.4	225.9
606.3	227.5
602.7	237.6
226.6	400.4
319.55	613.2
307.7	598.95
308.1	592.95
307.55	591.7
311.15	595.75
192.9	490
203.6	496.85
208.15	502.8
206.4	506.25
209	506.75
209.1	506
211.85	507
211.45	505.8
212.05	506
211.1	507.5
210.95	506.55
214.9	504.85
213.95	505.6
211.35	503.25
212.6	504.15
215.6	505.15
215.45	505.6
214.55	506.35
213.9	504.7
212.25	503.1
213.7	507.7
216.6	511.75
218.55	511.75
216.45	511.45
214.85	513.55
219.55	511.15
220.3	508.75
222.25	508.8
223.15	505.85
223.7	505.9
224.75	507.1
224.85	506.1
223.2	507
223.65	508.45
224.55	510.95
226.7	509.45
228	511.05
227.3	514.05
228.95	511.75
227.85	506.9
227.95	508.25
193.8	493.55
194.1	494.8
193.9	495.7
196.7	496.35
195	497.1
193.85	495.85
192.85	499.9
194.5	503.65
195.05	506.75
196.3	506.4
198.25	508.5
198.35	506.25
197.35	504.3
195.9	503.8
196.8	500.4
342.5	557.45
348.75	586.1
344.9	582.75
345.5	582.75
345.6	581.1
342.85	580.15
343.6	578.65
343.25	581.25
341.7	581.1
341.4	577.6
341	575.85
342.5	575.7
341.65	577.55
341.5	577.55
339.3	579.8
341.75	583.3
341.5	584.5
337.9	583.3
242.55	594.05
181.45	597.25
185.25	596.05
183.95	594.15
181.95	593.2
183.1	589.8
196.8	588.5
522.55	340.1
511.8	358.55
508.3	372.3
510.65	374.9
512.15	376.95
510.4	372.15
515.75	376.7
515.5	376.8
513.9	378.45
511.95	382.1
511.1	380.25
513.9	379.85
513.05	380.15
514.5	382.35
516.7	382.1
514.3	379.4
514.65	378.25
513.9	375.9
515.75	374.1
518.9	374.4
519.8	376
522.45	377.35
522.3	377.75
522.4	377.95
522.7	378.25
554.25	360.35
552.45	363.35
552.4	362.75
552.05	361.1
551.4	363.35
551.95	365.4
554.15	365.65
409.1	349.35
237.4	384.9
258.35	376.1
259.15	377.45
258.45	375
257.9	376.75
257.7	375.75
257.1	378.3
255.85	373.05
252.7	370.45
252.7	372.85
253.85	371.35
253.6	370.25
505.6	355.05
566.75	336.45
559.05	342
562.1	342.7
565.3	341.1
564.65	340
563.75	339.55
563.65	340.95
561.65	341.8
564.6	337.35
567.8	336.4
535.6	345.7
527.35	354.9
531.5	350.7
531.4	350.35
532.85	352.7
534.1	353.2
534.3	354.55
534.2	354.05
534.95	354.15
532.55	354.3
529.65	355.05
529.85	356.35
530.55	355.3
530.3	354.95
529.5	357.2
528.3	357.15
527.25	355.8
526.6	356.75
526	355.8
523.4	357.25
523.25	359.5
524.45	357.55
520.55	357.85
522.75	359.65
523.15	358.45
523.75	359.75
523.55	361.6
525.65	360.8
524.1	364.35
524.15	366
527.4	363.5
530.35	360.9
528.95	362.55
527.45	362.6
528.9	363.05
526.9	369.75
531.55	370.2
532.2	371.55
532.45	372
532.15	373.25
532.5	371.9
533.25	371
531.65	368.75
531.2	370.2
531.95	370.3
529.8	371.05
529.85	370.4
530.1	369.2
529.7	368.65
527.3	371.35
527.25	372.5
528.65	373.2
528.9	374.1
529.95	373.3
529.55	372.7
531.45	372.8
310.25	479.45
244.7	590.85
244.45	590.9
242.1	593.95
242.25	595.6
243.35	594.85
278.95	524.35
277.1	532.6
274.55	535.8
275.5	535.1
275	531.5
271.7	531
269.9	531.6
269.15	528.9
266.4	529.7
263.1	530.55
262.25	530.45
261.9	534
260.2	531.75
259.35	530.3
259.1	530.55
258.95	531.1
260.3	532.5
259.05	533.35
262.65	536.9
261.2	538.3
261.25	534.9
258.15	533.05
258.75	536.75
258.8	537.4
262.4	537.5
265.95	542.5
266.8	544.75
268.15	542.55
267.75	542
269.7	538.6
268.15	540.9
266.95	539.9
268.25	545.4
272.4	540.4
273.8	543.55
275.05	550.05
273	548.25
274.85	543.1
276.6	537.3
274.85	535.7
273.5	536.85
272.4	536.45
273.6	536.55
272.5	536.25
272.55	536.55
274.5	539.85
273.1	537.85
274.4	540.2
274	539.45
276.6	541.2
275.25	538.65
275	538.4
276.6	538.05
275.95	538.55
276.9	539.55
289.9	595.7
0	0
0	0
0	0
0	0
0	0
305.25	555.6
307.25	567.95
303.15	566.65
305.65	564.8
304.95	563.05
300.85	557.25
262.25	555.9
273.9	552.8
275.55	551.3
276.55	550.6
276.9	555.45
279.8	556.1
279.15	557.4
278.65	562.2
277.3	557.5
275.3	552
270	550.15
273.15	549.95
274.5	552.75
273.4	551.15
274.3	552.75
275.8	549.5
278.35	549.75
278.35	551.2
280.35	550.9
278.55	547.85
280.45	548.5
282.4	552.1
280.95	558.05
280.35	557.55
283.45	557.7
281.95	556.5
283.8	554.55
485.4	380.6
548	355.5
538.9	367.55
539	371.6
538.85	369.65
539.2	369.4
541.85	370.25
540.75	368.95
543.15	368.1
546.55	365.9
547.8	365.7
443.8	346.15
313.15	300.9
324.35	301.35
325.95	303.7
323.55	308.3
324.75	306.45
325.85	304.2
324.3	305.1
322	306.15
322.45	305.7
323.7	302.85
323	304.65
323	303.65
322.7	306.15
324.05	307.6
320.8	306.8
322.4	308.35
322.2	310.85
322.85	308.95
324.25	306.15
323.25	305.6
323.5	306.85
325.25	309.3
293.2	307.85
293.15	304.9
296.05	307.85
296.05	306
297.4	305.15
299.5	304.85
299.15	306.3
301.1	303.4
300.55	305.6
299.95	306.4
300.7	307.15
303	304.2
303.5	306.05
301	306.45
302	308.5
301.7	307.3
300.95	311.4
302.35	309.3
302.05	312.2
301.85	314.35
302.5	315.35
301.35	318.85
300.6	322.2
298.5	323.15
301.45	321.9
300.9	319.85
299.45	321.65
300.3	322.9
300.3	323.35
298.8	321.9
300.35	320.3
300.15	320.8
300.8	321.25
304.65	320.65
303.55	321.45
303.3	318.4
304.5	319.35
302.9	320.8
304.7	317.7
302.75	316.4
303	314.35
301.55	314
301.8	318.1
299.75	318.45
302.95	325.8
304.4	323.45
303.2	326
303	326
302.8	325.25
298.3	320.6
295.5	324.35
298.35	320.45
296.6	319.35
297.3	322
297.05	328.9
295.35	328.35
709.95	437.95
747.45	435.55
742.65	439.35
750.5	444.2
749.35	446.9
748.95	448.75
748.7	445.25
798.55	477.95
812.2	479.2
807.35	479.7
808.05	476.3
808.7	474.85
809.75	477.2
743.15	412.65
664.1	295.55
673.9	302.3
672.45	308.1
672.2	307.5
671.55	311.65
673.35	308.75
669.15	311.7
667.45	313
669	314.7
670.3	312.1
673.2	309.85
674.05	316.15
671.05	315.95
636.95	300.45
634.5	301.95
637.25	305.6
636.7	306.6
638.4	302.7
635.85	303.35
636.15	303.4
636.55	299.2
637	301.1
634.6	301.75
634.3	302.55
637.25	301.45
637	305.15
636.3	303.25
639.3	303.45
639	302.8
639.25	300.8
641.35	299.3
643.45	303
644.15	301.15
645.2	301.25
647.3	300.8
646.9	301
649.75	301.65
649.2	301.95
652.55	301.6
655.2	301.25
569.55	325.1
124.7	492.45
153.05	479
153.05	476.95
155.05	482.4
165.25	485.55
229.65	505.45
225.6	507.3
225.35	510.15
224.1	506.85
226.05	506.25
224.6	505.5
223.95	505.35
224.65	506.95
224.6	507.9
225.4	506.6
225.05	509.15
228.9	511.95
229.5	512.4
228.15	511.25
224.9	513.05
222.65	511.95
222.75	512.45
221.45	511.55
217.95	511.65
217.6	514.5
0	0
0	0
0	0
0	0
0	0
0	0
210.3	523.3
212.25	532.6
212.3	535.7
215.55	532.7
217.1	529.55
218.85	529.3
220.8	527.1
221.05	528.15
506.65	620.3
485.35	626.55
486.65	622.25
488.35	620.75
492.15	620.3
491.05	619.3
489.9	618.3
490.1	619.25
486	618.3
483.85	619.1
483.75	616.5
485.2	618.05
486.85	618.6
486.5	616.3
487.05	616.05
492.25	613.3
489	612
490.65	616.15
490.2	614.45
489.35	610.5
490.55	613.5
494.3	616.9
488.1	620.6
488	622.2
487.2	624.05
489.75	623.5
423.2	621.85
31.6	619.85
57.5	609.7
58.8	611.5
62.4	610.7
63.6	613.1
64.25	611.55
63.9	614.5
64.85	615.15
68.6	614.7
70.35	616.25
69.15	615
69.2	618.1
71.75	612.45
74.2	613.05
77.95	615
195.4	647.95
521.85	692.4
502.1	690
504.05	688.4
505.5	688.75
505.35	687.35
505.9	687.85
506.25	689.6
507.35	690.15
260.65	658.2
140.05	656.75
150.75	660.4
151.95	659.15
152.8	664.7
154.05	662.8
96.55	606.45
101.25	612.75
104	611.75
102.95	614.15
101.9	611.55
102.3	613.4
104.1	611.95
102.95	612.35
102.8	610.8
106.3	610.4
107.5	610.55
109.75	606.8
109.9	604.95
108	605.7
111.7	607.6
117.85	609.2
119.1	608.85
116.4	608.15
116.35	607.75
119.55	608.1
119	608.1
119.45	610.2
122.45	610.25
124.15	608.15
124.2	606.9
122.8	608.65
123.25	606.4
123.55	609.65
124.9	609.8
123.2	609.3
122.95	610.45
121.6	607.25
120.95	609.9
119.6	608.05
120.05	610.7
117.1	608.4
117.1	608.6
119.1	609.25
120.55	609.9
120.85	614.45
118.1	612.35
124.65	611.25
123.1	612
126.5	612.85
124.95	613.85
98.85	612.4
101.55	613.4
103.45	615.55
100.1	614.6
100.35	612.9
101.4	615.95
102.45	616.35
102.2	615.75
101.6	619.5
102.3	619.05
102.3	619.75
105.5	622.95
105.15	626.95
104.55	627.7
106.7	627
107.35	627.05
160.65	607.8
434.85	373.05
425.1	379.85
418.65	390.4
420.95	393.35
424.4	397.55
364.3	198.75
368.95	207.55
371.25	217.15
370.95	220.85
370.9	215.85
370.75	213.15
373.15	214.2
371.6	212.15
370.15	214.1
368.15	215
371.85	216.45
369.35	218.6
368.6	217.35
365.45	217.15
366.4	218.3
366.55	214.4
365.25	214.05
363.2	213.8
364.7	213.15
362.15	211.65
361.9	211.85
364	214.85
365	213.5
365.5	212.55
366.2	215.2
368	217.6
367.85	216.2
366.7	222.25
364.95	219.15
367.15	217.95
370.9	221.95
370.2	216.65
370.6	221.05
368.7	224.85
365.35	227.05
367.4	227.65
367.7	228.2
366.65	228.7
366.9	230.2
367.95	231.1
370.75	230.75
372.75	231.7
372.4	234.2
372.8	234.85
375.2	235.5
374.75	236.05
376.55	236.4
377.75	236.3
377.45	236.8
380	236.7
379.3	238.15
381.3	235
384.55	237.25
383.4	237.6
382.6	239.7
384.4	239.65
382.2	239.35
383.9	240.15
386.2	240.45
387.35	240.65
387.45	242.45
387.05	241.95
386.8	241.55
385.25	242.7
384.5	244.65
383.65	245.95
382.3	244.55
382.5	245.75
383.9	247
381.55	250.25
380.45	251.85
383.25	248.25
384.85	248.15
386	247
387	246.5
388.6	247.9
385.8	248.25
386.9	248.65
388.4	247.95
387.6	243.3
386.45	245.85
387.6	247.05
386.95	247.3
388.35	247.35
386.9	248.85
384.05	248.2
385.85	248.8
385.95	246.7
385.75	244.3
386.05	243.2
387.35	244.75
387.85	245.25
580.75	259.85
778.25	244.95
778.3	247.9
776.7	253.3
776.75	255.15
776.4	254.15
774.85	255
773.75	255.25
776.75	254.4
774	253.75
827.75	209.3
823.75	208.4
823.15	211.85
820.5	210.2
820.25	210
817.2	210.35
820.65	209.7
819.75	211.35
820.55	208.15
823.4	204.4
822.5	206.95
821.1	205.35
821.2	203.1
820.3	207.05
820.9	205.55
819	204.65
821.75	207.05
820.35	207.05
821.2	202.7
824.7	197.15
824.1	199.35
823.8	206.2
825.3	204.45
827.6	208.85
829.75	206.9
833.05	207
835.1	207.45
836.1	211.4
842.35	208.35
866.65	209.45
868.05	203.9
867.35	201.9
868.4	198.45
868.4	201.35
867.8	199.45
865.15	200.1
862.45	203.45
866.45	199.15
866.35	193.15
863	195
857.8	213.3
856.2	210.55
856.25	208.9
858.5	206.4
855.4	206.9
856.45	208.55
855.85	208.75
856.2	214.65
856.55	214.95
858.1	216.15
857.95	215.95
857.5	217.6
859	217.85
845.75	185.35
849	186.5
851.3	186.4
850.45	187.7
848.1	188.1
850	185.7
849.55	187.7
851.35	188.85
850.4	187.5
847.95	187.9
846.35	185.9
845.75	181.55
845.1	180.9
844.7	178.3
843.4	179.45
841.4	179
840.55	177.05
840.15	178.15
839.2	178.1
839.35	177.05
841.05	177.05
843.3	174.65
842.9	175.65
845.4	178.75
848.5	179.4
847.75	178.15
846.75	175.6
847.5	173.8
847.15	174.6
846.75	173.15
846.45	175.5
846.7	175.25
848.2	175.5
850	174.3
873.2	136.3
880.35	136.55
880.35	136.25
878.35	137.2
875.1	137.65
874.9	138.85
874.9	139.8
874.35	143.05
873.1	146.15
873.15	149.45
873.35	148.35
872.55	151.2
869.55	152.3
865.25	149.05
863.75	147.85
864.65	149.2
864.1	151
864.05	153.6
863.2	155.1
863.55	158.5
862.45	164.15
862.35	165.4
862.15	165.95
859.55	165.4
857.55	166.8
856.35	168.45
855.4	170.1
854.85	166.45
856.4	166.8
855.75	167.35
854.5	168.65
851.4	166.95
851.4	166.7
766.4	199.75
756.85	206.8
757.5	209.45
754.25	213.3
749.85	218.15
749.4	218.4
749	219.35
746.8	218.9
748.25	212.65
748.2	217.1
748.55	213.6
748.85	213.65
750.5	212.55
748.3	211.5
748.55	209.9
746.8	208.2
806.1	167.7
803.45	164.15
801.5	160.7
803.6	160.6
802.85	161.85
802.6	155.35
800.75	159.25
799.4	153.95
800.65	157.3
798.65	157.4
797.7	160.6
795.05	158.05
797.35	155.8
798.75	158.6
798.55	158.6
795.95	155.65
797.5	158.5
796.55	159.5
797.35	158.6
796.05	161.7
794.6	165.8
795	162.9
793.7	163.55
793	161.45
792.4	159.1
789.95	156.95
793.25	156.95
792.6	158.35
791.85	162.55
791.95	165
792.4	164.7
789.75	170.3
790.05	170.5
787.7	170.8
785.45	174.35
785.25	167.6
378.6	321.55
219.85	421.8
227.4	425.35
234.15	427.05
238	427.5
273.65	581.75
275.3	564.75
272.55	561.35
274.3	562.1
273.5	565.85
273.95	562.5
277.95	565.95
277.2	564.8
277.7	562.25
278.35	563
281.15	559.75
279.95	560.95
277.5	561.95
276.05	562
275.6	559.95
275.8	559.7
278	557.85
278.1	556.5
276.25	554.4
278	555.5
275.35	554.2
277.55	551.95
276.3	551.15
277.05	553.55
274.8	553.05
274.55	554.25
273.75	552.3
273.45	550.7
240.55	529.7
233.6	524.35
236.1	524.6
233.65	524.65
235.65	523.5
235.7	523.35
233.65	525.1
234.55	524.35
234.55	523.95
234.15	525.4
231.9	524.75
232.9	525.5
231.65	524.75
233.25	524.85
233.35	527.55
231.75	524.2
235.35	520.3
236.95	521.15
234.05	524.25
232.55	522.35
234.7	521.35
235.35	520.65
235.1	522.7
233.9	521.8
234.85	523.05
234.7	524.9
235.8	524.4
234.7	522.8
237.25	522.5
237.15	521.85
239.15	522.4
241.35	520.4
242.85	521.75
244.1	522.55
245.25	522.2
247.6	516.2
246.85	515.65
244.9	511.9
245.4	512.05
243.25	511.55
246.15	515.35
245.1	516.9
242.4	514.35
241.4	517.6
242.15	514.6
243.25	517.15
241.85	517.2
396.1	461.1
800.7	270.05
765.2	287.3
757.9	298.4
757.8	299.45
762.55	302.45
669.3	208.5
676.1	219.8
676.35	223.7
675	228.15
674.6	227.05
674.3	226.4
675.45	226.5
677.85	227.9
678.7	227.2
684.1	223.4
686.55	222.35
685.3	221.9
685.65	224.8
684.65	225.7
686.9	225.95
688.55	223.9
690.05	225.2
690.15	225.3
692.1	226.05
689.85	228.65
689.3	226.15
690.6	225.75
690.55	225.65
690.5	227.25
689.6	229
688.95	230.5
689.65	227.3
688.5	228.95
687.6	228.05
686	228
685.8	227.95
686.25	229.35
685.9	230.05
687.85	227.5
686.25	228.9
689.9	226.15
688.2	225.25
690.15	222.7
692.1	220.5
692.95	218.3
692.45	220.4
692.4	219.95
693.9	221.3
693.2	219.9
691.35	216.65
690.75	216.2
691.4	214.9
694.35	213.4
693.9	216.45
693	217.2
694.85	217.25
694.3	219.4
692.95	219.05
695.6	220.1
694.45	219.3
694.15	221.6
693.05	220.5
694.75	221.65
695.1	221.45
694.1	221.2
694.6	221.45
695.9	221.65
696.35	223.1
698.8	223.7
699.15	223.2
698.85	222.6
696.6	221.55
701.3	223.9
512.8	297.75
270.25	388.25
277.55	381.85
283.8	387.95
280.85	381
280.15	384.4
281.35	385.7
278.2	380.5
262.95	264.7
265.9	268.55
261.1	280.1
268.4	282.5
261.65	279.95
263.35	275.65
255.4	217.35
260.1	212.7
258.8	216.95
259.2	221.8
259.2	225.5
256.95	217.6
255.75	214.4
255	216.55
256.15	212.15
254	215.2
252.45	210.1
254.2	211.8
256.6	212.7
251.6	213.55
254.5	211.95
253.05	211.4
251.15	209.8
250.6	210.7
251.15	213.55
249.8	211.5
249.65	212
248.75	212.15
250.15	213
248.85	212.9
249	214.25
248.8	213.7
250.6	215.45
252.05	216.45
249.3	218.05
251.3	218.2
249.05	221.45
249	227.25
250.05	222.6
248.95	220.4
251.5	221.65
250.3	220
249.45	220.35
249.95	220.9
250.15	220.95
249.3	222.85
247.35	220.8
246.9	220.2
248.65	220.85
247.55	220.35
248.8	224.05
248.75	223.5
246.2	223.6
476.1	217.65
649.95	234.4
651.25	235.1
651.6	234.55
650.55	233.4
651.7	235.95
650.25	236.1
651.35	235.2
604.9	234.4
199.3	240.55
220.65	239.1
225.85	242.55
226.8	246.55
228.6	248.4
228.8	249.05
233.2	244.1
232.7	243.9
235.55	245.95
236.8	244.95
237.9	243
238.55	241.9
239.9	241.6
241.65	241.4
243.95	243.55
239.55	237.65
238.25	233.8
240.15	232.35
241.3	234.25
241.3	237.3
242.5	236.4
243.9	236.5
243.55	236.05
243	235.95
241.5	236.4
239.55	237.05
240.25	236.35
240.15	235.15
238.85	233.6
238.9	233.55
238.8	232.1
240.8	231.5
239.85	231.3
237.05	231.1
236.15	228.45
235	227.5
234.2	227.6
233.7	229.15
234.55	230.05
238.35	232.4
237.25	233.55
237.4	233.8
241.75	236.1
241.3	235.2
241.5	239.4
242.95	236.65
242.35	235.4
243.4	233.85
245	237.15
247	238.55
247.45	236.95
248.65	236.05
253.85	234.95
253.9	234.85
253.55	234.05
255.7	232.8
254.05	231.75
255.7	231.55
254.85	231.05
252.05	227.55
379.05	276.85
754.85	429.3
729.25	426.5
728.5	424.45
731.15	424.75
730.35	422.7
702.75	403.9
693.4	390.8
694.4	393.85
695.55	393.25
694.5	388.5
699.15	388.15
699.3	387.9
696.3	389.1
698.15	390.9
697.75	388.35
697.45	389.75
700.4	387
701.1	386.75
702.5	386.6
701.6	387.35
703.05	386.7
705.45	387.6
706.55	386.3
707.15	386.9
706.3	391.25
0	0
0	0
0	0
0	0
255	185.5
263	188.3
261.8	197.5
262.5	198.4
263.55	196.55
260.9	198.5
265.05	198.9
266.8	201.4
269.5	201.15
312.5	199.85
709.65	367.05
689.05	354.3
692.45	356.4
694.1	358.85
696.15	354
698.45	351.85
700.9	351.05
702.55	351.9
703.25	352.35
705.8	353.8
706.25	355.75
707.05	357.25
709.9	359.05
710	357.85
709.75	362.15
709.8	363.85
711.15	360.9
710.4	358.45
707.1	363.9
708	365.1
707	363.05
705.7	360.45
704.4	361.35
702.7	358.25
699.85	357.95
697.9	357.8
698.25	358.55
700.4	356.4
699.8	357.65
700.05	355.6
700.5	355.95
700.9	357.6
700.55	356.45
701.85	356.65
701.45	358.75
701.9	357.4
704.6	360.2
706.1	360.55
703.4	358.25
705.7	360.2
706.8	361.8
707.4	361.2
708.65	361.6
710.2	362.85
711.35	363.35
711.3	364.15
712.6	367.2
716.15	367.1
713.05	366.8
712.2	367.5
709.1	409.4
0	0
0	0
0	0
0	0
0	0
695.15	392.45
700.65	395.55
705.9	391.55
704.85	381.05
704.9	375.6
704.9	377.25
703.95	377.4
699.9	377.05
700.8	380.05
701.25	378.45
701.65	382.5
703.05	384.05
705.7	386.2
709.75	382.75
711.05	380.7
709.45	380.85
710.05	380.1
710	382.3
707.7	383.15
707.65	383.6
706.05	382.1
703.85	382.65
707.05	381.55
707.35	383.3
706.6	381.05
703.4	380.7
702.95	383.25
703.85	380.15
704.35	379.35
702.7	382.5
699.2	384.55
697.25	388.2
699.2	387.4
699.2	383.15
691.3	382.35
691.95	382.6
690.5	385.2
690.6	384.5
690.7	388.7
688.8	392.45
692.3	395.4
690.15	397.75
690.85	395.65
691.9	395.95
692.75	398.15
693.15	394.1
693.55	396.05
693.95	398.5
694.45	397.1
696.1	400.55
697.85	398.4
697.7	398.6
695.75	399.55
694.1	397.45
696.65	396.25
700	396.35
699.65	395.6
700.1	394.7
700.85	393.8
701.95	394.6
701.05	393.95
700.45	393.15
700.2	392.95
700.75	392.3
700.05	391.4
702.1	393.3
700.2	393.1
700.8	394.35
702.6	393.25
703.6	392.9
703.35	394.9
704.3	395.45
702.7	397.3
702.35	394.6
702.25	394.25
700.6	388.45
697.8	389.65
527	441.2
225	569.8
247.15	563.7
249.45	558.9
251.45	555.9
251.65	556.7
279	480.7
273.4	482
274.2	488.4
278.1	488.7
277.95	489.2
279.55	487.65
277.95	485.45
278.5	486
278.85	486.7
277.3	486.95
276.65	488.7
275.95	486.55
260.15	513.85
258.25	511.55
258.4	510.5
259.3	513.6
259.45	513.45
256.65	511.7
255.25	513.15
258.95	511.95
254.05	511.95
254.45	510.4
256.7	512.85
256.1	509.05
257.5	511.1
258.4	511.6
257.9	513.5
255.85	515.7
255.8	517.1
255.3	517.45
258.05	518.45
258.95	515.15
259.55	512.1
259.5	513.7
258.15	512.85
259.95	513.85
260.65	512.85
261.35	513.8
262	514.7
262.2	515.9
265.95	517.25
263.55	512.5
265.3	512.3
265.55	512
268.4	513
265.25	514.25
260	513.6
263.9	513.25
263.8	511.5
262.15	511.65
263	516.6
263.95	512.25
264.6	513.8
265.6	514.65
264.3	514.95
335.95	484.1
482.3	396.65
473	397.15
467.9	392.6
472.35	389.2
228.6	490.1
249.15	479.7
254	480.6
253.45	480.15
252.55	479.65
251.35	480.9
250	479
250.1	480.35
251.05	481.4
251.7	482.25
251.5	486.25
253.15	487.9
254.3	492.3
252.45	494.65
253.65	493.15
253.45	490.6
254.4	490.1
250.7	495.65
251.9	495.4
255.2	491.55
257.2	489.8
228.35	495.4
228.35	493.35
231.8	497.8
232.3	495.9
230.8	497.55
230.9	498.05
231.8	498
232.75	498.45
232.15	499.85
283.6	499.75
449.45	411.7
433.15	419.45
430.7	426.55
434.25	425.4
644.15	259.05
762.25	158.4
738.05	180.85
735.95	184
735.85	185.55
732.5	192.4
733.5	192.75
734.35	191.65
733.7	196.2
734.6	195.75
732.75	197.6
736.75	194.8
740.3	187.35
738.6	186
738.7	187
738.5	186.1
737	189
740.4	192.3
738.6	196.05
739	200.9
739.1	196.3
739.7	192.2
739.8	192.55
738.35	189.45
739	189.65
738.15	187.25
736.7	189.2
737.6	194.2
735.75	196.9
734.6	202.9
732.05	201
726	171.1
726.85	176.15
727.05	174.35
727.85	174.45
730.75	175.15
730.8	172.9
497.9	196.5
61.6	371.55
189.7	601.7
262.6	497.05
264.8	494.95
265.95	494.75
266.65	495.65
270.1	495.95
270	498.75
271.55	501.2
271.35	501.1
272.5	502.4
273.2	501.9
274.8	505.4
276.4	503.3
273.85	503.95
272.95	503.8
276.75	503.1
278.5	501.25
279.4	497.3
278.35	497.3
279.55	495.95
281.6	495.5
281.35	494
281.15	492.3
280.65	490.2
281	490.4
281.75	488.35
281.75	487.65
281.35	488.35
282.15	483.1
276.95	487.05
705.35	246.9
764	148.85
740.3	180.4
742.5	183.4
741.95	179.9
741.4	182.65
740.85	183.2
739.85	187
739.2	188.65
738.75	189.75
736.35	196.4
736.6	195.15
736.85	195.65
739	210.6
714.3	443.55
699.1	468.45
698.95	464.35
697.5	463
696.65	464
695.45	465.05
698.3	465.55
697.35	463.9
697	462.2
697	462.4
694.95	463.55
694.45	461.85
696.25	459.85
696.75	457.45
694.5	458.9
696.9	458.75
697.15	455.95
696.35	455.65
699.85	451.15
704.75	448.4
702.25	446.7
702.6	441.7
703.65	443.8
704.05	443.65
704.9	443.9
704.6	443.55
705.45	444.6
705.05	445
708.05	444.7
707.75	446.2
709.05	445.15
707.4	446.55
708.85	447
707.6	447.15
709.25	445.3
710.45	445.55
709.25	446.4
710.35	446.65
707.6	446.15
708.85	446.85
709.05	446.4
710.85	444.55
706.85	445.1
707.3	443.8
708.3	440.95
708.35	440.85
708.6	439.9
709.7	441.3
709.2	444.6
714.1	446.55
716.1	447.5
716.6	448.5
717	451.75
715.85	448.4
715.7	445.55
711.7	444.75
714.15	445.75
716.75	445.95
715.9	445.5
719.05	446
720.9	445.75
722.65	447
722	447.1
722.65	448.9
724.2	450.8
724.55	448
725	450.8
722.95	451.95
722.1	452.65
722.65	455.15
721.55	451.5
720.1	454.85
721.75	452.6
724	454.4
724	453.15
723.85	455.9
721.9	455.45
721.9	451.25
722.7	451.55
722	449.1
723.2	447.55
713.05	417.35
711.15	418.2
713.4	419.8
712.95	416.25
712.4	415.7
710.3	415.4
712.45	414.1
712	415.7
710.5	417.7
711.55	415.95
710.8	415.2
709.65	415.35
711.85	416.45
710.45	413.2
711.15	413.8
711.8	419.1
710.15	415.65
713.85	414.9
742.05	424.45
739.15	423.9
737.2	425.5
742.7	424.9
739.6	425.85
736.65	427.1
738.9	423.25
741.4	424.2
741.1	421.95
739.05	424.1
740	422.55
739.55	422.9
740.65	420.1
741.1	420.15
737.85	422
738.35	424.65
736.75	424.1
736.25	424.15
737.1	427.25
740.15	427.9
742.8	426.85
742.05	428.35
739.15	433.85
741.1	436.2
737.4	436.3
742.75	434.8
742.1	432.3
747.1	426.4
745.6	425.8
746	425.5
746.15	427.55
746.45	428.4
706	420.25
705.55	419.9
707.75	417.25
706.15	417.15
705.35	418.1
705	419.5
704.45	418.65
706.1	418.2
707.6	417.15
708.3	415.9
709.3	414.45
706.3	418.25
704.35	422
708.15	427
708.85	421.1
706.85	423.95
705.2	424.8
708.25	423.3
708.95	431.1
710.3	430.2
712.8	431.6
709.25	435.55
708.7	433.5
708.1	436.4
709.95	436.85
711.7	433.1
710.8	439.3
711.3	438.25
713	437.25
712.95	439.4
712.2	438.4
712.45	437
709.75	437.4
709.75	435.7
711.35	434.75
709.45	435.5
704.95	431.55
704.2	428.85
704.75	435.9
708.15	432.3
706.3	430.9
705.5	431.3
703.8	432.6
700.3	436.5
698.4	437.3
698.5	437.55
697.15	436.95
697.6	432.75
698.2	432.95
700.5	429.8
703.8	429.3
701.15	430.55
699.75	431.35
700.7	432.55
700.45	432.75
699	434.25
699.05	432.85
698.55	432.8
697.75	433.55
696.9	433.55
700.9	431.55
701.8	430.35
702.85	432
391.1	487.3
231.55	560
243.15	563.5
242	563.2
248.55	566.9
248.85	566.7
248.1	566.9
250.25	568.6
412.8	579.15
409.6	579.3
405.4	580.45
408.25	579.4
408.6	578.75
407.85	578.5
409.1	577.8
410.05	579.9
410.3	580.8
411.25	579.55
411.85	579.55
413.8	578.85
416.9	579.35
418.7	576.1
417.9	575.35
418.9	574
421.5	570.55
421.05	576.6
424.35	574.9
423.95	573.1
424.1	572.8
424.35	571.95
425.75	574.25
428.25	573.15
426	575.15
429.35	574.65
436	576.15
436.45	579
435.5	580.25
438.65	581.55
434.7	580.2
438.3	581.05
441.05	584.25
421.2	539.9
418.3	361.5
421.25	369.85
418.65	373.45
423.45	377.05
426	375.15
427.45	377.5
413.75	364.45
0	0
0	0
0	0
0	0
353.75	549.8
352.65	559.95
356.7	567.2
353.25	566.75
352.95	566.75
354.7	560.55
354.45	559.45
350.7	558.55
350.55	557.7
349.95	562.1
352.15	560.3
352.35	563.1
356.7	562.55
354.4	561.15
352.4	563.75
352.4	565.15
351.7	559.95
354.25	559.3
351.55	560.5
352.15	562.3
353.9	563.65
355.2	563.35
357.35	568.7
358.2	567.4
359.4	569.9
359.1	568.85
360.8	569.55
358.95	562.75
358.4	561.5
359.85	562.4
359.35	558.5
358.1	558.85
358.2	562.55
357.1	561.9
359.65	560.65
361.75	561.95
361.5	564.75
362.25	568
362.3	574.15
364.55	575.2
363.5	575.55
363.8	576.6
367.7	576.8
375.6	586.65
364.45	555.1
0	0
0	0
332.6	563.95
326.6	569.9
329	566.15
331.25	567.25
332.55	569.95
329.9	567.8
333.35	565.65
333.45	565.6
336.45	563.05
334.15	565.2
330.75	566.8
329.95	567.7
329.9	568.1
325.45	567.25
325.85	566.7
323.4	566.7
322.65	570.9
320.3	569.85
321.2	568.6
324.05	575.15
320.75	576.45
323.2	581.05
321.6	580.85
322.45	582.6
325.6	581
324.2	578.25
323.25	579.6
325.45	576.8
326.45	577.6
327.6	578.65
327.45	578.45
324.05	576.55
328.25	581.15
328.15	588.15
326.9	588.1
326.95	593
326.25	588.2
324.25	588.8
321.45	584.15
326.35	586.35
329.95	588.75
328.85	587.9
328.1	587.15
327.5	584.9
331.55	585.9
331.15	586.45
329.85	588.95
331.4	588.95
330.6	586.65
333.25	585.8
333.25	581.95
332.95	580.75
331.85	576.65
330.65	572.5
328	568.05
330.35	570.65
330.2	574.55
330.55	576.3
332.85	575.8
331.75	578.05
330	575.65
578.2	637.45
863.45	707.9
0	0
0	0
0	0
0	0
0	0
0	0
0	0
0	0
717.3	701.95
385.25	425.9
336.5	424.3
351.2	441.1
352.6	440.15
352.3	442.6
351.15	436.9
353.5	438.1
357.6	440.65
358.95	436.6
359.8	441.95
365.2	442.25
365.9	445.15
366.2	445.3
367.05	446.1
368.15	447.5
367.45	446.3
366.55	445.8
366.35	444.5
366.8	447.5
368.95	450.15
370.25	450.9
370.85	448.95
370.15	446.85
370.6	448.3
369.4	448.2
369.95	448.95
370.45	451.65
370.95	449.7
371.1	447.95
371.3	446.15
372.2	447.2
372.05	449
371.4	446.7
367.3	449.35
365.2	446.7
366.75	443
368.1	444.75
367.6	443.55
368	444.45
367.8	445.4
368.95	446.3
369.85	447.1
372.4	446.35
373.7	447.9
371.85	444.2
369.55	443
371.55	443.6
367.65	442.65
370.4	443.7
371.2	444.25
371.95	448.95
371.15	449.55
376	447.5
379	446.3
378.4	448.1
377.7	448.45
378.05	447.95
379.55	447.15
383.45	447.9
383.05	447.2
381.75	445.25
385.4	448.35
383.55	443.45
379.4	442.55
375.7	445
373.3	440.8
370.8	432.85
371.7	431.15
375.25	426.3
376	428.6
371.5	428.1
368.8	423.05
367.05	422.95
370.65	421.8
368.55	416.65
399.05	417.15
601.6	324.5
587.6	328.9
579	333.75
581.15	330.95
588.5	326
589.3	324.65
587.45	328.05
583.9	331.2
590.4	320.35
588.6	324.3
591.55	325.9
592.6	323.55
586.1	332.95
590.5	327.5
419.9	300.4
185.7	277.95
205.85	281.5
210.95	282.1
208.6	282.75
210.55	284.8
210.45	288.75
212.5	281.25
210.5	283.1
90.5	353.65
95.7	379.45
103.45	376.3
109.5	372.85
248.8	413.05
247.95	415.05
246.65	415.15
249.3	418.85
251.4	419.9
257.6	420.7
145.9	567.2
152.35	578.65
155.6	568.65
157	563.4
157.35	564.9
154.95	561.85
152.6	558.95
151.9	559.3
159.5	566.95
156.05	568.5
163.05	567.75
189.05	651.3
190.2	658.45
189.7	652.75
186.8	655.6
189.9	658.8
192	660.5
192.45	664.45
196.25	663.95
197.4	663.75
196.7	667.3
199.7	665.9
123.35	530.35
132.1	537.7
134.75	544.7
138.35	548.9
138.25	551.15
140.3	549.1
143.6	549.35
143.55	546.55
145.35	551.5
144.9	549.35
146.55	550.9
149.55	549.1
151.35	550.7
153.15	549
153.95	549.3
158.3	552.5
420.3	414.65
413.85	412.3
413	410.8
414.95	409.15
416	408.05
413.75	404.7
415.85	402.95
416.85	403.6
416.9	402.65
312.6	269.25
240.05	161.55
247.25	174.9
244.05	182.95
244.5	182.85
245.3	185
239.65	187.85
238.3	188.1
244.85	184.65
81.75	287.5
108.35	377.1
110.45	367.1
115.7	363.6
114.25	363.85
114.45	367.8
114.15	365.75
113.5	363.8
112.1	362.4
204.65	316.4
396.3	277.3
386.25	287.6
379.65	291.75
380.4	294.45
356.9	309.9
224.25	417.15
230.85	415.4
238.05	411.25
233.3	412
234.1	413.6
235.25	414.65
235.25	411.95
232.65	407.65
159.95	480.7
128.1	535.4
132.4	534.9
136.65	534.3
135.2	537.05
136.6	539.5
134.2	537.9
133.85	535.25
135.05	538.1
207.45	588.6
294.45	668.35
287.7	668.4
286.8	665
288.1	666.8
286	664.8
283.25	662.8
378.2	681
645.9	671.15
636.3	669.55
635	673.75
633.9	675.25
635.75	677.8
636.6	678.5
641.4	689.6
267.7	480.1
230.3	453.55
245.45	464.2
251	471.85
246.05	470.85
249.75	474.5
158.95	327.55
161.6	323.8
164.3	328.95
164.45	330.25
161.55	330.7
164.25	331.95
163.05	335.5
160.6	335.2
424.15	367.05
407.3	360.85
408.25	357.7
411.85	359.8
410.5	363.95
410.1	363.75
409.3	367.05
412.25	368.55
221.55	399.7
77.5	446.95
84.6	444.65
86.05	446.7
85.95	445.55
88.7	447.4
90.1	446.15
92.8	445.7
94.4	447.05
95.3	447.8
94.35	445.1
94.95	444.55
97.45	450.45
101.55	452.35
104	453.3
106.1	454.7
110.75	457
251.05	357.5
326.25	293.45
315.6	305.85
311.2	311.1
312.95	309.15
310.95	311.05
312.4	307.95
312.25	304.4
312.2	307.15
312.4	304.15
311.25	304.05
313.65	302.7
316.25	300.85
164.05	293.25
60.4	308.5
71.6	306.05
70.95	305.85
68.6	305.65
68.65	304.8
65.4	302.4
192.15	236.9
186.55	241.55
180	248.1
242.5	310.4
205.75	339.4
0	0
265.3	474.2
257.45	482.5
251.25	474.95
250.4	469.9
249.75	463
252.3	463.05
250.15	464.15
646.45	455.4
684.95	457.8
678	461.05
678.8	460.05
682.7	460.6
679.3	464.5
545.15	467.6
170.3	439.25
165.8	439.1
176.85	440.7
176.4	441.4
176.55	443.55
178.55	442.85
177.65	443.85
178.05	437.35
186.15	441.85
341.75	564.65
336	562.55
333.3	556.25
332.85	553.3
332.6	555.15
334.4	555.25
335.95	557.1
334.8	558.05
111.65	546.35
90.35	545.95
101.5	546.1
105.2	552.05
107.55	553.1
190.15	662.2
184	671.35
180	662.9
176.3	664.25
177.95	670.2
558.85	516.75
646.7	505.15
623.3	520.7
620.2	527.45
616.1	530.3
616.65	529.05
618.15	528.3
296.2	504
142.45	526.95
167.1	525.1
170.4	524.85
166.2	522.25
168.65	523.35
170.2	521.35
173.25	523.25
174.15	524
174.8	521.65
56	533.5
64.1	531.65
70.35	533.75
75.2	535.15
74.6	530.9
74.05	534.85
438.3	341.8
485.3	296.1
477	323.1
485.05	328.55
491.85	330.3
495.7	333.15
236.7	252.65
218.85	223.2
226.15	232.3
226.35	239.6
222.75	244.35
220.5	246.25
221	246.35
223.05	248.95
147.35	232.5
109.85	226.2
117.45	228.75
120.6	227.4
117.1	223.65
125.65	235.1
165.1	396.2
159.25	387.55
160.9	377.4
161.65	375.45
163.5	374.2
158.65	372.45
579.05	327.45
555.55	328.3
551	326.6
549.2	327.85
551.2	328.65
552.2	330.95
229.35	414.4
177.25	441.6
188.95	442.5
190.05	439.45
188.65	437.55
192.9	443.35
193.8	443.35
195.65	446.2
198.2	448.05
133.4	588.45
141.3	587.8
143.7	582.75
143.25	582.8
144.9	588.3
149.35	590.9
149.75	591.95
232.9	629.9
232.9	635.4
232.8	635.85
234	634.4
233	634.3
232.85	632.7
233.2	631.25
233.2	629.15
234.2	629.9
235.05	630.65
235.05	628.1
236.9	627.9
236.6	626.7
239.55	628.4
241.65	622.15
239.25	626.6
241.5	622.95
242.65	628
242.4	628.2
243	627.6
242.85	630.95
243.9	631.6
243.6	633.75
243.3	636.6
243.6	633.9
244	634.35
241.25	633.65
241.9	633.85
241.5	636.55
239.75	637.85
239.5	638.95
238.95	640
237.85	641.3
236.55	643.75
307.25	584.9
389.7	626.65
389.75	512.95
388.05	384.3
387.1	392.1
385.35	384.8
388.2	382.5
388.95	383.15
389.15	375.9
388.75	373.5
389.6	373.3
391.1	375.6
393.55	377.9
395.35	380.6
394.5	384.4
396.7	383.85
374.45	372.05
70.2	310.55
92.05	310.65
96.8	312.1
93.1	312.5
91.85	310.8
92.3	310.85
358.25	254.7
446.05	248.7
433.5	253.7
433.15	251.5
434.55	249.95
432.85	242.65
431.25	244
429.8	247.15
432.35	247.5
430.45	248.25
387.55	255.05
271.5	344.85
282.6	337.9
287.8	332.35
286.7	329.9
288.4	331.1
289.3	330.55
287.55	335.5
288.8	336.2
289.7	335.2
289.55	337.05
287.55	335.9
290.9	337.55
414.15	320
546.3	306.6
534.15	312.75
533.1	315.1
533.55	317.2
532.9	317.85
484.75	362.6
386.85	394
394.55	387.3
399.75	381.3
399	383.15
399.25	382.7
398.35	388.05
284.5	284.1
287.65	277.9
296.9	280.85
294.7	285.15
295.6	284.8
296.35	285.35
516.65	321.4
677.45	336.8
0	0
0	0
0	0
644.9	362.65
647.85	366.75
648.8	371.5
648.5	368.8
649.25	367
649.2	370.45
650.15	370.9
651.05	374.2
650.35	371.1
649.2	374.1
648.35	374
455.7	358.4
368.95	573.5
382.55	364.8
369.45	366.9
370.25	367.4
372.8	365.6
366.9	358.9
373.1	355.35
370.7	355.8
370.5	354.45
368.7	350.3
368.75	350.3
369.3	349.15
366.4	350.15
363.65	348.7
363.7	349.7
364.95	348.7
366.55	350.3
368.4	351.5
369.85	354.2
367.5	354.7
369.55	356.25
370.8	356.5
371.65	357.05
157.1	470.6
146.65	527.15
151.2	522.45
157.9	518.05
160.6	517.65
163.85	516.2
166.15	515.1
169.95	517.25
167.55	514.15
171.35	512.2
172.6	513.7
334.55	437.15
598.6	318.9
572.8	325.15
562.45	333.75
565.65	335.8
565.85	331.65
563.2	334.3
562.4	336.3
560.65	337.25
475.75	319.4
180.4	270.4
192.9	270.45
198.15	279.25
195.65	283.65
197.55	285.4
197.85	286.95
284.3	288.8
288.7	283.15
337.1	285.35
563.15	288.55
553.95	292.6
553.2	288.65
555.3	287.5
554.5	291.2
595.7	285.5
773.5	286.05
767.15	285.4
762.75	283.35
763.6	284.45
688.75	284.8
116.15	341.95
86.4	384.5
101.6	381.35
102.2	382.7
103.95	380.75
104.65	383.85
104.6	380
306.05	374.55
354.45	369.95
345.5	379.05
345.2	380.8
344.4	377.8
346.3	379.45
343.9	380.75
346.25	378.7
345	378.4
477.55	404.7
599.55	400.75
586.4	399.3
583.35	400.8
589.2	399.2
584.5	406.35
585.3	406
587.1	404.45
588.65	403.9
185.5	357.5
54.8	374.4
69.15	382.1
73.25	382.9
71.85	383.15
72.65	384.15
72.55	383.2
96.4	328.7
121.65	274.2
119.45	285.25
117.2	288.7
118.6	288.35
118.1	290.15
116.7	287.2
118.35	287.1
119.45	289.8
117	288.4
116.25	288.2
118.25	290.55
121.2	290.45
194.2	349.25
355.65	509.45
345.7	492.1
347.95	486.75
347.75	487.75
346.8	489.5
323.9	488.35
67.3	501.85
80.95	502.55
86.95	503.7
86.7	502.1
87.15	502.9
86.15	500.75
87.8	501.2
352.1	486.65
784.35	497.8
756.25	493.95
748.7	494.8
747.05	500.7
747.25	498.75
746.7	499.95
697.3	491.85
302.85	487.75
325.2	485.05
334.6	485.4
336.65	487.85
339.2	488
338.75	489.2
340.2	487.75
339	484.75
337.2	484.85
339	479.6
353.8	487.8
530.85	484.7
519.05	484.45
517.75	483.05
450.1	471.2
165.05	472.95
184.25	466.3
188.45	466.65
191.5	466.6
191.6	468.05
194.1	469.15
196.5	473.15
197.4	474
198.6	470.5
183.15	520.35
0	0
0	0
0	0
0	0
0	0
0	0
448.4	409.25
451.45	400.95
446.85	389.4
440.1	394.1
442.8	396.05
444.65	397.25
445.85	399
447.15	399.75
446.35	398
447.1	399
447.45	400.8
449.55	398.8
450.5	399.45
453.7	398.5
452.85	393.9
448.85	394.05
447.6	393.85
446.3	388.65
444	392.95
443.25	391.4
441.65	389.6
440.6	390.7
439.25	390.65
442.25	391.8
439.35	390.25
442.3	391.4
441.7	388.6
443.05	387.65
443.1	391.2
442.95	391.8
442.2	390.4
442.1	390.4
443.85	389.4
445.95	391.75
443	390.6
442.3	387.95
444.65	389.15
445.9	388.5
450.6	386.5
447.1	391.5
448.3	391.2
448.85	391.7
449.6	391.95
450.75	399.9
449.3	403
449.65	403.75
450.6	402
448.3	404.65
457.35	394.3
0	0
0	0
0	0
448.55	377.6
446.4	370.15
443.7	373.45
442.9	380
445.2	383.85
447.1	385.25
446.15	384.7
445.75	385.25
450	383
450.55	387.5
449.75	388.65
444.95	391.1
445.85	391.1
444.35	390.95
438.15	372.5
438.75	297.7
437.65	300
435.85	305.75
437.25	309.1
436.1	315.5
437.6	316.55
438.75	315.05
435.5	318.75
449.8	510.6
443.5	593.2
441.35	586.05
441.1	576.45
437.2	576.05
438.75	577.35
439.95	579.65
438.55	584.2
441.5	588.8
445.15	587.55
372.35	576
373.15	577.8
375.55	579.4
374.1	579.1
376.9	582.1
374.8	582.6
374.35	580.5
427.85	599.25
431.6	597.35
428.95	598.9
424.25	598.9
427.25	598.15
427.65	599.35
427.65	599.4
428.45	600.7
430.2	602.7
432.6	604.1
434.3	605.15
436.6	605.75
434.4	605.25
435.85	604.65
437.6	606.5
438.45	605.55
438	606.05
438.05	606.35
439.6	604.9
441.15	604.55
443.1	603.5
444.45	602.4
448.45	603.9
447.35	604.8
444.3	603.2
442.7	603.4
444.7	601.35
445.15	601.45
444.65	604.15
484.95	615.85
789.95	680.65
0	0
855.15	698.3
604.1	615.55
624.1	621.3
625.9	621.25
619.75	618.65
620.7	626.65
619.95	630.9
623.35	625.55
616.95	619.35
619.1	624.4
0	0
0	0
595.05	608.2
598.6	615.1
600.4	619.35
599.2	616.55
599.65	618.8
602.15	619.35
604.9	619.15
605.7	616.9
479	494.25
469.95	469.35
480.8	474.5
480.4	470.4
482.6	472.1
480.85	468.3
481.75	468.3
486.75	466.6
486.6	465.8
489.2	469.2
372.75	511.05
106.15	624
137.45	618.2
144.15	609.9
142.95	610.45
143.95	608.9
143.2	608.45
145.45	609.25
148.4	608.15
147.1	609.45
143.8	609.1
142.1	612
377.8	598.1
360.9	597.85
359.3	599.55
356.5	600.35
359.15	598.2
360.3	597.65
358.25	597
344.3	595.9
220.3	605.15
226.6	607.05
225.5	606.2
223.65	605.6
223.1	606
224.25	606.65
223.15	603.9
425.1	620.7
670.55	658.25
651.2	658.15
646.75	657.3
646.25	656.25
645.15	654.05
643.5	653.6
643.1	651.55
640.9	650.55
638.85	651.65
636.95	651.6
634.85	650.75
635.9	650.85
636.6	651.2
634.1	650.7
636.5	648.05
633.95	647.1
676.95	630.15
683.05	626.9
682.4	627.55
680.45	627.1
683.25	630.1
682.25	630
684.1	629.4
687.35	629.05
689.15	629.65
330.25	596.4
91.7	627.1
111.45	637.25
115.5	637.55
117.5	639
118.35	638.5
117.35	636.75
121.5	634.6
161.85	634.7
309.85	624.85
300	625.65
303.65	627.8
303.15	629.85
306.15	628.15
304.5	625.2
304.75	626.65
301	627.9
295.3	626.45
294.55	627.45
294	630.75
296	628.2
297.7	630
299.45	629.5
299.1	631
302.45	631.35
304.85	632.9
307.1	631.05
308.1	630.2
307.8	629.3
308.9	628.4
307.95	631.1
305.4	634.05
305.4	633.2
305.55	636.3
306.5	634.35
305.3	633.4
302.5	635.25
300.8	632.4
0	0
0	0
0	0
0	0
0	0
0	0
0	0
0	0
451.4	550.25
447.4	550.3
446.4	547.85
447.75	547.4
446.7	542.3
447.95	543.75
450.75	544
450.85	538.6
451.95	539.15
450.1	543
451.75	545.35
478.65	496.35
490.9	464.75
0	0
0	0
0	0
443.7	323.1
443.9	319.85
443.95	323.25
442.6	325.45
448	324.35
448.1	322.1
450.25	323.2
