439.1	409.75
438.05	409.75
441.25	413.25
442.3	400.7
439.85	400.4
438.75	401.1
442.8	399.55
439.4	417.25
353.9	344.05
346.7	339.35
0	0
0	0
0	0
0	0
353.15	346.85
352.95	337.65
351.1	342.4
358.1	343.45
361.7	345.25
365.4	341.55
339.65	224.35
275.65	126.8
281.05	129.9
280.8	129.15
282.45	127
272.65	290.9
285.2	311.5
287.8	319.6
285.1	315.65
292.6	310.55
249	340.6
251.85	337.25
256.9	345.65
0	0
0	0
0	0
0	0
0	0
0	0
0	0
272.45	359.45
275.15	352.6
277.7	349.4
276.3	347.1
299.95	354.55
444.95	358.3
449.9	360.45
453.45	359.05
451.35	362.2
448.9	366.65
450	360.35
450.45	362.05
806.15	469.65
933.4	503.45
937	509.3
940.1	507.65
936.3	506.1
934.15	506.85
933.55	509.6
931.85	510.35
931.85	512.35
928.7	512.55
938.95	598.85
932.85	588.7
932.2	591.05
934.15	591.05
932.3	590.95
926.85	595.65
927.2	595.15
930.1	594.15
927.4	594.4
928.15	593.85
540.85	410.3
335.55	333.1
313.9	338.65
309.3	340.65
315	339.9
318.9	338.8
317.8	337.7
315.1	338
651.15	333.35
639.9	333.75
645.85	338.35
646.6	337.6
645.65	340.8
645.35	346.75
643.45	344.3
645.25	345.8
601.85	342.05
598.7	340.1
600.55	340.8
400.1	329.35
375.3	324.3
376.35	326.1
377.4	327.3
377.6	332.55
380.35	336.25
290.05	332.35
276.15	336.4
274.1	337.05
273.5	338.45
275.65	335.25
275.2	339.45
273.5	335.55
471.35	336.05
517.85	343.85
513.8	341.2
510.95	344.35
513.15	341.95
517.75	363.65
0	0
0	0
0	0
0	0
0	0
532.3	359.65
533.75	356.65
531.7	352.8
529.7	356.2
487.65	345.2
427.95	347.4
426.15	347.15
427.6	348.05
425.75	356.45
425.35	346.55
341.2	343.6
253	342.8
249.6	343.95
252	345.5
251.2	346.95
248.75	332.3
254.75	347.45
249.75	341.7
409.8	344.55
466.15	346.65
469.2	345.65
473.9	344.75
471.75	348.6
469.4	352.85
735.25	346.2
720.25	344.1
725.25	339.7
733.55	352.6
730.95	353.4
730.9	351
729.9	354.35
731.9	355.6
734.5	354.75
741.35	355.8
737	355.45
733.05	347.25
731.2	341.3
730.8	341.9
732.8	345.3
730.15	344.3
732	341.15
730	344.2
743.05	315.25
826.05	172
903.6	113
908.4	106.45
911.35	110.6
546.85	251.85
314.15	305.55
283.95	312.7
281.15	306.3
280.2	307.95
279.7	306.2
283.65	308
193.7	293.45
206.65	289.5
205.55	292.5
204.5	297.95
206	302.25
203.1	300.9
202.6	296.55
242.65	286.75
288.2	289.3
290.85	290.35
294.05	288.9
0	0
0	0
0	0
0	0
0	0
0	0
282.65	283.2
283	279.95
278.7	277.55
284.85	278.55
283.1	282.75
284.35	281.85
278.65	276.7
277.5	273.8
288.45	277.1
701.9	308.35
733.95	308.45
730.65	299.9
733.9	299.1
738.95	306.75
743.9	307.95
741.1	311.05
742.65	314.2
831.45	208.95
0	0
0	0
0	0
0	0
0	0
0	0
0	0
0	0
0	0
0	0
0	0
0	0
0	0
0	0
0	0
0	0
0	0
0	0
0	0
0	0
0	0
0	0
0	0
0	0
0	0
0	0
0	0
0	0
231.15	275.35
241	293.95
243.85	290.1
240.3	280.1
237.1	284.3
234.4	288.7
234.15	290.7
235.75	287.9
235.6	288.65
238.35	287.1
241.2	282.85
249.55	289.05
401.15	293.3
387.5	283.45
393.45	284.7
393.8	281.65
382.8	281.8
242.75	297.35
228.75	286.3
233.25	291.65
231.4	287.85
235.3	291.25
238.1	296.45
156.6	275.35
157.75	280.05
161.5	282.95
157.4	283.65
163.05	281.85
164.1	285.35
160	290.6
162.6	292.6
159.25	290.9
0	0
0	0
0	0
0	0
0	0
0	0
170.3	323.9
166.95	317.95
166.85	316.5
165.9	305.1
163.45	307.9
145.95	295.65
152.25	303.1
154.05	302.2
151.5	304.3
152.25	299.35
150.2	304.4
300	302.5
298.4	305.15
300.35	304.4
298.8	307.15
299.65	306.95
296.8	309.5
294.5	311.7
296.1	309.65
296.35	307.8
295.55	309.1
295	311.75
283.3	308.6
188.3	293.1
182.3	296.55
180.5	295.25
178.4	296.55
183.55	296.85
185.55	297.15
186.55	293.95
186.7	287.75
186.1	284.2
314.05	299.35
402.15	298.95
405.5	301.35
405.35	301.25
405.45	297.5
407.2	300.2
407.85	300.55
556.75	314.45
575.4	313.4
572.6	313.4
574.3	314.25
574.95	318.65
578.7	323.35
668.45	320
671.7	325.1
0	0
0	0
0	0
0	0
0	0
0	0
687.4	300.85
684.4	300.55
686.6	307.3
409.15	319.8
258.2	320.45
248.3	313.55
248.3	313.45
245.25	315.3
238.45	320.35
162.75	315.25
160.6	320.45
155.25	322.55
155.45	323.3
155.5	324.65
151.65	329.85
152.3	331.05
154.3	329.15
156	329.85
158.15	325.65
429.9	319.3
423.3	322.5
423.8	322.05
433.15	320
430	319.4
426.35	325.05
558.1	335.9
542.9	335.65
544.9	331.8
548.8	331.65
547.05	332.55
549.2	332.75
547.75	333.85
550.1	336.45
548.85	343.2
549.9	350.45
550.7	353.4
549	353.95
550	360.55
549	363.2
543.85	358.15
539.95	365.65
0	0
0	0
0	0
0	0
0	0
503.3	354.9
500.8	366.6
500.5	362.45
502.8	355.35
507.7	354.5
511.95	347
504.6	344.55
510.95	333.9
514.8	304.3
516.1	302.3
515.25	301.3
519.2	293.75
517.85	300.75
523.65	299.65
524.35	301.9
536.1	303.4
577.45	297.95
0	0
0	0
0	0
0	0
0	0
0	0
562.2	296.6
567.35	288.45
565.95	288.75
568.15	288.05
569	286.6
569.5	282.95
566.65	279.65
565.95	279.45
569	278.9
567.4	279.15
565.25	282.85
543.05	293.4
499.75	319.3
498	318.25
500.55	321.65
501.85	320.95
503.95	320.05
502.95	320.35
503.1	320.35
503.9	320.45
505.3	319.6
505.3	317.5
506.5	314
505.5	313.2
505	311.8
506.35	311.55
509.15	306.9
521.1	313.15
642.55	339.35
638.6	332.35
640.2	331.7
640.25	331.25
641.15	328.4
636.3	329.15
634.25	333.8
630.4	339.15
632.3	339.5
635.15	338.3
636.75	336.1
629.9	338.65
631.95	337.6
564.65	335.9
476.95	348.35
474.25	351.8
471.5	349.35
470.55	350
469.55	357
473.3	350.6
473.95	348.4
472.8	347.5
466.35	347.05
465.85	347.7
462.15	348.35
462.35	350.7
463.95	350.15
675.6	369.45
698.9	385.05
698.25	381.95
698.55	379.45
708.7	379.1
709.1	386.4
701.75	395.2
700.4	394.15
701.25	396.7
704.6	391.55
704.3	383.9
708.95	378.7
699.55	376.35
501.7	383.05
512.1	380.95
516.5	378.9
515.85	379.4
511.65	381.05
512.6	380.75
512.2	381.75
512.9	381
514.1	382.15
515.6	380.35
513.55	379.15
513.6	378.8
513.35	378.7
513.65	377.7
519.05	376.45
520.65	374.7
518.8	369.25
525.8	364.6
523.85	363.5
665.8	398.45
694.45	398.4
700.4	395.6
704.3	398.9
703.25	399.6
702.55	398.6
702.8	399.3
702.9	399.5
661.8	359.05
567.8	328.85
566.35	326.3
564.8	324.6
562.85	325.75
565.95	326.1
565.65	328.35
568.8	325.8
569.4	330.35
572.4	326.95
572.6	326.7
569.25	328.7
572.6	319.5
575.35	313.55
580.95	313.35
585.15	312.8
583.65	312.25
584.15	313.6
589.55	316.15
647.9	385.6
639.55	378.15
637.05	371.65
637.65	366.1
637.15	362.9
634.15	362.9
628.15	360.85
626.5	357.1
625.6	353.9
625.2	353.8
625.6	350
627.85	349.65
630.45	346.7
632.15	341.55
630.5	342.2
631.65	339.7
634.8	339.6
636.45	339
634	335.55
632.6	334.75
628.95	333.8
626.35	334.85
624.15	331.7
628.85	327.75
628.5	324.15
627.85	322.75
623.1	327.7
420.4	322.65
301.6	322
294.25	324.65
296	324.35
296.8	323.45
300.2	324.8
300.9	325.95
301.45	325.7
298.15	327.15
300.2	329.6
301.15	332.85
417.45	352.75
539.9	375.9
549.4	378.7
550.7	377.05
548.9	373.9
552.15	372.7
551.65	370.4
552.2	367.75
554.1	365.95
554.35	362.05
556.75	362.15
554.2	363.45
555.1	363.35
558.3	364.1
559.9	361.35
534.4	375.3
224.2	473.35
239.45	468
242.05	470.7
244.05	469.55
242.35	467.05
241.4	467.8
243.8	468.25
243.7	468.25
244.55	467.35
245.5	467.55
244.85	467
246.2	466.55
247.7	465.05
248.6	462.45
407.95	446.1
539.45	412.1
551.85	407.4
550.2	401.35
553.05	399.5
551.85	399.65
551.1	399.85
545.7	401.35
542.95	402.45
545.7	399.9
549.6	403.8
572.05	328.65
577.55	324.15
576.55	325.3
578.3	329.05
574.75	327.1
576.15	321.3
575.85	323.05
577.05	324.15
576.45	324.75
574.8	322.4
574.7	321.8
571.2	324.65
572.45	325.65
578.4	328.4
0	0
0	0
0	0
0	0
0	0
552.9	329.65
550.35	325.15
550.95	319.9
547.65	316.05
553.4	315.3
555.75	312.55
565.7	386.15
558.95	386.55
557.15	387.8
559.35	385.8
558.9	385.2
554.9	385.95
554.65	388.55
557.55	390.4
557.65	391.1
554.3	389.9
556.55	392.3
555.15	391.35
554.4	394.5
554.25	342
555.75	317.8
559.4	309.95
554.2	311.95
555.7	312.7
559.95	319.4
559.8	321.85
559.15	320.85
555.75	323.25
554.55	298.15
556.5	298.7
559.2	299.35
560.3	302.25
546.35	309.4
164.15	430.7
153.85	440.4
152.4	441.5
153.35	446.15
151.05	448.55
151.95	445.95
151.8	445.75
153.2	445.25
151.65	442.6
442.3	365.05
630.55	322.8
643.7	324.7
647.1	327.9
646.9	330.2
647.5	326.6
649.3	327.65
650.9	326.25
649.75	325.35
651.7	326.3
595.5	328
593.25	328.75
591.45	325.25
591.25	324.1
591.1	322.65
592.6	320.9
590.4	318.75
592.95	315.5
593.85	315.15
593.15	313
627.55	303.35
629.05	301.6
632.75	306.65
631.4	306.35
632.2	307.15
635.7	309.9
635	311.65
635.2	309.85
636.65	312.75
638.8	313.35
637.95	314.75
642.8	313.9
646.6	314.8
641.05	314.4
570.65	350.95
531.55	386.5
532.95	384.75
533.65	384.65
536.5	383.95
538	382.5
541	383.85
545.5	386.15
545.7	400.4
0	0
0	0
0	0
0	0
0	0
0	0
624.15	431.3
622.25	429.3
623.9	426.1
622.35	425.05
623.25	424
570.15	400.2
582.85	391
585.45	391.65
584.85	391.85
585.3	393.2
584.95	396
583.8	399
603.15	367.75
603.25	367.9
607.45	361.05
606.45	364.4
602.05	369.85
603.2	370.65
0	0
0	0
0	0
0	0
598.2	365.55
596.3	370.1
598.7	364.25
598.75	356.65
599.4	354.05
596.35	356.7
591.75	359.05
595.6	358.5
594.3	361.1
617.3	379.8
611.3	384.7
610.6	386.05
610.8	385.95
612.05	384.1
608.4	382.8
608.3	385.05
611.4	382.45
611.1	377.55
608.5	378
607	376.6
199.15	354.1
110.7	343.45
118.9	339.25
119.75	340.95
119.8	343.65
122.25	340.7
125.15	345.55
124.55	345.6
133.7	342.55
132.05	341.8
136.3	337.65
432	290.05
445.8	289.3
449.85	289.05
449.3	295.5
448.35	298.6
440.45	161.05
441.95	176.55
439.65	180.25
440.25	179.15
439.35	180.15
443	179.8
442.55	177.3
441.85	179
442.55	176.75
444.4	174.6
443.8	176
442.4	177.3
451.3	177.1
482.2	184.65
482.1	185.65
483.2	186.05
483.75	190.6
482.55	193.1
482.35	193.7
479.4	194.9
452.2	262.8
452.25	262.95
450.7	264.15
448.6	265.6
447.35	268.95
445.25	267.15
445.75	269.15
444.8	270.75
489.8	262.15
496.2	263.8
494.55	261.75
496.55	264.1
495.1	265.15
495.15	266.7
443.65	330.05
454.4	343.1
452.3	342.7
450.1	343.35
450.8	342
454.45	339.75
421.35	332.95
225.15	260.55
220.15	260.55
214.8	257.1
211.85	256.5
208.85	254
212.55	251.05
92.05	246.3
81.85	252.8
79.1	250.65
79.15	250.8
81	248.05
230.3	422.6
227.3	473.7
231.15	468.45
231.9	470.25
233.6	471.3
233.55	473.45
233	473.55
235.5	472.3
241.45	472.95
242.15	475.25
429.25	335.2
479.55	272.05
480.65	275.45
481.1	276.1
483.35	275.65
483.8	276.9
484.45	274.85
486	279.05
484.65	277.9
480.05	278.35
480.1	277.85
480.55	282
479.35	289.5
486.3	287.4
485	287.3
486.5	285.1
484.85	287.5
560.6	230.15
603.35	236.95
603.9	235.1
603.9	234.55
605.2	235.25
603.95	235.85
604	236.55
604.9	231.4
383.35	465.05
375.2	529.65
378.8	533.7
382.95	538.55
383.65	534.9
382.85	532.45
383.3	532.6
0	0
0	0
0	0
0	0
0	0
0	0
0	0
0	0
0	0
407.05	546.35
406.5	545.5
413.8	543.9
595.2	550.65
605.4	552.75
606.8	553.55
612.2	555.3
612.2	552.7
561.95	550.3
542.55	548.4
545.2	552.9
546.85	555.55
545.15	555.8
548.4	561.8
551.25	562.95
547.25	565.75
550.65	566.25
582.4	573.15
621.65	565.2
623.15	565.15
623.95	567.3
619.95	566.35
620.35	567.65
622.2	569.85
622.1	568.6
714.55	556.05
713.65	555.2
709.25	556.55
714.75	555.8
714.5	556.35
716.5	554
713.05	553.15
711.4	553.95
714.45	553.6
718.1	554.6
720.4	559.25
719.6	561.75
719.95	560.9
729.1	558.7
736	563.65
736.1	571.65
734.55	572.65
734.45	576.4
737.5	573.7
737.4	572.95
740.95	574.3
741.25	572.15
735.9	569.45
725.2	571.5
549.25	570.7
552.65	568.7
554	567.65
560.3	566.5
561.6	567.05
563.6	568.15
564.65	572.1
563.6	576
563.95	576.2
553.35	575.8
440.35	555.55
437.95	557.75
438	562.75
437.2	566.6
437.3	568.1
437.15	569.55
435.7	568.75
433.75	568.8
436.5	568.2
437.55	566.1
481.95	573.8
748.3	576.9
747.5	575
750.35	574.85
752.3	577.75
752.7	578.5
756.05	578.65
601.45	556.8
601	556.55
600.7	557
601.95	554.65
598.1	555.35
598.15	554.05
600.8	552.45
601.1	554.95
596.85	556.15
743.35	561.15
737.3	560.25
738.4	563.25
737.05	564.7
740.5	564.85
741.6	566.35
741.7	565.05
743.25	564.85
742	566.55
677.6	563.3
583.6	568.8
576.2	570.9
577	567.15
577.95	568.95
574.8	571.7
578.5	569.65
575.1	572.5
572	575.85
573.9	576.4
661.6	567.3
661	570.65
660.1	570.85
659.85	567.85
661.6	568.4
631.15	560.45
542.8	573.5
541.05	575.6
538.75	574.8
541.15	573.55
541.15	573.95
541.7	570.8
539.25	561.4
537.1	559.7
533.8	561.75
530.3	558.5
529.2	563.45
533	560.6
532.5	557
629.85	574.8
629.35	577.55
630.85	579.6
633.55	572.9
632.65	576.35
634.35	572.25
633.6	566.95
631.5	570.15
633.95	570.15
629.75	573.65
572.95	571.85
571	567.85
572.1	568.1
585.35	601.35
0	0
0	0
0	0
0	0
0	0
0	0
0	0
0	0
567.7	575.65
570	584.3
569.55	587.7
568.5	584.35
566.4	577.5
569.25	574.9
568.3	575.35
567.7	576.6
566.7	579.15
567	580.8
568.95	581.05
567.55	580.25
567.35	580.7
553.9	541.8
401.15	190.75
321	106.45
324.35	110.6
321.2	109.1
219.15	117.8
197.65	123.2
199.55	116.75
200.85	117.95
204.55	117
206.2	117.45
206.15	118
201.1	117.8
533.95	113.1
580.25	100.3
583	98.5
581.05	97.85
581.4	97.65
582	97
582.6	95.45
452.7	143.8
227.4	222.85
222.45	215.5
220.85	217.45
222.4	215.9
219	214.4
221.55	216.3
225.6	214.7
228.9	216.15
206.75	329.65
213.75	340.25
215.65	343.85
215.15	344.5
217.75	347
220.65	343.45
215.95	349.6
224.5	389.1
257	466
255.45	463.05
255.4	460.4
252.15	460.1
286.2	458.05
527.8	476.85
541.3	474.5
538.2	467.5
544.9	462.2
543.3	469.3
544.75	459.65
542.9	471.3
522	431.35
0	0
0	0
0	0
0	0
0	0
0	0
0	0
598.8	588.7
598.45	582.9
599	583.45
600.1	583.9
597.5	584.4
597.75	584.55
596	586.55
593.1	583.5
593.15	582.65
593.85	581.9
590.8	578.4
589.65	582.6
590.4	591.5
592.8	595.65
591.35	590.45
588.45	586.15
586.55	588.5
586.9	587
589.55	589.7
561.6	507.35
542.85	408.35
543.5	407.1
541.5	407.75
543.55	407.15
547.05	381.15
492	111.55
494.15	118.15
496.15	122.5
497.3	121.8
496.7	122.8
500	120.6
503.5	123.9
501.6	122.7
501.2	123.6
504.1	121.9
508.85	123.5
506.2	114.75
505.35	113.85
503.75	112.7
647.2	520.05
634.85	559.8
635.3	557.15
633.5	555.7
632.5	554.05
633.4	550.55
633.65	546.35
632.45	547.3
628.55	543.7
620.7	540.55
621.35	538.95
512	470.1
379.75	409.45
388.85	414.4
390.9	414.65
390.75	411.4
391	409.05
393.55	407.7
393.15	407.35
421.4	155.35
423.9	162
427.4	161.6
427.1	162.4
428.8	162.2
430.35	167.05
430.65	176.55
440.5	171.7
0	0
0	0
0	0
0	0
0	0
0	0
551.7	441.25
554.45	446.85
637.6	484.25
639.6	484.5
639.6	480.25
639.15	482.6
639.35	482.65
726.65	504.1
724.35	504.85
722.45	514.85
723.35	515.95
725.1	520.15
723.1	519.7
729	520.4
798.3	520.9
799.05	523.45
801.45	523.55
796.15	523.85
796.55	519.25
795.95	521.6
795.2	520.95
792.6	523.9
695.85	503.85
696.65	500.8
697.65	507.35
702.1	508.45
699.65	507.6
701.2	507.4
697.1	514.65
790.1	517.35
797.8	513.25
801.65	512.45
803.4	511
803.2	512.95
804	512.45
805.65	511.8
803.75	510.85
676.8	519.5
662.5	509.15
664.65	508.6
662.2	512.35
664.95	508.4
664.95	505.2
663.2	510.7
659.7	512.55
657.15	505.1
504.8	518.7
511.05	517.25
513.3	513.9
512.45	516.8
514.45	512.85
514.7	509.3
503.45	511.1
316.9	479.9
315.4	479.8
313.45	479.15
315.15	480.1
313.15	482.25
316.15	485.6
313.3	482.85
195.35	504.65
184.7	510.8
184.95	512.75
187.05	513.5
192.8	511.15
197.25	506.15
161.55	488.65
132.2	474.05
130.25	475.9
130.7	479
130.35	477.95
131	477.4
133.75	478.45
133.95	476.2
95.95	493.65
94.6	493.7
93.4	495.15
93.65	494.45
92.3	495.95
91.2	491.75
92.25	491.25
88.9	495.05
89.5	495.6
91.9	496.9
155.3	493.25
160.1	493.4
159.3	492.75
159.8	491
162.5	492.05
0	0
0	0
0	0
0	0
0	0
0	0
240.25	491.85
241.8	489.2
246.4	492.25
254	488.55
283.15	482.5
283.6	477.9
284.75	475.3
285.15	473.8
289	476.7
289.25	480.85
143.85	418.3
146.8	410.95
157.3	420.75
153.45	426.75
149.8	422.9
150.2	411.95
151.1	419.3
141.25	415.2
143.8	422.9
311	440.45
301.4	433.65
298.25	435.2
297.95	430.9
295	428.6
297.75	430.8
301.75	434.8
386.75	434.95
387.5	437.9
377.85	420.2
379.8	422.6
382.5	427.2
0	0
0	0
0	0
0	0
0	0
0	0
450.1	434
449.25	429.35
448.95	429.1
450.6	433.75
452.35	433.35
449.4	432.4
449.35	431.35
455.05	431.9
722.95	515.05
713.2	511.85
713.4	515
711.25	514.7
714.15	508.95
712.55	511.95
711.05	514.45
714.55	515.5
716.7	517.95
778.15	520.4
780.15	524.5
781.9	525.4
778.05	529.15
546.6	566.55
369.85	594.7
359.6	602.1
360.35	601.95
360.55	576.15
0	0
0	0
0	0
476.15	607.95
468.5	596.55
463.35	591.4
462.75	595.5
437.6	444.35
438.95	428.15
444.1	426.1
442.45	426
444.35	420.5
440.55	416
460.4	613.75
458.45	601.05
0	0
0	0
0	0
0	0
0	0
0	0
379.9	615.95
378.7	613.9
617.55	602.15
613	591.85
617.05	588.8
619.25	590.1
623.1	589.45
622.9	589.4
535.25	585.6
540.85	586.4
541.35	585.65
541.8	586.55
426.4	638.2
401.8	647.75
401.55	647.35
404.9	649.3
399.05	654.4
399.1	657.95
396.95	651.05
397.85	647.4
478.85	650.5
468.95	656.6
464.6	646.2
461.05	649.2
466.45	652.25
472.95	657.2
545.9	659.35
536.55	647.7
539.15	648.65
550.95	662.6
546.4	664.1
498.1	632.7
394.55	597.3
388.95	595.4
387.75	597.55
391.05	606.05
390.7	606.85
385.15	591.4
386.1	602.15
363	471.3
371.5	443.55
371.6	444.8
372.25	449.85
259.65	497.4
213	518.3
214.95	516.9
215.65	519.1
214.65	519.5
214.05	520.05
145.25	481.55
145.65	478.5
145	476.05
143.05	478.8
145.15	477.2
144.8	478.05
482.95	400.15
705.1	333.1
715.9	329
716.05	335
715.55	338.6
704.7	350.9
703.9	351.9
699.7	350.25
627.4	293.6
623.35	291.75
618.1	287.65
618.85	284.85
620.2	284.15
492.3	282.8
470.75	283.45
466.05	287.15
462.55	283.2
462.85	278.95
389.35	262.8
394.25	270.4
394.15	272.9
390.1	274.55
389.65	273.3
283.55	261.05
289.25	260.65
289.5	263.6
289.35	260.85
288.35	261.95
287.55	261.8
287.4	266.65
284.85	270.95
280.85	278.25
284.1	279.7
183.35	402.25
184.75	422.8
179.5	426.65
176.25	426.4
173.5	431.95
163.05	429.95
118.2	423.95
115.35	423.3
113.7	425
111.05	426.6
108.2	427.15
97.05	433.25
47.3	452.85
44.1	451.95
41.85	452.55
41.95	453.5
46.8	451.6
42.9	453.75
40.3	458.5
37.35	456.2
35.2	459.25
30.55	462.5
28.45	461.9
26	462.05
23.45	463.75
22.8	463.95
22.9	462.25
25.5	463.3
27.75	462.55
159.85	451.95
165.95	448.05
0	0
0	0
0	0
0	0
0	0
0	0
216.5	477.1
214.3	472.95
212.05	465
214	466.4
215.95	466.6
196.9	397.1
188.1	388
187.05	390.65
181.55	392.5
180	390.25
182.25	294.5
186.75	299.25
184.6	303.7
179.85	300.6
177.7	307.3
175	307.3
172.35	306.3
154.7	317.8
83.1	351.55
82.8	357.65
81.9	359.6
82.05	356.6
82.2	350.6
82.85	352.4
83.25	353.95
83.95	353.75
83.55	357.75
83.4	359.2
167.55	359.05
156.6	357.5
156.6	358.15
158.45	355.55
152.45	358.9
344.75	158.35
427.8	79.9
426.9	90
430.2	97.55
427.8	95.45
427.25	92.3
426.95	93.6
426.8	97.1
428.1	98.75
428.75	95.9
428.4	93.5
444.35	33.45
447.55	21.2
448.7	27.35
449.45	21.95
448.75	26
448.65	26.9
450	29.15
448.75	26.75
449.1	32.9
445.9	37
444.95	40.5
447.05	41.8
445.35	42.6
443.4	43.95
683.65	204.8
677.15	196.8
678.05	198.15
678.95	192.45
676.05	193.15
675.5	194.9
676.25	197.45
676.95	199.5
674.1	198
480.2	229.7
332.55	250.45
328.45	254.8
330.8	255.95
332.65	254.4
332.75	253
334.15	256
335.4	257.65
404.3	304.6
638.9	366.95
653.35	370
652.8	368.45
653.95	367.15
653.1	364.7
650.1	366.9
646.4	364.75
647.35	361.5
647.85	360.55
619.75	333.4
550.45	266.75
550	263.45
549.85	264.2
550.25	268.75
551	269.65
283.8	313.75
235.7	322.45
238.35	320.75
238.9	317.8
238.65	317.1
239.55	311.1
238	306.65
507.65	244.4
564.05	252.15
563.2	253.2
563.4	253.65
566.95	252.25
290.6	264.1
301.35	269.15
300.75	268.4
304.9	264.95
306.95	260.65
308.4	258.5
321.3	250.3
380.7	241.75
383.3	240.5
382.95	241
383.15	243.5
379.5	246.8
502.45	239.15
506.55	239.35
507.15	239.9
505.35	242.6
508.15	242.85
507.15	241.35
256.65	310.1
270.65	314.55
267.5	324
259.95	335.75
264.4	337.6
261.85	339.35
261.75	338.75
369.6	346.35
369.35	349.85
373.3	352.25
372.3	351.75
368.4	352.5
478.05	337.15
479.2	336.1
482.5	337.1
485.7	328.45
485.3	325.25
485.6	321.9
479.45	330.9
383.05	384.8
361.05	406.15
357.45	403.45
355	404.45
358.45	398
357.05	394.2
359.25	391.9
361.2	390.3
360.2	391
362.65	390.75
453.4	376.8
459.9	376.95
462.15	379.75
462.4	378.65
462.9	380.9
463.3	383.65
460.9	384
460.45	388.65
459.5	387.55
459.15	385.8
459.65	384.25
520.7	374.95
518.3	377.45
519.85	368.7
518.35	373.7
517.25	374.5
657.85	396.25
670.65	412.65
672.45	410.2
670.1	410.15
671.35	407.85
672.4	413.7
676.7	406.15
646.3	432.8
645.55	434.85
648.15	427.85
647.15	434.15
752	372.35
743.15	379.65
745	378
745.95	380.4
745.95	384.85
0	0
0	0
0	0
0	0
0	0
0	0
735.45	453.3
735.1	452.05
757	446.05
770	448.05
768.4	446.95
769.45	444.4
765.05	443.55
762.8	438.05
765.4	440.5
758.7	437.8
765.25	442.75
755.55	451.4
752.05	452.9
639.35	396.5
457.35	336.3
449.1	328.75
454.2	337.65
450.4	339.35
450.35	334.3
449.1	333.55
450.75	339.65
450.7	341.8
451.65	346.35
470.85	241.45
477.75	232.15
479.05	230.4
478	224.75
481.55	223.3
480.7	235.5
479.5	230.95
470.9	230.5
474.5	232.1
475.75	231.1
470.5	236.9
471.7	234.35
471.85	232.25
469.95	234.65
351.05	207.9
296.95	192.25
297.15	197.2
297.15	197.2
300.95	195.85
303.35	201.15
412.45	183.8
411.1	178.2
413.45	180.45
416.4	182.45
422.35	184.95
501	182.4
505.6	191.3
506.65	190.6
504.75	187.1
507.5	183.55
507.85	179.25
605.35	168.45
607.25	164.95
605.55	172.45
0	0
0	0
0	0
0	0
0	0
664.7	185.8
663.2	191.3
667.75	186.9
669.9	186.05
485	359.75
455.75	441.5
459.3	443.05
456.65	431.35
448.5	426.15
455.15	430.35
454.8	433.7
458.75	431.3
471.8	350.65
471.35	370.9
470.05	377.2
469.8	371.75
472.4	366.5
468.45	368.05
469.05	367.7
469.85	371.85
469.75	379.8
492.4	365.95
495.75	367.45
498.55	363.35
500.2	361.9
499.1	357.85
610.45	176.5
628.65	175.05
628.65	178
628.1	175.85
626.1	179
541.95	174.45
510.4	170.4
505.45	169.25
510.1	173.35
511.65	172.85
507.45	177
503.5	172.3
318.25	184.4
324.45	185.6
323.5	184.5
323.55	185.6
324.05	184.8
445	336.4
495.5	378.5
489.7	380.8
491.5	382.3
495.3	379.15
502.15	371.2
506.45	379.5
502.85	390.8
499.8	389.3
489.8	358
501.25	352.45
504.15	348.2
502.75	349.5
504.95	348.65
507.55	344.9
510.7	345.6
510.1	346.45
511.75	344.85
513.85	344.85
516.05	338.8
516.7	339.85
519.95	338.8
523.9	336.85
521	339.8
521.55	340.15
480.75	456.3
478.75	461.55
480.2	458.4
480.8	461.25
482.6	461.75
481.95	464.4
481.05	464.95
480.95	467.15
518.8	350
533.9	321.75
536.15	317
536.75	312.65
540.65	312
540.35	308.9
541.2	307.3
541.5	307.95
549.85	292.2
548.65	292.55
549.25	289.95
545.8	290.05
545.85	287.8
545.4	288.25
592.35	286
589.55	285.65
589.5	284.15
588.15	283.65
589.1	283
590.05	283.55
595.8	281
422.55	281.35
431.75	283.45
427.05	282.75
424.45	284.35
425.3	285.45
425.7	282.9
423.15	284.85
422.8	285.8
418.45	283.35
453.25	438.95
449.3	436.2
447.85	437.65
447.55	436.8
447.25	431.7
445.45	428.45
446.8	427.4
450.1	420.45
543.4	271.55
536.6	275.05
539.45	274.6
542.8	274.95
547.65	278.05
549.5	278.7
551.85	277
552.45	279.4
608.95	192.35
600.6	200
602	197.15
603.45	196.45
605.25	195.4
604.15	204
599.75	206.45
601.35	204.05
556.35	312.35
495.1	462.95
499.5	457.35
492.95	466.65
497.45	463
498.05	464.75
502.85	462.65
505.25	466.9
507.05	468.05
508.6	464.3
509.8	464.7
511.55	462.35
509.45	458.25
519.1	248.95
519.35	199.5
521.5	194.35
520.75	196.5
516.25	193.85
515.05	193.75
492.1	169.8
386.5	151.7
383.95	152.35
384	152.65
379.1	153.85
376	148.95
379.1	150.35
377.65	152.7
375.75	149.65
376.85	148.4
378.55	149
379.05	147.9
381.35	148.4
382.75	143.35
380.7	144.1
379.9	144
378.3	142
623.05	114.75
730.95	96.55
731.8	106
737.6	105.95
731.55	111.5
729.95	111.1
262.85	177.6
137.5	199.35
138.9	207.3
138.7	207.1
141.75	206.75
145	202.8
152.25	185.85
0	0
0	0
0	0
0	0
0	0
191.1	157
204.7	158.6
211.85	156.5
221.05	157.1
235.65	147.1
250.9	152.3
264.4	149.35
203.7	157.1
172.65	160.1
181.3	162.25
194.85	164.85
204.3	165.65
213.4	173.35
231.3	175.25
236	176.6
247.25	175.85
257.9	175.5
266.1	179.9
284.35	175.65
294.95	162.05
304.2	164.45
319.55	169.6
338.15	167.55
446.35	245.4
461.75	244.85
485.6	243.9
500.9	240.8
526.4	241.45
553.75	248.7
579.15	250.5
759.9	242.05
766.8	241.3
788.75	242.4
802.25	246.65
825.35	244.75
841.1	245.75
859.2	226
868.25	222.8
886.1	226.9
527.2	317.2
220.8	392.1
225.7	389.85
240.3	395.3
255.45	398.35
269.4	400.95
296.6	395.6
318.4	396.95
496.15	403.8
532.55	399.95
550.45	395.75
578.3	401.6
611.2	402.5
638.65	405
401.05	539.65
441.1	542.9
468.9	536.8
493.95	534.1
513.15	526.55
543.4	533.4
571.55	530.4
602.6	526.15
634.85	526.6
658.7	531.9
678.05	537.95
687.8	531.55
709.3	535.3
730.8	532.75
747.1	526.1
766.15	531.4
783.7	535.8
804.9	539.7
826.1	538.1
837.4	534.25
850.65	536.55
870.75	534.35
894.7	538.4
931.65	539.1
943.9	524.65
857.35	517.4
870.6	512.75
882.45	524.6
911	518.6
928.75	518.05
938.3	522
948.6	520.75
956.15	522.85
685.95	368.7
589.55	268
585.6	263.25
583.9	259.15
585.8	258.7
591.2	255
589.55	256.35
591.25	252.8
471.9	184.5
364.95	150.35
363.1	150.5
360.3	147.65
363.65	142.9
363.05	155.45
357.55	161.15
363.7	149.9
364.5	146.35
365.7	146.4
451.2	260.8
452	250.8
446.85	254.7
447.25	263.6
443.15	262
447	262.35
422.3	166.55
428.45	173.85
428.85	173.15
429.95	173.6
429.25	169.85
426.4	166.8
426.55	165.2
429.4	165.75
431.8	166.3
433.3	168.3
426.15	168
427.55	169.95
428.35	167.7
428.65	166.6
424.8	170.7
425.05	173.45
425.5	175.3
427.85	171.45
427.95	171.05
426.5	182.45
428.7	185.95
426.55	187.2
410.55	238.15
409.75	242.85
407.5	241.55
405.5	241.75
406.95	240.55
408.8	240.4
408.4	237.5
405	233.65
405.55	220.25
407.85	228.05
531.25	270.1
530.6	273
537.65	258.25
542.05	257.45
541.95	266.6
542.1	263.7
542.65	262.45
537	271.5
532.6	276.1
533.05	276.35
387.65	259.9
364.1	267.9
360.6	262.55
356	263.3
356.3	268
356.95	266.95
354.05	282.05
0	0
0	0
0	0
0	0
363.25	286.9
369.4	278.75
0	0
0	0
0	0
0	0
0	0
393.8	291.15
389.65	291.35
397.25	290.8
392.65	293.75
390.2	298.15
493.95	274.5
496.9	275.1
491.55	277.8
495.9	274.85
498.2	278.55
498.85	279.85
502.9	277.15
499.8	286.5
502.05	286.5
496.65	286.1
500.15	286.1
499.55	282.8
498.4	279.7
504.2	281.1
557.25	234.05
695.05	157.8
690.05	157.1
692.35	154.85
692.35	157.75
689.3	161.9
692.1	162.7
688.2	164.25
685.4	160.75
663.9	162.45
0	0
0	0
0	0
0	0
0	0
402.25	208.1
397.75	211.4
399.6	206.85
404.25	206.65
414.2	213.3
409.65	215.7
409.2	218.1
413.9	213.3
412.8	217.05
408.1	223.4
407.7	222.6
405.6	222.7
403.95	211.9
402.75	212.95
403.4	218.95
406.65	214.55
407.65	211.4
281.15	334.4
290.45	328.6
288.95	331.4
284.8	327.15
283.9	326.35
284.15	325.2
282.35	326.5
286.25	332.4
281.05	332.1
281.4	330.6
301.15	230.7
285.1	196.05
285.05	185.5
285.95	190.5
284.1	189.85
287.2	188.75
283.6	192.5
293.35	199.35
292.05	199.45
294.25	196.05
297.6	194.25
293.5	201.85
296.4	203.85
295.1	203.15
293.75	203.8
293.7	198.4
296.6	192.95
329.6	208.45
396.1	224.35
397.15	221.4
404.65	225.9
408.55	222.45
403.5	220.9
258.35	246.95
270.2	241
269.1	243.5
268.65	243.15
263.55	232.1
213.9	129.35
218.3	128.9
216.35	125.95
217	138
216.15	138.65
216	139.05
215.45	141.25
214.35	140.1
212.35	131.5
209.65	127
206.75	133.6
205.95	133.75
208.95	130.25
208	126.9
209.65	129.9
277.2	234.25
296.25	329.4
300.3	337.5
304.85	338.55
310.75	333.1
311.65	326.4
312.3	321.85
317.75	327
317.45	328.35
315.6	325
318.8	322.65
313.2	327.7
314.8	329.6
314.85	329.7
317.15	331.9
317.7	329.85
316.25	333.6
315.55	314.95
314.3	126.3
313.95	132.85
314.1	136.35
316.4	133.85
317.8	134.2
316.9	131.95
310.8	229.1
321.9	291.35
322.15	299.85
323.65	301
323.65	299.05
321.5	302.8
325.75	296.6
326.6	295.25
324.8	302.95
322.3	304
325.95	302.25
328.15	393.75
329	451.45
328	452.6
328.75	450.8
326.45	453.05
323.55	454.7
324.25	451.95
426	467.65
571.2	471.2
588.05	469.1
591	468.6
588.5	468.2
588.3	469.3
264.95	465.2
270.1	463.05
268.2	464.9
267.45	466.9
266.95	466
265.85	468.6
265.7	470.4
266.65	469.55
267.05	470.2
255.8	379.05
256.9	384.65
256.55	387.85
254.5	391.9
257.95	390.15
0	0
0	0
0	0
0	0
0	0
0	0
0	0
494.2	494.45
495.9	495.95
493.85	491.35
492	484.65
488.65	483.9
487.5	482.95
492.45	481.7
493.2	485.25
578	506.5
599.55	510
599.85	512.1
600	511.95
599.2	511.6
592.8	505
594.15	503.95
591.7	502.25
648.8	328.15
644.2	339.85
644.7	338.75
636.15	333.35
639.85	339.9
640.45	338.6
630.65	341.35
625.75	336.75
624	335.95
518	305.35
325.1	278.25
317.55	278.2
316.8	278.3
315.4	268.95
314.75	268.5
314.35	266.3
314.6	266.15
315.25	267.35
313	262.75
315.1	260
314.95	259.55
312.75	266.2
315.75	271.1
321	279.35
318.05	260.85
193.7	168.65
186.7	167.8
188.7	167.7
188.35	163.9
186.65	160.15
185.6	163.5
374.1	187.4
432.1	246.85
441.9	240.75
442.5	243
441.95	244.4
438.65	246.6
434.15	245.65
578.2	356.6
627.2	386.9
632.15	391.5
605.85	386.2
338.8	365.15
341.5	362.6
338.5	356.05
341.95	353.15
336.7	346.6
332.2	339.55
249.85	361.5
245.95	361.6
245.4	350.05
247.7	348.7
250.1	346.55
248.9	348.9
506.95	353.15
582.4	357.4
584.2	358.85
589.5	351
591.2	349.85
586.8	354.25
586	354.35
585	348.4
586	350.5
626.45	346.35
629.15	343.7
633.1	336.55
643.5	337.05
641.65	343.8
629.9	349.1
630.4	352.65
644.6	344.4
641.9	355.2
0	0
0	0
0	0
0	0
0	0
0	0
0	0
503.3	354.1
497.9	353.6
499.85	353.1
505.75	350.95
315.1	333.55
222.55	316.65
236.4	316.85
235.55	315.25
232.25	310.05
231.35	306.35
236.05	304.8
241.2	314.45
228.85	308.95
230.3	304.75
515.2	287.15
527.9	278.2
522.85	284.35
526.95	287.15
531.3	287.4
532.55	289.55
525.15	286.95
524.15	280.1
572.75	272.4
570.15	275.55
573.45	273
571.2	271.65
572.3	270.8
440.2	382.4
444.9	388.75
449.15	390.55
446.1	395.75
319.9	401.55
304.1	397.75
304.65	400.95
304.75	395.05
306.95	400.8
309.9	404
310.6	402.95
308.5	406
309.5	404.05
305.5	406.35
307.85	403.55
310.95	406.2
243.1	282.6
248.25	278.85
246.9	290.1
248.25	296
252.3	286
253.3	286.95
492.3	266.7
507	266.4
510.6	263.4
514.25	260.05
513.05	266.9
515.55	269.7
512.3	270.85
517.3	268.8
522.4	270.75
521.65	272.2
335.25	393.95
342.75	393.6
341.45	386.7
337.3	387.35
338.65	392.3
342.8	386.3
340.85	389.35
162.9	400.5
172.8	408.3
170.7	408.4
170.4	407.35
165.2	405.6
167.6	398.8
285.1	410.15
632.55	392.6
635.4	394.45
637.05	396.75
637.25	405.55
631.9	404.55
591.2	408.2
332.5	408.5
347.5	404.75
346	400.35
347.6	404.25
346.25	405.85
345	401.25
346.4	400.15
347.25	402.85
347.8	398.5
344.5	397.4
345.9	396.45
349.7	404.9
70.25	331.8
75.85	328.95
77.35	334.3
80.05	342.8
79.95	340.2
82.4	332.15
81.95	330.45
84.2	325.6
281.25	249.4
390.45	209.2
403.2	199.75
407.85	197.3
414.4	191.85
422.35	190.35
420.85	203
418.8	204.6
416.15	198.8
418.2	194.2
417.25	202.05
417.15	205.65
237.7	264.3
198.45	297.55
201	293.7
201.6	296.7
201.2	305.75
202.3	308.9
199.75	312.35
201.7	309.1
204.45	311.25
233.5	357.55
319.25	390.35
320.35	391.45
322.7	391.45
325.4	390.9
323.2	393.25
124.05	393.15
113.45	397.75
113.7	397.6
113.05	395.05
0	0
0	0
0	0
0	0
0	0
0	0
0	0
424	366.95
431.65	372.2
433.95	371.25
430.75	373.65
451.15	377.75
605.8	374.1
609.1	373.75
607.6	376.45
606.25	375.85
607.15	375.45
605	372.75
605.5	370.4
601.75	369.7
600.55	372.45
602.1	371.95
599.95	370.2
597.75	374.2
594.15	378.75
593.55	381
592.45	380.5
594.9	374.55
599.9	368.4
470.5	282.85
335.7	218.85
340	226.6
342.5	221.6
342.3	219
348.75	220.7
353.9	217.95
360.35	226.35
369.9	230.4
374.2	232.85
376.35	231.65
385.2	228.7
389.95	231.9
393.5	228.85
394.3	227.45
394.8	224.45
391.7	141.45
390.65	154.05
386	151.3
384.3	148.65
380.7	146.95
382.4	141
387.05	139.6
313.25	76.95
314	84.45
313.75	84.45
311.8	83.15
313.75	86.05
135.3	381.35
153.9	388.4
155.8	392.15
153.95	395.05
157.1	397.15
155.9	398.65
158.35	399.05
299.9	385.85
436.8	373.1
458.25	376.05
458.9	379.95
463.15	383
464.05	382.3
464.9	383.8
465	387.9
464.85	393.35
654.05	393.65
711.35	384.85
715.4	389.2
717.7	387.7
715.15	384.05
718.95	384.25
716.15	384.4
409.8	397.55
291.55	374.1
294.1	373.15
294.15	373.4
298.6	371.45
304.45	370.55
303.8	369.85
209.7	386.7
201.85	386.65
201.9	383.65
0	0
0	0
0	0
0	0
0	0
0	0
0	0
0	0
443.85	373.45
442.4	384.5
444.1	383.15
445.05	381.4
444.4	384.85
446.6	379.2
443.85	369.95
439.7	371.6
438.8	372.05
436	369.35
434.4	372.45
430.8	373.15
429.15	371.35
430.3	378.6
462.85	248.1
477.5	227.85
471.75	228
470.5	226.05
468.9	225.05
466.35	224.85
460.8	229.05
537.15	349
583.9	397.15
583	395.75
577.3	388.7
573.4	390.55
580	395.7
581.85	390.45
579.2	392.55
581.2	388.2
582.4	386.9
583.8	394.4
0	0
0	0
0	0
0	0
0	0
0	0
0	0
520.2	345.45
503	404.7
501.55	411.1
503.95	409.35
440.25	406.2
377.3	389.9
374.3	391.8
369.6	392.8
370.9	390.55
372.15	386
372.9	388.25
373	388.2
373.45	390.45
374.15	393.8
190.3	141.1
173.25	140.1
174.45	139.65
180.65	138.55
176.05	135.5
179.6	136.85
185.15	136.45
193.95	139.95
116.85	184.25
112.7	185.85
117.9	184.8
121.3	184.3
129.7	182.85
126.85	187.15
305.75	253.95
320.15	253.5
320.5	256.9
323.95	256.3
321.85	256.45
321.9	259.95
322.2	257.95
328.3	258.95
497.45	250.75
562.2	254.9
572.1	264
571.55	263.1
570.35	259.55
573.65	263.65
570.85	258.75
571.85	256.75
576.7	247.8
343.2	339.15
269.2	359
265.05	363.05
262.6	369.5
262.25	372.4
264.55	377.3
267.35	371.35
262.8	374.4
266	370.9
474.7	364.55
487.05	376.2
485.1	372.3
496.65	378
0	0
0	0
0	0
0	0
0	0
0	0
0	0
288.6	229.95
292.6	230.95
305.3	236.85
312.7	244
325.05	241.45
329.3	239.3
426.35	288.85
520.05	313.7
539.25	323.5
549	330.4
552.45	326.1
557.75	330.2
560.95	325.95
563.3	325.8
562.75	324.55
556.5	328.35
550.1	332.6
546.05	332.95
541.45	332.55
543.1	328.45
539.35	320.75
483.65	80.2
475.8	71.6
474.55	76.75
475.5	76.6
474.2	74.3
472.95	69.35
471.5	69.35
515.65	120.6
517	115.4
515.75	114.3
514.4	115.15
511.95	112.3
515.9	116.2
512.8	115.3
755.25	126.8
761.05	127.65
762.05	127.45
761.3	131.5
760.1	126.8
743.75	128.4
229.95	139.75
87.8	137.4
88.15	142.2
86.6	140.4
89.9	136.45
82.1	136.05
86	141.3
91.25	142.1
89.9	145.5
92.65	145.9
95.3	144.8
97.05	164.9
127.05	289
128.65	295.95
130.95	296
128.65	290.5
134.65	290.35
239	320.3
451.15	360.7
473.4	358.3
475.9	359.7
479.45	360.3
477.6	360.05
477.9	363.65
478.05	364.85
477.4	362.25
484	365.8
484	367.05
486.7	365.9
488.2	369.85
488.6	372.75
492.55	373.5
496.45	377.1
499.75	378.5
499.1	381.45
497.35	385.7
500.65	387.65
502.8	389
535.2	418.7
525.35	411.3
529.55	414
529.5	421.15
527.65	423.85
527.6	424.95
525.2	426.45
793.25	314.2
774.05	322.6
766.25	318.55
760.55	320.05
749.75	316.05
742.55	315.2
726.2	316.55
718.1	315.2
740.55	282
726.5	283.05
717.3	285.15
706.85	287.7
700.8	285.8
694	288.65
687.05	286.65
729.15	291.6
790.1	285.6
780	293.6
766.5	294.75
748.95	290.7
741.3	288.4
725.6	281.5
706.05	277.45
687	276.25
665.4	276.25
773	278.65
752.45	267.55
722.4	280.05
701.1	281.2
675.85	276.55
652.4	271.5
672.75	276.6
764.75	277
744.65	286.7
726.7	278.05
712.65	278.75
696.15	268.85
672.3	266
652.75	269.35
633.45	273.6
617.45	274.5
598.95	271.65
486.4	354.3
451.05	411.9
449.15	412.35
451.8	416.8
451.8	420.8
449.95	419.15
476.55	455.15
476.9	451.45
475.55	450.15
474.8	454.9
477.3	451.05
476.2	452.95
479.4	454.6
760.45	468.6
747.7	468.55
751.5	477.5
749.9	476.05
749.5	478.4
755.25	478.1
758.4	477
758.25	467.05
758.25	468.3
756.45	475.35
749.65	479.6
743.8	479
609.7	369.8
510.9	332.2
513.7	329.15
510.55	332.3
511.05	332.1
512.6	331.4
515.35	331.5
513.7	330.1
511.2	331.85
389.05	300.8
306.6	289.6
302.9	287.45
299.8	287.6
300.35	287.7
296.9	290.75
299.3	295.9
295.3	303.5
299.65	295.95
303.2	294.25
302.4	296.3
299.65	296.25
297.95	298.65
296.5	301.1
294.3	297.95
297.1	289.85
295.45	290.45
296.35	291.15
293.45	294.65
665.35	451.9
766.1	517.7
749.15	516.5
733.85	522.25
719.55	522.35
690.15	523.5
669.25	528.65
678.85	539.9
0	0
0	0
0	0
0	0
0	0
0	0
801.4	423
777.6	432.4
746.8	498.3
733.35	511.75
710.75	508.9
691	499.9
675.6	501.7
660.95	496.65
651.45	506.15
803.95	504.95
777.5	507.15
757.65	510.85
748.65	503.3
729.1	504.45
721.65	501.85
705.8	505.9
817.5	519.55
794.7	520.85
776.85	520.6
771.9	514.9
752.15	516.75
731.7	514.45
715.1	515.7
693.9	517.4
679.5	505.65
672	513.4
649.15	514.55
637.8	511.95
630.25	511.7
692.7	479.85
699.25	484.1
705.25	487
706.45	487.7
707.65	491.55
704.45	477.8
723.85	492.95
725.85	488.1
723.05	488.95
722.6	487.25
722.9	487.55
727.2	482.85
725.35	477.9
597.45	356.75
511.85	306.1
508.1	308.9
503.65	308.75
502.6	308.85
504.35	307.95
509.95	304.8
509.9	304.65
508.7	308.2
358.25	283.3
331	289.65
332.15	292.7
332.35	287.7
325.15	288.55
332.25	277.8
332.7	277.05
332.65	278.05
327.4	272.7
321.35	274
317.95	280.55
313.25	283.35
315.65	288.15
323.15	287.3
325.1	281.2
315.1	280.55
318	281.1
322.4	282.8
312.1	282.85
314.25	279.75
313.3	274.95
316.15	272.75
316.95	275.35
319.7	274.95
318.85	274.65
316.75	272.25
318.6	268.05
319.2	265.6
318.75	269.35
315.75	275.25
320.7	292.4
448.75	412.55
458.3	398.25
456.35	399.45
460.35	400.8
458.4	412.25
459.9	418.3
464.1	434.7
466.4	426.35
472.35	427
471.15	427.75
472.6	429.55
473.2	430.2
471.95	428.45
469.8	433.1
469.4	437.55
471.95	430.9
472.65	427.8
474.15	428.55
474.05	431.65
475.3	433.6
473.8	437.45
472.1	442.85
467.55	442.35
522.4	323.45
523.55	308.4
524.05	312.25
519.15	307.6
514.95	309.15
517.8	310.4
374.9	417.1
345.45	449.45
340.6	446.45
341.4	446.45
338.4	445.65
340.35	439.9
340.3	441.5
339.75	436.1
307.4	446.6
317.55	441.1
312.25	433.1
312.8	438.75
303.95	434.2
307.5	440.15
304.8	438.45
304.8	436.9
301.8	434.9
300.05	430
299.2	427.2
303.25	418.8
282.45	304.7
293.05	220.4
298.7	212.75
295.75	213.3
295.05	212.45
295.75	210.35
299.8	208.65
507.6	211.65
496.3	213.85
497.7	215.8
500.6	217.8
499.05	219.35
499.05	221.25
0	0
0	0
0	0
0	0
0	0
552.5	214.3
553.25	217.1
558.2	210.4
561.1	218
562.35	212.85
302.15	418.1
291.1	432.7
292.35	435.85
292.15	435.15
298.9	447.8
298.3	448.75
295.75	442.05
292.1	447.35
294.9	452.05
301.15	438.95
301.5	443.35
303.25	444.65
302.2	447.25
302.45	445.45
304.1	444.2
301.95	444
341.25	282.9
391.35	249.6
391.7	253.4
393.8	255.5
397.6	262.05
396.55	262.4
401.6	260.75
404.05	265.15
270.5	262.45
274.45	265.95
279.85	263.55
281.1	262.3
281.5	262.3
280.8	261.3
281.75	260.45
278.65	258.7
281.4	258.35
287.65	261.2
534.65	258.45
524.95	261.55
533.3	264.15
535	269.1
536.8	270.25
535.25	274.85
530.95	277.25
532.55	271.45
555.35	276.25
730.15	273.65
737.9	272.75
733.35	273.6
735.45	273.2
738.05	268.3
735.9	270.35
731.5	274.3
731.35	270.85
0	0
0	0
0	0
0	0
0	0
294.6	332.6
291.6	325.35
292.4	322.5
293.2	322.55
312.55	473.6
311.45	455.2
311.4	453.9
310.85	451.35
312.1	448.85
306.95	447.85
308.1	444.15
311.45	436.15
306.45	438.3
309.2	443.35
316.25	441.75
302.85	431.1
306.6	430.85
312.45	429.45
308.95	430.6
306.25	431.95
305.2	431.65
307.4	431.25
306.45	429.1
304.9	430.35
305.8	433.75
305.85	430.25
302.6	433.8
303.3	433.9
303.5	436.5
283.25	452.35
291.05	445.2
297.9	441.7
299.3	448.45
296.3	451
297.5	449.65
300.35	446.4
300.1	437.5
299.05	435.5
300.15	440.8
300.15	441.6
302.05	432.55
303.15	441.4
301.65	438.05
307.35	439.6
308.85	436.95
303.75	438.8
303	436.25
301.5	433.5
304.3	431.9
302.45	429.85
308.05	424.45
309.6	427.8
312.9	429.45
319.15	431.65
320.05	431.55
319.15	430.65
320.35	428.6
322.3	429.8
320	431.3
317.25	428.1
316.35	425.25
318.2	424.5
321.65	426.2
319.45	425.4
319.7	427.4
321.7	425.25
323.4	432.65
324.5	429.8
310.6	436.2
318.55	436.45
321.05	434.9
321.1	432.5
321.35	435.35
319.85	438.3
321.6	439.4
318.15	437.3
315.65	437.25
317.3	436.8
316.55	437.1
317.55	436.9
318.1	437.85
307.4	433.65
311.4	439.3
308.95	437.5
307.65	436.05
304.4	433.5
304.1	435.95
305.4	433.9
305.5	436.4
301.95	434.65
303.7	436.4
306.95	440.85
301.65	445.25
303.05	449
303.4	444.65
303.35	445.75
303.7	442.9
302.4	443.6
302.8	442.6
300.95	438.55
300.5	437.25
302.1	434.2
288.7	430.45
293.65	432.05
292.2	431.95
292.45	432.4
290.05	432.9
291.2	436.1
293.55	433.05
292.9	431.25
288.75	430.2
292	430.45
290.55	431.05
289.85	430.5
292.2	434.75
290.8	436.05
287.95	435.6
287.05	434.1
288.55	434.6
288.45	437.35
290.35	436.45
292.15	436.35
289.6	435.3
295.2	440.35
295.15	436.25
293.5	436.2
291.65	433.25
293.6	427.8
292.9	428.45
294.4	430.3
294.2	427.25
580.75	460.55
704.35	479.3
708.7	483.3
712.45	482.85
711.6	486.45
714.3	481.1
730.9	450.25
732.15	452.25
735.75	448.35
730.75	447.2
736.85	444.05
737.3	444.95
738.9	442.15
739	446.75
740.3	451.75
745.3	451.5
746.15	454.7
743.8	454.95
746.35	456.85
742.9	457.35
659.35	469.4
576.5	501.7
576.7	501.45
574.2	497.95
568.95	498.2
571.45	502.35
536.65	519.1
543.2	518.9
540	516.9
538.45	510.4
704.35	469.65
761.75	448.95
762	449.3
757.8	450
758.35	453.3
758.6	453.75
755	456.75
756.15	456.35
747.1	461.15
745.2	461.35
748.3	461.3
749.95	462.9
748.1	462.45
746.6	461.65
755.45	458.35
754.75	457.9
752.7	461.05
753.7	462.25
752.35	463.7
750.8	462.7
750.35	465.2
751.25	464.75
744.55	477.35
748.7	480.15
749.5	479.75
747.35	480.65
747.55	478.45
753.95	479.95
751.9	483.65
749.9	481.4
748.45	481.65
747.45	477.35
744.6	475.95
745.65	473.45
747.85	474.3
757.15	443.7
757.15	450
758.45	448.85
758.75	447
754.55	446.65
754.7	450.05
752.95	452.7
751.1	455.8
752.9	454.35
750.15	453.95
747.4	456.2
746.35	456.5
749.25	453.4
753.05	482.05
752.1	479.2
750.6	478.05
750.55	477
747.3	476.25
744.6	475.75
743.05	474.5
743.5	475.15
743.3	477
744.45	477.9
744.45	477.65
748.35	480.85
752.75	480.7
749.45	483.1
748.95	480.25
753.55	473.05
740.55	476.85
786.85	454.1
0	0
0	0
0	0
0	0
0	0
0	0
0	0
0	0
773.75	387.2
776.45	404.9
761.85	470.75
756.2	471.45
753.85	471.55
754.45	470.05
762.35	469.3
765.6	471
761.15	467.95
762.1	469.05
760.15	470.5
760.5	469.85
760.15	468.65
755.55	473.95
753.4	471.1
755.75	473.8
756.7	480.85
754.6	477.4
750.5	470.75
749.6	469.75
751.65	470.45
750.05	470.75
753.4	473.7
689.7	404.25
546.15	264.4
546.9	265.3
545.1	261.05
546	265.6
523.05	134.65
525.85	144.05
527.4	143.4
525.4	143.4
529.55	146.25
521.1	153.55
253.1	246.4
209.25	267.25
212.35	269.25
209.75	268.85
210.2	270.45
209.55	269.05
209.55	268.85
208.8	270
383.5	199.55
504.55	177.65
511.5	176.75
513.8	177.15
511.45	179.55
513.8	177.4
515.6	174.15
525.45	174.9
525.25	170.5
519.35	168.5
545.7	153.5
549.9	152.45
547.7	152.4
549.3	153.05
549.1	153.35
545.7	157.55
546.85	155.65
547.2	155.5
546.5	160.3
520.4	162.25
526.25	162.95
525.3	162.25
525.6	159.5
526.55	156
523.55	155
526.3	158.55
525.3	158.65
522.2	163.45
525.45	162.4
523.5	164.45
524.5	164.85
524.1	164.2
521.5	191.3
522.9	189.25
522.4	184.05
524.05	184.2
524.5	184.7
523.8	188.9
527.4	190.1
526.2	183.7
519.75	186.65
518.45	187.8
519.2	194.65
523.6	193.1
523.85	192.55
520.9	185.55
521.9	183.5
524.1	186.5
525.9	191.5
525.3	189.55
526.15	191
528.1	190.5
527.25	192.25
528.95	189.35
525.9	185.85
525.85	186.95
527.05	186.5
522.95	190.05
544.05	181.45
538.45	184.5
535.9	184.45
537.1	187.1
541.4	183.75
539.6	183.55
535.85	187.25
538.45	186.85
536.75	188.05
534.75	188.9
536.75	185.95
535.95	187.15
533.85	184.25
536.25	183.95
535.2	182.4
535.5	180.05
539.15	174.4
537.75	176.55
535.35	182.1
534.95	181.3
536.3	182.75
538.25	183.85
538.55	184.75
535.1	177.05
535.25	175.6
535.05	174.45
543.15	174.15
540.85	188.25
537.1	182.75
573.1	211.1
571.2	220.8
570.55	216
572.75	221.3
573.35	225.8
575.5	215
564.2	212.4
566.1	220.55
571.2	225.3
544.05	211.35
544.95	212.4
544.95	209.85
545.3	209
544.05	205.85
556.5	192.35
565.35	190.55
566.3	190.55
567.5	185.85
570.75	186.45
570.5	187.15
570.1	185.55
567.2	191.45
568.3	192.7
570.65	195.4
567.15	199.3
566.7	201.05
568.1	202.2
567.85	200.75
568.35	200.95
569.25	202.85
567.25	202.1
566.25	203.5
383.35	292.55
226.45	478.8
223.55	480.15
217.7	480.95
218.75	481.55
222.85	482.1
226.15	478.35
183.7	473.5
194.1	472
194.1	468.95
195.3	468.65
195.95	469.65
194.4	472.05
195.35	468.5
200.05	469.15
200.65	465.95
198.45	467.85
202.6	465.65
201.3	472.5
197.2	486.6
196.6	483.8
198.35	483.8
194.1	484.5
188.45	478.2
189.7	480.65
190.1	476.7
190.75	472.45
194.9	477.25
195.85	478.1
241.1	487.05
358.5	540.05
369	541.4
372.85	539.8
374.6	537.3
374	538.05
372.05	541.4
370.95	539.85
234.35	483
197.6	475
194.2	471.55
191.3	470.95
192.45	465.9
192.85	463.35
191.85	464.95
190.25	466.3
190.2	464.9
192.55	462.25
191.25	462.9
191.3	462.85
189.55	465.05
191.35	464.7
191.75	465.25
192.3	460.85
187.65	465.2
187.65	465.65
185.3	466.3
185.75	465.85
189.55	465.5
187.2	467.5
0	0
0	0
0	0
0	0
0	0
0	0
0	0
181.45	489.2
183.9	486.5
186	482
179.7	479.6
176.85	479.05
179.15	472.65
179.9	473.05
180.8	473.3
181	472.15
180.35	470.35
180	471.05
180.1	472.25
263.15	433.3
463.8	391.5
470	382.6
468.6	381.35
471	383.3
540.75	318
537.4	307.55
536.75	307.25
532.7	299.6
526.3	298.75
527.3	300.75
531.1	303.25
530.25	305.4
529.65	304.2
530.95	308.3
527.2	306
528.4	303.35
528.55	305.5
527.55	303.35
525.3	302.95
527.25	302.1
527.45	305.45
523.4	308.85
522.85	314.3
520	317.45
522.75	319.2
526.95	314.15
528	310.8
529.9	305.45
527.2	309.35
526.55	308.95
525.15	306.35
305.1	343.15
278.85	368.15
278.75	363.8
275.95	357.4
271.35	349.85
270.4	351.65
272.4	352.4
269.6	355.25
273.2	351.7
429.25	320.9
494.35	313.5
505.8	313.65
507.7	315.85
504.6	320.75
502.55	316.7
506.75	306.5
505.5	314.95
527.25	315.6
526.55	311.85
525.45	315.05
525.95	315.8
525.35	313.8
519.85	314.7
518.75	319.2
522.05	322.3
525.35	323.45
527.4	324.1
528.95	318.55
528.6	317.5
524.6	316.45
517.15	314.9
520.65	319
517.9	323
520.75	319.8
519.15	321.6
519.1	323.75
518.1	322.85
522.95	314.1
506.75	330.5
511.05	328.35
506.1	330.15
504	331.8
510.3	333.4
516.55	326.9
513.75	330.7
510.9	324.7
510.15	321.4
510.95	323.2
509.55	322.4
515.55	317.55
515	322.6
508.65	317.3
509.2	311.6
514.1	309.65
516.1	316.35
513.05	314.55
512.4	312.5
512.15	310.85
512.25	320.75
517.95	328.1
525.9	303.35
528.65	299.7
530.8	303.25
526.8	300.65
527.1	301.5
529.75	299.9
531.25	300.1
531.1	300.6
532.25	294.65
534.95	297.05
0	0
0	0
0	0
0	0
0	0
0	0
531.65	320.5
533.05	318.7
533.8	311.35
532.45	312.9
531.25	309.4
530.9	308.7
373.55	456.05
323.3	510
324.45	529
327.7	536.8
323.25	534.7
250.15	534.35
264.6	540.1
267.25	540.55
265.8	538.25
263.6	530.95
266.65	534.45
267.65	536.35
266.1	539.1
267.95	547.55
269.2	552.15
268.8	553.1
265.6	557
260.95	555.75
260.8	552.35
256.1	581.4
261.65	578.5
259.65	577.55
257.5	567.35
257.75	562.9
256.9	558
259	557.5
260.2	556.35
264.15	554.8
264	559.1
267.35	556.75
266.1	555.2
268.55	553.95
269.1	546.5
263.65	529.95
261.95	520.35
263.35	522.4
263.25	521.7
266.2	518.85
268.4	513.4
268.95	519.1
265.75	520.85
265.6	517.75
268.7	536.9
268.9	531.3
270.45	533.75
269.35	532.75
272.25	530.5
270.1	534.7
268.5	536.75
266.4	542.8
266.1	550.45
265.9	550.35
263	547.85
270	550.8
271.05	554.3
272.95	553.4
271.5	554.15
264.35	554.15
263.95	553.9
264.55	549.85
263	553.8
257.6	541.65
268.1	549.2
267.2	543.8
266.25	541.05
269.85	545.15
269.45	546.55
268.9	537.7
273.95	532.2
271	540.75
273	542.4
271.2	543.05
272.5	545.4
0	0
0	0
0	0
0	0
0	0
0	0
0	0
0	0
278.65	515.9
278.85	531.15
278.6	525.5
285.7	524.1
282.9	529.8
282.6	529.7
287.8	531.4
285.1	530.05
285.7	531.6
285.15	531.5
285.75	534.75
283.45	534.45
283.45	535.8
285.15	533.9
283.7	534.75
280.75	541.9
281.65	543.95
279.8	540.25
279.35	536.85
274.8	540
315.95	473.05
418.4	323.55
416.85	327.95
418.95	320.5
422.5	320.8
423.55	324.85
423.6	325.6
536.6	351.05
532.2	353.3
533.75	355.45
535.2	357.9
535.3	355.3
529.85	351.9
276	269.7
293.6	270.2
291.45	270.15
289.2	274.3
293.4	276.9
295.85	278.75
297.55	277.7
299.15	273.15
299.95	273.75
298.95	272.5
295.3	277.6
291.35	275.9
285.45	265.75
279.4	266.9
281.95	269.4
280.85	268.05
276.75	270.2
278.45	270.75
282.2	272.35
285.05	276.75
286.2	277.4
301.95	280.95
298.9	279.65
301.05	280
301.8	280.8
306.35	280.8
303.35	281.25
303.45	280.35
302.9	281.55
303.8	283.95
303.55	281.65
304.1	281.75
292.2	289
290.3	292.2
290.15	289.8
291.3	287.15
293.4	289.8
294.4	288.65
292.5	283.2
295.65	275.65
316.5	278
324.85	275.7
326.25	274.1
323.2	270.55
321.25	264.3
321.35	263.1
320.85	268.6
294.8	267.1
289.55	268.1
291.6	267.8
298.35	278.3
0	0
0	0
0	0
0	0
0	0
0	0
0	0
278.5	287.4
276.85	286.95
277.6	287.35
282.85	279.8
288.1	285.35
301.8	292
300	284.5
292.65	278.85
296.45	291.4
302.15	289.5
300.05	287.7
301.1	286.4
298.05	296.05
307.1	301.7
296.65	294.4
283.6	289.7
283.75	292.65
284.95	295.55
283.35	295
285	292.05
284.85	293.8
283.6	297.15
281.65	300.35
283.15	303.2
283.6	302.65
282.15	310.75
283	309.55
277.95	314.05
292.85	301.25
286	312.1
287.05	310.15
289.45	309.1
288.95	313.1
284.7	302
419.5	317.3
751.55	308.4
723.15	318.55
738.65	314.8
737.4	316.55
725.75	319.25
730.9	319.6
642.25	311.85
644.4	306.5
644	308.4
644.45	299.05
645.15	294.15
643.35	296.05
643.4	309.8
647.3	299.5
645.35	296.8
637.05	307.35
642.65	298.4
588.75	463
598.4	486.1
605.75	489.55
606.8	483.7
609.25	482.9
603.3	479.25
617.3	434.2
621.8	286.45
622.75	277.95
627.65	283
627.6	278.6
631.25	281.7
632.6	281.8
633.85	279.8
710	282.2
802.25	284.65
812.55	289.8
811.15	290.05
811	290.15
806.5	296.65
804.55	293.15
808	288.85
649.3	269.05
656.65	267.2
660	269.85
658.1	271.4
658.6	274.65
658.85	277.15
654.2	276.05
655.65	277.35
655.8	274.45
656.1	270.45
654.65	275.65
655.35	279.6
657.45	276.8
654.9	279.05
651.55	281.85
651.45	283.9
654.45	281.5
649.85	283
651.1	284.3
653.95	283.5
656.55	282.5
654.1	282.2
658.2	281.8
663.55	273.45
668.05	276.85
668.5	277.4
672.45	280.15
674.55	276.35
689.55	286.95
683.8	287
681.8	290.55
684.55	290.55
686	289.05
689.1	291.5
834.85	303.55
845.75	301.5
849.25	298.9
852.1	300.6
852.5	294.05
856.5	291.85
482.55	557.65
392.75	607.35
393.75	608.4
391.7	603.8
390.35	603.7
388.45	602.95
317.55	562.8
208.05	528.7
194.85	530.85
189.7	529.75
188.3	525
191.45	524.2
190.4	522.3
186.7	521.15
193.35	520.2
193.8	516.75
194.45	519.9
193.8	519.65
195.75	519.25
194.25	521.35
198.85	521.65
487.15	620.05
490.05	633.7
493.65	633.3
493.6	633.4
396.55	624.6
63.6	631.25
89.4	631.4
85.35	632.5
83.7	631.7
85.85	629.6
87	627.25
87.05	628.3
89.6	635
101.35	625.8
105.15	623
104.6	620.5
107.2	618.3
103.6	620.1
357.9	654.95
448.7	672.4
449.55	669.65
451.25	669
451.15	673
454.65	674.5
382.05	682.75
388.5	682.2
387.85	684.6
384.7	687.05
387.1	684.65
182.75	646.55
89.25	623.85
88.45	631.75
82.45	635
80.6	632.4
80.9	633.75
79.6	632.6
83.7	632.3
97.95	624.45
97.9	624.45
95.15	627.65
93.65	628.65
93.4	629
94.45	632.3
90.1	626.6
89.65	627.2
94.5	627.25
89.8	629.2
93.45	632.4
92.2	633.05
94.15	629.25
93	628.85
94.5	626.9
94.8	630.2
92.5	629.15
92.9	627.95
93.3	623.65
94.55	624.55
95.7	625.9
87.3	622.1
84.95	621.45
87.55	618.25
88.05	617.2
89.85	619.5
84.35	621.8
87.25	619.5
89.25	615.65
87.9	614.15
88.35	615.15
83.35	619.55
82.7	623.1
81.2	622.5
85.7	618.5
102.6	614.9
0	0
0	0
0	0
0	0
0	0
0	0
0	0
0	0
71.5	626.85
70.05	622.3
70.9	619.5
79.75	617.55
76.35	616.7
76	617.7
75.9	617.15
75.1	617.1
77.1	636.9
79.9	636.15
78.75	638.85
75.6	636.5
76.65	632.25
72.5	636.45
72.85	639.2
75.25	635.5
73.7	633.85
74.45	633.8
74.85	635.1
70.2	638.2
71.4	637.9
121.05	521.8
364.1	251.6
361.7	195.75
364.95	201
368.05	197.9
371.7	197.85
370.9	198.65
352.95	154.65
351.65	139.3
351.1	138.15
349.7	133.25
346.7	133.85
348.7	132.05
347.2	130.8
346.3	129.8
346.65	127.5
352.15	133.35
339.5	178
335.1	179.3
335.55	178.4
336.7	178.6
334.55	178.2
333.4	178.4
335.65	179.3
333.75	190.15
335.1	194.35
336.9	192.75
336.4	191.45
334.15	194.05
338.5	194.15
331.45	144.85
326.1	154.1
327.5	151.05
326.7	148.7
327.7	150.7
327.5	151.9
328.5	154.5
330.7	200.65
332.7	200.65
330.8	200.05
330.5	199.65
332.35	195.75
331	196.65
336.55	196.75
339.2	198.15
338.95	198
341	198.05
342.85	204.2
339.45	203.6
338.75	203.55
346.05	203.1
348.65	147.25
346.15	152.1
348	149.65
347.3	149.15
347.75	148.6
348.25	152
346.9	150.2
352.2	149.4
354	154.25
354.65	152.65
353.15	152.15
350.95	148.55
348.15	146.4
347.6	145.8
349.1	142.2
351.2	141.5
347.75	145.65
351.6	149
354.85	145.3
357	143.95
354.8	147.7
353.7	146.55
360.25	145.45
356.3	146.65
357.2	149
357.15	146.65
357.75	144.7
357.8	143.65
358.7	148.35
0	0
0	0
0	0
0	0
0	0
0	0
336.05	172.1
334.7	167.1
338.6	163.25
330.15	158.95
369.65	170.5
662.15	221.1
673.2	216.5
668.45	219.1
669	223.8
717.6	189.7
813.95	135.75
807.05	138.75
812.4	135.35
812.6	131.55
811.7	130.2
809	137.25
810.9	134.05
808.4	142.9
807.25	142.85
815.55	118.65
816.5	116.15
817.1	120.1
816.15	121.45
811.9	126.25
809	123.7
811.3	123.8
810.6	122.4
809.05	118.4
809.25	112.65
804.75	110.15
804.55	106.65
804.2	106.45
806.2	107.25
799.75	123.35
800.35	123.35
809.1	130.8
813.3	126.85
816.95	125.3
817.6	122.3
818.25	122.4
822.8	119.5
827.9	117.2
870.55	131.4
858.85	128.6
855.95	124.1
855.45	124.3
852.2	122.05
849.5	117.45
849.3	116.55
848.95	116.4
846.5	117.35
847.05	119.1
847.9	119.65
843.75	120.8
838.25	120.85
824.3	129.15
0	0
0	0
0	0
0	0
0	0
0	0
0	0
834.65	117.55
835.65	103.45
835.05	100.75
832.1	93.8
831.9	94.45
840.65	125.6
832.3	136.25
831.2	140.2
836.05	137.75
838.2	137.7
840.35	139.15
840.6	139.55
837.05	144.25
838.65	139.9
841.35	136.35
835.85	131.1
837.15	132.65
837.75	130.8
838.4	129.35
840.9	133.6
840.75	134.8
835.1	138.35
837.45	140.2
836.1	140.5
833.75	141.25
833.4	142.85
832.05	147
831.75	148.45
835.4	148.3
835.45	146.45
830.1	110.15
827.6	111.6
826.9	112.35
827.95	114.4
826.7	113.7
826.35	112.9
826.3	117.3
826.15	115.4
824.85	113.45
824.95	113.45
826.35	112.3
825.45	109.65
845.5	87.45
847.45	84.85
844.15	84.35
842.9	87.5
845.9	88.1
845.4	88.85
846.15	80.1
846.05	68.2
843.7	69.05
837.8	71
831.8	68.25
834.4	68.25
838.05	78.35
843	69.6
843.55	72.4
844.6	76.4
839.45	73.3
837.8	74.45
839	77.5
834.5	82.55
822.95	91.2
822	91.9
821	87.55
819.7	85.9
821.05	84.5
822.2	86.55
820.95	86.7
786.7	167.6
782	171.75
780.7	172.95
781.2	166.8
780.75	167.1
775.75	168.9
775.6	170
775.2	169.55
779.8	169.35
778.55	170.95
779.95	167.9
779.5	168.05
784.4	135
784.25	136.1
784.3	134.7
788.25	132.75
787.95	129.2
789.15	127.1
784.1	127.6
783.5	129.95
788.45	130.55
643.4	229.5
265	519.25
273.05	527.2
268.8	527.5
272.2	531.4
277.55	533.3
276.75	523.05
253.2	490.9
250.5	489.8
249.05	484.25
251.5	475.55
253.25	472.45
252.75	472.45
252.9	474.3
252.4	473.4
255.45	466.6
252.75	469.2
254.75	471.2
266.05	455.65
269.45	458.35
267.1	457.65
266.5	462.6
267.6	462.85
269.85	470.85
270.4	463.1
271.1	462.2
268.55	469.4
263.6	468.65
265.8	470.3
260.2	495.2
259.1	495.6
256.95	497.3
253.9	490.8
251.8	489.45
250.8	489.25
252.25	487.25
256.35	487.15
260.45	494.95
259.3	495
256.4	496.65
269.25	471.4
263.7	468.5
262.8	464.75
263.1	466.05
268.8	466.05
262.55	473.3
549.9	260.05
744.65	157.4
745	168.8
745.6	156.7
744.15	165.15
747.45	167.35
540.05	309.3
259.65	486.25
269.3	483.7
272	478.65
265.45	469.55
264.7	469
265.2	478.85
263.95	480.5
245.35	459.15
243.85	458.85
242.95	459.5
245.95	460.65
248.7	467.05
247.7	454.2
243.85	454.6
250.5	454.65
249.65	455.7
252.9	460.1
251.55	464.05
247.3	462.85
245.8	448.4
245.35	486.6
239.15	487.4
244.35	487.25
239.45	482.4
240.4	483.4
238	484.5
242	488.1
242.2	481.85
243.8	479.55
245.3	490.65
242.7	491.15
251.6	449.65
253	459.45
250.2	463.6
250.15	463.9
251.55	463.2
250.4	462.8
247.2	467.35
252.2	473
249.6	477.35
249	476.05
246.65	470.3
245.1	474.1
244.35	477.25
255.5	480.2
254	479.8
257.1	479.6
255.45	480.25
254.35	482.85
247.95	481.3
228.6	486.35
227.35	484.75
223	487.6
225.55	489.25
221.85	493.05
224.1	487.3
228.15	484.15
229.45	481.35
235.5	476.4
236.3	473.65
237.4	473.85
489.55	340.45
665.7	257.4
676.35	252
676.35	252.05
677.75	250.8
681.85	158.7
681.9	156.6
681	153.45
683.25	157.15
688.25	158.15
689.85	158.55
692.55	158.45
699.55	164.4
699.9	164.55
698.65	170.2
700.45	166.1
698.85	165.85
697.4	165.1
699.45	166.3
699.3	167.55
699	165.45
698.65	167.95
704.5	166
702.4	162.55
699.6	160.2
698.8	160.05
698.65	161.55
691.85	160.45
701.6	154.5
693.15	162.3
691.55	164.45
692.65	167.15
692.55	167.25
691.9	168.05
690.65	166.85
687.8	166.75
691	165
690.05	166.1
691.25	165.3
687.4	176.75
676.9	189.5
681.75	183.65
681.45	183.2
680.8	183.5
683.25	182.1
682.15	184.35
682.65	186.2
681.1	187.35
682.95	186.75
683.95	168.9
688.3	161.75
689.25	164.05
689.5	166.05
688.6	167.2
687.95	161.2
687.8	161.25
687.6	159.95
687.7	162.45
688	163.9
690.4	163.8
688.25	161.7
685	161
687.6	164.7
687.4	165.25
694.1	167.25
689.85	166.25
654.4	171.5
659.3	176.55
658.5	176.75
659.15	173.3
658.7	171.45
654.85	140.8
0	0
0	0
0	0
0	0
0	0
351.6	313.8
356.65	312.9
353.05	314
267.85	239.4
269.75	238.8
272.65	242.25
274.2	241.1
274.3	241.15
268.25	175.65
273.4	184.95
272.9	182.4
270.75	181.95
269.1	181.5
269.05	183.7
268.7	185.45
266.5	186.75
263.15	185.5
262.7	188.65
262.4	189.75
263.2	192.6
263.15	193.4
253.55	178.35
250.9	178.85
251	179.55
251.75	177.3
252.4	179.15
256.4	177.6
256.75	174.6
257	174.6
259.35	170
262.45	168.6
261.6	168.6
266.2	164.25
263.8	161.15
251.6	201.6
249.3	198.8
249.55	196.7
252	201.2
252.25	206.25
252.75	206.2
253.35	207.1
250.95	209.1
251.25	206.35
251.4	208.15
249.95	212.15
252.35	212.65
253	184.9
263.1	161.05
269.35	157.4
274.45	158.2
273.25	159.7
269.45	160.15
269.65	163.2
270.5	167.8
271.35	178.95
265.7	178.75
267.3	179.25
268.5	181.1
246.4	220.45
253.4	220.7
255.05	220.55
254.25	222.55
251.5	220.7
252.9	221.7
251.3	222.05
249.3	219
248.45	220.55
246.3	221.4
259.9	178.7
257.4	178.55
259.65	180.85
260.35	180
258.55	177.7
257.7	177.85
262.3	174
260.05	171.8
262.45	172.45
250.35	184.35
247.25	200.5
240.1	203.25
241.9	208.35
241.6	212.95
241.65	214.7
243.7	212.5
243.45	216
243.5	213.4
241.95	213.4
252	184.4
249.7	191.4
251	188.85
247.4	186.45
247.95	184.55
244.9	184.85
246.1	185.05
241.65	185.35
241.5	184.95
243.3	181.35
235.8	167.1
232.9	169
235.1	166.85
241.15	165.9
243.45	166.5
241.25	165.95
237.5	169.05
242.5	164.05
241.25	164.2
244.8	163.05
246.8	163.8
232.05	171.85
229.6	173.85
231.6	175.45
230.5	171.3
231.95	170
233.35	172.65
233.4	169.95
231.2	168.05
233.55	169.85
233.85	170.4
260.15	159.55
252.2	169.9
257.1	172.05
255	170.6
256.95	167.55
257.7	164.75
255.7	167
251.8	169.5
254.35	172.95
255.45	174.9
259.2	166.15
260.5	164.85
233.05	160.85
231.35	161.05
231.1	157.75
232.55	153.6
231.15	154.25
231.75	154.35
231.7	153.35
228.5	155.55
227.75	160.1
263.45	167.15
362	187.75
643.2	289.95
620.1	322.95
625.65	321.25
629.55	320.75
627.85	322.25
692.5	345.8
694.25	343
697.3	342.35
694.6	338.6
692.85	339.9
693.35	339.95
692.4	342.5
693.65	348.3
696.3	349.05
708.1	352.55
702.6	346.85
701.15	347.1
702.95	344.4
700.65	342.3
699.1	343.35
699.6	342.75
700.95	343.65
701.25	348.65
702.7	347.25
704.7	347.9
705.4	346.25
702.95	346.4
693.65	352.1
688.6	356.7
683.3	360.1
687.5	359.3
687.8	358.9
686.6	357.7
689.9	361.75
688.2	362.05
690.8	356.8
691.85	353.65
700.05	362.4
699.6	362.4
699.35	364.65
705.2	368.2
701.95	364.2
702.5	370.75
699.95	377.1
694.85	376.95
696.95	373.45
693.05	368.65
693.25	364.35
693.3	367.6
690.45	371.1
692	377.1
692.6	376.2
686.95	366.9
688.45	364.45
686.2	377.6
697.05	350.9
690.3	349.5
691.55	357.65
686.55	362.15
695.05	346.8
692.7	349.15
692.55	363.1
690.25	361.2
682.9	385.4
0	0
0	0
0	0
0	0
0	0
0	0
690.85	359.95
689.8	356.65
688.9	350.8
696.35	361.1
687.6	363.5
688.75	361.35
683.05	380.65
687.6	382.9
689.95	382.45
686.45	386.1
689.25	385.6
693.5	375.9
692.85	375.6
694	377.9
691.55	379.9
683.2	381.3
689.75	364.05
688	362.9
689.35	366.6
690.45	364.5
685.95	364.85
689.2	361.5
686.8	363.45
684	365.55
683.75	367.9
680.45	374.35
0	0
0	0
0	0
0	0
0	0
0	0
0	0
0	0
673.75	365.1
668.65	370.6
673.25	373.35
679.1	373.4
675.1	370.95
670.95	361.75
686.35	363.2
682.55	366.8
679.2	362.8
687.15	370.4
681.2	362.6
685.15	351.75
679.6	358.65
685.85	364.85
688.5	355.45
685.85	370.4
688.85	365.95
690.7	366.45
690.1	365.2
689.05	365.4
688.95	367.1
684.9	359.7
689.9	359.05
692.55	360.05
691.4	355.65
694.2	354.5
693.65	360.7
698.75	363.45
696.4	364.3
690.75	364.65
690.6	363.9
690.95	363.5
694.5	362.7
692.7	362.65
692.25	365.85
692.75	365.1
695.05	363.55
696.3	363.75
698	352.15
700.75	354.2
702.8	352.1
704.8	349.2
701.6	354.05
704.8	352.55
685.9	359.55
692.1	353.45
687.2	357.8
691.25	357.25
696.1	361.3
692.65	363.65
690.3	360.65
690.7	360.15
689.75	359.2
687.5	362.3
694.25	366.3
606.8	407.7
303.95	518.75
324.1	511.1
321.6	511.9
318.8	513.75
271.95	494.85
253.15	491.15
255.65	492.1
254.45	493.2
256.75	497.45
259.65	496.7
263.55	501.95
269.05	499.75
268.8	500.5
270.7	502
273.55	501.6
273.45	502.7
263.55	499
259	485.9
259	484.7
252.8	489.35
251.2	490.15
250.5	489.05
246.5	488.65
244.4	489.05
244.85	490
248.75	485.7
248.1	486.4
246.75	488.45
247.5	487.75
247.45	487.85
245.3	489.5
262.1	488.05
257.25	486.85
257.3	487.6
256.45	492.55
254.9	490.6
258	485.55
257.45	486.15
254.25	489.45
254.15	489
239.9	518.6
243	512.8
238.95	507.4
235.2	514.65
237.7	517.55
240.45	522.1
239.9	522.25
241.95	519.75
241.75	521.15
243.65	520.15
0	0
0	0
0	0
0	0
0	0
0	0
0	0
241.45	486.25
246.45	484.45
247.15	476.75
244.7	490.1
246.05	486.6
244.6	482.05
245.75	479.15
238.6	481.05
243.75	479
223.3	487.15
227.1	488.3
227.7	495.15
227.8	493.4
225.45	492.6
207.55	555.15
0	0
0	0
0	0
0	0
0	0
0	0
0	0
0	0
0	0
0	0
178.75	478.05
202.6	425.2
205.1	427.85
206.3	424.5
208.6	418.35
204.85	426.45
241.45	469.2
236.9	469.55
237.5	468.35
237.9	472.95
232.4	472.15
234.3	465.6
225.25	488.2
229.35	483.55
233.25	482.4
233	478.5
233.05	478.15
234.85	477.05
237.3	475.7
238.25	477
240.05	476.2
244.15	468.65
241.4	469.7
238.85	468.1
239.6	469.5
243.45	471.6
244.15	471.95
243.55	472.05
243.3	472.75
243.95	471.5
245.75	469.15
242.6	470.95
244.35	473.1
242.25	475
235.6	465.5
235	468.1
239.85	469.9
242.6	472
240.45	472.45
241	474
241.75	479
243.6	477.45
244.75	477.45
225.8	504.95
232.85	498.15
231.05	496.7
233.45	495.65
234.25	491.2
233.25	488.6
235.15	490.9
235.5	490.35
250.4	473.05
248.6	474.45
250.15	473.45
249.55	472.6
252.45	473.4
252.05	473.95
249.9	472.35
246.5	470.8
244.1	469.85
244.25	472.1
253.4	466.1
250.95	467.7
251.75	464.95
252.1	461.2
252.55	463.05
253.75	462.6
255.95	463.15
256.3	462.6
258.85	463.45
259.4	461.7
262.1	464.55
264.45	462.6
266.25	464.6
268.8	465.7
270.05	466.6
271.3	467.8
273.7	464.75
274.5	465.4
271.7	465
273.45	468.3
247.65	468.55
248.6	464.15
247.25	466.8
249.85	466.75
248.25	466.05
247.85	465.9
246.7	463.8
247.75	462.35
371.15	354.55
686.5	186.9
672.85	192.5
680.55	192.4
685.35	193.6
683.35	191.35
684.8	196.15
684.1	193.45
686.25	190.15
661.65	377.05
656	435.25
658.2	436.95
656.3	438.55
654.75	434.35
653.65	435.5
690.35	368.8
692.05	383.25
694.05	387.1
691.7	387.6
694.2	393.5
694	396.8
695.25	397.7
698.3	398.05
697.2	405.95
696.9	409.35
696.75	404.65
692.05	398.9
693.6	399.1
694.9	403.35
698.05	404.35
698.8	408.5
699.8	410.8
699.55	414.25
695.75	414.15
697.9	414.55
701.2	414.5
724.7	415.95
713.75	412.25
712.25	408.7
713.05	412.35
713	415.85
713.1	413.85
716.1	408.7
716.8	405.25
713.55	405.9
716.7	408.35
716.05	408.5
717.2	406.95
713.5	399.1
711.9	399.65
710.15	400.25
708.2	401.2
706.7	399.9
709.2	401.15
710.4	402.35
709.45	405.4
710.65	406.3
706.9	406.3
708.6	404.05
710.25	404.7
709.65	432.35
709.25	431.7
709.2	431.7
712.75	434.35
713.45	428.7
712.75	423.85
712.45	425.4
711.75	426.2
710.3	425.25
710.15	427.8
707.15	421.9
709	419.25
711.65	417.9
709.3	418.15
709.7	416.9
709	418.35
711.15	418.7
704.85	418.95
699.35	418
705.4	414.65
704.15	418.3
704.55	413.75
705.85	412.95
702.8	416.15
700.8	414.5
708.45	395.3
712.15	390.85
707.8	394.4
705.55	396.45
707.5	395.9
708.85	390.9
705.2	394.4
708.5	393.15
707.65	392
708.15	391.7
704.7	391.65
702.6	387.6
703	385.15
707.8	388.1
708.95	389.15
735.85	400.25
721.9	406.8
721.65	408.35
721.45	408.55
722.3	407
725.35	366.85
719.2	170.85
719.95	173
719.95	171.3
724.45	171.2
726.1	176
724.6	168.05
724.85	167.5
722.45	168.85
713.5	170.45
713.55	220.3
718.15	442.25
719.85	424.55
718.55	423.3
716.7	428.65
714	432.85
0	0
0	0
0	0
0	0
0	0
727.6	297.15
716.3	323.4
0	0
0	0
0	0
0	0
0	0
0	0
707.05	411.95
707	408.8
708.15	405
705.5	401.15
702.1	402.5
703.7	404.55
705.75	404.2
706.35	405.05
706.15	407
708.25	411.95
707.45	409.2
709.8	408.4
708.9	411.15
708.65	417.3
712.55	415.5
711.55	412.1
707.25	419.45
707.75	419.25
709.15	419.5
710.8	421.15
713.6	423.1
709.1	429.3
713.9	457.9
713.2	456.7
711.1	457.2
709.15	457.45
710.45	453.85
710.75	452.4
716.55	451.7
716.15	448.25
716.55	453.75
717.35	451.05
715.3	448.45
722.45	421.6
716.25	419.45
716.75	419.85
720.15	419.25
721.65	420.8
720.95	423.5
716.45	426.3
713.1	422.7
709.95	420.95
707.6	420.5
708.45	414.2
707.45	413.95
708.3	413.75
685.75	434.95
690.2	437.65
690	438.4
695.15	441.85
697	443.95
696.3	443.5
697.8	441.7
693.2	442
690.6	441.6
693.8	437.05
696	432.5
695.95	433.35
701.55	432
697.5	434.15
696.4	434.1
704.6	433.45
698.75	430.2
698.3	429.25
699.3	431.95
696.55	430.7
692.65	431.6
694.45	426.55
709.7	396.25
710.25	393.3
708.45	394.8
704.5	397.6
700.7	396.85
702.4	398.3
709.15	393.6
712.25	393.25
710.05	395.4
710.85	395.6
587.65	472.75
329.2	581.5
335.25	571.25
331.25	570.2
333	574.8
331.85	574.65
240.8	577.45
243.5	572.3
246.1	572.55
248.05	574.35
243.65	573.35
379.15	579.95
376.95	578.35
377	577
379.15	577.15
378.15	574.95
378.65	573.75
378.8	574.9
377.65	575.9
243.95	570.85
250	573.8
246.95	571.4
246.3	577.85
0	0
0	0
0	0
0	0
0	0
0	0
0	0
404.45	578.85
408.55	573.4
405.35	567.9
407.9	567.4
410.05	567.8
282.3	568.25
285.8	566.55
287.7	566.35
280.75	566.45
279.4	564.95
279.5	565.1
283.5	563.35
291.75	565.55
381.65	556.75
385.5	558.85
385.45	560.65
385.2	563
386.8	563.25
401	565.15
421.15	571.05
421.9	571.3
421.9	572.55
423.05	572.95
424.65	572.7
425.95	574.2
426.05	574.45
428	571.45
417.95	446.5
425.7	428.5
428.05	429.15
427.3	428.7
428.3	427
426	427.1
370.55	479.1
323.3	534.6
321.85	543.55
322.35	543.5
322.9	548.55
320.1	550.1
316.85	549.1
314.4	544.8
313.2	539.5
307.8	545.25
291.5	557.9
288.9	559.7
288.7	560.2
290.65	560.15
291.95	561
291.2	561.95
293.1	561.35
294.2	561.95
295.25	560.8
296.3	559.85
297.4	557.2
373.35	549.65
406.05	553.5
407.05	555.15
410.5	553.2
408.35	549.4
412.1	550.95
411.15	549.95
407.75	546.55
408.4	544.65
409.15	545.05
409.1	544.7
413.6	412.15
411.1	423.75
412.5	420.65
0	0
0	0
0	0
0	0
0	0
0	0
0	0
388.65	525.05
384.5	529.25
415.9	548.45
417.8	549.4
415.45	550.35
421.15	547.4
418.05	541.85
424.4	548.3
426.25	553.45
429.95	553.55
431.2	553.7
431.8	557.85
433.55	559.3
431.7	562.8
427.9	563.1
428.05	560.65
431.25	556.75
424.05	554
304.1	564.1
309.45	565.7
305.6	567.35
306.4	568.65
305.1	568.6
304.45	569.9
306.5	566.5
306.25	568.5
304.35	568.05
309.5	566.9
310.15	563.65
309.2	563.25
308.6	565.5
453	442.9
460.6	428.55
461.55	433.25
463.05	433.3
466.1	430.3
465.5	427.95
466.9	430.45
468.1	425.75
469.65	429.25
472	425.9
471.75	421.4
474.6	424.15
474.5	424.7
473.25	431
471.3	435.9
470	437.85
467.9	437.75
460.35	439.25
689.95	471.05
0	0
0	0
0	0
0	0
0	0
0	0
0	0
0	0
0	0
941.9	496.25
922.15	509.6
921.75	506.35
917.65	502.5
914.05	500
912.4	496.6
913.35	497.15
911.6	491.05
913	487.85
912.8	488.25
907.3	443.55
906.05	450
905.4	444.05
900.75	449.45
549.65	431.25
375.55	432.7
385.45	430.1
380.85	429.35
382.05	429.45
381.3	430.15
379.85	427.9
380.4	424.75
378.85	425.45
379.95	420.05
332.75	281.2
323.9	256.4
321.25	256.4
321.35	252.6
321.85	242.65
322.5	246.15
320.25	251.95
317.8	248
318.8	251.1
318.4	248.6
320.15	250.95
352.5	336.45
349.5	326.7
342.95	324.5
340.75	326.7
340.15	322.65
340.1	321.35
339.9	323.95
339.9	317.55
337.3	307.45
341.85	304.2
341.95	302
311.85	450.15
323.4	461.3
318.15	464.75
319.85	464.9
321.75	467.95
322.5	469.15
325.4	470.2
329.05	472.65
449.25	483.9
475.95	480.4
478.75	482.25
480.95	481.9
480.8	480
480.8	481.75
483.15	481
433.55	345.35
436.5	329.45
439.7	330.65
441.3	334.05
440.4	339.3
439.55	342.2
441.8	345.1
443.25	349.55
410.6	325.1
280.75	286.95
274.25	287.05
277.8	287.15
280.15	289.45
281.65	288.1
284.1	290.15
285.2	290.25
285.3	290.5
284.15	294.95
525.25	197.9
524.9	198.3
523.35	199.9
524.4	199.8
526.9	197.6
524.25	195.6
523.1	199.1
523.15	200.15
524.3	201.95
521.35	205.45
521.55	201.55
356.75	247.65
248.8	284.8
249.05	287.7
247.95	289.1
247.75	289.75
247	285.55
249.55	284.3
222.3	300.25
132.05	321.4
134.05	323.2
135.15	324.55
136.5	328.4
136.25	326.1
139.55	328.55
146.25	329.2
148.45	331
236.95	410.15
242.65	412.45
244.4	412.4
245.9	414.5
246.15	413.2
365.2	418
362.1	425.95
305.5	449.85
207.15	492.2
206.8	498.75
204.6	498.05
203.1	498.35
201.2	496.7
198.65	498.8
197.65	501.2
197.3	500.05
199.1	496.95
188.8	541.5
183.6	599.75
185.65	603.5
180.05	601.75
185.55	599.9
186.7	599.1
187.85	599.6
191.6	600.95
197.75	601.7
394.95	592.5
397.55	598.1
401.15	600.85
345.55	381.8
350.25	384.8
348.6	387.75
351.65	386
350.4	389.65
350.2	393.35
348.9	392.15
350.3	396.75
350.8	392.6
353.15	391.8
413.95	201.05
457.3	144
457.6	147.05
457.1	150.05
459	151
458.95	150.35
458.75	154.95
457.8	160.85
459.95	162.1
461.2	155.55
462.5	162.2
464.35	161.45
467.3	159.85
232.1	249.4
231.8	252.25
233.35	254.3
233.85	253.25
233.6	253.5
233.9	255.05
234.8	250.7
264.4	359.2
268.1	371.85
267.1	373
269.7	371.85
269.2	369.9
270.65	374
271.75	374.1
373.1	454.7
380.9	455.7
383.05	452.5
386.5	452.9
387.15	454.2
386.55	456.45
263.2	529.5
232.85	537.15
230.8	539.85
227.05	540.75
232	538.5
229.65	542.8
227.15	540.8
222.1	540.05
225	540.95
229.95	554
385.25	647.4
373.4	644.25
374.3	643.65
372.35	648.1
373.65	644.95
640.45	646.8
656.7	647.6
658.25	651.6
660.6	653.35
657	654.6
0	0
0	0
0	0
0	0
0	0
0	0
0	0
0	0
0	0
284.3	323.85
284.25	325.5
278.4	322.75
277.95	322.65
278.35	320.4
276.65	316.75
275.9	310.55
282.15	310
278.6	310.8
313.55	314.55
622.45	312.7
617.15	311.85
617.45	312.35
614.7	313.15
611.5	312.65
612.85	312.75
610.45	310.7
612.25	308.1
612.7	309.35
627.9	310.1
730.9	276.15
734.3	275.9
737.6	278
736.45	277.8
739.15	279.9
469.8	315
365.35	337.7
370.3	340.85
370.4	341.7
366.8	340.2
368.8	343.4
366.85	340.65
368.3	339.95
366.05	333.3
363.8	330.5
365	331.25
363	330.9
365.85	327.9
365.1	329.5
367.1	323.3
370.85	323.8
374.85	323.8
375.45	319.2
376.1	318.1
378.6	320.15
380.55	324.5
379.5	326.45
378.65	325.6
381.25	322.85
381.75	325.15
489.45	324.1
489.6	326.25
490.35	326.95
491.85	330
484.3	329.45
152.05	349.15
167.6	349.65
171.2	354.65
170.5	355.75
174.25	356.15
172.25	353.5
172.9	353.05
171.8	349.5
169.9	343.45
169.7	302.35
166.85	281.75
166.5	276.65
167.55	277.15
144.55	193.95
141.85	185.45
143.25	187.3
145.4	189.35
164.25	243.05
260.9	442.05
264.5	428.85
262.35	431.65
263.35	433
259.75	427.7
258.2	430.4
258.85	431.65
257.3	433.35
556.55	442.2
604.65	441.75
605.6	444.7
604.3	444.6
605.9	444.75
603.95	445.15
606.8	450.05
423.1	508.15
242.05	550.6
230.85	549
232.7	549.85
234.6	548.05
233.2	551
233.05	550.9
233.05	548.75
231.7	549.85
230.6	550.15
232.9	546.3
511.75	542.05
585.6	545.5
581.95	544.4
586.2	543.9
584.2	547.45
584.5	547.05
583.5	541.4
585	548.65
586.85	561.75
0	0
0	0
0	0
0	0
0	0
0	0
0	0
187.75	650.55
184.8	648.55
184.7	645.4
186.55	640.7
190.2	641.8
419.9	576.45
614.5	552.9
629.2	548.55
627.95	547.55
628.15	549.4
630.8	549.2
632.75	547.6
633.05	549.9
697.25	546.85
733.75	552.7
732.95	553.35
737.2	553.35
742.2	552.45
740.5	556.05
738.3	557.45
737.45	558.35
698.35	519.95
322.6	418.6
326.15	411.3
331.3	411.85
331.1	411.1
335.8	413.35
337.4	414.1
335.85	415.05
338.75	415.7
172.55	505.9
157.05	528.2
159.3	524.7
157.6	522.55
162.2	463.8
202.3	173.3
204.2	198.85
206	196.75
206.8	200.4
208	198.9
208.7	199.65
465.65	195.85
526.5	184.25
523.55	187.55
519.5	190.75
517.75	195.75
516	196.25
517.35	194.7
516.6	192.65
515.6	195.3
229.8	295.75
192.2	306.8
191.5	307
191.3	308.9
191.05	309.1
195.65	311.55
196.3	304.85
195.8	308.9
259.65	306.45
535.3	291.65
543.7	298
547.4	300.3
546.75	301.05
545.75	305.8
547.2	307.7
547.2	309.2
548	311.1
350.3	366.4
225.7	428.65
212.45	432
217.05	431.3
216.45	433.55
215.5	436.7
214.6	436.8
212.75	437.5
212.6	433.65
214.3	429.95
215.65	441.5
172.8	549.65
171.55	569.1
175	574.45
173.8	574.65
175.35	574.85
172.7	572
169.1	570.65
171.2	573.3
392.1	556.05
406.75	566.15
415.3	568.25
420.65	567.05
413	563.65
416.2	561.75
414.75	561.85
415.15	558.9
281.4	606.5
247.1	641.3
242.1	634.8
238.3	629.05
233.25	629.3
237.55	625.1
238.85	639.5
238.05	636.65
237.3	623
232.7	622.65
428.85	280.15
441.85	219.15
443.25	222.15
441.5	224.05
442.85	218.25
439.85	222.05
437.15	226.85
439.1	216
255.25	196.05
186.35	218.35
181.3	216.65
175.7	215.45
179.95	221.1
181.8	217.95
142.65	292.55
139.3	295.9
139.65	296.4
142.1	298.4
140.55	297.8
139.25	298.6
141.55	298.4
136.2	301.9
196.65	317.6
547.25	295
539.95	293.75
543.95	295.85
542.55	300.05
544.7	305.4
536.2	298.9
535.85	305.35
539.65	304.1
532	310.55
539.25	307
425.6	450.6
432.1	480.15
435.65	481.45
437.1	481.3
439.95	483
434.4	484.65
433.5	485.45
435.5	484.7
435.3	482.1
406.45	430.6
345.4	351.75
344.1	344.7
343.75	341.1
343.55	340.55
346.6	337.85
335.7	267.55
328.95	257.1
330.75	256.15
334.2	258.3
332.25	263.25
370.3	257.75
513.6	252.95
520.55	251.85
523.4	254.25
523.15	256.3
518.8	256.3
645.55	274.85
649.2	274.7
648.45	274.35
651.35	285.85
0	0
0	0
0	0
0	0
0	0
0	0
0	0
397.45	435.2
394.95	430.55
391.45	428.15
392.85	424.8
393.25	428.4
395.25	427.55
598.25	417.7
588.6	415.35
589.5	415.15
588.15	415.2
590.4	410.2
586.65	408.45
584.5	406.15
583.15	408.05
582.9	411.4
586.75	410.4
586.4	409.05
582.45	409.7
518.65	394.95
423.4	382.5
422.7	385.55
423.25	381.9
424.1	380.1
424.2	376.45
425.35	371.7
419.25	372.35
418.15	375.2
419.6	376.85
418.9	373.2
423.1	371.55
423.95	371.15
677.65	274.2
701.75	240.8
701.35	244.2
701.8	243.35
704.6	242.15
703.4	244.4
703.15	245.3
703.9	242.85
702	241.15
700.75	239.75
706.45	232.55
707.1	241.2
709.45	244.75
710.25	241.2
710.2	248.75
554.4	293.15
294.25	362.4
303.4	359.25
302.15	359.05
303.55	356.8
304.5	350.6
306.4	350.2
308.3	351.8
311.3	354.9
309.1	350.65
308.05	353.5
390	338.2
568.7	304.55
575.05	306.6
468.7	232.6
470.35	235.25
470.55	237.8
469.8	236.85
389.9	251.25
332.1	267.6
329.65	265.35
325.1	255.85
322.15	261.95
405.6	267.3
671.8	254.45
667.85	255.95
0	0
0	0
0	0
0	0
0	0
0	0
0	0
0	0
0	0
0	0
0	0
0	0
592.85	371.15
596.1	373.9
594.6	367.4
595.15	368.25
595.65	371.35
597.55	373.95
595.65	375.2
596.25	372.75
402.55	439.5
275.9	462.2
265.5	465.85
265.45	466.45
264.9	465.15
266.55	467.05
266.7	470.45
268.8	472.8
271.6	474.25
388.15	399.55
522.85	347.25
534.85	344.1
533.1	346.15
530.4	345.8
531.35	342.35
532.45	339.45
532.55	340.6
527.45	346.3
533.45	349.8
531.45	349.15
531.3	345.6
530.05	337.8
535.6	335.85
538	334.55
533.85	335.35
537.1	334.25
534.4	338.85
533.85	335.05
535.1	340.5
373.05	486.95
357.55	495.1
363.05	493.85
365.2	495.65
365.7	494.15
365.5	487
362	487.5
462.2	494.9
465.5	494.15
470.5	495.9
469.45	499.05
482.9	501.15
744.15	500.8
738.4	501.15
741	503.5
739.65	504.05
739.8	505.05
739.95	506.5
740.55	512.5
735.25	516.9
0	0
0	0
0	0
0	0
0	0
0	0
232.3	534.05
236.5	530.9
239.15	526.2
240.1	526.6
240.5	527.2
244.5	523.65
244.5	519.35
247.2	519.35
249.8	521.4
247.75	520.35
496.45	335.6
574	279.9
571.85	288.65
578.9	284.25
579.45	287
575.95	289.75
574.05	291.15
572.5	293.55
575.7	292.7
580.8	291.4
581.65	290.45
576.8	288.65
573.25	291.15
571.25	292.95
480.45	433.5
433.75	547.2
431.7	553.05
429.2	554.2
429.9	555.25
433.85	552.05
433.8	546.55
436.45	549.7
428.05	555.35
432.1	552.55
430	551.3
429.4	552.1
428.6	551.85
462.35	364.3
462.6	329.9
461.95	328.6
465.3	324.05
466.3	320.4
467.4	321.4
470.45	318.6
466.75	320.95
464.65	327.9
384.7	304.3
289.15	303.3
286.95	306.5
289.3	308.2
288.9	310.9
287.7	311.6
287.3	313.45
287.45	313.2
285.75	314.35
328.25	283.05
328.5	281.55
330.3	282.15
331.5	279.95
330.45	279.9
330.6	275.1
330.55	270.6
324.45	268.1
324.2	272.95
326.6	282.8
328.2	278.55
330.35	281
354.1	288.05
416.25	306.75
419.1	305.25
422.7	305.25
426.05	307.9
424.9	308.2
427	309.2
426.55	308.9
430.65	310.4
370.1	364.75
386	373.6
386.15	374.6
386.4	374.75
385.5	377.85
381.1	377.65
384.7	374.5
391.85	375.25
395.1	371.25
0	0
0	0
0	0
0	0
0	0
0	0
439.85	371.6
440.9	370.45
444.25	371.35
461.9	297.05
454.75	300.05
457.8	303.9
458.65	303.35
456.5	304.95
456.95	516.8
459.05	536.6
460.1	535.25
456	534.9
453.15	534.1
471.2	572.1
482.2	576.55
480.85	580
482.45	580.55
484.55	584.15
481.9	581.9
458.1	590
396.25	591.65
392.2	593.9
395.7	590.6
393.3	589.45
393.1	589.4
395.1	588.2
396.1	587.25
425.35	401.8
453.55	288.1
455.75	280.4
457.25	276.85
455.8	278.1
456.25	275.35
455.75	276.3
483.7	282.3
482.8	284.15
482.2	284.65
488.3	283.75
491.25	282.25
493.7	279.95
471.8	397.7
486.6	644.8
484.2	627.15
485.5	627.2
483.9	624.15
485.9	625.2
487.5	622.15
488.75	619.3
487.8	623.25
489.95	619.3
492.4	617.55
490.55	616.8
464.75	607.55
462.1	607.25
464.75	603.85
463.9	603.15
467.75	602.1
465.65	598.2
465.7	599.65
462.55	598.55
463.45	597.25
461.45	597.5
462.85	595.95
460.05	595.85
461.15	594.4
459.85	303.85
466.95	301.6
463.8	306.1
462.7	308.6
462.95	308.35
461.1	304.85
477.9	244.45
481.1	252.05
483.75	257.3
484.8	256.75
486.25	257.45
491.15	259.5
493	255.95
494.45	256.3
489.7	259
490.45	258.05
488.75	256.6
487	258.3
482.65	253.8
475.25	259.15
478.45	258.6
319.85	445.2
283.85	541.4
285.25	558.1
284.5	565.15
282.05	568.25
283.4	567.9
148	579.6
154.8	580.6
150.4	581.95
150.4	581.1
149.35	582.65
148.55	579.7
94.15	561.2
23.5	492.45
0	0
0	0
0	0
0	0
0	0
110.45	571.5
111.75	568.2
112.45	568.2
186.7	569.95
283.4	557.95
290.65	562.95
290.4	564.6
294.7	562.35
295	557.45
297.4	561.4
300.75	569.35
231.75	570.85
232.75	571.55
230.25	576
233.8	576.95
233.65	575.6
228.75	598.3
230.05	603.8
230.1	603.2
226.8	603.7
231.7	605.4
90.5	623.1
87.05	618.35
86	618.35
85.9	617.7
88.8	623
89.8	625.75
88.6	627.2
88.3	626.5
90.4	625
206.25	611.85
198.5	606.15
197.75	604.6
201.25	609
204.6	605.35
204.55	609.55
252.9	602.8
246.5	602.75
248.45	601.65
255.25	600.95
252.45	601.2
252.25	599.25
253.3	603.65
254.55	599.35
254	602.8
252.5	602.05
108.05	617.8
113.6	616.3
113.55	614.75
110.05	614.45
111.6	612.6
112.85	611.65
92.15	608.3
92.2	608.8
93.1	607.55
93.5	606.15
424.5	617.25
444.95	597.95
444.25	601.9
450.8	601.1
450.8	604.3
451.55	610.7
452.2	617.4
454.25	617.95
454.2	617.3
413.5	609.5
419.6	608.1
422	606.55
585.7	609.05
661.4	608.35
663.05	614.65
666.15	614.6
666.95	615.6
666.9	615.25
663.8	615.15
662.3	617.55
667.5	617.45
671.55	618.55
729	618.75
730.35	619.65
733.1	620.6
734.2	619.35
734.35	616.9
734.7	617.6
738.05	618.85
626.9	524.5
410.3	380
325.5	322.5
319.4	320.05
316.65	316
320.35	314.45
321.6	314.3
321.1	310.85
321.35	312
351.6	226.25
431.65	153.8
436.55	151.35
441.6	146.55
443.3	147.05
442.05	143.85
442.45	149.5
443.45	149.2
445.75	155.7
526.5	252
529.95	242.4
