583.7	381.45
582.45	394.6
581.65	390.35
581.85	395.5
580.65	398.9
583.9	400.75
580.7	402.75
585.45	396.2
585.7	394.4
584.5	398.1
586.3	395.35
578	403.5
587.1	384.75
0	0
0	0
0	0
0	0
0	0
0	0
0	0
601.15	353.65
590.15	297.55
591.1	287.95
586.55	293.85
591.65	296.95
590.85	296.9
591.25	302.85
594.65	302.45
594.2	302.05
596.4	306.4
598.05	307.9
595.75	301.95
596.9	309.1
596.9	310.85
594.35	319.95
592.85	316.1
566.7	332.2
521.1	371
520.7	378.1
521.45	386.05
518.45	386.85
517.9	384.4
512.75	394.7
512.25	398.1
511.1	403.15
511.95	399.05
511.15	401.3
513.85	395.35
515	397.95
512.5	397.75
509.7	402.6
515.55	410.2
517.55	407.8
516.95	426.9
517.1	422.7
525.3	433.55
524.15	436.95
523.35	450.85
525.2	450.85
525.65	464.9
525.4	468.7
528.3	464.05
523.7	476.4
530.65	468.15
528.15	498.15
525.15	487.8
525.45	498.2
529.7	495.4
519.85	507.35
628.25	333.95
719.75	147.3
709.7	179.75
699.9	208.1
690.65	198.75
686.8	214.4
681.25	204.9
677.05	207.7
681.5	224
694.55	144.3
0	0
0	0
0	0
0	0
0	0
0	0
727.05	88.5
720.85	112.4
711.05	147
700.6	164.5
707.5	158.8
701.25	168.05
701.35	186.05
992.95	108.45
983.3	115.1
978.25	120.8
980.25	121.85
973.7	122.3
970.8	127.2
970.9	128.3
964.25	127.15
962.55	130.85
959.45	133.1
952.9	136.05
946.95	138.85
940.2	142.25
936.15	148.45
921.35	167
921.1	161.7
920.25	159.3
0	0
0	0
576.3	312.4
577.25	313.25
575.7	321.15
565.15	332.7
557.45	338.5
557.05	336.4
556.4	341.35
549.45	340.2
549.5	344.2
549.1	350.2
552.55	339.3
539.75	353.4
535.45	354.9
535.45	361.4
541.7	353.5
532	355.85
519.7	370.05
519.2	362.75
520.95	369.2
511.6	363.2
508.35	368.7
510.35	368.7
523.4	320.3
0	0
0	0
0	0
0	0
0	0
709	276
702.75	302.2
697.1	322.2
690.45	317.85
700.45	316.8
691.4	332
694.7	326.8
695.65	329.25
692.7	336.1
690	349.15
684.6	345.55
676.8	344.75
678	341.3
675.1	348
670.05	353.15
672.4	347.45
674.95	344.65
670.65	353.9
672.5	344.1
676.25	339.55
572.1	363
493.8	398.5
495.15	388.85
489.6	404.1
482.65	406.5
483.9	395.75
483.05	394
485.7	395.35
491.2	380.55
496.35	378.45
509.75	331.6
0	0
0	0
0	0
0	0
0	0
0	0
454.65	294.5
458.85	328.9
468.9	330
471.25	337.4
477.95	330.95
484.55	328.75
490.6	321.95
494.15	312.7
489.65	326
495.45	317.4
502.15	304.7
506.65	302.05
513.95	296.4
517.8	297.55
522	290.25
526.05	273.55
529.7	269.25
529.35	266.5
534.45	271.5
535.9	267.7
541	275.05
536.85	265.65
546.6	265.2
552.25	258
491.25	358.5
495.4	355.9
493.3	356.15
498.55	360.85
500.85	367.7
503.55	363
509.65	366.6
515.8	363.25
514.25	365.25
515.15	374.05
521.95	369.6
524.05	384.5
536.4	336.75
0	0
0	0
0	0
0	0
0	0
0	0
0	0
0	0
637.9	258.05
646.6	259.6
652.6	253.6
657.85	273.95
652.55	268.65
659.7	283.8
656.7	285.4
660.45	300.35
664.05	308.4
662.6	309.85
667.85	309
668.9	329.2
671.05	329.15
669.55	332.9
670.85	347
674.85	357.8
670	355.4
675.65	371.3
671.1	375.55
679.05	388.4
678.4	393.85
676.95	400.2
600.25	361.4
609.45	364.75
610.05	367.95
609.05	368.5
606.75	379.65
605.25	382.65
603.4	382.25
596.5	393.5
596.5	395.25
593.75	405.9
597.4	402.5
667	497.1
0	0
0	0
0	0
0	0
0	0
0	0
0	0
683.4	184.05
687	243.75
685.35	245.15
688.6	253.7
695.6	267.35
700.95	276.4
701.15	278.9
692.25	288.4
686.7	315.5
678.85	332.1
667.4	340.85
661.7	335.35
655.9	354.9
656.65	357
657.85	369.85
654.9	376.05
651.4	370.55
654.15	372.2
648.4	378.9
608.8	315.8
603.3	283.6
595.35	277.85
590.8	300.8
585.8	308.3
584.3	294.65
580.85	308.5
573.7	301.65
573.9	306.9
576.55	302.15
570.6	314.85
569.1	328.35
563	314.85
556.7	319.55
552.25	339.85
550.2	330.95
544.7	338.3
548.85	319.35
539.6	341.75
624.65	300.3
717.75	200.8
718.4	230.75
709.3	235.1
708.5	248.15
703.15	242.1
704.8	249.3
699.9	238.65
697.85	238.4
695.45	261.1
700.55	243.3
697	254.7
697.15	255.15
698.8	257.05
700.75	257.5
695.4	259.4
701.5	260.2
698.5	257.45
699.6	259.4
764.75	485.8
0	0
0	0
0	0
0	0
0	0
0	0
617.05	198.5
621.15	188.85
628	209.5
629.35	214.45
624.9	236.3
624.05	249.2
625.05	236.6
625.4	248.65
623.65	249.75
622	258.45
626.7	248.25
619.8	268.45
614.8	270.65
621.55	271.95
611.2	282.65
615.25	279.45
623.3	286.5
623.6	294.1
618.2	289.3
627.85	281.8
631.65	302.95
630.75	284.75
629.7	303.55
633.45	298.7
628.8	312.25
556	345.25
545.25	356.35
541.7	349.1
550.3	355.75
548.95	360.35
548.35	360.5
552.3	363.65
549.1	365
556.45	353.5
561.25	363.65
556.5	372.5
554.35	365.55
560.25	369.05
557.4	377.05
556.95	369.25
560.05	373.3
558.45	388.9
559.4	376.7
565.8	382.8
562.75	387.15
570.05	376.95
566.3	385.7
567.65	372.9
569.25	383.75
567.65	390.75
570.7	386
574.15	388.45
570.35	388.7
576.1	399.7
574.25	391.3
573.9	399.7
578.05	407.15
584.35	410.1
586.5	410.9
585.6	415.3
587.8	417
591.85	416.55
592.8	423.1
599.25	384.85
0	0
0	0
0	0
0	0
0	0
0	0
610.9	367.9
609.15	385.8
608.35	388.2
603	405.55
607	411.3
608.8	419
614.7	425.5
616.75	427.35
618.9	433.4
620.3	449.1
619.75	470.7
626.4	476.3
628.75	472.85
632.35	480.1
631.1	486.7
631.55	496.75
635.55	504.25
538.7	492.35
514.85	479.85
519.9	495.15
520.9	506.6
525.25	511.05
528	512.65
530.8	524.6
533.4	532.55
538.45	539
538.85	547.95
537.8	565.7
485.8	490
462.25	353.85
473.9	396.1
482.8	423.7
484.65	423.55
487.75	428.45
497.1	431.75
497.1	440.9
508.15	436.5
515.45	435.75
519.9	437.85
528.65	444.8
536.25	443.9
537.25	447.55
543.4	452.6
549	451.9
551.55	462.6
558.5	467.2
564.9	470.25
564.8	476.35
572.3	478.85
577.45	488.85
470.25	474.25
488.55	484.95
485.85	488.95
491.6	489.15
499	502.75
503	507.1
507.7	514.35
516.05	513
519.05	515.2
524.35	520.75
526.7	532.55
532.6	539.1
536.55	547.1
542.4	540.9
551.65	538
555.35	547.7
559.05	569.3
563.95	570.45
567.05	569.15
579	571.05
421.5	466.35
347.45	346.5
359.75	368.25
371.1	392.25
375.75	402.35
384.1	402.05
386.2	410.05
392.15	413
397	415.35
407.05	422.55
411.7	426.7
417.95	437.85
513.5	482.9
608.5	533.55
610	552.75
620.35	551.55
622.2	562.3
629.8	569.7
634.25	573.05
634.95	540.75
0	0
0	0
0	0
0	0
0	0
0	0
0	0
0	0
0	0
432.7	268.7
438.1	283.35
439.55	291.6
439.45	301.55
442.5	302.25
446.3	297.7
447.6	303.25
451.6	304.55
453.65	305.2
455.45	300.7
456.35	307.7
461.7	309.6
463.9	309.3
466.55	310.25
471.8	309.2
478.6	316
481.6	318.5
484.4	326.85
490.8	320.35
490.65	328.45
495.25	322.6
494.35	323.9
498.35	325.05
499.4	329.45
503.2	328.65
434.8	303
447.15	307.9
448.1	303.75
449.1	300.7
452.65	303.25
457.7	305.55
458.6	319.5
459.9	318.9
466.15	308.65
465.7	310.05
470.85	312.3
473.5	316.7
475.5	316.15
476.2	316.55
480.25	322.95
483.55	319.9
487.1	322.25
492.25	325.65
497.9	320.35
501.7	326.15
502.6	327.45
506	328.3
511.65	333.85
512.95	339.55
517	343.7
521.85	348.45
528.4	360.3
533.5	353.5
532.7	344.85
532.65	352.8
534.05	356.8
535.1	362.65
538.6	362.8
512.95	363.05
510.3	368.3
514.7	363.35
518.35	362.05
520.75	365.9
522.25	378.7
528.45	385.6
527.2	400.65
529.05	405.15
532.85	404.55
535.4	406.95
537.6	409.8
538.1	408.45
541.55	406.8
541.9	402.15
546.35	403.65
546.2	410.6
546.75	416.25
547.7	421.7
550.85	421.9
553.95	429.05
559.25	418.9
560.95	416.25
561.7	414.6
561.65	424.9
563	428.7
565.2	428.9
564.45	427.55
566.45	430.2
550.15	428.3
544.45	431
550.25	434.65
552.85	431.1
554.25	430.9
556	436.25
552.05	434.5
554.5	438.95
562.75	428.65
564.5	426
566.85	418.75
571.35	419.15
571.8	431.95
576.3	426.85
580.25	424
585	424.2
586.2	423.2
591.55	433.9
594.3	442.7
596.35	439.45
599.65	440.6
604.35	441
609.25	452
615.35	455.4
618.4	465.35
625.7	473.7
631.25	470.25
637.65	471.7
644.7	467.3
625.75	489.4
632	497.8
633.55	502.55
635.05	503.8
636.65	508.75
645.8	504.1
646.3	510.7
659.6	516.5
671.85	528.65
675	529.9
676.85	531.45
679.15	522.1
613.55	504.1
620.85	502.9
620	503.6
619.3	502.8
620.95	507.5
620.2	507.45
620.15	509.1
597.6	515.9
600.05	518.45
600.45	520.75
598.15	523.4
596.4	524.4
598.7	523.3
600.15	521.8
599.75	524.55
601.9	527.7
601.7	525.7
604.5	523.15
604.85	524.5
604.55	524.75
604.15	527.85
601.45	531.05
601.95	527.9
602.2	525
601.55	529.15
601.85	525.15
605.9	524.8
605.9	533.9
634.6	472.6
0	0
0	0
0	0
0	0
0	0
0	0
560.35	459.05
556.35	463.35
552.15	477.2
546.9	485.25
543.85	474.15
542.5	470.25
548.3	465.7
544.9	474.3
549.65	479.65
554.6	492.85
554.65	497.1
558.6	502.2
587.2	499.4
588.9	507.1
590.4	495.7
592	497.5
593.9	495.75
591.55	504.6
596.1	508.55
598.1	508.25
599.35	507.3
600.3	510.8
603.8	507.85
608.4	504.2
612.45	499.2
613.15	506.55
617.9	505.1
780.1	310.9
821.9	258.7
819.9	267.35
816.6	274
818.25	274.5
870.35	647.4
0	0
0	0
0	0
0	0
0	0
701.1	392.9
689.1	391.7
697.05	403.85
701.9	403.9
708.2	408.6
703.75	414.85
709.35	417.75
714.25	418.05
712.25	426.25
710.55	432.7
712.9	436.6
719.15	433.8
723.05	437.4
723.25	438.85
726.55	445.7
725.35	453.6
719	462.15
725.2	464.2
244.65	391.25
219.65	428.45
234.2	449.05
241.45	449.95
257.6	454.5
270.8	466.45
280.35	471.4
287.85	476.95
298.5	478.85
311.45	471.75
316.85	471.45
328.65	477.35
335.55	477.55
344.95	485.9
352.8	480.35
359.65	495.5
367.25	493.05
372.4	487.35
375.85	485.2
383.2	485.5
386.25	490.95
389.4	486.9
329.7	492.05
342.1	487.8
346.55	483.8
347.85	489.1
347	485.55
347.9	481.5
349.65	484.55
353.4	480.5
354.05	481.5
355.85	479.95
355.2	479.4
355.45	483.2
359.4	483.6
358.2	484.65
353.45	456.35
351.5	390.15
350.95	385.45
352.75	387.35
356.7	382.25
358.6	391.45
359.85	392.1
356.65	385.2
355.6	394.95
358.2	395.6
359.45	395.2
361.1	394
363.7	398.65
372.85	360.4
0	0
0	0
0	0
0	0
0	0
0	0
0	0
0	0
380.55	376.75
380.95	371.55
377.35	376.75
376.4	376
376.45	375.8
377.1	371.85
376.55	374.8
748.9	484.6
783.05	491.65
776.3	504.3
775.8	513.8
776.85	510.6
780.85	503.85
780.6	505.4
792	516.65
798.1	526.55
799.05	529.05
799.35	529.75
803.75	526.75
802.2	529.85
804.2	524.75
803.75	527.65
802.4	533.1
806	530.8
802.95	532.1
801.9	535.65
798.65	535.65
800.25	537.5
758.25	554.8
404.55	458.1
420.4	483.8
417.35	488.85
412.7	492.2
414.45	491.45
414.45	498
415.5	497.05
415.65	495.8
416.8	493.45
416.4	491.4
419.15	496.1
419.4	495.1
418.2	495.65
415.95	499.45
414.25	494.5
417.15	494.65
416.9	500.2
420.25	499
417.7	496.5
420.4	500.7
421.05	497.05
422.3	488.5
421.25	485.95
417.25	489.25
419.9	486.15
421.5	485.95
420.55	493.65
415.5	488.75
420.25	481.25
807.25	517.65
793.05	526.95
794.95	529.2
791.5	536.8
783.45	545.65
783.8	546.65
786.4	544.45
786.15	543.15
790.05	541.85
792.4	538.65
771.9	519.05
778.25	527.35
776.35	527.45
772.55	529.8
774.6	527.25
772.85	527.3
774.75	519.95
773.5	520.5
774.05	524.55
777.85	520.8
778.05	523.35
774.05	527.15
775.35	525.3
779.1	524.5
778.5	525.3
776.75	526.15
772.65	528.7
774.2	531.4
767.95	531.6
767.1	524
774.45	513.75
771.6	512.9
764.75	516.15
768.1	511.85
773.7	504.9
769.8	506.4
709.05	441.4
711.85	434.9
708.8	439
713.95	439.3
714.35	426.6
710	440.4
710.8	439.05
712.4	437.75
714.8	435.2
712.05	438.95
714.75	440.7
715.25	435.2
718.55	429.85
0	0
0	0
0	0
0	0
0	0
0	0
0	0
0	0
744.5	407.4
741.4	399.2
741.65	402.7
738.65	413.4
738.45	407.25
736.35	409.3
736.05	423.9
739.55	424.55
739.95	423.85
738.85	418.7
744.85	421.2
745.9	420.2
743.3	421.7
742.05	424.45
746.25	422.85
747.05	418.65
745.2	423.55
744.15	415.75
745.05	418.45
744.9	420.95
743.3	419.1
742.3	425.15
706.4	422.3
607.4	369.75
604.55	373.8
605.15	379.85
606.85	386.25
608.45	389
602	387.85
605.3	383.7
604.85	384.35
607.45	390.1
609.55	386.25
483.45	342.6
496.2	348.45
499.15	347.75
500.6	352.75
497.45	344.05
498	345.55
500.15	343.15
502.9	342.45
503.85	345.95
504.7	347.7
505.15	348.85
506.6	349.75
509.8	345.75
508.85	350.9
510.45	351.3
512.7	345.2
514.6	349.7
513.75	350.65
514.4	348.35
514.35	349.7
510.65	352.55
507	348.55
506.3	340.95
506.8	346.5
508	350
507.65	345.8
509.8	344.7
513.7	352.75
503.2	356.9
448.75	458.9
443.55	464.8
443.35	464.9
446.55	461.15
447.95	464.7
448.8	468
448.95	464.5
446.4	467.2
449.4	461.45
450.75	460.65
449.1	463.15
452.6	465.3
454.05	465.65
821.65	521.55
804.15	524.7
804.65	520.1
802.75	522.35
843.85	462.7
0	0
0	0
0	0
0	0
0	0
0	0
889	389.25
888.7	415.6
883.05	437.45
874.95	440.7
869.45	449.4
861.6	456.5
856.4	454.6
862	443.2
859.65	448.1
860.2	449.65
855.95	454.95
792.95	625.45
797.7	603.2
794.5	607.65
793.05	614.65
795.75	611.9
797.5	607.8
798.75	606.35
794.3	613.55
791.65	610.9
876.95	649.2
907.1	676.35
905.65	680.75
903.75	684.25
906.9	684.2
907.05	681.8
905.95	684.2
904.7	685
907.25	682.45
932.5	639.1
0	0
0	0
0	0
0	0
0	0
0	0
0	0
953.9	546.7
966.5	527.55
968.3	538.55
966.6	548.35
967.5	569.9
966.35	576.5
866.3	600.5
877.75	604.15
883.8	602.85
884.7	603.25
884.45	605.8
822.9	597.55
499.2	455.8
504.75	452.95
500.65	444.15
502.35	442
507.4	438.35
505.65	437.6
506.15	456.45
512.8	474.2
261.8	451.5
141.15	462.95
128.9	468.7
132.35	487.25
131.5	485.8
131.4	484.9
66.35	508.6
55.7	518.4
59.6	524.65
60.9	530.3
61.05	528.2
63.4	525.85
66.55	523.45
68.55	529.6
69.9	534.4
73.05	528.4
76.35	527.65
78.1	526.35
82.5	526.25
83.15	528.45
81.65	528.1
62.9	520.35
65.25	515.7
67.6	516.75
68.5	520.55
69.35	519.45
73.5	518.25
347.9	454.6
448.1	428
459.45	432
464.55	442.05
471.55	441.95
479.7	449.15
483.65	457
484.2	461
493.25	448.25
491.4	456.45
499.3	458.4
502.2	462.1
508.4	467.55
513.3	466.65
514.95	468.95
509.95	465.6
512.15	470.35
512.9	471.7
510.2	469.9
496.95	465.3
268.05	510.1
274.25	528.1
280.2	536.45
279.6	526.2
281.3	516.35
283.9	517.85
282.1	512.3
283.15	504.05
285.8	500.1
288.5	502.6
289.6	496.6
291.9	499.7
295.7	506.1
297.7	508.95
301.5	503.85
303.55	504.7
300.85	497.15
301.7	500
305.5	498.4
309.35	500.9
270.05	511.4
237.35	491.9
241.4	503.05
245.75	504.35
247.5	504.6
249.6	505.7
248.3	504.2
249.4	500.85
186.65	534
191.3	536.1
193.95	541.4
195.7	535.65
197.45	540.75
199.55	538.5
202.2	540.5
203.85	538.1
206	536.2
208.65	534.85
210.35	529.7
214.15	531.6
212.6	530.95
215.25	531.4
217	533
219.55	530
225.35	528.35
225.45	523.35
227.95	519.9
233.45	517.15
0	0
0	0
0	0
0	0
0	0
0	0
284.4	529.3
282.45	513.55
281.55	496.45
280.85	502.8
282.5	498.8
285.15	491.15
284.3	487
286.7	488.55
289.85	496.7
294.85	491.05
295.3	492.4
294.95	492.45
292.15	490.8
293.3	490
624.6	465.6
618.35	481.1
619.35	490.1
622.5	496.65
624.25	497
624.8	497.6
623.95	496.15
627.35	483.4
627.15	479
626.55	485.4
628.55	493.7
630.2	487.85
628.75	490.25
626.85	490.3
506.95	491
518.85	493.95
520.8	494.85
523	505
524.4	507.7
393.9	483.9
390.25	486.45
391.3	495.35
390.9	494.45
391.25	491.45
393.3	489.7
394.5	483.05
398.05	476.1
396.7	478.9
363.1	483.95
340.4	511.85
337.05	516.7
338.9	522.65
341.65	518.95
343.05	509.4
345.8	507.35
349.4	503.45
349.4	506.8
350.15	511.7
357.8	506.2
358.45	513.5
360.85	507
362.35	514.95
365.35	510.4
366.05	515.5
365.85	510.15
367.7	508.6
370.55	512.15
369.4	507.7
370.55	510.35
372.6	510.9
375.2	506.85
375.5	509.65
378.15	509.55
376.7	510.45
862.7	518.65
897.15	551.6
895.5	546.45
904.1	543.2
905.4	547.8
905.7	546.6
903.65	552.95
906.1	548.85
907.4	545.45
936.9	562.1
1059.4	609.35
1063.9	618.05
1069.1	609.75
1063	619.45
1067.65	614.35
853	513.55
736.75	431.35
728.65	437.25
725.2	445.2
723.75	446.3
724.35	448
727.6	448.4
730.4	451.85
730.45	450
735.1	446.75
737	443.05
738.1	452.95
813.5	417.05
840.45	397.55
841.6	409.2
844.6	412.15
845.6	410.6
843.45	407.2
849.8	401.5
844.6	407.8
848.75	399.1
849.65	398.45
845.8	407.35
844.85	407.9
847.75	400.3
846.35	397.5
846.45	396.4
847	399.3
847.35	399.55
850	398.55
426.25	494.85
416.75	520.25
411.95	528.25
410.6	529.8
412.55	527
310.55	574.45
332.8	565.2
333.6	567.7
331.25	567.5
330.95	562.2
330.45	573.5
331.95	570.25
335.2	568.6
333.2	569.55
334	559.7
0	0
0	0
0	0
0	0
0	0
601.45	454.15
609	460.45
611.7	480
609.75	491.55
607.95	496
607.5	496.55
609	495.5
611.45	495.5
615.5	495.3
611.05	508.15
620.75	503.1
614.95	507.25
363.3	553
353	569.1
352.05	576.5
347.65	579.1
352.65	571.9
355.2	570.05
352.4	574.85
352.3	580.35
354.05	577.7
469	523.65
728.2	471.9
728.4	478.9
732.85	486.5
739	485.15
739	483.65
739.95	484.35
742.2	485.6
741.95	487.15
741.95	487.75
744.2	482.2
0	0
0	0
0	0
0	0
0	0
0	0
771.9	467.2
644.2	435.65
297.7	535.55
296.7	536.7
293.4	555.45
297.25	559.6
300.1	561.5
300.3	567.35
303.15	567.6
304.65	561.85
305.2	566.05
310.05	562.55
339	553.3
339.8	551.5
340.75	549.25
342.6	554.6
345.2	544.45
342.85	542.95
344.65	547.15
345.8	555.5
345.85	547.4
345.85	545.8
342.55	553.2
977.1	533.55
1149.35	545.25
1151.45	553.9
1151.45	560.7
1151.05	561.2
1146.4	565
1147.8	563.1
1150.65	551.8
1147.7	561.9
1144.8	566.65
1143.85	568.1
1142.55	565.65
1145.3	557.5
1145.8	555.35
1144.4	554.5
1144.35	558.3
1140.75	557.95
1139.15	558.4
1137.45	562.9
1138.45	609.9
0	0
0	0
0	0
0	0
0	0
0	0
0	0
1151.1	544.55
1142.75	526.85
1138.25	517.1
1137.05	533.65
1136.95	547.75
1139.65	540.4
1140.15	538.7
1137.3	533.4
1135	527.65
1137.6	525.3
1136.05	522.85
1136.9	524.5
988.65	525
353.05	515.55
332.55	509.75
328.95	517.55
327.7	535.5
323.25	545.8
324.15	543.95
320.8	538.6
322.2	533.6
323.4	529
322.9	529.1
323.1	529.45
325.75	526.55
325	524.9
324.05	533.35
726.5	566.75
1173.15	565
1164.4	586.1
1164.85	593.7
1164.7	592.95
1162.25	594.15
1161.45	597.4
1161.35	597.9
1161.6	602.8
1176.15	612.6
1175.9	615.4
1176.55	609.8
1174.3	614.3
1175.75	606.85
1175.25	609.55
1173.15	605.5
1174.15	600.15
1174.45	597
1175.15	592.2
1176.4	586.15
1181.4	585
1184.15	584.35
1184.05	582.95
1183.35	588.35
1185.45	584.75
1183.8	584.3
1184.65	580.55
1180.3	594.45
1175.65	590.95
1126.8	617.9
1126.45	618.6
1128.9	618.25
1125.3	611.05
1126.9	607.4
1125.55	605.8
1123.5	608.65
1126.2	600.35
1122.1	604.35
1119.15	604.2
1161.5	590.6
1169	586.9
1169.1	587.7
1171.95	582.85
1171.75	587.35
1168.55	590.45
1165.9	591.95
1164.4	578.75
0	0
0	0
0	0
0	0
0	0
0	0
1192.45	582.05
1173.75	566.25
1171	556.1
1168.5	554
1173.2	558.5
1146	587.6
1141.95	591.7
1143.6	594.1
1141.6	588.25
1138	585.7
1137.8	585.1
1135.35	585.65
1139.05	579.65
1091.5	591.2
1089.15	590.1
1089.75	588.45
1092.1	589.9
1086.55	592.6
1088.85	592.9
1082.1	596
1090.3	591.1
1086.15	592.25
1082.65	592.65
740.05	572.2
332.95	537.7
347.8	543.75
349.05	537.5
345.5	541.7
342.35	556.2
341.05	551.3
478.6	593.7
961.45	645.75
1019.65	666
1009.3	679.6
1013.35	676.8
1012.65	678.9
1015.85	678.5
1014.25	679
1015.55	674.05
1020.7	665.65
1015	669.05
1015.45	666.1
1016.95	657.9
1068.4	628.7
1073.1	631.75
1071.95	629.6
1069.35	630.8
1071.15	627.4
1072.25	625.15
1070.95	624.5
1071.65	620.6
1070.1	618.7
1067.35	620
1065.75	618.6
1074.05	612.35
1078.9	609.35
1077.75	607.7
1070.95	610.2
1071.65	610.05
1060.55	606.6
1065.95	597.2
916.25	560.7
922.8	563.15
920.3	567.8
915.75	567.35
0	0
0	0
0	0
0	0
0	0
784.7	562.8
780.7	587.85
783.4	587.25
787	577.25
787.8	577.3
788.4	575.05
786.5	581.6
775.1	586.75
772.55	590.4
776.25	594.25
779.45	596.55
774.9	598.05
358	526.1
377.95	530.5
378.3	529.45
377.4	522.1
375.5	514.05
375.5	514.45
374.65	512.85
374	515.4
353.4	523
323.65	538.5
325.2	537.15
325.6	538.3
325.95	538.65
327.9	552.3
372.8	554.8
871.05	612.15
864.9	609.55
872	609.15
876.9	608.15
880.55	607.5
881.05	605.5
880.85	604.65
880.9	608.15
876.3	609.95
874.75	609.85
876.85	603.3
872.95	600.05
873	600.4
870.95	597.9
803.85	579
802.75	580.5
804.55	581.05
806.95	575.9
808.35	575.65
805.1	573.55
809.15	568.9
820.55	563.25
823.8	560.6
841	553.4
845.65	551.65
851.1	544.1
854.4	539.25
856.95	537.2
857.9	534.95
857.75	530.55
854.7	535.65
860.75	527.45
863.65	520.65
862.8	519.8
865	519.3
865.35	515.6
866.75	510.45
868.9	506.75
869.95	500.85
874.5	499.35
871	497.2
875.05	486.35
937.4	438.35
932.3	441.1
933.1	443
937.35	442.75
940.85	441
941.75	440.55
942.65	441.75
939.1	446.4
938.4	447.7
941.75	443.95
945.35	439
941.25	438.05
955.05	487.85
961.5	490.4
966.4	491.45
966.85	494.15
966.55	487.7
966.45	486.75
965.15	488.8
959.45	480.1
957.6	473.85
957.15	468.65
954.65	469.45
954.15	470.1
949.95	468.6
773.7	463.9
798.05	467.45
798	460.45
789.3	467.05
782.95	475.2
787.3	467.85
783.35	468.55
777.75	470.35
774.5	472.85
768.65	476.5
613.3	473.25
620.55	480.8
616.8	484.75
610.75	483.55
607.35	484.8
606.25	485.1
607.85	480.9
603.5	489.85
602.4	486.7
600.6	489.2
598	483.75
597.1	482.35
598.85	483.1
597.05	478.75
598.55	475.05
511.2	458.1
530.25	464.35
528.1	462.05
526.8	461.15
524	459.85
411.85	538.35
424.5	534.3
428.05	535.35
422.55	536.85
422.45	536.75
419.7	542.45
382.7	533.2
367.1	539.05
364.3	541.7
372.55	535.15
366.95	539.65
370.25	538.3
367.1	537.1
365.05	542.8
365.8	538.9
365.75	537.5
366.2	534.35
366.6	534.35
369.6	533.3
371.2	540.2
371.65	544.95
374.45	537.9
368.1	541
344.8	539.9
347.95	539.8
352.6	538.5
354.65	539.55
350.15	541
433.35	472.2
424.25	475.45
426.25	473.4
425.35	483.1
426.8	479.25
431.35	428.2
0	0
0	0
0	0
0	0
0	0
436.9	439.8
434.85	419.3
499.2	352.15
492.2	327.8
491.5	330.15
502.8	330.2
503.6	351.65
503.75	361.25
504.05	368.05
500.85	366.65
499.4	363.75
499.5	363.75
499.2	364.4
498.55	365.2
501.85	366.15
501.55	371.4
501.05	373.6
500.8	372.3
494.55	377.45
492.15	385.95
494.25	385.3
495.1	380.55
493.55	381.1
496.05	383.75
498.65	382.3
496.3	384.65
499.9	378.5
501.1	383.15
501.3	382.5
640.3	459.1
626.85	449.6
624.5	455.55
637.8	400.6
0	0
0	0
0	0
0	0
0	0
0	0
0	0
0	0
463.6	363.05
461.9	363.85
462.45	369.75
463.6	372.4
466.2	368.45
465.3	369.9
466	370.1
465.65	358.25
465.95	360.4
467.6	361.45
425.75	398.1
356.6	611.05
354.7	619.85
352.45	624.1
353.6	622.1
356.9	626.35
356.65	622.6
355.9	622.15
356.9	621
357.8	624.8
356.9	623.55
356.25	622.85
369.35	600.45
404.75	417.65
409.9	425.2
410.2	430.55
411.15	425.85
411.2	424.4
412.15	427.5
417.5	425.8
466.4	350.45
457.75	365.35
455.55	365.4
458.05	365.2
461.3	369.65
460.6	368.7
461.7	371.6
459.9	367.1
457.65	368.75
456.4	367.55
458	367.85
456.8	371.55
458.6	372.9
457	373.2
477.65	366.45
0	0
0	0
0	0
0	0
0	0
444.8	451
441.25	441.95
322.3	621.4
323	625.65
323	641.7
319.25	646.95
319.85	644.7
320.8	641.8
322.3	645.55
322.05	642.45
319.2	647.5
322.3	636.9
323.4	635.1
323.15	636.05
325.6	635.5
342.85	488.15
343.55	502.85
339.95	500.8
340.75	501.25
343.05	499.85
342.9	491.55
321.4	521.8
323.6	531.55
323.1	540.8
324.7	533.7
326	535.05
325.3	539.15
327.7	534.6
326.05	541.5
326.15	537.4
329	540.35
329.7	540.45
330.85	539.9
328.5	541.1
0	0
0	0
0	0
0	0
0	0
0	0
482.7	349.9
481.4	344.4
473.3	329.95
485.7	342.8
488.55	369.25
481.55	370.1
478.35	366.8
483.45	372.75
483.3	371.35
481.95	371.25
477.3	370.1
904.35	374.2
933.8	389.4
931.7	398.05
938.5	397.85
937.55	398.15
939.5	402.55
945.9	397.15
950.25	390.05
951.15	392.75
797.4	495.85
800.75	488.75
800.7	489.7
798.05	492.15
795.25	498.15
800.8	487.1
801.2	485.65
796.4	493.75
797.65	494.6
728.35	452.7
0	0
0	0
0	0
0	0
0	0
637.65	320.25
634.35	321.75
634.8	323.25
633.4	327.9
630.95	339.55
631.6	339.2
631.15	340.95
630.2	350.55
460.05	337.3
467.25	345
467.9	347.8
465.8	356.15
463.55	352.6
464.2	353.35
465.75	353.75
461.75	353.45
460.65	356.95
466.55	354.55
462.05	356.95
459	358.5
461.75	357.85
463.25	359.45
463.5	361.4
458.85	357.15
460.8	360.8
460.45	358.05
459.7	357.25
459.1	361.3
456.8	359.75
447.15	363.15
431.35	376.2
431.8	371.35
433.35	373.45
433.3	374.65
433.5	377.15
435.05	377.9
435.65	375.45
434.6	378.8
437.45	380.65
437.65	379.4
437.3	384.4
437.95	389.05
438.8	389.5
437.25	388.15
364.65	468.2
378.7	534.4
376.5	535.9
377.45	536.35
377.85	535.7
377.8	539.7
375.9	540.8
372.2	541.05
372.75	537.4
341.4	541.3
341.6	541.15
340.85	538.25
342.15	539.55
338.75	539.95
337.45	543.9
423.5	479
419.45	493.95
428.45	483.6
426.05	493.2
422.65	492.8
425.4	497.5
424.35	498.4
424.45	499.7
466.5	336.95
461	353.1
460.3	365.7
461.15	367.55
460.75	365.3
461.85	374.3
459.7	368.95
457.2	367.7
460.45	373.1
461.65	369.2
461.5	365.35
463.15	368.85
483.5	490.05
480.7	476.9
483.05	475.1
481	478.2
485.75	479.9
486.7	483.35
487.05	481.85
481.7	478.7
486.3	472.45
0	0
0	0
0	0
0	0
0	0
0	0
0	0
643.85	382.25
627.65	364.3
634.35	377
635.5	383.25
636.3	393.85
634.55	391.75
640.15	388.6
641.6	390.2
638.6	385.75
641.65	385.6
705.55	405.45
748.4	462.4
752.85	465
748.15	471.25
753	476.7
753	474.4
750.3	465.6
750.9	463.5
458.15	378.35
421.55	356.5
427.15	382.4
430.35	391.35
427.55	391.3
428.05	392
431.35	399.45
394.9	358.4
397.55	366.4
398.2	368.25
396.95	372.05
397.55	372.3
397.2	379.75
396.5	374.9
397.8	379.75
396.95	374.3
395.7	379.5
395.3	380.7
395.7	382.75
393.65	377.15
392.9	368.3
392.05	361.2
389.65	354.9
382.3	358.3
321.05	490.55
322.4	500.45
321.65	511.35
319.75	513.8
320.25	501.15
320.1	498.85
323	498.05
320.2	497.1
325.1	504.35
326.15	509.15
327.3	519
323.35	503.4
324.2	506.2
320.95	501.9
344.9	480
346.1	499.4
346.1	500.2
346.5	499.6
345.2	500.35
348.1	492.1
344.35	499.35
343.4	508.15
343.45	510.25
344.15	514.15
343.55	509.9
344.6	519.2
345	518.65
345.2	520.4
347.75	523.75
348.4	519.25
349.7	523.45
353.25	522.4
352.45	522.65
355.35	522.3
355.85	534
358.05	537.2
352.95	523.6
361.35	517.35
0	0
0	0
0	0
0	0
0	0
0	0
364.2	477.4
367.3	516.15
359.1	519.65
351.85	509.2
350.3	501.8
344	505
343.8	507.35
341.65	513.8
346.45	521.65
345.7	517.9
349.25	514.2
353.15	511.15
354.9	521.05
350.95	514
353.1	519.55
352.8	514.65
353.4	521
352.4	515.95
352.8	515.75
354	507.85
353.05	504.7
356.95	501.45
312.45	525.8
327.05	521.6
325.25	522.8
324.5	525.2
326.15	530.25
330.3	531.7
328.75	532
327.6	525.25
330.05	529.1
327.45	531.4
326.1	519.5
327.5	524.6
329.45	525.5
327.35	525.45
326.05	519.75
325.05	520.3
326.45	520
326.2	520.4
324.75	520.2
327.4	521.2
325.95	519.75
326.35	518.8
326.25	516.6
330.1	511.25
331.15	520
327.6	516.75
0	0
0	0
0	0
0	0
0	0
0	0
0	0
0	0
0	0
338.8	481.15
339.3	508.6
337.45	524.5
338.55	524.9
334.75	519.1
338	512.35
336.2	517.2
335.75	519.45
334.8	523.65
337.45	523.3
337.3	520.9
336.75	523.3
337.15	521.6
305.2	521.3
303.3	519.9
301.65	520.05
301.7	519.5
301.35	521.7
299.55	519.6
299.95	518.05
298.35	526.35
300	523.65
300.85	518.35
300.7	517.9
301.45	515.7
302.05	518.6
302.7	522.5
303.25	522.25
302.9	520.95
303	524.35
303.3	522.5
303.65	519.35
304.7	517.2
306.25	517.3
307.1	517.05
313.1	514.1
391.7	411.35
389.25	400
390.5	396.3
397	398.25
394.3	390.8
393.05	368.15
397.7	320.05
404.6	352.5
406.5	368.65
405.6	377.45
406.15	373.35
407.35	372.85
405.95	377.7
406	375.45
407.1	376.05
410.15	376.5
409.4	375.4
413.55	370.95
416.35	343.25
417	367
416.2	369
417.15	370.3
416.3	378.25
418.05	379.8
420	375.75
417.9	380.1
420.45	372.9
419.7	378.95
423.5	378.1
423.95	381.95
541	440.4
600.1	469.55
602	476.45
606.45	479.7
609.25	485
608.85	480.2
609.65	479.25
609.75	479.35
461.5	430.7
467.25	429.35
463.05	436.25
464	436.2
465.55	435.75
466.5	431.65
466.8	438.1
467.15	443.25
468.9	439.9
469.95	439.1
480.8	426
512.95	284.1
521.55	274
522.6	280.15
522.4	280.35
519.85	273.7
520.9	270.35
519.25	278.55
521.55	276.3
526.55	265.7
529.85	262.65
529.15	269.5
310	489.45
281.35	608.6
284.35	617
285.85	618.45
288.35	627.2
290.7	624.05
293	630.25
299.6	635.85
302.1	631.05
331.65	608.4
482.95	374.95
490	398.55
496.15	399.9
500.05	398.15
500.15	401.6
505.35	410.65
506.35	404.95
503.7	406.6
505.15	408.8
503.5	412.2
505.55	412.05
506.95	408.6
505.4	411.65
502.4	414.35
503.1	411.55
501.05	415.1
499.7	411.8
499.8	418
504.4	408.8
0	0
0	0
0	0
0	0
0	0
495.9	193.7
496.7	190.45
503.3	204.35
510.3	222.95
508.85	227.8
507.2	230.7
509.9	238.55
507.4	240.5
504.65	242.5
505.35	246.65
501.1	246
501	246.9
499.3	254.45
499.65	262.7
497.4	263.2
413.75	326.75
345.8	503.85
344.25	506.55
344.7	511.7
343.15	512.4
334.4	519.15
338.15	517.2
339.05	513.4
339.8	512.15
341.05	507.4
345.7	506.1
350.95	492.5
353.85	491.85
359	485.1
364.3	474.55
433.7	500.4
595.4	524.4
604.75	522.55
604.85	522.35
606.65	518.5
607	517.55
609.55	512.1
682.75	403.4
710.9	331.35
713.05	333.8
715.7	331.45
714.75	332.15
714.5	332.55
719.9	330.5
717.35	332.5
718.25	329.55
721.4	327.15
632.5	409.8
646.2	411.6
648.65	407.2
643.15	405.3
646.15	411.9
645.05	410
644.5	410.8
645.95	416.65
645.2	411.1
644.85	414.25
642.75	406.75
655.45	365.55
0	0
0	0
0	0
0	0
0	0
606.2	313
607.75	322.85
605.65	311.65
611.7	317.5
613.8	334.3
616.05	336.5
617.05	341.3
615.9	340.8
611.75	347.8
611.35	345.3
612.35	349.8
613.05	346.8
612.95	351.65
613.05	352.9
613.25	352.65
609.95	440.8
607.15	430.75
609.2	427.1
602.75	434.55
602.5	433.8
603.8	439.95
602.3	443.1
603.35	443.85
603.35	446.05
600.7	447.45
604.6	443.45
602.8	443.3
603.45	445.25
607.05	447.3
602.6	445.55
603.75	451.2
608.2	446.8
573.4	546.75
583.6	554.45
581.6	554.95
584.95	555.2
584.35	554.25
585.75	559.3
586.4	560
584.7	559.45
584.55	555.3
590.8	554.35
592.85	549.25
565.55	586
564.6	585.6
565.3	586.2
561.8	585.65
566	580.6
566.2	589.45
559.9	589.75
563.1	589.25
568.6	582.75
566.5	579.1
567.8	579.15
569.8	578.2
570.25	576.8
569.8	571.55
0	0
0	0
0	0
0	0
0	0
572.65	425.75
574.7	415.65
577.45	408.05
577.65	419.7
578.7	431.2
580.8	439.35
580.1	445
583.95	449.5
583.35	453.3
582.05	463.75
586	409.95
586.35	428.45
587.3	431.55
587	426
585.05	427.4
586.05	424.05
584.9	426.8
586.45	427.95
585.95	426.7
586.95	424.9
586.7	430.1
589.6	435.6
586.4	439.95
586.05	441
585.7	440.1
586.25	440.45
588.2	257.15
582.65	271.35
581.1	272.9
578.85	277.45
579.1	278.4
584.3	278.65
585.9	282.35
585.6	284.65
587.5	282.75
588.25	277.95
589	281.15
588.95	286.5
592.6	285.25
588.35	294.2
585.25	293.25
587.95	288.75
584.05	293.95
583.3	300.65
584.8	299.5
585.2	248.15
0	0
0	0
0	0
0	0
0	0
0	0
0	0
0	0
571.8	322.2
570.65	279.75
572.45	258.8
568.5	284.65
572.45	302.45
575.35	295.6
572.55	301.15
573.75	295.9
577.75	304.15
583.9	314.1
586.45	323.45
584.55	331.15
588.35	334.05
588.85	341.4
583.55	344.05
584.1	347.4
637.05	191.9
632.15	213.45
635.85	236.65
634.7	248.55
632.9	258.55
632.65	268.7
629.05	274
626.4	281.2
623.25	278.1
618.45	276.95
618.95	372.95
607.65	410.7
602.9	419.75
599.45	427.2
595.3	424.2
590.1	430.55
589.25	433.8
585.55	432.45
581.5	433.4
579.15	434.4
581.25	470.6
576.25	473.75
576.5	474
573.45	474.35
570.8	478.1
570.55	482.75
565.85	483.7
566.25	482.95
559.05	487.4
557.5	484.3
553.7	486.3
556.8	478.05
552	468.9
551.2	472.95
551.65	478.4
553.5	478.35
550.85	481.7
551.35	482.4
552.5	478
552.85	482.75
551.1	479.7
548.55	478.2
547.9	479.85
546.65	477.1
545.6	479.75
504.95	478.35
501.35	484.5
503.35	489.85
501.4	491.65
503.2	491.05
514.15	434.9
0	0
0	0
0	0
0	0
0	0
0	0
0	0
0	0
511.55	408
508.85	418.45
504.15	427.55
504.4	420.35
510.2	440.35
512.35	450
512.55	464.3
510.25	475.1
511.2	480.05
513.95	476.35
517.2	479.35
520.2	433.8
518.75	309.65
519	322.2
516.65	325.25
519.9	328.2
518.45	333.55
515.95	338.75
519.4	342.6
521.65	343.15
525.3	351.95
522.95	354.25
529.5	352.5
527.45	360.15
528.15	359.9
532.05	355.2
532.2	356.75
532.7	364.6
534	362.7
533.65	366.6
534.65	368.05
525.25	324.5
530	326.65
528.15	330.55
526.7	330
528.15	328.5
528.3	325.95
527.9	326.5
525.3	327.4
526.75	328.3
528.8	324.2
528.8	327.1
528.3	325.2
526.75	326
529.15	326.25
530.75	324.75
533.75	320.85
583.55	330.1
697.7	435.35
698.25	430.6
697.25	437.7
695.35	441
696.5	437.95
696.7	433.85
696.65	431.85
699.65	419.8
701.3	419.9
698.65	419.95
698.4	418.65
698	415.45
696.35	417.55
698.65	416.65
553.9	306.35
558.4	316.2
559.7	311.1
557.9	310.15
559.65	307.1
558.55	309.4
558.3	308.5
558.8	301.7
557.15	301.5
555.9	296.9
557.1	292.6
558.5	291.15
464.4	382.75
374.95	672.95
382	649.85
381.65	652.85
380.35	655.7
382.3	656.3
385.5	645.8
391.1	639.65
396	631.15
398.15	635.8
395.55	639.7
397.2	628.9
399.5	627
403.9	627.25
406.4	619.75
406.2	620.5
409	620.95
409.6	617.8
412.4	611.35
410.5	610.9
0	0
0	0
0	0
0	0
0	0
0	0
0	0
685.65	407.85
676.95	395.1
684	429.2
683.85	436.3
678.5	438.6
680.85	446.8
678.55	455.2
683.2	458.45
679.15	466.9
672.1	472
670.2	473.1
667.55	473.1
665.45	475.85
664.85	472
666.45	470.55
917.8	550.85
941.9	568.55
940.65	574.2
942.65	574.7
940.25	579.25
937.25	583.35
937.6	586.75
702.7	489.4
718.55	448.15
716.15	448
714.3	445.4
713.9	439.45
711.7	434.55
715.3	431.85
714.95	427.65
713.35	419.95
709.7	416.8
710.15	412.6
710.15	406.3
707.45	402.9
698.2	411.3
486.35	399.85
473.85	411.9
473.7	412.4
473.8	412.75
472.6	412.95
472.95	414.15
474.5	419
475.15	418.55
472.4	420.05
471.8	419.4
468.7	428.05
465.55	425.1
465.35	430.3
467.95	428.9
462.3	427.15
462.7	431.6
459.3	430.75
463.7	425
463.45	425.05
461.45	428.65
461.95	419.15
462.85	418.45
463.9	423.5
465.7	415.05
464.5	419.65
466.6	412.25
468.15	405
465.15	397.6
463.65	386.55
463.7	385.85
465.65	386.4
464.65	386.05
468.15	387.3
469.6	380.1
475.6	383.5
482.2	351.15
0	0
0	0
0	0
0	0
0	0
643.85	249.85
642.05	277.9
647	292.4
650.05	288.4
658.3	288.45
658.2	299.1
656.65	300.9
657.25	304.8
592.4	347.85
573.7	395.3
569.45	404.95
566.3	405.35
566.35	411.75
567.85	413.2
565.3	411.3
562.8	415.95
504.65	608.05
507.45	586.2
505	584
510.85	583.2
510.3	578.9
514.15	571.85
508.25	571.65
512.8	571.2
517.7	570.9
519.9	568.2
523.75	571.2
529.9	570.6
535.25	569.5
539.85	566.4
641.55	313.05
630.75	193.5
637.55	224.85
646.95	239.9
658.4	241.1
666.05	239.1
671.3	240.35
679.4	243.25
682.5	250.55
685.9	262.3
691.75	270.25
692	273.95
693.15	271.55
693.4	283.95
693.45	283.05
618.55	409.7
617.95	408.05
616.3	405.65
616	403.15
618	395.95
620.65	382.4
629.95	378.9
631.95	379.15
638.9	373.8
638.9	372.15
640	363.25
639.4	351.25
638.95	343.75
633.15	335.2
630.2	328.35
628.6	325.95
628.2	323.8
628.25	330.85
623.5	326.5
620.85	328.85
615.05	325.7
614.3	319.1
615	315.65
617.6	294.15
0	0
0	0
0	0
0	0
0	0
0	0
557.55	346.5
558.4	348.7
559.3	336.8
560.65	335.65
565.55	358.15
572.75	356.45
570.15	362.4
572.9	361.8
573	369.25
574.85	370.45
576.1	362.95
625	395.4
882.45	618.2
881.5	600.95
879.9	598.95
882.4	594.65
884.7	591.6
889.05	582.05
886.3	577.35
886.1	571.75
885.2	564.55
885.1	557.35
1005.1	395.45
991.95	419.15
988.85	423.8
991.95	420.4
991.6	419.75
989.95	415.1
987.5	415.5
985.3	405.7
977.2	408.55
945.3	533.9
937.9	513.8
933.75	510.5
930.55	510.2
936	507.15
932.05	507
933.1	501.95
927.15	506.15
926.25	506.15
928.05	502.8
912.85	518.95
907.5	521.5
897.6	522.15
892.25	519.65
892.7	514.75
891.15	518.65
888.1	513.85
882.9	509.45
877.05	514.1
880.75	509.05
870.9	514.3
865.15	511.75
861.35	513.9
863.05	513.05
863.65	505.95
858.7	509.2
856.8	507.95
851.95	513.4
850.55	512.3
851.45	501.4
0	0
0	0
0	0
0	0
0	0
812.3	472.5
802.9	433.7
793.1	439.55
793.75	435.45
794.3	448.8
796.15	452.55
799.75	453.1
798.8	460.55
800.6	464.35
797.8	465.25
751.5	504.75
750.3	514.5
753	510.75
747.95	515.9
750.05	517.5
753.75	512.65
857.15	538.35
846.35	536.35
848.05	540.4
848.15	545.85
849.9	547.2
856.45	542.85
850.45	555.45
854.65	548.55
854.2	546.8
855.4	526.8
0	0
0	0
0	0
0	0
0	0
0	0
0	0
822.3	508.65
670.05	486
465.1	466.7
457.6	472.4
446.7	464.45
445.9	461.95
447.65	482.2
448.5	488.25
448.15	492.1
445.75	495.4
448.2	486.8
448.7	484.15
449.1	482.15
450.25	474.95
450	470.4
449.75	466.75
449.65	461.45
440.95	454.4
438.75	448.9
435.8	437.25
419.85	421.35
412.15	413.15
403.35	404.05
397.7	386.5
391.8	388.2
384.6	380.8
382.55	374.05
377.65	364.2
368.2	350.15
360.15	335.85
353.7	329.9
348.25	320.4
340.45	314.2
335.1	306.95
325.35	303.2
320.65	301.3
540.6	349.2
506.5	348.3
506.35	345.25
504.05	342.45
501.65	334.65
501.3	335.6
499.4	331.35
501.65	331.75
498	328.6
500.15	328.75
498.4	330.7
499.9	328.6
502.95	332.75
503.35	340.8
502.55	344.15
505.1	343.35
743.1	413.9
947.25	482.1
964.85	480.55
962.15	482.6
962.7	485.15
961.8	492.35
959.8	487.45
952.35	481.75
941.65	477.45
1085.8	475.4
1049.2	464.7
1033	460.4
1016.3	456.3
1008.1	452.5
1000.6	451.75
989.65	440.75
979.55	425.45
964.8	417.1
957.2	410.7
950.2	408.25
942.95	398.65
936.15	394
934.95	388.6
933.2	382
930.9	380
927.05	377.1
581.25	470.35
607	445.55
601.5	440.35
595.75	437.65
591.85	432
587.35	440.85
586.45	441.25
585.45	439.3
587.3	440.35
588.2	428.7
589.8	427
590.6	422.8
593.8	421.85
593.85	423.85
596.35	422.7
597.55	420.5
600.35	408.75
601.9	399.8
602.35	393.4
603.7	390.95
603.35	380.85
599.05	374.1
594.2	367.8
526.3	372.15
545.75	363.05
543.75	356.85
543.1	352.5
545.2	351.05
131.65	440.9
55.8	462.2
61.75	471.75
68.7	481.35
75.85	478.05
75	469.3
83.65	469.45
91.15	468.75
93.25	462.8
96.8	461.7
101.85	455.05
105.35	456
112.7	453.55
120.85	450.55
124.65	447.2
119.9	445.55
75.7	486.05
81.15	494.75
85.75	491.2
92.65	493.05
95.85	493.55
99.15	487.55
105.6	486.75
111.2	486.35
115.75	485.4
119.7	478.6
126.45	476.5
60.85	416.3
75.85	402.65
79.5	406.65
85.45	404.15
87.05	404.5
93.05	406
98.1	403.55
99.65	404.2
100.9	400.35
104.3	397.7
107.75	395.65
112.6	395.35
114.9	395.2
120.2	397.9
267.7	525.35
537.7	502.8
532.95	499.2
541.6	498.2
546.5	500.9
671.35	427.4
648.7	440.2
646.6	442.05
650.55	438
657.75	437.55
661.7	435.45
658.25	429.95
656.65	421.55
654.65	408.6
268.6	354.85
270.25	336.45
277.75	315.75
292.4	303.1
296	299.6
302.25	292.6
307.9	294.55
313.1	292.6
411.45	258
398.4	263.1
401.6	262.15
403.5	258.65
403.35	261.35
0	0
0	0
0	0
0	0
0	0
0	0
384.2	212.05
384.8	215.25
391.4	212.75
394.85	201.15
399.25	196.9
400.55	195.1
405.75	193.9
411.5	196.65
479.45	219.05
484.25	214.4
483.35	216.45
487.6	223.7
489.8	232.8
491.75	236.9
497.85	233.8
500.9	231.7
500.8	229.65
505.15	229.45
506.95	224.6
507.55	230.1
682.05	296.1
688.1	285.6
691.8	283.3
697.2	283.65
698.05	284.95
698.75	287.35
700.4	286.4
697.75	285.9
697.45	289.2
700.7	285.8
666.6	294.95
644	298.1
642.45	287.05
0	0
0	0
0	0
0	0
0	0
502.15	179.25
494.25	174.2
494.95	178.15
499.35	206.45
503.25	221.95
420.65	179.7
421.9	198.1
428.85	200.5
428	203.75
427.65	201.35
427.65	204.2
427.45	206.45
427.6	209.25
425.65	207.6
425.75	208.8
426.95	212.8
428.3	208.65
429.4	209.75
428.2	212.9
428.15	211.85
430.95	212.95
430.55	218.45
433.55	228.15
601.1	349.65
586.95	334.35
591.6	342.9
597.45	337.7
600.05	342.55
592.85	337.75
592.6	335.2
0	0
0	0
0	0
0	0
0	0
0	0
0	0
0	0
544.6	340.85
542.35	318.45
531.35	348.9
532.4	348.95
532.4	345
531.9	343.9
533.9	337.2
534.5	345.45
541.5	352.1
542.7	346.95
539.85	369.95
540.7	376
539	383.85
539.4	383.6
539.65	383.1
537.15	385.15
536.75	387.4
537.8	391.75
535.95	391
536.45	391.35
537.2	392.55
541.1	394.4
545.7	394.35
536.8	395.1
425.1	453.75
427.6	455.35
427.95	458.35
431.35	457.65
430.5	457.4
349.5	458.65
357.65	456.35
360.2	460.65
360.8	463.4
355.3	458.5
498.3	466.3
489.45	466.1
488.75	459.6
490.85	461.8
491.3	466.2
488.85	461.45
487.5	414.8
0	0
0	0
0	0
0	0
0	0
0	0
0	0
0	0
614.5	367.05
617.6	356.35
613.85	334.65
615.2	337.4
615.15	334.15
612.45	353.35
610.25	357.7
612.55	364
613.7	363.2
615.4	351
609.7	354.6
622.85	354.4
615.1	336.9
622.85	372.9
0	0
0	0
0	0
0	0
0	0
0	0
0	0
0	0
0	0
0	0
630.35	389.55
623.8	361.6
629.85	382.65
635.05	384.65
630.8	395.95
0	0
0	0
0	0
0	0
0	0
0	0
0	0
0	0
0	0
0	0
532.9	341.35
527.4	313.65
527.75	290.4
533.65	304.35
532.35	311.85
527.85	304.75
522	294.95
561.7	282.45
585.85	291.1
589	303.3
590.35	312.4
593.25	319.15
595.1	316.1
592.65	321.5
592.6	327.85
589.2	332.1
591.75	333.9
593.3	345.95
597.45	342.4
596	343.25
593.35	344.6
595.05	345.3
594	346.05
595.3	347.2
598.25	344.85
602.4	337.95
598.05	339.8
513.05	601.1
521.4	569.85
526.05	566.45
532.25	574.3
526.65	575.85
526.7	573.95
526.6	573.9
530.25	570.95
527.95	574.15
525.8	573.95
533.1	566.65
534.8	564.25
538.25	560.7
579.15	318.85
570.8	311.2
572.2	323.3
571.6	333.1
574.8	330.5
575.5	327.75
576.6	324.35
578.8	332.25
575.85	329.3
580.15	326.3
577.35	329.6
577.75	330.25
578.45	327.95
578.95	331.1
614.35	318.2
605.15	327.1
602.8	326.1
579.3	319.65
491.1	312.9
482.45	259.95
0	0
0	0
0	0
0	0
0	0
0	0
512.95	255.05
512.1	210.95
510	213.7
509.45	229.85
509.35	216.35
500.95	219.95
499.9	217.85
499.4	212.2
500.15	210.7
495.25	213.3
436	218.65
437.7	215.4
437.4	212.75
436.85	215.5
436.3	219.4
439.25	224.8
436.2	223.1
554.55	279.8
558.5	331.3
561.65	337.05
561.5	337
557.05	287
0	0
0	0
0	0
0	0
0	0
0	0
559.3	412.85
562.55	339.2
566.75	318.8
565.6	306.85
563.7	307.95
564.35	266.8
553.65	252.3
551.7	262.7
547.55	262.65
547.8	273.7
555.35	280.65
557.6	298.65
557	307.1
555.3	322.2
557.1	334.8
434.45	316.05
452.1	324.3
450.3	331
449.6	329.6
449.1	336.8
453.05	331
449.1	332.95
575.2	333.25
625.5	342.35
627.9	339.05
630.35	324.7
0	0
0	0
0	0
0	0
0	0
0	0
0	0
568.45	336.2
566.5	317.4
566.65	305.3
564.75	299.3
562.35	301.5
