653.35	358.55
655.15	362.25
656.05	359.25
657.05	358.6
656.25	356.9
657.1	358
656.55	357.3
653.35	357.05
650.55	360.8
651.65	360.2
653.25	357.3
649.95	359.35
653.05	355.1
654.2	354.85
648.2	354.45
648.2	356.65
647.05	362.1
646.2	364.55
646.6	363.85
646.9	362.75
647.2	363.65
594.65	342.25
592.1	343
591	342.95
591	344.9
592.7	345.75
590.95	344.8
591.3	343.1
590.1	348.2
592	347.95
593.45	346.7
594.45	347.2
594.75	350.55
594.4	353.6
654.05	320.05
660.7	320.55
662.65	324.5
661.95	324.1
660.7	329.9
661	329.75
661.1	331
662.5	331.3
664	328.5
659.15	331.75
659.35	328
508.75	226.25
508.55	230.6
509.15	236.45
507.55	242.5
505.05	246.25
653.05	153.9
773.45	117.8
769.65	124.65
771.85	129.75
771.9	137.45
771.2	146.65
771	162.75
770.45	175.55
0	0
0	0
0	0
0	0
817.5	81.35
814.1	72.1
806.3	74.25
806.1	76.45
805.75	82.9
805.95	93.55
800.4	100.5
852.85	89.55
841.65	91.85
836.95	99.05
832.5	103.9
826.3	111.2
819.2	114.75
811.45	121.05
807.95	125.75
793.9	132.45
779.4	115.5
774.55	121.45
771.3	119.6
765.7	124.4
761.3	128.75
758.95	127
756.7	130.6
753.4	135.15
751.55	140.3
746	151.45
919.9	77.65
950.05	71.65
950.05	76.85
944.5	83.9
940.05	81.9
935.7	82.05
932.9	85.65
928.8	93.45
741.65	148.6
716.55	169.15
710.35	170.95
707.75	172.35
704.7	177.7
706.75	174.5
698.75	187.05
699.55	180.35
692.1	190.8
929.15	112.35
931.6	114.3
925.95	123.05
922.15	122.05
0	0
0	0
0	0
0	0
639.4	239.6
636.1	241.6
631.45	240.05
627.9	242.6
624.65	247.2
622.8	248.85
811.55	192.05
844.55	186.7
847	190.75
844	189.3
836.9	196
836.25	198.25
832.7	201.75
828.4	212.15
813.4	218.4
717.45	232.1
709.5	235.95
697.35	244.35
700.8	239.85
694.3	246.8
692.15	248.4
689.5	250.15
726.8	234.3
833	184.95
839.4	180.1
838.3	183.75
839.2	191.2
831.25	178.85
830.05	179.65
831.2	186.95
616.75	267.75
604.45	261.5
599.95	265.65
595.3	266.15
596.45	263.05
597	263.85
590.1	264.6
778.4	185.15
811.2	179.45
806.85	182.45
811.05	181.8
806.5	183.6
804.15	184.75
797.9	174.45
712.1	248.1
658.2	271.6
639.75	280.65
641.7	275.5
637.45	275.35
632.4	279.55
632.55	274.3
632.8	271.75
631.15	278.7
479.95	291.55
448.7	304.15
445.8	306.25
445.8	302.85
446.05	300.8
445.55	300.5
449.8	297.15
450.3	292.8
451.05	290.4
520.5	279.05
548.55	271.15
554.8	268.45
556.65	266.65
554.3	259.9
558.1	254.55
560.6	249.45
565	246.65
566.05	240.9
572.5	237.65
576.65	235.55
580.7	238
738.3	218.85
811.35	215
824.2	213.6
830.6	207.2
834.6	201.65
838.3	204.25
843.7	202.6
850.75	200.8
753	199.9
660.85	213.75
654.65	213.55
658.4	207.85
658.4	214.6
663.1	211.2
669.75	212.6
659.6	212.75
565.6	190.4
563.75	194.55
563.4	196.9
570.05	188.85
575.55	189.9
580.3	195.5
583.75	193.55
589.05	198.7
596.2	198.35
601.05	207.65
636.7	267.45
634.45	267.25
640.15	275.3
643.75	282.45
644.7	285.65
649.25	286.3
650.55	289
654.5	290.8
657.7	292.3
656.5	297.35
614.35	300.2
620.6	311.1
621.65	319
620.65	329.3
618.75	334.3
619.1	338.5
617.15	344.6
618.1	351.1
588.2	363.7
580.6	368.3
582.45	375.75
578.6	381.8
574.85	395.5
575.7	407.85
578.6	413.8
574	421.9
575.3	433.05
573.1	441.15
513.75	373.5
509.65	363.9
506.75	364.4
500.95	370.85
495.95	379.4
494.35	387.85
593.45	268.45
636.7	209.65
637.45	211.3
635.1	209.25
632.75	219
631.45	220.15
626.5	224.5
624.7	227.95
711.75	174.65
724.8	175.05
720.45	175.85
717.7	181.4
712.9	190.45
705.55	197.05
700.8	205.3
693.8	216.9
692.8	218.7
685.35	221.8
725.7	150.2
725.85	146.55
719.7	153
712	163
710.9	161.8
705.25	169.75
699.1	178.85
694.6	180.2
692.55	186.1
688.2	190.4
684.75	194.35
684.65	193.8
680.8	192.85
675.15	200.35
672.85	208.7
670.35	214.75
688.4	153.95
689.7	155.35
688.8	156.9
685.6	158.35
682.45	161.3
744.4	102.45
738.95	113.4
734.2	116.9
730.6	117.5
726.75	118.8
724	129.8
719.3	134.2
713.75	130.8
711.2	131.7
705.1	136.45
700.5	143.65
698.3	145.25
698.45	147.95
906.8	47.2
901.8	45.75
897.65	53.55
896.5	57.5
891.95	62.4
886.95	68.2
882.35	67.65
881.65	71.7
877.15	73.5
824.35	94.5
654.85	141.9
650.3	144.9
650.1	151.75
647.9	152.75
644.25	153.7
643.25	159.45
642.05	162.6
642.95	165.65
639.6	165.15
635.3	159.15
682.7	240.25
679.1	272.3
677.2	276
676.55	277.65
675.55	283.75
673.65	287.6
672.3	291.8
670.6	290.3
667.7	295.8
668.75	298.5
669.9	304.65
627.8	317.5
631.6	317.35
631.9	317.5
628.65	320.3
631.45	322.15
630.35	319.05
628.7	328.15
627.95	331.05
629.75	338.6
631.5	343.8
629.2	348.65
631.75	346.7
643.7	284.75
638.1	298.7
639.4	305.35
641.55	309.4
642.4	310.8
640.75	309
642.45	314.45
623.8	218.3
623.5	74.65
631.6	44.75
629.15	55.7
628.2	59.4
631.9	62
633.35	60.25
634.2	62
635.1	62.25
637.95	61.7
637.75	63.9
693.5	119.25
687.25	118.8
691.4	121.1
694.4	123.5
691.1	118.95
562.55	251.2
548.6	256.6
546.65	259.65
548.75	262.45
549.4	265.55
552.45	269.6
557.25	270.3
558.65	271.35
556.55	261.85
568.7	269.35
709.5	204.65
716.4	203
718.85	208.1
715.1	207.6
717.3	199.25
723.85	208.7
723.25	215.5
727.25	209.85
599.1	185.5
603.9	201.55
603.3	205.75
603.2	193.65
604.85	185.45
609.65	186.75
612.95	198.2
616	199.3
616.55	207.6
669.4	207.95
684.65	222.75
688.8	243.55
687	233.75
689.4	255.35
688.25	243.1
694.1	258.95
690.95	255.45
584	296.05
584.25	298.9
585.95	307.9
588.25	316.1
587.7	316.95
590.85	311.15
587.75	308.55
593.8	321.15
595	314.95
634.7	165.3
636.15	164.15
640.55	168.5
645.2	174.3
650.15	175.6
652.35	174.55
655.45	180.5
656.65	180.4
664.35	178.6
556.8	180.95
559.4	187.4
561.2	192.5
565.5	190.25
567.5	192.1
568.7	194.7
571.55	195.65
578.35	196.6
583.2	201.5
586.7	206.2
593.35	204.5
595.5	201.95
602.85	200.35
401.7	223.7
250.55	217
261.4	227.5
268.7	235.9
273.6	236.05
275.8	230
281.65	234.4
288.55	243.6
292.15	242.2
297.85	246.5
306.75	249.45
310.75	257.9
316.7	261.15
0	0
0	0
0	0
0	0
230.7	207.55
235.25	215.75
242.55	226.15
246.95	223.7
248.8	215.75
254.05	222.95
261.65	228.45
267.25	215.15
273.65	214.1
284.85	227.05
288.05	217.5
326.45	191.7
327	202.4
333.85	197.9
342.15	207.25
350.2	202.25
358.9	200.2
365.95	202.8
375.4	207.5
379.85	201.8
386.75	203.15
393.65	202.3
399.55	204.95
405.65	203.95
399.8	205.7
398.1	200.5
399.7	199.4
407.35	204.7
409.8	193.85
413.5	196.95
418.25	199.2
421.3	198.3
428.2	197.75
428.55	202.2
427.8	199.1
430.45	199.4
434.15	203.55
434.65	204.2
433.3	203.65
438.15	217
443.15	217.6
444.4	214.1
452.6	221.15
453.75	215.8
457.9	224.15
461.8	215.25
465.45	218.9
463.8	204.2
468.05	214.1
468.2	204.3
471.8	214.5
469.6	204.65
475.35	218.7
476.3	225.4
477.35	226.9
477.4	230.8
481.85	222.4
482.95	223.15
482.65	220
484.8	224.15
485.4	226.75
488.05	219.35
492.2	223.5
496.2	237.2
494.5	236.95
495.8	236.85
498.9	239.9
500.45	237.1
501.75	228.9
500.6	235
503.2	238.7
503.8	242.45
508.9	246.3
509.9	250.1
508.6	253.45
514.5	254.8
517.4	255.05
521.5	256.2
524.3	256.6
526.65	260.3
532.05	263.9
538.25	264.15
542.25	267.95
543.85	270
550.45	271
554.65	274.4
558.8	277.7
564.6	282.6
568.5	285.95
572.4	283.65
575.65	281.5
581.1	291.05
583.85	293.8
586.5	292.3
586.95	293.5
590.7	297.3
595.45	301.35
600.5	304.3
604.2	308.5
589.85	302.5
597.65	303.45
598.65	305.8
602.75	307.35
603.65	309.2
602.25	310.35
590.3	306.4
589.7	303.1
590.25	306.85
589.4	308.15
592.55	311.2
595.85	313.7
598.15	313.5
603.1	317.05
605.6	323.2
607.55	325.65
611	326.3
613.95	329.6
615.2	331.75
615.8	335.8
615.35	337.3
618	338
601.65	324.4
609.8	330.55
609	333.85
611.1	335.75
613.25	340.2
618.35	347.5
620.75	344.95
621.65	345.55
617.7	353.8
613.8	352.15
607.9	342.8
608.65	341.9
610.3	341.1
611.55	344.55
614.75	343.15
617	342.95
620.35	343
621.9	341.75
623.4	344.75
626.15	350.1
626.8	351.3
624.5	352.85
627.4	354.1
629.25	359.1
629.95	359.45
629.55	362
629.6	361.95
633.35	365.4
637.8	370.45
642	376.95
677.7	380.15
679.9	382.8
682.2	380.8
685.4	383.2
687.6	386.7
690.65	388.35
692.6	398.05
696.15	399.7
700.9	401.35
704.85	403.75
710.5	406.8
714.75	412.45
719.15	419.35
719.95	419.85
696.4	412.6
704.85	417.95
712.1	418.6
715.7	419.35
719.8	422.05
721.2	425.8
720.45	429.9
722.15	429.75
688.1	422.65
688.4	418.7
672.45	424.75
634.1	413.05
629.7	411.4
629.65	412.25
629.2	412.35
629.25	413.6
656.45	421
662.9	421.65
661.95	425.2
657.05	431.65
652.95	433.4
654	431.55
655.2	433.55
653.6	435.4
654.75	430.9
655.4	431.55
654.95	436.2
656.05	436
655.6	440.65
657.6	438.4
657.55	441.05
659.6	442.3
659.45	441.25
658.25	444.4
659.05	443.55
660.35	444.5
658.5	444.15
662.55	444
662.05	451.75
663.1	453.65
665	454.1
665.15	450.75
662	450.5
645.55	426.15
639.15	426
635.9	428.25
628.75	427.9
625.25	423.3
621.55	422.1
618.2	422.65
616.3	425.65
614.4	428.25
613.3	426
611.5	427.75
665.3	407.25
703.75	369.7
703.7	364.7
699.3	367.05
696.55	370.75
697.6	371.7
671.15	415.05
663.2	423.65
664.45	422.05
664.8	421.35
667.45	423.55
670.5	423.85
675.25	426.95
677.9	425.35
679.55	426.2
683	430.15
689.1	431.4
691.6	432.4
802.3	275.65
814.55	275.5
821.95	269.75
824.75	272.05
823.75	272.65
820.85	273.55
657	179.25
649.95	181.05
650.05	185.9
648.9	191.1
647.7	196.2
645.15	199.35
644.3	202.55
650.5	205.3
789.4	265.6
804.05	271.95
0	0
0	0
724.95	393.2
729.3	392.05
733.65	389.4
735.45	391.65
740.15	390.05
745.9	393.3
0	0
0	0
0	0
0	0
0	0
522.25	378
529.2	386.85
533	381.5
337.1	380.4
337.65	384.4
353.2	383.05
362.85	379.55
370.85	378.55
383.5	380.1
312.6	316.55
325.95	326.6
335.35	331.85
347.55	335.05
351.05	337.35
356.9	336.7
362	339.05
368.95	338.4
364.6	330.75
367.25	318.35
366.6	317.85
371.65	320.1
372.7	319.9
380	313.1
380.5	317.6
384.6	324.55
384.75	324.25
384.9	324.65
389.45	323.95
392.7	323.45
393.85	324.3
394.15	323.6
395.25	328.4
391.3	330.25
394.35	325.8
396.25	319.2
394.15	319
394.55	321.85
415.05	309.85
414.3	311.4
413.3	310.85
411.95	309.3
416.1	304.2
417.9	309.05
420.4	317.8
422.25	314.7
425.4	311.45
427.85	308.25
429.05	311.3
427.4	314.7
426.35	319.55
425.6	316.75
427.85	312.35
429.55	315.15
426.8	317.75
427.25	321.55
428.6	319.75
429.25	317.85
428.8	310.85
428.75	314.1
427.95	312.85
427.2	314.65
426.7	311.15
428.8	319.45
432	325.4
432.4	329.7
493.3	315
606.4	341.75
621.75	343.5
620.2	341.75
606.75	341.45
432.8	308
419.6	306.2
420.05	304.35
416.45	309.9
415.85	313.9
416.7	313.75
415.8	314.45
415.6	315.4
415.25	318.2
411.95	316.6
414.2	315.45
413.4	316.85
413.9	317.9
410.05	318
409.55	318.4
412.25	321.4
458.8	326.95
459.6	329.4
462	329.35
476.5	333.4
824	451.2
849.6	465.9
847.7	463.9
848.65	463.1
850.65	463.25
843.4	459.4
828.95	436.55
833	443.2
833.9	449.25
835.65	450.9
835.4	447.8
834.3	449.75
835.7	446.55
835.75	447.6
835.95	450.6
836.5	449.15
836.3	449.45
835.9	449.75
836.2	450.75
836	451.55
834.4	455.6
0	0
0	0
0	0
0	0
0	0
455.7	330.7
452.7	330.2
452.7	329.4
451.35	331.6
452	328.75
453.9	327.35
452.75	330.5
453.8	328.25
453.4	326.95
451.4	327.2
451	327.8
451.65	329.4
451.35	327.15
451.75	326.2
453.15	327.5
452.95	325.4
452.8	325.85
451.6	325.95
428	323.45
424.6	324.8
423.05	324.05
422.35	324.95
422.1	324.1
422.85	327.5
779.45	353.2
837.3	362.75
836.35	362.6
836.4	362.75
836.45	361.9
835.3	360.3
829.6	356.55
822.05	352.15
818.5	349.9
816.75	349
818.4	348
799.35	337.9
794.2	332.4
794.2	334.9
795.55	337.2
797.05	335.6
796.25	332.7
795.7	331.35
795.25	334.5
794.05	336.65
794	334.75
793.75	333.35
793.1	336
792.35	336.5
793.65	339.2
793	340.9
791.3	341.3
791.85	342.15
791.8	340.15
789.1	342.85
789	342.55
790.15	344.7
787.9	345.75
786.3	344.05
779.05	341.75
775.3	343.65
770.35	343.95
627.55	257.6
635.5	271
639.85	271.75
643.7	273.2
643.7	274.2
644.3	278.65
650	279.1
674.3	266.7
674.3	267.4
671.7	272.75
675.1	270.7
674.15	273.4
673.5	273.7
674.55	276.5
675.05	274.6
675.15	276.65
674.5	277.75
675	276.45
675.3	278.6
670.8	281.3
673.05	282.55
673.8	289.2
674.55	291.3
634.4	282.75
615.7	276
612.1	278.65
612.75	282.4
613.5	281.95
614.3	278.9
614.15	278.9
614.55	279.35
615.85	281.45
615.5	287.4
619.05	284.6
621.5	287
624.2	286.85
624.95	288.5
628.85	287.4
625.6	289.9
626.3	290.5
627.1	292.3
628.15	293.75
630.45	295.9
632.3	296.25
631.9	297.5
631.1	296.45
630.05	293.3
628.3	292.65
626.8	290.15
625.9	291.55
623.65	290.5
619.7	290.85
619.3	288.15
621.1	288.3
576.5	291.1
537.25	293.5
539.2	291.25
542.4	291.95
543.1	289.8
542.15	290.9
543.15	295.4
545.25	298.15
546.75	297.9
547.5	301.25
550.3	300
551.3	300.9
552.55	302
554.5	303.75
554.75	303.75
762.1	365.9
789.8	364.3
789.55	366.15
788.55	368.65
788.3	371.6
790.1	365.6
793.2	367.15
821.85	392
823.15	395
829.4	393.15
831.8	392.6
832.1	396.45
831.45	394
829.65	392.75
831.45	395.85
832.75	393.2
832.65	394.25
827.05	394.6
821.5	393.4
816.35	392.55
676.05	366.4
688.75	372.35
691.6	371.45
690.75	372.85
692	373.9
646.4	380.9
652.2	381.1
652.6	382.15
649.4	387.1
648.55	389.1
649.15	384.7
649.7	387.85
650.85	385.65
650.85	385.35
651.2	388.2
650.6	388.15
651.65	390.95
653.95	391.4
654.65	393.45
653.2	396.75
542.35	360.8
539.35	362.2
541.7	362.65
541.5	362.4
543.25	362.1
544.1	361.55
544.65	364.65
543.6	362.15
544.05	361.85
543.85	359.15
543.75	359.5
542.8	359.75
541.8	360.7
509.2	360.3
462.45	362.7
460.2	362.65
459.75	361.4
462.45	359.15
459.55	363
461.6	359.65
460.75	362.25
462.45	362.9
463.65	365.65
467.2	365.15
472.8	363.7
476.15	363.25
478.55	364.65
483	365.05
295.55	405.65
145.95	436.9
139.3	441
139.8	440.75
142.9	440.1
142.9	439.2
46.1	477.85
44	481.45
49.25	482.05
53.75	481.95
54.7	483.4
58.35	485.6
64.2	485.8
66.15	487.25
36.95	484.55
39.35	482.05
41.35	481.85
45.2	482.3
48.85	486
53.9	489
57.35	487.45
58.4	487.85
65.1	486.4
69.6	485.2
73.85	486
74.35	489.1
78.5	491.25
86.65	477.85
89.85	477.75
93.85	480.5
96.4	479.25
99.7	479.2
98.8	478
118.7	469.65
121.35	462.25
126.7	462.25
129.25	461.7
135.85	462.3
140.4	465.25
145.2	468
147.2	467.15
147.9	470.1
153.45	476.15
157.25	476.5
159.05	476.75
164.15	480.1
164.55	478.5
170.65	479.1
174.15	479.1
172.55	473.65
179.95	478
181.45	481.3
184.05	478.7
186.75	481.5
187.9	484.5
191.45	484.9
194.9	483.4
196.4	483.1
200	484
203.35	486.85
206.3	488.45
208.15	490.6
209.65	486.75
212.45	485.65
216.1	479.8
219.8	478.4
219.65	480
220.3	477.45
221.9	473.85
224.85	470.35
227.4	473.15
364.55	440.05
427.65	431.8
443.95	427.45
446.55	427.25
454.35	429.65
458.15	432.75
464.1	434.3
471.8	431.35
476.75	426.75
593	425.65
608.8	426.25
612.5	428.5
615.6	428.45
621.95	430.65
623.3	430.75
620.8	431.75
623.7	427.75
626.55	424.15
628.1	424.95
662.7	337.7
665.3	351.85
671.6	356.7
677.25	357.75
684.75	358.2
686.1	359
692.1	356.25
696.4	357.65
700.45	357.3
707.25	356.2
725.2	364.15
859.1	378.15
880.75	375.7
885.25	376.15
886.55	377.1
887.1	376.7
888.85	378.05
719.65	402.5
467.65	449
469.15	463.95
470.65	470.55
474.55	472.05
476.6	475.2
479.75	475.95
481.55	474.9
485.05	476.15
681.75	425.05
689.25	419.8
687.35	418.85
684.75	417.7
687.5	418.05
687.75	419.2
690.15	419.55
690.1	419.95
688.45	422.05
689.25	424
686.5	423.75
687.8	425.7
688.55	424.75
689.2	426
688.7	428.75
687	430.15
686.9	430.1
685.25	430.3
684	431.5
686.3	431.55
686	433.25
686	436.15
688.15	438.6
686.5	442.45
528.65	454
414.8	471.75
402.45	474.6
402	478.3
403.8	479.85
403.15	481
404.2	482.4
405.6	482.95
404.95	484.5
405.6	485.1
406.5	484.8
410.1	482.6
411.1	482.2
410.65	483.65
410.05	484.4
410.95	484.4
413.5	485.15
418.6	489.25
419.65	486.75
418.7	485.5
421.05	487.4
574.05	449.5
582.3	446.3
580.95	448.45
582.45	449.8
586.7	450.75
587.25	451.85
588	452.75
594.05	455.7
702.2	425.4
712.85	431.8
712.6	431.05
715.3	432.7
716.95	433.15
715.9	432.45
717.9	431.85
717.8	430.95
693.5	409.8
697.3	400.2
699.1	401.5
699.65	403.7
700.75	399.4
704.7	394.6
705.85	393.55
706.4	392.3
706.7	362.55
709.85	359.55
713.5	358.05
717.95	355.95
721.85	353.2
725.75	352.15
854.9	323
849.4	326.7
850.4	327.5
856.1	328.25
855.25	327
860.9	327.2
862.2	328.3
865.4	328.95
866.55	329.05
866.2	328
869.5	325.7
867.3	328
869.85	329.15
868.4	332.7
869.6	333.85
872.85	334.2
875.35	335.7
876.6	336.45
877.8	336.2
878.7	334.8
878.9	337.1
880.2	337.4
881.35	337.55
879.75	337.85
881.9	339.8
881.8	339.55
882.45	341.65
884.4	343.65
886.1	345.85
886.6	349.1
887.3	347.45
890.9	349.1
893.2	346.4
896.75	350.9
896.6	349.9
896	348.85
895.7	351.55
636.6	416.8
593.4	448.6
594.1	448.8
588.35	453.05
585.8	454.7
520.25	460.85
443.5	467.7
437.95	473.1
437.15	474.15
438.2	474.3
441.45	475.9
439.85	476.2
440.45	478.1
621.7	381.65
661.5	390
661	392.3
655.1	393.3
654.15	393.4
653.2	393.65
653.5	389
653.3	387.15
555.5	375.45
0	0
0	0
466.55	359.4
467.5	359.45
463.25	355.65
463.8	358.55
463.35	359.45
464.15	356.3
463.9	357.85
465.15	357.25
466.6	358.2
469.45	361.45
469.9	361.35
437.25	470.85
432.65	470.1
433.6	469.85
431.65	471.05
433.75	471.95
432.3	477.3
430.65	472.7
645.2	360.3
721.2	355.95
732.15	360.3
733.45	362.9
734.7	362.7
729.45	365.2
729.1	366.45
730.1	365
729.7	365.75
729.85	364.25
729.4	360.45
730.2	359.25
730.3	359.1
731.45	362.65
731.8	362.05
732.5	361.25
600.3	328.2
615.7	332.1
616.85	332.4
616.55	332.45
667.75	338.85
1130.75	434.15
1162.55	437.7
1151.25	441.05
1149.8	439.95
1146.1	443.05
1232.7	470.9
1217.9	473.45
1211.55	475.95
1208.85	472.1
1204.8	474.5
1200.85	474.15
1198	474.55
1195	477.45
1192.8	474.2
1191.95	473.45
1188.3	474.5
1185.6	479.6
1183.3	482.5
1180.3	482.35
1181	480.9
1183.3	482.05
1182.9	481.3
1182.45	481.5
1180.65	485.4
1178.7	481.35
1179.15	481.55
1177.7	481.65
1179.7	484.65
1177.75	484.2
1176.15	484.5
1177.3	484.75
1174.4	488.65
1173.65	489.7
1215.4	506.6
1204.85	506.6
1204.75	505.2
1204.3	508.95
1203.6	507.6
1204.2	509.35
1203.35	510.5
1202.1	510.3
1200.05	512.95
1200.75	510.95
1200.05	513
1202.8	514.05
1168.75	514.75
1165	516.3
1163.1	519.4
1168.5	515.9
1168.6	516.15
1166.1	518.45
1166.3	521.3
1167.9	520.95
1166.55	527.7
1166.25	527.65
1165.8	525.3
1165.5	524.75
1166	517.7
1158.4	520.35
1163.4	519.65
1160	526.75
1172.5	529.3
1218.7	523.2
1220.8	523.95
1223.8	527.4
1221.05	528.95
1219.55	529.15
1217.35	533.1
1213.75	533.35
1216.75	529
1214.1	527.6
1211.15	529.95
1213.25	528.6
1211.6	530.35
1212.5	527.85
1211.05	528.45
1211.05	528.55
1213.3	526.8
1213.9	527.25
1212.4	527.2
1214.85	527.45
1213.95	526
1213.7	528.8
1214.65	528.55
1214.6	530
1202.55	538.55
0	0
0	0
0	0
0	0
0	0
1188.3	507.2
1189.75	509.65
1189.15	513.35
1191.4	511.1
1191.3	513.55
1192.05	515.3
1190.4	516.55
1187.7	518.3
1191.05	514.1
1188.9	515.15
1187.55	519.25
1187.7	517.8
1188.15	518.2
1190.2	521
1190	520.45
1187.8	522.95
1185.25	526.4
1184.3	527.4
1184.75	524.8
1188.1	519.4
1190.2	517.8
1187.9	517.6
1186.45	518.75
925.7	444.85
765.35	403.3
754.55	401.35
751.15	396.35
750.65	395.85
746.95	395.05
748.4	393.2
748.25	394.5
747.85	398.35
755.55	399
750.65	406
749.95	407.65
749.3	407.5
748.15	408.65
747.8	408.75
749.5	407.35
750.4	409.2
751.25	412.05
752.95	411.05
757.2	411.4
757.65	415.45
759.3	416.05
761.05	414.15
760.9	416.55
763.1	416.55
762.35	418.95
762	420.2
524.2	409.8
394.45	416.75
387.8	420.05
387.45	418.65
388.85	413.3
382.6	416.15
386.15	417.8
387.55	416.8
405	450.25
410.95	456.35
410.55	458.65
407.35	461.2
413	466.4
418.8	461.6
421.45	469.2
415.9	471.35
416.95	469.45
415.85	467.4
415.5	468.55
414.55	469.95
415.7	472.5
416.45	473.85
415.45	474.75
414.05	474.75
413.6	476.55
413.2	477.75
414.65	475.6
415.35	475.65
413.3	473.6
413.05	475.25
412.1	475
413.2	476.35
412.65	477.35
410.3	475.45
410.45	474.4
835.65	515.35
898.35	531.7
891.9	530.25
893.4	530.7
894.6	530.15
890.2	533.55
891.8	539.1
893.25	540.2
892.8	535.3
894	536.3
893.05	536.05
893.05	539.35
894.6	542.6
895.3	543.35
893.2	542.85
892.9	540.65
891.5	539.85
890.15	539.85
890.4	541.9
891.65	540.7
891.35	543.75
896.1	540.95
896.25	541.55
899.55	541.55
898.8	543
899.25	546.3
899.35	546.05
900.2	543.05
903.35	540.75
901.55	541.2
903.15	542
903.1	545.45
904.45	545.8
905.4	546.85
904.35	547.4
905.45	546.6
908.35	545.15
907.1	545.9
908.15	546.85
906.4	546.75
910.1	545.45
909.8	545.1
911.5	543.45
910.9	546.55
912.15	542.05
909.45	543.95
906.45	543.05
904	544.6
903	543.75
902.75	542.85
901.45	543.35
897.85	538.15
898.1	536.25
902.25	536
902.25	535.1
901.25	537.15
902	536.4
901.6	538.3
901.7	536.8
902.45	538.8
902	540.15
899	540.1
899.05	538.9
896.4	538.55
889.35	539.55
886	541.15
884.1	541.65
885.4	541.05
888.9	538.5
892.05	534.5
891.3	534.15
890.9	533.75
889.55	535.25
885.05	537.05
882.65	537.9
886.45	536.8
884	541
886.8	537.65
889.9	536.85
892.75	538.15
920.05	523.9
998.1	426
1002.25	416.7
1003.3	419.35
1005.7	420.1
1005.25	420.95
1006.7	422.5
1010.8	424.05
1009.6	424.1
1008.15	423
1010.55	422.95
1010.35	423.05
1011.85	423.35
1011.4	424.4
1010	426.6
1008.85	428.55
1009.2	429.1
1005.65	430.3
1004.45	429.65
1001.05	428.3
1000.3	429.5
860	407.4
843.15	408.8
841.65	406.35
837.6	409
834.9	416.95
832.85	420.05
825.55	425.35
819.65	422.25
815.35	426.1
751	424.1
668.85	414.5
660.65	414
655.35	416.4
650.05	416.45
647.75	418.3
647.05	420.2
644.4	424.65
640.35	430.55
635.95	433.25
635.6	431.95
634.4	433.95
633.6	435.2
632.6	435.35
632.45	437.2
628.75	434.65
628.1	436.1
629.15	435.8
628.3	434.5
627.8	431.3
625.75	433.4
621.45	437.25
622.05	432.2
615.3	433.65
613.9	430.3
560.7	394.4
540.6	378.8
536.95	379.25
530.6	378.75
529.8	377.3
521	375.55
521.95	371.65
524.9	367.1
526.65	368.45
523.6	370
523.4	372.55
522.5	375.95
526.35	377.2
527.1	373.45
528.45	373.5
526.55	381.1
530.9	382.85
534.35	376.7
574.4	339.8
579.45	349.9
579.45	352.1
578	352.2
580.1	352.7
582.35	351.35
582.9	345.35
583.9	345.3
587.45	345.75
588.95	338.15
584.15	331.15
587.35	332.75
587.7	332.8
587.45	336.45
586.9	336.3
586.4	337.15
586.5	339.15
586.8	340.65
585.35	343.75
587.05	342.55
586.75	342.15
587.1	343.1
586.5	344.6
587.45	343.95
588.35	347.05
591.2	350.6
588.15	354.3
594.25	357
592.35	356.2
595.65	354.2
596.1	354.55
595.9	353.35
596.6	351.55
594.9	352.6
597.6	353.2
597.2	352.9
595.35	355.7
596.45	352.35
595	351.75
594.05	353.1
592.5	351.45
592.8	356.5
592.2	355.3
594.8	356.15
592.25	356.5
591.8	358.4
592.95	355.9
589.5	355.6
588.95	355.2
588.75	356.2
587.25	358.2
585.9	357.95
586.75	359.35
587.3	360.4
588	360.5
588.05	362.55
584.45	362
566.25	330.6
569.05	329.4
556.2	308.65
559.55	312.2
557.45	312.35
555	311.65
554.05	312.45
554.15	312.95
553.55	312.05
556	314.75
555.45	313.5
556.55	314.95
553.05	317.15
552.6	316.9
552.45	317.95
551.85	318.3
552.65	316.45
552.15	318.5
550.8	321.1
551.7	318.6
550.25	315.85
550.5	319
550.45	318.55
548	319
552	316.85
552.5	317.15
552.2	320.45
553.8	325.6
555.7	328.2
555.35	329.05
555.45	330.95
554.95	332.3
557.3	333.5
555.35	334.75
555.7	334
556.55	333.85
554.65	333.3
555.7	335.1
553.95	337.4
553.2	339.3
556.45	339.4
555.65	341.65
556.05	340.25
556.7	338.05
558.5	339.2
559.35	337.1
560.5	334.3
562.85	336.2
567.05	338.35
560.6	342.75
564.1	342.4
562.75	343
561.7	344.55
540.05	326.75
538.25	329.1
541.75	331.55
540.3	332.35
540.55	335.3
538.45	338.8
539.05	339.35
545.6	339.4
0	0
0	0
0	0
0	0
555.75	321.8
554.85	324.1
553.65	324.55
553.65	325.8
546.05	326
546.55	329.4
522.8	323.1
528.2	313.05
0	0
0	0
0	0
0	0
0	0
533.4	338.05
532.65	347.35
467	399.45
466.2	421.65
465.55	419.4
469.2	421.2
468.45	424.55
467.55	424.55
468.55	423.15
468.75	423.45
469	425.3
468.1	423.1
468.15	423.95
468.4	424.8
500.25	402.75
529.7	351.4
532.45	350.05
535.15	350.85
535.4	348.1
536.4	348.75
537.05	347.8
538.1	349.3
537.35	348.4
540.8	335.5
542.85	334.55
541.9	336.15
543.05	335.9
544.65	339.85
544.85	337
550.7	325.95
548	325.35
547.5	326.75
548.15	326.8
547.3	321.35
546.15	320.7
547.3	320.5
547.1	323.3
547.05	323.75
548.85	325.95
548	324.5
550	325.9
552.25	327.95
552.3	331.05
551.1	333.65
550.95	334.25
550	334.55
550.2	332.8
551.85	330.55
552.25	334.55
550.1	333.95
552.1	334.9
553	333.15
552.05	326.75
551.15	330.25
553.45	326.8
553.35	327.85
553.2	329.8
553.75	326.75
554.2	330.9
555	334.5
555.95	334.45
558.95	339.45
559.9	341.3
559.05	341.85
540.65	336.05
535.2	336.95
535.6	331.3
528.9	323.3
527.95	322.05
530.7	322.15
528	322.4
527.7	323.45
529.1	320.85
529.5	321.75
529.65	324.1
528.75	323.95
532.8	320.35
535.05	320.3
531.55	321.05
525.75	327.05
527.9	329
530.25	332.65
529.25	334.4
529.85	334.05
530.65	334.35
529.95	329.5
527.6	331.3
527.2	331.3
529.05	327.8
532.2	328.2
531.05	330.35
526.8	331.85
522.75	333.95
436	459.3
434.25	476.1
432.15	475.7
431.15	478.85
430.2	479.9
430.8	481.15
430.6	481.55
433	483.1
430.8	482.2
431.95	480.95
431.5	482.35
430.5	481.9
427.8	481.6
426.3	483.35
426.45	482.85
426.85	482.85
425.6	484.05
428.75	488.5
429.1	488.4
428.15	491.2
428.05	489.35
430.85	489.15
429.5	485.9
428.65	487.1
514.85	348.4
534.05	328.3
535	327.75
538.2	328.95
536.8	326.25
538.25	325.9
537.05	325.4
538.95	327.45
539.6	327.4
540.25	326.4
542.4	328.4
543.35	328.6
544.2	329.75
825.9	484.75
872.1	523.5
871.7	529.1
876.05	527.95
877.75	529.3
877.1	529.95
873.15	533.3
871.1	535.95
871.55	536.35
875.05	532.15
875.15	532.1
925.15	508.45
1072.35	375.75
1073.3	365.35
1071.8	369.2
1069.3	370.05
1069	369.7
1068.2	367.3
1070.7	366.9
1071.05	367.9
1072.1	367.8
1071	366.55
1071.5	364.4
1076.35	362.85
1075.5	362.7
1063.35	364.6
617.45	307.25
567.7	295.45
572.75	296.85
573.15	292.3
571.75	291.2
507.15	321.05
522.15	315.4
523.85	316.65
523.05	316
523.5	317.75
523.45	323.45
521	327.05
522.7	324.65
523.95	324.35
522.5	329.6
518.9	334.2
517.15	342.3
512.85	341.25
512.85	341.8
514.85	340.2
512.45	338.25
513	335.1
511.65	333.35
512.05	336.6
511.15	341.35
510.25	342.7
509.3	342.65
510.5	341.25
511.7	339.25
511.45	341.3
510.9	341.55
510.2	342.95
510.3	345.4
512	345.85
510.35	346.3
508.1	346.2
507.85	348.75
509	348.7
509	349.5
507.85	349.75
506.85	352.25
505.1	356
503.15	360.35
500.45	360.85
499.05	362
497.35	362.85
497.85	365
488.6	370.65
456.45	418.4
452.6	428.7
454.25	429.4
453.2	432.2
441.45	476.7
439.05	484
438.55	487.75
436.45	488.85
434.7	495.15
438.4	496.4
436.9	496.25
438.3	494.6
440.3	496.3
439.5	492.95
435.5	494.1
435	495.55
436.8	492.8
441.65	495.15
439.8	497
439.25	496.55
437.55	498.15
438	498.35
439.35	498.75
440.3	497.4
443.8	496.3
444.55	497.9
445.2	497.15
445.4	493.95
465.95	373.6
473.6	370.15
473.05	372.1
471.6	370.15
470.5	370.4
471.25	368.35
472.45	365.95
476.95	365.55
478.2	363.05
437.7	481.75
435.55	484.35
434.45	483.65
435.95	482.3
432.35	483.35
436.7	488
432.5	488.5
434.55	495.6
436.7	495.25
436.35	494.95
437.75	490.25
436.65	493.75
434.95	494.7
434.1	495.05
432.55	494.1
433.75	494.7
433.6	493.2
434	489.6
433.65	488.3
436.65	487.1
436.25	485.05
437.35	486.35
437.55	488.8
437.5	488.7
435.35	490.2
436	488.4
434.55	488.85
434.85	492.25
436.5	485.95
435.2	490.35
434.4	490.6
434.7	489.7
434.45	491.3
436.5	490.9
436.05	491.4
436.65	494.6
437.8	495.1
437.7	496.2
436.45	498.65
486.45	375.6
489.25	369.9
486.85	373.5
484.7	374.25
484.4	376.8
483.45	373
484.4	374.65
483.8	376.05
485.85	375.05
485.15	377.55
487.1	376.3
488.1	376.75
515.8	333.9
517.45	330.9
516.4	329.1
515.8	333.15
514.95	330.1
514.05	331.3
516.1	332.65
511.55	328.8
509.3	329.35
509.45	328.7
483.5	352.5
488.45	347.5
490.65	355.45
492.5	357.05
494.05	357.45
495.1	354.15
491.2	357.55
490.9	358
493.4	358.25
483.05	363
445.6	417.5
440.25	420.15
431.6	509.45
433.35	515.75
433.5	522.95
435.1	516.05
432.45	520.55
432.25	521.35
431.1	520.4
422.15	493.1
421.5	495.8
424.35	496.8
424.3	494.95
422.5	496.2
422.6	494.85
422.55	497.5
421.15	499.15
420.35	497.35
400.95	493.95
396.75	497.95
396.35	499.75
398.8	501.25
398.75	503.35
396.5	497.05
395.6	496.45
398.45	495.3
397.7	492.2
403.6	491.3
0	0
767.05	352.5
761.05	351.7
762.45	352.1
762.1	354.8
760.7	357.15
760.85	358.5
760.9	354.7
762.9	356.4
761.75	356
763.35	354.5
763	355
764.4	355.4
763.4	357.1
657	342.3
652.95	340.95
653.15	340.2
650.9	339.3
651.85	336.1
648.75	340.85
651.1	341.9
652.3	344.2
653.65	348.4
652.6	347.5
654.15	347.3
654.65	348.8
652.95	349.2
653.3	350.05
651.7	349.4
649.95	349.4
602.5	259.3
609.85	244.4
610.15	245
612.65	245.3
612.55	244
614.3	247.95
613	245.6
614.45	247.95
534.1	225.2
529.7	227.1
531	223.15
532.2	223.6
537.85	221.65
541.35	221.2
544.75	221.1
549.1	221.4
548.95	219.9
552.05	221.5
558.75	225.7
561.25	227.95
564.45	227.75
566.15	229.2
568.2	227
573.2	228.45
575.35	228.8
579.3	230.85
579.65	227.25
579.85	226.3
580.45	229.3
582.1	231.95
580.7	238.15
579.8	244
579.1	244.85
575.9	247.85
681.35	283.45
673.35	289.25
663.35	295.3
664.7	292.85
663.6	293.35
665.5	293.6
666.3	292.35
669.1	296.5
670.55	296.95
672.45	299.35
675.25	301
674.55	305.65
595.2	252.85
599.2	261.7
602.7	267.4
599.55	273.6
601.45	278.1
601.85	280.4
602.25	442.6
594.35	451.4
592.3	448.3
590.05	449.85
591.35	452
593.7	455.45
595.8	452.5
594.45	454.05
590.55	454.65
648.4	451.65
713.35	445.45
718.45	448.8
715.05	450.6
716.95	451.3
715.95	453.65
714.3	456.75
715.4	456.45
715.05	463.55
0	0
0	0
0	0
0	0
0	0
552.05	301
554.05	303.6
557.6	304.55
555.4	297.1
554.9	296.3
684.7	273.9
711.1	277.9
709.3	279.15
711.35	281.3
712.15	285.9
712.8	285.1
713.7	284.65
716.65	278.9
716.3	276.5
617.55	252.95
607.3	245
608.45	248.8
606.95	249.75
606.7	249.3
608.55	248
608.7	248.1
605.75	245.8
802	155.95
814.7	149.9
810.4	150.55
809.85	151
811.7	150.9
813.05	152.1
814.85	156.6
815	159.25
815.2	163
590.1	173.65
561.55	175.65
562.5	181.45
563.5	183.95
562.35	187.75
561.95	186.6
564.15	184.9
568.45	170.25
568.75	166.3
570.1	165.55
569.5	165.35
568.05	165.15
570.3	163.95
570.4	165.35
569.65	168.15
571.35	173.6
627.1	431.2
663.25	452
665.1	454.15
663	456.35
661.85	450.85
664.35	450.3
662.35	445.35
660.4	445.6
661.45	413
661.25	412.1
663	415.35
661.1	416.55
659.35	416.9
656.85	414.5
657	414.7
658.25	435.25
656.2	443.25
656.3	446.25
657.65	449.2
657.65	445.55
658.95	445.25
656.1	447.5
654.55	449.1
641.1	390.65
634.65	384.5
635.4	385.2
635.3	387.75
635.1	387.8
634.15	387.9
461.15	431.25
374.6	461.5
365.5	462.3
364.9	461.7
369.3	462.95
367.75	462.65
369.3	462
369.4	462.85
370.4	467.05
490.05	483.85
605.2	495.5
620.7	499.6
619.25	500.3
620.05	501.35
620.95	501.4
621.25	507.55
621.6	507.9
623.55	505
613.45	402.15
615.2	428.3
615	429.85
615.05	431.4
615.2	431.25
614.15	431.25
612.95	431.65
615.6	432.6
643.5	402.3
649.35	394.3
651.05	391.45
651.05	390.55
652.8	391.05
0	0
0	0
0	0
0	0
0	0
668.4	379.75
669.55	394.55
673.1	393.6
674.65	393.65
674.2	393.05
674	393.55
674.9	391.15
676.05	390.65
677.65	391.25
644.55	187.65
646.2	188.55
646.7	189.65
648	186.85
648.5	183.25
648.55	183.4
646.2	183.2
645.15	185.65
644.65	187.1
643.1	186.7
644.15	187.7
650.2	201.45
647.35	208.4
648.85	218.15
648.1	217.85
650.6	225.85
648.3	226.55
647.05	220.65
647.4	231.85
649.2	228.75
647.5	231.55
649.05	232.7
647.85	232
646.75	234.7
649.65	273.05
648.75	281.5
651.45	283.9
651.75	283.75
650.55	289.05
654.9	290.15
651.45	293.1
654.15	292.85
656.65	295
653.9	300.05
659.05	301.05
656.35	304.6
656.15	306.05
658.05	303.15
656.65	309.05
659	314.15
0	0
0	0
650	57.05
653.35	58
654.45	65.95
655.35	73.1
656.15	76.6
656.15	80.2
654.1	79.25
578.9	347.5
575.1	357.1
573.95	348.3
572.3	344.8
574.35	344.35
612.85	349.85
692.6	369.85
693.55	376.4
687.2	379.4
685.4	379.05
679.75	381.2
675.5	383.85
670.1	383.85
669.15	382.9
665.05	384.4
662.45	384
660.15	383.5
621.95	382.65
615.7	381.7
614.1	381.25
611.05	377.55
610.9	380.5
612.45	376.95
609.6	376.2
610.5	378.85
610.3	378.5
608.05	379.85
606.65	381
609.35	382.1
608.8	382.6
608.3	382.8
605.95	384.65
605.8	385.95
608.7	388.15
608.85	389.1
606.95	390.75
574.4	380.35
567.3	384.95
569.3	384.8
569.5	384.95
572	386.3
622.1	387.45
612.3	393.5
612.95	394.8
613.35	392.65
613.35	390.3
614.1	390.65
613.15	391.1
613.6	392.4
595.6	398.3
603.25	398.9
606.9	398.85
606.15	393.95
605.65	396.6
601.6	401.85
599	402.95
601.1	403.75
599.85	404.8
601.75	407.45
600.4	406.8
599.6	407.85
595.65	260
594.75	276.35
594.6	280.5
594.15	282.05
592.9	278.55
590.15	279.95
586.8	284.9
587.85	288.4
590.1	286.9
588.65	290.6
589.6	295.05
588.05	299.7
588.25	301.65
589.3	304.3
590.4	303.3
590.1	306.5
590.55	309.25
593.2	308.3
596.2	305.9
570.25	236.3
570.85	242.65
573.1	243.65
574.15	243.9
573.8	242.7
575.3	247.1
575.65	247.5
576.2	250.05
574.75	249.8
577.5	249.95
576.35	251.1
577.55	250.75
574.95	249.65
576.7	252.35
576.6	251.4
575.75	253.3
682.75	342.1
677.65	326.95
672.45	324.9
670.6	328.5
669.85	326.15
669.2	325.2
668.35	321.75
667.7	322.15
667.7	323.55
667.7	321.1
668.5	320.5
667.8	320
666.95	311.3
666.2	310.9
663.9	312
587.95	210.95
582.4	208.8
581.8	211.65
580.75	213.25
579.95	211.8
580.2	210.25
581.65	212.2
654.35	219.8
642.9	216.15
641.5	217.7
641.95	217.6
642.5	217.55
642.65	216.6
637.9	220
641	222.2
642	222.4
490.75	424.55
482.85	426.15
484.8	426.3
487.5	426.95
488.65	425.2
486.05	426.2
489.35	426.3
489.55	423.65
490.7	421.45
490.15	422.55
487.2	423.05
488.15	422.55
487.9	422.35
702.1	490.2
713.2	489.3
710.7	484.2
711.15	480.9
710.4	476.25
713.1	476.75
710.2	470.8
711.55	465.85
709.1	459.95
708.6	460.75
708.5	455.2
712.95	449.1
713.55	446.7
712.95	444.25
707.9	446.9
704.8	444.9
708.2	439.85
708.25	437.15
705.85	435.3
701.25	435.5
687.8	440.7
593.7	369.75
576.2	363.8
568.9	368.75
688.8	338.55
878.55	257.95
884.75	259.35
879.55	258.9
874.7	258.85
875	270.35
870.4	275.6
866.8	277.5
865.8	280.55
868	279.55
843.75	283.05
620.85	320.15
611.6	313.2
613.1	316.2
611.85	316.9
610.55	318.75
612.4	320.7
767.45	536.45
772.1	541.45
773.2	531.4
775.5	520.5
776.8	510.85
778.3	505.8
777.15	500.9
774.65	498.35
603.15	356.9
540.5	351.8
529.6	352.05
522.05	353.05
514.35	356.85
510.85	361.8
509	365.25
505.95	367.6
469.6	247.05
470.3	283.95
468.25	289.75
467.45	291
465.8	294
460.9	298.8
461.25	300.15
458.95	300.8
455.75	303.15
453.2	303.55
452.65	304.85
453.75	306.8
455.1	311
454.85	309.7
455.15	309.75
583.5	252.45
594.5	248.8
593.55	251.95
596.05	255
594.35	250.5
486.75	386
481.9	390.55
480.5	391.3
480.4	384.8
479.55	381.3
478.45	380.1
476.7	378.65
622.25	324.55
635.25	324.65
636.85	321.9
638.75	319.25
638.25	320.1
638.5	321.85
638.5	321
639.45	321.45
641.1	325.55
644.9	329.5
643.95	333.15
646.05	336.2
702.65	344.2
749.75	407.1
757.2	416.2
762.5	416.75
764.4	418.5
762.35	416.65
617.05	339.4
584.7	316.7
580.1	313.3
580.15	312.9
581.95	312.25
583.2	317.05
585.1	319.1
499.85	450.6
505.15	448.35
509.3	441.95
509.5	443.15
509.85	442.25
510.9	442.7
510.6	447.95
512.25	446
597.2	400.5
733.2	312.85
752.1	305.3
753.1	302.75
755.4	302.55
754.8	301.8
755	304.35
756	303.95
756.35	303.95
755.55	303.2
755.65	301.85
749.2	302.85
747.8	301.75
746.2	300.9
684.4	341.4
487.95	522.55
472.5	512.6
464.45	497.6
455.2	483.4
446.6	472.1
440.85	461.25
434.1	440.65
648.15	502.85
632.5	493.35
621.1	478.95
616.25	468.25
609.75	457.75
604.1	447.6
597.8	439.3
587.65	433.45
579.1	421.45
565.3	409.45
555.65	398.2
541.6	388
650.2	285.8
692.85	241.8
696.65	231.6
684.9	231.8
683.2	229.55
681.75	234.1
679	233.55
675.35	237.35
671.3	239
667.45	235.7
665.7	240.2
625.5	492.45
628.5	498.6
626.5	495
622.2	490.95
616.8	488.65
616.6	483.15
615.15	479.25
614	471.35
611.15	463.45
609.7	457.1
872.65	502.65
920.5	495.8
915.2	489.2
910.65	481.95
905.05	477.2
896.2	472.2
887.6	470.2
878.6	468.2
876.85	466.2
870.75	463.4
870.55	459.05
868.4	456.5
866.9	453.75
866.85	452.3
865.8	449.65
866.75	446.85
864.5	440.75
1005.7	376.35
1007.7	377.9
1003.2	374.6
999.7	374.35
998.55	373.45
991.4	380.15
890.45	445.55
886.25	460.65
881.75	461.35
876.55	459.8
870.7	460.1
869.35	456.8
862.55	455.1
867.5	453
919.5	441.45
924.2	437.4
922.6	437.2
921.95	436.05
921.5	436.6
917.9	441.45
926.75	442.05
969.55	440.75
969.65	440.55
967.25	439.35
965.55	439.2
965.7	443.5
959.05	447.2
956.3	449.3
924.9	460.8
914.8	463.9
909.95	463.1
906	464.55
902.55	465.55
897.95	468.4
891.7	471.75
890.9	472.05
886.1	472.65
878.75	472.45
871.45	474.7
865.3	476.95
860.65	474.35
860.15	478.4
855.35	478.05
851.5	479.2
848.15	483.4
845.75	486.75
774.15	498.15
770.3	501.95
768.15	502.7
768.25	503.4
767.4	506
762.25	510.6
773.9	508.4
913.7	496.8
921.7	494.2
923.9	494.3
922.65	494
920.9	492.65
920.4	492.3
913.3	490.1
907.15	486.7
908.1	482.85
909.7	480.4
908.2	479.75
907.25	483.5
0	0
0	0
0	0
0	0
0	0
0	0
0	0
688.3	472.65
686.65	471.8
686	464.25
687.25	462.3
686.35	459.35
687.15	457.25
686.7	456.6
687.65	451.15
684.9	450.55
684.95	448.85
681.25	446.05
870.3	434.65
887.15	435.45
881.2	435.15
879.25	434.75
876.5	428.05
879.65	426.35
872.05	421
868.5	424.75
876	450.7
865.6	447.5
857.85	444.1
853.3	437.8
845.6	433.55
834.9	422.1
825	407.35
813.35	398.5
799.75	393.4
787.85	389.9
773.4	383.45
701.15	335.7
694.7	317.35
683.45	319.8
671.65	308.85
659.95	294.5
646.9	288.15
627.95	272.6
619.1	262.8
609.25	257
597.1	254.1
486.3	181.6
462.8	183.9
446.9	174.05
435.25	163
423.65	154.45
408.6	153.15
462.35	195.85
545.7	321.75
548.7	331.95
543	333.2
534.15	336.35
531.4	335.15
532.7	337.4
532.2	333.65
534.5	332.3
531.6	332.7
531.3	330.7
530.2	327.95
823.2	333.3
840.85	330.85
837.6	331
840.7	329.55
841	330
1111.1	310.7
1108.95	311.2
1089.8	308.8
1070.65	305.35
1055.5	304.5
1041.6	301.7
1013.05	302.45
984.75	299.75
962.7	295.6
943.15	289.35
930.35	290.1
905.55	286
889.3	288.25
869.1	292.15
855.45	294.7
850.4	370.95
848.6	370.55
829.9	367.75
821.35	365.9
818.5	361
813.3	359.95
805.1	358.2
799.8	357.55
793.25	358
613.3	375.4
629.55	379.5
621.25	383.15
609.35	386.9
602.4	388.9
599	390.9
601.05	393.75
601.6	390.85
602.6	391
600.3	388.15
604.35	385.35
606.5	382.65
607.55	378.6
648.65	355.4
662.9	347.7
664.15	340
664.05	330.6
664.35	325.6
666.4	318.85
665.1	313.8
660.85	311.55
633.9	305.8
629.45	301.95
627.75	302.85
626.1	302.2
624.95	303.15
624.25	305.75
622.7	303.3
271.4	328.8
236.3	350.25
243.15	352.85
249.85	351.25
258.45	349.5
113.6	401.5
126.1	407.7
136.35	403.9
145.6	405.75
156.7	404.1
163.75	403.2
175.4	403.75
183.65	405.65
132.85	485.55
151.75	493.85
161.9	492.85
166.95	493.2
175.25	495.25
181.45	491.3
189.15	489.65
198.7	487.8
207.35	486.5
345.05	452.6
631.55	377.45
643.05	373.55
646	374.05
650.7	372.25
655.45	369.3
261.5	323.5
145.4	311
149.15	312.6
156.05	312.2
160.05	313.05
166.15	310.3
171.8	311.45
185.2	313.65
187.65	313.5
201.65	321.3
670.3	351.8
706.8	350.6
702.65	352.55
706.05	352.25
707.1	350.75
708.65	348.3
706.2	328.4
706.85	329.25
710.2	327.35
711.75	325.25
711.95	323.95
714.35	322.05
714.8	312.1
711.35	297
333	213.2
305.35	210.15
320.8	205.3
330.05	196.35
343.3	189.45
352.5	186
462.7	191.5
485.8	193.35
488.65	193.55
490.75	190.45
491.1	194.65
489.35	196.85
492.3	196.45
493.4	200.1
493.45	203.45
493.85	200
492.15	199
494.8	198.25
496.9	194
502.45	191.6
505.55	188.45
509.6	183.75
513.2	179.45
561.25	171.1
578.8	165.55
579.95	156.8
582.05	154.25
586.45	153.65
589.8	154.35
592.75	147.55
594.65	150.15
597.75	152.2
597.6	158.15
598.05	166.9
604.25	173.1
661.65	206.15
677.35	219.6
677.25	220.55
678.9	219.7
677.55	216.1
687.9	219.6
744.35	222.7
748.8	221.3
748.6	220.15
750	220.8
750.65	224.25
753	226.15
753.65	228.5
739.5	246.3
740.8	245.6
739.5	244.9
738.8	244.1
738.3	247.8
736.8	248.15
734.55	252.4
733.3	253.65
733.3	253.65
735.75	253.7
735.25	253.75
734.6	255.65
622.4	244.55
628.85	244.6
632.5	246.35
632	247.6
630.55	249.6
630.85	250.05
631.05	250.2
631.15	249.45
634.2	254.85
634.45	259.45
704.45	249.15
709.65	247.75
708.75	247.8
710.35	248.8
708.95	249.15
709.95	248.8
708.5	247.95
707.1	248.35
706.05	248.85
705.5	251.4
704.5	254.85
575.95	282.05
577.4	281.1
583.2	284.55
582.6	288.35
583.7	290.2
586.1	290.9
683.1	301
687.4	304
689.95	301.95
688.1	303.35
689.25	303.8
690.4	302.3
688.05	302.95
686.6	303.05
689.15	303.2
691.2	302.15
688.25	302.85
687.2	302.5
688.65	301.25
729	312.5
820.75	344
823.45	336.55
823.7	338.95
823.15	338.1
822.65	338.95
823.2	338.9
820.05	339.7
595.15	300.4
0	0
0	0
0	0
0	0
0	0
0	0
0	0
0	0
0	0
649.4	308.05
552.9	393.5
530.75	410.25
530	410.8
529.1	411
533.5	414.2
467.7	403.1
458.5	407.2
459.85	408.8
461.55	409.85
464	409.95
511	409.45
551.1	414.25
558.9	412
560.1	412.1
559.8	409.7
559.4	409.05
580.95	404.7
586.25	401.65
584.6	401.05
582.9	403.1
584.25	403.25
584.85	404
583.2	403.7
609.15	398.15
611.8	399.15
611.65	401.8
614.5	401.9
612.45	404.2
610.15	405.5
602.2	406.95
585.85	407.75
580.95	411.3
582.8	412.7
585.1	414.35
584.45	414.45
583.45	416.15
581.9	416.6
581.15	417.05
580.55	417.2
581.2	417.55
578.4	417.95
576.6	416.5
666.85	389.1
768.05	379.95
778.95	382.15
778.65	381.9
777.65	382.6
777.4	384.25
777	384.05
777.25	386.45
776.2	386.75
889.85	252.8
890.05	268.25
891.3	273.85
886	275.3
885.2	275.5
885.95	277.65
885.45	277.9
887.15	277.55
749.55	297.65
641.5	315.15
633.15	318.35
634.15	315.1
643.2	316.75
643.65	314.55
643.85	313.35
643.75	314.35
644.25	314.6
644.6	313.65
647.1	314.25
644	313.8
628.55	259.45
626.9	268.7
626.45	271.15
624.05	274.2
625	274.65
625.8	276.25
624.65	276.25
675.65	278.1
678.1	282.5
677.1	283.8
677.4	283.35
676.1	284.5
677.2	284.55
675.7	286.6
674.55	284.65
674.2	283.85
673.35	282.65
674.35	284.35
673.7	282.55
673.45	283
676.2	285.4
678.5	288.55
678.7	288.8
680.8	289.7
680.85	291.65
682.7	290.85
681.7	291.95
687.5	289.45
688.3	290.1
686.4	290.6
687.3	292.75
686.95	288.25
688.6	283.15
687.7	286.1
685.85	285.9
686.9	284.7
684.9	282.75
684.35	279.85
682.95	280.35
683.45	280.7
681.95	281.8
684.15	280.85
680.55	282.15
679.45	283.95
680.25	281.35
680.55	280.7
681.5	280.85
681.55	281.2
606.75	268.25
598	280.05
599.75	277.35
598.9	279.4
593.45	280.4
595.8	281.2
578.25	268.1
575.45	270.8
575.3	270.6
574	273.5
573.8	276.15
533.05	272.25
541	274.45
541.8	276.3
540.9	276.6
542.55	278.5
634.6	265.4
647.05	262.1
650.4	264
651.55	264.05
654.75	265.05
652.8	270.1
563.45	267.35
555.6	268.5
558.9	268.95
563.9	273.45
609.65	347.55
617.7	363.4
613.65	365.05
611	366
609.75	367.2
611.7	369.35
614.9	366.55
616.1	368.75
613.85	369.35
646.75	360.95
646.55	361.7
642.75	362.75
644.4	364.5
644.25	364.5
644.75	367.15
590.45	277.2
586.5	284.9
588	285.95
586.25	284.25
585.65	283.65
585	282.9
586.3	286.7
586.95	288.9
586.2	291.35
585.65	292.35
585.9	294.25
586.1	296.75
584.3	298.45
664.7	298.4
663.3	299.15
662.75	298.25
665.1	299.65
547.45	274.8
541	276.4
543.65	277.05
542.8	274.1
546.85	271.5
545.7	272.3
544.75	274.65
550.55	279.35
646.85	307.85
650.9	301.55
647.35	303.1
649.05	305.55
648.65	303.7
657.75	353.95
658.55	513.75
664.2	525.95
663.55	519.8
662.7	522.25
661.35	522.95
590	529.1
