597.3	363.55
601	363.3
597.65	357.7
593.45	360.8
593.25	369.15
593.95	365.65
593.3	369.65
597.3	365.55
594.2	369.95
593.35	365.7
598.75	363.7
604.45	366.95
597.6	349.1
605.95	353.85
602.15	355.2
600.35	351.1
604.6	348.8
609.5	357.15
604.55	357.25
605.1	359.1
601.65	359.95
597	358.25
605.15	350.85
601.8	361.55
601.1	361.55
601	360.9
599.45	367.05
601.6	372.4
598.55	368.65
593.95	346.9
599.85	352.6
599.5	364.4
595.1	348.55
594.25	353.5
601.25	367
599.15	354.4
600.5	357.65
600.95	349.45
602.3	346.25
595.65	345.1
601.5	344.25
598.45	355.5
600.4	357.4
597.95	362.15
602.2	362.15
599.95	364.35
598.8	356.35
603.15	352.3
599.05	349.4
606.25	361.25
598	361.5
595.95	358.25
592.3	365.5
741.05	282.7
771.05	243
773.8	244.15
776.35	246.35
767.45	254.05
770.9	260.15
778.25	206.5
841.3	164.15
847.75	152.95
842.1	147.65
842.15	148.3
842.1	153.7
830.45	149.85
832.85	147.2
828.15	151.35
825.15	160.75
819.15	160.2
820	168.95
805.7	172.6
801	171.05
797.45	174.85
792.75	181.75
791.2	172.45
788.25	179.8
786.1	194.85
778.15	187.65
776.8	192.2
771.1	187.9
766.6	186
766.4	185.4
761.75	185.95
756.85	199.3
751.85	203.3
751.05	210.85
744.85	214.5
738	218.8
738	218.75
725.45	216.95
939.1	182.3
961	178.8
953.85	178.9
949.65	182.7
947.9	185.8
941.55	196.15
939.75	193.1
932	194.35
932.65	189.45
921.55	197.75
924.2	194.65
914.25	204.4
911.85	195.5
900.5	202.8
897.55	213.45
893.2	225.8
892.75	220
883.15	223
0	0
0	0
867.8	228.9
865.65	226
864.9	226.2
584.55	251.65
589.05	243.7
591.6	254.5
592.75	273.6
588.5	265.8
586.9	267.25
584.25	271.15
581.4	280.05
581.5	282.55
575.85	279
570.15	283.7
566.55	282.05
921.75	225.9
938.2	214.05
937.4	203.75
939.55	205.05
936	205.8
930.4	226.15
929.35	218.7
927.95	212.1
921.55	217.95
917.25	217.65
916.8	217.35
916.75	221.55
909.8	215.8
911.95	214.9
907.9	211.9
909.55	215.7
911.85	219.65
904.5	217.7
900.75	217.3
901.9	217.45
895.75	220.45
895.75	217.3
893.85	222.55
893.55	217.05
726.2	234.6
647.3	293.4
636.9	304.3
640.95	311.7
641.45	322.55
638.15	322.5
633.6	315.8
635.25	316.65
628.9	320.4
629.95	322.35
631.85	321
627.4	320.95
627.75	325.4
629.1	331.7
589.05	328.6
492.5	304.1
493.35	307.7
493.5	307.25
487.2	305.95
497.1	312.45
491.35	310.75
496	313.75
501.6	317.75
498.95	315.15
499.3	306.55
504.75	305.35
504.25	300.3
507.8	306.35
508.35	301.3
507.1	309.1
511	306.75
509.5	295.85
507.1	302.05
509	303.6
516.5	307
510.15	303.85
514.7	302.35
517.55	303.35
519.7	307.25
523.6	306.25
521.7	307.3
528.15	307.55
523.15	304.75
674.6	267.9
664.3	262.05
673.95	256.75
675	257.85
679.05	259.85
682.85	258.25
691.25	260
694.6	259.3
695.95	255.35
700.2	260.75
699.35	258.9
716.65	268.55
719.15	275.5
726.4	276.6
728.95	272.85
738.05	280.75
747.6	278.95
753.75	282.35
757.7	287.6
666.05	278.4
552.85	281.3
557.65	284.45
556.95	292.25
555.45	289.4
554.6	288.2
560.7	300.1
565.65	298.6
566.35	296.95
567.2	297.4
569.85	306.7
598.3	308.1
622.3	382.3
625.2	395.45
620.9	407.15
624.4	413.25
622.45	418.25
625.2	421.15
591	363.65
656.65	250.45
668.7	214.8
677.35	218.15
677.65	224.2
678.5	224.65
678.95	227
680	227.15
678.55	228.25
676.2	223.3
678.85	230.15
679.5	237.3
682.8	240.35
680.1	243.5
676.95	246.25
677.6	251.2
672.3	250.65
672.4	256.8
672.1	257.65
667.8	261.35
713.25	233.2
749.9	168.95
746	167.15
745.25	164.35
746.2	171.4
735.3	172.95
737.2	184.4
733.05	182.35
729.4	176.25
720.6	187.2
710.65	189.05
707.75	189.85
706.7	188.55
700.05	191.65
698.25	199.15
687.85	198.5
677.3	208.25
673.6	213.05
669.55	209.1
668.25	213.8
662.95	211.5
660.75	214.6
652.6	215
650.4	215.75
646.65	221.3
640.6	225.65
640.05	221.7
629.15	230.15
629.55	232
626.1	250.05
623.85	243.15
613.7	243.1
613.5	240.45
603.95	245.7
603.5	254.9
593.8	255.45
590.2	250.25
592	256.35
582.25	261.65
583.45	263.85
578.35	266.8
573.8	270.9
572.35	249.7
570.4	249.25
553.4	249.9
556.15	244.35
554.2	237.55
549.6	241.75
545.4	248.55
541.8	256.55
537.3	256.25
533.75	256.45
530.15	254.4
530.15	260.5
519.5	257.15
521.6	259
516.45	265.65
518	271.3
516.35	274.75
507	271.5
501.7	275.75
503.2	277.6
497	279.15
494.1	279.5
626.7	298.7
610.75	294.9
610.95	298.4
609.75	309.95
606.8	307.6
610.65	314.85
613.4	313.1
609.9	313.75
610.05	322.85
612.25	321.15
595.7	263.75
589.75	231.25
585.2	225.1
598	227.25
593.8	231.2
582.7	228.8
582.15	232.3
584.5	231.65
580.8	228.75
587	232.25
589.95	232.9
582.35	239.45
584.55	235.95
580.9	238.65
576.3	235
572.2	237.75
579.75	245.95
625.25	303.15
616.15	315.5
608.55	312.45
618.8	326.4
617.25	322.35
618.3	331.2
620.25	333.5
619	340.9
618.45	350.55
613.45	351.65
621	361.6
611.35	364.6
616.7	365.65
620.1	368.55
622.15	368.25
628.25	387.2
566.1	312.35
578.65	289.15
584.85	296.05
583.55	297.35
581.55	298.3
587.45	303.25
587	300.1
589	303.05
582.25	313.15
583.65	312.5
581.45	312.4
586.4	316.5
588	316.45
590.5	313.45
584.9	326
587.65	333.15
584.4	330.05
586.9	335.9
588.2	346.6
592.6	352.5
589.85	351.6
592.4	348.8
595.7	359.65
596.75	361.35
593.95	363.1
568.45	337.7
559.2	338.95
562.45	342.65
562.3	344.65
564.55	342.55
564.6	346.85
565	360.15
565.65	361.15
567.9	361.8
568.9	368.6
566.85	372.8
564.35	382.6
563.3	386.6
565.25	392.7
565.25	390.7
563.1	404.9
540.4	321.2
541.55	318.45
538.85	319.55
542	329.9
540.25	332
543.75	339.4
535.1	347.65
536.25	346.25
540.15	350.2
535.4	353.25
533.5	360.05
534.85	356
537.65	369.1
535	372.6
530.9	371.25
537.1	384.45
532.15	387.6
532.05	389
533.95	393.1
413	339.75
400.35	326.05
396.55	336.55
404.95	346.5
400.75	350.2
406.05	354.5
409.1	361.15
408.2	367.15
410.1	367.5
409.4	369.6
408.1	376.35
411.75	383.45
536.3	353
520.85	364.9
514.1	369.85
522.55	381.05
518.6	384
522.05	392.45
524.5	394.8
529.25	397
526.75	404.1
528.05	408.1
528.2	412
530.9	412.35
527.85	424.55
526.35	440.3
526.55	443.15
526.25	447
536.9	454.7
452.8	426.1
447.35	432.25
453.8	443.85
454.55	445.85
452.3	443.35
451	456.05
459.05	466.5
456.25	466.95
461.6	471.05
462.55	473.55
466.6	472.15
466.25	473.9
470.3	484.45
523.35	439.5
517.8	419.1
517.75	421.2
528.65	427.75
533.4	430.5
541.55	439.6
543.9	429.05
553.55	423.15
554	426.35
561.9	427.2
565.5	434.35
577.75	445.5
575.7	456.55
581.3	457.3
591.25	463.6
509.55	422.9
420.3	268.6
429.3	271.2
439.15	280.75
434.6	275.8
438.2	280.2
446.3	290.45
446.8	289.5
445.1	288.9
451.7	286.5
452.2	287.05
459.15	298.25
460.3	294.1
422.45	208.3
428.4	208.7
433.9	208.05
425.85	206.65
429.15	210.35
430.95	218.65
436.35	221.2
438.35	212.1
437.55	213.75
444.05	216.85
747.2	430
751.05	453.15
753.65	451.35
764	458.25
769.1	462.85
778.7	467.25
780.9	456.1
799.35	458.3
804.8	460.3
812.85	466.6
823.3	464.7
571.4	313.95
559.7	287.55
567.55	296.9
572.75	297.25
572.4	297
571.75	299.6
573.15	301.2
587	301.9
590.65	304.5
596.2	306.7
494.4	249
492.85	246.7
495.15	247.05
489.7	242.95
496.65	245.5
494.7	246.5
503.3	252.75
504.15	245.85
502	253.75
505.6	249.9
499.35	249
508.85	250.45
508.75	248.3
507.2	258.1
517.55	253.95
515.5	249.15
529.6	264.65
529.7	264
537.35	266.35
544.15	272.9
545.25	278.55
552.85	276.9
560.05	281.8
564.5	286.7
564.6	290.7
566.45	293.65
574.5	297.9
577.95	294.55
583.2	299.15
588.15	305.15
591.05	309
591.45	310.25
588.05	309.4
589.4	304.4
493.75	298.6
520.1	298.25
524.8	300.1
527	307.3
525.65	312.45
586.55	290.3
595.85	299.5
599	309.5
604.75	305.2
605.1	304
602.4	312.85
607.25	322.9
612.4	327.4
609.35	314.25
613.75	310.2
616.25	320.1
618.4	324.35
617.05	321.6
619.1	319.55
620.45	322.1
620.1	331.05
626.1	323.6
625.45	319.8
625.05	322.85
598.35	333.65
598.05	337.2
601.25	338.7
603	328.4
602.55	323.6
602.4	322.05
603.05	317.4
603.9	325.6
601.6	325.65
606	333
607.45	326.5
610.25	331.7
614.35	340.05
615.4	334.7
613.55	339.5
616.65	342.4
620.85	350.65
616.5	358.85
620.5	356.85
625.6	347.65
628.6	350.4
630.4	359.1
636.55	358.55
640.65	361
645.65	362.35
645.85	360.85
653.35	366.75
659.6	367.65
660.7	364.55
661.55	374.45
667.45	378.2
668.35	382.9
671.25	382.25
674.25	382.3
680.5	382.65
691.75	387.6
684.5	398.65
682.1	403.75
689.4	404.75
693.9	416.25
691	404.45
698.9	403.25
705.35	408.4
703.6	415.9
701.2	425.9
701.55	414.9
701.5	411.95
691.55	413.95
689.95	413.9
613.5	408.85
622.85	417.2
623.65	423.7
619.05	421.85
622.9	429.35
617.05	428.4
618.75	431.1
616.95	430.35
622.5	423.2
625.35	426.55
623.05	426.3
627.45	433.25
624.3	431.2
625.1	429.9
627.15	434.1
624.55	437.3
625.65	435.85
629.55	436.75
627.9	435.85
626.8	432.6
626.15	432.45
628.65	436
625	435
619.35	424.45
624.5	433.65
625.45	443.35
625.55	429.45
624.25	427.35
1067.95	420.25
1072.75	385.3
1067.65	379.85
1063.6	370.9
1059.5	368.35
1048.8	371
1039.45	373.5
979.3	365.4
898.2	259.25
892.55	264.05
882.65	266.7
875.85	266.75
872.9	263.75
867.7	266
862.75	265.65
853.8	264.85
846.35	268.9
836.7	273.1
829.4	266.7
819	276.15
817.4	266.6
807.85	275.1
800.9	270.5
792.75	261.05
792	260.35
785.65	260.95
782.5	265.6
776.7	268.25
672.05	416.1
676.1	420.5
679.05	427.15
678.2	425
679.2	430.75
680.4	426.8
682.9	420.55
686.6	414.75
688.75	421.1
688.75	431.3
691.65	422.3
701.65	423.9
703.1	426.8
713.35	429
710.7	426.65
717.9	431.1
722.3	437.2
606.85	432.95
618.45	423.95
647.05	415.15
658.55	454.05
694.25	446.35
699.75	450.8
710.1	454.25
706.5	456.45
712.1	448.8
708.95	449.3
716	440.45
711.2	440
704.8	442.7
703.05	438.2
709.05	440.05
718.7	435.15
722.05	436.2
317.95	441.9
158	436.15
176.95	445.15
187.7	443.2
201.8	445.8
214.85	446.8
231.45	450.35
245.65	444.85
253.95	437.9
265.9	438.45
278	441.8
276.35	434.9
289.05	435.8
292.85	435.6
298.5	438.35
309	437.25
311.9	440
318.75	433.3
320.45	433.1
325.3	432.2
333.55	434.8
332.1	433.9
337.1	436.05
337.95	440.85
448.4	411.55
459.8	412.2
465.85	416.85
465.7	420.05
469.2	415.35
469.7	414.35
466.7	417.65
471.05	412.7
356.35	317.5
359.55	316.55
350	319.15
355.8	317.65
356.3	314.9
368.4	318.3
355.1	317.2
356.55	319.1
352.7	320.8
354.7	318
359.25	317
358.4	314.4
359.3	315.25
356.9	323.5
357.45	321.6
361.7	316.75
364.15	323.6
356.7	320.1
364.4	323.1
441.85	427.75
472.9	427.85
470.6	426.6
464.75	434.75
472	439.9
474.6	445.5
472.7	441.6
465.55	442.15
470.2	442.2
477.55	445.45
477.1	444.45
468.35	437.45
468.75	437.25
471.95	438.7
471.35	436.6
472.25	436.85
471.85	438.55
472.6	448
471.3	443.15
474.55	442.1
476.05	440.95
474.75	434.6
478.75	440.75
467.55	431.5
535.15	445.2
796.05	464.55
801.55	463.25
796.25	474.45
801.95	475.45
804.1	476.1
804.6	466
799.05	459.35
802.5	457.85
801.05	465.4
795.95	455.1
800.4	463
799.7	462.85
799.3	462.1
804.3	466.05
797.6	462.95
801	457.9
803.3	461.8
805.1	462.95
793.8	463.45
799.8	465.15
796.75	459.35
793.6	458.6
797.2	463.55
797.75	460.35
792	464.3
798.05	457.8
792.75	454.95
796.5	456.5
794.7	461.15
790.25	452.45
798.85	443.5
796.85	446.7
799.95	452.9
799.15	446.95
795.4	451
792.05	446.05
787.2	447.95
790	453.3
785.15	446.3
786.75	437.6
786.15	447.9
790.1	441.7
785.35	439.15
786.5	433.55
784.45	431.9
792.65	428.85
791.25	436.9
792.55	432.35
784.7	432.25
705.5	424.05
460.3	394.15
445.5	390.95
443	388.65
446.65	388.95
448.25	390.35
444	390.4
442.3	393.65
442.3	394.85
443.05	399.05
443.7	422.7
395.7	418.35
404.1	455.45
658.85	545.5
825.9	507.6
799.6	484.6
800.95	473.2
802.65	464.55
795.15	461.6
795.1	461.5
794.3	454.2
782.8	445.4
786.25	441.1
779.25	442.3
782.5	438.8
784	431.6
787.55	436.3
788.2	440.8
790.7	446.35
788.95	438.65
789.25	440.15
783.9	431.75
780.35	426.5
781.4	429.95
777.75	425.4
775.7	430.2
772.8	428.55
774.75	423.5
776.9	422.9
776.55	420.5
776.15	422.3
774.75	434.45
780.45	431.2
778.85	417.7
769.5	421.55
771.9	422.15
770.1	418.4
772	409.2
756.85	411.7
760.95	411.25
758.1	412.75
746.2	408.05
740.55	409.9
526.5	325.85
573.35	329.7
575.75	334.25
572.95	341.35
566.3	333.2
572.95	327.55
571.2	323.9
572.25	333.35
575.4	329.85
576.45	330.7
575.45	332.45
574.3	332.35
573.6	334.15
570.7	327.05
570.25	323
566.6	330.7
572.45	329.8
567.6	326.8
568.3	330.35
566.2	327.6
569.2	325.4
563.5	323.4
563.75	325.7
559.35	322.95
561.4	326.8
562.6	326.25
564.1	327.8
563.65	327.25
565.9	326.2
569.4	325.75
567.85	326.75
567	323.75
561.7	326.45
563.9	329.9
567.2	335
567.05	334.4
567.15	337
562.6	337.25
567.9	337.75
566.5	338.45
562.45	338.55
563.85	340.5
563.75	338.35
565.55	343.55
561.5	344.15
559.1	340.6
557.5	337.05
550.65	340.8
547.45	355.6
546.25	349.95
541.6	347.9
539.1	341.8
539	344.65
544.2	350
545.55	345.75
543.1	346.7
541.2	350.2
541.1	352.85
536.9	351.9
540.85	353.55
546.2	358.35
541.05	348
539.6	353.65
537.1	346.65
534.2	354.1
531.8	351.1
538.45	353.55
561	367.9
835	441.15
834.3	452.05
838.8	450
836.45	453.15
838.2	448
837.6	447.4
838.95	445.2
839.9	450.45
839.6	455.75
842.9	456.6
839.65	444.8
838.75	452.25
835.4	456.6
840.85	457.55
841.3	457.55
833	454.7
830.3	451.7
814.55	442.9
815.65	444.9
810.3	438.9
813.5	446.6
805.1	439.2
815.1	447.8
647.3	431.65
634.8	443.15
626.55	445.55
627.7	453.65
627.8	449.05
635.5	452.75
633.6	449.45
637.7	452.7
629.65	452.15
629	453.1
633.35	450.65
634.5	450.9
635.7	451.95
634.85	451.05
632.8	445.2
639.5	432.65
635.7	437.5
632.55	446
632.95	453
628.9	459.1
637.8	454.65
639.95	448.55
635.05	455.6
639.35	455.35
636.1	448.25
632.75	445.45
634.9	443.5
626.7	435.1
625.3	425.15
629.7	434.55
627.75	431.6
626.05	431.35
638.05	426.9
632.55	421.35
636	425.8
637.05	420.7
637.05	427.6
636.55	429.95
635.7	429.8
635.75	426.95
639.25	425.15
639.15	426.5
645.15	421.2
641.85	429.6
652.55	434.45
641.7	428.65
535.85	434.5
114.2	483.3
106.6	476.6
110.4	487.05
111	487.1
117.85	489.45
116.65	486.95
0	0
0	0
0	0
0	0
0	0
0	0
0	0
0	0
0	0
0	0
0	0
0	0
50.2	478.3
41.2	482.95
54.25	481.75
55.75	487.35
64.15	483.7
60.9	486.45
71.7	484.05
63.35	481.4
75.2	480.5
69.35	474.7
77.15	482.55
78.9	481.9
87.65	486.2
88.75	485.45
92.7	485.1
95.4	481.3
99.85	476.7
103	478.9
104.45	484.65
107.2	484.7
104.75	483.05
118.3	486.15
114.25	484.2
118.2	489.75
122.65	482.55
124.45	485.3
126.35	489
138.35	485.25
137.25	491.6
138.5	484.6
140.2	483.5
146.1	485.35
145.7	487.25
148	491.35
156.05	489.15
157.95	491.1
155.65	485.2
157.5	486.45
157.55	493.25
159.5	488.45
163.15	488.55
160.95	490.15
171.2	487
175.15	485.15
176.6	489.55
177.3	492.4
174.55	493.5
179.3	494.6
181.35	491.5
186.1	496
188.05	502.5
195.2	498.45
189.1	497.85
198	499.55
197.8	502.9
199.4	504.9
204.1	502.4
207.65	505.95
217.75	504.75
220.55	507.65
223.45	505.7
220.3	503.95
216.5	507.95
224.4	502.25
230.45	503.15
232.8	507.45
237.3	509.2
234.65	507.1
232.95	503.5
240	506.1
239.6	504.95
248.85	510.8
255.65	507.4
249.25	508.75
260.25	512.1
257.55	508.9
257	506
252.05	502.65
265.65	495.25
268.15	493.5
271.35	496.6
275.8	504.3
276.5	496.85
278.85	496.35
284.1	501.75
277.05	498
287.6	505.4
281.9	493.9
287.4	498.3
286.2	501.05
285.9	497.5
286	493.4
290.75	494.2
295.6	497.7
548.9	522.9
742.7	522.5
744.1	507.4
745.25	515.6
755.9	506.2
756.3	504.15
753.9	503.1
753.1	500.8
755.2	500.4
759.95	499.1
751.95	509
761.1	500.1
758.3	498.35
755.9	500
751.4	505.3
749.45	504.8
750.8	504.95
754.2	506.4
553.75	506.85
399.8	509.7
400.7	507.5
400.95	509.7
399.9	512.25
402.55	509.7
400.65	514.65
402.3	510.45
398.8	513.8
407.55	521.35
407.2	518.9
402.6	519.9
404.65	515.8
411.4	511.7
412.1	523.5
412.8	521.7
411.55	524.5
416.4	518.8
412.65	520.7
415.25	520.65
417.8	520.7
408.5	514.7
427.15	522.95
426.2	524.25
417.8	521.35
422.3	520.2
429.35	519.6
425	516.8
422.45	522.1
424.85	516.95
424.95	515.75
427.25	518
427.35	517.15
421.55	516.15
422.05	515.7
417.3	519.2
424.75	524.75
423.55	520.25
426.95	526.25
418.85	515.3
423.35	527.8
424.75	522.15
423.55	521.8
597.35	473.2
638.75	437.2
637.8	443.8
641.8	439.95
638.95	441.95
637.1	434.15
637.8	437.9
641.2	434.4
640.85	436.05
638.25	434.25
641.1	438.2
637.95	436.8
640.45	431.4
644.05	431.9
648.25	424.7
642.65	423
647.7	421.3
642.95	426.25
639.75	431.25
638.1	433.65
644.15	440.95
644.5	444.25
644.85	443
1036.45	547
1081.75	553.1
1077.2	549.45
1073.05	551.5
1071.7	551.9
1073.1	555.5
1074.4	550.8
1069.15	553.6
1080.55	543.85
1074.3	543.95
1077.85	540.3
1075.75	547.95
1079.15	541.25
1073.4	545.25
1075	549.5
1078.3	544.6
1075.15	549.8
1077.6	551.25
1074.75	549.7
1072.55	549.25
1073	548
1074.6	547.35
881.75	412.85
938.6	389.05
936	382.85
934.2	382.7
938.65	379.9
932.1	377.65
940.65	376.85
938.65	377.7
941.85	378.2
945.1	379.05
947.4	384.5
943.75	377.05
953.65	380.35
386.65	503
366.45	510.25
353.3	513.25
342.35	513.45
345.75	524.6
346.75	525.95
342.35	525.75
345.65	521.2
349.55	516.45
346	517.1
357.45	522.65
357.45	521.65
380.85	465.7
398.45	469.35
390.45	465.4
392.45	471.2
396.35	468.3
388.8	463.3
391	471
396.05	469.85
387.75	466.5
385.4	467.35
383.9	467.85
378.9	470.95
388.35	467.55
390.25	473.45
391.15	475.55
390.1	476.2
386.6	477.7
396.95	475.9
779.6	560.1
791.85	579.75
797.45	574.3
798.3	579.95
804.7	585.75
803	587.15
811.15	584.2
805.55	581.65
805.4	581.15
808.65	584.7
804.75	583.95
1070.8	589.75
1061	583.5
1058.65	589.45
1053.95	593.05
1055.85	590.4
1055.75	590.25
1061.6	590.65
1059.3	591.35
1066.7	580.6
1066.55	581.2
510.75	492.7
464.4	494.45
645.7	525.95
659.35	531.9
659.95	524.9
661.65	529
666.55	517.9
1141.9	568.25
1219.9	539.45
1209.45	540.65
1201.5	531.2
1192.05	533.8
1190.85	536.65
1187.1	537.6
1181.05	534.6
1161.95	520.75
1179.85	505.8
1178.35	517.3
1182	507.1
1176.8	504.35
1176.55	510.4
1177.8	513
1170.05	508.3
1173.85	512.9
1172.15	516.4
1168.95	512.7
1166.45	509.95
1166.4	511.55
1167.8	507.05
1161	510.05
1158.5	509.85
1165.2	510.25
1156.35	509.2
1159.95	508.7
1150.9	508.4
1145.15	508.25
1158.45	504.15
1153.25	515.15
1154.15	515.7
1149.1	504.55
1146.2	506.5
1141.35	509.95
1142.95	510.6
1229.35	547.25
1199.65	544.9
1194.6	542.8
1194.3	543.2
1201.55	546.55
1203.85	552.35
1199.45	549.05
1209.2	545.9
1209.15	542.15
1204.65	549.9
1203.05	553.35
1210.7	557.3
1206.7	560.05
1207.8	561
1207.45	560
1209.5	558.05
1209.5	559.2
1212.3	555.8
1212.45	556.5
1204.7	557.85
1204.05	558.15
1212.05	555.3
1209.25	559.25
1209.3	555.05
1208.85	549.8
1203.05	558
1205.6	559.45
1213.25	555.75
1205.4	556.65
1207.4	562.45
1209.7	561.4
1207.25	555.8
1211	556.15
1199.6	551.3
1198.3	544.5
1210.3	551.3
1202.8	551.4
1202.1	552.35
1205.05	543.5
1207.45	538.15
1208.5	539.35
1203.65	542.7
1197.8	553
1202.15	545.8
1204.85	543.9
1201.4	542.6
1197.7	541.3
1196.7	538.8
1197.15	543.25
1194.75	539.7
1199	534.5
1199.75	543
1195.35	538.45
1187	533.1
1146.85	548.6
1144.4	554.4
1145.15	551.3
1141.75	551.6
1146.95	544.5
1146.05	544.05
1143.6	548.8
1141.6	547.55
1139.3	546.1
1143.6	550.45
1140.9	546.9
1143.65	550.85
1142.9	543.55
1230.4	555.3
1217.75	554.6
1214.65	560.95
1209.65	555.65
1212.9	557.5
1210	556.05
1212.9	562.05
1214.95	554.25
1215.9	548.7
1218.1	554.6
1220.95	552.1
1218.4	548.5
1216.85	548
1213.75	559.75
1212.2	555.1
1211.65	557.6
1208.25	555.3
1210.7	559.4
1202.8	563.85
1204.2	558.05
1197.75	553.9
1202.25	552.85
1196.1	555.65
1187.45	551.45
1111.65	542.85
1105.15	552.85
1107.35	551.6
1110	549
1102.25	545.45
1106.75	543.75
1112.4	549
1107.95	550.35
1108.4	551.15
1103.25	551
1098.5	553.1
1095.95	554.05
1101.35	553.45
1098.75	553.8
1099.45	545.3
1097.25	558.95
1099.35	554.2
1094.25	556.05
1093.8	556
1093.95	563.15
1095.05	563
1091.8	560.45
1089.3	559.35
1082.4	556.2
1085.9	557.3
1083.1	555.75
1081.45	553.7
1073.3	548.9
1071.8	551.85
1069	552.15
1067.15	553.2
1069.5	555.75
1061.25	544.7
621.85	534.05
386.2	500.05
354.5	490.05
359.2	491.9
347.55	493.5
346.05	483.8
340.1	484.05
351.9	488.4
351.95	503.3
349.95	503.05
349.9	504.4
352.95	496.8
351.65	490.3
345.4	497.7
350.9	501.25
348.45	496.65
356.85	505.2
357.55	505.3
343.35	504.85
357.05	510.55
351.05	505.65
795.6	564.95
814	579.35
818.45	585.6
820	579.3
819.45	581.3
817.35	582.35
816.75	572.95
821.25	573.55
822.1	574.05
817.45	580.15
814.85	578.85
818.95	570.65
820.4	573.35
818.55	584.25
811.8	588.15
810.1	589.25
821.35	580.6
823.8	569.1
819.65	567.25
817.8	578.3
829.6	564.95
831.5	575.2
831.1	580.7
827.15	579.35
828.75	575.1
833.25	576.7
834.2	577.8
830.65	584.05
833.4	588.5
834.15	576.35
839.4	574.55
840.35	572.2
842.95	568.35
841.35	572.15
837.35	571.65
841.7	575.85
849.85	572
847.85	568.2
846.4	573
843	576.65
832.05	569.3
842.55	572.55
835.2	572.65
836	576.45
834.85	576.5
837.95	571.7
831.6	562.95
831.45	569.6
827.85	575.55
826.55	574.2
836.8	566.55
828	566.45
834	564.6
834.1	564.8
831.6	560.15
837.85	554.9
839.75	558.25
838.4	572.3
839.1	564.5
841.1	564.85
837.4	563.9
838.2	556.85
835.75	550.15
838.05	548.05
841.6	550
845.2	546.4
843.25	549.7
845.1	550.1
842.3	562.15
847.45	551.85
847	554.85
849.3	558.9
846.15	562.4
1018.25	464.55
996.35	452.8
1001.05	443.15
999.25	450.4
998.5	452.1
993.05	440.3
999.35	439.55
1006.5	441.75
1001.15	445.85
998.9	440.25
991.5	450.5
996.35	455.05
999.05	456.05
992.7	457.15
991.5	455.3
989.25	460.1
988.55	457.6
986.1	458.2
980.3	458.65
977	454.65
969.55	455.05
956.2	447.75
954.6	451.65
946.2	449.2
938.5	453.95
931.95	456.2
929.25	450.9
925.4	451.4
924	454.25
918.25	452.8
909.8	450.7
520.55	482.1
565.7	489
564.75	489.7
561.05	495.1
555.75	490.4
551.95	493.95
554.75	494
558.85	492.4
558.45	495
361.8	483.05
382.9	498.45
379.75	496.15
382.65	489.25
378.65	487.4
381.6	487.25
380.3	483.25
382.25	489.3
380.5	487.25
375.65	485.45
376.6	487.95
368.2	484.7
408.2	465.15
396.25	474.4
395.4	474.1
403.05	473
411.35	476.35
401.55	479.05
407.05	483.8
401.85	475.25
398.9	473.8
394.75	478.3
391.55	476.35
392.65	475.5
391.2	472.4
395.6	465.25
407	475.65
395.55	468.7
397.3	467.65
390.2	460.95
404.45	465.35
402.95	463.4
404.9	468.1
398.6	466.75
401.1	467.9
453.85	394.35
450.25	408.35
443.95	401.4
452	409.55
443.3	395.45
449	398.65
651.05	363.65
641.7	372.6
644.05	372.8
646.35	371.65
650.15	372.2
645.85	365
641.9	367.7
651.65	367.35
643.95	370.3
647.3	365.45
468.15	343.45
470.7	346.35
476.75	349.8
479.25	344.1
479.95	349.6
478.65	344.2
478.55	342.8
490.2	344.95
523.85	324.15
521.6	319.4
524.05	324.8
523.2	318.35
531.7	322.8
527.1	319.25
529.25	337.1
832.55	412
779.95	463.75
808.05	469.8
805	470.3
808.05	468.3
810.7	467.85
813.3	467.45
807.05	462
811.75	462.7
809.5	455.65
806.75	460.95
802.3	459.85
820.3	453.15
814.4	455.25
561.6	374.15
538.05	345.85
533	336.15
530.8	345.3
538.3	344.05
539.8	339.8
539.55	336.95
537.55	335.55
506.8	304.2
495.3	305.3
499.65	309.25
496.35	303.7
494.55	303.55
501.1	301.9
489.75	302.4
501.75	308.15
500.1	304.55
495.05	306.2
493.65	302.85
489.2	298.8
496.75	304.1
493.15	301.85
499.4	304.1
493.25	297.65
493.85	299.05
497.9	310.3
495.9	299.45
496.05	306.3
495.35	303
491.05	299.95
498.3	303.3
494.75	308.65
491.3	306.9
465.3	314.3
471.4	303.6
470.5	303.45
470.45	311.05
470.55	305.85
478.8	304.65
480.6	302.8
468.15	303.8
469.6	298.9
473.45	304.4
470.55	303.15
473.75	304.55
471.1	299.75
474.25	297.9
469.9	298.7
466.85	303.4
469.35	303.9
474.45	296.95
468.3	298.9
477.85	304.1
473.25	311.35
476.4	305.45
480.05	302.85
479.7	299
480.85	304.8
483.5	299.1
482.8	301.65
480.95	302.65
478.4	304.9
479.25	304.35
481.35	300
483.5	307.6
481.15	296.1
489.9	299.7
491.85	309.2
489.25	319.05
491.9	312.9
496.2	316.7
410.45	328.05
353.3	512.9
390.65	541.4
393.8	531.2
389.8	528.95
394.3	533.15
396.3	527.95
390.25	523.55
396.7	529.9
366.1	502.45
372.15	470
372.5	462.8
377.05	463.9
374.7	472.35
375.95	477.75
375.05	478.5
379.45	471.7
375.9	464.7
378.45	459.05
384.1	458.2
375.45	459.35
378.35	460.5
402.8	448
493.95	307.2
492.6	309.5
495.45	302
497	295.05
495.5	296.45
496.25	293.75
494.6	296.2
495.5	301.3
492.75	298.8
487.65	298.75
493.35	301.65
496.75	293.75
491.05	298.15
492.8	289.5
498.9	297.25
499.5	312.45
468.75	313.75
387.25	333.75
533.85	361.65
515.8	355.35
512.55	360.15
516.05	359.95
513.75	353
515.75	350.05
519.55	346.45
520.75	340.35
513.4	351.75
519.25	351.9
518.6	349.75
515.25	348.9
516.95	341.85
521.15	348.7
513.45	349.95
510.9	358.8
332	436.75
375.5	460.9
367.9	469.1
368.7	461.95
375.3	469.5
370.75	468.7
376.05	465.15
410.15	459.4
448.05	403.35
438.1	400.55
438.5	406.95
440.25	401.45
441.25	394.4
439.6	394
442	394.5
442.75	395.5
504.05	323.25
508.8	317
506.75	317.35
509.05	313.9
505.95	313.15
507.2	314.7
508.95	320.25
508.6	315
512.85	318.3
502.8	311.55
504.55	309.4
497.1	304.5
495.85	301.55
501.65	311.35
496.95	306.7
501.75	312.2
494.3	309
492.9	316.45
499.9	318.7
497.4	323.85
495.05	325.4
500.9	314.45
498.6	315.6
497.15	315.9
494.7	306.85
496.2	308.7
499.4	313.7
492.25	305.45
489.5	308.55
498	311.25
491.25	322.25
501.7	319.85
489.85	316
491.65	316.8
495.9	315.3
486.85	313
488.85	316.7
483.25	309.2
487.65	311.1
357.15	451.9
390.5	459.35
389.15	454.45
383.45	455.1
384.9	464.1
376.1	454.5
381.25	460.55
386.1	464.9
379.3	461.35
396.3	425.25
400.6	433.7
401.6	434.2
392.5	433.9
394.15	432.7
391.45	432.9
398.15	439.2
396.15	438.75
395.85	437.5
399.25	442.15
396.9	442.95
396.7	443.05
396.4	439.5
601.3	352.65
576.75	337.6
577.75	325
578.65	323.85
580.75	321.9
580.2	324
581.2	330.1
578.15	332.1
577.25	329.6
581.05	323.8
582.8	327.8
581.5	323.9
577.6	327.35
581.75	331.9
611.25	335.6
879.55	559.45
882.75	554.7
881.45	558.05
881.6	560
885.25	564.25
892.25	565.5
879.75	564.25
882.75	563.15
882.25	564.75
877.4	571.4
874.45	562.65
819.2	474.55
804.1	463.05
802.6	464.15
794.4	472.7
796.4	471.15
796.25	465.15
607.45	423.95
293.25	400.35
260.9	399.15
273.55	402.8
278.45	402.15
268.2	404.55
265.2	400.45
277.1	394.5
271.85	389.75
271.45	394.4
271.5	393.55
276.7	390.85
262.65	389.35
268.25	395.85
279.85	391.2
504.5	361.95
493	355.3
490.75	359.2
491.55	356.8
482.8	348.35
496.6	355.55
493.45	359.2
490.9	359.2
493.25	355.9
500.25	354.05
492.45	354.3
493.2	361.35
491.25	359.95
492.35	360.15
406.45	441.6
395.45	443.7
394.1	441.75
392.65	448.95
386.5	446.55
388.45	447.2
386.95	445.3
389.2	445.9
388.15	450.5
388.95	451.6
388.85	449.7
388.4	448.85
390.1	453.7
382.25	447.65
377.25	451.3
380.3	450.55
381.55	445.2
385.1	453.85
383.35	452.7
379.9	443.35
381.1	450.2
380.2	460.2
381	453.7
379.85	453.55
380.2	446
381.55	452.7
374.9	450.3
374.85	453.9
377.65	450.2
378.4	451.1
377.05	455.25
372.9	452.3
381.8	455.15
372.1	450.4
379.35	454.4
377.5	466.55
378	464.85
373.4	462.95
376.2	464
372.45	466.3
373.5	463.95
374.05	465.3
376.6	468.3
372.8	467.85
374.55	467.95
372.05	466.2
376.7	469.1
372.3	470.95
373.6	467.1
373.3	469.7
368.05	466.65
371.65	467.05
367.55	462.55
374.3	458.3
370.1	458.85
471.55	420.95
456.7	352
455.1	351.95
462.5	352.1
462.15	352.6
458.6	353.85
454.75	347.55
460.8	351.1
378.2	393
368.45	481.35
368.55	484.8
368.8	479.1
360.15	485.1
366.75	481.4
386.15	459.85
378.9	465.25
377.1	465.5
378.65	470.6
386.2	468.55
384.4	470.8
379.55	468.35
379.45	463.85
380.5	464
382.65	465.9
385.1	464.2
382.1	469.4
380.55	463.9
377.75	465.35
372.15	464.7
379.95	466.6
378.3	466.1
379.7	466.05
378.1	467
382.4	463.95
377.55	466.1
370.05	462.4
377.25	461.7
372.4	464.55
380.75	467.55
370.4	464.25
371.9	473.05
374.9	467.35
369.15	468.55
369.25	465.75
370.6	471.5
367.95	473.3
372.25	471.75
357.5	470.1
365.05	473.5
370.9	475.45
369.7	474.8
371.35	471.15
370.15	468.7
369.4	471.15
366.55	467.3
369.9	473.05
367.1	470.85
362	461.15
372.85	466.3
368.55	464.7
375.95	469.25
368.9	468.5
369.45	477.55
310	563.65
325.95	540.8
327.8	541.15
328.6	533.4
330.1	545.8
322.25	541.45
322.4	539.95
324.55	535.15
339.55	494.2
324.55	485.45
330.7	489.8
348.4	497.85
348.1	502.6
349.3	504.15
345.25	505.15
346.95	505.2
343.15	505.85
337	499.1
345.55	503.2
342.75	501.05
344.45	496.8
347.2	497.15
344.55	500.4
341	503.1
341	493.8
346.15	483.35
346.85	497.45
344.2	484.65
343.35	497.25
340.85	505.55
347.5	501.15
350.4	500.75
351.65	506.75
374.7	480.05
364.85	475.05
370.8	481.7
373.6	483.35
370.4	478.6
369.5	476.6
363.5	474
362.4	469.8
365.7	474
372.45	476.65
369.45	482.7
374.95	488.6
376.85	475.6
379.8	476.45
384.15	474.45
383.4	469.55
384.65	469.95
382.8	471.7
385.15	469.25
381.75	470.45
386.5	470.6
386.8	459.05
382.35	466.15
388.55	461.6
381.45	454.95
383.9	451.95
393.85	463.15
391.45	462.1
388.5	456.7
392.85	451.2
392.65	443.75
391.3	445.5
391.15	445.4
390	448.9
393.25	444.55
393.8	443.25
399.95	452.35
397.9	458.2
399.15	457.25
571.8	378.9
570.4	370.05
569.9	362.95
569.3	362.15
569.75	361.75
566.8	366.75
564.75	366.3
564.05	368.45
564.25	361.9
522.75	366.85
338	288.1
347.95	294.1
342.2	286.25
343.4	288.2
352.55	282.95
352.7	282
353.65	279.35
350.8	289.15
361.5	294.85
358.75	295
367.35	298.6
363.6	292.1
368.05	299.05
369.6	292.8
364.65	293
375.85	288.15
376.95	285.65
421.1	290.65
617.9	197.95
623.9	205.3
626.15	208.85
617.05	215.2
619.95	214.9
613.9	207.5
615.05	214.55
614.9	213.35
606.5	213.6
605.1	218.1
598.4	225.9
589.6	223.05
591.05	222.35
588.3	220.75
582.8	236
588	235.6
578.65	234.4
585.25	236.8
592	223.95
592.4	229.4
593.9	257.65
0	0
0	0
0	0
0	0
0	0
510.45	330.55
517.15	324.85
514.2	321
511	310.75
510.55	306.8
513.35	318.75
512.25	321.8
517.35	321.2
505.15	317.05
514.2	326.05
515.85	322.4
516.35	317.6
515.85	318.05
506.45	323.75
509.25	322.85
509.55	323.25
508.85	319.15
505.7	322.75
515.4	327.05
510.75	322.95
510.6	316.5
514.85	318.7
516.2	315.65
516.2	304.2
510.45	302.3
512.15	303.8
735.65	357.85
767.7	351.95
763.55	351.8
764.35	349.45
760.7	347.6
761.7	351
758.05	346.3
762.75	351.3
763.6	347.8
759.9	351.3
766.2	347.8
772.85	352.6
769.35	355.95
770.8	352.55
771.65	355.7
767.65	359.05
820.05	232.2
830.75	211.65
826.6	206.6
830.6	212.25
830.45	208.6
835.9	208.45
828.15	211.45
829.25	206.85
827.5	214.7
824.15	211.05
824.35	213.5
508.35	253.25
514.35	264.55
514.4	250.6
505.55	260.95
514.6	266.6
508.75	263.05
511.7	265.25
517.95	183.45
520.6	181.35
513.55	182.55
516.9	181.9
524.95	174.7
523.05	175
515.3	175.1
527.65	179.3
519.75	175.2
521.6	179.25
664.65	438.2
630.9	422.45
630.1	422.15
629.7	416.85
629.4	414.7
634	411.05
632.75	410.15
631.45	417
634.6	414.3
629.45	416.85
633.85	417.3
631.95	414.6
624.25	420.2
624.8	413.05
625.35	405.55
623.35	418.75
625.8	417.25
627.05	415.15
626.65	409.6
619.6	409.45
625	410.05
628.15	415.2
620.05	422.1
622.1	424.4
627.55	418.1
623.9	423.55
622.6	427
618.25	425.1
624.4	422.55
620.3	425.35
621.7	427.65
624.4	427.25
575.8	478.2
563.85	483.35
558	485.65
564.6	480.75
560.55	481.6
564	489.15
561.8	484.75
561.65	486.8
657.6	454
651.35	408.85
653.45	400.65
650.45	392.65
652.05	392.5
647.05	396.5
654.25	394.35
656.15	400.9
653.1	404.8
650.45	403.35
652.65	399.65
650.45	399
654.75	398.1
650.55	395.15
649.15	396.9
647.7	394.2
601.4	403.8
589.5	491.75
591.95	494.45
599.1	492.3
597.75	496.4
597.8	501.75
596.8	503.1
596.85	501.5
595.8	503.45
594.25	501.05
603.25	499.5
602.5	501.05
598.2	505.75
598.4	501.45
601.65	501.55
600.7	501.25
592.35	493.95
598.15	518.25
637.55	335.7
609.15	293.7
604.15	293.85
612.15	291
615.8	284.95
607.45	285.2
609.1	293.7
602.2	292.7
593.75	186.85
600.15	179.55
603.35	184.75
611.1	188.8
607.9	189.7
607.9	179.15
605.55	176.95
608.25	182.9
610.45	185.55
611.2	182.8
600.2	180.2
609.75	181.95
604.95	175.25
607.7	98
606.5	107.5
608.1	108.15
605.25	109.75
606.95	98.95
606.8	109.6
602.7	104.8
598.7	101.5
608.4	104.75
607.7	103
610.15	100.25
603.45	106.25
601.15	98.95
650.6	325
621.05	379.7
629.95	373.35
626.45	384.85
624.75	390.5
617.6	275.9
604.5	295.5
600.95	296.3
597.9	297.75
597.25	294.65
600.85	296.85
589	301.4
591.65	311.1
589.2	311.05
589.35	315.15
585.65	320.7
593.35	329
594.25	321.8
589.95	312.45
588.55	318
591.35	313.65
585	314.75
587.6	313.15
583.95	307.8
580.7	309.8
581.65	308.75
575.95	311.95
575.5	309.7
586.75	393.85
583.25	380.1
583.6	382.25
572.85	382.45
572.65	384.95
572.95	383.3
569.05	379.7
566.2	380.8
565.2	383.1
564.5	381.3
566.2	381.7
560.95	375.05
565.4	369.45
563.95	370.55
558.7	371.65
563.15	372
557.85	369.6
559.35	373.15
556.65	376.05
556.2	370.55
556.65	369.05
556.8	371.4
564.35	377.45
559.25	376.1
555.25	375.7
555.55	380.15
555.2	369.1
551.15	371.55
553.5	380.15
553.75	374.4
552.55	371.15
554.65	368.25
548.65	369.3
552.05	380.75
552.2	369.35
549.85	369.7
549.85	373.1
551.9	369.65
548.9	371.05
546.6	367.4
550.3	367.1
550.65	371.5
542.75	377.65
543.05	375.25
538.3	366
545.8	373.75
545.15	370.8
546.65	369.95
546.2	372.2
545.65	374.75
547.75	370.25
543	373.15
546.15	375.7
544.5	378.45
547.7	382.9
541.75	381.7
540.55	383.85
535.7	384.45
539.25	389.95
538.15	394
540.1	385.5
536.75	392.4
536.75	392.7
540.35	395.2
538.55	396.55
536.55	394.4
536.2	386.3
537.2	388.45
542.55	390.6
540.9	399.5
539.55	390.8
546.6	388.3
545.1	382.2
543.1	381.85
583.15	321.2
581.4	317.55
576.35	319.55
577.5	313.7
579.1	317.3
573	310.05
574.8	311.8
567.3	309.75
575.75	307.8
573.8	310.75
573.3	311.05
570.2	304.4
574.5	304.85
572.6	310.2
567.8	311.35
565.1	306.3
567.3	300.95
573.95	297.05
566.65	289.8
567.5	298.15
562.8	285.85
567.35	289.85
567.1	290.4
557.2	295.6
569.6	290.6
524.45	255.1
522.25	257.9
520	251.85
516.85	251.15
521.1	255.4
521.3	255.4
521.4	254.8
518.1	265.95
591.5	379.25
785.15	519.7
777.6	537.7
782.5	545.75
779.95	541.7
782.2	543.75
782.85	544.1
785.65	533.05
782.05	541.1
782.6	541.65
782	536.7
781.3	537.4
787.45	537.9
783.55	531.75
790.75	523.3
791.55	523.25
785.05	524.6
787.5	517.05
783.8	513.4
786.8	517.85
783.5	513.5
782.85	506.6
781	513
784.7	514.75
785.6	508.2
785.55	507.8
783.3	501.65
782.1	499.1
786.2	496.15
781.05	488.95
781.15	489.25
787.35	479.95
788.8	474.35
786.35	475.3
783.35	473.7
785.35	476.85
782.15	471.75
782	467.15
780.45	456.45
783.1	456
780	446.45
773.4	446.55
700.6	437.35
513.8	381.7
510.25	379.7
499.45	386.3
493.55	386.65
492.05	387.8
480.2	392.55
955.4	416.65
970.7	413.55
967.65	418.15
965.6	407.05
961.75	412.5
958.05	404.15
955	399.3
955.7	407.3
542.45	353.9
569	350.25
563.25	352.4
565.65	358.5
559.6	353.85
560.3	362
627	419.75
726.5	613.9
712.6	654.45
715.45	650.55
719.4	644.1
718.45	641.5
724.95	643.6
716.65	643.05
725.5	639.85
727.6	628.25
725.6	630.2
726.1	632.1
726.8	637.5
523.15	541.75
529.55	533.95
533.05	525.6
537.5	528.95
538.9	523.7
537.75	517.8
543.85	515.95
541.4	515.25
546.9	512.15
543.55	517.1
545.95	520.15
557.8	521.9
553.3	518.25
556.5	524.05
550.3	518.25
553.25	519.55
555.7	519.15
555.9	513.55
554.35	521.85
555.15	512.5
555.75	502.5
549.3	513.95
546.9	506.35
541.65	501.65
539.45	504.25
545.85	499.9
551.65	496.8
548.45	486.95
545.55	484
549.1	495.55
599	287.65
628.35	282.7
631.05	277.75
625.55	279.05
625.3	271
634.65	276.5
624.3	277.35
637.65	280.05
635.25	285.05
631.05	287.55
636.65	295.55
637.4	310.4
637.05	318.95
638.95	324.4
635.35	328.1
634.15	332.6
644.65	337.1
638.15	342.5
638.65	340.25
639.3	340.25
642.25	336.15
641.7	338.25
636.75	335.75
564.7	640.35
576.5	633
581.25	626.75
586.45	612.7
582	606.75
578.85	599.5
585	605.4
586.75	604.35
597.8	447.65
633.55	396.3
632.3	389.9
636.55	391.15
637.35	381.8
638.4	376.8
648.95	371.4
839.35	255.1
835.8	248.15
843.3	244.8
840.9	250.6
839.9	257.55
838.8	266.55
834	269.75
836.15	271.1
838.8	276.5
836.05	288.2
835.2	290.2
830.5	293.65
638.7	321.1
688.55	317.45
682.95	324.15
681.5	338.5
679.85	339.35
676.4	344.7
673.9	344.3
673.25	342
675.5	341.45
674.25	331.1
675.65	321.25
678.55	316.3
678.25	316.1
682.2	307.6
794.55	233.4
793.35	224.65
785.65	229.2
794.7	224.85
786.95	231.7
789.3	229.25
788.1	229.85
780.1	231.3
776.65	233.8
775.85	231.75
759.8	318.4
704.3	591.9
695.15	630.75
698.05	628.6
702.25	617.6
698.05	618.7
690.1	611.05
687.95	605.65
686.2	604.5
678.1	591.45
678.4	591.05
675.2	577.5
671.4	565.3
670.65	565.8
657.45	557.05
654.05	553.05
643.15	541.75
639.35	538.25
635.9	533
960.9	656.3
950.85	648.7
949.3	641.3
949.9	634.15
943.35	634.6
935	628.5
928.4	621.85
922.25	615.65
917.35	613.2
974.55	494.15
954.75	360.5
957.9	354.15
950.95	357.1
951.25	350.9
948.7	347.8
949.45	348.85
946.8	349.5
983.6	459.15
1002.85	461.65
996.5	476.25
1001.95	463.65
991	459.3
982	455.15
982.75	455
978.65	457.2
971.35	455.5
971.9	451.65
964.85	447.5
961.8	446.25
962.95	445.65
961.8	442.85
959.75	442.5
962.35	442.3
954.7	442
962.5	437
885.05	441.65
880.55	445.35
879.1	438.3
867.1	441.85
865.7	452.3
866.95	450.75
873	446.15
868.5	454.65
860.2	448
858	452.9
847.05	443.3
850.75	441.3
844.15	451.3
839.55	446
834.9	442.4
830.1	446.7
823.4	446.45
820.15	446.7
817.45	443.75
822.2	448.3
941.65	484.35
952.3	484.5
949.9	483.25
948.85	487.2
947.25	490.2
913.35	486.7
837.65	494.6
839.3	486.7
833.05	488.6
841.9	487.2
841.05	489.35
845.15	487.2
841.3	485.3
854.55	490.2
870.1	474.3
864.25	476
867.75	473.95
867.35	477.05
865.1	470.15
872.6	473.25
875.15	470.55
866.7	474.9
863.85	480.8
866.35	483.8
870.9	480.1
866.75	482.2
874.5	471.95
871.8	470.4
872.7	466.5
866.05	466.25
872.9	462.4
871.95	461.45
873.15	459.45
871.1	458.65
865.95	456.65
869.35	452.75
864.1	455.35
567.8	472.55
548.1	472.85
547.2	471.4
538.9	470.75
536.4	473
535.05	468.3
531.45	465.8
534.25	460.5
534.15	457.15
530.95	452.65
532.15	435.8
524.15	430.5
520.1	424.45
517.45	414.2
508.45	411.85
497.4	402.65
870.65	478.3
873.75	472.65
841.05	471.4
828.35	463.05
812.05	449.95
799.2	438.25
772.05	416.75
750.25	398.35
744.05	394.7
724	383.3
705.9	361.1
692.6	337.1
671.7	320.6
654	315.5
637	307
620.35	297.65
611.85	291.4
603.1	290.6
596.25	282.35
586.1	288.7
586.95	288.85
576.7	284.95
583.75	284.85
571.6	290.85
572.7	295.9
581.25	293.7
585.05	289.3
424.4	385.7
440.65	375.9
442.15	379.3
447.05	381.5
439.3	372.1
437.55	376.6
768.1	470.65
792.6	469.9
790.9	470.15
797.6	462.7
796.45	455.25
796.15	454.55
798.35	448.3
794.75	452.3
1052.9	383.9
1027.9	368.05
1017.25	360.1
998.6	356.6
997.7	351.35
976.85	342.95
954.65	337.45
942.45	333.4
933.3	332.45
919.55	337.8
904.75	328.45
898.55	326.65
893.8	328.95
881.15	327.4
872	306.45
869.85	307.65
860.35	305.35
819.05	313.85
662.45	357.1
648.95	361.15
638.9	352.2
628.15	349.85
619.1	348.7
622.25	354.7
615.1	356.3
605.5	364.05
605.7	358.45
608.35	350.6
613.25	352.05
614.45	344.35
619.7	341.95
623.5	340.9
622.3	340.2
616.45	332.2
619.45	324.7
621.3	318.35
617.4	307.6
616.1	317.5
625.3	311.5
623.45	307.05
618.9	304.3
616.75	300.4
612.25	299.6
611.55	297.8
605.5	303.2
601.55	303.1
604.9	304.1
607.75	302.35
603.95	299.55
187.65	371.1
9.89999999999998	419.65
23.1	420.8
30.9	426.55
41.4	425.35
54.3	417.65
69.15	417.05
76.1	416.65
75.55	411.9
85.35	417.95
88	419.9
77.7	554.1
84.45	563.25
89.85	559.75
100.85	557.8
103.75	556.8
108.5	550.6
124.5	538.7
124.5	541.1
133	537.4
89.4	518.3
6.39999999999998	380.75
3.64999999999998	385.55
14	390.6
24.85	383.25
43.2	380.2
48.75	376.5
56.15	376.5
57.55	371.75
71.6	374.65
69.35	371.45
75.75	367.25
87.45	362.75
93	365.85
88.9	363.2
97.35	366
109.55	358.75
119.4	357.55
86.85	468.7
93.9	465.25
103.3	467.1
106	465.5
115.15	464.2
116.95	461.55
115.7	467.25
126.1	467.55
127.65	458.7
132.75	464.2
136.5	452.45
121.6	451.05
150.8	441.2
160.95	438.45
117.85	259.85
122.4	208.15
140	205.55
470.65	224.6
579.9	230.75
579.05	218.7
575.7	208.15
571.5	206.2
570.9	211.3
574.9	215.65
580.4	218.1
348.6	209.15
369.1	208.2
362	209.35
374.35	200.5
369.7	203.85
377.75	201.85
380.95	200.25
380.2	198.45
388.9	193.85
516.35	202.95
531.9	201.7
535.75	195.25
536.4	193.1
539.15	181.35
538	176.65
545.75	180.1
543.45	176.5
550.05	175.5
553.9	168.45
554.3	176.75
557.55	179.8
545.2	184.8
563.65	193.85
604.5	200.8
727.5	238.8
715.75	239.9
721.35	240.25
720.7	235.65
724.9	232.85
722.05	227.4
723.35	222.3
723.55	225.25
718.1	227.4
720.05	224.7
718.4	230.35
719.85	231.6
720.2	228.8
720.05	228.2
719.5	227.6
714.75	222.1
709.5	225.4
660.65	205.75
657.5	214.25
651.9	214.65
654.95	219.5
651.1	210.7
654	218.35
650.1	218.7
650.2	212.2
648.3	211.4
640	219.1
640.35	221.1
643.05	222.05
638.65	225.35
645.35	223.15
639.85	222.9
637.75	215.1
648.6	220.55
647.1	216.55
651	208.85
647.8	213.05
644.6	209.85
647.65	209.15
598.35	239.4
570.3	223.35
570.8	218.6
570.4	222.65
573.2	226.9
572.6	227.35
573.25	232.45
579	231.15
573.95	238.5
586.55	268
587.1	265.9
575.7	264
590.3	271.6
587.3	282.2
589	293.95
0	0
0	0
0	0
0	0
767.15	308.6
769.95	312.75
767.95	309.55
771.6	304.2
775	299.35
779.55	293.5
780.75	293.05
773.6	294
773.8	291.05
776.05	285.85
774.85	293.15
783.1	295.8
777.85	294.5
780.85	296.4
804.35	293.85
875.05	253.85
869.95	255.85
873.25	256.3
876.05	251.15
874.15	253.75
874.85	256.5
875.75	251
578	407.4
552	423.6
555.4	426.8
556	426.05
558.85	424.7
524.75	390.75
518.95	374.7
523.35	380.05
527.75	382.3
524.3	383.9
443.5	378.5
369.5	353
367.95	363.15
369.5	364.1
361.6	361.35
368.15	355.65
590.75	377.2
614.55	377.9
619	383
616.25	385.15
620.55	386.6
614.55	383
615.75	393.15
597.2	381.8
503.55	373.7
504.45	374.2
504.9	371.05
504.95	370.8
504.45	369.6
506.95	376.45
499.55	377.95
504.95	378.45
507.5	372.7
502.35	374.4
503.1	378.55
502.85	371
501.2	377.6
688.85	390.05
721.5	385.85
715.95	388.4
720.8	390.85
722.7	391.5
723.7	390.25
721.35	390.35
720.4	389.05
723.85	384.95
721.15	381.15
715	390.55
719	386.85
719.05	387.55
718.1	389.45
718.05	379.85
724.1	389.65
716.1	386.25
598	376.2
504.45	369.35
507.8	371.35
497.9	360.35
501.55	359.05
502.1	363.65
501.55	364.85
501.1	364
498.15	365.4
496.6	358.4
498.75	359.2
502.9	361.8
501.9	358.8
497.4	357.9
641.25	303.4
645.05	301.55
641.95	301.9
644.5	297.45
652.15	299.65
646.75	296.45
649.6	295.4
648.1	292.2
645.7	293.6
650.25	296.6
649.65	296.4
647.15	299.95
649.3	296.8
646.5	303.15
648.95	295.75
641.9	297.95
645.65	298.35
631.75	281.85
637.45	279.95
628.7	279.8
627.75	281.85
627.45	270.45
636.4	275.25
626.8	277.4
630.4	273.25
632.05	270.45
628.6	275.7
630	269.2
628.95	266.75
631.95	267.15
635.15	269.1
633.75	269.35
630.55	266.35
629.25	267.25
625.6	269.45
628.1	267.4
629.95	269.15
632.85	267.45
633	265.25
630.75	264.4
627.15	272.4
634.95	269.15
636.15	275.25
626.4	270.05
637	276.3
636.45	282.1
631.95	284.05
630.45	278.3
635.25	297.5
631.55	286.5
634.8	290.75
638.95	284.3
636.2	283.9
638.3	281.75
631.7	282.8
634.2	277.8
632.35	265.35
506.1	324.25
541.75	333
538.2	335.3
537.05	343.6
539.8	329.8
541.35	336.1
543.9	338.3
537.05	334.45
538.1	335.3
580.85	305.85
580.2	306.35
578.4	305.55
578.6	306.25
579.6	311.4
579.35	310.95
484.9	244
487.6	261.35
486.55	257.6
491.4	257.95
491.15	259.85
489.5	259.45
483.8	252
484.5	252.55
483.05	251.95
617.65	332.35
641.3	337.45
637.45	341.8
637.35	337.2
642.85	335.3
634.65	337.7
635.45	330.95
635.4	329.5
644.55	335.2
637.85	332
638.7	329.95
638.5	322.9
638.95	319.75
635.65	325.15
634.05	322.85
637.85	321.8
636.35	320.1
640.25	321.2
633.15	322.65
642.6	320.9
636.9	308.85
633.8	332.65
633.35	325.85
631.15	327.6
634.05	328.3
637.65	324.1
635.6	315.65
635.85	313.7
632.75	316.65
480.25	291.65
477.55	280.95
476.7	272.4
472.75	274.85
476.1	272.35
473.45	269.55
520.15	292.85
608.85	395.95
601.3	397.8
599.35	399.7
596.35	405.1
593.65	404.5
594.15	413.05
631.4	410.9
629.05	417
635.3	414.5
632.2	410.75
630.15	412.85
532.9	522.9
534.1	525.25
531.9	528.75
528.95	533.1
532.15	531.4
