646.6	317.4
647.1	313.8
639.8	322
644.25	321.8
643.55	321.95
647.55	320.85
643.7	319.45
637.75	317.2
637.55	319.15
644	316
642.4	319.1
639.5	324.15
642.55	318.95
634.65	320.5
636.65	318
637.9	318.45
637.5	319.35
641.95	324.75
638.75	329.2
639.3	328.65
638.65	327.75
631.35	333
626	246.3
634.8	107.4
630.75	100.95
626.25	102.75
628.4	101.9
628.1	102.25
633.35	107.5
627.9	105.25
626.95	107.8
632.6	118.25
631.2	113.7
626.05	113.85
625.2	113.6
627.95	116.55
627.15	116.4
627.7	115.1
628.55	114
628.9	119.65
627.3	125.8
632	129.6
631.8	133.25
631	132.85
480.35	187.85
483.85	185.15
484.7	187.8
481.35	192.85
486.05	194.7
479.6	199.7
482.75	198.85
482.95	205
487.95	205.8
488.75	211.15
488.4	212.35
489.65	217.35
486.3	224.2
628.85	151.95
636	155.1
640.4	163.75
639.7	166.25
639.95	173.15
636.75	178.1
682.95	124.7
0	0
0	0
0	0
815.4	0.25
810	4.60000000000002
807.85	8.39999999999998
799.25	17.25
813.5	47.95
799.4	62.4
801.9	62.3
791.5	66.75
786.8	70.05
782.8	72.15
774.75	78.8
770.75	81
765.15	84.65
762.2	93.1
754.85	99.5
749.4	102.85
742.15	111.25
742.35	120.3
738.55	124.7
730.95	129.45
721.35	131.4
716.9	137.05
709.1	142.35
706.4	149.15
703.35	154.9
710.5	147.65
943.4	45.25
948.85	45.25
938	53.25
932.15	57.8
927.45	61.9
921.9	65.8
916.1	74.55
912.65	76.05
916.15	75.25
910.3	74.1
905.65	75.6
705.75	177.25
684.6	190.85
676.1	193.9
672.25	191.7
665.1	194.75
0	0
0	0
0	0
0	0
0	0
0	0
643.95	235.35
0	0
0	0
0	0
639.45	238.7
640.75	238.95
646.65	235.95
647.3	235.4
639.5	244.95
642.05	247.3
643.8	252.35
643.95	255.1
645.7	263
643.45	262.6
638.35	266.25
637.45	268.65
812.3	144.65
815.5	142.4
814.5	147.35
814.4	146.55
809.2	151.95
806.55	156.8
805.65	159.65
801.95	162.95
802.5	162.35
804.9	166
804.05	166.5
797.85	170.65
800	167.8
796.25	170.95
793.45	174
792.55	173.05
792.5	169.6
787.25	178.3
791.05	178.4
788.5	182.95
787.95	181.85
784.95	183.95
754.3	256.05
752.95	253.35
751.75	256.35
752.1	257.4
747.85	260.55
747.8	261.2
741.2	264.65
738.4	260.35
635.25	280.55
624.45	282.25
622.45	284.9
626.6	284.4
627.85	290.8
623.5	291.7
623.5	290.45
624.6	290.65
625.6	282.65
622.95	283.1
624.6	280.6
630.65	282.1
632.95	285.4
635.4	280.6
634.3	278.8
521.6	277.4
515.75	281.5
516.65	272.6
518.3	267.65
520.6	266
518.85	268.8
520.05	267.15
519.8	269
522.65	266.6
526.3	266.6
530.05	270.95
533.75	272.9
537.55	273.85
645.95	187.55
640.15	194.6
642.4	196.55
647.9	196.75
650.95	195.6
650.5	195.75
652.25	192.7
658.6	190.55
660.45	195.4
662.3	194.55
667	194.8
667.2	195.95
671.95	198.05
567.55	212.85
565.9	210.75
570.25	213
572.65	214.9
573.5	220.8
574.9	221.8
573.3	224.15
575.45	215.85
574.35	217.05
577.75	225.75
580	228.25
584.45	231.25
667.2	270.65
667.1	273.6
672.75	287.9
673.8	293
675.3	298.15
677.4	304.2
680.85	313.8
686.3	317.9
689.65	321.5
691.75	327.85
693.8	335.15
626.55	348.6
615.1	343.2
612.3	348.3
612.05	356.9
610.1	362.9
609.2	371.6
607.9	382.65
606.6	387.85
606.85	392.15
607.6	397.35
608	405
600.15	212.55
619.7	173.7
616.15	177.4
613.6	177.2
614.05	178.55
609.65	180.95
608.25	182.2
611.15	180.3
607.75	194.3
603.85	202.85
670.6	132.85
735.25	75.1
741.2	75.3
743.9	77.85
740.8	80.8
743.5	79.85
744.1	85.1
738.7	95.25
733.8	102.9
733	106.9
730.45	110.75
724.8	114.55
719.95	121.55
719.2	130.6
715.6	135
711.1	140.5
705.6	145.8
702.5	149.85
697.9	153.95
696.1	160.95
689.85	170.4
681.6	174.85
679	179.3
677.7	187.55
686.3	122.65
681.15	126.1
675.05	128.4
676.15	130.25
668.3	133.6
659.9	136.75
658.05	141
652.5	147.2
647.2	159.45
650	167.05
642.9	171.25
632.6	176.65
629.8	171.8
627	177.6
623.75	186.1
619.15	199.05
611.5	207.65
606.55	202.65
600.9	203.5
596.45	212.9
597.25	224.95
619.2	175.9
620.45	171.6
614.7	171.55
614.6	177.15
0	0
0	0
0	0
0	0
609.95	154.7
605.3	154.45
606.85	157.75
606.55	162.6
599.05	167.05
599.05	166.45
601.65	169.75
596.3	176.35
593	179
587.05	180
587.7	186.45
587.9	188.55
586.85	198.45
0	0
0	0
0	0
0	0
598.1	196.8
599.45	200.05
599.65	204.3
599.35	211.65
602.25	210.4
592.55	224.4
590.75	229.2
586.25	226.5
589.2	230.85
590.8	236.35
616.65	133.25
610.05	134.85
608.4	134.55
609.9	133.25
612.75	134.5
611.65	136.65
614.8	136.05
610	142.1
609.8	142.65
604.65	205.3
602.85	222.8
602.7	222.75
604.55	228.95
606.75	230
606.15	236.85
607.4	238.1
606.7	235.25
607.4	237.95
608.4	243.6
608.35	246.85
607.65	254.75
606.5	258.55
636.5	305.1
637.3	307.8
640.3	316.2
641.8	323.85
644.95	328.5
646.95	335.5
643.65	337.5
647.75	344.15
651.05	350.45
652.95	359.2
658.45	367.6
662.8	380.8
669.2	389.85
666.6	402.8
673.6	409.35
675	424.3
676.55	436.4
678.4	452.35
678.4	468.15
680.05	471
679.3	484.5
683.1	493
686.35	509.3
690.35	524.85
690.8	539.05
693	553.65
692.9	562.15
688.6	577.7
688.75	589.05
690.6	600.65
649.75	424.45
651.1	366.2
651.7	367.35
650.55	369.2
648.95	378.45
649.65	383.35
652.1	392.2
647.15	401.85
635.3	412.3
607.4	363.4
600.55	374.7
603.55	381
598.1	399.05
599.9	398.8
598.35	408.65
598.15	419.15
600.25	425.15
562.8	319.15
551.7	280.95
548.2	281.4
547.6	287
548.3	290.7
551.9	296.4
549.3	302.15
550.2	305.6
548.95	308.7
550.85	311.5
551.85	319.5
549.25	324.7
550.95	330.75
549.65	340.25
549.5	346.8
552.5	351.3
558.95	355.75
559.7	359.45
518.65	350.4
521.3	345.7
526.8	352.95
532.85	358.05
450.25	298.65
443.25	306.45
447.55	307.75
451.2	313.85
450.65	318.45
451.45	321.85
451	329.35
447.05	338.75
449.5	344.9
322.45	256.8
329.85	255.35
332.5	258.45
333.1	268.85
333.1	272.05
334.45	275.25
340.15	274.75
344.45	274.6
348.25	274.75
357.5	276.05
361.3	277.5
366.55	278.65
368.55	279.2
374.35	281.55
472.85	382.25
476.9	394.05
481.85	396.85
486.7	401.85
493.1	404.3
498.65	407.25
503	418.1
504.2	424.9
510	425.2
368.65	335.35
265.9	189.75
270.15	193.9
274.45	194.3
277.1	191.7
281.4	188.2
288.9	193
293.35	191.85
300.8	193.7
308.1	191
313.25	188.95
322.7	191.8
491.05	322.45
497.5	357.8
505.6	349.8
513	356.95
517.3	365.35
521.9	364.45
527.7	364.15
537.25	372.55
390.4	146
379.05	135.65
377.25	153.05
384.95	153.15
398.5	149.75
397.9	151.25
401.05	153.4
406.95	153.4
410.75	155
415.3	155.05
416.2	160.25
422.1	158.3
423.75	158.05
400.7	166.3
409.3	168
407.3	170.3
409.95	171.8
413.3	173.4
416.7	173
420.5	174.25
422	175.05
426.05	179
429.7	177.75
430.85	179.1
432.65	185.35
437.05	186.75
438.95	183.05
443.95	190.05
442.45	193.7
440.45	195.6
443.9	194.95
450.9	195.7
449.8	199.2
455.95	200.15
477.55	186.6
478.6	191.4
479.65	195.8
480.45	199.25
486	198.3
489.05	198.15
490.6	199
495	201
492.7	199
495.6	203.2
496.85	204.9
500.5	210.55
502.2	212.2
496.2	220.3
497.8	218.9
495.65	213.15
504.25	214.65
505.6	214.1
506.35	212.2
506.75	214.15
507.6	212.35
506.75	217.75
513.9	219.9
516.6	222.7
518.4	222.45
525.85	227
529.1	231.2
533	233.3
535.55	241.85
537.95	247
542.6	248.55
545.3	251.8
546.25	251.75
550.75	253.4
551.45	256.2
551.85	254.9
554.35	258.95
559.3	256.65
564.25	254.4
565.25	258
572.1	254.7
575.25	253.55
580.6	255.9
587.5	257.9
593.9	267.7
597.15	272.55
598.45	277.75
597.85	282.2
579.9	268.5
577.35	269.5
577.1	277.5
577.8	279.9
582.6	280
587.35	278.3
589.75	280.45
586.6	284.1
588.9	285.75
593.1	287.05
597.3	288.55
597.05	294.3
601.45	296.9
601.65	296.7
605.9	295.8
607.35	300.8
606.6	298
610.8	300.4
611.75	309.65
610.7	313
611	315.55
616.9	314.8
616.1	317.15
615.5	320.95
620.75	319.5
621.95	324.3
619.7	328.35
597.8	301.65
604.55	309.1
605.35	312.25
607.15	313.5
604.6	313.65
606.35	314.8
605.1	313.9
610.75	318.2
614.2	320.45
616	326.85
616.1	328.6
618.9	332.05
620.4	335.5
613.1	329.65
614.4	330
618.55	332.1
621.6	333.8
623.25	333.7
623.8	337.75
623.65	342.75
629.7	342.95
633.4	344.95
637.3	350.15
642.4	352.95
645.35	354.65
648	357.7
652.5	360.2
653.85	365.1
659.35	368.8
664.8	373.4
670.95	376.35
675.1	380.1
679.1	383.9
683.55	384.9
686.8	387.1
690.25	389.9
698.45	394.1
705.85	397.6
706.5	404.75
710.55	406.35
714.05	409.6
714.3	413
715.6	415.15
716.35	416.65
716.55	417.7
714.8	419.5
646.2	390.45
646.85	391.45
649.15	392.45
645	396.6
646.5	396.35
643.9	399.25
645.2	402.5
645.6	402.05
644.55	404.5
646.05	406.15
646.4	407.9
643.4	410.95
642.15	413.25
643.8	412.75
644.45	417.1
644.75	415.35
645.85	416.3
644.25	417.85
647.25	419.3
646.25	419.8
642.5	420.9
646.7	419
645.5	419.2
641.45	423.9
642.35	425.8
640.85	425.1
642.9	425.85
642.75	426
644.95	427.65
643.35	427.5
647.1	424.9
648.65	424.45
642.85	430.5
640.8	427
640.35	424.1
612.5	410
611.6	416.05
609.6	418.4
611.05	415.2
612	417.45
609.9	425.2
610.55	423.8
613.95	423.45
614.6	425.05
612.2	422.7
612.1	418.45
612.9	416.8
615.1	418.1
616.85	417.6
620.55	415.7
621.2	415.25
622.75	414.5
627.9	418.5
626.9	421.75
628.7	422.7
628.8	426.65
631.7	425.05
637.1	424.3
637.05	425.45
635.35	432.2
637.45	427.35
637.2	427.2
636.05	429
688.4	350.9
705.05	279.6
708.35	267.3
706.45	273.35
705.2	277.15
705.2	281.65
708.95	285
709.3	283.3
706.2	276.55
711.05	275.8
706.85	288.7
708.45	288.75
703.6	293.25
701.75	293.85
705.15	291.35
705.4	291.05
703.15	293.15
706	293.6
703.95	295.8
701.6	297.55
700.15	297.1
705.6	298.45
706.4	302.85
701.5	308.55
510.6	347.7
264.7	365.5
265.15	380.1
271.25	383.3
278.9	383.95
287.7	384.15
297.15	387.9
312.55	389.1
329.4	391.05
339.5	393.65
350.4	390.95
365.25	389.95
376.9	385.7
316.9	302.85
319.35	308.4
326.2	310
331.4	310.65
341.05	307.8
349.9	309.65
354.6	313.35
364	313.7
370.5	315.3
373.8	318.45
374.4	326.4
378.65	327.85
380.75	326.85
383.6	326.7
389.65	325.85
389.05	324.4
388.1	326.8
389.75	329.8
395.2	326.15
394.85	327.05
396.2	331.2
393.75	330.3
394.55	332
395.45	330.8
397.2	326.6
392.5	326.35
400	330.4
399.6	331.85
398.4	329.15
399.45	328.5
401.5	326.1
403.25	327.55
404.15	335.2
406.6	335.25
408.4	337.5
410.25	337.45
412.75	337.8
413.3	339.8
413.7	335.3
413.55	339.8
409.8	343.2
417.2	341.9
415.3	340.65
419.45	337.55
418.8	338.9
417.9	339.05
414.8	341.3
412.8	326
0	0
0	0
0	0
414.85	301
416.5	295.75
0	0
0	0
0	0
0	0
423.95	327.5
428.45	329.1
428.6	332.45
428	322.15
430.9	319.85
426.7	324.7
428.1	331.15
775.6	391.65
785.1	405.45
781.9	407.85
784	410.05
783.65	409.55
803.6	421.1
806.95	422.4
812.05	421.3
817.25	422.25
816.5	422.6
817.2	424.7
816.6	423.2
815.5	422.3
815.75	423.75
815	423.3
816.75	424.9
820.75	431.65
817.75	433.1
816.7	428.65
814.6	428.4
815.3	425.25
642.05	388.3
474.05	363.5
466.75	367.75
462.95	368.3
461.75	368.6
468.6	370.15
464.3	377.7
461.25	375.15
460.7	385
462.8	377.8
464.25	376.8
464.45	376.95
435.6	358.4
423.75	315.2
422.25	313.65
429.05	306.65
428.95	314.05
425.4	308.6
426.9	309.3
426.85	306.75
428.5	307.05
427.5	311.4
424.15	311.1
424.6	315.15
426	318.65
427.85	318.4
426.9	316.4
428.4	312.7
427.6	317.5
428.15	322.65
427.15	319
426.55	315.1
429.75	317
429.55	318.7
428.2	316.2
425.15	312.6
800.95	362.5
819.8	375.2
818.6	377.25
820.5	379.05
820.8	377.1
821.15	380.9
821.8	381.75
823	381.5
825	379.35
826.2	382.55
823.85	382
824.4	381.8
825	389.25
824.85	382.55
824.6	382.95
821.25	376.6
818.05	380.15
813.55	382.55
811.45	382.55
804.9	382.9
751.9	340.35
749.6	335.6
747.75	339.6
749.15	341.75
747.15	340.3
747.45	343.15
745.3	345
744.4	345.6
746.8	342.1
744.65	341.8
741.3	342.75
742.7	343.1
742.45	341.95
743.25	341.4
739.6	343.8
738.6	341.5
740.25	343.7
735.6	345.25
735.95	340.15
734.95	341.45
734.75	342.65
734.55	343.25
732.45	340
729.75	340.45
724.05	341
721.9	338.45
714.75	343.8
631.45	251.55
624.55	238.1
626.15	238.95
629.8	239.6
630.55	239.8
630.2	240.05
632.7	235.7
628.6	238.4
630.8	238.65
632.55	241.35
632.75	243.5
633.75	247.3
629.1	247.55
630.85	244.55
630.55	245.4
629.95	244
628.4	249.7
628	247.8
627.75	247.85
628.1	250.9
628.25	251.75
627.2	253.75
629	251.5
627.95	254.3
629.2	256.15
629.05	256.05
629.5	258.8
631.15	257.6
631.1	258.4
630.1	258.75
629.4	264.25
630.45	265.6
628.75	265.15
628.2	265.4
631.2	261.4
630.45	262.8
631.95	265.6
638.2	261.5
637.65	261.9
638.75	264.2
640.05	263
638.1	265.05
637.35	266.95
639.8	268.15
639.3	271.2
638.6	273.2
637.9	277.3
637.2	278.9
635.95	281.65
634.9	281.6
633.35	282.85
633.9	285.95
631.7	288.15
630.8	290.9
628.7	292.85
638	287.4
633.9	292.5
634.95	291.45
633.1	291.9
629.8	294.35
627.8	294.75
627.8	292.35
629.25	294.65
627.3	288.05
630.9	281.4
628.75	284.35
630.95	286.55
632.4	289.65
629.25	291.2
630.75	289.15
633.65	287.35
634.35	290.05
648.2	296.55
759.95	356
765.75	358.7
765.4	363.25
767.9	368.3
768.7	367.55
768.25	372.45
770.5	371.7
768.25	375.65
768.75	375.2
770.3	372.9
856.95	382.55
865.9	380.25
860.4	382.3
859.95	378.2
860.65	376.2
855.85	379.65
855.4	382.1
855.8	385.25
854.9	383.2
854.05	380.25
877.95	502.35
880.3	522.6
886.35	519.5
885.85	523.3
889.55	523.35
888.7	523.65
889.8	525.2
885.3	525.2
889.7	525.2
889.25	529.35
897.9	529.35
893.15	535.2
894.35	535.15
891.95	535.15
886.5	535.15
894.1	534.95
905.25	536
905.3	539.7
906.3	538.8
907.65	534.95
904.65	533.65
906.3	534.85
908.35	536.6
906.7	537.8
909.05	540.7
913.9	541.2
916.3	540.15
908.35	544
909.8	542.85
909.05	546.05
909.95	546.95
913.05	540.4
911.65	541.15
910.5	540.8
913.45	539.65
914.2	541.5
913.8	545.2
913.3	545.35
918.5	546.25
921.7	544.4
924.7	544.65
924.35	547
923.2	548.6
923.1	549.1
925.95	548.1
929.2	546.8
931.25	546.05
928.7	547.8
926.3	546.1
929.1	547.75
933.35	550.4
933.7	549.4
934.2	548.3
930.55	548.8
930.5	548.8
932	548.95
929.6	549.3
934.2	548.3
935.45	547.3
934.95	546.85
935.45	546.25
942	548.4
943.6	551.35
946.35	548.3
949.55	547.1
951	547.4
945.25	549.5
942.25	555.05
941.95	553.25
944.75	547.55
946.5	550.4
896.65	552.35
814.45	527.25
809.05	523.3
814.2	521.85
814.4	527.2
815.7	528.15
817.9	531.15
817.9	530.7
819.9	527.55
822.05	528.25
825.45	527.5
827.25	526.5
829.2	531.45
832.1	530.25
836.4	530.95
840	532.4
840.7	529.65
841.35	532.95
843.45	534.65
845.05	533.9
847.25	535.15
850.4	529.15
540.75	479.85
499.9	470.65
503.55	473.75
503.5	477.9
506.7	475.4
507.25	476.05
303.05	465.3
235.35	476.55
232.3	482.6
233.5	485.55
241.05	483.9
241.05	486.25
238.15	489.8
238.25	488.6
240.25	487.65
247.9	489.1
252.15	490.8
249.2	492.3
250.85	495.4
251.05	497.35
257.9	495.6
257.6	496.9
260.3	493.9
264.95	495.05
272.3	495.4
277.15	498
279	498.7
279.75	497.9
280.4	500.65
284.9	499.7
288.25	497.45
293.15	494.1
296.35	492.95
299.05	494.4
300.1	499.45
300.15	500.35
302.2	502.7
303.45	502.6
304.75	503.5
311.8	503.15
314.25	502.15
315.65	501.9
317.8	503.1
317.1	502.2
323.35	502.75
327.35	502.45
329.45	500.6
331.05	504.45
328.45	506.4
326.9	512.25
331.9	509.6
331.5	507.15
333.4	508.8
334.35	506.3
339.5	500.95
340.4	502.5
342.55	503.15
344.75	507.05
355.25	500.95
354.15	505.4
354.6	503.95
354.55	507.75
356	509.3
358	512.05
367.45	505.3
366.05	508.25
363.15	507.5
362.85	508.55
364.7	512.3
372.85	509.45
378.8	506.3
379.4	507.1
382.6	507.75
381.4	510.55
381.8	509.95
379.9	514.35
381.1	514.25
380.95	517.1
384.25	517.95
386.2	519.7
385.2	523.85
388.75	520.75
389.1	519.75
393.25	517.4
393.8	518.8
397.85	514.5
399.05	519.2
398.75	524.4
398.35	523
399.1	524.2
400.35	524.45
400.1	524.25
399.2	523.8
399.55	525.6
402.9	528.15
404.25	527.7
405.05	527.15
409.5	523.05
409.7	523
411.55	524.65
412.7	527.9
412.1	527.6
411.6	529.25
408.4	529.6
410.9	527.9
411.55	530.6
412.75	528.4
414.3	525.05
414.55	524.45
415.1	526.1
415.8	523.4
417.6	521
418.6	518.8
420.25	522.7
421	521.6
421.25	524.8
420.8	523.25
420.65	525.65
422.4	525.75
423.3	524.8
423.7	525.1
423.55	524.3
424.65	523.4
422.25	525.55
421.25	526.1
425.05	521.25
420.8	522.6
424.05	525
428.3	525.7
422.7	527.45
427.3	521.55
423.45	521.6
427.6	527.75
428.05	534.85
432.85	527.1
430.65	529.5
432	525.7
427.15	528.25
427.3	525.85
427.65	524.25
429.15	528.4
428.3	529.95
428.1	531.5
429.55	529.5
429.55	527.6
432.5	521.65
431.85	527.3
431.05	530.65
432.65	531.4
434	528.2
431.45	531.35
433.5	531.35
510.7	471.35
830.4	310.8
843.15	312.25
842.9	318.7
844.65	314.5
845.8	314.55
845.1	314.8
850.05	316.8
850.3	315.9
850.9	319.55
854.35	317.65
851.75	321.1
852.75	317.5
853.45	319.25
854.6	317.95
860.7	315.3
858.25	316.5
864.7	315.9
862.65	321.6
864.75	320.2
866.95	317.75
868.05	319.65
869.15	318.55
871.25	317.25
869.25	320.55
867.1	318.6
867	320.85
869.1	320.55
868.05	318.3
867	318.8
868.55	323.4
868.5	325.95
874.3	323.7
877.35	315.65
872.6	321.05
870.45	322.5
474.25	411.3
426.95	452.15
419.2	460.35
415.45	464.05
416.75	460.75
416.8	461.15
416.1	463.55
412.5	463.1
418.4	470.2
414.6	468.2
416.4	466.4
417.4	471.55
417.45	474.3
414.95	471.2
415.85	470.1
415.3	470.15
415.65	472.95
415.6	472.75
417	473.75
418.8	471.25
420.35	473.2
421.2	473.7
420.1	475.05
426.4	480.75
427.1	477.05
427.45	474
426.5	478.85
425.85	478.3
421.85	479.85
422.1	475.3
425.3	474.7
425.3	475.3
422.85	475.85
422.05	475.5
424.75	478.5
427.45	479.35
427.95	481.05
431.35	480
433.05	478.55
431.85	480.35
427.7	479.55
428.65	478.35
428.1	480.9
429.75	483.05
431.15	479.5
431.55	479
432.8	479.55
431.4	483.35
432.2	483.2
435.65	480.5
433.5	481.7
431.8	483.2
431.95	484.85
435.05	482.85
433.35	482.7
433.85	485.4
435.2	485.85
434.25	484.95
439	483.65
433.95	487.55
437.05	487.55
437.4	486.15
438.05	484.7
439.4	485.8
443	484.9
445.1	481.6
443	483.2
438.8	483.95
441.75	483.6
445.35	482.75
444.95	482.9
440.65	488.7
440.95	486.75
445.35	492.3
445.25	494.85
447.2	493.4
449.7	492.6
453.9	489
452.95	492
450.2	495.6
454.05	485.6
453.85	485.25
454	484.75
455.05	483.95
454.8	485.7
454	486.25
455.55	486.85
453.1	488.8
452.05	491.45
455.05	493.95
461.85	494.7
455.1	491.3
454.7	490.05
458.1	490.4
458.7	488.4
456.9	488.05
459.2	490.7
460	490.3
461.35	488.9
457.35	490.5
458.3	488.95
461.9	488.75
460.05	489.75
461.35	487.25
459.85	486.75
461.25	489.7
459.4	487.35
458.45	489.75
458.2	497.25
461.05	491.8
461.9	489.7
459.7	493.9
458.85	497.05
462.05	494.4
465.6	495.9
465.2	496.15
468.25	492.9
465.05	495.4
463.45	497.25
465.05	494.15
467.5	492.55
467.25	495.35
466.55	495.6
466.95	496.25
467.05	497.45
470.85	497.9
465.25	500.05
466	501.85
469.15	497.25
469.75	498.15
466.25	500.45
470.6	500.4
468.75	496.3
467.55	498.15
467.6	499.8
470.25	496.3
469.6	497.3
467.8	496.05
466.2	497.25
466.5	499
470.6	497.25
470.3	497.85
469.25	500.6
469.45	500.45
470.05	499
472.3	497.2
471.65	495.65
473.8	494.65
472.9	497.8
469.85	499.7
469.3	501.15
473.65	498.2
473.55	495.95
472.6	498.35
471.7	494.25
474.85	496.5
475.4	494.75
472.2	499.45
473.1	499.15
474.4	507.25
476.4	503.5
476.9	501.65
473.6	504.2
478.5	499.85
475.95	500.55
476.15	500.8
476.25	499.5
478.65	499.3
479.35	498.4
480.05	500.55
479.1	499.4
477.95	503.45
478.9	505.45
480.65	502.25
476.6	505
480.1	509.25
478.1	507.2
475.5	504.25
475.95	506.35
823.8	483.25
1024.15	498.95
1034.55	504.3
1038	507.85
1041.25	509.1
1036.75	515.75
1037.3	514.35
1031.4	510.2
1042.15	511.55
1092.45	531.5
1094.6	534.65
1095.05	535.65
1096.7	536.4
1099.4	534.65
1099.7	536.5
1096.4	539.9
1089.1	544.9
1094.4	541.35
1091.95	535.55
1085.7	539.8
1088.8	539.1
1093.9	544.25
1092.15	546.1
1093.15	534.35
1084.45	544.85
1083.2	548.3
1092.65	549.2
1092.1	548.95
1094.95	544.15
1095.55	541.3
1091.55	549.15
1084.15	548
1087.1	535.05
1094.4	546.2
1089.65	549.85
1087.45	547.55
1080.9	550.4
1083.7	550.4
1087.85	550.45
1087.05	549.25
1090.3	547
1085.65	547.75
1086.05	547.5
1080.5	543.7
1081.4	547.85
1077.7	556.2
1083.85	556.45
1086.95	548.85
1081.4	549.2
1080.9	552
1077.6	554.65
1069.6	555.55
1070.35	551.6
1072.25	549
1076.3	550.45
1069.15	553.6
1067.95	556.8
1072.2	552.45
1064.6	550.8
1060.8	548.9
1057.55	548.85
1057.45	548
1054.35	549.65
1055.3	546.85
1052.95	546.3
1054.75	546.15
1053.65	548.1
1053.5	547.9
1054.1	545.25
1051.2	546
1048.1	547.95
1047.75	546.4
1043.6	546.85
1046.75	545.75
1046.3	546.9
1049.45	543.1
1048.9	543.15
1050.35	541.9
1047.2	544.9
1050.95	543.65
1051.4	542.3
1051.95	542.35
1049.8	544.15
1051.55	543.4
1053.8	542.5
917.8	513.95
903.1	509.9
898.5	508.45
899.5	507
900.45	510.15
899.25	510.6
901.65	509.4
902.25	509.5
901.45	513.4
901.25	513.8
898.7	513.75
900.55	514.15
0	0
0	0
0	0
506.75	485.75
506.05	478.9
503.8	477.7
503.55	478.95
503.2	482.3
500.5	483.85
501.4	483.45
734.2	452.55
924.85	447.9
933.75	453.15
932.45	459.9
942.75	454.5
943.7	458.8
945.6	459.05
946.6	463.4
943.7	467.35
942.35	470.85
944.3	466.75
943.4	468.15
940.35	466.45
942.15	462.65
941	460.95
943.15	459.85
942.3	461.2
942.15	460.25
944	460.85
945.95	460.6
944.25	464.15
945.75	462.2
944.4	462
945.85	461.35
947.2	463.65
946.85	457.5
946.6	459.15
947.3	458.55
947.8	462.35
947.25	460.55
946.15	462.6
948.4	462.9
948.8	470.45
950.9	476.7
952.65	473.55
952.05	473
951.7	470
950.4	468.55
950.6	469.15
950.75	472.35
950.65	472.7
949.65	471.05
950.1	469.35
947.2	471.2
947.95	473.25
839.3	398.25
793.55	352.15
782	353.75
778.4	353.8
779.8	352.85
774.15	353.75
776.85	358.15
774.15	364
771.4	361.75
765.45	358.5
766.45	361.35
766	367.65
763.2	365.75
759.2	365.8
761.15	367.85
758.4	370.45
761.4	364.65
759.1	365.95
762.35	370.95
654.35	367.8
630.95	357.85
625.95	359.6
629.1	364.35
627.25	365.6
623.55	366.45
441	455.1
436.2	454.35
437.7	453.65
437.7	455.05
436.7	457.7
436.85	459.5
439.4	456.4
437	462.45
437.6	455.95
437.9	455.25
438.05	458.25
438.95	458.2
441.05	458.05
442.85	458
472.65	439.2
573.35	311.3
577.25	312.5
574.45	317.95
577.4	315.8
579.3	317.3
582.25	316.2
582.2	315.65
579.6	320.55
575.55	320.95
580.95	320.45
581.4	320.55
581.95	320.45
584.5	320.05
583.75	322.55
555.5	291.35
557.5	290.25
558.05	292.8
559.55	292.6
558.85	294.6
553.9	297.4
555.4	297.45
555.2	297.9
556.85	294.2
557.85	303.1
559.7	301.55
559.8	296.4
561.05	299.45
560.15	302.45
559.5	299.4
560.6	295.35
558.05	296.35
558.5	296.85
408.8	437.45
400.25	466.7
402.85	466.5
405.3	461.35
402.8	460.75
402.65	459.7
402.5	462.65
523.7	344.95
617.35	256.9
614.35	256.5
618.05	248.9
615.65	251.8
614.65	251.8
615.3	256.25
618.35	256.15
618.85	256.15
613.45	257.2
541.45	270.2
544.15	273.95
546.6	273
547.15	274.3
547.65	273.9
550.4	273.7
549.1	276.45
544.55	274.15
544.8	272.9
548.25	272.65
547.9	273.75
546.6	276.6
543.9	283.1
546.15	280.2
545.8	278.75
545.5	279.95
545.35	281.9
550.65	283.7
549.05	282.75
544.55	283.45
542.85	284.65
542.8	279.3
543.7	281.9
529.75	282.9
530.35	281.85
530.5	282.7
533.6	279.25
536.2	274.45
536.2	278.6
535.85	281.8
538.1	275.35
539.7	280.4
537.25	283.15
540.65	282.6
540.7	278.85
535.9	286.15
530.55	288.45
513.95	290.05
514.3	285.65
518.15	283.7
516.25	284.2
517.8	280.1
515.55	281.4
514.4	287.65
515.6	289.75
514.25	291.45
512.85	289.45
511.75	280.8
512.35	284.2
514.2	286.95
517.65	289.6
514.85	277.75
515.95	283.85
519.15	288.4
521.85	286.45
523.2	286.1
523.55	287.4
524.15	287
525.35	287
523.9	286.7
521.7	288.7
513.9	280.45
512.25	280.5
515.6	281.85
515.2	283.05
512	290.45
512.2	291.15
512.45	288.9
511.55	296.35
512.75	295.8
510.25	291.45
510.5	285.8
515.6	280.15
513.95	283.05
512.3	287.7
521.15	289.85
520.75	290.35
518.55	289.8
521.1	289.35
521.4	289.45
512.5	287.45
513	282.3
492.65	274.6
498.8	274.25
500.3	277.35
496.8	278.4
500.45	278.3
501.8	280.4
500.75	281.7
499.2	279.4
499.85	282.75
495.3	322.1
492.2	325.05
492.05	326.7
490.25	328.25
491.95	329.1
491.15	333.1
396.9	468.85
398.05	476.25
397.45	477.2
396.6	476.75
396.25	479.75
399.1	478.3
398.9	478.45
398.35	483.15
402.9	464.25
471.35	351.05
472.15	350.9
473.1	354.7
472.1	356.75
469.4	356.35
471.1	351.7
472.05	357.85
470.35	360.45
470	360.95
471	358.7
471.2	356.2
502.45	307.45
501.45	312.75
502.75	312.1
509.05	313.65
508	312.95
512.8	309.9
0	0
0	0
0	0
510.95	274.25
458.65	500.25
0	0
0	0
0	0
515.3	290.5
520.8	287.7
521.35	293.1
533.25	260.65
0	0
0	0
0	0
541.8	265.15
541.1	268.2
0	0
0	0
0	0
0	0
535.2	274.7
539.65	269.5
534.75	268.75
533.7	273
533.3	272.65
525	274.7
519.15	282.7
518.4	284.2
520.35	285.7
523.45	284.65
526.05	284.15
527.85	283.5
524.5	284.7
525.15	284.5
526.4	281
527.85	276.05
524.55	281.15
526.2	279.9
525.75	278.4
525.5	278.6
507.05	286.9
504.8	293.1
499.45	291.65
502.2	290.75
501.85	299.85
496.5	302.95
498.15	299.35
494.8	304.15
495	302.8
492.3	309.05
0	0
0	0
0	0
0	0
0	0
493.9	299.05
488.75	321.35
493.55	307.75
488.55	321.6
483.15	323.7
0	0
0	0
0	0
0	0
0	0
470.2	360.05
476.3	355.1
469.5	353
471.45	372.1
466.95	377.95
464	380.45
460	380.85
464.75	393.25
458.55	385.75
464.55	392.55
463.95	388.45
466.5	388.8
553.25	426.7
777	517
781.95	525.95
787.5	518.95
785.4	522.45
783.95	525.65
791.95	526.15
785.95	523.75
786.5	526.85
782.7	532.75
871.95	563.65
879.75	576.3
875.4	564.55
872.3	567.7
877.2	575.35
878.95	572.7
879.05	562.4
884.45	562.05
879.7	567.55
885.9	562.4
886.05	561.2
881.05	559.6
872.55	561.8
523.8	364.4
496.65	349.9
501.95	359.6
503	352.6
500.4	348.05
500.4	359.35
492.8	349.3
496.35	359.2
497.55	358
497.4	360.55
497.15	361.05
494.35	359.55
492.85	355.15
478.55	350.15
0	0
0	0
0	0
0	0
364.2	529.15
364.85	534.2
367.2	532.15
364.3	522.3
362.35	517.4
0	0
0	0
0	0
0	0
496.05	332.05
499.15	328.4
497.6	324
497.85	324.4
505.95	317.8
501.05	316.55
498.35	319.05
502.65	318.35
505.3	317.4
471.85	338
474.3	332.25
474.8	330
473.85	338.4
473.95	340.85
473.2	337.3
472.95	340.3
470.3	338.4
471.6	334.85
468.35	339.65
470.1	334.35
474.05	337.65
474.6	340
475.65	335.25
471	336.7
471.55	337.75
475.15	336.2
476.65	338.35
474.4	338.8
475.45	339.35
476.5	338.75
474.9	342.25
475.9	337.45
473.05	338.7
472.9	341.7
457.35	338.3
448.45	355.95
449.1	353.1
451.4	351.5
451.7	345.85
452.1	347.35
449.5	348.8
445.9	349.75
451.15	347.95
450.85	349.7
450.05	352.5
396.7	478.4
392.5	503.75
393.05	504.45
395.5	505.2
394.8	512.6
395.55	512
394.75	515.8
395.7	512.9
396.05	513.45
392.7	515.25
395.25	512.75
396.55	510.2
395.2	513.05
396.75	510.4
396.2	513.3
397.6	513.3
401.65	516.75
405.8	514.2
401.6	515.05
403.95	514.65
401.85	514.7
400.7	506
399.1	505.6
422.55	447.75
424.1	442.85
428.5	442.3
422.95	441.3
426.35	440.35
428.25	442.65
465.4	336.45
473.15	331.3
469.2	330.3
471.35	329.3
471.95	325.6
471.85	323.15
477	329.5
478.75	336.5
477.95	336.1
475.65	334
481.05	328.85
478.1	326.35
481.1	328.45
478.95	329.7
479.95	331.35
482.45	331
484.8	328.6
486.1	330.65
486.2	330.1
486.35	332.2
486.9	330.55
488.35	331.15
406.3	453.45
409.65	462.9
406.55	461.9
406.7	464.6
410.5	460.65
410	462.45
410.9	459.6
408.1	463.65
410.15	464.7
409.65	463.35
457.8	409.9
499.05	333.2
497.65	333
498.1	334.8
497.9	341.3
500.5	334.25
497.3	336.55
499.5	333.75
674.7	334.4
753.9	351.05
758.25	350.9
757.55	358.35
761.1	356.2
759.4	358.6
757.45	361.7
757.15	363.35
757.7	366.65
757.1	367
572	347.8
515.05	338.3
514.95	342.75
512.75	344.7
516.4	339.75
515	341.55
513.3	342.2
514.4	341.75
512.75	344.95
515.95	343.05
409.5	449.5
393.55	483.3
392.45	485.45
389.85	488.6
395.65	478.95
394.05	479.2
390.45	484.7
390.6	481.9
392.4	485.3
392.5	483.55
393.75	485.5
393	484.5
392.75	485.5
393.8	486.7
395.2	488.4
390.5	484.85
388	488.25
391.9	487.05
392.85	488.55
392.75	486.15
398	474.65
462.5	349.5
458.25	356
462.7	355.45
459.15	351.95
455.05	354.2
455.4	352.3
455.3	349.8
455.1	353.25
457.25	290.95
457.85	290.8
459.95	296.5
459.8	297.95
460.75	296.25
462.3	296.1
464.9	295.75
463.7	297.15
464.55	297.55
464.2	297.6
464.75	298.5
464.95	304.85
462.55	308.3
462.65	303.3
462.95	301.7
462.45	306.3
463.15	306.6
464.9	304.55
462.15	307.45
463.15	309.7
466	311.2
466.6	310.85
468.45	307.85
472.65	312.7
470.95	309.15
471	310.75
473.75	311.05
469.9	320.05
467.35	324
470.2	323.2
472.65	323.3
472.35	320.45
473.5	318.5
475.4	315.8
476.35	319.55
473.05	323.5
474.75	320.35
476.95	319.15
475.45	318.75
474.8	323.55
475.95	321.3
482.65	322.05
529.15	316.15
579.3	282.2
580.55	285.1
579.15	289.85
580.35	289.7
582.75	287.25
580.55	283.3
584.95	283.25
588.25	289.3
580.4	294.55
578.65	295.35
579.95	294.5
582.3	294.7
584.45	295.2
540.55	233.15
543.55	238.8
544.6	239.75
544.65	242.15
544.8	241.8
549.7	243.75
549.45	245.25
485.5	150
486.85	152.7
485.95	150.8
487.9	153.45
489.25	155.55
488.85	157.4
493.35	157.9
495.8	158.5
499.85	155.9
503.55	158.1
507.6	159.6
510.05	160.75
509.85	158.4
508.7	162.15
512.15	162.05
518.45	160.05
522.1	163.7
523.85	163.45
525.25	164.95
525.55	170.2
523.15	176.95
522.4	178.95
521.9	182.4
524.95	185.15
521.3	189.3
518.75	186.6
517.1	186.4
517.85	188.75
514.5	197.85
518.7	203.6
520.45	207.1
518.7	206.55
518.95	209.7
520.3	210.5
520.8	217.75
522.75	218.3
525.95	218.95
531.3	221.4
533.1	224.4
536	221.95
533.4	225.2
532.75	225.45
531.15	228.6
528.8	230.55
529.8	231.95
525	233.5
523.8	235.65
525.7	235.9
525.8	236.35
524.5	239.35
525.95	241.55
524.5	239.15
610.5	300
609.85	316.4
606.3	325.2
606	328.4
607.15	325.1
607.05	323.65
606.9	327.85
606.7	329.5
608.9	330
612.35	328.75
607.3	324.05
606.35	318.25
606.15	328.35
604.6	326.7
608.7	327.05
607.45	325.15
606.7	319.1
613.5	319.3
613.35	325.45
598.9	290
549.1	186.15
551.85	189.25
549.75	191.65
551.55	189.2
549.9	187.7
544.35	187.3
546.85	180.6
552.65	187.3
547.35	182.8
550.6	184.25
548.5	183.6
550.45	187.4
550.4	189.3
545.1	188.95
548.45	191.05
549.05	172.1
552.75	118.6
553.8	115.05
552.85	119.1
553.5	115.75
553.85	123.5
554.5	127.9
559	121.7
558.95	125.95
560.4	128.3
558.9	127.65
560.5	126.9
540.5	155.8
544.55	153.5
543.25	150.5
546.7	156.1
550.3	150.15
551.45	146.25
551.85	151.15
550.65	148.65
552.75	146.6
549	153.85
549.45	155.8
558.3	155.85
637.2	284.65
649.1	321.65
647.2	326.05
649.05	318.6
646.45	323.85
645.35	324.75
648.95	332.5
653.55	326.65
652.35	318.6
649.6	325
641.4	384.05
640.45	381.6
643.75	378.8
644.25	376.6
640.75	380
639.6	384.8
642.15	383.7
641.25	388.3
642.55	388.2
640.9	391.55
641.35	391.15
640.75	387.85
644.45	395.1
644.05	393.6
649.35	393.6
645.1	394
644.65	398.5
644.6	399.2
649.4	398.5
647.75	394.55
646.25	396.6
647.3	395.55
647.8	393.75
644.9	398.9
646.9	399.15
646.7	399.75
646.85	398.6
634.7	459.9
635.85	462.2
635.95	459.75
634.5	467.25
633.35	465.15
633.7	474.5
637.25	479.4
635.5	473.15
635.7	474.85
637.05	476.6
622.1	355.45
620.3	345.5
621.3	357.55
620.55	357.95
622.35	346.8
623.7	351.7
622.35	353.55
625	357.4
624.2	357.45
622.45	357.35
625.25	354
626.4	355.3
627.3	352.25
627.8	351.65
627.45	353.35
627.05	354.35
629.25	351.8
629.45	352.5
629.95	353.75
629.1	358
627.3	359.3
629.2	360.25
626.55	361.45
629.55	359.4
630.75	363
631.05	363.5
629.55	368.15
629.05	367.8
630.55	369.45
625.75	140.95
628.35	144.3
628.2	151.2
627.75	147.7
628.9	149.65
630.2	151.45
628.65	154.7
633.25	199.35
634.45	205.8
633.95	204.65
634.3	205.1
628.85	209.9
628.4	209.8
628.9	209.4
631.95	210.05
632.35	211.55
632	214.75
633.25	216.3
633.05	217.5
636.5	214.5
635.95	219.3
635.95	219.3
636.05	220.25
632.9	225.45
642.7	223.4
640.5	221.5
643.35	262.65
641.95	255.1
642.5	255.25
642.35	260.95
645.05	264.8
645.25	260
646.15	261.05
643.85	264.15
644.65	265.3
643.1	268.05
645.25	270.75
638.85	277.35
642.65	280.2
636.45	307.85
632.45	313.55
637.2	311.2
634.8	315.15
634.75	313.75
637.95	312.65
639.35	310.65
637.8	314.7
637.4	315.1
638.75	318.35
638.15	318.55
639.5	315.05
639.9	312.2
640.2	311.35
638.8	313.25
636.2	316.2
633.85	318.7
630.75	317.95
629.05	319
630.15	315.85
627.15	316.35
627.1	326.3
626.4	356.85
625.85	352.6
624.45	354.7
624.8	354.85
621.5	354.65
621.4	356.8
620.1	355.8
619.95	357.8
618.25	360.85
614.95	359.65
615.2	364.2
613.95	366.7
612.35	367.35
611.7	370.75
610.75	373.75
612.05	371.7
610.15	370.85
610.1	369.45
604.25	371.9
601.4	362.75
601.85	354.45
598.75	355.25
597.55	358.65
594.95	366.75
595.25	364.9
596.05	362.55
595.45	368.15
598.35	365.3
594.85	362.25
594.1	369.35
593.35	370.9
592.55	371.95
593.65	371.35
594.35	369.65
587.7	374.5
589.3	375.1
589.5	375.7
590.75	380.3
591.65	381.25
587.6	384.1
589.7	383.3
589.8	377.9
584.25	379.6
582.35	382.25
584.35	380.3
583.85	380.55
588.4	379.05
589.2	382.1
596.45	235.6
594.6	243.9
599.75	250.45
598.1	250.65
598.7	252.55
599.3	257.85
597	263.6
599.05	267.5
597.05	273.8
593.65	272.95
594.95	276.1
594.45	279.65
594.8	279.5
593	284.9
591.7	272.85
577.8	188.35
580.1	185.2
583.25	184.65
579.95	187.2
583.55	186.95
583	187.3
585.65	188.85
586.9	189.05
584.85	191.4
585.9	195.6
583.35	194.6
584.4	193.9
583.2	197.05
582.75	198.4
586.4	199.45
578.3	204.9
581.85	203.55
581.4	204.7
582.25	203.8
579.55	205.45
582.5	201.35
582.9	204.4
582.3	204.7
578	205.2
580.25	203.65
579.6	207.5
580.3	204.65
579.95	203.75
579.2	202.6
580	203.25
578.3	203.3
578.4	203.05
577.95	200.35
579.7	203.45
580.35	199.45
581.4	199.75
581.95	201.25
583.05	199.1
583.3	201.45
579.65	202.15
584.05	200.65
584.4	201.35
584.05	199
586.4	198.1
627.8	204.65
636.35	202.5
632.3	203.25
633.85	203.2
632.25	205
632.85	200.8
632.85	200.2
634.35	198
631.25	201.15
632.2	203.15
630.6	203.05
628.65	204.05
631	203.2
629.8	203.65
632.7	202.7
634	204.1
631.4	204.3
633.65	202.3
629.75	207.9
632.95	209.4
633.75	211.45
634.6	206.75
635.3	209.3
632.7	213.6
631	219.9
632.4	220.65
634.25	219.5
632.15	222.2
630.25	223.35
627.75	226.95
623	231.1
623.6	232.45
623.1	238.05
625.7	235.65
627.75	235.6
627.35	238.45
623.05	241.05
622.35	242.85
620.95	239.95
619.2	238.75
623.4	237.75
621.3	238.7
617.4	243.75
834	188.1
869.4	184.05
866.6	186.65
865.05	189.65
865.3	193.3
862.7	197.35
860.5	202.1
860.05	205.4
858.4	205.9
856.95	208.55
855	207.75
852.85	207.3
852.5	207.2
850.05	206.3
849.35	207.65
852.5	205.5
790.35	261.9
785.45	331
785.4	343.25
785.7	340.55
782.5	339.1
786.25	336.75
784.2	333.05
783.85	329.4
787.5	328.55
786.8	327.05
0	0
0	0
0	0
646.1	350.65
646.35	356.65
647.8	352.95
649.55	356.75
656.15	362.05
644.65	365.5
526.75	340.9
523.5	338.45
522.55	334.2
524.95	329.7
525.45	333.05
522.55	341.4
517.9	342.4
519.5	341.95
519.35	345.4
522.4	343.1
523.75	343.5
524.3	342.55
522.1	345.3
529.4	338.65
523.75	344.15
521.9	341.35
524.1	340.65
528.2	338.5
525.75	339.95
531.95	333.05
531.25	332.15
530.3	333.5
530.6	322.85
525.35	319.9
526.85	329.45
529.45	328
678.55	262.35
675.9	261.4
679.2	258.4
680.2	264.5
684.6	267.95
686.1	268.2
687.45	272.85
688.7	270.6
689.6	269
692.05	272.6
691.55	275.15
695.55	272.7
694.2	272.55
693.8	277.45
694.4	279.55
694.15	279.45
694.1	281.9
695.6	281.55
696.5	280.55
696.85	276.3
696.5	275.75
696.6	274.3
693.9	274.3
694.7	270.75
607.75	327.1
604.95	322.45
605.6	321.85
607.65	321.35
607.8	319.9
608.15	320.8
608.2	321.25
607.15	324
606.95	324.85
608.55	322.35
611.35	319.05
627.8	190.3
627.55	146
630.4	148.65
637.25	150.75
641.7	153.3
707.7	110.45
796.6	104.95
808.75	109.3
815.25	119.9
815.05	128.5
818.1	136
817.7	142.1
817.6	147.85
810.05	235.55
798.35	306.25
799.1	325.6
799.2	331
799.25	332.7
797.9	336.5
747.05	395.5
744.2	437.35
744.3	444.75
740.6	444.65
738	441.85
739.55	432.6
740.5	425.25
737.45	423.4
792.95	227.65
824.65	155.35
826.75	138.55
823.7	137.45
820.45	135.5
817.95	130.95
815.6	129.4
808.15	131.25
808.75	136.2
809.6	141.1
735.65	179.9
691.65	283.15
684.1	288.5
684.15	287.75
678.65	289.35
674	287.95
672.95	289.7
671.35	289.45
599.6	328.25
591.6	326.95
587.75	326.2
583.85	322.4
586	316.1
581.9	318.1
575.7	322.35
574.75	327.7
580.65	322.55
581.1	318.15
581.5	321.8
573.65	323.2
576.15	315.2
521.45	409.95
528.25	406
527.95	410.2
527.35	412.25
533.65	410.2
542.85	403.6
547.9	400.4
699.85	432.5
709.55	427.85
716	426.1
723.65	425.05
738.8	421.55
735.3	427.4
740.95	423.35
793.65	413.45
925.3	386.8
929.1	389.1
928.5	389.65
931.3	383.7
928.1	382.4
926.35	380.45
917.55	374.45
914.95	376.1
913.05	374.05
902.2	373.5
897.9	372.6
892.9	373.45
888	370.5
883	367.8
876.45	367.65
871.3	370.2
869.1	372.6
868	373.25
863.55	371.9
859.25	371.95
856.6	371.45
850.05	373.65
847.65	373.9
843.7	373.15
841.7	374.7
833.55	377.55
832.9	376.65
828.9	375.3
869.8	397.25
865.7	399.3
862.55	400.25
860.5	401.85
854.85	404.4
852.75	402.55
851.9	401.1
848.8	401.9
844.65	401.85
843.35	402.55
842	407.5
840.6	408.7
837.9	410.85
843.45	401.6
0	0
0	0
0	0
0	0
0	0
0	0
0	0
0	0
840.45	369.9
846.3	366
846.7	364
843.15	368.4
841.9	374.1
840.4	380.75
837.3	385.05
836.65	378.5
833.8	378.1
837.25	420.35
834.95	421.6
834.5	419.6
827.15	429.95
828.45	429.05
829.3	429.5
826.75	431
831.5	430
834.95	434.55
835.95	434.6
831.2	438.65
832	436.1
831.9	435.45
831.7	434.25
832.35	435
834	435.95
834.4	434.95
707.6	431.4
668.05	415.2
665.85	413.15
664.7	414.1
664.4	412.45
665.3	410.1
663.55	407.05
664.5	405.65
661.8	401.2
660.9	397.5
658.1	398.2
655.3	395.8
762	385.1
795.4	384
789.85	381.7
784.25	383
778.9	380.9
771.9	376.05
767.7	369.85
756.35	368
744.8	363.65
736.5	356.1
726.05	347.5
716.3	341.9
575.9	235.8
568.4	228.15
558.8	228.45
550.55	226.7
547.75	224.45
542.05	216.2
507.55	198.35
472.8	169.1
464.8	164.95
456.85	161.05
451.7	156.9
446.85	155.9
441.9	155
438.5	153
434.55	150.85
430.95	148.6
428.35	152.1
428.45	152.55
428.1	157.55
0	0
0	0
0	0
0	0
657.1	223.7
657.1	229.55
658.25	227.1
658.25	222.2
654.25	224.1
654.2	227.2
653.65	231.7
653.45	235.05
743.7	239.2
1119.6	307.7
1128.15	313.35
1129	314.6
1126.5	311.7
1123.5	311.05
1117.35	311.35
1109.85	308.4
1098.3	308.15
1084.6	305.3
1073.45	302.3
1060.3	298.7
1050.65	296.5
1006.95	295.2
886.95	282.8
875.45	278.55
862.9	283.9
856.15	284.55
847.65	286.35
838.6	285.75
829.75	286
820.8	286.35
713.35	299.3
705.05	304.95
700.1	306.45
694.65	304.8
693.95	303.15
689.6	305.65
683.25	306.95
678.6	303.9
676.9	303.2
678.1	302.9
677.2	303.4
682.7	297.15
687.15	292.45
686.85	295.8
687.7	300.8
686.75	295.25
683.7	294
684.65	293.3
684.9	286.8
679	284.2
681.65	280.95
682.55	277.55
681.1	275.9
680.8	273.75
681.15	269.4
676.8	264.25
671	259.6
553.1	253
554.35	252.8
555.3	255.05
555.9	253.15
559.45	252.1
565.2	252.15
565.75	255.6
568.35	257.6
570.35	257
572.05	255.95
579.85	256.05
578.1	254.6
580.35	260.6
587.35	258.7
590.9	258.55
587.15	263.8
189.65	381.4
134.85	400.1
140.9	399.55
144.2	404.9
143.6	409.25
145.5	408.9
152.5	408.4
160	409.5
164.1	409.2
166.15	411.65
175	410.35
180.55	409.4
186.4	408
190.35	406.05
202.35	404.85
211.75	401.6
220.7	398.4
223.35	398.05
231.25	398.5
240.95	396.55
240.8	403.05
244	404.95
253.25	400.75
257	401.25
256.05	404.9
259.75	408
266.35	405.6
270.25	408.05
272.75	408.95
663.75	293.45
703	288.05
700.65	288.5
705.45	290.1
708.65	287.8
710.4	288.1
711.75	290.45
713.2	288.5
714	287.8
712.5	284.95
707.65	279.55
703	276
699.65	270.1
698.4	263.9
695.8	255.3
690.15	249
688.65	246.7
688.1	245.45
652.95	227.6
531.8	184.7
527.45	183
524.35	184.15
522.45	182.7
521.55	182.6
523.1	182.8
525.55	178.35
526.55	178.6
524.2	178.25
522.7	180.85
528.45	175.35
530.3	172.75
528	173.95
533.45	171.85
535.6	171.75
535.4	171.65
538.45	171.1
540.6	171
542.35	169.7
542.45	169.25
544.5	166.95
546.45	162.3
550	161.05
550.8	163
554.85	169.35
558.15	172.9
559.2	170.4
564.75	172.8
563.6	173.7
564.5	175.65
567.7	178.3
565.85	176
565.85	170.1
571.15	179.1
570.4	182
571.05	177
567.2	179.8
562.65	179
562.65	174.5
564.7	177.2
568.6	177.35
572.3	175.35
568.15	177.6
638.2	181.55
723.2	202.9
723.6	203.4
725.75	198.9
724.85	201
734.05	196.45
730.5	198.7
731.15	200.65
729.45	201.45
730.35	200.7
730.55	200.3
728.6	204.7
729.75	205.3
726.45	204.5
726.7	204.9
730.85	210.1
729	208.85
731.2	210.2
725.95	213.25
727.7	211.3
729.85	211.75
726.6	214.9
726.85	217.95
726.05	214.8
728.75	213.6
728.75	217
729.6	216.05
729.3	215.85
729.05	218.05
728.85	221
731.15	220.5
728.65	223.85
614.35	235.45
606.05	248.1
609.65	250.5
610.3	250.15
608.25	248.6
608.6	249.85
609	248.15
607.85	251.05
608.25	249.4
608.5	247.1
610.5	251.75
609.2	250.75
608.9	250.6
611.4	246.35
607.95	246.4
607.55	247.3
608.2	251.15
605.65	255.4
605	253.15
606.4	252.55
607.45	250.45
607.85	249.55
609.45	248.15
609.4	246.75
609.5	249.45
607.1	249.65
607.35	250.6
609.8	249.1
609.65	253.45
608.2	253.55
609	253.05
608.25	253.4
607.1	256.2
606.6	256.5
653.85	338.3
655.45	341.35
651.5	342.1
649.55	341.6
652.05	343.7
543.25	352.3
539.25	356.5
545.1	360.45
546.3	361
539.85	362.4
0	0
0	0
0	0
0	0
633.95	268
633.85	279.5
632.85	273.15
625.75	276.6
628.8	280.7
626.4	279.3
635.4	280.7
626.75	283.2
625.35	280
632.2	281
625.55	286.85
629.2	284.35
627.2	291.6
579	363.55
575.65	356.6
570.4	361.25
576.1	363.05
579.45	364.35
578.4	362
578.55	359.55
576.45	362.6
576.65	360.7
568.35	360.45
675.1	333.25
689.35	330.4
686.2	330.3
690.35	330.55
687.4	334.05
681.9	336.2
681.35	335.95
682.35	334.05
679.2	336.15
678.35	337.15
683.1	333.25
681.7	333.4
672.4	243.85
668.7	230.05
670.15	225.7
670.9	228.4
670.7	229.85
670.45	225.4
668.75	224.5
668.5	222.2
668.85	221.65
667.25	223.45
667.8	225.4
670.75	226.65
671.7	230.8
670.7	236.85
668.95	235.15
669.05	230.65
667.6	230.5
665.4	227.7
665.1	228.15
666.55	230.2
666.45	232.25
662.8	233.8
664.95	236.05
667.25	234.1
668.35	236.5
670.45	237.55
667.5	239.35
666.95	240.6
667.75	239.45
666.05	240.35
670.7	242.75
670.45	245.5
668.25	250.4
668.55	251.15
669.5	250.75
668.9	251.4
668.5	251
667.6	251.15
667.95	248.55
666.75	251.1
665.75	248.95
665.8	250.05
663.4	254.6
659.15	256.6
656.6	259.15
649.85	108.05
647.15	102.75
643.3	107.6
644.65	107.3
644.35	106.7
645.3	107.4
644.7	107.45
646.35	105.7
639.85	151.4
645.3	234.1
644.25	239.5
644.85	242
647.05	241.2
650.55	245.8
652.2	245.65
652.65	243.55
651.6	246.2
649.35	248.45
650.7	248.4
649.15	251
650.35	248.95
651.3	249.15
647.35	250.65
648.1	250.4
650.85	249.25
649.45	248.45
647.6	252.35
648.8	251.4
647.65	253.1
647.45	248.45
649.4	249.8
646.5	249.35
644.65	248.2
644.7	247.9
645.3	248.9
644.25	250.8
643.6	247.5
642.95	254.6
631.8	495.7
0	0
0	0
0	0
645.85	208.1
643.75	208.3
645.95	213.3
643.75	213.5
647	217.3
649	214.1
645	215.3
647.15	213.45
651.05	214.3
647.55	216.8
0	0
0	0
0	0
0	0
0	0
672.05	190.5
667.9	188.5
660.1	186.95
660.2	189.1
661.5	190.8
664	184.55
664.05	186.95
666.55	186.75
667	188.75
664.15	191
665.5	194.05
662.45	193.45
662.75	192.4
663.5	191.65
664.05	191.5
662	192.8
661.1	193.75
664	195.2
663	196.85
662.5	195.65
662.25	194.4
663.6	196.8
664	200.2
662.75	203.6
586.9	240.95
588.1	242.6
585.5	246.8
586.5	247.55
589.25	243.7
587.5	243.05
590.25	240.05
584.75	244.45
589.25	244.45
592.25	250.05
591	248.8
625.45	311.5
627.25	313.8
629.25	312.5
624.75	319.5
624.55	320.45
623.85	323.05
623.5	325.8
607.65	460.95
613.4	467.35
614.3	467.1
611.25	468.75
608.45	468.15
603.6	346.6
