0	0
0	0
0	0
0	0
0	0
0	0
0	0
0	0
676	366.1
671.8	390.9
667.95	402.95
666.65	408.15
669.5	414.1
672.3	412
667.75	411.9
671.2	418.35
671.45	416.35
670.15	413.8
663.85	415.95
667.35	418.55
670.85	414.6
669.75	415.55
669.1	415.9
668.55	411.7
0	0
0	0
0	0
0	0
0	0
0	0
0	0
0	0
0	0
0	0
0	0
681.2	375.7
673.2	379.8
672.95	399.9
673.75	410.2
668.5	416.1
668.6	419.35
666.1	423.15
666.65	422.05
664.4	424.55
562.65	392.9
566.4	387.7
560.05	388.4
556	395.8
546.4	399.95
542.4	404.25
544.8	405.85
542.4	408.7
531.8	417.05
534.5	414.85
662.5	269.05
672	244.55
668.4	245.9
666.45	242.7
667.95	243
667.35	243.45
668.55	244.7
846.4	151.75
907.1	129.05
911.25	129.8
909.6	134.35
899.85	136.7
893.6	144.55
887.1	147.75
886.45	149.6
883.1	148.65
877.35	149.55
877.45	150.9
873.95	153.95
868.6	156
865.8	155.6
863.55	153.35
866.1	156.35
799.65	168.75
807.2	164.2
796.35	168.65
796.8	169.9
792.55	171.9
780.45	181.1
950.2	147.15
983.65	138.05
977.95	145.9
969.5	151.25
964.4	159.15
961.95	158.25
949.1	153.35
794.35	199.05
781.25	206.45
779.2	214.5
769.55	223.9
763.15	230.55
757.8	234.65
752.2	242.3
745.25	247
741.55	249.2
738.65	251.3
733.35	257.1
731.05	261.3
730.95	264.8
724.8	265.4
720.15	269.25
718.05	276.85
695.3	263.3
686	273.7
684.3	277.95
0	0
0	0
0	0
670.65	289.75
669.3	288.3
666	290.15
665	293.95
661.35	295.8
665.25	295.25
663.35	294.7
656.9	300.45
656.6	300.6
664.1	299.05
666.1	301.8
661.5	306
644.1	315.65
643.25	316.35
650.85	314.95
646.35	319.3
643.65	324
641.05	326.65
636.7	329.65
788	244.8
781.1	259.4
779.65	258.5
775.7	265.65
776.7	265.6
775	266.5
774.25	265.95
772	269.55
643.1	299.95
626.25	313.45
623.3	316.2
620.55	317.85
613	317.85
607.7	320
605.95	321.15
602.75	324.65
599.5	329.15
595.35	331.7
595.35	333.5
591.4	336.15
749.5	278.55
771.55	279.65
774	282.35
773.6	285.95
771.25	287.85
769.8	290.5
769.2	289.2
769	290.75
769.2	290.85
724.95	306.45
606.45	326.6
602.4	322.45
600.55	323.35
601.15	326
600.6	322.2
596.3	319.65
599	314.7
597.3	320.8
600.7	320.35
603.1	313.95
599.6	316.6
600.1	315.5
604.1	312.05
606.3	308.9
609.05	308.7
610.6	307.9
615.5	305.45
611.15	308.9
614.2	306.2
614.2	305.45
619.45	304.65
623.1	304.15
619.5	310.75
619.65	311
618.65	312.9
622.35	311.55
624.55	311.75
625.25	312.7
625.15	314.5
628.95	312.65
627.75	316.85
623.8	322.7
624.9	324.4
636.2	320.05
634.35	321.9
633	330.6
636	332.05
651.9	251.3
653.15	260.2
654.75	264
658.8	261.35
662.2	263.4
663.95	265.5
668.7	268.55
672.05	269.4
674.45	270.95
676.65	272.05
679.65	272.35
682.25	275.8
684.45	278
697.6	277.25
698.6	280.3
699.95	283.95
707.2	283.95
711.5	287.9
704.65	294.3
704.95	304.05
708.05	305.1
711.35	307.55
712.95	305.8
713.25	312
718.15	315.5
714.4	320.75
716.95	328.6
715.4	336.15
717.4	341.35
686.1	266.85
683.55	282.25
685.25	283.3
687.15	284.3
688.9	288.05
688.65	293.05
689.2	295.8
686.05	298.1
685.65	301.1
684.9	302.25
693.2	296.65
735.85	229.35
737.95	229.25
735.25	231.45
732.05	233.1
724.8	238.7
721.95	239.9
730.3	242.7
728.45	254.8
727.15	254.2
729.1	256.65
727.4	262.55
724.65	273.2
721.2	278
721.7	284.4
718.3	293.2
713.3	298.4
710.4	303.95
730.05	286.05
772.25	190.85
773.7	197.95
769.3	202.9
768.25	199.55
766.65	202
762.3	207.1
758.45	217.4
756.15	217.75
753.25	225.55
745.5	230.55
790.75	201.8
775	202.3
776.1	194.45
768.65	205
758.6	210.6
758.75	209.35
753.3	216
746	222.55
741.8	226.95
734.9	235.25
733.9	235.85
729.7	245.25
728.2	242.4
734.5	222.55
727.65	230.75
721.1	235.6
720.7	239.15
715.5	245.75
709.05	250.85
708.65	258.65
700.85	262.75
691.8	270.35
705.75	261.6
725	249.8
723.75	251.75
731.45	247.25
723.65	245.95
719.8	250.95
713.8	259.75
711.6	261.5
709.4	265.3
707.9	267.2
702.85	276.35
697.05	281.6
695.55	282.35
697.6	283.4
699.3	282.5
693.9	289.4
690.85	289.65
685	292.6
652	263.9
653.6	262.4
648.9	264
679.5	292.8
0	0
0	0
0	0
0	0
0	0
0	0
0	0
646.95	222.2
645.4	237.7
640.5	246.95
636.55	251.55
636.6	259.75
632.95	266.65
629.9	268.85
628	270.8
623.7	274.45
624.65	275.4
563.1	289.35
570.05	287.35
565.75	287.9
562.75	285.75
562.15	284.4
560.9	282.35
555.35	282.3
548.75	289.2
547.65	285.75
711.35	108.8
724.3	121.8
721.3	120.25
730.95	114.5
736.05	107.5
728.65	121
732.35	124.4
733.3	122.95
736.7	123.95
738.35	124.7
711.55	147.5
709.5	152.5
711.4	156.55
713.8	155.3
716.4	153.05
718.15	153.05
717.6	155.25
721.65	151.9
627.6	213.25
580.8	284.3
570.7	280
571.3	283.15
570.45	288.5
571.25	290.85
573.75	288.65
572.95	293.7
565.8	296.15
578	295.4
577.3	297.5
573	311.85
576.7	316.7
579.65	319.65
579.15	322.2
552.1	316.7
550.7	318.15
548.9	322.85
548.35	327.4
545.2	331.3
543.25	334.45
544.7	339.55
666.75	301.45
667.65	306.35
667.25	310.9
670.25	311.6
669.4	313.85
672.65	316.15
671.15	318.1
676.95	320.75
676.3	326.7
673.75	336.35
681.2	348.1
683.4	348.4
665.8	380.5
647.75	431
644	443.6
649.2	454.65
646.65	468.65
642.85	485
636.75	500.8
627.05	519.25
624.65	541.4
622.25	553.3
613.15	576.55
609.3	588.35
608.55	599.15
610.75	446.7
618.8	387.55
618.45	391.55
619.5	397.95
617.65	402.75
613	410.4
619.05	421.25
613.65	430.3
563.2	450.8
567.3	462.55
561.45	477.5
557.55	495.15
557.3	508.25
557.4	521.8
553.7	538.05
550.45	557.8
553.35	577.95
554.6	593.15
584.2	474.1
563.45	314.4
565.85	324.15
563	333.35
564.3	336.15
565.9	347.75
565.1	355.55
563.5	366.3
561.6	377.75
569	384.25
546.8	403.2
554.9	412.45
552.3	435.8
559.65	441.25
563.8	456.45
562.6	481.6
556.85	497.75
558.65	516.85
557.3	539.8
557.95	553.7
553.6	564.45
550.25	584.5
553.1	608.65
548.15	625.85
540.65	639.6
534.55	660.9
526.35	677.6
525.3	485.8
532.15	415.1
527.5	419.3
523.25	422.35
523.95	425.9
531.75	419.3
537.4	426.3
540.8	430.95
532	440.1
537.2	451.6
548.5	452.15
544.75	456
545.75	467.8
552.35	473.35
563.05	476.55
463.85	363.75
412.9	279.45
414.05	279.45
420.2	283.6
422.8	291.05
426.65	292.9
418.3	266.1
400.35	182.95
404.25	183.05
404.15	182.85
407.5	183.05
413.45	186.75
422.2	185.75
428.2	187.1
435.95	183.95
443.2	184.45
443.9	189.7
434.15	173.8
433.85	164.35
433.75	163.2
439.95	161.65
437.45	162.8
440.5	162.35
449	163.3
453.4	164.8
452.2	164.25
455.25	163.6
457.7	166.35
459.35	169.1
463	169.1
465.9	168.8
469.65	174.25
471.65	174.5
473	178.9
477.15	179.9
482.8	178.15
484.9	174.4
492.2	178.2
499.1	178.6
501.45	185.3
506.4	188.05
504.8	196.5
510.55	192.2
514.15	189.1
516.75	191.35
520.35	196.55
522.15	203.8
526.35	200.05
531.7	198.9
532.75	204.5
538.8	209
537.8	210.55
543.35	208.8
541.6	212.7
541.8	214.8
542.3	216.9
545.25	217.1
544.1	218.55
545.7	218.55
549.65	219.65
548.25	217.1
551.85	216.35
553.9	218.2
556.05	217.1
558.9	224.8
561.15	227.25
565.75	227.95
564.5	230.4
565.2	239.95
571.75	240.75
572.75	241.1
578.65	245.8
578.2	245.2
584.15	245.35
586.8	252.8
590.85	251.6
595.9	251.95
598.35	255.7
607.1	255.75
614.3	259.05
621.6	261
626.6	263.05
629.9	266.75
633.45	268.35
637.65	273.5
641.15	276.05
640.6	279.35
639	284.4
641.35	280.3
645.8	285.4
624.1	283.75
625.6	286.9
631.65	288.8
629.05	288.85
630.1	291.55
629.45	292.9
633.25	292.25
635.4	291.6
638.5	291.15
642.25	292.8
645.1	292.45
646	292.2
644.8	294.35
647.4	295.1
650.65	301.4
653.3	301.1
651.75	304.85
655.15	304.25
656.4	305.35
660.1	303.8
664.05	304.45
659.15	312.45
660.8	316.9
669.15	313.35
665.3	317.1
642.6	310.85
654.45	307.4
652.1	308.7
647.75	321.8
650.2	326.6
655.75	326.5
657.3	326.05
657.75	329.2
659.8	327.45
660.7	323.35
658.95	325.45
660.15	327.65
656.2	330.95
657.6	334.65
655.6	340.4
654.25	342.8
653.6	342.8
657.1	339.55
660.7	342
669.5	343.15
666.1	348.1
667.9	350.15
676.55	350.5
675	356
679	361.7
682.5	360.7
0	0
0	0
0	0
0	0
0	0
0	0
0	0
0	0
754.1	394.75
756.75	400.5
759.7	401.5
762.85	406.55
768.2	413.3
768.95	423.7
765.9	423.8
761.65	425.25
768.1	433.65
768.7	436.55
763.9	439.15
774.15	435.9
696.2	423.75
688.75	430
683.2	424.45
690.9	417.3
694.9	421.3
686.85	428.85
687.85	428.1
694.1	424.45
700.5	420.15
699	422.05
697.55	426.55
694.9	426.65
696.35	427.5
697.35	428
696.55	431.35
693.3	433.7
701.2	431.75
702.2	427.3
703.2	430.45
706.15	431.3
702.75	433.5
700.3	435.6
704.8	431.2
702.35	433.5
698.25	438.55
700.9	440.5
706.75	445.25
704.75	439.25
698.7	441.75
699.6	439.7
702.85	442.8
706.25	444.35
698.9	446.75
663.3	436.8
671.65	434.65
667.35	432.65
664	432.15
654.25	439.95
663.6	428.7
660.15	428.05
656.1	431.05
657.6	429.35
656.75	428.9
659.5	428.4
656.35	424.05
660	421.4
846.95	326.65
866.45	311.2
869.35	302.35
861.9	302.45
860.1	306.1
863.5	307.85
866	310.75
857.05	315.65
854.9	315.2
738.3	419.5
733.4	414.9
738.5	413.1
737.7	415.25
735.35	415.5
734.5	416.75
738	417.2
739.6	418.3
742	421.7
739.85	421.6
738.5	420.1
740.75	419.5
740.8	423
747.65	420.95
753.4	419.55
744.3	423.9
755.3	421.5
767.4	417.35
768.8	417.6
770.8	423.45
770.55	426.25
781.7	423.1
787.35	421.15
782.7	426.5
787.05	424.05
790.55	423.95
791	423.55
788.3	427.5
788.55	427.8
697.4	427.95
701.2	430.3
703.45	431.5
705.4	429.5
708.05	430.4
709.5	430.1
710.25	436.3
718.6	435.1
360.05	420.75
233.45	402.1
241.75	413.35
257.4	414.1
265.1	412.65
284.6	417.45
310.9	413.7
325.75	414.85
331.65	423.75
345.45	421.2
355.15	415.6
357.4	420.7
371.35	421.55
379.05	421.55
389.6	423.45
402.6	424.55
407.95	422.4
355.25	323.85
361.85	314.05
367.2	317.9
371.1	320.65
374.5	313.4
379.05	308.95
379.75	311.3
391.6	312.9
379.8	299.55
380.15	302.65
383.1	303.5
382.05	298.65
388.1	298.7
388.9	297.2
387.6	299.45
389.9	294.8
0	0
0	0
0	0
0	0
0	0
0	0
0	0
414.1	284.9
408.35	292.85
405.9	295.3
403.3	300.2
411.15	298.4
412.9	305.6
412.6	306.75
421.75	291.85
426.1	293.4
425.65	295.4
417.4	304.8
412.3	307.05
414	307.15
414.45	304.05
409.25	306.65
408.4	305.6
410.7	305.55
412.1	307.15
411.45	306.65
412.9	310.1
419.75	308.55
417.15	314.4
485.35	384.6
485.75	393.55
486.3	392.1
481.6	395.6
485.2	392.8
479.7	396.1
482.2	397.85
478.8	398.25
473.3	403.85
480.4	404.35
483.6	408.2
500.75	427.5
500.25	434.95
499.1	438.9
501.9	440.7
501.15	440.15
497.6	443.1
497.4	440.55
496.15	441.65
495.05	440.75
496.4	438.5
494	443.45
494.95	444.65
493	446.25
493.7	445.25
496.75	446.2
494.25	445
493.75	446.55
491.6	449.3
492.15	444.7
492.6	447.95
491.55	447
490.4	447.3
494.2	447.75
496	447
495.85	442.2
498.55	435.5
499.55	431.6
503.65	434.6
500.55	425.9
443.15	302.75
443.1	306.85
449.9	306.8
440.95	311.05
439.3	310.3
440	309.9
441.55	308.4
447.45	303
440.3	310.35
445.8	311.45
446.55	310.65
449.45	310.55
447.05	314.8
446.1	317.7
446.7	316.4
445.95	315.3
442.25	314.25
444.75	314.7
446.15	316.15
445.95	311
439.8	317
442.75	313.9
444.6	314.1
444.85	310.85
441.85	313.05
442.15	311.05
458.55	322.4
495.15	413
494.95	416.95
495.35	418.85
495.1	420.55
495.45	417.6
492.55	419.25
494.5	421
493.75	423.4
496.4	422.2
494.45	421.6
492.05	427.7
747.65	374.25
892.8	376.2
910.6	377.75
902.3	385
893.15	390.1
897.95	382.9
900.05	379.35
895.65	384.5
889.95	386.35
888.25	385.5
886.7	387.7
883.05	386.6
881	389.2
882.35	389.35
879.9	393.05
879.15	389.3
876.75	390.8
875.35	391.4
874.35	391.25
878.15	391.35
878.3	388.4
876.9	385.7
815.9	445.35
823.85	468.85
825.25	469.45
819.8	476.8
819.75	480.75
815.2	472.65
818.55	472.4
817.8	477.85
817	482.65
811.9	482.35
812.3	478.75
808.35	475.5
801.4	473.1
797.5	471.2
754.5	448.7
0	0
0	0
0	0
701.55	365.05
695.45	385.5
697.25	388.85
696.15	392.7
696.2	393.3
694.2	395.65
694.7	394.25
694.75	393.15
688.75	398.45
694	394.75
691.15	392.3
683.55	394.3
687.45	389
690.85	383
689.9	385.2
681.45	394.55
679.95	390.55
686.5	380.25
688.15	379.55
681.9	389.3
685.5	379.85
628.85	449.5
635.2	449.1
634.35	451.65
638.1	451.15
638.45	451.1
638.9	451.95
635.15	453.45
633.95	453.25
635.9	453.55
637.8	454.8
632.45	453.5
638.3	452.35
641.3	453.15
677.55	465.6
664.8	471.9
673.6	468
678	464.8
676.05	469.1
671.65	469.15
670.05	469.35
673.1	465.95
674.2	470.9
668.9	468.95
664.35	467.25
659.6	468.35
655.75	468.1
649.8	469.15
639.5	472.1
567.8	453.9
483.6	439.65
478.45	434.6
476.95	435.25
475.9	440.75
474.85	440.25
477	443.4
478.15	434.6
477.6	436.95
471.55	415.6
488.65	322.75
491.45	324.4
491.3	326.15
484.5	323.8
483.4	320.05
488.45	316.1
485.4	318.05
483	318.25
865.4	398.8
853.35	406.7
855.15	408.45
852.55	411.5
854.2	413.7
854.25	412.35
856.35	411.6
856.75	412.85
856.25	413.55
855	415.75
859.2	412
936.85	417.05
938.1	422.45
932.55	420.5
937.75	418.45
928.45	424.25
919.7	426.65
912.75	427.2
926.25	419.2
925.05	422.95
922.25	423.55
915.9	428.5
915.1	429.5
916.9	432.6
912.8	434.15
913.75	434.15
912.5	434.85
908.75	453.85
916	475.2
914.75	479.45
914.55	477.45
912.6	479.9
910.95	479.15
913.35	479.35
913.55	479.4
799.85	453.75
707.7	400.05
703.5	405.1
698.65	408
706.5	408.35
712.8	406
714.45	402.85
706.45	404.2
719.2	403.75
721.25	400.9
722.05	400.65
723	402.75
724.85	405.75
719.35	406.05
717.85	404.05
711.25	405.85
711.15	403.1
654.7	405
596.85	389.85
594.3	389.3
597.85	387.8
592.95	387
594.8	388.6
597.6	388.65
526.5	394.5
539.65	395.25
548.2	390.8
554.7	388.1
560.75	384.6
557.15	391.3
558.3	391.85
565.15	390.4
568.8	385.65
571.95	388.85
574.1	389.55
574.05	389.2
577.85	386.55
582.3	388.1
585.4	385.2
588.75	385.1
595.15	381.9
599.85	380.45
601.15	378.3
605.7	379.75
608.25	378
605.9	377.85
614.1	375.15
614.45	375.85
458.5	400.6
142.35	449.15
37.35	474.3
27.65	480.8
30.8	477.7
33.2	482.7
36.05	484.5
37.25	484.3
40.85	484.7
42.75	481.9
58.85	486.35
87.65	477.4
91.15	477.45
96.15	479.2
102	484
106.55	484.85
108.85	484.25
0	0
0	0
0	0
0	0
0	0
0	0
0	0
130.65	433.6
143.5	445.8
143.5	458.6
144.85	469.1
151.5	472.7
153.65	475.15
158.25	477.2
162.1	477.5
166.8	479.75
172.25	480.05
172.75	480.05
178.3	481.85
179.1	488.15
179.65	487.2
180.35	479.4
353.45	428.15
437.4	402.25
461.2	402.3
460.25	405.75
465.15	405.05
467.75	402.3
466.6	402.9
465.95	404.45
465.6	404.6
470.05	404.45
465.7	408.95
462.3	409.05
465.7	410.25
467.1	408.25
475.7	409.55
564.75	417.5
575.9	419
578.8	427
580.3	431.4
582.5	430.45
585.05	428.15
584.4	427.25
866.35	480.5
896.15	496.55
896.6	496.1
898	496.15
902.1	494
904.4	494.3
898.2	496
903.85	494.7
910.5	498.3
912.6	497
909.95	493.7
757.1	406.25
721.6	389.65
720.15	386.45
728.4	382.75
733	385.4
723.7	394.65
728.9	393.2
736.5	389.95
740.45	387.75
745.6	387.35
755.3	389.2
0	0
0	0
0	0
0	0
0	0
0	0
0	0
0	0
838.7	403.85
841.4	414.25
842.25	411.9
836.6	416.7
835.35	418.9
828.15	426.2
828.3	427.5
833.75	424.05
832.25	424.65
833.95	424.5
832.75	425.3
832.45	423.9
836.55	421.65
833	422.7
791.75	499
786.8	495.4
790.4	500.9
789.4	503.8
787.55	498.95
786.95	501
783.5	500.6
782.15	500.35
691.05	481.6
701.35	478.5
695.4	477.15
703.8	467.65
710.05	463.55
703.4	470.8
700.5	474.15
706.3	467.1
703.85	474.2
701.15	476.2
698.35	476.9
697.9	478.9
697.7	480.3
693.8	480.95
693.15	480.85
695.1	476.3
696.55	474.6
890.65	539.55
895.55	541.6
891.65	552
892.9	562.2
889.1	566.15
886.55	568.3
888.5	569.75
887.2	566.25
887.2	566.9
895.15	571.2
895.65	570.55
892.4	571.3
893.7	563.55
894.2	562.9
898.15	560.3
720.05	470.25
715.7	464.75
715.15	462.85
713.85	466.6
713.55	465.6
714.3	465.6
716.85	465.9
719.85	464.5
720.8	467.2
717.6	470
717	471.55
717.7	473.05
720.75	474.05
723.15	471.65
717.85	475.4
712	424
710	435.3
705.3	429.6
708.75	430.1
719.2	425.35
715.1	427.65
713.6	427.85
715.9	427.65
751.15	395.2
742.45	403.85
740.5	401.5
735.7	405.75
736.65	401.35
743.35	401.15
744.15	401.45
744.85	402.55
743.75	402.8
747.2	401.65
749.85	401.15
752.95	400.6
754.65	403.05
466.8	303.95
407.3	281.15
399.3	284.8
399.35	284.4
400.6	282.75
397.1	279.6
400.25	279.75
546.6	307.75
953.7	359.2
986.3	356.8
976.15	360.05
970.35	356.5
974.1	351.65
974.25	350.9
971.1	353.1
970.2	353.7
969.95	353.65
969.75	352.5
967.85	355.35
974.1	358.5
966.9	360.25
967.95	361.6
970.4	358.3
967.85	356
1020.35	362.7
1026.3	367.1
1025.55	363.95
1022.65	365.2
1033.15	362.65
1031.55	361.75
1021.75	364.95
1024.7	363.1
1038.5	360.4
1041.05	360.2
1035.5	360.5
1032.8	361.65
1031.95	361.8
780.45	420.45
494.35	487.75
500	482.55
502.35	485.7
505.9	494
505.45	498.7
505.75	499
445.5	509.95
402.15	521.75
397.3	524.8
397.45	525.65
396.85	526.45
397.05	524.7
398.4	524.2
397	524.35
392.3	530
397.9	520.2
405	493.15
400.6	489.25
396.65	492.6
395.35	496.4
395.7	496.8
396.45	497.15
398.35	496.7
396.6	497.7
533.35	508.4
943.25	562.2
960.95	573.2
962.4	574.65
962.95	578.2
962.7	574.65
963.35	574.5
963	571.7
834.35	569.05
449.7	525.45
433.45	527.35
437.65	525.4
437.35	524.95
448.4	521.7
0	0
0	0
0	0
0	0
0	0
0	0
0	0
0	0
0	0
437.8	491.8
443.5	499.3
442.6	504.7
446.6	505.7
441.85	511.2
444	516.4
403.5	495.85
414.25	502.2
412.8	499
410.7	500.55
411.6	499.7
408.55	503.05
518.35	503.5
1093.85	508.9
1138.45	519.95
1137.25	517.2
1132.95	521.4
1127.45	523.25
1130.25	529.3
1177.35	520.55
1186.2	522.15
1184.5	515.55
1176.8	519.9
1176.65	519.6
1180.25	513.4
1180.1	512.7
1180.75	514.9
1178.9	513.9
1174.3	514.25
1174.3	511.3
1168.7	510.6
1166.45	510.55
1168.55	510.35
1165.5	511.7
1170.5	512.1
1167.85	516.65
1167.6	522.35
1164	526.8
1169.1	522.95
1167.75	526.7
1167.5	528.15
1168	525
1168.15	526
1193.35	546.3
1195.4	556.9
1200.1	559.1
1200.6	565
1200.45	569.25
1201.9	569.15
1201.4	571.2
1201.3	571.95
1200.9	575.35
1199.55	575.3
1197.3	575.65
1196.2	574.05
1194.05	575.8
1194.45	575.05
1192.7	574.65
1196.5	572.65
1194.25	570.85
1205.65	570.65
1201.55	580.25
1202.6	576.7
1204	568.7
1201.25	570.15
1202.5	569.35
1203.35	572.15
1203.25	572.2
1202.3	572.45
1200.3	575.45
1198.65	574.25
1196.35	575.9
1193.8	579.45
1192.95	583.55
1191.15	586.1
1192.8	586.55
1194	585.2
1192.4	584.7
1223.2	590.25
1217.4	589.65
1216.95	591.35
1215.95	592.5
1212.55	597.1
1213.55	597
1212.25	596.55
1209.5	600.45
1209.1	595.25
1211.45	590.45
1208	587.3
1209.85	587.6
1233.6	585.95
1235.25	583.15
1232.65	585.8
1229.9	582.8
1227.7	584.15
1224.1	586.55
1219.8	587.5
1217.55	584.95
1166.95	595.55
1173.1	593.9
1170.3	596.35
1168.6	600.25
1169.9	600.25
1170.9	597.95
1171.75	603.4
1174.9	602.15
1165.8	601.15
1167	601.05
1167.75	602.45
1166.9	607.95
1173.15	606.65
1172.1	606.3
1170.4	605.35
1170.65	607.05
1172.95	604.6
1174	605.75
1174.2	605.35
1171.7	608.6
1168.5	607.1
1168.45	604.15
1163.75	601.3
1164.25	601.9
1162.25	602.2
1160.95	600.3
1161.65	600.9
1159.9	598.95
1146.8	600.45
1122.55	592.75
1118.75	596.45
1122.4	600
1119.35	602.8
1118.85	599.15
1114.45	595.5
1116.6	598.35
1116.7	597.15
1115.65	599.8
1113.05	602.25
1110.55	603.95
1109	602.85
1107.85	605.2
1106.35	604.15
1153.05	588.1
1138.25	594
1135.95	594.6
1137.3	592.7
1136.9	591.65
1134.8	591.3
1131.7	591.5
1127.05	590.35
1125.05	588.9
1130.3	583.8
1135.1	583.25
1132.45	584.05
1131.3	581.7
1124.3	585.25
1124.55	588.4
1128.7	584
1132.75	582.75
1130.65	587
1132.1	585.4
1132.5	586.7
1133.55	588.55
1131.4	589.3
1132.95	589
1134.25	589.95
1134.15	590.05
1134.6	588.6
1135.65	589.9
1131.8	589.2
1135.5	591.4
1133.45	590
1132.55	590.05
1129.85	594.7
1130.3	594.1
1124.65	593.55
1130.5	593.2
1129.15	590.95
1124.05	591.85
1125.7	589.25
1121.7	587.65
1117.6	586.95
1114.85	584.45
987.65	550.3
987.6	556.6
986.15	556.6
982.95	558.05
978.25	554.7
967.3	562.1
904.75	570.55
899.3	569.85
899.3	566.4
895.85	562.2
893.1	563.65
892.65	561.05
886.9	562.3
886.85	570.95
887.4	572.45
885.4	572.6
885.4	566.65
883.7	564.85
881.25	562.8
882	562.7
883.15	561.75
881.6	560.4
883.45	559.6
883.3	561
0	0
0	0
0	0
0	0
0	0
0	0
0	0
0	0
0	0
0	0
0	0
0	0
942.85	535.3
942.6	548.5
940.4	560
942.65	565.25
947.8	565.45
948.45	561.7
945.45	561.6
947.1	563.1
948.35	561.75
952.25	557.85
852.1	567.4
862.25	564.8
854.65	562.7
849.85	564.25
847.55	562.4
844.7	562.95
843.6	563.3
844.35	563.7
843	564.3
845.35	561.35
847.3	557.55
919.7	553.95
894.95	559.7
898	565.85
898.05	564.7
899.35	564.4
899.2	563.6
900.2	562.15
901.8	562.15
902.45	559.05
902	558.05
905.55	555.4
951.35	554.1
956.65	543.65
962.8	539.45
962.6	539.35
966.05	538.95
966.2	533.85
965.05	529.9
964.2	529.3
966.7	526
965.25	524.15
969.5	519.85
966.7	516.4
990.95	424.75
999.55	428.8
996.2	427.25
990.7	427.25
992.6	424.5
1000.4	423.4
998.85	426.2
995.4	423.15
995.1	423.25
1003.8	426.75
1023.8	451.95
1025.05	453.5
1023.15	457.8
1027.55	455.2
1028	456.5
1024.8	455.9
1023.5	455.65
1023.45	455.95
1024.85	454
0	0
0	0
0	0
0	0
0	0
0	0
0	0
0	0
925.15	416.25
929.4	447.05
939.3	454.65
931.7	456.65
926	463.05
932.15	467.8
933.1	474.8
929.05	474.25
916.15	472.85
919.5	465
918.7	463.4
914.5	465.6
837.5	504.4
826.3	502.25
823.5	514.7
822.5	523.1
821.5	523.15
823.2	520.25
819.45	516.5
821.85	513.25
820.25	515.55
820.7	520.3
814.6	520.4
819.5	516.2
818.75	517.6
821.6	519.75
712.85	517.6
0	0
0	0
0	0
0	0
0	0
0	0
0	0
0	0
443.8	485.2
441.25	485.55
440.6	488
441.4	485.9
442.45	486.75
445.85	487.7
445.9	486.1
446.25	483.2
447.55	482.3
447.3	481.55
445.55	482.4
407.9	481.25
415.95	481.25
416.65	477.7
413.3	477.9
412.65	480.75
500.5	424.6
607.8	329.85
609.55	332
611.65	333.6
612.5	331.2
613.6	334
620.3	330
622.8	330.4
622.4	330.65
624.05	331.85
624.45	335.7
624.15	335.35
620.75	337.95
876.35	402.3
880.2	422.3
875.6	428.8
880.85	427
886.7	420.5
885.65	416.8
878.15	421.9
876.3	418.35
888.8	414.1
896.9	413.8
0	0
0	0
0	0
0	0
0	0
0	0
0	0
0	0
973.55	376
975.4	376.3
983.85	392.95
1080.25	389.35
1089.25	391.25
1086.95	396.25
1090.8	396.75
726.15	342.8
690.15	359.65
688.9	367.5
688.4	365.2
690.25	360.15
693.65	366
691.15	365.45
691.95	363.9
690.65	361.8
688.75	362.95
580.3	387.25
600.1	383.1
599.7	386.05
597.3	388
591.6	388.35
588.55	386.65
591.2	386.05
586.3	378.1
574.4	311.3
572.25	317.25
569.65	320.25
566.85	320.4
571.4	319.9
567.2	299.8
563.55	305.25
567.35	296.8
579.05	292.3
580.2	291.85
570.7	305.8
570	304.2
574	303.9
578.95	305.7
577.75	303.25
579.35	302
585.9	301
585.85	303.15
582.1	303.85
583.5	303.15
530.3	320.75
544.85	315.35
546.65	311.5
548.4	309.8
549.3	310.7
542.15	314.55
540.85	313.85
546.3	313.65
546.35	313.6
541.9	313.25
548.7	310.3
552.6	306.7
551.9	306.55
547.4	310.3
549.5	307.2
554.05	307.2
555.75	305.4
551.25	311.9
553.35	309.95
551.4	310.75
554.35	307.5
557.4	306.55
556.3	309.05
556.95	306.85
578.45	330.7
573.55	330.2
574.35	330.45
575.7	329.8
571.65	326.8
576.45	326.05
576.3	328.9
574.85	326.05
577.7	322.7
586.5	321.25
586.75	319.05
578.1	325.15
577.45	326.3
584.55	324.4
552.5	313.75
550.7	316.2
548.9	317.9
549.5	320.35
548.6	320.3
549.5	319.05
547.4	324.7
545.85	324.65
545.25	325.4
543.3	325.3
528.1	327
530.6	327.65
531.5	331.45
532.8	323.9
533.1	324.4
533.05	324.8
533.1	323.45
531.65	328.2
535.6	323.75
533.85	323.25
522.25	319.7
530.15	320.7
530.2	315.6
528.35	320.35
526.8	319.1
526.7	318.9
530.05	315.6
528.15	317.5
526.05	318
530	317.55
557.55	295.35
560.55	296.4
560.35	298.3
558.65	298.2
560.65	300.65
561.75	299.6
560.3	299.85
562.8	299
555.75	303.3
619.1	331.7
622.1	334.95
627.45	328.6
626.3	329
616	335.2
623.5	329.5
625.8	330.85
619.45	336.9
619.65	340.3
621.7	341
452.8	458.4
448.15	468.8
446.7	467.85
446.05	473.7
445.85	477.75
444.35	478.35
444.25	480.6
425.05	482.9
425.8	481.5
426	479.9
424.65	481.65
425.7	478.65
427.4	482.95
551.5	301.35
553.95	305.4
563.9	303.1
562.4	309.7
551.95	315.6
558.6	309.4
566.9	303.35
563.1	307.35
558.7	306.25
558.55	310
563.2	309.5
560.8	309.75
559.85	310.5
558.7	312.5
563.55	311.3
562.85	311.85
565.55	314.3
561.65	314.9
554.1	310.1
553.7	307.5
550.3	310.35
556.25	310.05
550.95	312.4
553.4	307.75
553.45	305.25
557.1	308.45
548.5	309.5
537.2	312.8
539.8	308.5
542.65	312
542.05	313.55
539.8	312.15
539.65	314.95
539.55	313.1
537.8	317.45
537.3	316.95
535.4	316.25
538.3	322
537.55	322.55
537.1	323.75
538.25	321.1
539.9	319.65
536.55	322.3
534.55	325.4
539.15	325.25
530.75	327.7
533.65	323.8
541.6	319.8
540.8	321.75
562.85	390.6
562.95	397.45
567.55	392.45
572.85	390.75
571.3	392
566.6	393.2
569.1	393.25
570.35	392.95
567.6	394.6
568.65	395.55
551.5	410.1
448.5	486.3
442.2	487.2
442.3	487.45
444.45	487.1
443.45	484.05
446.25	480.5
424.7	477.7
425.95	473.5
423.2	475.7
423.1	473.45
0	0
0	0
0	0
0	0
0	0
0	0
0	0
0	0
0	0
0	0
555.85	325.85
552.1	339.5
548.3	346.4
544.3	352.1
546.4	355.6
559.95	332.4
555.5	336.5
556	336.5
551.15	338.45
548.35	336.65
547.45	337.2
549.35	333.9
449.8	421.75
439.85	434.2
442.35	443.9
446	439.5
446.7	444.85
444.2	437.2
444.9	432.7
448.65	433.5
447.95	432.75
451.05	431.85
451.05	432.75
447.15	434.3
448	432.6
449.8	432.45
451.15	429.95
473.3	411.1
466.7	412.9
468.4	409.45
468.4	410.7
468.95	405.95
468	407.05
531.25	304.95
536.5	305.35
536.25	303.75
533	304.5
535.6	303.25
543.25	296.55
540.35	299.65
532.85	304
531.95	305.95
535	301.05
536.05	304.9
537.05	302.15
536.05	303.75
533.4	303.5
533.2	302.55
533.05	302.8
531.95	308.4
531	307.65
530.35	305.25
528.2	308.1
525.9	308.1
526.3	307.3
526.1	311
525.4	311.55
517.9	365.35
521.75	369.25
516.2	372
513.25	371.75
514.6	372.25
516.15	370.5
512.5	375.1
511.7	379.7
511.75	377.75
511.7	378.7
513.3	379.65
513.75	378.35
513.55	379.25
563.75	396.95
568.1	402.35
564.45	406.5
568.4	404.65
568.9	403.7
567.05	405.85
565.8	406
566.65	409.25
813.35	417.55
810.8	425.8
808.8	427.5
812.05	426.85
809.9	427.55
807.45	424.55
784.5	429.9
497.85	386.95
492.25	384.75
491.4	388.35
489	394.45
483.05	398.45
484.8	398.8
485.25	398.95
484.95	397.1
483.75	400.2
481.4	401.05
482.6	403.95
483.45	405.05
483.3	406
483.85	405.45
483.1	405.7
486.6	402.6
444.75	480
442	479
442	479.25
441.1	478.05
439.5	481.75
439.35	480.4
438.75	481.7
441.15	482.05
436	480
436.75	479.25
438.85	485
438.25	478.25
437.55	484.85
437.4	484.4
441.55	479.05
442.45	478.35
444.8	478.6
442.4	478.75
443.5	473.5
446.75	473.7
447.95	473.05
443.7	473.55
444.65	470.75
424.35	475.9
429.2	477.45
429.4	480.2
431.05	475.15
430.95	477
428.5	473.9
425.95	471.2
429.55	469.35
429.55	472.1
425.25	476.55
421.75	482
425.1	476.55
427.55	475.2
423	481.45
424	484.05
424.6	483.45
413.4	478.65
408.2	482.5
408.8	484.25
410.95	481.85
411.75	481.05
410.6	482.3
412.3	478.5
413.95	477.85
416.5	480.8
415.05	480.65
413.25	478.9
413.7	480.3
413.95	480
414.5	480.3
412.75	479.3
413.75	480.5
413.9	479.7
412	482.05
408.9	481.1
416.95	479.2
418.75	481
415.15	487.5
409.8	490.3
414.35	488.65
415.6	489.4
415.45	489.5
414.85	490.5
414.3	488.75
414.85	489.75
413.05	490.5
413.7	489.9
417.8	489.55
416.9	491.05
417.2	492.95
417.8	492.75
402.2	498.2
394.25	507.6
392.6	508.35
394.35	510.1
395.85	509.45
397.55	510.55
394.45	513.9
400.5	511.4
401.1	510.6
402.7	516.65
399.15	515.45
398.05	516.45
396.85	516.45
397.95	514.9
401.9	514.55
401.2	514.4
401.4	516.55
400.1	517.9
401.35	516.3
401.05	515.55
402.8	515.95
403.05	514.85
400.75	516.4
401.2	513.7
401.65	513.1
402.75	513.4
400.95	509.8
404	494.9
402.2	496.55
402.7	495.05
402.8	495.9
400.65	492.7
400.75	489.8
403	490.5
403.8	490.75
403.3	488.35
407	483.95
407.15	486.55
407.5	490.9
405.6	492
405.05	496.3
405.55	495.45
408.65	491.7
407.35	495.95
409.55	495.35
411.5	493.15
411.05	495.05
409.35	496
410.35	494.6
408.4	495.15
408.2	491.85
409.05	491.65
408.6	492.2
411.6	486.9
411.5	483.6
412.25	488.65
412.7	489
413.75	483.5
415.4	480.4
420.15	478.7
419.8	480.05
418.4	478.95
419.45	481.4
421.55	481.7
421.4	485
422.5	484.9
423.25	488.15
425.8	484.5
425.1	489.15
424.2	489.35
423.65	491.2
424.8	490.3
424.75	486.6
423.6	489
423.65	492.85
423	493.15
420.1	501.05
501.35	449.5
605	327.2
615.8	330.7
606.6	336
602.95	337.05
604.75	337.7
607	337.05
603.95	335.45
604.3	335.25
607.75	336.85
613.05	337
578.15	320.65
557.8	233.45
0	0
0	0
0	0
0	0
0	0
0	0
608.85	253.45
611.05	271.8
608.5	276.05
609.95	273.9
618.05	275.55
615.05	278.2
613.9	281.3
614.45	281.35
608.95	285.75
614.4	285.75
611.95	288.75
606.45	292.85
604.25	296.5
604	294.85
604.3	295.05
584.7	235.35
586.9	236.05
591.4	239.8
591.3	241.4
592.65	245.85
594.65	249.8
594.85	251.2
599.95	254
598.35	258.95
599.35	259.7
601.45	264.15
501.1	351.3
505.2	342
507.1	355.65
503.7	351.15
500.85	352.1
497.3	354.35
496.2	357.35
496.05	358.25
492.3	356.8
495	353.8
495.9	359.55
492.3	366.35
491.9	365.25
493.75	368.2
492.65	365.9
492.8	369.6
488.1	369.35
487.65	368
491.45	369.95
490.6	369.8
498.45	365.6
503.75	369.9
505.9	366.15
509.1	358
512.6	356.95
520.15	352.3
0	0
0	0
0	0
0	0
0	0
0	0
0	0
0	0
0	0
611.75	302.8
610.75	305.9
617.65	307.15
622.4	303.2
620.5	308
619.85	316.1
617.15	319.6
611.85	324.2
739.1	370.45
742.2	366.65
737.45	368.55
734.5	363.15
744.45	356.9
741	358.25
737.8	360.85
731.15	358.55
738.35	350.85
739.65	345.15
738.15	348.9
740.95	347.4
743.1	345.3
727.8	319.6
605.2	197.3
601.25	200.85
601.05	199.95
601.45	199.15
596.2	202
594.85	201.8
601.45	200
603.35	199
583.9	283.65
592.5	306.25
597.75	302.6
597.25	306.2
598.3	304.85
602.6	304.25
608.05	302.2
602.6	306.95
665.9	336.45
679.6	338.15
689.45	331.1
688.35	328.15
682.45	333
681.7	335.25
683.8	334.6
675.75	341
694	403.45
696.65	396
695.3	401.35
693.35	401.5
695.15	400.4
694.8	403.85
688.65	454.8
691.15	452.55
690.75	452.55
689.4	455.4
695.3	451.7
694.55	450.5
690.45	459.25
688	455.6
696.15	449.8
698.45	452.65
700.7	458.2
693.9	456.4
703.5	451.15
690.8	456.15
647.2	482.25
647.95	482.75
650.45	482.95
650.25	483.6
650.95	476.65
651.95	475.55
655.6	473.4
655.75	473.7
654.25	473.25
657.05	473
658.2	471.95
660.4	474.8
657.1	477.75
656.85	477.55
663.75	471.6
672.85	465.65
693.95	442.65
698.05	437.45
699.1	432.1
701.9	430.8
701.2	439.4
695.15	440.3
695.05	436.2
682.95	404.2
693.15	344.1
694.5	351.15
692.7	350.3
698.15	346.2
698.05	343.35
694.6	347.25
692.3	349.2
690.5	349.6
692.4	346
692.95	347.6
692.25	348
691.95	349.25
690.95	352.55
690.8	354.5
688.1	355.2
694.65	348.9
693.45	355
689.15	356.4
694.55	348.3
711.15	294.95
0	0
674.75	327.45
670.3	335.65
671.35	336.3
670.5	339.75
642.05	221.45
663.1	163.3
658.6	163.2
659.85	163.15
658.95	163.5
660.5	163.8
678.6	190.1
678.4	191.75
677.15	194.25
677.35	196.75
675.95	197.4
677.15	202.55
674.2	207.3
673.15	215.15
672.25	245.25
674.15	250.55
673.6	251.4
671.5	253.75
664.15	261.15
673.6	260
679.1	256.75
671.45	266.3
663.4	272.55
668.55	274.8
671.75	273.9
669.95	279.45
664	280.1
667.6	282.15
667.5	284.3
668.3	284.7
669.6	289.3
674.75	288.45
673.75	288.95
677.3	287.6
677.3	287.4
676.15	290.2
681.8	293.3
684.5	297.5
687.85	302.8
687.65	307.5
689.65	303.2
694.1	307
688.25	309.65
688.6	314.05
688.9	317.1
688.2	317.8
683.7	315.55
687.55	318.25
683.9	318.25
681.55	317.8
681.65	314.3
681.75	313.65
678.3	314.4
678.3	308.6
676.2	307.3
672.85	313.05
672.75	312.45
679.85	323.95
673.1	349.4
675.2	357.4
671.15	356.6
666	360.45
664.2	357.25
661.7	355.3
660.15	354.3
659.35	349.9
666.4	344.8
662.9	347.05
652.15	352.35
652.85	349.45
654.5	351.75
651.3	351.3
647.1	347.3
643.4	348.8
647.3	346.35
648.55	344.75
643.85	345.8
643.35	345.25
637.2	352.8
633.5	360.1
633.15	364.35
632.95	365.75
629.65	368.25
630.1	366.75
626.45	370.9
628.25	369.2
627.9	366.05
629.5	363
632.35	360.4
629.8	363.35
626.05	361.15
630.25	358.2
626.35	367.4
618.95	365.4
619.85	362.1
626.85	362.9
619.25	359.65
0	0
0	0
0	0
0	0
0	0
0	0
0	0
0	0
0	0
0	0
0	0
649.1	386.65
642.75	398.4
634.15	404.95
632.2	407.2
636.2	410.65
633.65	417.05
631.05	419.8
629.7	426.95
632.05	260.75
626.1	273.25
620.95	271.45
627	274.55
630.9	271.4
627.25	267.45
627.15	270.35
629.5	265.2
632.75	268.05
632.35	274.25
636.15	273.95
633.45	275.85
633.4	276.85
638.1	277.15
633.75	279.7
633.8	276.15
635.4	274.6
635.8	276.7
634.55	277.25
631.7	272.15
627.7	255
624.4	253.3
625.4	246.65
626.15	253.15
625.9	250.2
625.15	251.65
622.6	246.55
630.15	245.85
625.9	250.55
623.1	248.2
623.8	246.9
625.6	247.3
623.75	247.65
622.15	244.7
618.55	246.65
622.5	246
624	241.15
624.2	237.35
625	235.45
624.5	233
621.9	235.95
620.7	236.25
626.35	229.1
629.5	228.7
623.1	235.4
627.7	226.85
631.4	229.15
633.15	228.1
630.15	226.05
627.9	228.5
690.75	245.7
673.45	250.1
665.2	246.65
665.05	247
668.55	247.5
669.2	241.85
668.7	240.7
666	243.3
667.1	243.1
665.15	243.25
666.35	243.15
669.45	239.25
668.25	242.65
664.5	246.65
660.65	247.95
660.5	247.5
661.55	249.9
661.75	247.35
658.25	250.2
654	255.9
657.35	256.6
658.7	257.35
650.25	263.75
655.05	268.8
661.7	269.65
653	272.6
646.3	271.5
649.35	268.4
657.45	271
621.7	292.15
0	0
0	0
0	0
0	0
0	0
652.95	394.4
650.7	410.05
645.2	414.35
641.15	417.7
641.3	420.5
639.45	417.6
633.35	423.4
631.8	425.2
883.55	285.9
902.3	294.85
903.5	303.1
907.4	308.1
905	311.45
899.4	306.2
894.2	307.55
896.45	308.8
894.5	310.6
882.65	311.25
879.15	310.75
882.4	314.7
880.65	314.85
878.65	316.7
877.1	317.05
878.1	319.5
879.4	318.3
878.4	317.3
875.95	331.8
839.5	517.45
830.6	514.9
835.3	511.4
835.5	506.5
829.5	506.35
830.95	503.45
832.25	501.8
828.85	500.2
714.1	463.45
541.1	412.95
536.15	414.2
530.2	421.65
532.4	423.85
534.45	424.05
539.05	424.85
546.15	422.45
548.6	421.4
552.15	426.25
553.05	428.9
554.95	433.15
555.4	437.4
557.75	438.65
561.2	438.3
560.3	437.4
557.6	440
556.7	442.1
558.85	439.75
562.9	435
568.3	427.8
568.2	425.05
565.3	425.55
567.9	422.8
567.85	424.75
573.35	428.7
570.55	418.8
567	412.9
566.45	409.5
567	410.3
566.9	411.05
565.9	410.8
567.15	406.55
691.05	394.35
687	396.65
684.05	398.85
683.3	397.5
682.45	395.8
682.2	392.6
682.75	395.95
681.75	398.15
684.05	400.75
687.75	406
681.05	409.3
681.5	413.6
681.8	414.7
686.1	411.25
682.2	415.05
681.2	421.55
688.85	415.2
685.1	411.65
683.45	406.75
683.25	407.75
685.1	409.85
683.45	408.95
684.35	407.75
681.55	410.35
679.3	410.35
650.2	429.35
624.45	460.55
616.9	465.8
612.65	466.3
610.2	470.45
608.85	470.3
609.2	469
607.95	469.65
611.35	471.55
613	471.9
606.4	476.25
788.75	349.55
791.3	366.9
789.9	370.2
796.55	365.5
803.6	355.9
797.15	359.1
792.3	363.5
784.8	364.4
789.7	361.7
792.6	356.8
839.35	277.65
833.6	293.35
832.9	294.4
834.5	296.4
832.1	299.25
831.8	297.9
827.6	302.4
828.85	306.95
825.75	307.35
753.7	420.9
746.6	411.8
742.65	415.85
739.05	419.05
737.8	416.85
742.8	406.05
735.5	403.75
731.95	399.1
746.3	388.15
743.35	385.45
736.75	386.7
743.9	386.7
0	0
0	0
0	0
0	0
0	0
0	0
0	0
683.7	212.1
676.75	248.1
673.6	253
677.2	251.55
673.55	256.95
672.85	259.6
0	0
0	0
0	0
0	0
0	0
548.6	379.5
552.1	399.5
564.7	393
560.1	386.95
542.15	384.9
542.25	390.5
479.45	472.8
480.2	475.1
471	478.6
472.05	478.6
469.7	481.35
469.2	479.85
471.05	478.55
474.15	478.45
477.45	476.75
609.05	496.3
672.05	500.3
674.7	512.2
677.35	514.4
686.25	511.1
689.8	513.8
687.55	511.4
799.9	514.15
920.3	528.45
935.5	528.4
935.7	533.35
940.5	528.05
934.55	524.2
930	518.2
928.05	514.7
987.7	482.7
968.75	487.55
962.7	482.05
959.3	482.4
953.55	478.5
949.9	480.65
948.5	480.75
943.85	478.65
938.9	481
933.65	478.8
931.1	476.75
926.85	478.7
922.35	478.65
920.2	480.25
913.7	478.65
911.35	478.05
908.1	479.25
900.35	478.05
894.85	484.4
900.9	477.75
898.6	481.2
885.6	480.85
882.9	476.8
878.45	480.85
877.15	482.9
875.35	480.7
871.2	480.9
868.2	479.85
867.9	482.05
863.6	484.15
863.1	484.4
861.75	483.7
862	487.3
863.15	487.45
862.95	486.2
859.3	486.7
856.85	487.85
858.1	490.9
860.1	490.85
861.15	490
860.25	488.6
852.9	485.4
851.1	482
807	487.1
800.7	485.95
803.95	483.2
789.9	488.4
553.25	368.05
537.6	366.6
538.45	365.85
539.4	364.8
538.5	366.5
539.15	365.7
537.3	365.25
534.75	368.2
536.1	364.2
534.5	363.85
492.9	353.95
501.4	351.3
498.15	347.6
496.45	350.55
494.3	351.85
497.1	351.6
492.55	348.65
491.55	347.85
519.25	344.05
679.75	297.95
683.75	305.55
683.4	305.9
685.5	302.55
683.6	301.55
847.5	511
843.05	506.4
845.3	500.3
841.35	504.9
842.45	503.2
840.85	507.8
835.6	507.1
835.45	501.6
833.9	497.6
830.85	495.4
830.8	492.45
824.15	489.1
819.2	483.8
813.85	483.2
808.8	476.6
800.1	471.1
699.55	408.5
699.45	381.35
696.85	364.5
678.15	354.75
661.5	339.35
647.35	326.9
643	324.2
625.1	309.5
615.1	301.45
605.35	293.55
594.45	281.7
583.85	267.45
574	259.1
564.3	255.8
549.75	239.95
534.4	228.6
523.3	212.15
512.7	201.1
505.25	197.45
494	195.05
486.5	191
553.1	252.65
618.45	343.65
621.5	337.45
616.4	341.1
613.35	340.8
617.85	340.65
619.3	340.1
612.7	343.7
613.7	341.55
616.15	340.4
616.85	339.45
626.85	327.4
0	0
0	0
0	0
0	0
0	0
0	0
0	0
0	0
0	0
934.9	357.65
931.6	368.6
924.1	370.4
911.15	378.7
905	380.9
1053.6	376.4
1050.55	379.8
1032.55	384.1
1027.25	379.8
1009.55	376.7
992.2	375.4
980.25	367.9
969.5	363.8
956.25	363.5
946.35	361.85
814.7	364.25
794.25	365.95
779.15	366
772.3	359.8
768.7	356.05
760.15	355.65
750.9	355.95
748.65	347
738.85	348.65
737.25	348
731.15	347.25
725.75	344.2
724.35	344.2
720.25	346.75
716.25	341.55
727.4	338.85
679.75	353.45
680	349.9
679.05	343.35
682.8	339.95
681.55	336
678.6	334.1
678.85	328.05
681.25	323.05
679.05	315.1
674.9	309.95
670.85	304.35
668.45	295.95
661.85	289.75
657.55	289.35
655.3	290.7
654.65	290.5
651.15	288.95
652.1	287.35
615	278.45
624.2	282.45
622.2	278.7
619.65	281.7
615.95	292.8
626.05	292.3
615.75	292.75
615.9	292.55
624.85	296.2
631.3	297.7
638.85	299.35
638.95	302.5
637.5	300.15
639.1	300.7
648	312.45
693.55	349.35
686.6	348.75
692.05	347.85
696.3	352.55
702.8	350.25
707	352.3
710.75	353.75
715.25	354.95
715.55	356.05
684.05	360.55
0	0
0	0
0	0
0	0
0	0
0	0
0	0
164.8	466.75
172.05	465.4
172.95	460.05
178.85	455.55
180.9	455.9
186.35	456.15
241.65	489.25
251.8	491.15
257.5	491.2
259.15	493.05
265.15	493.05
266.7	489.35
269	487.9
679.05	351.15
766	328.35
780.35	326
776.45	327.05
775.95	324.9
771.25	318.75
764.95	312.9
765.8	313.9
764.85	306.75
768.65	293.35
761.55	292.15
729.05	252.5
729.9	254.45
732.65	247.65
732.65	252
729.15	251.1
510.15	218.7
504.75	215.6
509	219.2
509.9	219.05
506.6	216.65
508.35	213.7
503.45	212.5
503.25	210.7
506.05	206.8
508.8	206.8
511	204
556.5	210.85
687.6	208.25
705.05	208.25
703.65	206.5
700.7	200.9
706.3	193.35
708	193
701	191.45
702.1	195.85
703.3	196.4
703.1	197.4
706.4	199.7
707.75	202.75
710.45	206.3
784.4	254.85
765.85	249.05
767.1	251
769.35	249
770.25	250.55
769.9	251.45
770.75	251.4
767.95	251.85
771.25	250.7
768.9	252.45
768.85	253.75
766.35	254.8
683.95	258.7
676.1	257.3
673.35	258.95
677	260.3
671.85	261
671.3	249.45
665.9	252.15
669.15	249.7
568	220.6
563.1	227.7
561.6	225.05
564.55	226.7
570.6	222.6
569.15	220.45
569.05	219.35
567.95	212.4
566.7	210.45
679.1	245.95
705.95	246.85
710.55	248.25
713.35	249.25
714.3	251.35
711.1	253.3
710.85	253.4
718.75	256.45
749.5	263.2
749.85	264.8
747.55	268.4
752.2	261.85
753.7	263.2
751.35	270.3
747.45	267.75
749.45	267.45
748.35	270.5
744.45	273.35
638.8	334.6
646.9	326.15
641.1	327.4
642.05	323.25
643.2	323.9
640.7	320.85
711.15	317.3
716.7	317.5
721.45	318.45
720.1	320.05
721.4	321.95
717.25	323.85
715.6	322.5
715.55	323.5
719	321.15
721.6	323.15
713.65	318.55
716.45	329.55
722.85	335.15
660.55	332.1
659.2	327.35
656.2	320.05
655.95	326.95
657.9	326.15
656.5	322.2
656.85	325.05
654.7	327.35
656.3	326.7
655.25	328.3
655.2	328.4
655	333
658.8	333
658	332.4
658.9	327
656.55	327.65
656.55	327.45
578.55	376.75
582.35	375.8
587.2	367.55
588.95	365.6
482.75	382.85
465.35	385.25
461.45	376.85
461.25	381.7
458.3	379.5
459.7	384.05
457.8	383.85
503.3	383.9
594.65	383.5
596.05	385.8
593.45	386.5
594.6	387.95
593.75	390.8
595.65	389.3
841.3	379.8
825.3	381.55
827.85	384.55
829.85	384.55
828.05	386
828.05	386.9
825	386.5
823.1	388.6
827.6	385.25
826.75	388.65
822.55	393.05
785.3	325.95
786.05	338.35
788.15	337.9
786.8	334.6
780.55	340.35
780.25	341.35
781	337.5
778.65	339.85
778.35	342.25
778.15	341.65
776.65	343.2
758	343
709.75	357.5
705.1	359.45
704.7	360.75
704.05	365.15
704.5	363.05
703.3	361.95
703.25	362.55
700.55	364.9
703.4	365.3
703.05	363
707.3	362.3
706.9	361.45
703.9	364.55
703.05	363.25
710.85	339.4
0	0
0	0
0	0
0	0
0	0
0	0
0	0
0	0
0	0
0	0
703.35	414.85
697.75	423.25
702.75	421.3
707.7	418.35
706.85	421.25
705	426.1
695.45	337.3
696.2	334.9
694.9	332.25
700.95	329.4
698.55	328.5
695.85	322.9
695.8	318.5
700.4	312.1
700.95	312.3
698.9	317.4
680.15	366.8
684.35	370.7
681.65	371.8
679.4	373.95
682	376.6
685.1	380.5
684.15	382.4
682.15	383.05
680.8	380.05
705.25	310.55
705.4	309.6
702.55	309.25
702	312.7
701.45	306.4
699.95	306.65
712.6	303.3
715.6	303.1
714	306.6
709.9	309.1
707.8	310.05
714.15	307.15
710.35	309.2
728	298.7
719.25	298.9
722.05	296.45
720.25	296.1
713.8	289.15
715.25	290.85
714.7	288.85
717.85	283.6
714.9	282.05
714.45	283.75
717.3	283.45
715.7	283.25
715.85	284.75
714.3	281.95
714.95	284
714.25	286.2
649.5	322.3
658.35	321.05
664.95	320.65
661.65	321.7
656.8	318.4
665.4	316.95
664.3	323.8
663.85	320.8
657.45	323.75
590.65	287.95
595	291.35
590.25	292.35
594	295.1
598.25	298.35
596.9	301.35
594.25	302.1
675.2	296.2
674.15	297.35
674.7	295.1
674.4	292.25
677.7	289.35
681.75	284.3
682.65	283.8
680.65	286.7
681.6	286.2
686.65	284.2
682.2	294.7
0	0
0	0
0	0
0	0
0	0
0	0
0	0
654.1	388.05
656.05	390.35
659.9	392.6
659.2	393.35
713.7	400.85
704.7	402.4
704	399.75
706.25	401.55
0	0
0	0
0	0
0	0
0	0
0	0
0	0
0	0
0	0
0	0
0	0
680.7	338.15
672.65	361.55
674.15	373.8
672	374
666.35	376.5
665.1	377.3
570.35	314.85
572.8	323.1
576.95	319.6
576.8	317.05
581.05	318.35
579.85	315
671.65	305.85
680	305.65
685	306.35
691.6	301.45
693.15	300.55
691.6	295
699.55	292.45
702.3	295.8
704.65	291.95
760.45	291.7
768.05	293.2
777.75	294.65
773.15	293.35
