667.4	320.85
665.4	321.65
665.2	321.05
670.05	325.35
666.65	324.85
671.3	321.5
673.95	323.95
669.9	320.3
669.45	321.9
667.15	321
664.75	320.6
659.35	305.4
662	305
659.25	302.25
662.4	299.55
661.15	301.75
660.25	307.85
661.8	307.3
662.3	311.3
664.4	307.35
663.8	310.45
668.55	306.55
796.7	255.25
779.75	261.9
777.9	260.7
782.85	258.85
782.35	258.6
784.35	268.55
1045.3	294
1122	326.5
1123.75	327
1122.2	329.9
1122.6	325.25
1112.65	311.05
1117.95	326.65
976.05	285.9
620.5	249.6
642.95	255.2
649.3	262.3
648.5	266.05
648.05	260.25
646.3	259.25
529.4	163.95
460.15	150.85
451.5	150.35
456.95	155.9
461.35	161.7
456.3	160.1
456.65	162.35
456.6	161.35
460.8	169
689	79.7
764.75	52.05
767.75	51.4
768.95	51.7
766.75	47.4
761.3	64.4
761.85	91.95
0	0
0	0
0	0
0	0
0	0
0	0
0	0
0	0
0	0
0	0
0	0
0	0
911.3	3.10000000000002
908.8	2.19999999999999
900.95	13.65
896.35	14.05
801.85	25.75
807.7	22.6
803.25	37.95
797.95	42.3
794.35	49.1
781.75	65.35
778.45	75.25
767.65	65.05
895.75	66.95
991.65	43.85
988.05	33.35
987.25	43.15
978.3	52.45
972.1	53.95
967.95	52
961.4	55.35
946.7	60.4
938.65	65.25
936.5	62.95
935.85	76.55
935.15	85.15
927.05	88.65
920.55	95.45
0	0
0	0
0	0
0	0
0	0
0	0
723.85	148.6
718.7	150.65
714.35	154.35
712.95	157.2
707.2	160.9
705	164.05
0	0
946	97.9
953.75	90.65
944.5	82.9
941.2	86.55
936.85	88.9
932.65	97.5
927.4	95.2
1023.55	76.35
1089.65	75.05
1091.45	74.15
1087.7	80.7
1076.5	81.75
1073.1	83.75
1071.3	80.35
1066	80.1
1026.95	92.6
644.1	221.9
663.45	222.3
660.7	226.75
655.95	231.1
650.15	236.3
651	232.85
646.85	244.1
644.65	249.15
643.9	246.15
641.3	246
793.9	231.4
793.85	230.55
790.35	236.05
791.85	240.4
789.8	238.25
787.5	238.5
786.7	241.65
782.1	247.3
741.9	257.1
529.15	302.75
516.45	308
513.85	307.95
506.8	312.2
502.5	318.7
497.5	324.75
477.4	318.85
413.4	277.3
416.35	284.3
409.8	284.2
407.9	288.1
404.85	291.5
386.8	292.25
384.75	289.25
440.15	288.95
612.4	277.6
614.45	278.5
617.55	270.8
613.7	274.55
619.55	279.05
618.15	282.15
614.7	275.2
616.6	273.2
620.35	282.15
621.45	275.5
620.1	267.95
623.15	271.3
621.6	270.05
629.75	273.4
696.95	278.2
702.75	284.45
701.85	281.75
705.7	279.5
706.8	278.8
713.05	279.8
710.4	275.15
0	0
0	0
0	0
0	0
0	0
596.5	255
604.1	250.7
603.3	249.45
605.5	247.6
607.7	239
610.5	227.2
612.7	226.95
615.95	234.05
625.7	235.25
745.1	247.7
752.15	255.3
756.2	259.8
762.95	264
768.05	264.2
773.45	269.35
639.8	264.4
642.3	266.45
644.8	270.7
648.6	274.95
652.2	275.7
656.55	276.05
657.85	278.4
664.1	279.5
673.3	286.75
675.9	290.8
678.55	294.75
684.55	296.8
642.35	340.75
647.55	351.7
654.6	359.7
650.05	377.05
651.25	391.55
646.45	400.75
644.25	405.25
647.1	419.85
647.6	435.9
648.3	446.05
647.2	462.4
624.4	368.5
624.4	382.2
627.05	400.15
633.9	408.6
633.9	419.55
634.8	429.1
636.25	438.95
641.15	342.4
645.75	346.4
647.75	355.85
646.1	362.55
649.55	372.4
650.75	381.4
649.9	380.05
645.45	384.85
564.05	412.1
560.05	421.4
560.95	429.9
557.15	439.5
553.65	451.5
549.25	463
550.15	469.15
557.4	464.1
731.45	157.45
760.9	94.95
757.8	94.5
758.45	98.55
758.25	95.15
760.35	98.6
759.6	99.85
757.9	104.45
759	99.95
807.1	48.8
802.8	53.9
798.5	58.45
795.5	53.35
790.45	51.05
784.6	54.65
780.4	60.8
779.7	63.15
774.35	66.65
768.25	68.2
762.4	75.55
758.45	91.85
754.7	98
747.8	99.7
791.5	42.9
807.35	21.75
799.15	23.15
794.45	23.25
790.1	29.2
782.6	33.75
774.95	41.3
772.85	42.15
768.95	44.35
763.7	51.05
697.5	154.05
699.9	179.8
0	0
0	0
0	0
0	0
0	0
0	0
705.4	212.95
703.2	215.65
700.3	219.75
694.4	222.55
695.15	224.4
689.5	226.6
682.65	239.15
677.5	246.7
674.45	250.65
672.8	251.6
674.9	259.4
671.8	269.6
669.05	279.55
663.75	289.75
662.4	290.75
660.6	291.75
655.05	297.95
650.05	306.9
652.2	318.55
675.3	268.8
674.85	276.85
673.15	285.75
673.7	291.1
672.3	298.6
653.95	175.9
653.3	133.9
654.5	140.1
652.1	144
653.55	144.15
652.8	144.6
655.25	143.7
653.25	145.25
652.1	139.55
649.1	131
649.1	129.9
604	216.5
599.15	218.15
604.55	218.85
600.8	218.95
598.35	223.35
601.4	227.15
527.35	271.25
515.4	276.45
510.8	277.4
508.2	279.45
500.15	287.9
497.8	292.05
498.3	295.05
557.9	234.55
635.95	211.1
636.85	212.35
638.4	216.4
634.8	220.15
636.6	220.3
641.15	225.05
643.9	231.8
642.05	233.7
640.75	232.3
643.35	233.2
645.65	237.9
649.65	242.55
652.55	244.95
520.8	208.15
519.35	205.8
522	208.4
523.4	213.2
524.3	211.15
525.25	213.55
524.9	210.55
524.6	211.5
525.4	215.65
527.85	219.85
528.15	220.1
597.45	238.85
599.35	240.45
601.75	242.05
602.6	241.25
603.6	246.1
611.35	241.35
605.7	239.25
601.4	239.35
604	238.75
605.75	240.5
604.15	245.45
606.4	247.9
607.4	253.7
607.7	258.65
691.6	298.45
695.6	301.7
696.75	308.1
698.1	310.3
704.55	314.55
709.05	317.35
707.05	316.7
707.9	322.45
708.85	331.95
706.7	343.2
608.75	328.5
591.95	323.95
594.65	331.05
595.05	333.45
596.4	340.6
595.7	344.1
598	346.55
594.45	352.15
596.75	355.5
600.15	361.55
601.9	372.9
597.8	356.65
588.15	325.8
588.6	328.5
588.9	333.45
588.3	337.4
592.75	344.45
592.45	351.9
592.6	363.75
591	369.75
590.45	376.6
589.6	384.65
504.25	353.5
342.55	254.1
347.45	250.3
347.95	255.55
347.55	260.6
346.8	270.6
346.4	269.65
345.85	271.7
351	274.25
353.5	280.05
353.45	285.65
352.9	289.95
355.7	295.45
454.85	271.8
454.75	275.5
455.25	278.5
459.6	282.8
467.7	284.05
464	291
467.95	296.05
474.05	293.45
478.25	296.95
480.7	302.05
483.6	313.1
493.6	321.9
498.7	329.75
505.85	333.8
354.65	310.95
364	311.25
371.95	314.9
381.75	317.4
388.55	320.45
393.6	320.8
402.5	325.85
411.75	329.45
417.3	330.5
424.45	331.5
433.7	334.75
437.9	337.2
447.4	341.2
478	359.05
538.75	405.9
543.95	405.95
552.45	406.7
558.05	408.25
359.85	298.65
234.65	163.05
238.5	163.5
243.9	164.35
252.95	167.75
261.05	175.75
272.95	177.2
281.15	179.3
287.7	178.45
293.4	181.65
298.25	152.75
320.75	126.25
324.95	125.85
333.2	125.75
337.6	127.3
345.15	129.2
356.1	131.7
362.5	134.5
372.35	143.6
485.25	291.1
543	405.05
541.3	409.3
550.6	414.95
559.75	415.45
564.65	421.7
571.35	421.75
577.35	427.5
582.45	435.6
589.25	440.5
595.7	450.6
603.3	454.75
457.6	331.1
390.25	242.8
396.25	245.4
395.2	249.3
400	247.45
408.3	245.2
411.95	255
329.65	251.15
287.5	230.2
293.8	229.6
294.5	229.75
297.2	233.9
300.4	240.2
299.95	246.05
301.75	249.15
260.6	256.25
176.75	249.3
173.65	255.05
171.85	260.65
175.55	258.25
175.6	261
176.35	267.2
189.9	276.95
0	0
0	0
0	0
0	0
0	0
0	0
484.65	188.95
482.4	183.15
482.45	176.25
485.65	176.3
486.6	174.25
501.35	172.15
515.8	184.8
517.4	188.15
517.35	191.5
519.9	192.75
522.6	189.45
529.95	190.45
529	191.65
532.05	196.85
536.4	197.2
541.2	195.55
545.3	199.65
551.1	199.75
554.9	205
556.85	213.9
561.35	219.75
563.4	221.1
564.65	219.3
569.8	220.3
573.1	223.3
574.9	226.25
579.8	226
584.55	230.65
590.9	229.9
594.85	234.25
592.3	236.15
596.4	239.1
600.3	241.75
606.75	245.45
612.8	248.5
617	248.75
617.75	253.8
624.15	256.75
622.95	264.35
604.4	262
605.9	261.1
610.65	255.9
613.45	256.4
622.1	266.15
623	270.05
623.25	274.65
633.4	271.5
630.9	267.35
638.25	281.55
641.25	288.1
640.7	283
646.9	284.75
643	284.8
649.1	283.2
648.2	289.1
657.65	295.9
652.5	290.25
653.3	291.25
655.7	293.7
659.05	298.1
657.85	297.25
664.1	297.3
661.85	301.45
662.05	304.8
667.35	301.7
663.85	305.05
662.45	307
668.1	304
674.15	309.05
670.9	312
652.4	296
661.05	307
667.15	310.35
666.85	312
661.7	312.2
665.85	314.3
661.5	315.55
658	317
661.15	323.1
655.55	322.45
647.75	316.7
655.7	318.25
661.85	331.25
660.05	333
665.8	332.5
665.1	340.65
680.35	337.1
680.5	338.55
679.9	346.1
686.05	345
694	346.45
688.05	348.25
693.35	347.9
703.7	351.75
708.3	352.8
719.3	357.6
726.2	368.7
735.15	375.35
741.45	381.85
747.55	384
732.95	394.65
738.45	391.45
738.15	389.7
735.15	390.6
739.6	390.35
742.05	400.55
752.3	400.5
754.9	403.9
750.85	402.55
718.05	390.5
708.6	394.5
705.7	395.2
697.95	400.3
695.55	401.35
695.1	395.65
693.25	398.85
695.9	403.75
693.45	400.35
687.45	400.7
675.6	400.8
665.95	404.45
667.65	408.15
667.35	407.25
664.5	407.1
665.1	409.8
665.4	408.95
668.45	415.65
671.65	414.4
667.15	415.9
666.15	416.65
665.1	422.1
666.95	425.75
665.5	427.45
667.7	425.95
671.4	430.25
666.3	428.6
670.85	426.5
676.8	425.15
672.7	429.35
668.75	428.1
672.6	428.1
665.55	432.1
664.05	431.8
660.7	430.85
650.15	431.55
625.85	431.15
618.85	432.35
622.5	425.35
613.9	432.15
621.8	436.3
0	0
0	0
0	0
0	0
0	0
0	0
0	0
646.9	423.1
649.6	423.25
650.1	427.35
650.15	425.45
651.65	423.55
650.3	417.25
673.75	429.45
671.15	437.25
678.65	433
674.65	437.9
676.7	437.75
679.1	439.65
764.95	394.2
1122.45	260.6
1134.3	251.2
1132.4	253.6
1123.95	255.25
1121.95	252.35
1121.55	250.2
1117.45	250.6
1117.6	250.9
1113.85	251.4
1109.75	252.25
1110.5	256.75
824.6	346.15
491.8	414.75
487.7	419.05
491.8	419.5
493	420.7
495.8	420.6
503.95	421.6
512.5	417.65
514.3	417.65
521.7	414.55
528.15	412.3
519.25	130.75
515.9	126.1
514.05	122.75
517.95	129.65
517.9	131.7
518	133.25
520.55	132.85
516.7	133.4
515.95	136.9
515.2	137.9
517.4	141
266.75	311.75
154.5	359.9
169.45	357.85
186.55	361.8
201.15	366.85
221.5	371.55
234.55	368.2
243.95	368.05
341.15	385.85
355.2	391.35
370.55	392.25
381.4	392.35
389.35	393.5
402.1	393.85
405.5	395
419.15	393.65
429.55	392.65
431.65	393.1
437.25	392.75
440.25	390.45
445.85	395.85
450.05	395.7
456.55	394
455.5	394.65
464.45	395.9
432.4	399.85
432.2	398.6
437.8	401.85
442.2	402.5
439.1	398.5
398.85	310.4
407.35	314.55
407.15	318.5
417.85	317.75
416.05	317.55
411.5	316.2
414.5	308.8
409.1	312.55
411.2	314.15
408.05	321.1
417.5	313.4
493.8	423.45
484.55	414.05
488.55	419.65
489.25	420.85
487.15	418
486.05	418.35
484.05	422
485.15	418.05
482.85	419.7
412.7	312.4
410.2	312.55
412.35	308.75
412.15	307.7
416.45	308.7
420.05	304.75
419.7	301.5
415.9	303.65
416.45	305.7
416.3	304.8
415.7	306.05
419.1	306.2
419.65	301.7
418.1	300.35
417.95	302.3
420.1	303.4
420.4	302.35
440.6	321
438.4	323.65
440.3	324.45
437.55	330.45
497.25	427.9
498.45	425.75
499.9	427.85
496.95	428.7
497.25	429.8
498.35	430.75
499	431.15
499.55	430.15
497.7	430.8
492.35	427.3
831.05	450.35
828.8	446.55
833.1	446
834.95	447.05
833	450.15
859.5	449.7
850.95	448.8
855.6	439.95
848.6	443.4
846.5	438.5
851.5	438.25
847.55	440.25
852.15	438.1
851.15	435.5
845.3	436.2
848.35	440.25
852	439.7
853.8	440.7
856.15	435.8
858.7	433.7
860.7	430.9
859.15	430.45
853.45	435.1
564.55	420.35
477.85	407.45
479.65	407.05
478.4	408.5
476.9	411.7
477.65	412.6
478.6	413.1
479.25	413.95
505.55	415.35
503.55	414.35
504.1	412.15
504	412.9
504.9	412.6
512.4	412.7
832.95	413.75
829.9	413.8
831.4	412.85
830.2	409.85
833.35	409.05
834.8	407.5
851.55	410.6
851.45	414.4
848	417.5
849.95	418.85
849.7	419.7
847.6	418.05
849.2	415.75
847.2	417.8
847	418.6
848.7	417.7
848.15	419.65
846.4	418.6
849	419.4
847.55	418.65
847.35	420.3
887.95	338.25
901.45	320.5
900.4	318.35
898.55	322.85
901.65	321.25
898	313.7
890.75	310.4
883.2	312.45
877.35	312.4
877	307.35
878.75	306.35
880.6	301.65
877.95	302.45
879.7	306.7
880.7	305.5
880	305.5
800.6	327.1
788.3	331.4
784	331.8
785.9	329.8
785.95	326.85
783.35	325.55
781.95	326.7
783.55	326.3
785.35	322.95
781.3	323.75
781.65	323.2
781.95	322.2
834.15	313.85
838.15	312.15
831.45	317.45
833.85	308.1
832.6	304.45
821.6	305.9
812.1	302.8
807.35	297.45
803.4	297.85
702.2	248.7
660.4	212.95
667.3	211
668.25	210.15
667.85	207.4
671.75	210.2
668.4	211.05
668.05	216.25
669.85	211.8
668.75	215.4
670.2	220.1
670.55	217.65
667.6	218.65
667.7	220.5
666.6	217.65
666.7	218.05
665.8	219
664.9	222.65
667.45	218.85
586.45	254.95
588.8	255.15
590.1	254.35
588.4	256.75
589.95	257.3
592.7	257.35
593.65	259.15
594.95	259.25
593	261.75
663.2	219.8
668.8	217.5
667.65	218.05
665.45	216.4
669.8	219.2
674.45	219.95
671.65	223.15
668.25	224.5
670	224.9
693.6	241.4
0	0
0	0
0	0
0	0
0	0
659	263.15
653.05	263.75
655.65	270.55
658.1	272.3
643.5	259.65
635.65	258
627.95	257.45
620.7	258.9
613	259.05
541.75	267.45
445.05	275.3
443.05	275.15
445.05	272.35
454.5	271.75
457.1	264.35
457	264.4
460.1	264.1
458.65	265.1
455.15	268.3
454.3	276.95
456.4	276.05
453.1	275.25
808.5	281.65
927.1	286.25
928.75	286.3
925.7	294.05
928.9	295.05
926.65	295.65
903.1	320
858	363.3
853.75	363.9
854.75	364.8
857.75	364.45
859.65	360.05
861.9	361.35
861	362.35
863.05	362.05
868.6	365.5
868.85	364.05
871.65	366.35
870.85	369.6
902.9	373.4
899.7	374.85
892	372.2
891.55	371.5
888.9	374.35
886.35	375.55
889.05	373.7
671.4	367.65
666.15	371.8
669.25	372
666.45	373.5
663.3	374.35
663.9	373.45
662.65	375.95
661.25	372.15
665.75	374.3
667.35	375.35
666	375
665.9	375.55
669.95	370.55
668.55	370.2
687.75	366.8
688.5	368.85
687.9	371.8
688.8	372
688.7	369.25
690.9	367.35
693.05	370.9
693.7	369.75
695.8	370.1
703.7	369.9
705.7	368.25
704.85	367.65
696.5	366.45
692.5	367.3
689.45	365
682.15	367.6
556.35	365.6
534.4	365.3
538.05	363.25
539.5	362.85
540.2	364
537.8	365.1
533.75	370.2
491.9	370
495.45	369
497.4	365.55
501.85	366.6
506.35	370.75
508.9	369
508.6	370.05
508.8	371.3
512.25	373.95
515.8	371.9
519.4	375.2
522.5	378.6
523.75	380.05
523.8	382.5
528.05	383.6
462.85	368.1
455.9	361.6
458.4	361.9
462.6	363.8
466.15	362.45
462.85	366
464.8	366.05
469.95	365.8
470.45	368.3
471.7	369.9
474	370.95
610.15	356.7
610.8	350.2
611.7	350.35
612.3	351.1
611.05	349.35
615	358.2
607.2	359.6
601.5	359.95
592.55	362.5
590.9	367.05
484.2	372.6
489.95	374.25
488.7	380.5
489.2	385.05
489.6	382.6
492.55	380.4
498.85	381.75
502.75	380.3
507	380.3
510.4	377.8
527.2	383.95
531.05	382.8
533.4	382.45
537.35	384.85
535.9	383
543.35	377.25
585.35	377.5
587	377.45
586.8	374.35
586.8	373.75
587.7	374.5
438.65	419.95
376.5	424.25
377.4	423.65
378.15	423.35
380.1	427.35
383	426.85
388.3	426.85
164.8	473.95
129.25	477.6
135.15	478.85
133.9	481.45
136.9	481.05
140.4	481.5
145.05	481.15
146.9	481.05
165.25	466.55
181.15	465.05
183.55	467.2
188.1	466.2
194.9	463.05
195.75	464.6
198.1	468.55
201.85	469.4
203.55	468.25
208.35	464.95
210.4	465.6
214.4	471
216.6	468.95
290.6	439.15
326.65	438.4
335.05	443.25
337.85	443.2
339.45	444.7
337.7	442.55
340.85	443.9
343.85	445.5
348.6	446.7
349.25	445.75
352.35	445.4
355.3	446.25
358.55	445.95
373.6	438.95
675.65	323.75
669.95	324.9
671.85	320.3
671.75	322.25
674.8	323.55
679.55	321
680.4	321.6
688.95	321.9
727.9	323.5
735.6	321.85
740.35	318.1
741.05	321.65
745.45	320.5
742.3	319.7
737.25	324.3
734.65	322.7
730.4	328.75
727.1	329.1
726.4	330.85
703.7	364.55
664.05	415.75
665.55	414.9
664.15	414.6
665.45	416.65
664.9	419.65
663	421.25
663.1	425.5
661.7	427.85
668.5	440.8
0	0
0	0
0	0
0	0
0	0
736.65	458.3
741.05	459.75
741.55	458.25
743.2	457.7
742.45	453.2
740.5	448.3
466.2	477.6
351.3	481.2
350.1	485.1
351.8	488.4
351.75	488.9
354.95	486.25
354.55	482.15
354.95	481.4
358.15	484.05
361.5	479.4
387.55	457
388.2	462.15
388.25	470.6
389.6	469.55
392.45	471.95
390.9	472.9
393.6	474.15
405.05	467.9
583.05	419.6
583.3	418.2
581.35	421
583.85	421.25
588.55	423.15
589.1	422.75
588.2	422.05
584.45	420
587.6	419.75
588.7	418.45
590.5	419.85
591.1	418.9
473.25	458
475.3	455.05
478.3	456
477.25	457.05
478.45	454.9
481.9	456.35
483.95	455.25
480.65	456.25
480.5	456.95
483.4	457.4
639.45	377
662.65	367.45
662.05	368.4
663.9	369.45
664.35	369.45
663.9	368.55
666.5	366.5
669.05	371.75
675.85	369.85
677	361.25
698.8	345.85
700.7	344.65
708.75	337.65
711.7	345.45
712.05	337.45
709.3	326.3
713.55	327.05
718.55	333.1
729.2	331.4
733.45	328.3
851.45	293.95
889.7	295.75
892.65	296.5
891.2	300.5
893.85	292.6
899.4	297.2
900	298.9
899.9	292.95
902.95	287.75
945.65	284
948.65	287.2
948.9	288.3
953.95	284.6
950.5	285.7
954.15	283.35
955.35	285
954.85	278.6
958.45	279.8
958.4	280.25
957.25	284.55
1000.85	294.75
1014.15	300.15
1014.7	302.1
1018.85	300.5
1015.8	299.25
1016.55	297.9
1018.65	303.15
1023.4	305.5
934.25	316.65
898	332.85
901.4	333.8
901.75	338.15
904.6	336.85
899.75	336.45
901.6	339.2
908.25	338.55
909.9	340.35
910.55	340.55
905.4	344
907	342.55
910	344.05
911.65	341.3
916.95	338.65
915.65	338.6
919.6	337.95
911.8	342.25
913.85	337.2
913.95	343.95
919.1	339.95
903.7	341.05
544.85	365
541.7	359.95
541.05	365
536.55	368.25
543.65	373
542.4	376.4
542.7	368.05
476.6	415.2
438.65	458.05
440	457.6
438.6	462.65
436.95	457.45
440.55	451.15
437.2	448.6
441.25	454.15
443.75	456.75
446.1	456.8
421.15	462.7
422.8	461.7
420.45	462.9
420.1	458.55
418.75	450.75
418.4	444.9
417.75	447.25
610.95	389.05
949.05	298.3
937.95	298.8
941.5	295.7
940.45	292.65
940.55	298.8
937.65	302.4
946.3	299.05
1060.9	232.95
1060.05	237.15
1061.2	239.5
1059.8	239.55
1063.35	241.05
1059.95	241.35
1058.35	239.75
1059.4	238.15
1063.75	231.95
1068	240
1065	247.8
1072.55	244.15
1076.05	240.55
1031.1	253.85
472.95	438.9
460.8	442.05
463.55	440.95
461.85	445.35
469.1	441.35
465.5	446.85
429.35	463.45
427.2	463.75
431.1	471.45
428.5	466.05
435.7	465.35
435	463.85
435.1	463.3
545.05	480.55
1169.7	481.2
1273.3	477.65
1259.8	483.35
1267.95	484.85
1261.8	483.85
1257.05	480.85
1259.55	478
1256.45	475.1
1252.75	476.45
1248.6	480.5
1248.95	478.3
1257.1	473.35
1256.05	470.35
1253.35	471.55
1254.4	466.8
1255.3	467.6
1252.95	468.85
1255.2	469.95
1257.35	472.25
1250.2	466.7
1244.55	466.3
1247.2	462.05
1242.85	460.65
1243.5	462.15
1244.95	463.15
1243.35	460.6
1244.4	462.4
1245.5	461.9
1228.05	467.4
1195	471.55
0	0
0	0
0	0
0	0
0	0
0	0
0	0
1201.6	533.8
1199.35	536.7
1201.8	536.05
1222.35	525.6
1222.65	533.8
1225.65	536.9
1220.6	536.6
1221.65	534.65
1223.25	535.3
1217.55	533.2
654.15	521.95
408.95	504.1
395.2	507.85
396.95	507.2
394.55	510.35
396.25	506.95
395.5	503.5
416.2	470.2
416.1	470.45
414.3	471.45
412.95	475.4
413.55	474.15
411.75	474.75
407.35	476.45
406.05	474
407.7	474.8
406.7	472.8
791.35	474.25
0	0
0	0
0	0
0	0
0	0
0	0
0	0
0	0
0	0
0	0
0	0
0	0
0	0
0	0
1246.1	539.4
1265.95	528
1266.45	525.8
1262.25	528.9
1264.95	530.1
1262.55	527.85
1263.1	527.35
1256.5	532.2
1256.55	533.45
1259.55	530
0	0
0	0
0	0
0	0
0	0
0	0
0	0
0	0
0	0
0	0
0	0
0	0
0	0
0	0
0	0
0	0
0	0
0	0
0	0
0	0
0	0
0	0
0	0
1275.7	518.35
1270.75	520.1
1272.15	518.1
1274.15	517.6
1229.75	527.9
1227.1	527.95
1224.6	529.7
1222.7	527
1219.65	528
1218.3	526.65
1215.45	527.4
1214.8	525.55
1215.05	526.45
1213.5	527.15
1209.3	525.95
1208.55	524.35
1205.45	527.25
1206.5	526.95
1207.55	524.85
1205.7	524.85
1205.3	527.45
1202.2	526.05
1204.85	525.35
1211.85	528.45
1211.85	528.55
1209.65	528.2
1210.65	529
1209.55	530.3
1206.95	528.05
1206.85	529.2
1206.05	529.1
1205.7	525.2
1205.1	529.1
1206.3	531.5
1206	528.7
1206.05	527.7
1204.65	529.4
1211.9	538.15
1212.35	537.8
1213.85	540.9
1213.3	537.85
1214.95	535.45
1214.9	536.95
1213.4	535.55
1213.4	536
1212.15	536.5
1206.9	535.05
1203.3	530.75
1203.4	533.3
1155	523.85
1099.6	524.85
1093.05	518.95
1090.25	515.95
1090	519.1
1085.85	519.65
947.35	497.15
952.35	497.7
947.95	499.4
944.1	499.8
945.85	500.7
943.8	500.5
944.1	501.05
946.15	501.45
930.6	530.95
925.7	535.05
927.55	531
926.6	531.75
923.6	534.9
924.95	532.75
924.8	534.65
924.2	537.6
925.25	537.15
1032	508.85
1154.2	487.6
1158.75	489.5
1162.3	599.15
0	0
0	0
0	0
0	0
0	0
0	0
0	0
1032.15	532.35
1029.2	529.65
1028.8	528.75
1019.45	529.7
959.1	543.3
955.55	538.3
954.45	543.8
957.95	547.1
959.7	545
963.5	544.2
963.5	543.2
963.9	540.1
962.75	537.9
963.35	540.9
964.35	538.15
965.95	537.4
964.55	534
956.7	535.8
939.8	513.8
892.25	452.55
891.95	456.2
898.85	454.8
901.05	459.4
899.25	460.1
898.2	460.6
899.4	463.3
903.25	463.7
905.35	462.5
908.55	462.15
911.7	461.7
913.4	458.35
910.1	459.5
910.9	461.65
914.15	454.7
915.95	452.95
917.75	451.35
922	456.3
958.3	500.9
961.55	503.75
964.15	496.8
967.15	495.9
966.7	495.8
967.1	490.5
967.4	486.45
968	482.1
968.45	479.45
975	476.95
1036.9	380.55
1032.6	373.95
1032.35	375.25
1034.6	375.4
1037.65	376.6
1039.8	376.45
1038.25	373.75
1037.95	373.8
1032.4	369.65
1031.1	365.1
1035.15	404.35
1033.7	408.25
1034.65	407.2
1035	408.95
1034.8	408.2
1038.1	409.95
1037.35	412.7
1037.3	413.65
1037.8	411.45
1034	410.55
1029.9	407.75
1029.15	407.6
1031.1	408.9
873.85	371.75
865.15	368
861.15	365.45
857.2	365.1
848.4	362.15
844.1	360.55
842.4	363.75
842.15	364.3
839.1	366.35
840.05	365.35
760.85	359
751.95	361.8
746.25	360.45
740.95	361
735.65	361.4
735.45	363.6
727.7	365.65
721.9	365.9
719.05	366.6
718.45	361.7
712.1	360.6
708.95	364.25
658.2	358.85
653.75	356.8
652.45	357.25
650.3	355.05
647.9	352.8
648.45	354.35
650.5	357.85
647.35	361.3
644.15	357.9
614.25	349.4
611.15	348.15
608.7	349.45
608.1	346.9
603.7	343.55
600.7	345.7
593.95	343.5
593.75	343.45
592.6	342.7
579.6	343.2
520.8	324.95
518.2	322.8
515.85	323.2
511.9	324.7
510.6	325.85
505.25	328.05
502.5	327.05
500.95	327.5
499.65	330.95
500.3	332.75
499.3	334.1
501.5	333.45
590.5	298.25
585.4	304.8
588.75	307.35
588.1	306.95
586.85	306.4
587.65	298.2
586.75	296.75
694	317.2
842.7	342.6
852.45	343.5
854.75	342.65
856.25	340.9
854.95	338.4
855.1	338.2
854.5	337.5
876.35	341.85
1160.4	313.6
1145	313
1147	312.55
1148.15	311.2
1145.15	307.85
1027.6	315.35
546.4	323.4
568.6	319.25
566.8	321.7
567.85	325.75
567.55	324.3
568.8	326.55
568.25	328.9
404.85	486.15
396.6	501.7
394.65	502.9
392.95	503.15
394.2	505.9
393.55	504.6
411.55	452.4
409.8	456.85
409.8	455.8
408.25	455.65
421.25	479.95
0	0
0	0
0	0
0	0
0	0
0	0
594.4	273.5
591.45	276.95
596.25	277.2
592.75	274.2
591.15	276.5
588.9	272.75
587.7	270.4
587.8	268.75
586.75	269.55
587.6	271.45
537.55	272.9
551.85	270.35
549.75	270.75
546.9	270.75
545.2	274.4
547.5	277.5
548.35	277.05
547.55	279.6
546.15	280.15
550.2	279.7
551.55	281.35
551.15	281.35
551.5	281.1
552.75	279.7
555.3	277.3
550.95	279.7
550.35	279.55
551.45	280.45
550.15	279.9
551.6	278.95
558.7	275.2
558.2	276.6
538.85	277.7
530.5	275.95
530.8	274.2
530.6	275.3
531.75	276.45
536	281.6
535.15	283
535.95	277
549.15	274.15
552.85	268.45
545.25	268.35
549.55	266.45
555.5	268.2
551.05	277.65
550.9	265.25
558.1	287.4
560.05	295.35
563.95	295.05
561.7	295.6
567	291.45
564.95	292.95
566.3	292
566.4	284.5
559.55	287.4
556.75	286
560.85	278.7
561.15	285.95
567.15	282.25
562.25	281.9
564.5	284.5
566.65	291.55
566.1	287
558.35	291.05
559.4	298.45
555.35	298.3
557.85	295.85
555.5	292.55
555.5	297.3
551.7	296.6
553.35	291.7
554.85	291.7
552	298.45
553.85	303.55
558.8	292.5
554.15	292.3
552.4	296.5
547.9	295.5
551.75	293.95
551.65	293.4
553.8	294.05
552.9	291.8
552.7	291.5
552.7	299.7
552	297.75
550.45	298.15
549.95	299.3
551.75	300.45
552.65	299.75
552.4	296.45
551.9	293.95
550.2	296.3
528.65	302.3
532.4	296.9
533.6	303
531.35	299.5
533.45	299.6
534.85	305.1
539.15	306.35
536.7	306.35
539.65	304.15
550.65	291.1
548.35	289.95
549.05	288.65
546.85	288.95
544.7	290.25
545.4	290.55
542.9	289.4
544.05	288.75
534.4	305.7
536.6	308.85
536.5	308.7
536.45	306.95
535.35	306.15
543	290.15
543.5	290.7
542.8	289
542.4	288.85
539.05	290.15
541.55	290.1
542.7	290.85
541.6	293.1
522.4	304.35
522.15	305.3
524.05	305.1
522.65	306.75
523.95	305.75
525.5	306.5
527.95	303.6
527.9	305.2
527.05	305.2
549	288.05
547	292.8
546.6	288.35
548.05	286.4
547.45	286.8
547.75	283.75
548.6	284.9
550.3	283.35
550.95	282.85
550.5	279.9
551.5	274.7
554.55	274.1
555.5	272.55
552.1	274.15
553.25	276.1
551.3	276.8
552.4	277.05
554.25	278.1
552.4	277.8
555.4	278.25
533.55	286.8
534.7	283.3
534.95	281.9
532.9	281.45
533.15	280.05
534.05	272.6
529.95	274.3
529.5	276.6
532.3	276.7
534.45	284.1
533.05	284.9
544.3	286.2
538.8	286.25
539.6	286.5
539.9	294.25
543.55	296.2
537.4	301.4
543.4	301.25
537.05	300
530.85	300.7
528.8	302.45
530.95	302.9
532.2	306.35
528.45	309.2
524.35	304.2
526.05	306.05
526.1	303.9
511	338.85
507.35	332.4
507.15	331.15
504.75	327.1
505.8	326.5
506.6	328.4
510.65	333.45
508.25	334.45
528.8	308.25
523.4	310.7
522.55	311.3
522.65	312.8
523.2	313.55
525.9	313.75
526.7	315.7
448.25	439.3
450.05	459.15
448.55	460.9
450.15	462.2
450.85	461.3
451.05	459.95
443.9	459.8
427.35	457.75
426.95	457.75
425.85	455.2
425.25	447.6
522.45	291.8
522.05	294.55
526.45	295.3
527.85	297.35
530.8	295.8
531.35	295.4
544.4	290.65
546.15	287.95
544.2	284.9
548.45	280.5
548.6	278.5
656.15	291.2
888	309.15
896	305.45
897.6	305.1
898.7	306.6
900.4	306.7
902.9	305.85
910.25	309.9
1201.5	301.85
1180.85	301.4
1180.15	301.15
1180	299.9
1181.7	299.3
1184.85	298.9
1007.95	280.75
576.8	284.3
594.3	282.7
594.8	286.65
592.35	289.05
593.65	290.8
571.85	277.95
561.1	287.1
563.4	288.65
562.8	290.85
563.5	291.5
562.2	292.7
563.55	292.3
613.55	306.65
614.4	310.4
614.6	311.75
613.15	310.8
611.9	311.4
611.15	312.05
533.2	299.25
524.85	302.3
524.45	302.2
522.65	301.05
520.4	300.3
519.7	302.15
521.45	302.7
522.95	303.2
521.9	303.55
522.25	301.55
509.65	322.25
511.6	322.5
510.35	323.6
513.1	322.2
511.5	322.4
521.1	299.05
517.45	306.75
520.5	305.4
518.35	306.85
513.6	305.15
516.85	304.25
837.2	339.5
847.95	347.7
849.65	346.2
851.3	347.25
850.05	344.2
850.95	346.85
848.5	346.95
850.9	344.05
483.65	392.9
468.25	385.35
469.6	389.4
473.25	392.85
472.45	388.65
470.7	391.25
473.75	393.2
470.25	391.35
433.75	450.9
435.9	435.95
435.8	438.4
434.4	435.45
431.9	432.7
435	438.3
437.05	439.05
438.3	442.15
448.35	387.55
486.3	305.45
484.1	306.9
486.8	308.5
487.35	312.85
488.4	314.15
489.65	318.45
487.3	318.05
486.75	323.1
470	355.6
467.8	358.9
469.45	358.25
467.7	357.9
470.2	360.05
471.1	361.4
469.3	357.35
467.6	366.8
439.5	458.45
437.9	465.4
434.15	469.45
432.25	467.05
430.75	464.5
429.2	464.3
445.45	456.15
441.5	461.5
441.65	464.4
438.3	464.7
440.4	461.5
441.55	460.6
443.3	458.5
445.45	458.05
445.75	459.95
449.45	464.85
449.55	460.65
450.9	464.05
455.1	461.9
453.35	462.95
449.4	464.85
447.9	465.75
448.55	463.85
448.75	462.25
428.35	465.8
429.75	460.6
432.2	460.5
430.3	458.2
430.75	462.05
428.9	463.7
435.65	459.55
435.5	457.4
433.8	458.3
436.55	454.8
438.5	453.15
437.45	455.85
437.3	454.55
439.25	452.95
440.15	451.75
438.85	453.6
437.2	452.95
429.45	458.6
426.9	458.8
428.6	457.25
429.3	457.35
428.8	456.35
429.5	457.6
430.4	455.6
432.8	457.9
439.3	454.8
438.15	457.65
437.25	457.4
436.5	457
433.75	456.7
431.65	457.25
432.05	460.45
431.45	459.4
430.8	462.45
432.6	461.8
432.45	461.95
428.05	459.2
428.4	462.75
428.85	459.65
433.15	459.55
434.15	460.4
433.4	460.9
431.8	460
431.85	461.85
411.6	470.45
416.9	469.15
417.45	467.5
416.85	468.2
415.35	467.65
415.95	467.75
415.2	465.65
415.35	468.5
412.8	467.95
413.05	466.3
413.1	465.35
414.95	464.75
399.85	472.1
404.1	475.25
402.05	477.6
400.95	478.1
401.15	475.25
402.45	474.2
403.45	472.5
403.15	471.1
403.2	469.6
403.6	469.55
402.2	471
404.45	473.35
405.35	473.75
406.05	474.75
408.05	476.6
407.75	478.75
405.3	479.9
406.65	479.8
407.4	476.8
405.35	477.4
408.9	478.85
407.65	477.75
408.3	480.5
407.25	481.4
407.6	482.15
405.9	484.25
476.35	393.8
495.45	311.75
498.65	316.35
500.05	312.1
503.05	310.9
503.2	311.05
495.35	289.95
499.45	288.75
499.1	287.65
499.85	290
501.45	291.25
503.25	290.65
502.35	291.95
508.8	291.5
507.9	292.85
508.1	290.4
509.55	286.75
512.55	285.65
513.95	287.95
515.1	287.9
512.9	288.5
515.3	290.05
514.8	288.8
517.35	290.7
517.4	291
520.65	287.2
523.5	284.05
523.4	284.8
525.1	284.3
525.45	286.35
606.85	309.7
608.7	324.2
605.65	325.7
612.9	324.35
615.95	323.4
612.9	323.55
615.35	322.2
616.6	321.05
615.65	320.25
615.4	319
614.55	320.2
614.6	318.5
606.55	279.4
604.35	279.85
597.65	278.6
599.1	279.7
605.7	276.95
598.95	260.85
521.4	130.7
525.9	135.25
527.65	132.3
528.5	130.15
527.9	129.8
531	125.4
537.75	125.45
539.35	123.15
544.8	120
548.75	120.85
555.8	118.05
563.75	119.7
567.35	119.3
570.15	115.9
573	109.8
576.15	112
583.8	109.4
561.2	212.05
580.3	248.5
579.2	248.9
583.45	249.25
586.7	255.1
588.85	254.05
591.1	259.55
596.15	262.9
596.75	269.45
594.95	277.3
593.1	280.35
590	282.55
584.25	290.95
575.65	297.1
572.8	301.4
724.25	360.8
722.75	356.2
721.4	354.1
720.15	356.05
723.4	358.05
724.45	357.45
726.25	357.6
728.8	358.45
729.35	360.6
669.55	237.5
603.3	149.4
602.8	146.6
602.15	147.1
602.75	150.55
601.25	152.05
597.4	162.1
596.35	159.9
592.7	161.1
598.4	161.35
597.95	159.15
592.55	161.5
483.55	262.35
442.55	317.4
442	317.95
442.85	319.7
442.4	322.5
445	317.7
445.3	321.1
446.65	320.85
441.1	326.65
441.95	327.75
444	327.8
443.65	332.2
449.8	328.15
452.45	324.45
458	319.25
466.3	318.8
471.8	316.55
480.05	312.6
625.1	206.2
658.95	185.45
658	184.5
665.7	180.7
661.4	176
661.1	174.85
665.85	181.55
668.65	189.9
757.75	223.55
761.95	223.6
762.15	224.35
762.15	224.55
763.5	223.9
764.35	224.8
750.55	335
746.15	323.7
742.05	325.55
745.2	326.2
748.8	326.5
747.75	324.95
594.55	213.5
542.2	183.9
543.65	194.45
0	0
0	0
0	0
0	0
556.35	188.35
560.5	186.55
558.85	188.95
562.65	183.7
564.5	180.1
563.4	182.9
567	124.9
567.3	124.6
567	121.85
568.25	118.7
565.85	115.4
560.95	114.1
573.1	103.45
570	98.05
568.55	100.35
567.5	94.25
564.75	93.35
565.7	94.2
571.65	108.15
696.9	265.25
698	254.15
699.15	258.1
697.3	269.7
695.1	270.3
666.8	359.3
662.55	356.9
660.7	356.55
658.8	354.35
656.9	356.25
657.35	357.5
658	361.95
659.5	360.15
678	401
687.5	438.85
686.95	439.4
686.15	441
686.2	441.05
686.45	443.3
687.35	442.4
688.8	442.45
689.1	442.15
688.2	443.15
687.25	445.85
689.45	446.85
695.05	444.05
657.6	475.8
663.8	475.45
663.95	475.9
660.55	475
663	469.95
664	470.7
663.55	472.5
660.8	475.8
663.7	478.5
663.55	475.4
661.9	472.5
662.35	471.75
661.95	470.8
661.1	469.75
662.6	468.8
663.7	468.65
661.75	470.9
660.55	468.1
660.6	470.1
661.15	469.45
686	442.15
681.6	441.45
681.25	437.45
681.3	434.4
683.4	432.85
682.3	435.2
675.6	335.25
672.1	313.4
667.75	315.3
667.55	317.45
665.05	315.05
667.15	317.65
667.4	320.6
672.65	318.45
673.95	317.8
676.45	317.4
676.45	324.9
678.65	321.85
681.35	317.55
680.55	318.05
679.65	320.6
682.25	321.35
687.25	324.35
687.25	326.1
685.7	330.65
682.45	334.8
685.2	333.1
683.5	334.6
682.2	334.05
683.5	97.6
679.25	112.95
682.45	109.45
680.1	109.5
676	107.35
678.15	109.6
668.55	179.8
666.95	180.4
670.35	188.25
669.95	193.55
670.2	195.05
670.65	195.85
669.95	196.05
669.1	200.5
667.25	209.7
668.5	210.4
668.95	212.6
669.2	215.45
669.5	218.8
680.45	240.85
684.2	239.1
684.55	238.9
683.4	247.85
683.7	248.2
683.85	247.9
680.85	248.15
685.6	252.65
686.05	254.95
684.15	263
682.2	261.85
684	264
682.55	265.05
682.85	267.35
684.3	274.05
682.55	278.05
680.15	280.95
656.05	348.05
664.05	373.05
665.95	375.85
663.9	377.05
662	380.35
662.05	380.75
674.15	327.35
684.25	322.9
683.6	327.25
682.05	324.95
683.75	322.7
683.85	326.1
682.25	325.4
684.95	323.8
686.7	321.65
684.35	319.7
682.6	314.5
677.95	316.1
676.7	318.25
728.65	295.2
727.5	294.35
721.35	299.7
711.6	301.25
709.2	304.1
704.9	303.4
700.55	305
698.65	307.7
693.7	305.25
666.35	333.4
662.05	330.8
658.35	332.75
659.8	336.9
654.55	338.15
647.9	343.3
646.95	344.15
649.45	342.4
649	337.8
641.5	342.65
642.15	340.7
636.6	346.25
635.85	345.9
636.7	343.55
633.3	348.2
630.5	345.9
632.05	343
629.3	350.85
623.6	372.05
0	0
0	0
0	0
0	0
0	0
602.15	387.55
597.05	374.05
603	375.2
604.35	370.75
602.5	373.1
599.2	372.35
596.9	377.35
599.45	375.25
599.8	376.55
598.65	374.75
605.25	372.7
596.4	372.2
594.1	369
593.8	372.15
595.45	369.3
597.45	364.95
594.45	365.45
589.5	373.5
588.9	372.65
589.3	375.05
589.4	375.55
592.8	190.9
595.15	183.95
593.75	184.35
593.6	188.4
592.95	199.5
594.45	206.25
595.05	212
594.95	219.85
596.75	224.6
591.1	153.3
591.8	159.85
591.4	161.9
591.5	164.8
591.3	176.2
597.1	182.6
599.25	186.3
600.6	189.1
597.95	189.65
597.9	193.65
600.7	196.6
598.8	203.6
600.85	204.85
601.6	205.3
601.85	211.95
602.1	210.1
600.55	211.5
600.2	212.8
613.85	206.25
612.75	208.85
612.4	212.8
612.95	213.35
616.4	218.95
614.2	215.5
609.8	223.35
611.65	224.05
615.5	222.55
617.65	222
616.9	219.5
619	218.35
618.35	219.8
616	218.3
612.5	217.85
612	215.75
614.1	210.55
613.55	205.75
618.5	202.8
618.35	199.95
618.65	200.85
620.1	198.4
615.6	199.1
618.15	199.1
607.25	304.05
611.95	343.5
609.35	336.25
609.9	337.9
609.15	338.1
612.3	336.5
643.7	229.45
656.85	196.4
657.2	198.4
658.45	198.4
660.15	195.2
657.1	194.55
657.3	193.95
655.9	188.6
655.95	188.15
656.5	143.25
653.9	149.9
654.5	144.2
650.3	141.65
648.25	146.2
650.3	145.5
651.5	143.8
651.1	141.7
648.55	150.45
650.15	150.85
652.5	158.45
650.3	159.05
649	160.45
650.65	162.2
649.15	160.2
652.35	164.2
649.85	165.65
653.6	168.4
654.65	175.35
605.1	204
601.7	206.7
599.15	205.35
600.75	210.95
601.75	210.3
600.55	210.9
598.95	215
601.2	218.25
600	223.35
600.15	223.95
600.05	226.45
601.55	226.25
601.7	225.8
599.4	225.9
597.15	230.6
597.75	232.2
595.15	229.85
643.6	208.85
843.75	166.85
852.95	170.65
860.1	171.45
860.55	183.35
856.15	191.6
860.35	204.1
859.8	214.05
1029.15	357.4
1025.15	348.8
1023.2	356.3
1021.75	363.6
1021.55	366.4
1022.75	366.75
1023.75	368.5
1022.95	370.4
1025.35	372.9
1025.35	373.35
1028.45	378.45
1029.85	376.6
834.25	512
838.75	497.1
837.7	490.45
838.7	486.35
839.15	483.9
836.8	484.3
833.9	481.7
658.7	375.15
590.25	281.5
577.3	294.75
571.3	296.95
560.15	303.55
557.45	309.15
553.8	318.7
547.65	325.9
544.65	330.55
542.85	339.6
544.2	342.6
485.6	277.9
486.15	286.45
482.7	286.35
478.5	296.5
475.95	306.9
474.6	307
473.9	315.15
471.65	321.05
470.6	319.6
474.35	319.65
475.8	317.8
476.7	319.45
474.8	315.3
476.9	315.8
479.5	317.35
476.15	316.95
476.75	316.1
483.35	311.45
485.55	313.25
484.45	312.65
483.95	311.55
484.85	309.2
639.8	305.45
682.3	320.65
684.95	323.9
688.95	325.85
695.55	328.7
702.5	338.05
707.5	339.9
713.8	347.6
702.95	323.3
712.4	300.65
719	307.1
723.95	312.55
731.1	320
740.15	333.9
744.6	342.1
749.55	346.95
748.7	350.05
747.55	350.9
745.95	350
746.3	349
744.1	348.2
743.8	348.3
742	346.55
742.1	348.6
739.85	348.6
742.4	346.85
689.6	393.15
596.75	450.5
595.35	452.35
596.05	446.25
596.35	444.55
601.3	440.25
600.95	442.5
601.85	440.3
697.4	250.65
809.15	191.65
831.3	190.4
836.6	196.3
840.25	200.6
847.25	208.15
856.3	215.4
862.6	221.85
868.25	80.5
866.75	94.25
870.25	100.85
869.8	103.25
865.6	100.65
862.35	105.6
862.85	114.45
862.1	122.2
854.85	130.65
852.45	142.9
853.35	148.8
853.1	160.05
741.85	346.3
740.4	340.9
740.05	345.85
740.05	351.25
741.6	354
0	0
0	0
0	0
0	0
0	0
731	256.55
729.1	246.6
731.65	241.5
729.75	239.3
725.6	238.45
804.35	108.95
802.5	116.25
792.45	119.25
776.5	129.45
765.95	138.35
755.7	150.5
747.85	159
740.65	172.25
709.15	214.1
638.75	271.85
631	275.7
627.85	280.7
625.3	280.05
623.15	277.5
622.5	270.95
617.25	268.25
614.25	261.25
610.45	251.45
609.3	253.45
611.25	250.35
609.4	248
506.7	349.4
491.55	378.3
494.45	381.7
496.7	381.65
493.6	381.95
490.85	378.5
490.3	379.25
493.2	378.05
496.3	377.7
603.7	407.75
1062.15	466.25
1046.9	466.15
1053.25	464.25
1052.45	459.55
1054.2	455.55
1047.5	448.45
1039.95	444.4
1071.7	298.35
1071.05	313.4
1067.8	312.15
1064.25	311.9
1058.7	314
1056.1	313.45
1054.3	318.6
1048.2	313.1
1046.5	314.15
1042.9	314
1037.45	310.4
1027.75	306.45
1025.05	305.9
1020.6	304.45
1018.9	303.25
1015.75	304.45
1015.85	334.1
1015.25	418.2
1015.7	423.8
1014	425.55
1011.25	424.3
1012.35	426.7
1012.75	426.2
1010.35	430.9
1006.9	432.55
1003.6	433.85
979.85	445.55
974.75	445.85
968.45	444.3
959.25	442.4
956.9	437.65
954.35	436.55
948.75	434.4
942.45	433.65
938.25	434.15
936.85	433.15
930.25	430.45
850.9	400.15
852.65	400.9
849.5	403.05
846.75	406.35
845.95	405.65
846.15	406.85
846	408.35
842.6	409.3
947.65	456.7
946.5	451.75
946.3	453.6
944.9	450.6
943.7	448.65
943.5	448.5
941.7	449.5
940.6	447.3
952.65	463.2
944.6	459.05
945	460.45
946.85	458.8
945.7	458.5
950.6	459.4
950.8	458.2
950.3	454.4
949.7	456.55
945.55	452.75
947.05	451.4
944.25	453.3
947	449.9
948.15	452.95
948.15	453.4
947.45	453.55
951.35	453.95
950.5	453.5
950.7	454.1
951.55	453.4
949.6	449.75
927.45	447.65
0	0
0	0
0	0
0	0
0	0
0	0
742.6	445.4
738.5	445.15
738.5	441.95
737.35	440.15
738.55	439.15
740.35	435.65
738.9	433.35
732.85	430
815.1	417.6
887.35	410.5
885.85	411
877.5	405.55
870.6	397.3
864.05	391.8
860.25	386.3
852.75	377.25
839.3	366.95
821.9	357.8
805.05	351.35
793.95	337.65
776.55	321.95
764.65	311.65
745.55	299.8
722.7	291.6
705.8	273.4
696.25	263.95
678.95	248.6
653.8	228.7
633.55	214.15
618.25	195.1
610.6	187.25
602.1	183.55
586.95	176
577.05	178.15
572.5	179.5
570.8	177.95
564.1	175.8
561.95	183.5
670.95	276.7
671.8	267.8
670.8	263.75
671.1	263.85
673	262.95
675.4	263.05
677.5	264.5
675.75	261.6
813.75	210.75
830.85	202.95
833	203.45
833.9	201.25
827.7	204.45
829.8	208.6
829.9	212.85
1230.65	346.2
1278.9	351.9
1273.45	355.55
1257.45	348.6
1243.95	334.1
1226.8	333.2
1222.05	333.8
1201.65	330.35
1186.95	324.65
1171.15	316.65
1161.55	315.9
1153.55	309.35
1141.4	303.05
1128.1	295.45
1115.85	282.3
1109.2	279.85
1088.7	274.05
872.05	317.7
854.3	311.5
837.05	299.95
829.3	297.25
820.25	289.35
806.15	282.7
793.4	285.65
779.65	287.35
770.4	287.65
647.05	329.75
641	325
632.1	327.4
621.1	327.9
615.9	327.55
612.55	326.6
612.05	325.45
613.2	323.25
617.4	317.95
621.6	317.1
619.55	314.05
622.55	305
623.3	297.9
624.55	288.6
670.9	257.85
664.9	261
665.6	252.5
632.15	192.75
619.45	174.3
622.3	163.95
624	161.45
623.25	152.9
622.45	150.25
624.85	148
627.5	151.2
631.1	152.25
637	153.6
639.45	154.9
644.8	156.4
647.85	156.5
441.5	226
35.05	326.95
59.95	322.8
65.45	317.8
75.95	316
81.05	315.1
92.1	311.7
106.7	308.85
142.55	429.8
150.65	448.95
156.6	444.3
165.15	442.2
177.6	439.5
188.15	438.2
196	432.9
201.9	433.4
209.2	431.65
145.05	483.1
151.2	480.05
157.9	477.25
167.2	475.5
175.5	471.5
192.7	469.1
205.2	469.95
95.1	300.85
68.25	269.9
72.9	265.85
77.85	261.05
80.45	259.55
88.25	258.8
92.85	260
99.25	258.95
106.35	259.5
113.75	263.6
115	265.8
214.05	409.4
237.7	445.2
239.95	445.15
245.65	442.4
250.5	442.85
257.3	441.6
261.65	439.15
267	438.1
267.15	433.7
271.05	432.35
270	434.35
277	427.75
290.7	420.65
301.9	408.2
286.35	211.85
282	189.45
295.8	182.8
315.7	177
331.85	161
383.8	161.1
458.45	165.05
467.8	168.75
467.9	167.15
468.6	168.1
478.8	163
476.9	159.75
475.1	160.1
474	160.8
472.15	159.55
474.3	156.15
479.25	154.7
482.1	155.15
537.25	148.95
541.45	144.05
545.95	141.35
547.7	136.3
551.35	131.2
556.9	127.3
561.35	117.4
564.45	116.3
569.05	114.1
573.55	111.9
576.75	106.65
582.95	109.95
586.15	114.75
590.05	118.15
599.1	126.05
601.85	136.35
614.55	146.45
619.5	145.75
621.05	144.95
624.45	144.05
625.1	140.2
626.6	145.1
628.5	137.55
677.5	193.8
678.75	190.35
680.7	187.35
679.5	186.3
677.95	190.45
677	192.25
671.6	193.55
674.9	193.05
698.1	196.3
772.6	190
773.45	185.7
766.1	183.05
762.45	183.65
765.95	181
765.35	181.75
764.7	179.85
762.1	179.25
756.35	178
736.35	181.9
738.2	183.05
736.85	187.5
741.15	189.3
739.85	188.4
740.15	193.35
739.3	202.85
0	0
0	0
0	0
0	0
0	0
0	0
0	0
767.25	187.65
766.4	183.85
764	188.3
769.25	189.4
767.7	186.5
767.25	189.95
765.8	194.1
764.7	201.7
762.35	205.15
765.05	209.8
588.85	240.05
591.05	238.4
588.3	240.65
594.15	255.85
0	0
0	0
0	0
0	0
0	0
0	0
0	0
0	0
0	0
0	0
0	0
0	0
0	0
0	0
0	0
0	0
0	0
0	0
0	0
647.3	395.75
647.3	303.25
650.3	299.15
654.3	295.85
655.1	292.5
656.85	290.85
656.65	296.05
654.8	295.35
655.85	289.75
654.8	291.35
652.5	289.35
654.35	290.4
670.3	292.25
738.15	326.5
739.05	323.35
738.05	328.7
737.95	330.6
612.4	331.45
523.4	353.85
512.25	356.75
509	358.45
508.15	359.2
508.8	361.15
508.85	360.8
568.3	359.25
577.65	363.95
578	363
573.45	364.7
578.25	360.65
577.7	361.1
574.4	363.1
0	0
0	0
0	0
0	0
0	0
699.6	366
700.65	369.75
698.35	370.35
699.95	370.2
701.35	367.45
701.15	366.8
753.95	367.5
778.45	362.85
777.95	362.45
779.65	362.65
781.85	373.25
784.75	376.95
779.35	368.45
772.8	360.5
775.85	368.65
786.55	377.6
774.6	372
0	0
0	0
0	0
0	0
0	0
556.15	380
554.3	371.55
554.3	364.15
555.2	360.45
556.8	356.15
603.85	371.65
590.2	369.65
585.65	363.2
585.9	364.1
589.25	371
588.05	365.45
587.05	365.2
588.3	371.05
586	364.65
586.3	368.2
684	358.8
727.05	350.35
728.15	342.1
725.5	345.65
727.05	349.2
726.85	341.15
689	219.65
696.15	233.3
706.3	241.6
697.95	252.8
692.7	247.55
701.05	240.4
692.75	236.85
689.3	245.35
699.7	246.35
692.7	259
695.7	262.6
709.1	251.4
710.65	252.95
710.5	261.6
702.1	256.4
701.65	276
707.7	262.35
706.1	275.9
702.6	278.45
699.45	274.2
694.25	272.75
698	266.55
693.2	261.7
685.05	265.3
690.85	274.45
690.1	277.95
692.45	286.2
0	0
0	0
0	0
0	0
0	0
0	0
676	253
676.95	246.45
679.55	245.05
674.1	241.15
673.4	249.75
676.75	248.7
683.4	241.8
684.2	252.75
681.25	245.6
683.35	241.85
682.25	238.5
685.4	239.1
691.35	239.45
692.7	242.9
695.85	250
689.3	237.6
687.5	242.4
695.1	242.05
698.9	248.35
698.4	243.6
641.65	263.9
645.95	270.05
657.1	271.05
649.05	256.6
649.1	260.6
655.5	269.05
626.65	249.9
615.5	237.95
0	0
0	0
0	0
0	0
0	0
0	0
589.85	239
584.35	229.95
588.3	231.7
592.15	234.15
585.8	223.75
651.3	211.9
644.15	212.65
636.6	207.2
635.45	209.95
637.85	212.65
639	214.3
637.75	217.9
641.4	220.15
643.6	220.6
646.8	219.1
646.25	216.55
717.95	232.5
724	237.05
728.4	235
727.5	236.35
725.45	240.85
679.2	329.6
685.3	324.55
685.05	324.5
684	320.4
673.95	310.05
675.25	317.25
680.85	315.55
682.35	320.6
754.8	329.1
770.7	347.55
767.75	352.35
768.45	346.95
767.8	342
767.95	342.15
766.85	349.35
761.15	343.6
769.5	336.2
641.45	271.1
644.25	274.8
640.05	273.55
636.95	282.2
639.9	285.55
651.7	246.9
647.15	249.15
643.3	248.75
638.65	252.4
639.95	253.35
644.5	247
645.5	245.65
640.7	242.85
686.25	236.55
780.45	231
788.5	230.3
791.15	230.9
792.95	231.6
795.6	234.25
796.2	233.55
797	238.75
796.05	236.8
731.05	238.85
610.75	252.05
607.75	253.75
604.3	251.1
