0	0
0	0
0	0
0	0
0	0
0	0
0	0
0	0
0	0
0	0
0	0
0	0
0	0
0	0
0	0
0	0
0	0
0	0
0	0
0	0
0	0
0	0
0	0
0	0
0	0
0	0
0	0
0	0
0	0
0	0
0	0
0	0
0	0
0	0
0	0
0	0
0	0
0	0
0	0
0	0
0	0
0	0
0	0
640.75	375.95
631.5	360.65
0	0
0	0
0	0
0	0
0	0
0	0
0	0
0	0
0	0
0	0
0	0
0	0
0	0
0	0
569.85	316.7
561.95	311.3
569.6	315
568.8	326.05
565.25	331
650	291.15
756.2	195.3
751.9	204.2
745.2	206.85
741.6	211.95
739.55	211.7
0	0
726.55	226.85
0	0
719.4	242.3
715.3	251.65
0	0
0	0
728	192.1
0	0
724.85	183.15
0	0
0	0
708.45	202.25
699.8	205.3
0	0
794.2	165.3
795.7	157.85
783.6	161.9
781.3	163.05
0	0
685.3	199.8
689.3	203.35
687.75	197.95
678.45	204.15
675.95	210.7
665.55	214.85
666.8	220.4
651.15	221.95
651.4	213.4
643.15	232.65
644.2	247.35
0	0
632.45	234.45
627.4	242.75
606.35	251.3
602.35	231.45
597.7	231.1
590	230.8
585.9	242.35
0	0
581.4	237.25
570	252.45
569.05	262.2
571.5	255.35
569.6	250.5
559.8	254.2
560.4	247.8
0	0
0	0
0	0
0	0
544.25	266
534.85	272.85
538	271.95
532.55	268.9
526.5	273.85
519.15	284.85
509.75	280
505.1	285.45
500.7	288.75
492.65	280.75
490.85	279.85
481.65	283.15
474.6	274.75
465.4	296.15
462.9	289.65
0	0
453.3	291.15
445.75	306.2
439.5	296.25
0	0
0	0
415.5	314.6
412.75	294.15
411.05	290.65
400.8	306
372.65	280.55
366.3	249.75
358	258.4
351.7	278.6
340.95	266.75
332.9	268.4
325.45	263.3
318.5	263.3
311.2	257.35
301.95	227.05
288.35	255
274.05	227.4
269.65	210.45
256	212.95
245.85	226.45
235.8	242.1
258.9	229.6
647.3	224.05
665.55	215.75
658.2	237.45
649.05	228.7
653.35	268.9
646.8	256.3
654.95	256.1
536.7	240.45
517.85	252.55
534.1	259.9
0	0
0	0
0	0
535.85	309.6
541.35	299.8
541.9	285.2
545	290.2
547.15	241.3
537.2	248.25
547.4	237.9
550.2	210.75
555.15	239.2
560.85	212
557.65	225.45
563.9	222.15
536.8	256.15
537	252.8
541.6	260.65
538.1	266.5
547.55	257.2
548.35	255.85
551.15	246.7
555.55	253.6
554.35	233.9
549.95	230.95
554.95	248.4
565.6	254.7
559.35	245.95
566.8	240.45
570	239.05
572.8	235.6
577.1	237.05
582.3	234.5
584.6	241.95
586.05	263.5
587.45	256.5
586.15	243.7
587.45	250.5
0	0
593.6	258.05
595.2	270.45
603.55	284.25
610.2	306.2
614.9	320.85
593.2	253.6
590.65	277.05
595.7	268.3
595.8	274.95
597.55	275.8
601.35	297.6
603.9	294.6
604.1	295.6
609.3	278.4
605.35	288.05
611.5	286.6
609.75	310.3
614.65	318.35
621.15	301.25
621.2	307.95
620.35	307.95
618.2	304.7
610.75	316.25
566.4	318.7
562.1	301.85
555	318.25
565.45	306.2
565.2	299.55
562.45	321.8
559.45	319.9
0	0
0	0
0	0
0	0
0	0
0	0
0	0
0	0
0	0
0	0
610.25	259.6
594.9	251.4
591.15	243.6
584.6	258.6
577.1	287.35
571	268.6
574	275.45
0	0
555.7	284
0	0
0	0
0	0
0	0
0	0
0	0
0	0
0	0
0	0
695.05	150.85
686.6	172.25
673.3	175.15
660.5	189.05
658.9	183.05
655.7	200
654.45	185.55
653.3	202.75
649.45	208.5
642.8	213.25
635.85	207.55
632.8	236.9
627	223.25
628.8	236.5
623.2	231.4
620	223
614.2	241.5
609.2	231.9
602.8	229.75
599	248.05
602.35	242.7
593.45	262.15
0	0
0	0
0	0
0	0
0	0
0	0
0	0
0	0
581.45	274.9
577.7	268.2
573.85	276.2
0	0
0	0
0	0
0	0
0	0
0	0
0	0
0	0
0	0
0	0
0	0
0	0
0	0
0	0
0	0
0	0
0	0
0	0
0	0
0	0
0	0
0	0
0	0
0	0
0	0
0	0
0	0
0	0
0	0
0	0
0	0
0	0
0	0
0	0
0	0
0	0
0	0
0	0
0	0
0	0
0	0
0	0
0	0
0	0
0	0
0	0
0	0
0	0
0	0
0	0
0	0
0	0
0	0
0	0
0	0
0	0
0	0
0	0
0	0
0	0
0	0
0	0
0	0
0	0
0	0
0	0
0	0
0	0
0	0
0	0
0	0
0	0
0	0
0	0
0	0
0	0
0	0
0	0
0	0
0	0
0	0
0	0
0	0
0	0
0	0
0	0
0	0
0	0
0	0
0	0
0	0
0	0
0	0
0	0
0	0
0	0
0	0
0	0
0	0
0	0
0	0
0	0
0	0
0	0
0	0
0	0
0	0
0	0
0	0
0	0
0	0
0	0
0	0
0	0
0	0
0	0
0	0
0	0
0	0
0	0
0	0
0	0
0	0
0	0
0	0
0	0
0	0
0	0
0	0
0	0
0	0
0	0
0	0
428.8	252.75
438.25	244.95
438.8	252.05
443.15	250.75
451.35	246.6
454.25	266.4
462.55	274.3
473.7	259.1
476.25	276
479.1	285.35
0	0
0	0
0	0
0	0
0	0
471.05	313.55
466.35	340
484.3	278
434.6	335.45
442.95	317.85
0	0
0	0
0	0
0	0
0	0
470.05	354
0	0
0	0
0	0
0	0
0	0
0	0
0	0
518.2	310.2
518.95	332.9
530.6	321.7
538.45	328.8
543.65	367.4
559.35	328.3
567.25	338.05
544.15	247.6
0	0
0	0
0	0
0	0
0	0
569.15	264.85
0	0
576.8	279.55
583.8	274.95
587.05	292.1
595.4	308.85
593.7	312.25
603.95	325.35
613.55	283.9
537.65	216.1
528.2	220.6
531.6	218.35
538.35	208.8
540.85	221.75
551.65	215.25
554.3	218.45
554.1	242.65
558.25	223.8
550.2	240.65
0	0
442.55	137.1
0	0
0	0
0	0
461.75	144.4
462.9	138.9
0	0
473.25	166
476.45	171.25
476.35	164.7
465.1	132.45
0	0
468.35	157.1
467.05	139.85
469.5	171.9
469.15	171.85
471.45	159.6
0	0
0	0
474.8	125.75
476.25	142.9
477.85	139.3
485.15	142.2
489.35	155.8
493.3	143.3
494.95	161.75
501.55	156.1
509.25	140.85
513.05	186.25
518.75	169.25
517	191.45
522.45	179
525.55	186.4
0	0
535.2	208.65
533.55	211.3
543.15	216.8
543.2	211.65
546.45	224.5
555.5	229.95
559.15	216.95
561.3	229.55
566.25	235.35
563.75	237.85
570.75	244.65
574.95	238.65
572.2	249.3
567.85	258.55
552.2	263.25
559.85	245.05
563.65	245.85
561.85	264.9
574.6	243.75
573.45	228.65
0	0
0	0
580.1	254.15
580.9	277.45
584.8	257.7
589.05	250.7
593.45	249.15
596.35	248.95
593.55	267.5
594.95	258.25
597.6	269.4
604.85	226.7
609.15	227.5
607.9	251.5
606.6	227.95
607.5	246
600.25	263.4
597.25	289.85
603.3	275.55
602.8	284.6
616	265.8
624.95	262.9
587.25	288.2
0	0
593.5	304.05
594	304.15
602.1	283.95
615.35	269.95
614.4	298.8
609	280.9
611.85	275.8
613.35	274.7
612.35	286.65
617.75	296.15
627.95	277.6
626.35	285.35
631.8	266.5
634.35	287.15
635.15	311.8
645.7	304.35
647.3	295.35
648.9	274.2
653.6	302.15
658	305.9
656.65	303
667.6	297.55
0	0
684.6	295.2
686.85	312.25
0	0
0	0
0	0
0	0
0	0
0	0
0	0
0	0
0	0
0	0
0	0
0	0
0	0
0	0
0	0
0	0
0	0
0	0
0	0
0	0
0	0
0	0
0	0
0	0
0	0
0	0
0	0
0	0
0	0
0	0
0	0
0	0
0	0
0	0
0	0
0	0
0	0
0	0
0	0
0	0
0	0
0	0
0	0
0	0
0	0
0	0
0	0
0	0
639.4	347.75
638	335.7
635.15	350.65
602.15	333.8
0	0
596.35	331.3
0	0
593.6	317.7
600.3	295.3
596.25	314.65
594	284.35
599.15	281.5
586.2	306.95
0	0
0	0
0	0
0	0
610.85	330.45
614.75	335.6
619.45	333.55
620.9	329.2
614.45	330.85
622	319.9
0	0
0	0
0	0
0	0
625.05	322.85
614.35	334.45
0	0
0	0
620.4	344.4
621.6	338.6
625.3	347.45
622.4	347.5
623.55	356.75
627.95	367.3
693	345.6
712.5	351.6
710.8	374.45
714.8	373.3
717.15	350.3
720.3	355.15
0	0
722.95	336.45
720.95	358.6
0	0
729.3	351.1
0	0
732.85	344.95
734.65	343.85
732.1	348.7
736.05	350.45
735.25	335.65
0	0
0	0
627.15	247.65
632.6	249.35
0	0
0	0
187.55	137.8
201.9	137.7
0	0
0	0
242.75	133.65
263.25	204
0	0
0	0
0	0
227.5	156.7
244.75	138.95
252.95	159.9
0	0
285.75	129.6
295.5	170.65
298.45	153.55
0	0
0	0
353.05	222.7
365.05	190.85
369.8	271.35
370.5	258.15
369.2	289
374.8	284.65
376.55	292.6
378.2	292.4
0	0
0	0
0	0
0	0
0	0
0	0
0	0
0	0
0	0
0	0
0	0
0	0
0	0
0	0
0	0
0	0
0	0
0	0
0	0
0	0
0	0
0	0
0	0
0	0
0	0
0	0
0	0
0	0
0	0
0	0
0	0
0	0
0	0
0	0
0	0
0	0
0	0
0	0
0	0
0	0
0	0
0	0
0	0
0	0
0	0
0	0
0	0
0	0
0	0
811.6	357.15
806.2	368.45
801.1	388.35
807.55	391.65
808.6	379.85
805.6	403.1
805.3	396.8
803.5	387.05
801.9	391.5
801.45	394.1
802.75	394.1
806.6	389.15
0	0
803.15	384.7
805.65	395.1
801.8	399
802.45	392.5
803.3	395.3
803.1	368.2
812.1	369.05
808.35	378.2
805.25	376.1
807.9	377.95
805.3	367.65
803.75	353.45
808.6	339
803.65	347.8
802.45	329.6
807.4	332.2
798.2	346.5
802.3	324.85
798.75	323.65
795.35	343.05
0	0
0	0
0	0
0	0
0	0
0	0
0	0
0	0
0	0
0	0
0	0
0	0
0	0
0	0
0	0
0	0
0	0
0	0
0	0
0	0
0	0
0	0
0	0
0	0
0	0
0	0
0	0
0	0
0	0
0	0
0	0
0	0
0	0
0	0
801.45	320.15
795.6	329
793.7	330.1
0	0
0	0
0	0
787.55	329.35
786.45	310.2
783.75	328
0	0
0	0
0	0
0	0
0	0
0	0
0	0
0	0
0	0
775.85	333.65
0	0
0	0
0	0
0	0
0	0
0	0
0	0
0	0
0	0
759.75	331.85
760.1	325
757.7	321.55
871.65	171
0	0
0	0
0	0
0	0
0	0
0	0
0	0
0	0
0	0
0	0
0	0
0	0
0	0
0	0
0	0
0	0
0	0
0	0
0	0
0	0
0	0
0	0
0	0
0	0
0	0
0	0
0	0
0	0
0	0
0	0
0	0
0	0
0	0
0	0
0	0
0	0
0	0
0	0
0	0
0	0
0	0
0	0
0	0
0	0
0	0
0	0
0	0
0	0
0	0
0	0
0	0
0	0
0	0
0	0
0	0
0	0
0	0
0	0
0	0
0	0
0	0
0	0
0	0
0	0
0	0
0	0
0	0
0	0
0	0
0	0
0	0
0	0
0	0
0	0
0	0
0	0
0	0
0	0
0	0
744.35	331.7
0	0
803.15	363.9
801.25	364.55
799.55	371.85
800.8	382.95
800.9	392.6
810.45	378.05
818.9	387.6
854.2	380.55
857.9	386.2
849.15	397.7
850.95	378.9
842	392
838.4	396.8
837.9	400.1
839.35	396.35
668.35	403
675.35	408.9
674	418.5
677.5	400.1
674.9	389.1
677.4	405.85
674.6	388.3
678.25	383.65
0	0
0	0
640	380.55
0	0
630.15	370.9
633.45	357.9
638.95	341.55
636.3	351.9
640.2	346.1
633.7	351.6
632.25	352.05
0	0
0	0
0	0
0	0
0	0
781.25	330.85
780.55	317.1
0	0
0	0
0	0
0	0
0	0
0	0
0	0
0	0
0	0
0	0
0	0
0	0
0	0
0	0
0	0
0	0
0	0
0	0
0	0
0	0
0	0
0	0
0	0
0	0
0	0
0	0
0	0
0	0
0	0
0	0
0	0
0	0
0	0
447.5	321.4
0	0
0	0
0	0
0	0
613.45	340
618.8	327.5
616.85	335.15
617.1	348.1
620.6	333.8
612	350.5
609.3	336.3
0	0
388.55	293.95
396.95	292.95
397.05	302.75
401.35	263.9
404.85	270.8
400.85	290.75
348.85	260.85
0	0
0	0
0	0
0	0
0	0
0	0
0	0
0	0
0	0
0	0
0	0
0	0
0	0
0	0
0	0
0	0
0	0
0	0
0	0
0	0
0	0
0	0
0	0
0	0
0	0
0	0
0	0
0	0
0	0
173.25	258.7
176.15	281.45
181	293.15
175.25	255.15
175.2	257.95
180.95	267.75
188.35	263.25
193.85	240.4
196.75	242.55
0	0
0	0
507.6	352
508	365.2
516.15	341.75
516.65	361.75
529.3	349.15
531.8	348.9
630.7	388.45
637	371.2
635.65	366.5
639.5	361.65
649.95	348.6
646.9	385.45
654.85	365.1
652.5	383.4
657.3	384.6
662.7	326.85
657.2	289.75
664.25	289
667.95	302.05
665.25	324.7
679.6	290.95
677.25	295.95
680.4	300.45
685.65	301.3
690.15	309.85
791.3	356.5
920.4	399.35
929.95	410.75
934.2	407.3
933.3	410.95
931.1	415.55
932.5	427.1
937.85	404.4
930.25	422.45
725.35	392.4
706.15	416.2
708.6	419.2
709.35	404.45
704.85	405.15
702.1	420.85
707.55	417.3
703.8	410.3
698.9	410.85
693.5	398.9
697.85	406.8
695.4	379.25
695.65	397.2
697.1	391.9
693.1	386.65
694.3	411.65
691.45	390.6
690.15	406.75
684.4	388.55
681.7	387.3
673.3	406.55
674.05	400.7
0	0
468.35	305.55
472.5	317.7
475.15	305.05
477.1	316.15
470	327.65
472.25	312.4
0	0
0	0
0	0
0	0
0	0
380.5	319.75
380.4	326.05
386.25	307.65
386.05	300.15
384.15	326.9
387.45	302.3
389.8	319.7
386.15	347.85
393.45	318.2
0	0
0	0
0	0
0	0
0	0
0	0
0	0
0	0
0	0
0	0
0	0
0	0
0	0
0	0
0	0
0	0
0	0
0	0
0	0
0	0
0	0
0	0
0	0
0	0
0	0
0	0
429.9	370.4
398.85	354.75
0	0
396.4	354.6
401.5	355.5
0	0
0	0
0	0
666.8	361.85
667.7	346.6
672.3	345.3
0	0
0	0
667.6	355.65
0	0
799.45	361.7
804.85	363.35
813.85	355.5
814.75	318.5
823.25	307.35
825.45	305.5
851.8	306.85
879.3	265.2
877.55	251.3
0	0
0	0
0	0
868.85	287.85
875.6	276.7
867.85	277.2
872.45	276.95
0	0
874.3	265.85
0	0
865.3	290.4
864.15	295.15
868.05	291.6
870.25	299.45
868.25	294.75
874.1	268.65
868.7	286.9
976.3	370.6
974.45	374.25
971.4	394.55
0	0
972.35	383.9
0	0
0	0
981.1	344.7
989.1	331.45
1017.9	265.85
0	0
0	0
0	0
0	0
0	0
0	0
0	0
0	0
0	0
0	0
0	0
0	0
662.85	343
661.95	336.7
663.55	348.2
671.9	266.95
670.15	324.55
665.65	332.55
664.65	333.1
661.95	333.8
661.6	310.9
661.75	301.1
665.85	274
674.6	238.05
676.55	240.55
673.35	282.5
0	0
0	0
0	0
661.05	340.65
659.05	337.8
635.45	312.15
430.1	260.45
441.5	269.15
450.45	231.45
442.3	261.7
444.35	257.5
434.55	281
664.8	316.15
687.75	305.65
0	0
0	0
0	0
0	0
686	313.05
684.45	307.15
687.55	279.65
682.35	305.85
686.5	298.75
686.7	300
688	304.7
690	304.6
697.4	277.3
687.3	301.55
692.15	287.35
704.9	347.2
0	0
0	0
0	0
0	0
0	0
0	0
0	0
1181.2	336.2
1171.9	332.05
1172.95	339.35
1173.2	340.45
1223.15	342.35
1221.05	341.7
1210.9	347.4
1204.4	341.55
1201.4	352.75
1205.55	345.7
1199.5	346.5
1197.7	353.2
1192.6	342
1191.35	347.25
1185.3	351.7
1178.4	345.55
1188.15	351.75
1184.15	338.8
0	0
0	0
0	0
0	0
0	0
0	0
0	0
0	0
0	0
0	0
0	0
0	0
1200.1	305.6
1197.8	319.1
1188.6	338.55
1188.1	313.05
1186.1	345.55
0	0
0	0
0	0
0	0
0	0
0	0
1208.95	351.15
1206.85	352.15
1202.15	366
1175.25	364.55
0	0
0	0
0	0
0	0
0	0
0	0
0	0
0	0
0	0
0	0
0	0
0	0
0	0
0	0
0	0
0	0
0	0
0	0
0	0
0	0
0	0
0	0
0	0
0	0
0	0
0	0
0	0
0	0
0	0
0	0
0	0
0	0
0	0
0	0
0	0
0	0
0	0
0	0
0	0
0	0
0	0
0	0
0	0
0	0
0	0
0	0
0	0
0	0
0	0
0	0
0	0
0	0
0	0
0	0
0	0
0	0
0	0
0	0
0	0
0	0
0	0
0	0
0	0
0	0
0	0
0	0
0	0
0	0
0	0
0	0
0	0
0	0
0	0
0	0
0	0
0	0
0	0
0	0
0	0
0	0
0	0
0	0
0	0
0	0
0	0
0	0
0	0
0	0
0	0
0	0
0	0
0	0
0	0
0	0
0	0
0	0
0	0
0	0
0	0
0	0
0	0
0	0
0	0
0	0
0	0
0	0
0	0
0	0
0	0
0	0
0	0
0	0
0	0
0	0
0	0
0	0
0	0
0	0
0	0
0	0
0	0
0	0
0	0
0	0
0	0
0	0
0	0
0	0
0	0
0	0
0	0
0	0
0	0
0	0
0	0
0	0
0	0
0	0
0	0
0	0
0	0
0	0
0	0
0	0
0	0
0	0
0	0
0	0
0	0
0	0
0	0
0	0
0	0
0	0
0	0
0	0
0	0
0	0
0	0
0	0
0	0
0	0
0	0
0	0
0	0
1105.3	338.15
1113.15	349.05
0	0
0	0
0	0
0	0
0	0
0	0
0	0
0	0
0	0
0	0
0	0
0	0
0	0
0	0
0	0
0	0
0	0
0	0
0	0
0	0
0	0
0	0
0	0
0	0
0	0
0	0
0	0
0	0
0	0
0	0
0	0
0	0
0	0
0	0
0	0
0	0
0	0
0	0
0	0
0	0
0	0
0	0
0	0
0	0
0	0
0	0
0	0
0	0
0	0
0	0
0	0
0	0
0	0
0	0
0	0
0	0
0	0
0	0
0	0
0	0
0	0
0	0
0	0
0	0
0	0
0	0
0	0
0	0
0	0
840.7	248.3
838.25	268.3
0	0
0	0
0	0
0	0
0	0
0	0
0	0
0	0
0	0
0	0
0	0
0	0
0	0
0	0
0	0
0	0
0	0
0	0
0	0
0	0
0	0
0	0
0	0
0	0
0	0
0	0
0	0
0	0
535.9	229.15
436.05	271.8
439.7	252.8
436.75	254.25
438.7	255.25
434.25	266.8
438.8	264.2
439.9	245.8
432.95	267.65
431.65	243.4
429.7	267.2
428.7	272
431.8	248.4
427.45	242.15
426.35	250.3
421	235.35
432.35	230.35
425.55	264.65
490.1	241.35
588.85	189.8
589	181.5
590.15	175.25
0	0
0	0
0	0
596.4	214.3
593.5	222.45
595.05	236.95
594.4	242.5
0	0
593.95	215.45
593.8	231.55
590.65	228.6
0	0
0	0
0	0
0	0
0	0
0	0
0	0
0	0
0	0
0	0
0	0
0	0
0	0
0	0
0	0
0	0
0	0
0	0
0	0
0	0
0	0
0	0
0	0
0	0
0	0
0	0
0	0
0	0
0	0
0	0
0	0
0	0
0	0
0	0
0	0
0	0
0	0
0	0
0	0
0	0
0	0
0	0
0	0
0	0
0	0
0	0
0	0
0	0
0	0
0	0
0	0
0	0
0	0
0	0
0	0
0	0
0	0
0	0
0	0
0	0
0	0
0	0
0	0
0	0
0	0
0	0
0	0
0	0
0	0
0	0
0	0
0	0
0	0
0	0
0	0
0	0
0	0
0	0
0	0
0	0
0	0
0	0
0	0
0	0
0	0
0	0
0	0
0	0
0	0
0	0
0	0
0	0
0	0
0	0
0	0
0	0
0	0
0	0
0	0
0	0
0	0
0	0
0	0
0	0
0	0
0	0
0	0
0	0
0	0
0	0
0	0
0	0
0	0
0	0
0	0
0	0
0	0
0	0
0	0
0	0
0	0
0	0
0	0
0	0
0	0
0	0
0	0
0	0
0	0
0	0
0	0
0	0
0	0
0	0
0	0
0	0
0	0
0	0
0	0
0	0
0	0
0	0
0	0
0	0
0	0
505.5	303.1
508.95	287.75
0	0
0	0
0	0
0	0
0	0
511.7	286.65
510.05	284.9
503.75	272.45
506.4	291.5
512.65	290.85
508	279.65
501.6	286.35
512.9	272.5
0	0
514.35	285.8
514.4	288.7
0	0
514.1	282.05
517.6	269.6
515.05	260.95
506.15	283.8
518.05	269.4
516.9	277.65
516.55	295.7
515.7	291.8
514.8	278.7
520.2	281.7
519.45	277.45
522.1	282.55
527.55	271.75
523.35	270.8
0	0
0	0
0	0
0	0
0	0
0	0
0	0
0	0
0	0
714.15	335.05
0	0
0	0
0	0
0	0
0	0
0	0
0	0
0	0
0	0
0	0
0	0
0	0
0	0
0	0
0	0
0	0
0	0
0	0
0	0
0	0
0	0
0	0
0	0
0	0
0	0
0	0
0	0
0	0
0	0
0	0
0	0
0	0
0	0
0	0
0	0
0	0
0	0
0	0
0	0
0	0
0	0
0	0
0	0
0	0
0	0
0	0
0	0
0	0
0	0
0	0
0	0
483.2	281.85
0	0
483.85	271.35
0	0
0	0
0	0
0	0
0	0
0	0
0	0
0	0
0	0
0	0
0	0
0	0
0	0
0	0
0	0
0	0
0	0
0	0
0	0
0	0
0	0
0	0
0	0
0	0
0	0
0	0
0	0
0	0
0	0
0	0
0	0
0	0
0	0
0	0
0	0
0	0
0	0
0	0
0	0
0	0
0	0
0	0
0	0
0	0
0	0
0	0
0	0
0	0
0	0
0	0
0	0
0	0
0	0
0	0
0	0
0	0
0	0
0	0
0	0
0	0
0	0
0	0
0	0
0	0
0	0
0	0
0	0
0	0
0	0
0	0
0	0
0	0
0	0
0	0
0	0
0	0
0	0
0	0
0	0
0	0
0	0
0	0
0	0
0	0
0	0
0	0
0	0
0	0
0	0
0	0
0	0
412.8	457.2
411.85	458.45
0	0
0	0
0	0
0	0
0	0
0	0
0	0
0	0
0	0
0	0
0	0
418.3	458.8
417.25	460
416	470.15
416.55	473.45
420.7	460.4
0	0
428.1	407.1
442.35	382.3
444	383.4
444.65	382.7
444.3	384.2
447.45	380.7
441.75	382.95
442.3	379.45
410.8	435.75
412.05	465.05
409.95	451.95
405.85	452.4
409.8	457.55
409.9	464.05
409.65	446.55
404.9	451.8
404.7	445.3
408.1	426
400.35	432.2
407.45	431.1
399.55	439.75
399.6	434.75
401.4	434.1
401.2	430.3
399.95	432.25
398.35	433.4
399.9	433.65
402.4	422.75
401.35	422.05
0	0
397.1	428.05
396.3	428.55
394.4	436.05
0	0
0	0
397.75	427
60.1	581.85
0	0
0	0
0	0
0	0
392.2	444.1
0	0
0	0
399.05	436.35
0	0
0	0
0	0
0	0
0	0
0	0
0	0
0	0
0	0
0	0
0	0
0	0
0	0
0	0
528.55	337.45
530.5	338.45
529.25	346.2
0	0
0	0
0	0
0	0
0	0
441.15	414.9
439.45	417.05
402.9	393.75
402	430.75
400.95	405.15
400.7	398.65
60.65	528.5
0	0
0	0
0	0
0	0
396.35	371.4
0	0
0	0
453.85	364.55
450.6	358.15
458.95	383.4
458.3	366.25
463.3	375.75
461.8	379.5
509.35	343
522.05	337.45
521.7	342.5
521.9	343.4
522.1	353.55
518.8	353.35
521.7	353.65
515.7	348.55
517.2	351.3
514.25	342.8
518.05	339.2
486.25	370.1
470.75	341.2
469.3	354.25
469.5	357.55
468.95	357.8
470.75	344.1
472.65	351.5
466.8	311.8
469.2	298.1
470	292.65
469.3	282.25
467.3	297.15
470.7	311.25
601.65	315.65
600.1	331.4
598.75	330.25
597	327.45
596.65	327.5
593.75	332.15
595.1	329.65
598	296.45
600	331.6
598.1	313.85
599.4	295.3
598.2	316.05
605.45	301.55
604.75	290.9
601.95	304.95
600.05	306.15
599.15	326.45
600.25	317.55
601.65	318.95
603.55	310
598.95	317.2
601.85	316.65
599.9	319.45
605.85	316.9
600.1	328.4
600.8	324.25
604.2	316.1
598.9	330.1
607.9	309.85
550.95	268.45
549.1	273.65
548.85	267.8
552.55	267.4
549.45	266.1
547.65	256.55
544.55	265.4
544.9	260.05
547.8	250
548.55	260.15
550.5	257.35
455	271.2
0	0
0	0
0	0
0	0
0	0
0	0
518.65	57.95
521	62
518.75	81.15
520.95	80.45
520.3	63.1
528.6	91.5
526.8	101.5
523.5	134.6
0	0
0	0
0	0
0	0
0	0
522.45	215.6
522.95	221.7
517.9	232.75
0	0
516.1	219.55
519.95	214.15
514.9	205.65
514.85	200.7
517.55	220.05
519.55	223.65
517.1	248.05
0	0
0	0
0	0
0	0
0	0
0	0
0	0
0	0
0	0
0	0
0	0
0	0
0	0
0	0
0	0
0	0
0	0
0	0
0	0
0	0
0	0
496.1	327.55
498.6	337.55
501.45	327.25
499.3	347.1
499.4	355.8
502.15	347.45
505.6	327.4
504.8	333.2
506.95	316.5
504.35	327.65
503.95	331.3
0	0
0	0
0	0
0	0
0	0
0	0
0	0
0	0
0	0
0	0
0	0
0	0
0	0
0	0
0	0
0	0
0	0
0	0
0	0
0	0
0	0
0	0
0	0
0	0
0	0
0	0
0	0
0	0
0	0
0	0
0	0
0	0
0	0
0	0
0	0
0	0
0	0
0	0
0	0
0	0
0	0
0	0
0	0
0	0
0	0
0	0
0	0
0	0
0	0
0	0
0	0
0	0
0	0
0	0
0	0
0	0
0	0
0	0
0	0
0	0
0	0
0	0
0	0
0	0
0	0
0	0
0	0
0	0
0	0
0	0
0	0
0	0
0	0
0	0
0	0
0	0
0	0
0	0
0	0
0	0
0	0
0	0
0	0
0	0
0	0
0	0
0	0
0	0
0	0
0	0
0	0
0	0
0	0
0	0
0	0
0	0
0	0
0	0
0	0
0	0
0	0
0	0
0	0
0	0
0	0
0	0
0	0
0	0
0	0
0	0
0	0
0	0
0	0
0	0
0	0
0	0
0	0
0	0
0	0
0	0
0	0
0	0
0	0
0	0
0	0
0	0
0	0
0	0
0	0
0	0
0	0
0	0
0	0
0	0
0	0
0	0
0	0
0	0
0	0
0	0
0	0
0	0
0	0
0	0
0	0
0	0
0	0
0	0
0	0
0	0
0	0
0	0
0	0
0	0
0	0
0	0
0	0
0	0
0	0
0	0
0	0
0	0
0	0
0	0
0	0
0	0
0	0
0	0
0	0
0	0
0	0
0	0
0	0
0	0
0	0
0	0
0	0
0	0
0	0
0	0
0	0
0	0
0	0
0	0
0	0
0	0
0	0
0	0
0	0
0	0
0	0
0	0
0	0
0	0
0	0
599	387.5
605.35	376.2
609.3	386.4
601.85	385.7
0	0
607.5	395.9
599.95	399.3
604.1	408.1
604.3	402
566.45	388.9
571.9	377.9
567.3	364.95
568.2	372.85
572.1	357.7
569.05	349.3
586	374.25
585.65	359.55
585.7	357.25
585.05	373.75
579.2	371.65
571.8	380.2
0	0
571.85	379.4
574.55	383.8
575.85	407.55
0	0
577.7	392.25
576.3	394.55
573.15	386.95
572.1	383.1
577.2	393.15
576.7	381.35
573.85	374.2
576.95	382.6
559.75	358.1
0	0
0	0
0	0
0	0
0	0
0	0
0	0
550.15	311.5
0	0
0	0
0	0
0	0
0	0
0	0
0	0
0	0
0	0
0	0
0	0
0	0
0	0
0	0
0	0
0	0
0	0
0	0
0	0
0	0
0	0
0	0
0	0
0	0
0	0
0	0
0	0
0	0
0	0
0	0
0	0
0	0
0	0
0	0
0	0
0	0
0	0
0	0
0	0
0	0
0	0
0	0
0	0
0	0
0	0
0	0
586.05	256.3
0	0
0	0
0	0
0	0
0	0
0	0
0	0
0	0
0	0
0	0
0	0
0	0
0	0
0	0
0	0
0	0
0	0
0	0
0	0
0	0
0	0
0	0
0	0
0	0
0	0
0	0
0	0
0	0
0	0
0	0
0	0
0	0
0	0
0	0
0	0
0	0
0	0
0	0
0	0
0	0
0	0
0	0
0	0
0	0
0	0
571.45	290.1
567.65	289.75
0	0
0	0
545	308.5
0	0
0	0
0	0
0	0
0	0
0	0
0	0
0	0
0	0
0	0
0	0
0	0
0	0
0	0
0	0
0	0
0	0
0	0
0	0
0	0
0	0
0	0
0	0
0	0
0	0
0	0
531.25	298.1
526.5	297.15
516.7	293
0	0
0	0
0	0
0	0
0	0
0	0
0	0
0	0
0	0
0	0
0	0
520.4	334.2
0	0
0	0
0	0
0	0
0	0
0	0
0	0
0	0
0	0
0	0
0	0
0	0
0	0
0	0
0	0
0	0
511.8	305.75
0	0
0	0
0	0
0	0
0	0
0	0
0	0
0	0
0	0
0	0
0	0
0	0
0	0
0	0
625.15	300.9
625.6	305.15
0	0
0	0
620.8	310.45
623.75	299.5
624.65	295.1
619.45	315.75
616.95	308.05
613.25	311.25
0	0
0	0
0	0
0	0
0	0
0	0
601.8	435.8
604.2	428.05
600.6	437.7
599.05	430.15
600.35	433.5
0	0
0	0
0	0
0	0
0	0
0	0
815.35	224.55
812.55	229.1
821.35	227.9
0	0
0	0
0	0
0	0
0	0
0	0
0	0
0	0
0	0
0	0
0	0
0	0
0	0
0	0
0	0
0	0
0	0
0	0
0	0
0	0
0	0
0	0
0	0
0	0
0	0
0	0
0	0
0	0
0	0
0	0
0	0
0	0
0	0
0	0
0	0
0	0
0	0
0	0
0	0
0	0
0	0
0	0
0	0
0	0
0	0
0	0
0	0
0	0
0	0
0	0
0	0
0	0
0	0
0	0
0	0
0	0
0	0
0	0
0	0
0	0
0	0
0	0
0	0
978.1	316.15
979.55	322.95
0	0
0	0
0	0
0	0
0	0
0	0
0	0
0	0
0	0
0	0
0	0
0	0
0	0
1104.6	348.35
1094.75	337.55
1101.2	338.85
1094.75	340.25
1095.5	345.75
1094.2	343.7
1091.05	347.4
0	0
0	0
0	0
0	0
0	0
0	0
0	0
0	0
0	0
0	0
0	0
0	0
0	0
0	0
0	0
0	0
0	0
0	0
0	0
0	0
0	0
0	0
0	0
0	0
0	0
0	0
0	0
0	0
0	0
0	0
0	0
0	0
0	0
0	0
0	0
0	0
0	0
0	0
0	0
0	0
0	0
0	0
0	0
0	0
0	0
0	0
0	0
0	0
0	0
0	0
0	0
0	0
0	0
0	0
0	0
0	0
0	0
0	0
0	0
0	0
0	0
0	0
0	0
0	0
0	0
635.6	437.45
638.95	430.65
637.55	427.6
636.3	425.2
0	0
0	0
0	0
0	0
0	0
0	0
0	0
0	0
0	0
0	0
0	0
0	0
0	0
0	0
0	0
0	0
0	0
0	0
0	0
0	0
0	0
0	0
666.05	347.85
659.7	351.25
660	349.35
654.1	352.45
582.55	331.7
460.8	260.9
463.85	264.8
463.4	266.05
454.7	259.95
0	0
0	0
0	0
0	0
653.35	367.25
0	0
655.95	367.1
653.5	363.55
654.85	359.1
653.25	368.7
0	0
0	0
0	0
0	0
0	0
0	0
0	0
1093.1	301.4
1072.9	309.8
1017.1	677.3
971.25	316.55
971.45	320.85
965.45	322.5
947	311.1
933.05	310.85
0	0
898.3	308.65
885.2	326.65
0	0
0	0
0	0
0	0
0	0
0	0
0	0
0	0
0	0
0	0
0	0
0	0
0	0
0	0
0	0
0	0
0	0
0	0
0	0
0	0
0	0
0	0
0	0
0	0
0	0
0	0
0	0
0	0
0	0
0	0
0	0
0	0
0	0
0	0
0	0
0	0
0	0
84.95	235
87.8	250.1
90.7	269.25
101.3	268.1
111.5	292.9
95.1	420.65
115.7	420
114.15	458.9
122.3	410
128.2	411.45
134.2	449.65
139.75	444.8
147	410.8
156.35	409.85
588.5	334.75
0	0
0	0
0	0
0	0
0	0
0	0
0	0
0	0
0	0
0	0
0	0
0	0
0	0
0	0
0	0
0	0
0	0
0	0
0	0
0	0
0	0
0	0
0	0
0	0
235.2	323.5
239.55	338.5
244.2	330.15
288.7	437.5
0	0
286.1	432.35
0	0
0	0
0	0
0	0
0	0
0	0
0	0
0	0
0	0
0	0
0	0
0	0
0	0
0	0
0	0
0	0
0	0
0	0
0	0
0	0
0	0
406.15	204.05
420.7	200.25
422.45	203.65
421.85	188.85
429.5	203.65
427.25	204.9
430.35	198.95
0	0
0	0
0	0
0	0
0	0
0	0
0	0
0	0
0	0
0	0
0	0
0	0
0	0
0	0
0	0
0	0
0	0
0	0
0	0
0	0
0	0
0	0
0	0
0	0
0	0
0	0
0	0
0	0
0	0
0	0
0	0
0	0
0	0
0	0
0	0
0	0
0	0
0	0
0	0
0	0
0	0
0	0
0	0
0	0
0	0
0	0
0	0
0	0
0	0
0	0
0	0
0	0
0	0
0	0
0	0
0	0
0	0
0	0
669.5	296.65
665.5	313.35
663.8	313.05
666.9	315.15
668.6	307.65
673.6	302.05
675.95	289.05
678.25	284.7
674.1	285.5
678.25	283.75
675.4	289.65
677.1	285.8
681.45	287.6
667.8	295.15
667.4	296.3
663.85	303
661.1	312.15
666.15	307.8
665.95	307.35
670.45	298.15
660.2	312.7
667.3	333.75
662.6	317.7
660.95	311.55
660.75	301.3
666	313.9
669	318.8
674.2	344.35
668.2	323.4
670.05	313.25
675.75	308.95
0	0
0	0
0	0
0	0
0	0
0	0
0	0
643.3	367.75
645.15	360.3
649.85	341.5
538.3	366.65
523.55	373
529.3	357.25
522.85	357.85
521.2	371.75
519.5	404.25
449.2	378.45
0	0
452.55	388.4
462.05	394
453.4	403.15
468.15	409.1
454.25	393.4
459.3	411.75
0	0
0	0
448.05	387.05
468.05	377.7
0	0
0	0
0	0
0	0
0	0
0	0
0	0
0	0
0	0
0	0
0	0
0	0
0	0
0	0
0	0
0	0
0	0
0	0
0	0
0	0
0	0
0	0
0	0
0	0
0	0
0	0
0	0
0	0
0	0
753.15	335.15
0	0
0	0
0	0
0	0
0	0
0	0
0	0
0	0
0	0
0	0
0	0
0	0
0	0
0	0
0	0
0	0
0	0
0	0
0	0
626.1	287.9
619.4	288.7
622.55	310.9
624.95	301.35
626.6	297.15
672.05	299.95
675	279.8
668.35	308.95
665.25	308.2
659.7	307.3
665.25	293.1
661.25	302.55
651.25	315.5
614.55	310.85
615.8	321.65
622.2	310.6
623.3	297.3
622.75	318.1
625.2	340
628.15	337.55
624.65	314.7
674	351.9
668.85	344.4
667.7	338.15
671.3	343.8
666.8	343.95
676.5	338.95
663.15	302
671.35	328.15
670.45	322.35
667.4	323.7
674	324.55
668.45	298.85
672.4	319.8
675.35	316
671.45	289.3
673.6	294.1
671.9	288.9
670.55	279.2
671.45	279.35
668.95	299.15
670.1	300.75
668.85	318.95
665.35	296.8
666.5	291.1
667.05	287.7
666.05	291.9
670.9	316.85
666.2	300.35
0	0
601.35	255.55
599.6	255.45
598.5	251.25
0	0
0	0
0	0
0	0
629.25	302.55
629.25	304.25
625.55	300.25
0	0
0	0
533.15	256.55
540.85	253.5
0	0
0	0
0	0
0	0
0	0
0	0
0	0
0	0
0	0
0	0
0	0
0	0
0	0
0	0
0	0
0	0
0	0
0	0
0	0
0	0
0	0
0	0
0	0
0	0
0	0
0	0
0	0
0	0
0	0
0	0
0	0
0	0
0	0
669.5	308.9
667.85	325
670.9	315.4
0	0
0	0
0	0
0	0
0	0
0	0
623.35	339.8
625.1	343.85
619.35	372.5
621.6	352.4
627.3	352.7
628.3	381.25
631.2	388.45
613.15	372.2
565.95	331.3
570.9	330.15
573.4	353.85
576.45	344.3
578.05	348.65
575.4	354.5
520.4	327.05
525.35	325.35
524.15	320
521.35	325.95
629.1	346.35
729	324.05
727.6	330.1
