0	0
0	0
0	0
0	0
635.02	357.46
635.02	357.46
638.76	393.05
638.76	393.05
638.76	448.99
643.73	541.8
643.73	602.82
643.73	649.86
646.22	682.92
646.22	682.92
647.46	703.26
648.71	713.43
648.71	713.43
648.71	713.43
648.71	713.43
648.71	713.43
648.71	713.43
648.71	713.43
648.71	713.43
648.71	713.43
648.71	713.43
648.71	713.43
648.71	713.43
648.71	713.43
648.71	713.43
648.71	713.43
648.71	713.43
648.71	713.43
0	0
0	0
0	0
0	0
0	0
0	0
0	0
0	0
0	0
0	0
0	0
0	0
0	0
0	0
0	0
0	0
0	0
0	0
0	0
0	0
0	0
0	0
0	0
0	0
0	0
0	0
0	0
0	0
0	0
0	0
0	0
0	0
0	0
0	0
0	0
0	0
0	0
0	0
0	0
0	0
0	0
0	0
0	0
0	0
0	0
0	0
0	0
0	0
0	0
0	0
0	0
0	0
0	0
0	0
0	0
0	0
0	0
0	0
0	0
0	0
0	0
0	0
0	0
0	0
0	0
0	0
0	0
0	0
0	0
0	0
0	0
0	0
0	0
0	0
0	0
0	0
0	0
0	0
0	0
0	0
0	0
0	0
0	0
0	0
0	0
0	0
0	0
0	0
0	0
0	0
0	0
0	0
0	0
0	0
0	0
0	0
0	0
0	0
0	0
0	0
0	0
612.63	712.16
611.38	705.8
595.21	665.12
581.52	630.79
572.82	597.74
566.6	567.23
566.6	544.34
566.6	534.17
566.6	530.36
572.82	503.66
576.55	499.85
587.75	478.23
588.99	475.69
592.72	461.71
592.72	461.71
593.97	459.16
596.45	459.16
603.92	459.16
616.36	471.88
622.58	499.85
625.07	582.48
625.07	599.01
625.07	599.01
625.07	599.01
625.07	599.01
625.07	599.01
625.07	599.01
625.07	599.01
625.07	599.01
625.07	599.01
625.07	599.01
625.07	599.01
625.07	599.01
617.61	597.74
595.21	591.38
595.21	591.38
556.64	585.03
550.42	585.03
550.42	585.03
550.42	585.03
513.1	571.04
475.77	564.68
475.77	564.68
450.89	564.68
447.16	564.68
447.16	564.68
447.16	564.68
447.16	564.68
452.13	555.79
452.13	555.79
452.13	526.54
454.62	447.72
454.62	441.37
452.13	424.84
452.13	424.84
452.13	424.84
452.13	424.84
452.13	424.84
449.65	421.02
448.4	399.41
448.4	399.41
454.62	363.81
454.62	363.81
454.62	363.81
457.11	363.81
458.35	371.44
458.35	371.44
458.35	381.61
458.35	381.61
453.38	396.87
432.23	412.12
408.59	423.57
401.12	423.57
401.12	423.57
401.12	423.57
401.12	423.57
397.39	422.3
397.39	422.3
397.39	422.3
397.39	422.3
397.39	421.02
399.88	415.94
399.88	415.94
406.1	407.04
406.1	407.04
407.34	407.04
407.34	407.04
457.11	415.94
519.32	417.21
554.15	417.21
565.35	417.21
567.84	417.21
567.84	417.21
580.28	417.21
613.87	417.21
613.87	417.21
654.93	417.21
654.93	417.21
654.93	417.21
663.64	417.21
693.5	417.21
693.5	417.21
738.29	412.12
743.26	412.12
743.26	412.12
743.26	412.12
743.26	412.12
743.26	412.12
743.26	412.12
749.49	412.12
754.46	412.12
754.46	412.12
765.66	413.4
765.66	413.4
773.12	413.4
773.12	413.4
773.12	413.4
773.12	413.4
773.12	413.4
773.12	413.4
773.12	413.4
773.12	413.4
773.12	413.4
773.12	413.4
773.12	413.4
773.12	413.4
768.15	413.4
768.15	413.4
710.92	415.94
705.94	417.21
699.72	418.48
699.72	418.48
693.5	419.75
674.84	421.02
651.2	423.57
620.09	426.11
613.87	426.11
607.65	426.11
579.04	426.11
539.22	428.65
511.85	432.47
506.88	432.47
505.63	432.47
505.63	432.47
505.63	432.47
505.63	432.47
505.63	432.47
469.55	437.55
469.55	437.55
428.49	442.64
428.49	442.64
428.49	442.64
428.49	442.64
428.49	442.64
428.49	442.64
428.49	442.64
428.49	442.64
428.49	442.64
428.49	442.64
428.49	442.64
428.49	442.64
428.49	442.64
428.49	442.64
428.49	442.64
433.47	438.82
444.67	428.65
444.67	428.65
478.26	407.04
491.95	399.41
530.51	371.44
545.44	360
547.93	352.37
552.91	338.39
559.13	321.86
570.33	307.88
571.57	306.6
571.57	306.6
571.57	306.6
571.57	306.6
575.3	306.6
575.3	306.6
600.19	306.6
610.14	306.6
622.58	306.6
626.31	306.6
632.54	306.6
632.54	306.6
632.54	306.6
632.54	306.6
635.02	306.6
638.76	304.06
644.98	304.06
644.98	304.06
658.66	304.06
658.66	304.06
659.91	307.88
659.91	321.86
658.66	328.22
652.44	334.57
644.98	337.12
644.98	337.12
635.02	340.93
595.21	349.83
595.21	349.83
533	362.54
533	362.54
530.51	365.09
530.51	365.09
530.51	365.09
520.56	373.98
520.56	373.98
490.7	407.04
477.02	417.21
423.52	433.74
423.52	433.74
408.59	437.55
388.68	437.55
386.19	437.55
332.7	419.75
309.06	409.58
295.37	401.95
290.39	399.41
260.53	379.07
244.36	357.46
244.36	357.46
234.41	346.02
230.67	340.93
226.94	324.4
226.94	315.5
229.43	296.43
236.9	283.72
240.63	278.63
245.6	269.74
248.09	267.19
248.09	267.19
250.58	262.11
250.58	262.11
250.58	262.11
250.58	262.11
250.58	262.11
254.31	255.75
297.86	246.85
307.81	245.58
336.43	245.58
336.43	245.58
337.67	245.58
330.21	251.94
296.61	271.01
233.16	291.35
165.98	306.6
159.76	309.15
159.76	309.15
159.76	309.15
159.76	309.15
159.76	309.15
153.54	314.23
153.54	314.23
113.72	344.74
113.72	344.74
17.93	379.07
17.93	379.07
17.93	379.07
17.93	379.07
17.93	379.07
17.93	379.07
17.93	379.07
17.93	379.07
17.93	379.07
17.93	379.07
17.93	379.07
25.39	379.07
25.39	379.07
66.45	376.53
103.77	376.53
103.77	376.53
103.77	376.53
103.77	376.53
103.77	376.53
103.77	376.53
103.77	376.53
103.77	376.53
111.24	368.9
114.97	365.09
114.97	365.09
114.97	365.09
114.97	365.09
114.97	365.09
114.97	365.09
114.97	365.09
114.97	365.09
118.7	363.81
131.14	362.54
131.14	362.54
220.72	353.64
264.27	348.56
277.95	348.56
277.95	348.56
279.2	348.56
297.86	349.83
297.86	349.83
325.23	353.64
327.72	354.91
328.96	358.73
333.94	366.36
333.94	366.36
326.47	382.88
300.35	399.41
300.35	399.41
246.85	413.4
246.85	413.4
221.97	424.84
221.97	424.84
223.21	426.11
254.31	426.11
254.31	426.11
394.9	407.04
409.83	403.23
409.83	403.23
409.83	403.23
416.05	395.6
416.05	395.6
454.62	363.81
457.11	362.54
457.11	362.54
462.09	354.91
462.09	354.91
463.33	354.91
463.33	354.91
463.33	354.91
463.33	354.91
463.33	354.91
457.11	360
438.45	372.71
438.45	372.71
317.77	426.11
317.77	426.11
238.14	451.54
234.41	451.54
234.41	451.54
234.41	451.54
234.41	451.54
234.41	451.54
234.41	451.54
234.41	451.54
234.41	451.54
234.41	451.54
234.41	451.54
234.41	451.54
234.41	451.54
234.41	451.54
234.41	451.54
234.41	451.54
234.41	451.54
234.41	451.54
234.41	451.54
234.41	451.54
234.41	451.54
234.41	451.54
234.41	451.54
234.41	451.54
234.41	451.54
234.41	451.54
234.41	451.54
234.41	451.54
234.41	451.54
234.41	451.54
234.41	451.54
225.7	448.99
225.7	448.99
207.04	431.19
207.04	431.19
202.06	415.94
202.06	415.94
194.59	408.31
193.35	404.5
193.35	404.5
193.35	404.5
193.35	401.95
193.35	399.41
193.35	399.41
193.35	399.41
193.35	399.41
193.35	399.41
193.35	399.41
193.35	399.41
194.59	398.14
194.59	398.14
194.59	398.14
194.59	398.14
194.59	398.14
194.59	398.14
194.59	398.14
194.59	398.14
194.59	398.14
194.59	398.14
194.59	398.14
194.59	398.14
194.59	398.14
194.59	398.14
194.59	398.14
194.59	398.14
194.59	398.14
194.59	398.14
194.59	398.14
194.59	398.14
194.59	398.14
194.59	398.14
194.59	398.14
194.59	398.14
194.59	398.14
194.59	398.14
194.59	398.14
194.59	398.14
194.59	398.14
194.59	398.14
194.59	398.14
194.59	398.14
194.59	398.14
205.79	398.14
209.52	398.14
209.52	398.14
209.52	398.14
209.52	398.14
209.52	398.14
209.52	398.14
209.52	398.14
209.52	398.14
209.52	398.14
209.52	398.14
209.52	398.14
209.52	398.14
209.52	398.14
209.52	398.14
209.52	398.14
209.52	398.14
209.52	398.14
209.52	398.14
209.52	398.14
209.52	398.14
209.52	398.14
209.52	398.14
209.52	398.14
209.52	398.14
209.52	398.14
209.52	398.14
209.52	398.14
209.52	398.14
209.52	398.14
209.52	398.14
209.52	398.14
209.52	398.14
209.52	398.14
209.52	398.14
209.52	398.14
209.52	398.14
209.52	398.14
209.52	398.14
209.52	398.14
209.52	398.14
209.52	398.14
209.52	398.14
209.52	398.14
209.52	398.14
209.52	398.14
209.52	398.14
209.52	398.14
209.52	398.14
209.52	398.14
209.52	398.14
209.52	398.14
209.52	398.14
209.52	398.14
209.52	398.14
209.52	398.14
213.26	398.14
229.43	401.95
301.59	403.23
316.52	403.23
326.47	403.23
327.72	403.23
340.16	400.68
340.16	400.68
427.25	386.7
440.94	385.43
465.82	385.43
469.55	385.43
483.24	385.43
483.24	385.43
483.24	385.43
483.24	385.43
483.24	385.43
483.24	385.43
483.24	385.43
483.24	385.43
483.24	385.43
483.24	385.43
483.24	385.43
483.24	385.43
483.24	385.43
483.24	385.43
483.24	385.43
468.31	387.97
433.47	394.33
433.47	394.33
423.52	394.33
423.52	394.33
423.52	394.33
423.52	394.33
423.52	394.33
423.52	394.33
423.52	394.33
423.52	394.33
423.52	394.33
423.52	394.33
423.52	394.33
423.52	394.33
423.52	394.33
423.52	394.33
423.52	394.33
423.52	394.33
423.52	394.33
423.52	394.33
423.52	394.33
423.52	394.33
423.52	394.33
423.52	394.33
423.52	394.33
423.52	394.33
423.52	394.33
423.52	394.33
423.52	394.33
423.52	394.33
423.52	394.33
423.52	394.33
423.52	394.33
423.52	394.33
423.52	394.33
423.52	394.33
423.52	394.33
423.52	394.33
423.52	394.33
423.52	394.33
423.52	394.33
423.52	394.33
423.52	394.33
423.52	394.33
423.52	394.33
423.52	394.33
423.52	394.33
423.52	394.33
432.23	398.14
448.4	399.41
448.4	399.41
520.56	400.68
523.05	400.68
523.05	400.68
523.05	400.68
523.05	400.68
464.57	394.33
464.57	394.33
241.87	394.33
177.18	394.33
147.32	394.33
147.32	394.33
147.32	394.33
147.32	394.33
147.32	394.33
152.29	382.88
152.29	382.88
207.04	366.36
258.05	357.46
258.05	357.46
272.98	354.91
274.22	354.91
274.22	354.91
274.22	354.91
276.71	354.91
280.44	363.81
280.44	371.44
280.44	371.44
276.71	373.98
276.71	373.98
236.9	379.07
233.16	380.34
230.67	380.34
230.67	380.34
230.67	380.34
230.67	380.34
235.65	380.34
256.8	377.8
256.8	377.8
309.06	371.44
341.4	368.9
366.29	366.36
389.93	361.27
389.93	361.27
389.93	361.27
389.93	361.27
389.93	361.27
389.93	361.27
389.93	361.27
389.93	361.27
389.93	361.27
389.93	361.27
389.93	361.27
389.93	361.27
389.93	361.27
389.93	361.27
389.93	361.27
389.93	361.27
389.93	361.27
389.93	361.27
389.93	361.27
389.93	361.27
389.93	361.27
389.93	361.27
389.93	361.27
389.93	361.27
389.93	361.27
389.93	361.27
404.86	361.27
465.82	361.27
465.82	361.27
531.76	353.64
531.76	353.64
531.76	353.64
531.76	353.64
525.54	353.64
525.54	353.64
458.35	362.54
448.4	363.81
424.76	366.36
424.76	366.36
417.3	366.36
417.3	366.36
338.92	368.9
254.31	380.34
253.07	382.88
253.07	382.88
253.07	382.88
245.6	382.88
234.41	382.88
212.01	382.88
185.89	381.61
174.69	381.61
172.2	380.34
167.22	377.8
153.54	375.26
153.54	375.26
147.32	373.98
147.32	373.98
147.32	368.9
159.76	360
219.48	348.56
268	340.93
268	340.93
277.95	339.66
277.95	339.66
277.95	339.66
277.95	340.93
268	352.37
264.27	356.19
264.27	356.19
203.3	381.61
170.96	389.24
170.96	389.24
147.32	390.51
144.83	390.51
142.34	377.8
142.34	377.8
156.03	370.17
156.03	370.17
226.94	357.46
226.94	357.46
263.02	351.1
263.02	351.1
263.02	351.1
263.02	351.1
260.53	351.1
251.83	349.83
251.83	349.83
220.72	353.64
207.04	356.19
205.79	357.46
205.79	357.46
205.79	354.91
207.04	340.93
207.04	340.93
218.23	323.13
219.48	316.77
219.48	306.6
219.48	288.81
216.99	269.74
214.5	257.02
214.5	257.02
214.5	257.02
214.5	257.02
213.26	248.12
210.77	226.51
210.77	226.51
197.08	161.67
197.08	161.67
193.35	171.84
180.91	197.27
172.2	215.07
162.25	244.31
157.27	264.65
153.54	279.91
153.54	300.25
153.54	318.05
153.54	324.4
153.54	325.67
153.54	325.67
153.54	325.67
153.54	325.67
151.05	334.57
151.05	334.57
136.12	366.36
133.63	384.16
131.14	396.87
136.12	405.77
142.34	412.12
144.83	413.4
144.83	413.4
144.83	413.4
144.83	413.4
144.83	413.4
143.58	413.4
114.97	419.75
112.48	421.02
109.99	422.3
118.7	428.65
118.7	428.65
169.71	437.55
169.71	437.55
233.16	437.55
248.09	436.28
250.58	436.28
301.59	427.38
301.59	427.38
346.38	413.4
346.38	413.4
346.38	413.4
346.38	413.4
346.38	413.4
335.18	414.67
335.18	414.67
230.67	431.19
173.44	440.09
173.44	440.09
172.2	440.09
180.91	435.01
203.3	431.19
203.3	431.19
250.58	423.57
274.22	422.3
274.22	422.3
287.91	422.3
297.86	422.3
328.96	422.3
328.96	422.3
450.89	422.3
536.74	422.3
592.72	421.02
592.72	421.02
611.38	418.48
611.38	418.48
611.38	418.48
611.38	418.48
616.36	418.48
649.95	418.48
649.95	418.48
755.71	412.12
779.34	412.12
779.34	412.12
779.34	412.12
779.34	412.12
779.34	412.12
779.34	412.12
779.34	412.12
779.34	412.12
779.34	412.12
780.59	412.12
781.83	418.48
785.57	428.65
785.57	442.64
769.39	464.25
738.29	478.23
704.7	492.22
681.06	498.58
668.62	499.85
663.64	499.85
663.64	499.85
662.39	499.85
658.66	503.66
656.17	508.75
656.17	508.75
656.17	513.83
656.17	520.19
662.39	526.54
677.32	532.9
677.32	532.9
684.79	535.44
684.79	535.44
684.79	535.44
684.79	535.44
684.79	535.44
684.79	535.44
684.79	535.44
663.64	535.44
511.85	535.44
394.9	543.07
357.58	543.07
348.87	543.07
346.38	541.8
343.89	539.26
326.47	517.65
326.47	517.65
304.08	497.3
297.86	493.49
269.24	487.13
265.51	485.86
236.9	474.42
235.65	474.42
221.97	459.16
213.26	454.08
193.35	452.81
72.67	452.81
54.01	452.81
52.76	451.54
60.23	445.18
88.84	432.47
119.95	422.3
119.95	422.3
123.68	421.02
123.68	421.02
123.68	421.02
123.68	421.02
123.68	421.02
123.68	421.02
124.92	419.75
162.25	381.61
164.74	380.34
168.47	367.63
168.47	367.63
168.47	367.63
165.98	370.17
157.27	381.61
157.27	381.61
148.56	401.95
148.56	408.31
158.51	413.4
170.96	417.21
185.89	417.21
185.89	417.21
229.43	410.85
261.78	403.23
279.2	396.87
281.69	395.6
291.64	395.6
307.81	395.6
351.36	396.87
351.36	396.87
417.3	396.87
483.24	394.33
483.24	394.33
544.2	386.7
570.33	386.7
592.72	386.7
592.72	386.7
615.12	386.7
631.29	386.7
631.29	386.7
662.39	386.7
729.58	380.34
784.32	375.26
810.45	373.98
810.45	373.98
811.69	373.98
814.18	373.98
814.18	373.98
846.53	373.98
846.53	373.98
891.32	373.98
913.71	375.26
929.89	377.8
937.35	377.8
939.84	381.61
944.82	382.88
946.06	384.16
949.79	387.97
957.26	401.95
957.26	401.95
970.94	436.28
983.39	460.44
1003.29	478.23
1029.42	488.4
1029.42	488.4
1066.74	503.66
1066.74	503.66
1086.65	524
1086.65	524
1095.36	545.61
1095.36	545.61
1096.6	558.33
1096.6	558.33
1096.6	558.33
1097.85	558.33
1099.09	558.33
1100.34	558.33
1100.34	558.33
1100.34	558.33
1100.34	558.33
1100.34	558.33
1100.34	558.33
1100.34	558.33
1100.34	558.33
1100.34	558.33
1100.34	558.33
1100.34	558.33
1100.34	558.33
1100.34	558.33
1100.34	558.33
1100.34	558.33
1100.34	558.33
1100.34	558.33
1095.36	559.6
1060.52	568.5
1039.37	577.4
1039.37	577.4
1039.37	577.4
1039.37	577.4
1039.37	577.4
1035.64	579.94
1020.71	588.84
1020.71	588.84
979.65	601.55
958.5	605.37
958.5	605.37
958.5	605.37
958.5	605.37
958.5	605.37
958.5	605.37
958.5	605.37
954.77	605.37
954.77	605.37
909.98	605.37
774.37	609.18
729.58	611.72
724.6	611.72
719.63	611.72
719.63	611.72
719.63	611.72
719.63	611.72
719.63	611.72
719.63	611.72
719.63	611.72
719.63	611.72
719.63	611.72
710.92	614.27
663.64	621.89
663.64	621.89
529.27	638.42
529.27	638.42
519.32	640.96
519.32	640.96
519.32	640.96
519.32	640.96
519.32	640.96
519.32	640.96
516.83	640.96
504.39	640.96
504.39	640.96
495.68	640.96
495.68	640.96
495.68	640.96
505.63	640.96
505.63	640.96
575.3	640.96
575.3	640.96
620.09	640.96
628.8	639.69
635.02	639.69
649.95	639.69
671.1	639.69
693.5	639.69
730.82	639.69
730.82	639.69
766.9	639.69
766.9	639.69
775.61	639.69
775.61	639.69
779.34	639.69
821.65	644.78
844.04	646.05
845.28	646.05
849.02	646.05
849.02	646.05
849.02	646.05
849.02	646.05
849.02	646.05
847.77	644.78
834.09	637.15
834.09	637.15
834.09	637.15
732.07	609.18
732.07	609.18
608.9	607.91
498.17	607.91
447.16	607.91
417.3	607.91
413.56	607.91
412.32	607.91
412.32	607.91
412.32	607.91
399.88	604.1
353.85	600.28
353.85	600.28
236.9	582.48
236.9	582.48
200.82	569.77
200.82	569.77
200.82	569.77
200.82	569.77
200.82	569.77
192.11	562.14
146.07	550.7
146.07	550.7
45.3	541.8
39.08	540.53
34.1	540.53
34.1	540.53
0	0
0	0
0	0
0	0
0	0
0	0
0	0
0	0
0	0
0	0
0	0
0	0
0	0
0	0
0	0
0	0
0	0
0	0
0	0
0	0
0	0
0	0
0	0
0	0
0	0
0	0
0	0
0	0
0	0
0	0
0	0
3	539.26
3	539.26
15.44	540.53
19.17	541.8
36.59	541.8
36.59	541.8
116.21	541.8
173.44	541.8
245.6	541.8
245.6	541.8
346.38	541.8
368.78	541.8
376.24	541.8
391.17	541.8
391.17	541.8
427.25	541.8
443.42	541.8
455.87	537.99
455.87	537.99
468.31	532.9
474.53	530.36
484.48	527.82
484.48	527.82
496.92	524
496.92	524
496.92	522.73
473.28	502.39
402.37	475.69
402.37	475.69
337.67	464.25
337.67	464.25
337.67	464.25
327.72	468.06
301.59	489.68
301.59	489.68
236.9	515.1
203.3	521.46
182.15	525.27
149.81	530.36
149.81	530.36
96.31	551.97
58.98	579.94
26.63	599.01
26.63	599.01
0	0
0	0
0	0
0	0
0	0
0	0
0	0
0	0
0	0
0	0
0	0
0	0
0	0
0	0
0	0
0	0
0	0
0	0
0	0
0	0
0	0
0	0
0	0
0	0
0	0
0	0
0	0
0	0
0	0
0	0
0	0
0	0
21.66	667.66
52.76	657.49
52.76	657.49
52.76	657.49
52.76	657.49
46.54	657.49
26.63	660.03
26.63	660.03
