639.4	351.15
645.7	357.55
647.95	362.45
651.35	372.25
645.75	359.05
642	355.8
635.8	354.15
641.7	349.45
643.2	345.35
870.4	441.7
937.4	419.25
930.45	395.1
937.05	396.8
939.3	386.35
1024.65	508
0	0
1271.45	496.55
1271.85	521.1
1269.9	503.65
1145.8	618.4
0	0
0	0
0	0
0	0
0	0
0	0
0	0
0	0
0	0
0	0
0	0
0	0
0	0
0	0
0	0
0	0
0	0
0	0
0	0
0	0
0	0
0	0
0	0
0	0
0	0
0	0
0	0
0	0
0	0
0	0
649	128.15
638.85	126.95
652.15	134.5
645.35	128.25
652	153.6
651.75	143.55
660.45	144.9
651.45	149.2
652.15	152.6
333	99.95
352.9	92
355.05	93.05
348.9	105.4
350.5	111.2
350.8	102.2
369.3	99.2
364.65	100.9
364.05	101.45
372	102.3
372.55	104.7
378.9	105.9
381.45	115.55
378.35	111
342.35	102.55
206.2	113.25
218.7	115.95
211.6	126.15
212.15	123.75
217.3	124.65
212.4	129.45
219	125.35
218.6	123.2
216.35	121.55
216.8	117.6
215.8	126.1
210.65	129.05
212.45	128.45
216.5	117.1
212.45	111.55
206.95	130.7
209.2	126.8
215.05	124.25
210	134.95
219.7	135.35
213.15	139.9
211.6	135.45
260.7	123.2
304.15	114.75
299.3	114.85
296	112.65
294.8	95.6
286.6	98.55
300.6	102.75
292.2	114.35
292.85	122.05
301	110.85
295.4	101
295.45	107.95
295.85	116.1
295.25	112.95
295.25	107.05
299.4	113.4
291.75	130.5
286.45	122.15
296.2	112.5
290.9	117.6
291.05	125.3
297.1	113.3
299.5	119.9
292.95	120.9
297.8	118.55
298.85	114.7
298.35	111.1
299.4	109.2
298.4	125.65
303.65	117.6
295.25	117.9
281.45	131.8
274.85	128.35
273.7	121.5
269.8	117.45
277.05	112.1
270.9	122
273.5	124.35
275.2	132.45
272.65	133.7
270.75	114.9
270.5	126.6
200.4	140.85
206.5	133.9
205.15	122.3
201.75	131.95
198.3	136.15
203.55	137.25
281.35	130.3
259.7	129.45
266.6	126.1
263.25	131.5
267.65	126.15
263	130.15
262.15	123.25
261.35	124.3
266.2	123.9
264.95	119.8
268.45	115.7
274.45	125.15
543.7	277.6
512.8	234.85
522	240.85
524.55	245.05
523.55	251.45
526.85	248.2
633.25	267.2
617.35	269.9
618.65	281.3
624.55	273.85
550.6	283.05
452.25	296.1
457	277.25
458.55	282.9
456.35	252.75
456.85	268.7
456.7	280.45
457.05	284.35
450.1	273
450.65	271.8
451.8	285.4
450.15	268.85
448.25	254.45
438	254.25
454.25	246.55
458.9	246.05
450.9	255.95
456.95	257.7
460.55	272.5
457.05	259.5
607.6	259.55
587.5	263.65
592.25	285.15
599.7	265.6
602.5	276.25
606.6	294.3
603.95	320.45
613.45	310.45
610.65	320.5
415.95	339.3
414.2	348.4
417.45	338.55
421	339.65
425.95	328.95
427.85	313.65
418.15	317.6
423	356.45
647.15	342.9
637.75	331.65
642.75	319.15
655.1	330.15
651.65	330.2
659.65	331.9
662.95	334.45
652.8	342.9
651.35	334.05
653.55	331.2
0	0
0	0
652.25	342.15
649.8	336.05
661.15	335.3
729.3	299.1
734.9	272.7
731.9	271.25
728.4	281.9
729.65	285.2
736.05	275.05
735.85	275.6
731.95	275.35
729.95	281.8
739.6	261.2
727.6	274.75
726.45	272
758.1	283.8
770.25	324.65
769.3	314.05
767	320
770.05	316.55
774.3	301.7
766	322.45
768.95	301.35
766.25	312.9
764.95	313.95
763.9	309.15
758.85	316.65
754.95	322.7
755.7	318.35
752.7	312.65
674.5	319.4
547.85	325.1
538.05	330.3
541.75	328.3
537.4	322.55
529.8	328.3
533.55	317.95
530.8	318.9
686.6	328.95
724.3	313.5
721	316.85
722.75	314.15
733.05	316.95
730.6	319.9
726.2	324.05
733.5	321.15
480.15	322.95
508.55	319.6
511.85	311.5
511.5	310.6
507.6	318.45
511	315.1
508.8	320.8
841	435.7
817.5	433
820.25	437.35
825.3	444.6
831.2	455.4
825.45	451.05
835.05	509.75
837.3	507.75
833.65	512.55
832.45	512.45
839.2	506.6
842.3	510.15
844.1	507.75
846.6	507.55
771	518.3
746.85	532
749.3	515.1
737.65	526.45
742.85	529.8
730.3	535.25
728.55	533.65
724.55	529.2
722.3	531.8
719.7	538.95
832.35	530
826.75	540.15
833.4	531.8
838.1	524.45
840.15	526.45
850.9	537.35
846.75	540.2
852.8	537.65
898.5	541.3
1037.8	536.8
1031.85	532.3
1035	541.65
1034	540.6
1027.6	546.8
1033.7	539.3
1049.75	540.3
866.7	546.65
768.35	540.65
754.6	540.7
756.4	544.5
760.7	539.65
761.35	541.7
761.25	542.55
760.25	543.1
777.55	549.35
800.15	548.3
796.55	549.75
799.15	543.9
803.3	540.45
734.5	507.55
623.6	352.35
628.95	349.4
628.35	345.95
622.45	357.65
628.65	354.3
625.55	352.25
627.95	356.75
622.15	354.8
626.1	351.05
624.25	350.9
625.65	351.5
625.95	346.05
620.05	349.5
622.85	351.5
688.4	343.85
680.7	344
678.4	337.5
673.85	334.85
672.05	331.8
676.2	346.95
675.9	350.9
679.85	344
677.75	349.45
676.65	346.55
675.05	337.25
684.4	334.25
673.65	336.5
674.35	339.9
587.25	292.15
596.4	291.65
600.25	288.35
590.6	294.6
587.4	296.35
0	0
584.85	298.8
589.25	300.4
0	0
588.45	308.35
590.7	306.15
0	0
582.2	309.95
581.2	304.9
0	0
583.5	303.05
583.55	305.55
0	0
593.25	310.75
587.45	315
591.5	315.4
0	0
0	0
0	0
0	0
0	0
0	0
248.85	366.45
0	0
0	0
0	0
0	0
0	0
0	0
244.7	370.05
0	0
0	0
0	0
0	0
0	0
0	0
236.7	354.95
0	0
0	0
0	0
0	0
0	0
0	0
230.85	365.25
0	0
0	0
0	0
0	0
0	0
0	0
376.25	400.95
0	0
0	0
0	0
0	0
0	0
0	0
519	496.7
0	0
0	0
0	0
0	0
0	0
0	0
484.2	496.35
0	0
0	0
0	0
0	0
0	0
0	0
482.6	472.5
0	0
0	0
0	0
0	0
0	0
481.95	477.45
476.95	473.95
480	470.3
478.35	463.55
479.95	464.9
475.95	463
559.3	460.95
806.45	410.4
805.5	411.5
810.2	411.2
809.05	408.35
807.4	406.9
808.55	411.8
807	410.45
805.15	391.3
802.75	171.7
812.35	175.4
807.95	178.15
814.2	179.8
807.85	181.3
802.9	178.55
813.1	177.45
814.2	170.35
806.15	174.6
809.8	178.55
800.95	183
796.9	184.55
799.85	185
798.9	180.25
802.2	179.75
806.55	181.1
796.65	183.75
792.9	184.7
790.75	181.7
785.9	180.85
780.9	175.9
785.4	176.5
785	175.8
778.25	175.75
778.25	178.7
780.6	179.1
787.2	178.05
718.55	228.45
674	309.35
681.3	307.9
676.25	302.2
670.5	313.8
674.15	318.25
664	317.1
666.1	316.4
664.35	316.8
655.9	491.25
649.1	476.95
641.9	478.9
646.05	477.05
642.1	484
645.7	492.4
649.45	501.9
555.4	514.3
554.05	521.9
552.9	527
549.3	533.1
548.3	533.95
552.5	539.75
552.45	549.25
553.3	545.9
0	0
545.1	544.35
540.95	544.7
540.1	555.4
544.75	542
540.05	554.7
538.9	553.2
538.7	546.45
0	0
540.2	540.6
624.6	439.35
627.15	429.25
629.05	423.95
625.95	423.95
627.85	429.1
625.75	430.15
0	0
632	355.75
635.1	328.15
636	325.65
631.7	332.35
632.85	333.6
637.05	335.8
635.95	335.8
634.85	336.1
634.85	338
638.25	338.5
637.75	338.4
634.6	334.2
637.95	330.5
641.85	337.25
641.35	332.9
639.35	331.45
0	0
641.3	337.25
637.25	330.9
635.3	333.4
637.8	336.9
633.7	335.4
634.3	331.75
633.75	330.85
636.25	331.9
636.5	331.2
644.6	320.8
644.55	322.2
641.3	328.4
639.3	331.6
634.1	335.65
631.95	334.2
631.7	339.85
629	340.8
630.25	335.45
635.15	334.75
630.45	337.4
635.7	338
632.4	335.4
632.85	330.1
632.05	336.5
0	0
623.25	341.55
620.95	344.95
624.95	328
0	0
626.35	334.8
628.2	335.2
0	0
626.4	337.5
619.3	337.15
624.45	338.1
0	0
0	0
0	0
0	0
0	0
0	0
628.55	342.5
0	0
0	0
0	0
0	0
0	0
0	0
508.65	417.9
0	0
0	0
0	0
0	0
0	0
0	0
525.4	434.9
0	0
0	0
0	0
0	0
0	0
0	0
524.45	435
0	0
0	0
0	0
0	0
0	0
0	0
562	528.3
0	0
0	0
0	0
0	0
0	0
0	0
662	375.8
0	0
0	0
0	0
0	0
0	0
0	0
655.85	390.35
0	0
0	0
0	0
0	0
0	0
0	0
748.6	300.7
0	0
0	0
0	0
0	0
0	0
0	0
755.5	301.5
0	0
0	0
0	0
0	0
0	0
0	0
756.55	298.95
0	0
0	0
0	0
0	0
0	0
0	0
751.15	302.15
0	0
0	0
0	0
0	0
0	0
0	0
755.1	313.25
0	0
0	0
0	0
0	0
0	0
0	0
738.15	339.65
0	0
0	0
0	0
0	0
0	0
0	0
740.5	318.35
0	0
0	0
0	0
0	0
0	0
0	0
747.05	314.45
0	0
0	0
0	0
0	0
0	0
0	0
744.75	323.15
0	0
0	0
0	0
0	0
0	0
0	0
735.1	315.4
0	0
0	0
0	0
0	0
0	0
0	0
730.25	324.2
0	0
0	0
0	0
0	0
0	0
0	0
722.5	336
0	0
0	0
0	0
0	0
0	0
0	0
731.9	334.5
0	0
0	0
0	0
0	0
0	0
0	0
730.8	330.95
0	0
0	0
0	0
0	0
0	0
0	0
729.5	324.2
0	0
0	0
0	0
0	0
0	0
0	0
734.25	327.75
0	0
0	0
0	0
0	0
0	0
0	0
727.9	345.7
0	0
0	0
0	0
0	0
0	0
0	0
729.4	343.25
0	0
0	0
0	0
0	0
0	0
0	0
735.5	334.2
0	0
0	0
0	0
0	0
0	0
0	0
722.9	337.8
0	0
0	0
0	0
0	0
0	0
0	0
460.55	591.1
0	0
0	0
0	0
0	0
0	0
0	0
446.9	602.8
0	0
0	0
0	0
0	0
0	0
0	0
446.9	587.5
0	0
0	0
0	0
0	0
0	0
0	0
535.5	441.5
0	0
0	0
0	0
0	0
0	0
0	0
531.15	453.3
0	0
0	0
0	0
0	0
0	0
0	0
680.8	352.45
0	0
0	0
0	0
0	0
0	0
0	0
681.6	348.4
0	0
0	0
0	0
0	0
0	0
0	0
675.95	354.75
0	0
0	0
0	0
0	0
0	0
0	0
684.45	344.2
0	0
0	0
0	0
0	0
0	0
0	0
692.55	335.7
0	0
0	0
0	0
0	0
0	0
0	0
666.25	412.9
0	0
0	0
0	0
0	0
0	0
0	0
641.95	508.3
0	0
0	0
0	0
0	0
0	0
0	0
649.75	496.45
0	0
0	0
0	0
0	0
0	0
0	0
658.95	494.4
0	0
0	0
0	0
0	0
0	0
0	0
657.85	493.6
0	0
0	0
0	0
0	0
0	0
0	0
661.6	476.95
0	0
0	0
0	0
0	0
0	0
0	0
656	477.15
0	0
0	0
0	0
0	0
0	0
0	0
666.75	473.75
0	0
0	0
0	0
0	0
0	0
0	0
656.1	474.45
0	0
0	0
0	0
0	0
0	0
0	0
658.45	482.8
0	0
0	0
0	0
0	0
0	0
0	0
667.4	484.25
0	0
0	0
0	0
0	0
0	0
0	0
664.3	484
0	0
0	0
0	0
0	0
0	0
0	0
660.95	468.85
0	0
663.9	465.35
664.2	464.75
663.95	466.1
665.55	471
658.75	471.1
659.7	469.75
661.1	469.5
661.35	465.55
515.6	340.65
444.95	230.85
458	255.75
456.7	251.75
460.05	252.05
458.15	253.3
460.4	247.6
456.4	251.55
458.7	249.95
460.45	252.65
461.55	253.3
461.75	252.5
461.8	258.55
462.7	264.1
463.9	259.1
468.45	259.25
467.55	258.35
463.6	261.8
463.4	252.55
461.8	254.95
569.2	260.35
679	258.45
670.75	258.2
669.15	262.95
676.55	259.35
678.75	258.5
679.8	260
681.25	258
683.75	258.8
679	259.25
673.5	257.35
675.5	257.9
677.5	259
677.8	257.15
691.85	254.2
763.35	239
755.35	244.65
749.6	256.8
751.55	261.8
748.35	260.8
744.6	260.8
759.1	261.4
750.5	255.15
764.55	313.95
755.6	489.05
751.45	480.65
752.85	476.05
751.35	475.2
748.95	475.15
750.45	474.7
748.9	480.1
741.35	483.9
737.35	485.5
744	487.45
739.5	488.55
735.4	482.15
734.9	478
741.6	474.2
635.55	479.4
649.45	477.95
654.55	484.95
656.55	486.8
659.45	484.4
657.75	482.75
659.9	483.65
664.7	486.3
663.9	487.4
665.25	494.15
664.4	489.25
670.05	491.55
673.3	495.65
666.05	499.45
669	504.55
674.85	507.05
668.85	510.7
815.25	513.5
841.4	505.2
834.05	505.85
833.2	510.5
838.6	512.95
836.65	515.1
833.65	512.3
836.75	514.25
838.7	512.5
840.95	517.25
839.7	516.3
837.5	514.75
838.85	516.65
823.15	513.55
670.05	522.65
684.25	520.7
683.8	522.45
683.05	528.1
674.85	523.35
682.8	531.1
681.05	530.95
682.25	536.9
670.2	533.3
805.25	538.15
852.3	540.6
844.45	549.95
847.55	544.65
849.35	551.1
843.65	556.35
844.65	553.65
847.4	558.05
745.4	551.2
674.25	540.8
674.65	534.55
678.15	534.6
679.45	542.2
680.8	539.5
675.75	544.1
673.85	543.7
671	545.5
783.05	555.1
778.05	553.75
783.2	549.05
775.45	551.8
780	551.4
784.6	543.1
778.45	548.5
784.65	549.2
786.2	550.2
778.75	550.4
781.35	556.05
770.2	557.2
771.8	551.5
768.55	555.3
544.4	487.75
345	410.2
311.6	391.05
316.95	389
320.4	389.15
323.45	395.75
327.35	391.95
316.8	394.15
324.25	388.2
324.1	386.15
320	387.9
322.3	387.5
326.2	385.55
322.85	390.15
323.25	381.8
324.1	383.4
350.5	378.15
348.2	383.4
346.3	382.8
351.85	381.15
353.35	378.3
347.9	372.55
351.6	377.5
349.85	376
438.8	381.15
544.8	361.95
541.65	365.05
539.05	366.1
541.05	369
545.25	367.2
545.2	364.4
540.9	366.85
541.55	362.15
546.6	363.85
372.35	379.25
320.25	370.95
318.75	373.65
317.2	379.75
312.25	381.6
309.4	376.85
312.8	370.4
310.5	376.1
318.35	373.55
319.8	373.85
314.5	376.15
312.45	384
313.5	377.8
524.8	354.7
520.25	351.85
518.7	353.5
516.15	351.5
514.6	351.8
519.5	352.95
523	351.9
523.15	347.25
632.1	368.8
671.25	358.5
665	358.55
668.6	356.05
668.35	353.9
802	345.8
786.15	343.5
783.85	342.8
785.15	340.6
788.1	348.1
786.45	348.1
786.15	348.45
829.3	346.8
822.55	353
612.05	362.95
618.4	360.75
613.7	357.6
624.35	360.15
626.8	364.6
625.35	365.4
630.95	368.4
626.65	374.3
624.8	372
717.95	367.1
914.05	361.2
903.85	363.25
908.2	358.85
909.5	359.35
914.65	366.95
911.95	370.35
914.55	370.7
917.95	369.1
915.65	369.75
909.5	374.5
916.65	375.15
913	372.6
874.2	372.45
875.7	363.9
875.9	362.7
871.8	365.6
873.75	366.4
877.55	370.45
878.75	370.75
876.25	376.35
870.5	389.35
872.35	382.95
880.35	379
879.25	375.95
887.2	373.15
762.7	393.2
596.05	380.45
594.9	383.55
599.75	376.4
601.9	373.6
603.7	375.35
608.6	376.3
607.5	375.9
598.3	371.1
690.8	379.55
995.15	385.6
974.95	376.3
966.35	374.15
967.2	371.5
966.1	378.3
0	0
0	0
0	0
0	0
0	0
0	0
981.8	379.25
975.15	380.75
962.65	384.5
968.7	390.05
959.8	389.7
613.2	399
591.4	402.8
592.15	400
592.65	398.9
587.1	395.1
587.15	394.9
591	391.65
591.5	395.25
585.95	397
589.7	398.35
589.4	409.1
643	406.95
636.85	395.65
638.9	400.2
638.55	400.55
641.6	393.3
766.35	394.45
830.15	368.1
840.1	375.05
839.2	374.4
839.3	370.3
838.6	368.9
843.35	364.15
844.2	368.2
837.15	372.4
837.65	376.2
838.05	370.1
839.25	366.9
893.4	370.05
882.15	371.05
877.4	368.65
874.4	369.2
876.15	372.3
876	370.5
881.75	368.95
747.05	439.6
394	609.6
396.15	619.1
400.2	613.3
402.85	615.9
406.3	617.8
396.25	622.45
398.35	614
406.6	608.7
222.25	651.05
242.55	640.65
247.35	642.4
253.95	636
254.3	632
255.35	630.7
256.2	629.85
252.7	627.2
249.85	630.55
306.9	618.8
303.85	624.8
298.4	623.85
300.85	616.55
298.05	618.7
297.6	616.25
295.9	621.6
306.6	615.05
303	614.75
300.8	619.05
295.45	618.55
303.85	608.25
296.35	615.15
295.45	620.55
292.2	614.1
329.85	617.5
337.2	617
334.35	615.3
336.3	615.3
336.35	616.5
340.45	617.75
342.9	621.5
343.85	622.75
342	626.25
346.65	627.3
344.65	629.95
348.8	630.45
348.1	631.65
188.1	622.45
193	624.6
194.75	621.3
191.65	631.45
191.65	634.15
194.2	625.4
188.25	629.4
194.1	626.9
197.65	631.8
390.7	608.5
373.5	611.3
375.25	615.95
376.95	617.55
372.1	619.7
