656.7	373.45
656	372.5
657.4	375.4
658.05	376.95
660.8	381.15
660.1	377.25
663.1	377.8
660.55	380.4
660.7	381.05
661.15	384.65
661.65	380.65
661.9	381.25
659.05	379.85
656.25	378.85
656.9	380.65
654.45	382.15
658.3	382.55
657.5	382.7
654.65	383.95
656.75	388
652.35	382.8
652.05	382.85
647.35	385.85
649.95	382.15
648.35	371.9
648.55	378.15
653.3	387.9
656.35	386.85
653.9	384.4
653.95	377.6
654.35	378.95
659.3	382.8
652.3	385.05
649.55	382.5
647.25	381.7
647.4	383.05
645.6	383.4
649.05	382.85
651.05	383.3
654.6	381.85
655.45	381.85
555.45	369.75
317.1	319.85
367.5	310.8
372.3	311.55
374.2	311.15
372.55	313.4
375.4	317.75
374.5	317.6
376.45	321.15
336.85	211.25
335.15	203.1
335.55	204.6
334.95	207.15
335.9	203.65
330.15	164.2
321.75	162.3
318.45	160.2
316.8	166.95
318.5	162.95
316.6	159
321.65	158
321.05	163.15
326.5	152.7
323.65	157.65
200.55	174.1
190.75	163.6
195.15	167.2
192.2	160.45
198.4	164.55
194.9	167
174.7	168
182.95	162.2
181.35	167.5
184.2	175.55
188.4	173.85
191.8	175.1
189.15	175.5
186.55	171.7
185	171.7
185.5	175.5
186.95	175.8
183.95	170.55
184.35	170.5
187.3	173.3
187.35	172.3
189	179.7
304.1	164.65
326.85	160.65
329.5	163.35
329.8	168.25
331.7	169.05
326.7	162.8
331	172.15
334.65	172.6
214.7	186.15
217	183
218.15	183.85
219.75	184.7
221.55	181
221.85	178.2
223.8	181.75
225.7	185.65
225.05	184.3
222.95	180.55
223.15	182.95
222.8	177.95
259.1	173.95
257.6	175.5
256	171.65
257.75	176.7
259.85	179.65
259.75	179.45
253.9	176.95
231.9	180.05
232.15	179.5
232.65	179.05
234.9	186.6
231.25	182.65
232.65	182.4
235.35	187.6
232.55	182.7
231.65	177.35
229.35	176
231.95	182.4
231.35	188.15
230.75	181.45
232.5	185.65
232.85	184.85
234.9	186.2
233.8	186.65
235.75	188.25
233	191.7
234.35	190.4
306.5	185.45
305.7	185.6
306.8	178.7
305.5	188.75
305.1	186.95
302.65	183.85
301.7	176.65
301.2	183.05
301.7	177.4
304.1	183.2
431.65	243.75
619.9	335.15
624.3	338.9
626.75	340.85
626.4	342.6
626.55	341.5
619.55	342.45
711.9	355.7
723.55	354.45
721.25	352.95
718.1	354.4
717.15	354.5
719.3	352.7
719.25	352.45
719.6	351
714.65	351.35
715.45	353.4
719	346
721.25	350.4
718.8	354.15
716.3	351.55
714.8	351.85
715.3	347.9
717.45	340.3
714.75	341.8
716.2	343.85
713.15	344.6
710.75	348.5
706.4	344.45
707.5	347.55
707	349.5
707.1	344.4
697.1	351.8
607.3	345.15
602.75	352.85
607.25	348.25
611.6	347.1
606.6	353.95
475.15	362.85
471.15	361.9
469.1	367.6
467.6	365.1
468.55	361.7
467.55	361.15
470.75	363.1
468.6	358
467.75	359.55
465.45	361.35
561.8	350.45
634.2	350.1
642.05	349.2
634.2	343.1
635.85	349.7
630.95	353.7
634.95	346.3
637.55	348.8
632.05	340.6
631.1	342.9
630.95	337.3
633.4	341.6
631.75	345.7
630.75	349.45
630	350.55
633.85	353.85
718	332.95
720.8	341.05
722.5	343.5
721.55	343
722.35	342.65
0	0
0	0
723.75	341.55
724.7	344.85
721.6	342.3
530	360.45
503.3	356.75
502.45	355.9
505.05	351.9
505.85	350.1
504.45	349.75
505.3	355.85
509.7	357.9
509.5	363
510.6	363.4
509.9	367.4
509.55	365.55
505.9	363.15
509.75	363.65
684.75	371.85
684.5	368.35
686.15	368.1
684.1	363.7
687.85	367.35
685.85	366.1
685.35	365.85
687.75	367.85
685.9	368.8
687.4	366.6
686.65	364.1
688.05	360.3
688.95	363.25
688.55	366.7
692.6	361.9
690.2	361.5
686.9	363.9
760.15	347.75
763.65	345.9
765.3	344.95
763.2	347.9
763.75	342.5
764.6	347.55
767.4	346.3
769.45	346.75
766.5	345.6
768.9	346.95
770.15	343.45
762.9	344.6
763.15	347
763.6	343.7
762.8	343.05
765.05	349.3
764.25	349.15
766.45	351.85
762.9	351.6
767.25	351.25
764.7	352.6
762.7	353.45
805.15	396.15
843.9	522.25
846.9	529.45
842.7	538.75
837.85	537.8
838.9	538.1
839	537.55
822.95	562.45
823.25	559.35
816.45	568.25
816.9	575.05
816.65	576.4
811.95	585.65
763.85	594.2
768.75	603.1
762.5	602.4
769.45	601.2
766.95	603.25
816.35	600.05
970.6	591.75
980.3	593.05
971.7	590.55
972.95	591.6
972.25	590.75
970.1	592.55
978.1	600.7
1024.05	590.75
1021.3	590.9
1014.55	597.75
1020.35	590.1
1020.1	591.25
1008.15	598.05
1006.65	599
1003.25	604.4
1000.8	598.95
1001.7	597.35
996.55	601.9
1001.65	594.5
995.35	602
995.45	594.8
993.1	603.25
818.05	615.8
808.25	618.8
806.6	618.5
817	627.25
804.35	626.3
807.7	625.2
756.4	624.5
754.65	615
760.15	617.35
758.2	620.9
706.5	621.2
707.05	617.7
706.55	627.45
705.75	623.9
710.4	614.15
716.15	617
715.15	612.5
626.5	398.35
612.65	351.85
606.35	348.6
613.65	344.2
613.4	342.2
612.9	332.3
612.65	337.55
613.6	338.1
612.55	336.85
700.6	318.75
723.55	297.2
723.05	311.05
721	303.8
719.95	308.15
719.75	307.9
715.55	307.3
714.15	310.55
717.55	305.4
720.15	306.85
0	0
0	0
0	0
0	0
654.95	350.1
650	349.35
0	0
656.4	346
0	0
0	0
0	0
0	0
0	0
0	0
669.25	352.6
0	0
662.65	347.6
669.65	341.95
666.3	353
0	0
662.95	347.5
661.8	338.05
0	0
0	0
0	0
0	0
0	0
0	0
183.05	365.85
0	0
0	0
0	0
0	0
0	0
0	0
670.3	408.9
0	0
0	0
0	0
0	0
0	0
0	0
661.9	400.6
0	0
0	0
0	0
0	0
0	0
0	0
659.7	400.05
0	0
0	0
0	0
0	0
0	0
0	0
654.4	401.75
0	0
0	0
0	0
0	0
0	0
0	0
459.7	465.25
0	0
0	0
0	0
0	0
0	0
0	0
459.75	478.2
0	0
0	0
0	0
0	0
0	0
0	0
456.95	479.6
0	0
0	0
0	0
0	0
0	0
0	0
457.6	469.05
0	0
0	0
0	0
456.65	467.05
459.95	466.8
456.9	466.6
458.1	470.95
813.25	280.7
817.5	269
819.55	265
814.55	265.5
809.6	262.2
813.2	261.55
808.65	179.3
812.3	178.45
812.5	181.3
810.95	182.65
817.2	185.25
813.1	183.65
912.3	384.7
911.4	594.75
914.85	593.15
909.9	591.45
907.95	585.75
909.7	586.7
903.95	586.25
903.35	586.65
899.75	585.65
902.5	587.65
902.95	593.5
894.35	596
891.45	593.6
889.05	594.5
889.5	593.15
888.95	594.35
801.7	535.65
806.65	529.5
808.25	528.3
808.8	525.05
804.35	525.15
804	531.9
804.6	528.6
807.05	528.6
805.75	525.35
799.75	529.15
799.95	525.9
800.75	526.2
697.7	524.95
658.1	526.8
660.25	526.55
658.9	526.3
663.8	524.4
664.1	520.4
664.95	519.95
664.55	520.85
659	524.55
575.45	547.35
574.75	541.75
579.25	543.9
580.2	544.2
579.1	541.45
583.25	539.9
578.8	543.15
578.6	540.5
579.1	547.05
0	0
579.4	545.5
584.65	547.35
583.55	542.75
577.45	545.05
581.45	544.65
584.7	539.2
583.95	361.4
0	0
588.65	355.2
587.55	353.5
592.5	353.45
596.35	358.3
675.6	335.95
681.9	331.2
678.35	327.55
0	0
680.65	336.55
672.4	340.9
667.1	333.05
670.6	334.65
674.1	331.7
670.45	328.8
665.7	329.65
662.2	328.85
664.95	331.15
0	0
671.4	326.9
672.6	328.1
668.2	324.45
671.55	319.5
670.05	323.65
671.05	326.3
670.6	326.45
674.3	329
579.65	313.95
582.6	312.1
584.1	319.75
586	319.1
586.2	319.05
589.75	319.5
587.95	319.3
591.85	317.35
591.3	312.6
589.8	312.6
589.95	316.95
589.45	317.4
590.4	318.6
592.2	318.25
586.75	320.35
583.55	314.15
582.6	319.25
580.7	320.2
589.1	315.5
591	319.6
593.05	318.05
595.55	318.4
421.25	293.25
330.4	268
336.2	268.95
339.25	266.65
0	0
340.95	272.3
342.95	268.85
0	0
306.45	275.75
301.9	275.65
0	0
0	0
0	0
0	0
0	0
0	0
676.6	396.6
0	0
0	0
0	0
0	0
0	0
0	0
674.7	406.5
0	0
0	0
0	0
0	0
0	0
0	0
550.8	589.8
0	0
0	0
0	0
0	0
0	0
0	0
684.7	462.85
0	0
0	0
0	0
0	0
0	0
0	0
925.05	336.55
0	0
0	0
0	0
0	0
0	0
0	0
949.15	343.5
0	0
0	0
0	0
0	0
0	0
0	0
574.25	289.2
0	0
0	0
0	0
0	0
0	0
0	0
649.45	286.25
0	0
0	0
0	0
0	0
0	0
0	0
831.85	241.85
0	0
0	0
0	0
0	0
0	0
0	0
629.6	266.95
0	0
0	0
0	0
0	0
0	0
0	0
623.9	252.3
0	0
0	0
0	0
0	0
0	0
0	0
843.75	256.8
0	0
0	0
0	0
0	0
0	0
0	0
505.7	304.6
0	0
0	0
0	0
0	0
0	0
0	0
512.7	290.5
0	0
0	0
0	0
0	0
0	0
0	0
520.65	289.1
0	0
0	0
0	0
0	0
0	0
0	0
520.25	282.45
0	0
0	0
0	0
0	0
0	0
0	0
593.3	219.95
0	0
0	0
0	0
0	0
0	0
0	0
463.65	257.15
0	0
0	0
0	0
0	0
0	0
0	0
467.3	249.45
0	0
0	0
0	0
0	0
0	0
0	0
422.4	246.35
0	0
0	0
0	0
0	0
0	0
0	0
767.9	251.3
0	0
0	0
0	0
0	0
0	0
0	0
858.65	253.4
0	0
0	0
0	0
0	0
0	0
0	0
642.4	298
0	0
0	0
0	0
0	0
0	0
0	0
625.6	336
0	0
0	0
0	0
0	0
0	0
0	0
671.25	302.15
0	0
0	0
0	0
0	0
0	0
0	0
794.7	438.35
0	0
0	0
0	0
0	0
0	0
0	0
550.95	497.8
0	0
0	0
0	0
0	0
0	0
0	0
554.15	493.95
0	0
0	0
0	0
0	0
0	0
0	0
558.6	485.1
0	0
0	0
0	0
0	0
0	0
0	0
554.2	381.4
0	0
0	0
0	0
0	0
0	0
0	0
665.25	327.65
0	0
0	0
0	0
0	0
0	0
0	0
368.6	363.55
0	0
0	0
0	0
0	0
0	0
0	0
682.05	335.3
0	0
0	0
0	0
0	0
0	0
0	0
688.9	331.2
0	0
0	0
0	0
0	0
0	0
0	0
686.65	333.8
0	0
0	0
0	0
0	0
0	0
0	0
682.6	334.95
0	0
0	0
0	0
0	0
0	0
0	0
692.9	333.15
0	0
0	0
0	0
0	0
0	0
0	0
687.65	329.9
0	0
0	0
0	0
0	0
0	0
0	0
700.65	328.35
0	0
0	0
0	0
0	0
0	0
0	0
630.45	412.6
0	0
0	0
0	0
0	0
0	0
0	0
623.2	409.9
0	0
0	0
0	0
0	0
0	0
0	0
627.6	405.15
0	0
0	0
0	0
0	0
0	0
0	0
622.05	409.1
0	0
0	0
0	0
0	0
0	0
0	0
628.55	411.65
0	0
0	0
0	0
0	0
0	0
0	0
636.55	409.75
0	0
0	0
0	0
0	0
0	0
0	0
636.2	398.75
0	0
0	0
0	0
0	0
0	0
0	0
630.85	398.95
0	0
0	0
0	0
0	0
0	0
0	0
631.1	395
0	0
0	0
0	0
0	0
0	0
0	0
633.2	395.7
0	0
0	0
0	0
0	0
0	0
0	0
603.45	308.7
0	0
0	0
0	0
0	0
0	0
0	0
606	316.4
0	0
602.35	321.2
600.8	320.05
602.65	318.8
603.7	318.7
603.95	319.65
604.55	317.95
610.4	316.8
607	315.25
609.35	315.7
611.5	318.75
611.95	317.35
604.55	317.75
605.45	317.2
604.5	317.3
601.25	319.55
599.05	319.65
600.2	320.9
598.9	322.4
594.35	317.7
592.35	315.6
594.85	319.05
590.65	324.7
590.8	325.75
592.95	325.9
593.75	328
598.65	324
594.95	325.6
602.05	326.75
601.3	330.25
603.85	330.85
602.7	328.3
603.45	331
602.25	334.75
602.95	330.95
603.4	337.3
602.4	333.05
603.55	328.45
602.65	330.45
600.75	331
601.75	330.55
606.05	332.5
601.25	333.1
602.85	337.85
607.5	341.85
606.6	342.2
609.65	341.35
608.7	341.75
610.7	337.65
605.65	339.7
608.1	337.05
601.3	340.3
599.6	333.2
597.7	337.65
599.2	342.2
600.95	338.75
599.45	337.2
598.45	336.25
598.55	331.8
600.2	334.4
601.05	331.55
599.85	332.75
601.1	339.2
603.05	335.4
602.55	336.25
599.05	331.3
599.15	337.1
602.45	333.35
600.05	331.65
602.75	329.1
602.7	331.6
603.1	331.75
605.1	327.2
603.35	328.35
602.95	328.85
603.8	330.9
604.6	328.55
605.6	331.65
605.05	333.55
604	334.9
605.55	332.35
607.45	334.75
605.8	333.3
604.25	329.5
607.6	328.95
608.5	328.35
609.15	333.45
611	328.5
611.95	333.5
615.5	326.7
610.85	334.35
611.65	333.95
613.4	331.95
612.6	337.25
615	337.25
657.75	525.3
661.8	523.7
653.4	521.1
651.95	527.8
652.95	522.2
655.9	522.05
656.8	521.15
656.5	520
658.55	522.15
654.1	526.5
660	522.45
659.3	526.55
657.65	523.35
660.45	524.95
659.75	520.55
665.95	523.6
661.15	527.2
853.4	538.35
858.95	541
861.8	543.1
856.55	541.45
858	540.3
858.6	540.1
909.4	549.9
943.6	554.7
942.7	557
944.7	556.05
943.7	558.95
975.35	556.75
983.75	554.85
983.25	554.7
982.05	553.75
982.7	558.8
982.65	552.55
985.15	549.8
985.05	553.7
980.95	556.75
978.15	552.05
982.8	551.45
982.85	553.25
976.5	550.1
983.6	552.25
685.75	513.45
556.3	511.15
558.2	517.7
557.7	510.25
562.05	510.35
561.7	514.8
561.75	516.05
564.25	512.35
564.35	510.35
564.7	511.8
562.85	517.4
561.2	519.8
562.3	518.2
562.45	520.15
559.7	520.25
561.15	520.4
367.9	439.3
311.85	387
306.5	385.2
309.6	391.9
313.9	401.15
0	0
0	0
0	0
0	0
0	0
645.35	482.45
645.55	474.7
641.3	470.3
642.2	477.85
609.65	431.8
514.6	399
510.4	403.3
511.8	396.05
514.55	401.8
516.1	406.15
471.45	408.15
278.8	411.2
296	409.55
303.25	416.55
297.15	411.7
300.2	411
299.15	407.05
302.2	407.85
297.95	404.05
297.05	401.2
302	407.4
302.9	408.9
304.2	411.7
0	0
0	0
0	0
0	0
0	0
0	0
622.7	395.95
619.55	395.85
621.2	401.25
629.35	402.1
630.05	403.65
632.8	404.15
632.65	396.25
314.1	390.3
328.7	384.15
331.8	387.5
331	386.2
331.95	389
296.1	391.1
303.9	388.55
306.45	382.4
311.25	386.25
311.15	386.6
491.1	393.05
633.05	370.3
634.05	374.35
635.75	383.1
635.2	380.05
633.55	381.5
632.05	383.5
627.2	378.55
627.4	379.55
623.1	380.4
626.7	384.9
515.5	393.45
533.3	388.65
531.95	391.1
529.2	388.9
529.05	390.25
531.5	387.75
529.05	384.4
753.4	381.15
887.25	381.3
895.75	394.85
899.55	389
897.2	399.5
896.5	395.55
900.6	396.5
987.85	374.85
990.5	384.65
988.85	378.45
990.1	375.95
989.1	378.9
987.5	377.85
985.45	374.15
984.05	374.9
979.6	372.95
984.85	369.65
987.75	375.85
809.95	380.8
711.35	387
709.55	391.25
710.8	394.2
710.55	394.7
709.05	397.55
713.55	396.65
862.2	693.35
0	0
0	0
0	0
0	0
0	0
0	0
0	0
0	0
0	0
0	0
864.75	448.95
864.15	451.25
864	452.25
861.05	452.2
859.95	456.05
862.75	456.8
862.3	452.4
851.6	454.15
921.5	425.35
911.3	423.1
909.5	421.65
911.65	416.85
0	0
0	0
0	0
0	0
0	0
0	0
0	0
0	0
0	0
0	0
0	0
0	0
0	0
0	0
886.2	695.2
908.5	350
902.85	388.05
897.55	391.55
901.8	399.7
902.25	408.5
897.25	406.3
901.15	407.9
900	407.8
550.7	610.25
459.9	694.5
446.25	698.05
446.55	695.5
450.1	694.8
449.05	694.6
449.6	698.4
447.35	699.85
445.5	692.05
445.75	691.85
450.35	690.85
447.05	696.05
453.1	696.6
456.7	695.6
443.85	690.4
247.7	657.7
252	651.85
254.8	654.05
254.1	654.6
252.2	656.35
253.05	655.8
258.25	655.15
259.4	658.35
258.85	658.85
257.65	654.15
0	0
0	0
0	0
0	0
0	0
0	0
387.15	643.65
346.45	637.5
353.95	648.9
354.9	650.1
355.4	648.95
357.5	650
354.45	651.5
278.45	663.05
291.4	668.9
289.95	666.95
286.25	657.5
282.5	659.3
284.6	662.15
290.7	664.25
290.35	662.5
288.2	662.75
289.35	656.65
291.45	659.55
361.4	662.95
362.2	658.75
361.95	662.05
361.35	666.05
357.45	665.35
357.45	662.95
0	0
0	0
0	0
0	0
0	0
