0	0
0	0
0	0
0	0
0	0
653.98	367.08
659.58	369.92
660.97	371.33
660.97	371.33
660.97	371.33
660.97	371.33
660.97	371.33
663.77	374.17
670.76	379.83
674.96	386.91
676.36	398.25
676.36	409.58
676.36	419.49
676.36	426.58
676.36	429.41
676.36	433.66
676.36	439.33
673.56	454.91
669.36	464.82
663.77	471.91
660.97	477.57
660.97	477.57
659.58	476.16
656.78	473.32
652.58	463.41
648.39	443.58
644.19	419.49
635.81	388.33
633.01	378.41
624.62	371.33
619.03	371.33
607.84	371.33
600.85	371.33
596.65	371.33
589.66	372.75
582.67	378.41
560.3	392.58
554.7	398.25
550.51	403.91
542.12	409.58
526.74	419.49
377.12	442.16
210.72	425.16
91.86	396.83
5.16	385.5
0	0
0	0
0	0
0	0
0	0
0	0
21.94	405.33
49.91	411
139.4	402.5
178.56	388.33
188.34	384.08
193.94	382.66
198.13	382.66
209.32	378.41
219.11	375.58
221.9	374.17
226.1	371.33
231.69	368.5
247.07	361.42
252.67	352.92
252.67	348.67
252.67	340.17
252.67	330.25
252.67	309
252.67	307.59
254.06	304.76
258.26	297.67
265.25	287.76
287.62	265.09
301.61	256.59
314.19	249.51
339.36	239.6
353.34	238.18
399.49	242.43
486.19	255.18
584.07	276.42
595.25	282.09
602.25	287.76
605.04	289.17
616.23	304.76
619.03	310.42
619.03	313.25
621.82	330.25
621.82	362.83
620.42	386.91
612.03	412.41
600.85	449.24
582.67	477.57
575.68	490.32
563.09	505.9
553.3	518.65
542.12	524.32
539.32	525.73
539.32	525.73
539.32	525.73
539.32	525.73
539.32	525.73
539.32	522.9
539.32	521.48
539.32	520.07
546.31	517.23
561.69	517.23
579.87	521.48
588.26	524.32
595.25	525.73
610.64	528.57
616.23	529.98
623.22	529.98
626.02	531.4
644.19	531.4
655.38	531.4
658.18	531.4
672.16	528.57
701.53	520.07
714.11	515.82
714.11	515.82
714.11	515.82
714.11	515.82
714.11	515.82
714.11	515.82
716.91	510.15
716.91	504.49
714.11	497.4
711.31	495.99
704.32	493.15
702.92	491.74
697.33	491.74
688.94	490.32
686.14	488.9
679.15	487.49
679.15	487.49
672.16	484.65
672.16	484.65
672.16	484.65
669.36	484.65
669.36	484.65
669.36	484.65
666.57	481.82
665.17	480.4
665.17	480.4
665.17	477.57
663.77	474.74
663.77	473.32
663.77	471.91
663.77	466.24
663.77	460.57
663.77	457.74
660.97	453.49
660.97	450.66
660.97	447.82
660.97	446.41
658.18	443.58
656.78	444.99
652.58	456.32
645.59	469.07
645.59	469.07
645.59	469.07
645.59	469.07
645.59	469.07
645.59	469.07
645.59	469.07
645.59	469.07
645.59	469.07
645.59	469.07
645.59	469.07
642.8	466.24
641.4	452.07
659.58	416.66
673.56	392.58
677.75	385.5
680.55	382.66
680.55	381.25
680.55	381.25
681.95	381.25
686.14	386.91
690.34	399.66
690.34	405.33
690.34	418.08
684.75	429.41
677.75	439.33
662.37	449.24
652.58	459.16
648.39	463.41
644.19	466.24
640	469.07
640	469.07
640	469.07
640	469.07
640	469.07
640	469.07
640	469.07
640	469.07
640	469.07
633.01	471.91
628.81	473.32
628.81	473.32
628.81	473.32
628.81	473.32
628.81	473.32
628.81	473.32
628.81	474.74
628.81	474.74
628.81	474.74
628.81	474.74
628.81	474.74
628.81	474.74
628.81	476.16
623.22	487.49
612.03	500.24
612.03	500.24
612.03	500.24
612.03	500.24
612.03	500.24
612.03	500.24
612.03	500.24
612.03	500.24
612.03	500.24
612.03	500.24
613.43	498.82
617.63	495.99
621.82	490.32
624.62	486.07
626.02	483.24
628.81	477.57
630.21	471.91
631.61	470.49
633.01	466.24
633.01	463.41
633.01	457.74
633.01	454.91
633.01	453.49
633.01	452.07
631.61	447.82
630.21	446.41
628.81	443.58
627.42	443.58
627.42	443.58
627.42	443.58
627.42	443.58
627.42	443.58
627.42	443.58
627.42	443.58
627.42	443.58
627.42	443.58
627.42	443.58
627.42	443.58
627.42	443.58
624.62	440.74
624.62	440.74
623.22	439.33
619.03	436.49
617.63	436.49
617.63	436.49
616.23	436.49
616.23	436.49
616.23	436.49
616.23	436.49
614.83	433.66
614.83	432.24
614.83	427.99
614.83	426.58
617.63	422.33
617.63	420.91
617.63	420.91
617.63	419.49
617.63	419.49
617.63	419.49
617.63	418.08
617.63	418.08
617.63	418.08
617.63	418.08
617.63	418.08
617.63	416.66
617.63	416.66
617.63	416.66
617.63	416.66
617.63	416.66
616.23	415.24
616.23	415.24
616.23	415.24
614.83	415.24
614.83	415.24
614.83	415.24
614.83	415.24
614.83	415.24
614.83	415.24
614.83	415.24
614.83	415.24
614.83	415.24
614.83	415.24
614.83	415.24
614.83	415.24
614.83	415.24
614.83	415.24
614.83	415.24
610.64	415.24
609.24	415.24
607.84	415.24
607.84	415.24
605.04	416.66
602.25	419.49
598.05	429.41
585.47	459.16
574.28	478.99
551.91	510.15
530.93	542.73
529.53	546.98
529.53	551.23
529.53	555.48
529.53	556.9
529.53	559.73
528.13	562.56
528.13	565.4
528.13	566.81
528.13	568.23
528.13	568.23
528.13	568.23
528.13	568.23
528.13	571.06
532.33	569.65
532.33	569.65
547.71	554.06
561.69	532.82
563.09	525.73
565.89	517.23
567.29	511.57
570.08	500.24
570.08	497.4
570.08	487.49
570.08	481.82
570.08	474.74
568.69	464.82
568.69	463.41
567.29	459.16
564.49	456.32
561.69	453.49
561.69	453.49
560.3	452.07
560.3	450.66
560.3	450.66
560.3	449.24
560.3	443.58
560.3	440.74
560.3	439.33
560.3	437.91
565.89	432.24
572.88	432.24
586.86	440.74
614.83	467.66
624.62	469.07
624.62	469.07
630.21	467.66
631.61	467.66
631.61	467.66
649.79	449.24
669.36	416.66
676.36	392.58
683.35	372.75
684.75	369.92
693.14	369.92
693.14	374.17
693.14	377
694.53	377
694.53	377
694.53	377
694.53	378.41
694.53	378.41
694.53	378.41
694.53	378.41
694.53	378.41
709.92	337.34
792.42	232.51
823.18	208.43
846.95	194.27
866.53	181.52
870.72	178.68
873.52	178.68
874.92	177.27
877.71	177.27
877.71	175.85
877.71	175.85
877.71	175.85
877.71	175.85
874.92	174.43
859.54	182.93
830.17	198.52
777.04	228.26
715.51	246.68
688.94	255.18
677.75	256.59
665.17	260.84
653.98	265.09
642.8	270.76
635.81	273.59
628.81	275.01
624.62	276.42
617.63	280.67
612.03	283.51
607.84	289.17
589.66	304.76
571.48	326
561.69	340.17
553.3	354.33
533.73	368.5
533.73	371.33
533.73	371.33
533.73	371.33
532.33	371.33
532.33	364.25
532.33	362.83
533.73	357.17
533.73	352.92
540.72	348.67
543.52	348.67
549.11	351.5
554.7	364.25
558.9	377
558.9	389.75
558.9	398.25
556.1	402.5
553.3	408.16
547.71	406.75
547.71	406.75
543.52	406.75
539.32	411
535.13	426.58
533.73	444.99
533.73	459.16
533.73	461.99
533.73	463.41
533.73	463.41
533.73	463.41
533.73	464.82
535.13	466.24
540.72	466.24
563.09	461.99
577.08	453.49
581.27	450.66
582.67	450.66
584.07	450.66
591.06	450.66
599.45	450.66
612.03	450.66
620.42	453.49
628.81	457.74
633.01	457.74
640	460.57
646.99	460.57
659.58	460.57
669.36	460.57
700.13	453.49
753.26	426.58
761.65	419.49
764.45	419.49
764.45	419.49
764.45	419.49
764.45	419.49
764.45	419.49
764.45	419.49
764.45	419.49
764.45	419.49
764.45	419.49
764.45	419.49
756.06	408.16
747.67	402.5
743.48	399.66
735.09	392.58
721.1	357.17
716.91	341.59
712.71	328.84
704.32	307.59
702.92	306.17
702.92	306.17
702.92	306.17
697.33	306.17
693.14	304.76
686.14	307.59
683.35	317.5
680.55	331.67
677.75	341.59
677.75	362.83
677.75	367.08
677.75	368.5
677.75	368.5
677.75	368.5
677.75	368.5
677.75	368.5
686.14	338.75
690.34	320.34
697.33	294.84
695.93	270.76
613.43	219.76
549.11	165.94
529.53	153.19
518.35	158.85
507.16	174.43
495.97	190.02
480.59	214.1
461.02	287.76
459.62	326
459.62	354.33
472.2	386.91
480.59	413.83
497.37	463.41
501.57	478.99
504.36	490.32
505.76	497.4
507.16	504.49
508.56	510.15
509.96	514.4
518.35	524.32
522.54	531.4
530.93	538.48
553.3	548.4
595.25	558.31
617.63	561.15
628.81	561.15
637.2	561.15
649.79	562.56
652.58	562.56
655.38	562.56
658.18	562.56
662.37	562.56
662.37	562.56
663.77	562.56
663.77	555.48
658.18	531.4
646.99	507.32
630.21	480.4
614.83	457.74
581.27	418.08
577.08	413.83
570.08	412.41
560.3	412.41
539.32	420.91
522.54	436.49
497.37	463.41
459.62	517.23
449.83	529.98
444.24	535.65
444.24	539.9
442.84	545.57
442.84	545.57
448.43	544.15
465.21	517.23
483.39	495.99
515.55	471.91
607.84	427.99
614.83	423.74
614.83	423.74
614.83	423.74
621.82	423.74
621.82	423.74
626.02	427.99
640	442.16
646.99	450.66
652.58	454.91
665.17	466.24
670.76	470.49
672.16	470.49
673.56	471.91
677.75	471.91
679.15	471.91
680.55	470.49
688.94	463.41
716.91	450.66
723.9	446.41
723.9	446.41
723.9	443.58
723.9	442.16
722.5	440.74
719.7	440.74
718.31	440.74
716.91	440.74
716.91	440.74
715.51	439.33
714.11	436.49
714.11	436.49
714.11	436.49
714.11	436.49
714.11	436.49
714.11	436.49
714.11	436.49
714.11	435.08
714.11	435.08
714.11	435.08
715.51	435.08
715.51	435.08
716.91	439.33
716.91	440.74
718.31	447.82
722.5	456.32
723.9	463.41
726.7	463.41
728.09	463.41
728.09	463.41
728.09	463.41
732.29	463.41
737.88	463.41
743.48	461.99
746.27	459.16
751.87	457.74
754.66	456.32
758.86	453.49
763.05	432.24
743.48	396.83
674.96	328.84
614.83	273.59
498.77	151.77
455.42	82.36
427.46	32.78
421.86	11.53
0	0
0	0
0	0
0	0
0	0
0	0
0	0
0	0
0	0
0	0
0	0
396.69	3.03
405.08	11.53
409.28	14.37
417.67	20.03
421.86	22.87
426.06	25.7
427.46	28.53
435.85	42.7
440.04	51.2
441.44	54.03
441.44	58.28
444.24	61.11
449.83	80.94
451.23	88.03
451.23	89.44
451.23	96.53
451.23	110.69
451.23	114.94
451.23	119.19
451.23	127.69
451.23	136.19
451.23	137.61
451.23	137.61
451.23	140.44
451.23	141.85
449.83	141.85
448.43	141.85
448.43	141.85
444.24	144.69
444.24	144.69
442.84	146.1
438.64	150.35
435.85	154.6
435.85	154.6
435.85	154.6
435.85	154.6
435.85	156.02
437.24	154.6
437.24	153.19
438.64	151.77
440.04	151.77
447.03	153.19
455.42	158.85
459.62	163.1
491.78	168.77
543.52	171.6
585.47	175.85
609.24	184.35
613.43	185.77
613.43	185.77
619.03	188.6
624.62	194.27
628.81	199.93
630.21	202.77
633.01	209.85
638.6	235.35
642.8	248.09
642.8	255.18
644.19	267.93
646.99	283.51
649.79	289.17
655.38	293.42
656.78	294.84
662.37	294.84
667.97	297.67
669.36	300.51
672.16	301.92
674.96	304.76
676.36	306.17
676.36	307.59
676.36	311.84
676.36	313.25
676.36	314.67
676.36	316.09
676.36	318.92
676.36	321.75
676.36	324.59
676.36	326
676.36	362.83
676.36	384.08
679.15	399.66
687.54	418.08
684.75	439.33
684.75	452.07
684.75	459.16
684.75	467.66
690.34	494.57
698.73	505.9
705.72	515.82
712.71	525.73
726.7	537.07
736.48	544.15
743.48	552.65
749.07	556.9
753.26	558.31
785.43	569.65
805	576.73
814.79	576.73
818.98	579.56
831.57	583.81
834.37	583.81
835.76	583.81
838.56	583.81
838.56	583.81
838.56	583.81
838.56	583.81
835.76	573.9
832.97	568.23
831.57	563.98
828.77	561.15
825.98	556.9
824.58	554.06
823.18	554.06
821.78	554.06
821.78	554.06
821.78	554.06
821.78	554.06
821.78	554.06
821.78	554.06
821.78	554.06
823.18	554.06
823.18	554.06
824.58	555.48
824.58	555.48
827.37	555.48
832.97	551.23
834.37	546.98
835.76	544.15
835.76	542.73
835.76	541.32
835.76	541.32
835.76	539.9
834.37	535.65
831.57	531.4
828.77	527.15
824.58	520.07
821.78	518.65
817.59	512.99
814.79	508.74
814.79	507.32
813.39	504.49
806.4	498.82
795.21	487.49
795.21	480.4
802.2	469.07
795.21	416.66
792.42	399.66
792.42	396.83
792.42	396.83
793.81	396.83
796.61	398.25
796.61	398.25
798.01	401.08
798.01	401.08
798.01	401.08
798.01	401.08
798.01	401.08
798.01	398.25
796.61	395.41
796.61	394
796.61	391.16
796.61	389.75
796.61	386.91
796.61	386.91
796.61	386.91
796.61	386.91
796.61	386.91
796.61	386.91
796.61	386.91
763.05	386.91
740.68	384.08
730.89	382.66
728.09	382.66
726.7	382.66
726.7	382.66
726.7	382.66
725.3	381.25
725.3	381.25
725.3	379.83
723.9	377
723.9	377
722.5	367.08
719.7	362.83
719.7	358.58
715.51	355.75
712.71	352.92
712.71	352.92
712.71	352.92
712.71	352.92
712.71	352.92
709.92	351.5
709.92	351.5
708.52	348.67
707.12	344.42
711.31	327.42
730.89	290.59
739.28	259.43
742.08	250.93
742.08	250.93
744.87	245.26
744.87	245.26
744.87	245.26
744.87	245.26
744.87	243.84
744.87	243.84
737.88	248.09
728.09	259.43
725.3	262.26
725.3	266.51
725.3	266.51
725.3	266.51
725.3	266.51
725.3	266.51
723.9	266.51
723.9	266.51
723.9	266.51
722.5	259.43
715.51	239.6
684.75	216.93
667.97	204.18
655.38	184.35
653.98	181.52
652.58	180.1
648.39	177.27
648.39	177.27
648.39	177.27
648.39	177.27
648.39	177.27
648.39	177.27
648.39	177.27
648.39	177.27
648.39	177.27
648.39	177.27
648.39	178.68
652.58	184.35
656.78	194.27
666.57	201.35
673.56	202.77
683.35	205.6
688.94	205.6
697.33	209.85
700.13	212.68
704.32	221.18
708.52	233.93
716.91	266.51
730.89	331.67
732.29	364.25
733.69	403.91
737.88	449.24
737.88	470.49
737.88	481.82
737.88	490.32
750.47	505.9
756.06	517.23
764.45	525.73
768.65	531.4
768.65	531.4
768.65	531.4
768.65	531.4
768.65	531.4
763.05	534.23
758.86	535.65
739.28	541.32
735.09	544.15
730.89	545.57
726.7	546.98
697.33	556.9
679.15	559.73
662.37	565.4
652.58	569.65
631.61	575.31
631.61	575.31
626.02	576.73
626.02	576.73
626.02	576.73
626.02	576.73
626.02	576.73
626.02	576.73
626.02	576.73
626.02	576.73
626.02	578.15
626.02	579.56
626.02	579.56
626.02	579.56
610.64	593.73
591.06	597.98
557.5	603.64
542.12	606.48
532.33	606.48
532.33	606.48
532.33	606.48
530.93	606.48
530.93	606.48
530.93	606.48
530.93	606.48
532.33	606.48
532.33	603.64
532.33	603.64
530.93	593.73
528.13	589.48
522.54	583.81
518.35	575.31
500.17	559.73
475	538.48
441.44	512.99
434.45	494.57
434.45	490.32
434.45	484.65
434.45	484.65
434.45	484.65
434.45	484.65
434.45	484.65
434.45	484.65
434.45	484.65
434.45	484.65
434.45	488.9
434.45	497.4
437.24	503.07
442.84	507.32
451.23	512.99
461.02	521.48
469.41	510.15
469.41	508.74
466.61	504.49
466.61	504.49
466.61	500.24
466.61	495.99
466.61	488.9
466.61	486.07
466.61	467.66
498.77	437.91
529.53	416.66
631.61	345.83
688.94	310.42
709.92	301.92
757.46	303.34
764.45	307.59
767.25	309
744.87	297.67
739.28	294.84
735.09	292.01
732.29	292.01
719.7	296.26
709.92	310.42
700.13	324.59
691.74	352.92
687.54	368.5
687.54	385.5
687.54	398.25
690.34	413.83
693.14	420.91
694.53	426.58
694.53	435.08
694.53	444.99
694.53	460.57
694.53	461.99
694.53	464.82
694.53	469.07
694.53	476.16
694.53	476.16
694.53	477.57
694.53	483.24
694.53	484.65
693.14	487.49
693.14	488.9
693.14	491.74
691.74	494.57
691.74	494.57
691.74	495.99
690.34	501.65
690.34	504.49
688.94	507.32
688.94	508.74
687.54	510.15
686.14	511.57
681.95	512.99
680.55	512.99
641.4	605.06
0	0
0	0
0	0
0	0
0	0
0	0
0	0
0	0
0	0
0	0
0	0
0	0
0	0
0	0
730.89	704.22
723.9	670.22
718.31	639.06
709.92	610.73
709.92	606.48
708.52	603.64
705.72	600.81
704.32	600.81
700.13	600.81
698.73	600.81
695.93	600.81
694.53	600.81
694.53	600.81
694.53	600.81
694.53	600.81
694.53	600.81
694.53	600.81
694.53	600.81
694.53	600.81
694.53	600.81
694.53	600.81
686.14	602.23
681.95	602.23
681.95	602.23
681.95	602.23
681.95	602.23
681.95	602.23
648.39	620.64
472.2	668.8
447.03	671.64
447.03	671.64
447.03	671.64
444.24	671.64
445.63	663.14
451.23	657.47
456.82	653.22
462.41	648.97
472.2	641.89
472.2	641.89
473.6	641.89
463.81	660.3
445.63	694.3
438.64	705.63
433.05	716.97
431.65	719.8
431.65	719.8
431.65	719.8
430.25	719.8
433.05	716.97
440.04	707.05
447.03	697.13
451.23	691.47
451.23	691.47
451.23	690.05
451.23	690.05
452.63	688.63
452.63	688.63
452.63	688.63
452.63	688.63
454.02	687.22
454.02	687.22
454.02	687.22
455.42	684.38
455.42	684.38
455.42	684.38
455.42	684.38
455.42	684.38
455.42	684.38
455.42	684.38
455.42	684.38
455.42	684.38
455.42	684.38
455.42	684.38
463.81	667.39
463.81	664.55
465.21	663.14
465.21	661.72
463.81	661.72
461.02	661.72
458.22	661.72
458.22	661.72
458.22	661.72
458.22	661.72
458.22	661.72
458.22	661.72
458.22	661.72
458.22	661.72
458.22	661.72
458.22	661.72
451.23	665.97
448.43	671.64
448.43	671.64
448.43	671.64
448.43	671.64
448.43	673.05
448.43	673.05
448.43	673.05
448.43	673.05
448.43	673.05
448.43	673.05
448.43	673.05
447.03	671.64
445.63	671.64
445.63	671.64
445.63	671.64
445.63	671.64
445.63	671.64
445.63	671.64
445.63	671.64
445.63	671.64
445.63	671.64
445.63	671.64
445.63	671.64
445.63	671.64
445.63	671.64
445.63	671.64
445.63	671.64
445.63	671.64
445.63	671.64
445.63	671.64
445.63	671.64
445.63	671.64
445.63	671.64
445.63	671.64
445.63	671.64
445.63	671.64
445.63	671.64
445.63	671.64
445.63	671.64
445.63	671.64
445.63	671.64
445.63	671.64
426.06	690.05
414.87	699.97
412.07	704.22
410.68	707.05
419.07	709.88
423.26	702.8
430.25	694.3
435.85	685.8
451.23	667.39
455.42	663.14
458.22	660.3
459.62	657.47
459.62	657.47
459.62	657.47
459.62	657.47
459.62	658.89
458.22	658.89
456.82	658.89
454.02	653.22
449.83	640.47
445.63	634.81
445.63	627.72
444.24	623.47
442.84	617.81
442.84	617.81
442.84	617.81
442.84	617.81
441.44	617.81
440.04	623.47
438.64	630.56
438.64	641.89
438.64	643.31
438.64	644.72
438.64	644.72
438.64	644.72
452.63	614.98
452.63	614.98
532.33	484.65
540.72	457.74
547.71	437.91
563.09	408.16
571.48	391.16
595.25	343
634.41	266.51
779.83	44.11
0	0
0	0
0	0
0	0
0	0
0	0
803.6	7.28
767.25	54.03
732.29	102.19
709.92	133.36
688.94	167.35
687.54	171.6
683.35	177.27
676.36	188.6
667.97	207.01
667.97	214.1
663.77	224.01
663.77	228.26
662.37	231.1
662.37	231.1
660.97	233.93
660.97	233.93
660.97	233.93
660.97	233.93
660.97	233.93
660.97	233.93
660.97	233.93
659.58	235.35
658.18	235.35
658.18	235.35
658.18	235.35
658.18	235.35
658.18	235.35
658.18	235.35
648.39	260.84
638.6	296.26
633.01	334.5
624.62	369.92
619.03	395.41
619.03	395.41
619.03	395.41
619.03	395.41
619.03	395.41
619.03	395.41
619.03	395.41
619.03	395.41
619.03	395.41
619.03	392.58
620.42	385.5
624.62	377
627.42	372.75
627.42	372.75
627.42	372.75
627.42	372.75
627.42	388.33
633.01	405.33
637.2	415.24
644.19	426.58
645.59	432.24
645.59	436.49
648.39	442.16
648.39	446.41
652.58	454.91
653.98	457.74
655.38	460.57
656.78	461.99
658.18	463.41
660.97	464.82
665.17	469.07
665.17	469.07
670.76	473.32
674.96	474.74
674.96	476.16
677.75	478.99
677.75	478.99
683.35	481.82
684.75	487.49
687.54	494.57
687.54	494.57
691.74	500.24
693.14	501.65
693.14	501.65
693.14	503.07
693.14	507.32
694.53	508.74
694.53	508.74
697.33	515.82
700.13	517.23
700.13	517.23
700.13	517.23
700.13	520.07
700.13	520.07
700.13	520.07
700.13	520.07
700.13	520.07
700.13	520.07
700.13	520.07
700.13	520.07
700.13	520.07
700.13	520.07
700.13	520.07
700.13	520.07
700.13	520.07
700.13	520.07
700.13	520.07
700.13	520.07
700.13	520.07
700.13	520.07
700.13	520.07
700.13	520.07
701.53	520.07
701.53	520.07
701.53	520.07
701.53	520.07
701.53	518.65
701.53	518.65
701.53	517.23
701.53	517.23
701.53	517.23
701.53	517.23
701.53	517.23
701.53	517.23
701.53	517.23
701.53	517.23
701.53	517.23
701.53	517.23
705.72	510.15
705.72	507.32
708.52	505.9
709.92	503.07
709.92	503.07
709.92	503.07
709.92	503.07
709.92	503.07
709.92	503.07
709.92	503.07
709.92	503.07
709.92	503.07
709.92	503.07
709.92	503.07
709.92	503.07
709.92	503.07
709.92	503.07
709.92	503.07
709.92	503.07
709.92	503.07
709.92	503.07
709.92	503.07
709.92	503.07
709.92	503.07
709.92	503.07
709.92	503.07
709.92	503.07
709.92	503.07
709.92	503.07
709.92	503.07
709.92	503.07
709.92	503.07
709.92	503.07
709.92	503.07
709.92	503.07
711.31	500.24
711.31	498.82
712.71	497.4
714.11	497.4
714.11	497.4
714.11	497.4
714.11	497.4
716.91	491.74
719.7	484.65
721.1	480.4
725.3	467.66
728.09	449.24
728.09	432.24
728.09	416.66
726.7	394
723.9	385.5
719.7	371.33
715.51	364.25
698.73	341.59
684.75	333.09
674.96	326
669.36	320.34
662.37	314.67
662.37	314.67
658.18	311.84
655.38	311.84
655.38	311.84
655.38	311.84
655.38	311.84
655.38	311.84
655.38	311.84
653.98	310.42
653.98	306.17
655.38	301.92
656.78	296.26
656.78	293.42
660.97	280.67
662.37	277.84
662.37	273.59
663.77	272.18
663.77	267.93
663.77	267.93
663.77	267.93
663.77	260.84
663.77	258.01
663.77	253.76
663.77	252.34
662.37	242.43
662.37	239.6
662.37	226.85
698.73	158.85
0	0
0	0
0	0
0	0
0	0
0	0
0	0
0	0
0	0
863.73	11.53
858.14	35.62
844.15	78.11
837.16	88.03
832.97	95.11
824.58	106.44
809.2	127.69
777.04	160.27
763.05	170.19
756.06	173.02
749.07	178.68
733.69	188.6
729.49	188.6
723.9	190.02
719.7	191.43
708.52	185.77
701.53	177.27
690.34	148.94
698.73	79.53
708.52	45.53
711.31	29.95
714.11	21.45
714.11	20.03
714.11	20.03
714.11	20.03
714.11	20.03
714.11	20.03
714.11	20.03
714.11	20.03
714.11	15.78
0	0
0	0
0	0
0	0
0	0
0	0
0	0
0	0
0	0
0	0
0	0
0	0
0	0
0	0
722.5	14.37
722.5	24.28
722.5	35.62
722.5	39.86
722.5	39.86
722.5	41.28
722.5	42.7
722.5	45.53
725.3	54.03
726.7	59.7
729.49	63.95
730.89	79.53
730.89	88.03
733.69	95.11
735.09	100.78
735.09	106.44
735.09	116.36
735.09	120.61
733.69	127.69
725.3	141.85
718.31	151.77
714.11	158.85
714.11	158.85
714.11	160.27
711.31	164.52
704.32	174.43
701.53	178.68
698.73	182.93
697.33	184.35
690.34	205.6
673.56	229.68
659.58	253.76
656.78	258.01
656.78	258.01
656.78	258.01
656.78	258.01
656.78	259.43
665.17	259.43
674.96	259.43
681.95	259.43
694.53	262.26
704.32	266.51
704.32	266.51
705.72	267.93
705.72	267.93
709.92	272.18
709.92	272.18
709.92	272.18
709.92	272.18
709.92	272.18
709.92	272.18
709.92	275.01
709.92	275.01
709.92	276.42
709.92	279.26
711.31	293.42
714.11	304.76
722.5	323.17
733.69	341.59
771.44	381.25
777.04	385.5
778.43	388.33
779.83	389.75
781.23	392.58
781.23	394
781.23	394
781.23	396.83
779.83	399.66
778.43	402.5
777.04	403.91
774.24	408.16
770.04	416.66
767.25	422.33
767.25	429.41
765.85	437.91
765.85	440.74
765.85	443.58
767.25	449.24
772.84	457.74
777.04	463.41
777.04	464.82
779.83	467.66
779.83	469.07
781.23	471.91
781.23	474.74
781.23	474.74
781.23	480.4
781.23	487.49
781.23	491.74
781.23	491.74
778.43	498.82
775.64	501.65
772.84	504.49
767.25	511.57
760.26	515.82
757.46	518.65
757.46	518.65
754.66	520.07
754.66	521.48
749.07	522.9
744.87	522.9
742.08	520.07
742.08	520.07
742.08	520.07
742.08	520.07
742.08	522.9
742.08	532.82
742.08	534.23
742.08	534.23
743.48	535.65
743.48	538.48
743.48	538.48
743.48	538.48
743.48	538.48
743.48	538.48
743.48	538.48
743.48	538.48
743.48	538.48
743.48	538.48
743.48	541.32
740.68	551.23
740.68	546.98
740.68	546.98
740.68	546.98
737.88	541.32
737.88	541.32
737.88	541.32
737.88	541.32
736.48	539.9
732.29	537.07
732.29	535.65
728.09	532.82
726.7	532.82
725.3	532.82
723.9	532.82
719.7	532.82
715.51	532.82
712.71	532.82
705.72	532.82
670.76	539.9
667.97	542.73
666.57	542.73
666.57	542.73
666.57	542.73
666.57	542.73
666.57	542.73
666.57	542.73
666.57	542.73
666.57	542.73
666.57	542.73
666.57	542.73
666.57	542.73
666.57	542.73
666.57	542.73
666.57	542.73
666.57	542.73
666.57	542.73
666.57	542.73
666.57	542.73
666.57	542.73
666.57	542.73
666.57	542.73
666.57	542.73
666.57	542.73
666.57	542.73
666.57	542.73
666.57	542.73
666.57	542.73
666.57	542.73
666.57	542.73
666.57	542.73
666.57	542.73
666.57	542.73
666.57	542.73
666.57	542.73
666.57	542.73
666.57	542.73
666.57	542.73
666.57	542.73
666.57	542.73
666.57	542.73
666.57	542.73
666.57	542.73
665.17	541.32
665.17	541.32
663.77	538.48
655.38	538.48
651.19	537.07
645.59	532.82
644.19	532.82
642.8	532.82
641.4	532.82
640	532.82
637.2	532.82
637.2	532.82
637.2	532.82
637.2	532.82
637.2	532.82
637.2	532.82
637.2	532.82
637.2	534.23
637.2	534.23
637.2	534.23
637.2	534.23
644.19	534.23
655.38	534.23
665.17	534.23
697.33	551.23
718.31	568.23
728.09	573.9
732.29	578.15
732.29	578.15
732.29	578.15
732.29	578.15
732.29	578.15
732.29	578.15
732.29	578.15
732.29	578.15
732.29	578.15
732.29	578.15
732.29	578.15
732.29	578.15
735.09	580.98
737.88	580.98
743.48	583.81
744.87	583.81
744.87	583.81
744.87	583.81
744.87	583.81
744.87	583.81
744.87	583.81
744.87	586.64
744.87	586.64
744.87	586.64
746.27	586.64
746.27	586.64
746.27	586.64
746.27	586.64
746.27	586.64
744.87	586.64
744.87	585.23
743.48	583.81
740.68	585.23
739.28	586.64
739.28	586.64
739.28	586.64
739.28	586.64
737.88	586.64
736.48	586.64
735.09	586.64
735.09	586.64
735.09	586.64
733.69	583.81
733.69	583.81
732.29	583.81
729.49	583.81
707.12	582.39
653.98	576.73
610.64	556.9
603.64	551.23
600.85	546.98
600.85	546.98
600.85	546.98
600.85	546.98
600.85	546.98
600.85	546.98
600.85	546.98
600.85	546.98
600.85	546.98
600.85	546.98
600.85	546.98
600.85	546.98
600.85	548.4
600.85	551.23
599.45	555.48
593.86	561.15
593.86	561.15
593.86	561.15
593.86	561.15
593.86	561.15
591.06	561.15
585.47	565.4
585.47	565.4
585.47	566.81
584.07	568.23
584.07	568.23
581.27	572.48
578.47	576.73
575.68	580.98
575.68	582.39
572.88	586.64
572.88	586.64
572.88	586.64
572.88	586.64
572.88	586.64
572.88	586.64
572.88	586.64
581.27	586.64
589.66	585.23
595.25	582.39
606.44	569.65
610.64	566.81
612.03	565.4
614.83	562.56
626.02	555.48
631.61	552.65
631.61	552.65
633.01	551.23
633.01	551.23
633.01	551.23
633.01	551.23
634.41	551.23
634.41	552.65
631.61	556.9
631.61	556.9
630.21	558.31
630.21	558.31
630.21	558.31
630.21	558.31
630.21	558.31
630.21	558.31
630.21	558.31
630.21	558.31
630.21	558.31
630.21	558.31
633.01	558.31
641.4	559.73
642.8	561.15
642.8	561.15
642.8	561.15
644.19	561.15
644.19	561.15
644.19	561.15
644.19	561.15
644.19	561.15
644.19	561.15
644.19	561.15
644.19	561.15
644.19	561.15
644.19	561.15
644.19	561.15
644.19	561.15
646.99	559.73
646.99	559.73
646.99	559.73
646.99	559.73
646.99	559.73
646.99	559.73
646.99	559.73
646.99	559.73
646.99	559.73
646.99	559.73
646.99	559.73
646.99	559.73
646.99	558.31
645.59	546.98
642.8	544.15
641.4	542.73
641.4	542.73
633.01	537.07
627.42	531.4
613.43	508.74
600.85	483.24
588.26	470.49
588.26	470.49
586.86	470.49
584.07	470.49
579.87	469.07
577.08	467.66
577.08	466.24
574.28	464.82
550.51	432.24
523.94	395.41
512.75	378.41
512.75	378.41
512.75	378.41
514.15	378.41
522.54	378.41
532.33	378.41
537.92	377
542.12	368.5
554.7	352.92
568.69	330.25
578.47	313.25
592.46	276.42
598.05	246.68
600.85	209.85
606.44	181.52
607.84	171.6
610.64	157.44
610.64	153.19
610.64	141.85
610.64	137.61
607.84	129.11
596.65	68.2
591.06	52.61
591.06	49.78
588.26	46.95
588.26	46.95
588.26	46.95
588.26	46.95
588.26	46.95
588.26	46.95
588.26	46.95
588.26	46.95
588.26	46.95
588.26	46.95
588.26	46.95
588.26	54.03
588.26	55.45
589.66	61.11
596.65	66.78
605.04	71.03
641.4	83.78
653.98	85.19
660.97	85.19
667.97	85.19
676.36	88.03
679.15	93.69
681.95	97.94
683.35	99.36
684.75	105.02
686.14	106.44
686.14	106.44
687.54	107.86
688.94	109.27
693.14	112.11
719.7	113.52
742.08	116.36
746.27	117.77
756.06	130.52
767.25	154.6
771.44	168.77
772.84	177.27
774.24	185.77
779.83	207.01
779.83	221.18
779.83	229.68
781.23	243.84
781.23	263.68
781.23	272.18
781.23	279.26
781.23	282.09
779.83	287.76
778.43	289.17
775.64	294.84
771.44	294.84
760.26	301.92
749.07	310.42
737.88	320.34
715.51	335.92
702.92	344.42
694.53	352.92
688.94	360
681.95	365.67
680.55	367.08
676.36	375.58
674.96	377
672.16	381.25
672.16	386.91
672.16	389.75
672.16	396.83
672.16	398.25
687.54	396.83
705.72	394
744.87	391.16
754.66	391.16
765.85	395.41
772.84	401.08
774.24	403.91
777.04	408.16
777.04	413.83
777.04	418.08
749.07	437.91
729.49	452.07
714.11	467.66
698.73	487.49
690.34	497.4
690.34	497.4
688.94	497.4
686.14	501.65
683.35	510.15
683.35	514.4
683.35	515.82
683.35	518.65
683.35	524.32
683.35	525.73
683.35	525.73
683.35	528.57
683.35	529.98
683.35	535.65
680.55	541.32
673.56	545.57
662.37	552.65
659.58	554.06
656.78	554.06
656.78	554.06
655.38	554.06
655.38	554.06
655.38	554.06
655.38	554.06
655.38	554.06
655.38	554.06
655.38	554.06
655.38	554.06
655.38	551.23
651.19	544.15
640	534.23
637.2	532.82
633.01	527.15
620.42	518.65
614.83	512.99
612.03	510.15
598.05	456.32
593.86	430.83
593.86	425.16
593.86	420.91
593.86	418.08
593.86	416.66
593.86	416.66
593.86	416.66
593.86	416.66
593.86	416.66
593.86	416.66
593.86	416.66
593.86	416.66
593.86	416.66
589.66	415.24
567.29	416.66
544.91	423.74
536.52	430.83
532.33	454.91
543.52	474.74
560.3	493.15
579.87	508.74
612.03	521.48
628.81	527.15
645.59	534.23
658.18	537.07
665.17	539.9
669.36	539.9
673.56	542.73
679.15	544.15
697.33	548.4
744.87	559.73
750.47	561.15
751.87	561.15
751.87	561.15
758.86	563.98
775.64	566.81
781.23	566.81
786.82	569.65
788.22	569.65
789.62	569.65
789.62	569.65
789.62	569.65
789.62	569.65
789.62	569.65
789.62	569.65
789.62	569.65
789.62	569.65
789.62	569.65
789.62	569.65
789.62	569.65
789.62	569.65
789.62	569.65
789.62	569.65
789.62	569.65
789.62	569.65
789.62	569.65
789.62	569.65
789.62	569.65
789.62	569.65
789.62	569.65
789.62	569.65
789.62	569.65
791.02	573.9
793.81	583.81
793.81	583.81
795.21	605.06
795.21	619.22
799.41	627.72
799.41	629.14
799.41	629.14
799.41	629.14
799.41	629.14
799.41	629.14
799.41	629.14
799.41	630.56
793.81	634.81
781.23	639.06
778.43	640.47
770.04	640.47
764.45	639.06
761.65	637.64
758.86	636.22
750.47	631.97
743.48	624.89
739.28	622.06
726.7	609.31
722.5	606.48
722.5	605.06
722.5	602.23
722.5	588.06
723.9	579.56
728.09	575.31
728.09	569.65
729.49	563.98
730.89	556.9
730.89	556.9
730.89	555.48
730.89	552.65
730.89	552.65
728.09	551.23
725.3	548.4
718.31	544.15
712.71	539.9
709.92	538.48
701.53	532.82
697.33	528.57
694.53	527.15
693.14	524.32
690.34	522.9
687.54	522.9
680.55	518.65
667.97	522.9
660.97	527.15
644.19	531.4
635.81	531.4
623.22	531.4
598.05	534.23
586.86	534.23
584.07	534.23
570.08	534.23
560.3	534.23
546.31	529.98
544.91	528.57
544.91	527.15
542.12	524.32
542.12	522.9
542.12	520.07
542.12	520.07
542.12	518.65
542.12	515.82
542.12	515.82
542.12	514.4
542.12	505.9
542.12	501.65
540.72	500.24
540.72	498.82
540.72	498.82
540.72	498.82
540.72	498.82
540.72	497.4
540.72	494.57
540.72	494.57
540.72	494.57
544.91	483.24
550.51	474.74
558.9	466.24
565.89	457.74
568.69	450.66
570.08	446.41
571.48	440.74
574.28	430.83
575.68	423.74
575.68	423.74
575.68	423.74
574.28	416.66
574.28	416.66
570.08	408.16
558.9	388.33
551.91	365.67
540.72	335.92
529.53	299.09
528.13	267.93
526.74	260.84
526.74	259.43
525.34	256.59
525.34	256.59
525.34	256.59
525.34	256.59
525.34	256.59
525.34	256.59
525.34	256.59
525.34	256.59
525.34	256.59
546.31	249.51
591.06	233.93
598.05	229.68
599.45	228.26
600.85	226.85
600.85	226.85
600.85	226.85
600.85	226.85
626.02	222.6
648.39	224.01
649.79	225.43
649.79	225.43
651.19	226.85
651.19	231.1
651.19	231.1
651.19	232.51
652.58	231.1
659.58	219.76
660.97	212.68
690.34	173.02
719.7	144.69
719.7	144.69
719.7	144.69
719.7	144.69
719.7	144.69
719.7	144.69
721.1	147.52
721.1	157.44
722.5	175.85
736.48	222.6
742.08	246.68
742.08	253.76
750.47	256.59
751.87	253.76
756.06	246.68
757.46	243.84
758.86	241.01
758.86	241.01
758.86	241.01
758.86	241.01
760.26	243.84
770.04	262.26
772.84	266.51
774.24	273.59
774.24	276.42
774.24	276.42
774.24	276.42
774.24	276.42
777.04	270.76
778.43	263.68
779.83	255.18
779.83	249.51
782.63	239.6
782.63	236.76
782.63	236.76
782.63	241.01
782.63	242.43
782.63	243.84
782.63	243.84
782.63	245.26
781.23	249.51
771.44	263.68
767.25	267.93
767.25	269.34
765.85	272.18
764.45	273.59
764.45	273.59
764.45	273.59
761.65	273.59
761.65	265.09
767.25	256.59
774.24	248.09
777.04	245.26
784.03	233.93
784.03	233.93
784.03	233.93
784.03	233.93
784.03	233.93
775.64	233.93
767.25	231.1
764.45	228.26
761.65	225.43
758.86	224.01
753.26	221.18
750.47	218.35
744.87	215.51
740.68	214.1
735.09	212.68
709.92	207.01
702.92	205.6
697.33	205.6
695.93	205.6
688.94	205.6
688.94	205.6
688.94	205.6
686.14	205.6
686.14	205.6
686.14	205.6
679.15	197.1
676.36	194.27
672.16	188.6
670.76	185.77
665.17	174.43
663.77	165.94
660.97	154.6
659.58	146.1
656.78	141.85
655.38	140.44
655.38	139.02
653.98	139.02
652.58	139.02
648.39	137.61
646.99	136.19
642.8	119.19
651.19	95.11
673.56	61.11
688.94	35.62
702.92	14.37
705.72	10.12
705.72	8.7
707.12	5.87
707.12	5.87
708.52	4.45
719.7	4.45
732.29	4.45
744.87	12.95
760.26	25.7
763.05	31.37
768.65	37.03
768.65	41.28
770.04	44.11
774.24	52.61
781.23	68.2
782.63	73.86
784.03	79.53
791.02	90.86
793.81	92.28
793.81	92.28
793.81	92.28
793.81	92.28
793.81	92.28
793.81	92.28
793.81	92.28
793.81	92.28
793.81	92.28
793.81	92.28
793.81	92.28
796.61	95.11
810.59	103.61
814.79	106.44
823.18	112.11
823.18	112.11
823.18	112.11
823.18	112.11
823.18	112.11
823.18	112.11
823.18	112.11
823.18	112.11
823.18	112.11
823.18	112.11
823.18	112.11
823.18	112.11
823.18	112.11
823.18	112.11
823.18	116.36
823.18	120.61
820.38	127.69
820.38	129.11
818.98	131.94
816.19	137.61
816.19	137.61
816.19	137.61
813.39	141.85
811.99	144.69
809.2	150.35
809.2	150.35
807.8	153.19
806.4	154.6
803.6	158.85
802.2	160.27
800.81	161.69
796.61	164.52
791.02	170.19
788.22	171.6
777.04	180.1
768.65	185.77
750.47	198.52
744.87	202.77
733.69	207.01
733.69	207.01
733.69	207.01
733.69	207.01
733.69	207.01
730.89	208.43
729.49	209.85
728.09	211.26
728.09	211.26
728.09	211.26
728.09	211.26
721.1	214.1
662.37	225.43
651.19	225.43
651.19	225.43
651.19	225.43
651.19	225.43
651.19	225.43
648.39	224.01
646.99	222.6
642.8	218.35
640	216.93
640	215.51
634.41	209.85
609.24	207.01
574.28	207.01
535.13	202.77
497.37	199.93
497.37	199.93
497.37	199.93
497.37	199.93
497.37	199.93
497.37	199.93
497.37	199.93
490.38	202.77
480.59	214.1
463.81	233.93
441.44	266.51
428.85	286.34
416.27	304.76
410.68	321.75
391.1	361.42
389.7	372.75
386.9	385.5
386.9	386.91
406.48	402.5
424.66	408.16
451.23	416.66
470.8	420.91
507.16	427.99
558.9	435.08
591.06	435.08
631.61	444.99
659.58	452.07
676.36	454.91
681.95	457.74
687.54	461.99
697.33	469.07
712.71	501.65
721.1	524.32
730.89	561.15
732.29	580.98
726.7	599.39
718.31	622.06
716.91	629.14
716.91	637.64
716.91	647.56
721.1	658.89
723.9	663.14
728.09	668.8
729.49	671.64
735.09	678.72
737.88	682.97
742.08	685.8
749.07	691.47
770.04	692.88
771.44	692.88
782.63	692.88
803.6	692.88
814.79	687.22
816.19	681.55
823.18	670.22
828.77	660.3
827.37	640.47
823.18	626.31
816.19	600.81
805	586.64
788.22	558.31
774.24	539.9
765.85	528.57
754.66	518.65
723.9	497.4
716.91	493.15
714.11	490.32
711.31	488.9
711.31	488.9
707.12	484.65
705.72	483.24
704.32	480.4
704.32	476.16
704.32	474.74
707.12	466.24
725.3	453.49
742.08	449.24
754.66	443.58
760.26	443.58
789.62	454.91
796.61	459.16
813.39	474.74
828.77	497.4
844.15	541.32
844.15	552.65
844.15	561.15
849.75	572.48
851.15	582.39
852.54	588.06
853.94	592.31
855.34	592.31
855.34	592.31
855.34	592.31
855.34	592.31
855.34	592.31
855.34	592.31
855.34	586.64
855.34	583.81
855.34	569.65
852.54	542.73
852.54	532.82
852.54	527.15
852.54	521.48
851.15	518.65
851.15	514.4
849.75	512.99
849.75	512.99
846.95	511.57
846.95	510.15
846.95	510.15
846.95	510.15
846.95	510.15
846.95	510.15
846.95	510.15
846.95	510.15
846.95	507.32
846.95	507.32
853.94	501.65
855.34	498.82
859.54	494.57
860.93	493.15
863.73	486.07
865.13	481.82
865.13	480.4
865.13	478.99
865.13	476.16
865.13	476.16
865.13	476.16
865.13	476.16
865.13	476.16
865.13	476.16
865.13	476.16
865.13	476.16
865.13	476.16
865.13	476.16
865.13	476.16
863.73	474.74
856.74	474.74
855.34	474.74
855.34	474.74
855.34	474.74
855.34	474.74
852.54	473.32
849.75	471.91
849.75	471.91
849.75	471.91
849.75	471.91
848.35	469.07
848.35	469.07
848.35	469.07
848.35	469.07
846.95	470.49
842.76	478.99
839.96	531.4
839.96	558.31
838.56	583.81
838.56	593.73
838.56	596.56
842.76	595.14
855.34	583.81
855.34	583.81
902.88	510.15
908.48	501.65
908.48	500.24
909.88	498.82
909.88	498.82
909.88	498.82
909.88	498.82
909.88	501.65
908.48	507.32
902.88	512.99
902.88	514.4
901.49	515.82
901.49	515.82
888.9	512.99
884.71	510.15
876.32	501.65
869.32	497.4
858.14	488.9
852.54	484.65
849.75	483.24
848.35	480.4
846.95	480.4
842.76	474.74
842.76	474.74
842.76	474.74
842.76	474.74
842.76	474.74
842.76	474.74
842.76	474.74
844.15	477.57
848.35	483.24
851.15	487.49
859.54	498.82
867.93	507.32
872.12	511.57
873.52	514.4
876.32	521.48
879.11	524.32
881.91	527.15
883.31	529.98
884.71	531.4
884.71	531.4
884.71	531.4
884.71	531.4
884.71	534.23
884.71	534.23
884.71	534.23
884.71	534.23
874.92	539.9
865.13	538.48
852.54	538.48
838.56	537.07
834.37	535.65
830.17	532.82
828.77	531.4
823.18	524.32
820.38	518.65
820.38	504.49
820.38	500.24
820.38	493.15
820.38	490.32
820.38	487.49
821.78	486.07
821.78	486.07
837.16	483.24
844.15	483.24
846.95	483.24
866.53	483.24
874.92	484.65
879.11	484.65
886.1	484.65
897.29	487.49
900.09	487.49
901.49	488.9
902.88	488.9
907.08	490.32
908.48	491.74
909.88	491.74
909.88	491.74
914.07	494.57
914.07	494.57
915.47	495.99
916.87	497.4
916.87	501.65
916.87	503.07
912.67	507.32
909.88	508.74
904.28	508.74
897.29	507.32
895.89	505.9
890.3	498.82
890.3	495.99
890.3	491.74
890.3	487.49
890.3	487.49
890.3	487.49
890.3	487.49
890.3	487.49
891.7	493.15
894.49	494.57
897.29	497.4
898.69	500.24
901.49	508.74
904.28	512.99
904.28	514.4
904.28	521.48
904.28	525.73
904.28	528.57
904.28	531.4
904.28	531.4
901.49	532.82
897.29	531.4
895.89	531.4
888.9	529.98
886.1	527.15
883.31	527.15
881.91	527.15
881.91	527.15
881.91	527.15
881.91	527.15
880.51	527.15
880.51	527.15
880.51	527.15
880.51	527.15
870.72	520.07
869.32	518.65
867.93	514.4
865.13	505.9
865.13	503.07
862.33	501.65
862.33	498.82
860.93	495.99
860.93	487.49
860.93	486.07
860.93	478.99
860.93	469.07
862.33	463.41
866.53	446.41
867.93	440.74
867.93	440.74
867.93	440.74
872.12	444.99
872.12	444.99
872.12	456.32
872.12	463.41
867.93	470.49
865.13	474.74
865.13	476.16
865.13	476.16
865.13	476.16
865.13	476.16
865.13	476.16
865.13	476.16
865.13	476.16
865.13	476.16
865.13	476.16
865.13	476.16
865.13	476.16
865.13	476.16
865.13	476.16
865.13	476.16
865.13	476.16
865.13	476.16
865.13	476.16
865.13	476.16
863.73	476.16
863.73	476.16
863.73	476.16
863.73	476.16
863.73	476.16
863.73	476.16
863.73	476.16
863.73	476.16
863.73	476.16
863.73	476.16
863.73	476.16
863.73	476.16
863.73	476.16
863.73	476.16
863.73	476.16
863.73	476.16
863.73	476.16
863.73	476.16
863.73	476.16
863.73	476.16
863.73	476.16
863.73	476.16
863.73	476.16
863.73	476.16
863.73	474.74
863.73	470.49
863.73	470.49
863.73	470.49
862.33	464.82
859.54	461.99
855.34	457.74
852.54	456.32
844.15	452.07
841.36	450.66
839.96	447.82
837.16	446.41
834.37	444.99
832.97	444.99
832.97	443.58
832.97	443.58
832.97	443.58
832.97	443.58
832.97	443.58
832.97	443.58
832.97	443.58
832.97	443.58
832.97	443.58
832.97	443.58
832.97	443.58
832.97	443.58
832.97	443.58
832.97	443.58
832.97	443.58
832.97	443.58
832.97	443.58
832.97	443.58
832.97	443.58
832.97	443.58
832.97	443.58
832.97	443.58
832.97	443.58
832.97	443.58
832.97	443.58
832.97	443.58
832.97	443.58
832.97	443.58
832.97	443.58
832.97	443.58
832.97	443.58
832.97	443.58
832.97	443.58
832.97	443.58
832.97	443.58
832.97	443.58
832.97	443.58
832.97	443.58
832.97	443.58
832.97	443.58
832.97	443.58
832.97	443.58
832.97	443.58
831.57	443.58
830.17	443.58
828.77	443.58
828.77	443.58
821.78	447.82
817.59	450.66
800.81	456.32
792.42	456.32
789.62	456.32
789.62	456.32
789.62	456.32
789.62	456.32
789.62	456.32
789.62	456.32
789.62	456.32
789.62	456.32
789.62	456.32
789.62	456.32
788.22	453.49
788.22	452.07
788.22	452.07
788.22	452.07
788.22	452.07
788.22	452.07
788.22	452.07
788.22	452.07
788.22	452.07
788.22	452.07
788.22	452.07
788.22	452.07
788.22	452.07
788.22	452.07
788.22	452.07
788.22	452.07
788.22	452.07
788.22	452.07
788.22	452.07
788.22	452.07
788.22	452.07
788.22	452.07
788.22	452.07
788.22	452.07
788.22	452.07
789.62	452.07
793.81	454.91
795.21	456.32
798.01	457.74
802.2	457.74
802.2	457.74
802.2	457.74
802.2	457.74
802.2	457.74
802.2	457.74
802.2	457.74
809.2	457.74
831.57	467.66
846.95	467.66
853.94	467.66
862.33	467.66
862.33	467.66
862.33	467.66
863.73	467.66
863.73	467.66
863.73	467.66
863.73	467.66
865.13	467.66
865.13	467.66
865.13	467.66
865.13	467.66
865.13	467.66
869.32	464.82
873.52	457.74
874.92	454.91
876.32	454.91
880.51	454.91
883.31	456.32
886.1	461.99
887.5	467.66
887.5	471.91
877.71	478.99
870.72	481.82
870.72	481.82
869.32	481.82
867.93	480.4
863.73	474.74
856.74	471.91
848.35	467.66
842.76	466.24
772.84	466.24
740.68	467.66
712.71	470.49
697.33	471.91
697.33	471.91
695.93	471.91
695.93	471.91
691.74	476.16
690.34	477.57
690.34	477.57
690.34	477.57
690.34	477.57
690.34	477.57
690.34	477.57
690.34	478.99
690.34	478.99
690.34	478.99
690.34	478.99
690.34	480.4
690.34	480.4
691.74	480.4
691.74	480.4
691.74	481.82
691.74	481.82
695.93	484.65
757.46	497.4
816.19	500.24
866.53	500.24
866.53	500.24
869.32	500.24
872.12	500.24
872.12	500.24
872.12	501.65
872.12	501.65
872.12	501.65
873.52	503.07
873.52	503.07
873.52	501.65
872.12	500.24
870.72	498.82
867.93	495.99
867.93	493.15
859.54	486.07
856.74	480.4
856.74	473.32
856.74	466.24
856.74	454.91
856.74	450.66
856.74	447.82
856.74	447.82
856.74	446.41
856.74	446.41
856.74	446.41
856.74	446.41
856.74	446.41
856.74	446.41
856.74	446.41
856.74	446.41
856.74	446.41
856.74	446.41
856.74	446.41
856.74	446.41
856.74	446.41
856.74	446.41
856.74	446.41
856.74	446.41
859.54	444.99
908.48	435.08
939.24	442.16
943.43	443.58
943.43	443.58
943.43	443.58
943.43	443.58
943.43	443.58
943.43	443.58
943.43	443.58
943.43	443.58
943.43	443.58
943.43	443.58
943.43	443.58
943.43	443.58
943.43	443.58
943.43	443.58
943.43	443.58
943.43	443.58
943.43	443.58
943.43	443.58
943.43	443.58
943.43	443.58
943.43	443.58
943.43	443.58
943.43	443.58
943.43	443.58
943.43	443.58
943.43	443.58
943.43	443.58
943.43	443.58
943.43	443.58
943.43	443.58
943.43	443.58
943.43	443.58
943.43	443.58
943.43	443.58
943.43	443.58
943.43	443.58
943.43	443.58
943.43	443.58
943.43	443.58
943.43	443.58
943.43	443.58
943.43	443.58
943.43	443.58
943.43	443.58
943.43	443.58
943.43	443.58
943.43	443.58
943.43	443.58
943.43	443.58
943.43	443.58
943.43	443.58
943.43	443.58
943.43	443.58
943.43	443.58
943.43	443.58
943.43	443.58
943.43	443.58
943.43	443.58
943.43	443.58
943.43	443.58
943.43	443.58
943.43	443.58
943.43	443.58
943.43	443.58
943.43	443.58
943.43	443.58
943.43	443.58
943.43	443.58
943.43	443.58
943.43	443.58
943.43	443.58
943.43	443.58
943.43	443.58
943.43	443.58
943.43	443.58
943.43	443.58
943.43	443.58
943.43	443.58
943.43	443.58
943.43	443.58
943.43	443.58
943.43	443.58
943.43	443.58
943.43	443.58
943.43	443.58
943.43	443.58
943.43	443.58
943.43	443.58
943.43	443.58
943.43	443.58
1067.89	406.75
1202.12	341.59
1232.89	321.75
1235.68	318.92
1235.68	318.92
1235.68	318.92
1227.29	367.08
1158.78	495.99
1111.23	538.48
1055.3	583.81
974.2	640.47
943.43	658.89
921.06	687.22
893.1	711.3
0	0
0	0
0	0
0	0
0	0
0	0
0	0
0	0
0	0
0	0
498.77	712.72
529.53	654.64
539.32	627.72
540.72	616.39
540.72	612.14
540.72	610.73
539.32	609.31
537.92	607.89
535.13	605.06
535.13	605.06
535.13	605.06
533.73	605.06
502.96	602.23
484.79	600.81
476.4	596.56
472.2	595.14
472.2	595.14
470.8	595.14
470.8	595.14
470.8	595.14
470.8	595.14
470.8	588.06
483.39	572.48
556.1	528.57
631.61	493.15
659.58	487.49
669.36	487.49
673.56	490.32
674.96	491.74
679.15	510.15
679.15	555.48
679.15	590.89
679.15	646.14
669.36	719.8
0	0
0	0
0	0
0	0
0	0
0	0
0	0
0	0
0	0
645.59	701.38
652.58	682.97
674.96	644.72
681.95	633.39
693.14	614.98
698.73	602.23
698.73	586.64
691.74	507.32
702.92	416.66
739.28	253.76
743.48	178.68
736.48	134.77
726.7	107.86
723.9	103.61
719.7	103.61
712.71	113.52
683.35	134.77
670.76	146.1
663.77	156.02
642.8	188.6
634.41	202.77
623.22	216.93
613.43	232.51
610.64	241.01
606.44	259.43
602.25	272.18
595.25	296.26
592.46	304.76
591.06	317.5
591.06	326
589.66	345.83
589.66	352.92
586.86	367.08
586.86	377
588.26	385.5
599.45	399.66
656.78	425.16
694.53	427.99
709.92	427.99
744.87	422.33
778.43	415.24
810.59	406.75
816.19	406.75
820.38	405.33
824.58	403.91
834.37	401.08
837.16	401.08
842.76	398.25
846.95	386.91
845.55	381.25
842.76	374.17
838.56	371.33
830.17	365.67
824.58	364.25
817.59	361.42
806.4	357.17
802.2	357.17
798.01	361.42
796.61	365.67
795.21	365.67
793.81	372.75
792.42	378.41
792.42	379.83
792.42	382.66
792.42	396.83
792.42	406.75
792.42	418.08
792.42	425.16
792.42	430.83
791.02	450.66
786.82	464.82
785.43	473.32
784.03	477.57
782.63	484.65
779.83	491.74
779.83	495.99
771.44	508.74
764.45	515.82
754.66	529.98
749.07	539.9
739.28	548.4
732.29	554.06
716.91	566.81
693.14	585.23
614.83	640.47
602.25	654.64
593.86	663.14
589.66	665.97
586.86	674.47
586.86	694.3
586.86	699.97
586.86	705.63
586.86	712.72
0	0
0	0
0	0
0	0
0	0
0	0
0	0
0	0
0	0
0	0
0	0
0	0
0	0
0	0
627.42	714.13
633.01	692.88
640	663.14
641.4	654.64
641.4	653.22
641.4	653.22
641.4	653.22
641.4	653.22
641.4	653.22
641.4	653.22
641.4	653.22
641.4	653.22
641.4	650.39
645.59	647.56
645.59	647.56
705.72	620.64
716.91	607.89
721.1	589.48
723.9	578.15
719.7	568.23
715.51	565.4
714.11	563.98
714.11	563.98
714.11	563.98
714.11	563.98
714.11	563.98
714.11	563.98
714.11	563.98
712.71	563.98
712.71	565.4
716.91	566.81
732.29	572.48
736.48	573.9
737.88	579.56
737.88	592.31
728.09	602.23
728.09	602.23
728.09	602.23
728.09	602.23
728.09	602.23
726.7	603.64
726.7	603.64
726.7	603.64
726.7	603.64
726.7	603.64
726.7	603.64
726.7	603.64
730.89	603.64
749.07	597.98
753.26	597.98
754.66	597.98
754.66	599.39
737.88	606.48
737.88	605.06
735.09	602.23
733.69	599.39
730.89	595.14
729.49	592.31
729.49	589.48
726.7	586.64
726.7	586.64
726.7	586.64
726.7	586.64
726.7	585.23
726.7	585.23
726.7	585.23
726.7	585.23
726.7	585.23
726.7	585.23
723.9	585.23
721.1	589.48
716.91	592.31
716.91	592.31
712.71	599.39
712.71	599.39
712.71	599.39
711.31	600.81
709.92	602.23
709.92	603.64
709.92	603.64
709.92	603.64
709.92	603.64
709.92	603.64
709.92	603.64
704.32	602.23
697.33	597.98
680.55	585.23
672.16	580.98
666.57	571.06
666.57	561.15
669.36	544.15
674.96	521.48
693.14	456.32
701.53	425.16
707.12	403.91
709.92	372.75
709.92	357.17
700.13	324.59
688.94	300.51
681.95	286.34
681.95	275.01
681.95	265.09
681.95	256.59
681.95	249.51
681.95	239.6
680.55	233.93
667.97	229.68
649.79	231.1
637.2	275.01
600.85	378.41
585.47	413.83
565.89	443.58
554.7	461.99
542.12	497.4
537.92	517.23
532.33	541.32
530.93	556.9
530.93	559.73
530.93	559.73
533.73	563.98
535.13	563.98
535.13	563.98
549.11	559.73
610.64	508.74
651.19	429.41
687.54	304.76
711.31	202.77
718.31	144.69
718.31	106.44
718.31	89.44
0	0
0	0
0	0
0	0
0	0
0	0
0	0
0	0
0	0
0	0
0	0
0	0
0	0
0	0
0	0
0	0
0	0
0	0
0	0
0	0
0	0
0	0
0	0
0	0
0	0
0	0
0	0
0	0
0	0
0	0
0	0
0	0
0	0
0	0
0	0
0	0
0	0
0	0
0	0
0	0
0	0
0	0
0	0
0	0
0	0
0	0
0	0
0	0
0	0
0	0
0	0
0	0
0	0
0	0
0	0
0	0
0	0
0	0
0	0
0	0
0	0
0	0
0	0
0	0
0	0
0	0
0	0
0	0
0	0
0	0
0	0
0	0
0	0
0	0
0	0
0	0
0	0
778.43	1.62
763.05	34.2
767.25	100.78
786.82	140.44
800.81	175.85
834.37	248.09
865.13	301.92
870.72	309
870.72	309
872.12	310.42
872.12	307.59
872.12	304.76
867.93	293.42
865.13	287.76
865.13	282.09
863.73	276.42
859.54	260.84
855.34	253.76
855.34	252.34
853.94	248.09
849.75	241.01
846.95	228.26
838.56	197.1
832.97	173.02
828.77	158.85
825.98	153.19
825.98	153.19
824.58	147.52
824.58	144.69
824.58	141.85
824.58	141.85
824.58	141.85
824.58	140.44
824.58	140.44
825.98	140.44
834.37	140.44
853.94	140.44
866.53	140.44
874.92	140.44
886.1	140.44
919.66	140.44
936.44	143.27
947.63	146.1
970	146.1
992.38	150.35
1006.36	150.35
1009.16	150.35
1013.35	150.35
1018.94	151.77
1021.74	151.77
1021.74	151.77
1023.14	151.77
1025.94	151.77
1027.33	151.77
1027.33	151.77
1028.73	151.77
1030.13	144.69
1031.53	139.02
1031.53	137.61
1031.53	133.36
1028.73	120.61
1024.54	116.36
1020.34	106.44
1020.34	100.78
1020.34	75.28
1021.74	58.28
1023.14	49.78
1025.94	38.45
1030.13	27.12
1030.13	22.87
1030.13	22.87
1031.53	21.45
1031.53	29.95
1031.53	56.86
1034.33	105.02
1034.33	178.68
1034.33	184.35
1034.33	191.43
1032.93	204.18
1031.53	214.1
1027.33	226.85
1013.35	256.59
1004.96	272.18
1003.56	277.84
1000.77	283.51
997.97	286.34
982.59	296.26
968.6	300.51
954.62	301.92
942.04	306.17
884.71	289.17
853.94	276.42
828.77	260.84
792.42	222.6
775.64	161.69
803.6	114.94
0	0
0	0
0	0
0	0
0	0
0	0
0	0
0	0
0	0
0	0
0	0
0	0
0	0
0	0
0	0
0	0
0	0
0	0
0	0
0	0
0	0
0	0
0	0
0	0
0	0
0	0
0	0
0	0
0	0
0	0
0	0
0	0
0	0
0	0
0	0
1202.12	289.17
1158.78	306.17
1119.62	321.75
1104.24	324.59
1076.28	334.5
1062.29	371.33
1045.51	399.66
1037.12	427.99
1028.73	469.07
1028.73	490.32
1031.53	520.07
1038.52	554.06
1049.71	586.64
1063.69	622.06
1072.08	629.14
1094.45	636.22
1143.39	644.72
1196.53	646.14
1223.1	646.14
1237.08	646.14
1245.47	644.72
1251.06	644.72
1255.26	644.72
1256.66	644.72
1256.66	644.72
1256.66	647.56
1252.46	667.39
1227.29	694.3
1197.93	705.63
0	0
0	0
0	0
0	0
0	0
0	0
0	0
0	0
898.69	697.13
898.69	671.64
901.49	656.05
904.28	648.97
904.28	646.14
904.28	646.14
904.28	646.14
904.28	646.14
904.28	651.8
895.89	670.22
881.91	691.47
0	0
0	0
0	0
0	0
0	0
0	0
0	0
0	0
0	0
0	0
0	0
0	0
0	0
0	0
0	0
935.04	709.88
971.4	698.55
997.97	694.3
1037.12	682.97
1112.63	665.97
1217.51	670.22
0	0
0	0
0	0
0	0
0	0
0	0
0	0
0	0
0	0
0	0
0	0
0	0
0	0
0	0
0	0
0	0
0	0
0	0
0	0
0	0
0	0
0	0
0	0
0	0
0	0
0	0
0	0
0	0
0	0
0	0
0	0
0	0
0	0
0	0
0	0
0	0
0	0
0	0
0	0
0	0
0	0
0	0
0	0
0	0
0	0
0	0
0	0
0	0
0	0
0	0
0	0
0	0
0	0
0	0
0	0
0	0
0	0
0	0
0	0
0	0
0	0
0	0
0	0
0	0
0	0
0	0
1108.44	711.3
1115.43	702.8
1115.43	699.97
1115.43	699.97
1115.43	699.97
1115.43	699.97
1102.84	698.55
1079.07	704.22
1059.5	712.72
1042.72	716.97
0	0
0	0
1016.15	719.8
990.98	678.72
982.59	647.56
979.79	600.81
989.58	565.4
993.77	544.15
993.77	539.9
993.77	539.9
993.77	539.9
993.77	538.48
993.77	538.48
992.38	544.15
988.18	549.81
983.99	556.9
972.8	571.06
958.82	582.39
942.04	595.14
926.66	605.06
886.1	634.81
870.72	644.72
851.15	660.3
838.56	665.97
835.76	667.39
835.76	668.8
823.18	677.3
803.6	684.38
750.47	701.38
739.28	704.22
730.89	704.22
726.7	704.22
726.7	704.22
725.3	694.3
725.3	688.63
722.5	684.38
715.51	680.14
704.32	678.72
686.14	678.72
673.56	680.14
667.97	682.97
662.37	684.38
662.37	684.38
660.97	684.38
660.97	684.38
660.97	684.38
660.97	684.38
659.58	684.38
659.58	675.89
666.57	664.55
687.54	640.47
716.91	622.06
728.09	622.06
728.09	622.06
728.09	622.06
728.09	622.06
728.09	622.06
728.09	622.06
728.09	622.06
728.09	622.06
728.09	622.06
728.09	622.06
728.09	622.06
728.09	622.06
728.09	622.06
728.09	622.06
728.09	622.06
728.09	622.06
729.49	622.06
719.7	631.97
711.31	640.47
707.12	644.72
693.14	657.47
672.16	667.39
669.36	670.22
648.39	684.38
628.81	694.3
600.85	705.63
570.08	714.13
568.69	715.55
564.49	719.8
0	0
0	0
0	0
0	0
0	0
0	0
0	0
0	0
0	0
0	0
0	0
0	0
0	0
0	0
0	0
0	0
0	0
0	0
0	0
0	0
0	0
0	0
0	0
0	0
0	0
0	0
0	0
0	0
0	0
0	0
0	0
0	0
0	0
0	0
0	0
0	0
0	0
0	0
0	0
388.3	719.8
388.3	718.38
388.3	718.38
388.3	715.55
388.3	709.88
388.3	702.8
392.5	692.88
398.09	682.97
402.29	673.05
406.48	664.55
409.28	661.72
409.28	661.72
409.28	661.72
409.28	661.72
412.07	653.22
412.07	626.31
412.07	605.06
412.07	602.23
412.07	602.23
412.07	602.23
412.07	602.23
412.07	602.23
412.07	602.23
412.07	602.23
412.07	602.23
395.29	627.72
0	0
0	0
0	0
0	0
0	0
0	0
0	0
0	0
0	0
0	0
0	0
0	0
0	0
0	0
0	0
0	0
0	0
0	0
0	0
0	0
0	0
0	0
0	0
0	0
0	0
0	0
0	0
0	0
0	0
0	0
0	0
0	0
0	0
0	0
0	0
0	0
0	0
0	0
0	0
0	0
0	0
0	0
0	0
0	0
0	0
0	0
0	0
0	0
0	0
0	0
0	0
0	0
0	0
0	0
0	0
0	0
0	0
0	0
0	0
0	0
151.99	643.31
37.33	566.81
21.94	555.48
21.94	555.48
21.94	555.48
21.94	555.48
21.94	555.48
21.94	554.06
21.94	554.06
21.94	554.06
21.94	554.06
21.94	554.06
21.94	554.06
21.94	554.06
21.94	554.06
21.94	554.06
21.94	554.06
21.94	554.06
21.94	554.06
21.94	554.06
21.94	554.06
21.94	554.06
21.94	554.06
21.94	554.06
21.94	554.06
21.94	554.06
21.94	554.06
21.94	554.06
21.94	554.06
21.94	554.06
21.94	554.06
21.94	554.06
21.94	554.06
21.94	554.06
21.94	554.06
21.94	554.06
21.94	554.06
21.94	554.06
21.94	554.06
21.94	554.06
21.94	554.06
21.94	554.06
21.94	554.06
21.94	554.06
21.94	554.06
21.94	554.06
21.94	554.06
21.94	554.06
21.94	554.06
21.94	554.06
21.94	554.06
21.94	554.06
21.94	554.06
21.94	554.06
21.94	554.06
21.94	554.06
21.94	554.06
21.94	554.06
21.94	554.06
21.94	554.06
21.94	554.06
21.94	554.06
21.94	554.06
21.94	554.06
21.94	554.06
21.94	554.06
21.94	554.06
21.94	554.06
21.94	554.06
21.94	554.06
21.94	554.06
21.94	554.06
21.94	554.06
21.94	554.06
21.94	554.06
21.94	554.06
21.94	554.06
21.94	554.06
21.94	554.06
21.94	554.06
21.94	554.06
21.94	554.06
21.94	554.06
21.94	554.06
21.94	554.06
21.94	554.06
21.94	554.06
21.94	554.06
21.94	554.06
21.94	554.06
21.94	554.06
21.94	554.06
21.94	554.06
21.94	554.06
21.94	554.06
21.94	554.06
21.94	554.06
21.94	554.06
21.94	554.06
21.94	554.06
21.94	554.06
21.94	554.06
21.94	554.06
21.94	554.06
21.94	554.06
21.94	554.06
21.94	554.06
21.94	554.06
21.94	554.06
21.94	554.06
21.94	554.06
21.94	554.06
21.94	554.06
21.94	554.06
21.94	554.06
21.94	554.06
21.94	554.06
21.94	554.06
21.94	554.06
21.94	554.06
21.94	554.06
21.94	554.06
21.94	554.06
21.94	554.06
21.94	554.06
21.94	554.06
21.94	554.06
21.94	554.06
21.94	554.06
21.94	554.06
21.94	554.06
21.94	554.06
21.94	554.06
21.94	554.06
21.94	554.06
21.94	554.06
21.94	554.06
21.94	554.06
21.94	554.06
21.94	554.06
21.94	554.06
21.94	554.06
21.94	554.06
21.94	554.06
21.94	554.06
21.94	554.06
21.94	554.06
21.94	554.06
21.94	554.06
21.94	554.06
21.94	554.06
21.94	554.06
21.94	554.06
21.94	554.06
21.94	554.06
21.94	554.06
21.94	554.06
21.94	554.06
21.94	554.06
21.94	554.06
21.94	554.06
21.94	554.06
21.94	554.06
21.94	554.06
21.94	554.06
21.94	554.06
21.94	554.06
21.94	554.06
21.94	554.06
21.94	554.06
21.94	554.06
21.94	554.06
21.94	554.06
21.94	554.06
21.94	554.06
21.94	554.06
21.94	554.06
21.94	554.06
21.94	554.06
21.94	554.06
21.94	554.06
21.94	554.06
21.94	554.06
21.94	554.06
21.94	554.06
21.94	554.06
21.94	554.06
13.55	554.06
0	0
0	0
0	0
0	0
0	0
0	0
0	0
0	0
0	0
0	0
0	0
0	0
0	0
0	0
0	0
0	0
0	0
0	0
0	0
0	0
0	0
0	0
0	0
0	0
0	0
0	0
0	0
0	0
0	0
0	0
0	0
0	0
0	0
0	0
0	0
0	0
0	0
0	0
0	0
0	0
0	0
0	0
0	0
0	0
0	0
0	0
0	0
0	0
0	0
0	0
0	0
0	0
0	0
0	0
0	0
0	0
0	0
0	0
0	0
0	0
0	0
0	0
0	0
0	0
0	0
0	0
0	0
0	0
0	0
0	0
0	0
0	0
0	0
0	0
0	0
0	0
0	0
0	0
0	0
0	0
0	0
0	0
0	0
0	0
0	0
0	0
0	0
0	0
0	0
0	0
0	0
0	0
0	0
0	0
0	0
0	0
0	0
0	0
0	0
0	0
0	0
0	0
0	0
0	0
0	0
0	0
0	0
0	0
0	0
0	0
0	0
0	0
0	0
0	0
0	0
0	0
0	0
0	0
0	0
0	0
0	0
0	0
0	0
0	0
0	0
0	0
0	0
0	0
0	0
0	0
0	0
0	0
0	0
0	0
0	0
0	0
0	0
0	0
0	0
0	0
0	0
0	0
0	0
0	0
0	0
0	0
0	0
0	0
0	0
0	0
0	0
0	0
0	0
0	0
0	0
0	0
0	0
0	0
0	0
0	0
0	0
0	0
0	0
0	0
0	0
0	0
0	0
0	0
0	0
0	0
0	0
0	0
0	0
0	0
0	0
0	0
0	0
0	0
0	0
0	0
0	0
0	0
0	0
0	0
0	0
0	0
0	0
0	0
0	0
0	0
0	0
0	0
0	0
0	0
0	0
0	0
0	0
0	0
0	0
0	0
0	0
0	0
0	0
0	0
0	0
0	0
0	0
0	0
0	0
0	0
0	0
0	0
0	0
0	0
0	0
0	0
0	0
0	0
0	0
0	0
0	0
0	0
0	0
0	0
0	0
0	0
0	0
0	0
0	0
0	0
0	0
0	0
0	0
0	0
0	0
0	0
0	0
0	0
0	0
0	0
0	0
0	0
0	0
0	0
0	0
0	0
0	0
0	0
0	0
0	0
0	0
0	0
0	0
0	0
0	0
0	0
0	0
0	0
0	0
0	0
0	0
0	0
0	0
0	0
0	0
0	0
0	0
0	0
0	0
0	0
0	0
0	0
0	0
0	0
0	0
0	0
0	0
0	0
0	0
0	0
0	0
0	0
0	0
0	0
0	0
