0	0
0	0
0	0
0	0
0	0
0	0
0	0
0	0
0	0
0	0
0	0
0	0
0	0
0	0
0	0
0	0
0	0
0	0
0	0
0	0
0	0
0	0
0	0
0	0
0	0
0	0
0	0
0	0
0	0
0	0
0	0
0	0
0	0
0	0
0	0
0	0
0	0
0	0
0	0
0	0
0	0
0	0
0	0
0	0
0	0
0	0
0	0
0	0
0	0
0	0
0	0
0	0
0	0
0	0
0	0
0	0
669.68	336.3
669.68	336.3
669.68	336.3
590.53	319.57
590.53	319.57
549.53	300.05
549.53	300.05
549.53	300.05
509.95	279.14
509.95	279.14
509.95	279.14
446.34	202.46
446.34	202.46
402.52	177.37
402.52	177.37
402.52	177.37
402.52	175.97
402.52	175.97
402.52	175.97
402.52	175.97
402.52	175.97
402.52	178.76
402.52	178.76
402.52	178.76
402.52	178.76
402.52	178.76
409.59	206.64
409.59	206.64
416.66	228.95
416.66	228.95
416.66	228.95
425.14	237.31
425.14	237.31
433.62	251.26
433.62	251.26
433.62	251.26
443.51	272.17
443.51	272.17
443.51	272.17
463.3	273.56
463.3	273.56
532.57	265.2
532.57	265.2
532.57	265.2
535.4	266.59
535.4	266.59
535.4	266.59
549.53	255.44
549.53	255.44
583.46	244.29
583.46	244.29
583.46	244.29
586.28	245.68
586.28	245.68
586.28	279.14
586.28	279.14
586.28	279.14
574.98	308.42
574.98	308.42
559.43	334.91
559.43	334.91
559.43	334.91
552.36	343.27
552.36	343.27
536.81	357.21
536.81	357.21
536.81	357.21
528.33	364.18
528.33	364.18
528.33	364.18
525.5	365.58
525.5	365.58
511.37	369.76
511.37	369.76
511.37	369.76
511.37	369.76
511.37	369.76
511.37	369.76
485.92	372.55
485.92	372.55
442.1	375.34
442.1	375.34
442.1	375.34
398.28	378.12
398.28	378.12
357.29	386.49
357.29	386.49
357.29	386.49
331.84	392.07
331.84	392.07
302.16	396.25
302.16	396.25
302.16	396.25
290.85	411.58
290.85	411.58
283.78	415.77
283.78	415.77
283.78	415.77
283.78	415.77
283.78	415.77
283.78	415.77
285.2	417.16
285.2	417.16
324.77	425.53
324.77	425.53
324.77	425.53
427.97	431.1
427.97	431.1
427.97	431.1
512.78	422.74
512.78	422.74
560.84	425.53
560.84	425.53
560.84	425.53
611.73	429.71
611.73	429.71
611.73	429.71
658.38	433.89
658.38	433.89
683.82	433.89
683.82	433.89
683.82	433.89
693.72	435.28
693.72	435.28
714.92	443.65
714.92	443.65
714.92	443.65
720.57	445.04
720.57	445.04
740.36	447.83
740.36	447.83
740.36	447.83
768.63	446.44
768.63	446.44
768.63	446.44
794.08	446.44
794.08	446.44
828	454.8
828	454.8
828	454.8
887.37	467.35
887.37	467.35
921.3	474.32
921.3	474.32
921.3	474.32
955.23	481.29
955.23	481.29
955.23	481.29
958.05	482.69
958.05	482.69
967.95	489.66
967.95	489.66
967.95	489.66
997.63	499.42
997.63	499.42
1020.25	503.6
1020.25	503.6
1020.25	503.6
1038.63	506.39
1038.63	506.39
1041.45	506.39
1041.45	506.39
1041.45	506.39
1041.45	506.39
1041.45	506.39
1035.8	506.39
1035.8	506.39
1035.8	506.39
1017.42	506.39
1017.42	506.39
1017.42	506.39
980.67	506.39
980.67	506.39
941.09	510.57
941.09	510.57
941.09	510.57
884.55	516.15
884.55	516.15
884.55	516.15
812.45	523.12
812.45	523.12
812.45	523.12
778.53	532.87
778.53	532.87
741.78	542.63
741.78	542.63
693.72	563.55
693.72	563.55
693.72	563.55
615.97	599.79
615.97	599.79
600.42	610.95
600.42	610.95
600.42	610.95
596.18	615.13
596.18	615.13
589.11	623.49
589.11	623.49
589.11	623.49
572.15	634.65
572.15	634.65
572.15	634.65
553.77	638.83
553.77	638.83
549.53	638.83
549.53	638.83
549.53	638.83
536.81	640.22
536.81	640.22
536.81	640.22
536.81	640.22
536.81	640.22
536.81	640.22
536.81	640.22
536.81	640.22
536.81	640.22
536.81	640.22
536.81	640.22
536.81	640.22
536.81	640.22
536.81	640.22
536.81	640.22
536.81	640.22
536.81	640.22
562.25	643.01
562.25	643.01
562.25	643.01
582.04	645.8
582.04	645.8
582.04	645.8
583.46	645.8
583.46	645.8
583.46	645.8
583.46	645.8
583.46	645.8
583.46	645.8
583.46	645.8
583.46	645.8
583.46	645.8
583.46	645.8
583.46	645.8
583.46	645.8
583.46	645.8
583.46	645.8
583.46	645.8
583.46	645.8
583.46	645.8
583.46	645.8
583.46	645.8
583.46	645.8
583.46	645.8
583.46	645.8
583.46	645.8
583.46	645.8
583.46	645.8
583.46	645.8
583.46	645.8
583.46	645.8
583.46	645.8
583.46	645.8
591.94	634.65
591.94	634.65
601.83	622.1
601.83	622.1
601.83	622.1
610.32	609.55
610.32	609.55
610.32	609.55
618.8	592.82
618.8	592.82
621.62	581.67
621.62	581.67
621.62	581.67
621.62	577.49
621.62	577.49
621.62	577.49
621.62	571.91
621.62	571.91
621.62	563.55
621.62	563.55
621.62	563.55
621.62	552.39
621.62	552.39
621.62	552.39
624.45	544.03
624.45	544.03
624.45	542.63
624.45	542.63
624.45	542.63
624.45	542.63
624.45	542.63
624.45	542.63
624.45	542.63
624.45	542.63
624.45	542.63
624.45	542.63
624.45	542.63
624.45	542.63
624.45	542.63
624.45	542.63
624.45	542.63
624.45	542.63
624.45	542.63
624.45	539.85
624.45	539.85
624.45	539.85
628.69	527.3
628.69	527.3
628.69	527.3
631.52	518.93
631.52	518.93
631.52	518.93
631.52	510.57
631.52	510.57
632.93	478.5
632.93	478.5
632.93	478.5
632.93	449.23
632.93	449.23
632.93	421.34
632.93	421.34
632.93	421.34
634.35	396.25
634.35	396.25
637.17	371.15
637.17	371.15
637.17	371.15
640	362.79
640	362.79
640	351.64
640	351.64
640	351.64
642.83	343.27
642.83	343.27
647.07	336.3
647.07	336.3
647.07	336.3
647.07	336.3
647.07	336.3
647.07	336.3
647.07	334.91
647.07	334.91
647.07	334.91
647.07	334.91
647.07	334.91
647.07	334.91
647.07	334.91
647.07	334.91
647.07	334.91
647.07	334.91
647.07	334.91
647.07	334.91
647.07	334.91
647.07	334.91
647.07	334.91
647.07	334.91
647.07	334.91
623.04	334.91
623.04	334.91
623.04	334.91
483.09	348.85
483.09	348.85
426.55	372.55
426.55	372.55
426.55	372.55
355.87	396.25
355.87	396.25
355.87	396.25
323.36	407.4
323.36	407.4
292.26	417.16
292.26	417.16
292.26	417.16
251.27	429.71
251.27	429.71
251.27	429.71
251.27	429.71
251.27	429.71
251.27	429.71
251.27	429.71
251.27	429.71
249.86	431.1
249.86	431.1
249.86	431.1
249.86	431.1
249.86	431.1
249.86	431.1
249.86	431.1
249.86	431.1
249.86	431.1
249.86	431.1
249.86	431.1
249.86	431.1
249.86	431.1
263.99	414.37
263.99	414.37
283.78	336.3
283.78	336.3
283.78	336.3
290.85	287.5
290.85	287.5
292.26	255.44
292.26	255.44
292.26	255.44
292.26	227.56
292.26	227.56
292.26	227.56
296.5	201.07
296.5	201.07
307.81	180.15
307.81	180.15
307.81	180.15
334.67	166.21
334.67	166.21
357.29	157.85
357.29	157.85
357.29	157.85
375.66	155.06
375.66	155.06
375.66	155.06
420.9	156.45
420.9	156.45
452	170.4
452	170.4
548.12	237.31
548.12	237.31
548.12	237.31
604.66	329.33
604.66	329.33
659.79	414.37
659.79	414.37
659.79	414.37
707.85	475.71
707.85	475.71
707.85	475.71
743.19	521.72
743.19	521.72
758.74	553.79
758.74	553.79
758.74	553.79
760.15	577.49
760.15	577.49
760.15	578.88
760.15	578.88
760.15	578.88
760.15	587.25
760.15	587.25
764.39	597.01
764.39	597.01
764.39	597.01
764.39	597.01
764.39	597.01
764.39	597.01
764.39	597.01
764.39	597.01
779.94	597.01
779.94	597.01
815.28	595.61
815.28	595.61
815.28	595.61
876.07	594.22
876.07	594.22
876.07	594.22
948.16	588.64
948.16	588.64
996.22	584.46
996.22	584.46
996.22	584.46
1023.08	576.09
1023.08	576.09
1023.08	576.09
1055.59	569.12
1055.59	569.12
1085.27	564.94
1085.27	564.94
1085.27	564.94
1093.75	559.36
1093.75	559.36
1098	549.6
1098	549.6
1098	549.6
1090.93	502.2
1090.93	502.2
1059.83	431.1
1059.83	431.1
1059.83	431.1
1044.28	346.06
1044.28	346.06
1052.76	287.5
1052.76	287.5
1052.76	287.5
1072.55	240.1
1072.55	240.1
1072.55	240.1
1081.03	210.83
1081.03	210.83
1072.55	178.76
1072.55	178.76
1072.55	178.76
1058.42	148.09
1058.42	148.09
1057	143.91
1057	143.91
1057	143.91
1057	143.91
1057	143.91
1057	143.91
1057	143.91
1057	143.91
1057	143.91
1057	143.91
1057	143.91
1057	143.91
1057	143.91
1057	143.91
1057	143.91
1057	143.91
1057	143.91
1057	143.91
1057	143.91
1057	143.91
1057	143.91
1057	143.91
1057	143.91
1057	143.91
1057	143.91
1057	143.91
982.08	152.27
982.08	152.27
822.35	175.97
822.35	175.97
822.35	175.97
610.32	177.37
610.32	177.37
509.95	167.61
509.95	167.61
509.95	167.61
491.58	162.03
491.58	162.03
491.58	162.03
409.59	149.48
409.59	149.48
372.84	143.91
372.84	143.91
372.84	143.91
344.56	138.33
344.56	138.33
295.09	134.15
295.09	134.15
295.09	134.15
280.95	128.57
280.95	128.57
266.82	125.78
266.82	125.78
266.82	125.78
234.31	121.6
234.31	121.6
234.31	121.6
190.49	117.42
190.49	117.42
186.25	118.81
186.25	118.81
186.25	118.81
169.28	139.72
169.28	139.72
169.28	139.72
163.63	159.24
163.63	159.24
177.76	254.04
177.76	254.04
177.76	254.04
193.31	343.27
193.31	343.27
193.31	343.27
191.9	399.04
191.9	399.04
190.49	440.86
190.49	440.86
190.49	440.86
196.14	471.53
196.14	471.53
207.45	503.6
207.45	503.6
207.45	503.6
217.34	523.12
217.34	523.12
247.03	542.63
247.03	542.63
247.03	542.63
297.92	548.21
297.92	548.21
300.74	548.21
300.74	548.21
300.74	548.21
302.16	548.21
302.16	548.21
302.16	548.21
307.81	553.79
307.81	553.79
306.4	549.6
306.4	549.6
306.4	549.6
306.4	549.6
306.4	549.6
306.4	549.6
306.4	549.6
306.4	549.6
306.4	549.6
306.4	549.6
306.4	549.6
306.4	549.6
306.4	549.6
306.4	549.6
306.4	549.6
306.4	549.6
306.4	549.6
306.4	549.6
306.4	549.6
306.4	549.6
306.4	549.6
306.4	549.6
306.4	549.6
306.4	549.6
306.4	549.6
306.4	549.6
306.4	549.6
306.4	549.6
306.4	549.6
306.4	549.6
306.4	549.6
306.4	549.6
306.4	549.6
306.4	549.6
306.4	549.6
306.4	549.6
306.4	549.6
306.4	549.6
306.4	549.6
306.4	549.6
306.4	549.6
306.4	549.6
306.4	549.6
306.4	549.6
306.4	549.6
306.4	549.6
306.4	549.6
306.4	549.6
306.4	549.6
306.4	549.6
306.4	549.6
306.4	549.6
306.4	549.6
306.4	549.6
306.4	549.6
306.4	549.6
306.4	549.6
306.4	549.6
306.4	549.6
306.4	549.6
306.4	549.6
306.4	549.6
306.4	549.6
306.4	549.6
306.4	549.6
306.4	549.6
306.4	549.6
306.4	549.6
306.4	549.6
306.4	549.6
306.4	549.6
306.4	549.6
306.4	549.6
306.4	549.6
306.4	549.6
306.4	549.6
306.4	549.6
306.4	549.6
306.4	549.6
306.4	549.6
306.4	549.6
306.4	549.6
306.4	549.6
306.4	549.6
306.4	549.6
306.4	549.6
306.4	549.6
306.4	549.6
306.4	549.6
306.4	549.6
306.4	549.6
306.4	549.6
306.4	549.6
306.4	549.6
306.4	549.6
306.4	549.6
306.4	549.6
306.4	549.6
306.4	549.6
306.4	549.6
306.4	549.6
340.32	517.54
340.32	517.54
340.32	517.54
869	556.58
869	556.58
869	556.58
1007.53	541.24
1007.53	541.24
1007.53	541.24
1110.72	552.39
1110.72	552.39
1148.88	578.88
1148.88	578.88
1148.88	578.88
1220.98	619.31
1220.98	619.31
1250.66	622.1
1250.66	622.1
1250.66	622.1
1259.14	622.1
1259.14	622.1
1233.7	616.52
1233.7	616.52
1233.7	616.52
1106.48	603.98
1106.48	603.98
1047.11	631.86
1047.11	631.86
1047.11	631.86
977.84	656.95
977.84	656.95
921.3	661.14
921.3	661.14
921.3	661.14
919.89	659.74
919.89	659.74
919.89	659.74
919.89	659.74
919.89	659.74
919.89	659.74
919.89	659.74
919.89	659.74
919.89	659.74
919.89	659.74
919.89	659.74
919.89	659.74
919.89	659.74
919.89	659.74
919.89	659.74
919.89	659.74
919.89	659.74
919.89	659.74
919.89	659.74
919.89	659.74
919.89	659.74
919.89	659.74
919.89	659.74
919.89	659.74
919.89	659.74
918.47	658.35
918.47	658.35
914.23	654.17
914.23	654.17
914.23	654.17
908.58	643.01
908.58	643.01
908.58	643.01
902.92	634.65
902.92	634.65
900.1	630.47
900.1	630.47
900.1	630.47
900.1	630.47
900.1	630.47
900.1	630.47
900.1	630.47
900.1	630.47
900.1	630.47
900.1	630.47
900.1	630.47
900.1	630.47
900.1	630.47
883.13	613.74
883.13	613.74
883.13	613.74
854.86	583.06
854.86	583.06
811.04	532.87
811.04	532.87
811.04	532.87
789.84	504.99
789.84	504.99
781.36	481.29
781.36	481.29
781.36	481.29
764.39	442.25
764.39	442.25
764.39	442.25
751.67	415.77
751.67	415.77
731.88	401.82
731.88	401.82
731.88	401.82
706.44	389.28
706.44	389.28
713.51	357.21
713.51	357.21
713.51	357.21
713.51	357.21
713.51	357.21
713.51	357.21
713.51	357.21
713.51	357.21
713.51	357.21
713.51	357.21
713.51	357.21
713.51	357.21
713.51	357.21
720.57	355.82
720.57	355.82
729.05	348.85
729.05	348.85
729.05	348.85
702.2	344.66
702.2	344.66
702.2	344.66
649.89	358.61
649.89	358.61
600.42	369.76
600.42	369.76
600.42	369.76
545.29	387.88
545.29	387.88
545.29	387.88
522.67	407.4
522.67	407.4
490.16	449.23
490.16	449.23
490.16	449.23
474.61	484.08
474.61	484.08
474.61	484.08
468.96	491.05
468.96	491.05
466.13	518.93
466.13	518.93
466.13	518.93
466.13	530.09
466.13	530.09
466.13	538.45
466.13	538.45
466.13	538.45
466.13	538.45
466.13	538.45
466.13	538.45
466.13	538.45
468.96	539.85
468.96	539.85
468.96	539.85
470.37	541.24
470.37	541.24
470.37	541.24
470.37	541.24
470.37	541.24
470.37	541.24
470.37	541.24
470.37	541.24
478.85	542.63
478.85	542.63
478.85	542.63
521.26	545.42
521.26	545.42
584.87	549.6
584.87	549.6
584.87	549.6
625.86	544.03
625.86	544.03
668.27	539.85
668.27	539.85
668.27	539.85
689.47	537.06
689.47	537.06
717.75	527.3
717.75	527.3
717.75	527.3
746.02	525.9
746.02	525.9
746.02	525.9
757.33	524.51
757.33	524.51
758.74	524.51
758.74	524.51
758.74	524.51
758.74	524.51
758.74	524.51
758.74	524.51
758.74	524.51
758.74	524.51
758.74	524.51
758.74	524.51
758.74	524.51
758.74	524.51
758.74	524.51
758.74	524.51
758.74	524.51
758.74	524.51
758.74	524.51
758.74	524.51
758.74	524.51
758.74	524.51
758.74	524.51
758.74	524.51
758.74	524.51
758.74	524.51
758.74	524.51
758.74	524.51
758.74	524.51
758.74	524.51
758.74	524.51
758.74	524.51
758.74	524.51
758.74	524.51
758.74	524.51
758.74	524.51
758.74	524.51
758.74	524.51
758.74	524.51
758.74	524.51
761.57	511.96
761.57	511.96
785.6	472.93
785.6	472.93
785.6	472.93
818.11	438.07
818.11	438.07
835.07	403.22
835.07	403.22
835.07	403.22
856.28	362.79
856.28	362.79
856.28	362.79
860.52	326.54
860.52	326.54
860.52	326.54
860.52	287.5
860.52	287.5
860.52	287.5
869	265.2
869	265.2
877.48	256.83
877.48	256.83
877.48	256.83
895.86	247.07
895.86	247.07
928.37	235.92
928.37	235.92
928.37	235.92
955.23	226.16
955.23	226.16
963.71	219.19
963.71	219.19
963.71	219.19
963.71	217.8
963.71	217.8
897.27	208.04
897.27	208.04
897.27	208.04
778.53	199.67
778.53	199.67
705.02	198.28
705.02	198.28
705.02	198.28
644.24	205.25
644.24	205.25
644.24	205.25
601.83	216.4
601.83	216.4
559.43	227.56
559.43	227.56
559.43	227.56
531.16	237.31
531.16	237.31
501.47	247.07
501.47	247.07
501.47	247.07
471.79	254.04
471.79	254.04
449.17	261.02
449.17	261.02
449.17	261.02
430.79	266.59
430.79	266.59
422.31	272.17
422.31	272.17
422.31	272.17
413.83	276.35
413.83	276.35
413.83	276.35
405.35	284.72
405.35	284.72
395.45	293.08
395.45	293.08
395.45	293.08
386.97	302.84
386.97	302.84
370.01	320.96
370.01	320.96
370.01	320.96
358.7	339.09
358.7	339.09
358.7	339.09
345.98	362.79
345.98	362.79
336.08	380.91
336.08	380.91
336.08	380.91
333.26	386.49
333.26	386.49
329.02	400.43
329.02	400.43
321.95	415.77
321.95	415.77
321.95	415.77
319.12	426.92
319.12	426.92
319.12	426.92
319.12	428.31
319.12	428.31
319.12	435.28
319.12	435.28
319.12	435.28
320.53	439.47
320.53	439.47
320.53	439.47
345.98	447.83
345.98	447.83
345.98	447.83
382.73	452.01
382.73	452.01
443.51	454.8
443.51	454.8
443.51	454.8
529.74	467.35
529.74	467.35
572.15	472.93
572.15	472.93
572.15	472.93
604.66	477.11
604.66	477.11
654.14	482.69
654.14	482.69
654.14	482.69
682.41	482.69
682.41	482.69
692.3	484.08
692.3	484.08
692.3	484.08
700.78	485.47
700.78	485.47
700.78	485.47
713.51	489.66
713.51	489.66
713.51	489.66
713.51	489.66
713.51	489.66
713.51	489.66
713.51	489.66
713.51	489.66
713.51	489.66
713.51	489.66
713.51	489.66
713.51	489.66
713.51	489.66
713.51	489.66
713.51	489.66
712.09	489.66
712.09	489.66
712.09	489.66
712.09	489.66
712.09	489.66
712.09	489.66
712.09	489.66
712.09	489.66
712.09	489.66
712.09	489.66
712.09	489.66
712.09	489.66
712.09	489.66
712.09	489.66
712.09	489.66
712.09	489.66
712.09	489.66
712.09	489.66
712.09	489.66
712.09	489.66
712.09	489.66
712.09	489.66
712.09	489.66
712.09	489.66
712.09	489.66
712.09	489.66
712.09	489.66
712.09	489.66
712.09	489.66
712.09	489.66
712.09	489.66
712.09	489.66
712.09	489.66
712.09	489.66
712.09	489.66
712.09	489.66
712.09	489.66
712.09	489.66
712.09	489.66
712.09	489.66
712.09	489.66
712.09	489.66
712.09	489.66
712.09	489.66
712.09	489.66
712.09	489.66
712.09	489.66
712.09	489.66
712.09	489.66
712.09	489.66
712.09	489.66
712.09	489.66
712.09	489.66
712.09	489.66
712.09	489.66
712.09	489.66
712.09	489.66
712.09	489.66
712.09	489.66
712.09	489.66
712.09	489.66
712.09	489.66
712.09	489.66
712.09	489.66
712.09	489.66
712.09	489.66
712.09	489.66
712.09	489.66
712.09	489.66
712.09	489.66
712.09	489.66
712.09	489.66
712.09	489.66
712.09	489.66
712.09	489.66
712.09	489.66
712.09	489.66
712.09	489.66
712.09	489.66
712.09	489.66
712.09	489.66
712.09	489.66
712.09	489.66
712.09	489.66
712.09	489.66
712.09	489.66
712.09	489.66
712.09	489.66
712.09	489.66
712.09	489.66
712.09	489.66
712.09	489.66
712.09	489.66
712.09	489.66
712.09	489.66
712.09	489.66
712.09	489.66
712.09	489.66
712.09	489.66
712.09	489.66
712.09	489.66
712.09	489.66
712.09	489.66
712.09	489.66
712.09	489.66
712.09	489.66
712.09	489.66
712.09	489.66
712.09	489.66
712.09	489.66
712.09	489.66
712.09	489.66
712.09	489.66
712.09	489.66
712.09	489.66
712.09	489.66
712.09	489.66
712.09	489.66
712.09	489.66
712.09	489.66
712.09	489.66
712.09	489.66
712.09	489.66
712.09	489.66
712.09	489.66
712.09	489.66
712.09	489.66
712.09	489.66
712.09	489.66
712.09	489.66
712.09	489.66
712.09	489.66
712.09	489.66
712.09	489.66
712.09	489.66
712.09	489.66
712.09	489.66
712.09	489.66
712.09	489.66
712.09	489.66
712.09	489.66
712.09	489.66
712.09	489.66
712.09	489.66
712.09	489.66
712.09	489.66
712.09	489.66
712.09	489.66
712.09	489.66
712.09	489.66
712.09	489.66
712.09	489.66
712.09	489.66
712.09	489.66
712.09	489.66
712.09	489.66
712.09	489.66
712.09	489.66
712.09	489.66
712.09	489.66
712.09	489.66
712.09	489.66
712.09	489.66
712.09	489.66
712.09	489.66
712.09	489.66
712.09	489.66
712.09	489.66
712.09	489.66
712.09	489.66
712.09	489.66
712.09	489.66
712.09	489.66
712.09	489.66
712.09	489.66
712.09	489.66
712.09	489.66
712.09	489.66
712.09	489.66
712.09	489.66
712.09	489.66
712.09	489.66
712.09	489.66
712.09	489.66
712.09	489.66
712.09	489.66
712.09	489.66
712.09	489.66
712.09	489.66
712.09	489.66
712.09	489.66
712.09	489.66
712.09	489.66
712.09	489.66
712.09	489.66
712.09	489.66
712.09	489.66
712.09	489.66
712.09	489.66
712.09	489.66
712.09	489.66
712.09	489.66
712.09	489.66
712.09	489.66
712.09	489.66
712.09	489.66
712.09	489.66
712.09	489.66
712.09	489.66
712.09	489.66
712.09	489.66
712.09	489.66
712.09	489.66
712.09	489.66
712.09	489.66
712.09	489.66
712.09	489.66
712.09	489.66
712.09	489.66
712.09	489.66
712.09	489.66
712.09	489.66
712.09	489.66
712.09	489.66
712.09	489.66
712.09	489.66
712.09	489.66
712.09	489.66
712.09	489.66
714.92	482.69
714.92	482.69
714.92	482.69
799.73	399.04
799.73	399.04
806.8	389.28
806.8	389.28
806.8	389.28
806.8	389.28
806.8	389.28
806.8	389.28
822.35	355.82
822.35	355.82
818.11	343.27
818.11	343.27
818.11	343.27
812.45	333.51
812.45	333.51
812.45	333.51
812.45	333.51
812.45	333.51
806.8	336.3
806.8	336.3
772.88	341.88
772.88	341.88
772.88	341.88
768.63	341.88
768.63	341.88
757.33	340.48
757.33	340.48
757.33	340.48
757.33	340.48
757.33	340.48
757.33	340.48
768.63	426.92
768.63	426.92
781.36	509.17
781.36	509.17
781.36	509.17
782.77	525.9
782.77	525.9
782.77	525.9
782.77	525.9
782.77	525.9
778.53	530.09
778.53	530.09
778.53	530.09
775.7	530.09
775.7	530.09
775.7	530.09
775.7	530.09
775.7	530.09
775.7	530.09
775.7	530.09
775.7	530.09
775.7	530.09
775.7	530.09
775.7	530.09
775.7	530.09
775.7	530.09
775.7	530.09
775.7	530.09
775.7	530.09
775.7	530.09
775.7	530.09
775.7	530.09
775.7	530.09
775.7	530.09
775.7	530.09
775.7	530.09
775.7	530.09
775.7	530.09
775.7	530.09
775.7	530.09
775.7	530.09
775.7	530.09
775.7	530.09
740.36	507.78
740.36	507.78
740.36	507.78
740.36	507.78
740.36	507.78
740.36	507.78
740.36	507.78
740.36	507.78
740.36	507.78
740.36	507.78
740.36	507.78
740.36	507.78
740.36	507.78
740.36	507.78
740.36	507.78
740.36	507.78
740.36	507.78
740.36	507.78
740.36	507.78
740.36	507.78
740.36	507.78
740.36	507.78
740.36	507.78
740.36	507.78
740.36	507.78
740.36	507.78
740.36	507.78
740.36	507.78
740.36	507.78
740.36	507.78
740.36	507.78
740.36	507.78
740.36	507.78
740.36	507.78
740.36	507.78
740.36	507.78
740.36	507.78
740.36	507.78
740.36	507.78
740.36	507.78
740.36	507.78
740.36	507.78
740.36	507.78
740.36	507.78
740.36	507.78
740.36	507.78
740.36	507.78
740.36	507.78
740.36	507.78
740.36	507.78
740.36	507.78
740.36	507.78
740.36	507.78
740.36	507.78
740.36	507.78
740.36	507.78
740.36	507.78
740.36	507.78
740.36	507.78
740.36	507.78
740.36	507.78
740.36	507.78
740.36	507.78
740.36	507.78
740.36	507.78
740.36	507.78
740.36	507.78
740.36	507.78
740.36	507.78
740.36	507.78
740.36	507.78
740.36	507.78
740.36	507.78
740.36	507.78
740.36	507.78
740.36	507.78
740.36	507.78
740.36	507.78
740.36	507.78
740.36	507.78
740.36	507.78
740.36	507.78
740.36	507.78
740.36	507.78
740.36	507.78
740.36	507.78
740.36	507.78
740.36	507.78
740.36	507.78
740.36	507.78
740.36	507.78
740.36	507.78
740.36	507.78
740.36	507.78
740.36	507.78
740.36	507.78
740.36	507.78
740.36	507.78
740.36	507.78
740.36	507.78
740.36	507.78
740.36	507.78
740.36	507.78
740.36	507.78
740.36	507.78
740.36	507.78
740.36	507.78
740.36	507.78
740.36	507.78
740.36	507.78
740.36	507.78
740.36	507.78
740.36	507.78
740.36	507.78
740.36	507.78
740.36	507.78
740.36	507.78
740.36	507.78
740.36	507.78
740.36	507.78
740.36	507.78
740.36	507.78
740.36	507.78
740.36	507.78
740.36	507.78
740.36	507.78
740.36	507.78
740.36	507.78
740.36	507.78
740.36	507.78
740.36	507.78
740.36	507.78
740.36	507.78
740.36	507.78
740.36	507.78
740.36	507.78
740.36	507.78
740.36	507.78
740.36	507.78
740.36	507.78
741.78	509.17
741.78	509.17
741.78	509.17
740.36	516.15
740.36	516.15
736.12	521.72
736.12	521.72
736.12	521.72
730.47	525.9
730.47	525.9
724.81	531.48
724.81	531.48
724.81	531.48
720.57	537.06
720.57	537.06
714.92	548.21
714.92	548.21
714.92	548.21
707.85	564.94
707.85	564.94
707.85	564.94
707.85	564.94
707.85	564.94
707.85	564.94
707.85	564.94
707.85	564.94
700.78	562.15
700.78	562.15
699.37	560.76
699.37	560.76
699.37	560.76
696.54	559.36
696.54	559.36
696.54	559.36
696.54	559.36
696.54	559.36
696.54	559.36
696.54	559.36
696.54	559.36
696.54	559.36
696.54	559.36
696.54	559.36
696.54	559.36
696.54	559.36
696.54	559.36
696.54	559.36
696.54	559.36
696.54	559.36
696.54	559.36
696.54	559.36
696.54	559.36
696.54	559.36
696.54	559.36
696.54	559.36
696.54	559.36
696.54	559.36
696.54	559.36
696.54	559.36
696.54	559.36
696.54	559.36
696.54	559.36
696.54	559.36
696.54	559.36
696.54	559.36
696.54	559.36
696.54	559.36
696.54	559.36
696.54	559.36
696.54	559.36
696.54	559.36
696.54	559.36
696.54	559.36
696.54	559.36
696.54	559.36
696.54	559.36
696.54	559.36
696.54	559.36
696.54	559.36
696.54	559.36
696.54	559.36
696.54	559.36
696.54	559.36
696.54	559.36
696.54	559.36
696.54	559.36
696.54	559.36
696.54	559.36
696.54	559.36
696.54	559.36
696.54	559.36
696.54	559.36
696.54	559.36
696.54	559.36
696.54	559.36
696.54	559.36
696.54	559.36
696.54	559.36
696.54	559.36
696.54	559.36
696.54	559.36
696.54	559.36
696.54	559.36
696.54	559.36
696.54	559.36
696.54	559.36
696.54	559.36
696.54	559.36
696.54	559.36
696.54	559.36
696.54	559.36
696.54	559.36
696.54	559.36
696.54	559.36
696.54	559.36
696.54	559.36
696.54	559.36
696.54	559.36
696.54	559.36
696.54	559.36
696.54	559.36
696.54	559.36
696.54	559.36
696.54	559.36
696.54	559.36
696.54	559.36
696.54	559.36
696.54	559.36
696.54	559.36
696.54	559.36
696.54	559.36
696.54	559.36
696.54	559.36
696.54	559.36
696.54	559.36
696.54	559.36
696.54	559.36
696.54	559.36
696.54	559.36
696.54	559.36
696.54	559.36
696.54	559.36
696.54	559.36
696.54	559.36
696.54	559.36
696.54	559.36
696.54	559.36
696.54	559.36
696.54	559.36
696.54	559.36
696.54	559.36
696.54	559.36
696.54	559.36
696.54	559.36
696.54	559.36
696.54	559.36
696.54	559.36
696.54	559.36
696.54	559.36
696.54	559.36
696.54	559.36
696.54	559.36
696.54	559.36
696.54	559.36
696.54	559.36
696.54	559.36
696.54	559.36
696.54	559.36
696.54	559.36
696.54	559.36
696.54	559.36
696.54	559.36
696.54	559.36
696.54	559.36
696.54	559.36
696.54	559.36
696.54	559.36
696.54	559.36
696.54	559.36
696.54	559.36
696.54	559.36
696.54	559.36
696.54	559.36
696.54	559.36
696.54	559.36
696.54	559.36
696.54	559.36
696.54	559.36
696.54	559.36
696.54	559.36
696.54	559.36
696.54	559.36
696.54	559.36
696.54	559.36
696.54	559.36
696.54	559.36
696.54	559.36
696.54	559.36
696.54	559.36
696.54	559.36
696.54	559.36
696.54	559.36
693.72	556.58
693.72	556.58
689.47	524.51
689.47	524.51
689.47	524.51
686.65	500.81
686.65	500.81
686.65	500.81
686.65	489.66
686.65	489.66
686.65	489.66
689.47	465.96
689.47	465.96
689.47	465.96
692.3	440.86
692.3	440.86
693.72	428.31
693.72	428.31
693.72	428.31
695.13	422.74
695.13	422.74
695.13	422.74
695.13	422.74
695.13	422.74
695.13	422.74
695.13	422.74
695.13	421.34
695.13	421.34
695.13	421.34
695.13	421.34
695.13	421.34
695.13	421.34
695.13	421.34
695.13	421.34
695.13	421.34
695.13	421.34
695.13	421.34
695.13	421.34
695.13	421.34
682.41	421.34
682.41	421.34
651.31	412.98
651.31	412.98
651.31	412.98
583.46	400.43
583.46	400.43
583.46	400.43
579.22	400.43
579.22	400.43
562.25	400.43
562.25	400.43
562.25	400.43
541.05	397.64
541.05	397.64
541.05	397.64
538.22	393.46
538.22	393.46
532.57	383.7
532.57	383.7
532.57	383.7
528.33	378.12
528.33	378.12
528.33	378.12
528.33	378.12
528.33	378.12
528.33	378.12
528.33	378.12
528.33	378.12
528.33	378.12
528.33	378.12
528.33	378.12
528.33	378.12
528.33	378.12
528.33	378.12
528.33	378.12
528.33	378.12
528.33	378.12
528.33	378.12
529.74	376.73
529.74	376.73
611.73	362.79
611.73	362.79
611.73	362.79
697.96	360
697.96	360
767.22	368.36
767.22	368.36
767.22	368.36
822.35	390.67
822.35	390.67
839.31	396.25
839.31	396.25
839.31	396.25
839.31	396.25
839.31	396.25
835.07	421.34
835.07	421.34
835.07	421.34
822.35	453.41
822.35	453.41
822.35	453.41
815.28	468.74
815.28	468.74
815.28	468.74
812.45	474.32
812.45	474.32
803.97	484.08
803.97	484.08
803.97	484.08
791.25	486.87
791.25	486.87
791.25	486.87
771.46	486.87
771.46	486.87
767.22	486.87
767.22	486.87
767.22	486.87
767.22	486.87
767.22	486.87
767.22	486.87
767.22	486.87
767.22	486.87
767.22	486.87
767.22	486.87
767.22	486.87
767.22	486.87
767.22	486.87
767.22	486.87
767.22	486.87
767.22	486.87
767.22	486.87
767.22	486.87
767.22	486.87
767.22	486.87
767.22	486.87
767.22	486.87
767.22	486.87
767.22	486.87
767.22	486.87
767.22	486.87
767.22	486.87
767.22	486.87
767.22	486.87
767.22	486.87
767.22	486.87
767.22	486.87
767.22	486.87
767.22	486.87
767.22	486.87
767.22	486.87
767.22	486.87
767.22	486.87
767.22	486.87
767.22	486.87
767.22	486.87
767.22	486.87
767.22	486.87
767.22	486.87
767.22	486.87
767.22	486.87
767.22	486.87
767.22	486.87
762.98	491.05
762.98	491.05
762.98	491.05
746.02	510.57
746.02	510.57
746.02	510.57
709.26	548.21
709.26	548.21
668.27	562.15
668.27	562.15
668.27	562.15
632.93	570.52
632.93	570.52
632.93	570.52
627.28	571.91
627.28	571.91
627.28	571.91
627.28	571.91
627.28	571.91
627.28	571.91
627.28	571.91
627.28	571.91
627.28	571.91
627.28	571.91
627.28	571.91
627.28	571.91
627.28	571.91
627.28	571.91
627.28	571.91
627.28	571.91
627.28	571.91
627.28	571.91
627.28	571.91
627.28	571.91
627.28	571.91
627.28	571.91
627.28	571.91
627.28	571.91
627.28	571.91
627.28	571.91
627.28	571.91
627.28	571.91
627.28	571.91
627.28	571.91
627.28	571.91
627.28	571.91
627.28	571.91
627.28	571.91
627.28	571.91
627.28	571.91
627.28	571.91
627.28	571.91
627.28	571.91
627.28	571.91
627.28	571.91
627.28	571.91
627.28	571.91
627.28	571.91
627.28	571.91
627.28	571.91
627.28	571.91
627.28	571.91
627.28	571.91
627.28	571.91
627.28	571.91
567.91	560.76
567.91	560.76
507.12	544.03
507.12	544.03
507.12	544.03
415.24	528.69
415.24	528.69
399.69	528.69
399.69	528.69
399.69	528.69
378.49	525.9
378.49	525.9
345.98	517.54
345.98	517.54
345.98	517.54
345.98	517.54
345.98	517.54
345.98	517.54
344.56	517.54
344.56	517.54
338.91	517.54
338.91	517.54
338.91	517.54
338.91	517.54
338.91	517.54
338.91	517.54
395.45	523.12
395.45	523.12
519.85	534.27
519.85	534.27
519.85	534.27
665.44	560.76
665.44	560.76
678.17	562.15
678.17	562.15
679.58	562.15
679.58	562.15
679.58	562.15
683.82	560.76
683.82	560.76
683.82	560.76
709.26	556.58
709.26	556.58
720.57	553.79
720.57	553.79
720.57	553.79
737.54	548.21
737.54	548.21
737.54	548.21
770.05	545.42
770.05	545.42
770.05	545.42
778.53	544.03
778.53	544.03
788.42	542.63
788.42	542.63
788.42	542.63
801.15	541.24
801.15	541.24
809.63	541.24
809.63	541.24
809.63	541.24
819.52	541.24
819.52	541.24
833.66	542.63
833.66	542.63
833.66	542.63
839.31	544.03
839.31	544.03
843.55	544.03
843.55	544.03
843.55	544.03
844.97	542.63
844.97	542.63
850.62	539.85
850.62	539.85
850.62	539.85
860.52	535.66
860.52	535.66
860.52	535.66
873.24	528.69
873.24	528.69
880.31	520.33
880.31	520.33
880.31	520.33
884.55	516.15
884.55	516.15
884.55	516.15
884.55	516.15
884.55	516.15
884.55	516.15
884.55	516.15
884.55	516.15
884.55	516.15
884.55	516.15
884.55	516.15
884.55	516.15
884.55	516.15
884.55	516.15
884.55	516.15
884.55	516.15
884.55	516.15
884.55	516.15
884.55	516.15
884.55	516.15
884.55	516.15
884.55	516.15
884.55	516.15
884.55	516.15
884.55	516.15
884.55	516.15
884.55	516.15
884.55	516.15
884.55	516.15
884.55	516.15
884.55	516.15
884.55	516.15
884.55	516.15
884.55	516.15
884.55	516.15
884.55	516.15
884.55	516.15
884.55	516.15
884.55	516.15
884.55	516.15
884.55	516.15
884.55	516.15
884.55	516.15
884.55	516.15
884.55	516.15
884.55	516.15
884.55	516.15
884.55	516.15
884.55	516.15
884.55	516.15
884.55	516.15
867.58	496.63
867.58	496.63
836.49	481.29
836.49	481.29
836.49	481.29
796.91	471.53
796.91	471.53
758.74	468.74
758.74	468.74
758.74	468.74
744.6	468.74
744.6	468.74
734.71	468.74
734.71	468.74
734.71	468.74
716.33	477.11
716.33	477.11
716.33	477.11
683.82	482.69
683.82	482.69
683.82	482.69
652.72	484.08
652.72	484.08
637.17	484.08
637.17	484.08
632.93	485.47
632.93	485.47
632.93	485.47
627.28	485.47
627.28	485.47
627.28	485.47
610.32	486.87
610.32	486.87
600.42	486.87
600.42	486.87
583.46	485.47
583.46	485.47
583.46	485.47
562.25	484.08
562.25	484.08
562.25	484.08
555.19	484.08
555.19	484.08
555.19	484.08
555.19	484.08
555.19	484.08
555.19	482.69
555.19	482.69
555.19	482.69
555.19	481.29
555.19	481.29
555.19	481.29
555.19	481.29
555.19	481.29
558.01	478.5
558.01	478.5
558.01	478.5
604.66	436.68
604.66	436.68
671.1	347.45
671.1	347.45
671.1	347.45
682.41	320.96
682.41	320.96
697.96	288.9
697.96	288.9
697.96	288.9
736.12	237.31
736.12	237.31
747.43	209.43
747.43	209.43
747.43	209.43
748.84	206.64
748.84	206.64
719.16	240.1
719.16	240.1
719.16	240.1
710.68	262.41
710.68	262.41
710.68	262.41
710.68	262.41
710.68	262.41
710.68	262.41
710.68	262.41
710.68	262.41
717.75	252.65
717.75	252.65
717.75	252.65
727.64	242.89
727.64	242.89
727.64	242.89
733.3	237.31
733.3	237.31
751.67	231.74
751.67	231.74
751.67	231.74
828	235.92
828	235.92
877.48	244.29
877.48	244.29
877.48	244.29
905.75	244.29
905.75	244.29
939.68	244.29
939.68	244.29
939.68	244.29
962.29	244.29
962.29	244.29
962.29	244.29
962.29	244.29
962.29	244.29
962.29	244.29
962.29	244.29
962.29	244.29
962.29	244.29
962.29	244.29
962.29	244.29
962.29	244.29
962.29	244.29
962.29	244.29
962.29	244.29
962.29	244.29
925.54	252.65
925.54	252.65
861.93	247.07
861.93	247.07
861.93	247.07
856.28	245.68
856.28	245.68
856.28	245.68
854.86	245.68
854.86	245.68
828	245.68
828	245.68
828	245.68
787.01	249.86
787.01	249.86
741.78	251.26
741.78	251.26
741.78	251.26
719.16	251.26
719.16	251.26
719.16	251.26
716.33	251.26
716.33	251.26
716.33	251.26
714.92	251.26
714.92	251.26
714.92	251.26
717.75	249.86
717.75	249.86
717.75	248.47
717.75	248.47
717.75	248.47
717.75	248.47
717.75	248.47
717.75	248.47
717.75	248.47
717.75	248.47
717.75	247.07
717.75	247.07
717.75	247.07
717.75	247.07
717.75	247.07
717.75	247.07
717.75	247.07
717.75	247.07
717.75	247.07
717.75	247.07
717.75	247.07
717.75	247.07
717.75	247.07
717.75	247.07
717.75	247.07
717.75	247.07
717.75	247.07
717.75	247.07
720.57	245.68
720.57	245.68
720.57	244.29
720.57	244.29
720.57	244.29
720.57	244.29
720.57	244.29
720.57	244.29
720.57	244.29
720.57	244.29
720.57	244.29
720.57	244.29
720.57	244.29
720.57	244.29
720.57	244.29
720.57	244.29
720.57	244.29
720.57	244.29
720.57	244.29
720.57	244.29
720.57	244.29
720.57	244.29
720.57	244.29
720.57	244.29
720.57	244.29
720.57	244.29
720.57	244.29
720.57	244.29
720.57	244.29
720.57	244.29
720.57	244.29
720.57	244.29
720.57	244.29
720.57	244.29
720.57	244.29
720.57	244.29
720.57	244.29
720.57	244.29
720.57	244.29
720.57	244.29
723.4	241.5
723.4	241.5
723.4	241.5
730.47	238.71
730.47	238.71
736.12	231.74
736.12	231.74
736.12	231.74
738.95	228.95
738.95	228.95
738.95	228.95
744.6	223.37
744.6	223.37
753.09	215.01
753.09	215.01
753.09	215.01
758.74	206.64
758.74	206.64
761.57	203.85
761.57	203.85
764.39	199.67
764.39	199.67
764.39	199.67
764.39	199.67
764.39	199.67
746.02	226.16
746.02	226.16
746.02	226.16
699.37	248.47
699.37	248.47
699.37	248.47
678.17	277.75
678.17	277.75
671.1	365.58
671.1	365.58
671.1	365.58
682.41	411.58
682.41	411.58
682.41	411.58
683.82	439.47
683.82	439.47
676.75	464.56
676.75	464.56
676.75	464.56
668.27	482.69
668.27	482.69
659.79	493.84
659.79	493.84
659.79	493.84
655.55	498.02
655.55	498.02
652.72	503.6
652.72	503.6
652.72	503.6
652.72	507.78
652.72	507.78
666.86	544.03
666.86	544.03
666.86	544.03
700.78	602.58
700.78	602.58
700.78	602.58
719.16	636.04
719.16	636.04
719.16	636.04
730.47	659.74
730.47	659.74
730.47	662.53
730.47	662.53
730.47	662.53
731.88	668.11
731.88	668.11
731.88	668.11
731.88	668.11
731.88	668.11
733.3	670.9
733.3	670.9
733.3	670.9
733.3	670.9
733.3	670.9
731.88	672.29
731.88	672.29
731.88	672.29
731.88	672.29
731.88	672.29
731.88	670.9
731.88	670.9
747.43	603.98
747.43	603.98
747.43	603.98
755.91	576.09
755.91	576.09
767.22	557.97
767.22	557.97
767.22	557.97
803.97	525.9
803.97	525.9
803.97	525.9
835.07	498.02
835.07	498.02
852.03	481.29
852.03	481.29
852.03	481.29
852.03	481.29
852.03	481.29
852.03	481.29
852.03	481.29
852.03	481.29
852.03	481.29
852.03	481.29
852.03	481.29
852.03	481.29
852.03	481.29
852.03	482.69
852.03	482.69
852.03	482.69
852.03	482.69
852.03	482.69
852.03	482.69
852.03	482.69
852.03	482.69
852.03	482.69
852.03	482.69
852.03	482.69
852.03	482.69
852.03	482.69
852.03	482.69
852.03	482.69
852.03	482.69
852.03	482.69
852.03	482.69
852.03	482.69
852.03	482.69
852.03	482.69
852.03	482.69
852.03	482.69
852.03	482.69
852.03	482.69
852.03	482.69
852.03	482.69
852.03	482.69
852.03	482.69
852.03	482.69
852.03	482.69
852.03	482.69
852.03	482.69
852.03	482.69
852.03	482.69
852.03	482.69
852.03	482.69
852.03	482.69
852.03	482.69
852.03	482.69
852.03	482.69
852.03	482.69
852.03	482.69
852.03	482.69
852.03	482.69
852.03	482.69
852.03	482.69
852.03	482.69
852.03	482.69
852.03	482.69
852.03	482.69
852.03	482.69
852.03	482.69
852.03	482.69
852.03	482.69
852.03	482.69
852.03	482.69
852.03	482.69
852.03	482.69
852.03	482.69
852.03	482.69
852.03	482.69
852.03	482.69
852.03	482.69
852.03	482.69
852.03	482.69
852.03	482.69
852.03	482.69
852.03	482.69
852.03	482.69
852.03	482.69
852.03	482.69
852.03	482.69
852.03	482.69
852.03	482.69
852.03	482.69
852.03	482.69
852.03	482.69
852.03	482.69
852.03	482.69
852.03	482.69
852.03	482.69
852.03	482.69
852.03	482.69
852.03	482.69
852.03	482.69
852.03	482.69
852.03	482.69
852.03	482.69
852.03	482.69
852.03	482.69
852.03	482.69
852.03	482.69
852.03	482.69
852.03	482.69
852.03	482.69
753.09	458.98
753.09	458.98
642.83	412.98
642.83	412.98
642.83	412.98
543.88	373.94
543.88	373.94
543.88	373.94
502.88	351.64
502.88	351.64
466.13	337.69
466.13	337.69
466.13	337.69
429.38	325.15
429.38	325.15
429.38	325.15
427.97	325.15
427.97	325.15
422.31	322.36
422.31	322.36
422.31	322.36
422.31	322.36
422.31	322.36
422.31	322.36
422.31	322.36
422.31	322.36
422.31	322.36
422.31	322.36
422.31	322.36
422.31	322.36
422.31	322.36
422.31	322.36
422.31	322.36
422.31	322.36
443.51	322.36
443.51	322.36
515.61	315.39
515.61	315.39
515.61	315.39
597.59	305.63
597.59	305.63
597.59	305.63
648.48	293.08
648.48	293.08
696.54	283.32
696.54	283.32
696.54	283.32
747.43	280.53
747.43	280.53
747.43	280.53
795.49	288.9
795.49	288.9
853.45	301.45
853.45	301.45
853.45	301.45
893.03	318.18
893.03	318.18
918.47	329.33
918.47	329.33
918.47	329.33
929.78	339.09
929.78	339.09
942.5	347.45
942.5	347.45
942.5	347.45
953.81	353.03
953.81	353.03
955.23	354.42
955.23	354.42
955.23	354.42
960.88	358.61
960.88	358.61
960.88	358.61
960.88	358.61
960.88	358.61
960.88	358.61
960.88	358.61
960.88	358.61
898.68	407.4
898.68	407.4
898.68	407.4
844.97	468.74
844.97	468.74
844.97	468.74
809.63	511.96
809.63	511.96
809.63	511.96
798.32	541.24
798.32	541.24
789.84	555.18
789.84	555.18
789.84	555.18
785.6	559.36
785.6	559.36
785.6	559.36
785.6	559.36
785.6	559.36
785.6	559.36
785.6	559.36
785.6	559.36
785.6	559.36
785.6	559.36
785.6	559.36
785.6	559.36
785.6	559.36
785.6	559.36
785.6	559.36
785.6	559.36
785.6	559.36
785.6	559.36
785.6	559.36
785.6	559.36
785.6	559.36
785.6	559.36
785.6	559.36
785.6	559.36
785.6	559.36
785.6	559.36
785.6	559.36
785.6	559.36
785.6	559.36
785.6	559.36
785.6	559.36
785.6	559.36
785.6	559.36
785.6	559.36
785.6	559.36
785.6	559.36
785.6	559.36
785.6	559.36
785.6	559.36
785.6	559.36
785.6	559.36
785.6	559.36
785.6	559.36
785.6	559.36
785.6	559.36
785.6	559.36
785.6	559.36
785.6	559.36
785.6	559.36
785.6	559.36
785.6	559.36
785.6	559.36
785.6	559.36
785.6	559.36
785.6	559.36
785.6	559.36
785.6	559.36
785.6	559.36
785.6	559.36
785.6	559.36
785.6	559.36
785.6	559.36
785.6	559.36
785.6	559.36
785.6	559.36
785.6	559.36
785.6	559.36
785.6	559.36
785.6	559.36
785.6	559.36
785.6	559.36
785.6	559.36
785.6	559.36
785.6	559.36
785.6	559.36
785.6	559.36
785.6	559.36
785.6	559.36
785.6	559.36
785.6	559.36
785.6	559.36
785.6	559.36
785.6	559.36
785.6	559.36
785.6	559.36
785.6	559.36
785.6	559.36
785.6	559.36
785.6	559.36
785.6	559.36
785.6	559.36
785.6	559.36
785.6	559.36
785.6	559.36
785.6	559.36
785.6	559.36
785.6	559.36
785.6	559.36
785.6	559.36
785.6	559.36
785.6	559.36
785.6	559.36
785.6	559.36
785.6	559.36
785.6	559.36
785.6	559.36
785.6	559.36
785.6	559.36
785.6	559.36
785.6	559.36
785.6	559.36
736.12	551
736.12	551
671.1	538.45
671.1	538.45
671.1	538.45
640	532.87
640	532.87
640	532.87
620.21	530.09
620.21	530.09
574.98	504.99
574.98	504.99
574.98	504.99
556.6	498.02
556.6	498.02
556.6	498.02
497.23	482.69
497.23	482.69
484.51	481.29
484.51	481.29
484.51	481.29
484.51	481.29
484.51	481.29
484.51	482.69
484.51	482.69
484.51	482.69
483.09	491.05
483.09	491.05
484.51	498.02
484.51	498.02
484.51	498.02
491.58	503.6
491.58	503.6
491.58	503.6
563.67	520.33
563.67	520.33
644.24	520.33
644.24	520.33
644.24	520.33
683.82	513.36
683.82	513.36
683.82	513.36
719.16	510.57
719.16	510.57
719.16	510.57
762.98	503.6
762.98	503.6
795.49	499.42
795.49	499.42
795.49	499.42
801.15	499.42
801.15	499.42
806.8	496.63
806.8	496.63
806.8	496.63
816.7	493.84
816.7	493.84
837.9	488.26
837.9	488.26
837.9	488.26
873.24	486.87
873.24	486.87
873.24	486.87
890.2	485.47
890.2	485.47
890.2	485.47
928.37	474.32
928.37	474.32
949.57	471.53
949.57	471.53
949.57	471.53
949.57	470.14
949.57	470.14
949.57	470.14
949.57	470.14
949.57	470.14
949.57	470.14
949.57	470.14
949.57	470.14
949.57	470.14
949.57	470.14
949.57	470.14
949.57	470.14
949.57	470.14
949.57	470.14
949.57	470.14
949.57	470.14
949.57	470.14
949.57	470.14
949.57	470.14
949.57	470.14
949.57	470.14
949.57	470.14
949.57	470.14
949.57	470.14
949.57	470.14
949.57	470.14
949.57	470.14
949.57	470.14
949.57	470.14
949.57	470.14
949.57	470.14
949.57	470.14
949.57	470.14
949.57	470.14
949.57	470.14
949.57	470.14
949.57	470.14
949.57	470.14
949.57	470.14
949.57	470.14
949.57	470.14
949.57	470.14
949.57	470.14
949.57	470.14
949.57	470.14
949.57	470.14
949.57	470.14
949.57	470.14
949.57	470.14
949.57	470.14
949.57	470.14
949.57	470.14
949.57	470.14
949.57	470.14
949.57	470.14
949.57	470.14
949.57	470.14
949.57	470.14
949.57	470.14
949.57	470.14
949.57	470.14
949.57	470.14
949.57	470.14
949.57	470.14
949.57	470.14
949.57	470.14
949.57	470.14
949.57	470.14
949.57	470.14
949.57	470.14
949.57	470.14
949.57	470.14
949.57	470.14
949.57	470.14
949.57	470.14
949.57	470.14
949.57	470.14
949.57	470.14
949.57	470.14
949.57	470.14
949.57	470.14
949.57	470.14
949.57	470.14
949.57	470.14
949.57	470.14
949.57	470.14
949.57	470.14
949.57	470.14
949.57	470.14
949.57	470.14
949.57	470.14
949.57	470.14
949.57	470.14
949.57	470.14
949.57	470.14
949.57	470.14
949.57	470.14
949.57	470.14
949.57	470.14
949.57	470.14
949.57	470.14
949.57	470.14
949.57	470.14
949.57	470.14
949.57	470.14
949.57	470.14
949.57	470.14
949.57	470.14
949.57	470.14
949.57	470.14
949.57	470.14
949.57	470.14
949.57	470.14
949.57	470.14
949.57	470.14
949.57	470.14
949.57	470.14
949.57	470.14
949.57	470.14
949.57	470.14
949.57	470.14
949.57	470.14
949.57	470.14
949.57	470.14
949.57	470.14
949.57	470.14
949.57	470.14
949.57	470.14
949.57	470.14
949.57	470.14
949.57	470.14
949.57	470.14
949.57	470.14
949.57	470.14
949.57	470.14
949.57	470.14
949.57	470.14
949.57	470.14
949.57	470.14
949.57	470.14
949.57	470.14
949.57	470.14
949.57	470.14
949.57	470.14
949.57	470.14
949.57	470.14
949.57	470.14
949.57	470.14
949.57	470.14
949.57	470.14
949.57	470.14
949.57	470.14
949.57	470.14
949.57	470.14
949.57	470.14
949.57	470.14
949.57	470.14
949.57	470.14
949.57	470.14
949.57	470.14
949.57	470.14
949.57	470.14
949.57	470.14
949.57	470.14
949.57	470.14
949.57	470.14
949.57	470.14
949.57	470.14
822.35	456.2
822.35	456.2
789.84	449.23
789.84	449.23
789.84	449.23
788.42	450.62
788.42	450.62
788.42	450.62
782.77	453.41
782.77	453.41
782.77	453.41
747.43	463.17
747.43	463.17
702.2	481.29
702.2	481.29
702.2	481.29
586.28	530.09
586.28	530.09
586.28	530.09
504.3	546.82
504.3	546.82
457.65	539.85
457.65	539.85
457.65	539.85
453.41	539.85
453.41	539.85
413.83	535.66
413.83	535.66
413.83	535.66
412.42	535.66
412.42	535.66
412.42	535.66
412.42	535.66
412.42	535.66
416.66	535.66
416.66	535.66
416.66	535.66
502.88	535.66
502.88	535.66
502.88	535.66
634.35	527.3
634.35	527.3
661.2	517.54
661.2	517.54
661.2	517.54
692.3	506.39
692.3	506.39
717.75	492.44
717.75	492.44
717.75	492.44
743.19	472.93
743.19	472.93
779.94	461.77
779.94	461.77
779.94	461.77
801.15	460.38
801.15	460.38
801.15	460.38
801.15	460.38
801.15	460.38
802.56	460.38
802.56	460.38
802.56	460.38
822.35	458.98
822.35	458.98
837.9	458.98
837.9	458.98
837.9	458.98
843.55	458.98
843.55	458.98
843.55	458.98
843.55	458.98
843.55	458.98
843.55	458.98
843.55	458.98
843.55	458.98
843.55	458.98
843.55	458.98
843.55	458.98
843.55	458.98
843.55	458.98
843.55	458.98
843.55	458.98
843.55	458.98
843.55	458.98
843.55	458.98
843.55	458.98
843.55	458.98
843.55	458.98
843.55	458.98
843.55	458.98
843.55	458.98
843.55	458.98
843.55	458.98
843.55	458.98
843.55	458.98
842.14	456.2
842.14	456.2
842.14	456.2
840.73	453.41
840.73	453.41
840.73	453.41
840.73	453.41
840.73	453.41
840.73	453.41
840.73	453.41
840.73	453.41
840.73	453.41
840.73	453.41
840.73	453.41
840.73	453.41
840.73	453.41
840.73	453.41
840.73	453.41
840.73	453.41
840.73	453.41
840.73	453.41
840.73	453.41
840.73	453.41
840.73	453.41
840.73	453.41
840.73	453.41
840.73	453.41
840.73	453.41
840.73	453.41
840.73	453.41
840.73	453.41
840.73	453.41
840.73	453.41
840.73	453.41
840.73	453.41
840.73	453.41
840.73	453.41
840.73	453.41
840.73	453.41
840.73	453.41
840.73	453.41
840.73	453.41
840.73	453.41
840.73	453.41
840.73	453.41
840.73	453.41
840.73	453.41
840.73	453.41
840.73	453.41
840.73	453.41
840.73	453.41
840.73	453.41
840.73	453.41
840.73	453.41
840.73	453.41
840.73	453.41
840.73	453.41
840.73	453.41
840.73	453.41
840.73	453.41
840.73	453.41
840.73	453.41
840.73	446.44
840.73	446.44
847.79	431.1
847.79	431.1
847.79	431.1
885.96	347.45
885.96	347.45
885.96	347.45
909.99	270.77
909.99	270.77
925.54	235.92
925.54	235.92
925.54	235.92
938.26	216.4
938.26	216.4
952.4	194.1
952.4	194.1
965.12	175.97
965.12	175.97
965.12	175.97
966.53	175.97
966.53	175.97
966.53	175.97
966.53	175.97
966.53	175.97
966.53	174.58
966.53	174.58
966.53	174.58
966.53	174.58
966.53	174.58
962.29	188.52
962.29	188.52
962.29	188.52
952.4	210.83
952.4	210.83
952.4	210.83
938.26	240.1
938.26	240.1
935.44	248.47
935.44	248.47
935.44	248.47
934.02	256.83
934.02	256.83
934.02	256.83
938.26	266.59
938.26	266.59
972.19	280.53
972.19	280.53
972.19	280.53
1003.29	288.9
1003.29	288.9
1003.29	288.9
1011.77	293.08
1011.77	293.08
1011.77	293.08
1011.77	293.08
1011.77	293.08
1011.77	293.08
1011.77	293.08
1011.77	293.08
963.71	308.42
963.71	308.42
876.07	347.45
876.07	347.45
876.07	347.45
818.11	383.7
818.11	383.7
818.11	383.7
789.84	408.8
789.84	408.8
779.94	432.5
779.94	432.5
779.94	432.5
775.7	442.25
775.7	442.25
775.7	442.25
768.63	450.62
768.63	450.62
768.63	450.62
768.63	450.62
768.63	450.62
768.63	450.62
768.63	450.62
768.63	450.62
768.63	450.62
768.63	450.62
775.7	445.04
775.7	445.04
775.7	445.04
775.7	445.04
775.7	445.04
775.7	443.65
775.7	443.65
775.7	443.65
775.7	443.65
775.7	443.65
775.7	443.65
775.7	443.65
775.7	443.65
775.7	443.65
775.7	443.65
775.7	443.65
775.7	443.65
775.7	443.65
775.7	443.65
775.7	443.65
775.7	443.65
775.7	443.65
775.7	443.65
775.7	443.65
775.7	443.65
775.7	443.65
775.7	443.65
775.7	443.65
775.7	443.65
775.7	443.65
775.7	443.65
775.7	443.65
775.7	443.65
775.7	443.65
775.7	443.65
778.53	442.25
778.53	442.25
778.53	442.25
764.39	375.34
764.39	375.34
764.39	375.34
788.42	313.99
788.42	313.99
788.42	313.99
795.49	286.11
795.49	286.11
795.49	263.8
795.49	263.8
795.49	263.8
792.67	230.34
792.67	230.34
792.67	230.34
788.42	202.46
788.42	202.46
794.08	164.82
794.08	164.82
794.08	164.82
802.56	149.48
802.56	149.48
803.97	148.09
803.97	148.09
803.97	148.09
803.97	148.09
803.97	148.09
803.97	148.09
803.97	148.09
803.97	148.09
803.97	148.09
803.97	148.09
803.97	148.09
803.97	148.09
803.97	148.09
803.97	148.09
803.97	148.09
803.97	148.09
803.97	148.09
803.97	148.09
803.97	148.09
803.97	148.09
803.97	148.09
803.97	148.09
803.97	148.09
803.97	148.09
803.97	148.09
803.97	148.09
803.97	148.09
803.97	148.09
803.97	148.09
803.97	148.09
803.97	148.09
803.97	148.09
803.97	148.09
803.97	148.09
803.97	148.09
803.97	148.09
803.97	148.09
803.97	148.09
803.97	148.09
803.97	148.09
803.97	148.09
803.97	148.09
803.97	148.09
803.97	148.09
803.97	148.09
803.97	148.09
803.97	148.09
803.97	148.09
803.97	148.09
803.97	148.09
803.97	148.09
803.97	148.09
803.97	148.09
803.97	148.09
803.97	148.09
803.97	148.09
803.97	148.09
803.97	148.09
803.97	148.09
803.97	148.09
803.97	148.09
802.56	173.18
802.56	173.18
802.56	209.43
802.56	209.43
802.56	209.43
795.49	238.71
795.49	238.71
795.49	238.71
791.25	251.26
791.25	251.26
760.15	251.26
760.15	251.26
760.15	251.26
738.95	240.1
738.95	240.1
719.16	237.31
719.16	237.31
719.16	237.31
686.65	231.74
686.65	231.74
679.58	231.74
679.58	231.74
679.58	231.74
673.93	234.53
673.93	234.53
664.03	242.89
664.03	242.89
664.03	242.89
654.14	269.38
654.14	269.38
662.62	308.42
662.62	308.42
662.62	308.42
682.41	355.82
682.41	355.82
682.41	355.82
702.2	400.43
702.2	400.43
713.51	435.28
713.51	435.28
713.51	435.28
716.33	454.8
716.33	454.8
716.33	485.47
716.33	485.47
716.33	485.47
714.92	525.9
714.92	525.9
713.51	569.12
713.51	569.12
713.51	569.12
713.51	590.04
713.51	590.04
712.09	599.79
712.09	599.79
712.09	599.79
710.68	601.19
710.68	601.19
710.68	601.19
710.68	601.19
710.68	601.19
710.68	601.19
710.68	601.19
714.92	606.76
714.92	606.76
714.92	606.76
778.53	617.92
778.53	617.92
778.53	617.92
826.59	619.31
826.59	619.31
922.71	616.52
922.71	616.52
922.71	616.52
969.36	619.31
969.36	619.31
969.36	619.31
1020.25	608.16
1020.25	608.16
1020.25	608.16
1051.35	603.98
1051.35	603.98
1061.24	603.98
1061.24	603.98
1061.24	603.98
1061.24	603.98
1061.24	603.98
1061.24	603.98
1061.24	603.98
1061.24	603.98
1061.24	603.98
1061.24	603.98
1061.24	603.98
1061.24	603.98
1061.24	603.98
1061.24	603.98
1061.24	603.98
1061.24	603.98
1030.14	603.98
1030.14	603.98
1030.14	603.98
991.98	606.76
991.98	606.76
991.98	606.76
958.05	606.76
958.05	606.76
929.78	605.37
929.78	605.37
929.78	605.37
861.93	603.98
861.93	603.98
861.93	603.98
822.35	608.16
822.35	608.16
785.6	615.13
785.6	615.13
785.6	615.13
716.33	627.68
716.33	627.68
716.33	627.68
662.62	638.83
662.62	638.83
601.83	645.8
601.83	645.8
601.83	645.8
501.47	651.38
501.47	651.38
501.47	651.38
386.97	658.35
386.97	658.35
295.09	661.14
295.09	661.14
295.09	661.14
238.55	656.95
238.55	656.95
238.55	656.95
190.49	649.98
190.49	649.98
189.07	649.98
189.07	649.98
189.07	649.98
157.97	649.98
157.97	649.98
157.97	649.98
121.22	648.59
121.22	648.59
121.22	648.59
121.22	648.59
121.22	648.59
121.22	648.59
121.22	648.59
121.22	648.59
121.22	648.59
121.22	648.59
121.22	648.59
121.22	648.59
121.22	648.59
121.22	648.59
121.22	648.59
121.22	648.59
121.22	648.59
121.22	648.59
121.22	648.59
121.22	648.59
121.22	648.59
121.22	648.59
121.22	648.59
176.35	644.41
176.35	644.41
176.35	644.41
279.54	647.2
279.54	647.2
279.54	647.2
372.84	641.62
372.84	641.62
425.14	638.83
425.14	638.83
425.14	638.83
456.24	633.25
456.24	633.25
456.24	633.25
476.03	629.07
476.03	629.07
505.71	624.89
505.71	624.89
505.71	624.89
548.12	617.92
548.12	617.92
583.46	606.76
583.46	606.76
583.46	606.76
610.32	597.01
610.32	597.01
610.32	597.01
627.28	588.64
627.28	588.64
642.83	580.28
642.83	580.28
642.83	580.28
673.93	569.12
673.93	569.12
695.13	559.36
695.13	559.36
695.13	559.36
695.13	559.36
695.13	559.36
695.13	559.36
695.13	556.58
695.13	556.58
695.13	556.58
699.37	545.42
699.37	545.42
699.37	545.42
717.75	498.02
717.75	498.02
717.75	498.02
750.26	403.22
750.26	403.22
767.22	318.18
767.22	318.18
767.22	318.18
782.77	254.04
782.77	254.04
794.08	215.01
794.08	215.01
794.08	215.01
801.15	181.55
801.15	181.55
801.15	181.55
812.45	143.91
812.45	143.91
823.76	111.84
823.76	111.84
823.76	111.84
826.59	104.87
826.59	104.87
826.59	104.87
826.59	104.87
826.59	104.87
826.59	104.87
826.59	104.87
826.59	104.87
826.59	104.87
826.59	104.87
826.59	104.87
826.59	104.87
826.59	104.87
826.59	104.87
826.59	104.87
826.59	104.87
826.59	104.87
826.59	104.87
826.59	104.87
826.59	104.87
826.59	104.87
826.59	104.87
826.59	104.87
826.59	104.87
826.59	104.87
826.59	104.87
826.59	104.87
826.59	104.87
826.59	104.87
826.59	104.87
826.59	104.87
826.59	104.87
826.59	104.87
826.59	104.87
826.59	104.87
826.59	104.87
826.59	104.87
826.59	104.87
826.59	104.87
826.59	104.87
826.59	104.87
826.59	104.87
826.59	104.87
826.59	104.87
826.59	106.26
826.59	106.26
826.59	106.26
818.11	122.99
818.11	122.99
818.11	122.99
806.8	155.06
806.8	155.06
795.49	205.25
795.49	205.25
795.49	205.25
770.05	293.08
770.05	293.08
757.33	376.73
757.33	376.73
757.33	376.73
751.67	431.1
751.67	431.1
751.67	431.1
744.6	471.53
744.6	471.53
737.54	513.36
737.54	513.36
737.54	513.36
724.81	553.79
724.81	553.79
710.68	590.04
710.68	590.04
710.68	590.04
697.96	620.71
697.96	620.71
697.96	620.71
697.96	622.1
697.96	622.1
697.96	622.1
697.96	622.1
697.96	622.1
697.96	622.1
697.96	622.1
697.96	622.1
697.96	622.1
697.96	622.1
697.96	622.1
697.96	622.1
697.96	622.1
697.96	622.1
697.96	622.1
697.96	622.1
697.96	622.1
697.96	622.1
697.96	622.1
697.96	622.1
697.96	622.1
697.96	622.1
697.96	622.1
697.96	622.1
697.96	622.1
697.96	622.1
697.96	622.1
697.96	622.1
697.96	622.1
697.96	622.1
697.96	622.1
697.96	622.1
697.96	622.1
697.96	622.1
697.96	622.1
697.96	622.1
697.96	622.1
697.96	622.1
697.96	622.1
697.96	622.1
697.96	622.1
697.96	622.1
697.96	622.1
697.96	622.1
697.96	622.1
697.96	622.1
697.96	622.1
697.96	622.1
697.96	622.1
697.96	622.1
697.96	622.1
697.96	622.1
697.96	622.1
697.96	622.1
697.96	622.1
697.96	622.1
697.96	622.1
697.96	622.1
697.96	622.1
697.96	622.1
697.96	622.1
697.96	622.1
697.96	622.1
697.96	622.1
697.96	622.1
697.96	622.1
697.96	622.1
697.96	622.1
697.96	622.1
697.96	622.1
697.96	622.1
697.96	622.1
697.96	622.1
697.96	622.1
697.96	622.1
697.96	622.1
697.96	622.1
697.96	622.1
697.96	622.1
697.96	622.1
697.96	622.1
697.96	622.1
697.96	622.1
697.96	622.1
697.96	622.1
697.96	622.1
697.96	622.1
697.96	622.1
697.96	622.1
697.96	622.1
697.96	622.1
697.96	622.1
697.96	622.1
697.96	622.1
697.96	622.1
697.96	622.1
697.96	622.1
697.96	622.1
697.96	622.1
697.96	622.1
697.96	622.1
697.96	622.1
697.96	622.1
697.96	622.1
697.96	622.1
697.96	622.1
697.96	622.1
697.96	622.1
697.96	622.1
697.96	622.1
697.96	622.1
697.96	622.1
697.96	622.1
697.96	622.1
697.96	622.1
697.96	622.1
697.96	622.1
697.96	622.1
697.96	622.1
697.96	622.1
697.96	622.1
697.96	622.1
697.96	622.1
697.96	622.1
697.96	622.1
697.96	622.1
697.96	622.1
697.96	622.1
697.96	622.1
697.96	622.1
697.96	622.1
697.96	622.1
697.96	622.1
697.96	622.1
697.96	622.1
697.96	622.1
697.96	622.1
697.96	622.1
697.96	622.1
697.96	622.1
697.96	622.1
697.96	622.1
697.96	622.1
697.96	622.1
697.96	622.1
697.96	622.1
697.96	622.1
697.96	622.1
697.96	622.1
697.96	622.1
697.96	623.49
697.96	623.49
697.96	623.49
697.96	623.49
697.96	623.49
697.96	623.49
697.96	623.49
697.96	623.49
697.96	623.49
697.96	623.49
697.96	623.49
697.96	623.49
697.96	623.49
697.96	623.49
697.96	623.49
697.96	623.49
697.96	623.49
697.96	623.49
697.96	623.49
697.96	623.49
697.96	623.49
697.96	623.49
697.96	623.49
697.96	623.49
697.96	623.49
697.96	623.49
713.51	637.44
713.51	637.44
717.75	640.22
717.75	640.22
717.75	640.22
723.4	643.01
723.4	643.01
723.4	643.01
723.4	643.01
723.4	643.01
723.4	643.01
723.4	643.01
723.4	643.01
723.4	643.01
723.4	643.01
723.4	643.01
723.4	643.01
723.4	643.01
723.4	643.01
723.4	643.01
723.4	643.01
723.4	643.01
723.4	643.01
723.4	643.01
723.4	643.01
723.4	643.01
723.4	643.01
723.4	643.01
723.4	643.01
723.4	643.01
723.4	643.01
723.4	643.01
723.4	643.01
723.4	643.01
723.4	643.01
723.4	643.01
723.4	643.01
723.4	643.01
723.4	643.01
723.4	643.01
723.4	643.01
723.4	643.01
723.4	643.01
723.4	643.01
723.4	643.01
723.4	643.01
723.4	643.01
723.4	643.01
723.4	643.01
723.4	643.01
723.4	643.01
723.4	643.01
723.4	643.01
723.4	643.01
723.4	643.01
723.4	643.01
723.4	643.01
723.4	643.01
723.4	643.01
723.4	643.01
723.4	643.01
723.4	643.01
723.4	643.01
723.4	643.01
723.4	643.01
743.19	619.31
743.19	619.31
802.56	518.93
802.56	518.93
802.56	518.93
860.52	403.22
860.52	403.22
860.52	403.22
890.2	360
890.2	360
900.1	312.6
900.1	312.6
900.1	312.6
918.47	254.04
918.47	254.04
918.47	254.04
926.95	210.83
926.95	210.83
917.06	192.7
917.06	192.7
917.06	192.7
895.86	177.37
895.86	177.37
895.86	177.37
861.93	159.24
861.93	159.24
819.52	148.09
819.52	148.09
819.52	148.09
778.53	146.69
778.53	146.69
778.53	146.69
771.46	162.03
771.46	162.03
794.08	201.07
794.08	201.07
794.08	201.07
794.08	201.07
794.08	201.07
794.08	201.07
794.08	201.07
794.08	201.07
746.02	198.28
746.02	198.28
746.02	198.28
734.71	194.1
734.71	194.1
734.71	194.1
734.71	194.1
734.71	194.1
734.71	194.1
734.71	194.1
727.64	205.25
727.64	205.25
727.64	205.25
726.23	234.53
726.23	234.53
726.23	234.53
737.54	258.23
737.54	258.23
737.54	258.23
751.67	286.11
751.67	286.11
761.57	302.84
761.57	302.84
761.57	302.84
765.81	307.02
765.81	307.02
765.81	316.78
765.81	316.78
765.81	316.78
762.98	334.91
762.98	334.91
762.98	334.91
751.67	362.79
751.67	362.79
751.67	362.79
741.78	372.55
741.78	372.55
738.95	372.55
738.95	372.55
738.95	372.55
736.12	369.76
736.12	369.76
689.47	333.51
689.47	333.51
689.47	333.51
637.17	294.47
637.17	294.47
637.17	294.47
586.28	251.26
586.28	251.26
586.28	251.26
546.7	219.19
546.7	219.19
518.43	201.07
518.43	201.07
518.43	201.07
490.16	191.31
490.16	191.31
490.16	191.31
478.85	189.91
478.85	189.91
477.44	189.91
477.44	189.91
477.44	189.91
477.44	189.91
464.72	199.67
464.72	199.67
450.58	208.04
450.58	208.04
450.58	208.04
439.27	217.8
439.27	217.8
429.38	230.34
429.38	230.34
429.38	230.34
419.48	240.1
419.48	240.1
419.48	240.1
408.18	255.44
408.18	255.44
408.18	255.44
401.11	265.2
401.11	265.2
398.28	281.93
398.28	281.93
398.28	281.93
401.11	304.23
401.11	304.23
401.11	304.23
409.59	329.33
409.59	329.33
423.72	353.03
423.72	353.03
423.72	353.03
439.27	371.15
439.27	371.15
439.27	371.15
466.13	380.91
466.13	380.91
501.47	392.07
501.47	392.07
501.47	392.07
526.91	400.43
526.91	400.43
526.91	400.43
560.84	411.58
560.84	411.58
573.56	418.55
573.56	418.55
573.56	418.55
601.83	424.13
601.83	424.13
631.52	425.53
631.52	425.53
631.52	425.53
665.44	418.55
665.44	418.55
665.44	418.55
690.89	414.37
690.89	414.37
690.89	414.37
716.33	414.37
716.33	414.37
741.78	414.37
741.78	414.37
741.78	414.37
768.63	414.37
768.63	414.37
768.63	414.37
792.67	404.61
792.67	404.61
792.67	404.61
819.52	394.85
819.52	394.85
819.52	394.85
836.49	386.49
836.49	386.49
852.03	382.31
852.03	382.31
852.03	382.31
864.76	375.34
864.76	375.34
876.07	368.36
876.07	368.36
876.07	368.36
902.92	357.21
902.92	357.21
932.61	346.06
932.61	346.06
932.61	346.06
952.4	336.3
952.4	336.3
952.4	336.3
986.32	320.96
986.32	320.96
986.32	320.96
1020.25	305.63
1020.25	305.63
1051.35	288.9
1051.35	288.9
1051.35	288.9
1086.69	258.23
1086.69	258.23
1086.69	258.23
1098	235.92
1098	235.92
1095.17	208.04
1095.17	208.04
1095.17	208.04
1085.27	194.1
1085.27	194.1
1055.59	177.37
1055.59	177.37
1055.59	177.37
999.05	142.51
999.05	142.51
999.05	142.51
967.95	122.99
967.95	122.99
952.4	113.24
952.4	113.24
952.4	113.24
919.89	97.9
919.89	97.9
919.89	97.9
884.55	89.53
884.55	89.53
884.55	89.53
833.66	111.84
833.66	111.84
792.67	170.4
792.67	170.4
792.67	170.4
779.94	208.04
779.94	208.04
779.94	208.04
762.98	234.53
762.98	234.53
741.78	251.26
741.78	251.26
741.78	251.26
730.47	259.62
730.47	259.62
720.57	269.38
720.57	269.38
720.57	269.38
714.92	276.35
714.92	276.35
714.92	276.35
714.92	276.35
714.92	276.35
713.51	276.35
713.51	276.35
713.51	276.35
713.51	269.38
713.51	269.38
713.51	269.38
721.99	261.02
721.99	261.02
730.47	252.65
730.47	252.65
730.47	252.65
740.36	249.86
740.36	249.86
740.36	249.86
758.74	256.83
758.74	256.83
761.57	263.8
761.57	263.8
761.57	263.8
758.74	270.77
758.74	270.77
758.74	270.77
727.64	270.77
727.64	270.77
692.3	273.56
692.3	273.56
692.3	273.56
651.31	283.32
651.31	283.32
651.31	283.32
601.83	295.87
601.83	295.87
553.77	320.96
553.77	320.96
553.77	320.96
538.22	350.24
538.22	350.24
538.22	350.24
525.5	375.34
525.5	375.34
525.5	375.34
521.26	386.49
521.26	386.49
521.26	386.49
518.43	394.85
518.43	394.85
521.26	396.25
521.26	396.25
521.26	396.25
529.74	400.43
529.74	400.43
529.74	400.43
538.22	400.43
538.22	400.43
538.22	400.43
538.22	400.43
538.22	400.43
558.01	407.4
558.01	407.4
601.83	421.34
601.83	421.34
601.83	421.34
652.72	433.89
652.72	433.89
652.72	433.89
734.71	438.07
734.71	438.07
734.71	438.07
791.25	436.68
791.25	436.68
846.38	443.65
846.38	443.65
846.38	443.65
902.92	456.2
902.92	456.2
902.92	456.2
926.95	460.38
926.95	460.38
926.95	460.38
926.95	460.38
926.95	460.38
926.95	460.38
926.95	460.38
926.95	460.38
926.95	460.38
926.95	460.38
926.95	461.77
926.95	461.77
926.95	461.77
846.38	458.98
846.38	458.98
702.2	453.41
702.2	453.41
702.2	453.41
601.83	453.41
601.83	453.41
601.83	453.41
542.46	456.2
542.46	456.2
542.46	456.2
512.78	457.59
512.78	457.59
490.16	460.38
490.16	460.38
490.16	460.38
485.92	460.38
485.92	460.38
485.92	460.38
484.51	460.38
484.51	460.38
484.51	460.38
484.51	460.38
484.51	460.38
484.51	460.38
484.51	460.38
484.51	460.38
484.51	460.38
484.51	460.38
484.51	460.38
484.51	460.38
484.51	460.38
484.51	460.38
484.51	460.38
484.51	460.38
484.51	460.38
484.51	460.38
484.51	460.38
484.51	460.38
484.51	460.38
484.51	460.38
484.51	460.38
484.51	460.38
484.51	460.38
484.51	460.38
484.51	460.38
484.51	460.38
484.51	460.38
484.51	460.38
484.51	460.38
484.51	460.38
484.51	460.38
484.51	460.38
484.51	460.38
484.51	460.38
484.51	460.38
484.51	460.38
484.51	460.38
484.51	460.38
484.51	460.38
484.51	460.38
494.4	460.38
494.4	460.38
521.26	464.56
521.26	464.56
521.26	464.56
543.88	464.56
543.88	464.56
543.88	464.56
563.67	464.56
563.67	464.56
573.56	464.56
573.56	464.56
573.56	464.56
586.28	463.17
586.28	463.17
586.28	463.17
611.73	463.17
611.73	463.17
614.56	463.17
614.56	463.17
614.56	463.17
620.21	463.17
620.21	463.17
620.21	463.17
632.93	460.38
632.93	460.38
668.27	457.59
668.27	457.59
668.27	457.59
690.89	456.2
690.89	456.2
690.89	456.2
