0	0
0	0
0	0
0	0
0	0
0	0
0	0
0	0
0	0
646.6	348.37
558.19	332.87
519.92	322.53
504.09	318.65
492.21	316.07
486.94	316.07
485.62	316.07
479.02	316.07
465.82	319.94
457.91	323.82
456.59	323.82
460.55	326.41
479.02	326.41
512.01	326.41
555.55	323.82
612.29	305.73
646.6	287.64
649.24	281.18
649.24	279.89
642.64	268.26
531.8	230.79
435.48	217.87
420.96	217.87
402.49	233.37
398.53	247.59
399.85	277.31
430.2	296.69
447.35	297.98
485.62	297.98
496.17	290.23
500.13	282.47
493.53	260.51
420.96	223.04
387.97	213.99
366.86	208.82
356.3	204.95
339.15	201.07
306.16	195.9
253.38	184.27
248.1	181.69
252.06	176.52
289.01	155.85
320.68	140.34
327.28	135.17
327.28	135.17
310.12	131.3
298.25	130.01
290.33	130.01
322	128.71
391.93	128.71
461.87	118.38
538.4	108.04
566.11	102.87
642.64	89.95
661.11	87.37
690.14	87.37
699.38	84.78
699.38	84.78
699.38	84.78
711.25	84.78
723.13	82.2
781.19	82.2
812.86	82.2
878.83	79.61
901.26	78.32
905.22	78.32
907.86	78.32
907.86	78.32
907.86	78.32
907.86	86.07
907.86	86.07
907.86	91.24
906.54	99
895.99	104.16
808.9	123.55
688.82	141.64
519.92	164.89
417	179.11
393.25	180.4
385.33	180.4
385.33	180.4
385.33	180.4
364.22	184.27
340.47	189.44
325.96	192.03
324.64	193.32
322	194.61
314.08	202.36
299.57	204.95
267.9	210.12
242.83	213.99
242.83	213.99
242.83	213.99
242.83	213.99
252.06	215.28
265.26	216.58
283.73	220.45
386.65	230.79
414.36	230.79
446.03	230.79
492.21	230.79
513.33	230.79
521.24	230.79
534.44	228.21
542.36	225.62
551.59	223.04
568.75	223.04
580.62	223.04
593.82	223.04
596.46	223.04
596.46	223.04
596.46	223.04
597.78	224.33
600.41	234.67
608.33	248.88
620.21	263.09
625.49	273.43
621.53	286.35
592.5	308.32
509.37	335.45
473.74	341.91
394.57	348.37
374.78	348.37
364.22	348.37
353.67	348.37
341.79	348.37
323.32	348.37
287.69	348.37
279.77	352.25
278.45	354.83
275.81	369.04
281.09	393.59
295.61	420.73
316.72	449.15
325.96	465.95
332.55	485.33
339.15	504.72
351.03	533.14
361.58	551.23
378.74	564.15
399.85	573.2
488.26	592.58
513.33	595.16
537.08	597.75
562.15	597.75
584.58	597.75
612.29	588.7
645.28	569.32
663.75	557.69
680.9	548.65
719.17	526.68
746.88	508.59
758.76	500.84
783.83	475
786.47	464.66
786.47	462.08
786.47	462.08
707.3	436.23
670.35	429.77
650.56	427.19
618.89	423.31
610.97	422.02
585.9	411.68
535.76	397.47
517.29	391.01
517.29	391.01
517.29	391.01
538.4	379.38
546.31	379.38
616.25	378.09
651.88	378.09
665.07	376.8
675.63	374.21
678.27	371.63
678.27	371.63
671.67	371.63
591.18	361.29
537.08	356.12
506.73	356.12
492.21	356.12
485.62	356.12
481.66	356.12
476.38	356.12
473.74	354.83
467.14	352.25
427.56	335.45
394.57	322.53
391.93	321.24
399.85	313.48
442.07	305.73
468.46	304.44
502.77	303.15
502.77	303.15
502.77	303.15
518.6	300.56
522.56	300.56
529.16	300.56
529.16	300.56
529.16	300.56
530.48	300.56
539.72	300.56
547.63	300.56
547.63	300.56
547.63	300.56
547.63	300.56
547.63	300.56
547.63	300.56
547.63	300.56
547.63	300.56
547.63	300.56
547.63	300.56
547.63	300.56
547.63	300.56
547.63	300.56
547.63	300.56
551.59	300.56
559.51	303.15
570.07	316.07
579.3	322.53
579.3	322.53
591.18	326.41
608.33	331.57
630.76	338.03
641.32	341.91
642.64	341.91
642.64	341.91
642.64	341.91
642.64	341.91
642.64	341.91
642.64	341.91
642.64	341.91
642.64	341.91
642.64	341.91
642.64	341.91
642.64	341.91
642.64	341.91
642.64	341.91
642.64	341.91
642.64	341.91
642.64	341.91
642.64	341.91
642.64	341.91
642.64	341.91
642.64	341.91
642.64	341.91
642.64	341.91
642.64	341.91
642.64	341.91
642.64	341.91
642.64	341.91
642.64	341.91
642.64	341.91
642.64	341.91
642.64	341.91
642.64	341.91
642.64	341.91
642.64	341.91
642.64	341.91
642.64	341.91
642.64	341.91
642.64	341.91
642.64	341.91
642.64	341.91
642.64	341.91
642.64	341.91
642.64	341.91
642.64	341.91
642.64	341.91
642.64	341.91
642.64	341.91
642.64	341.91
642.64	341.91
642.64	341.91
642.64	341.91
642.64	341.91
642.64	341.91
642.64	341.91
642.64	341.91
642.64	341.91
642.64	341.91
642.64	341.91
642.64	341.91
642.64	341.91
642.64	341.91
642.64	341.91
642.64	341.91
642.64	341.91
642.64	341.91
642.64	341.91
642.64	341.91
642.64	341.91
642.64	341.91
642.64	341.91
642.64	341.91
642.64	341.91
642.64	341.91
642.64	341.91
642.64	341.91
642.64	341.91
642.64	341.91
642.64	341.91
642.64	341.91
642.64	341.91
642.64	341.91
642.64	341.91
642.64	341.91
642.64	341.91
642.64	341.91
642.64	341.91
642.64	341.91
642.64	341.91
642.64	341.91
642.64	341.91
642.64	341.91
642.64	341.91
642.64	341.91
642.64	341.91
642.64	341.91
642.64	341.91
642.64	341.91
642.64	341.91
642.64	341.91
642.64	341.91
642.64	341.91
642.64	341.91
642.64	341.91
642.64	341.91
642.64	341.91
642.64	341.91
642.64	341.91
642.64	341.91
642.64	341.91
642.64	341.91
642.64	341.91
642.64	341.91
642.64	341.91
642.64	341.91
642.64	341.91
642.64	341.91
642.64	341.91
642.64	341.91
642.64	341.91
642.64	341.91
642.64	341.91
642.64	341.91
642.64	341.91
642.64	341.91
642.64	341.91
642.64	341.91
642.64	341.91
642.64	341.91
642.64	341.91
642.64	341.91
642.64	341.91
642.64	341.91
642.64	341.91
642.64	341.91
642.64	341.91
642.64	341.91
642.64	341.91
642.64	341.91
642.64	341.91
642.64	341.91
642.64	341.91
642.64	341.91
642.64	341.91
642.64	341.91
642.64	341.91
642.64	341.91
642.64	341.91
642.64	341.91
642.64	341.91
642.64	341.91
642.64	341.91
642.64	341.91
642.64	341.91
642.64	341.91
642.64	341.91
642.64	341.91
642.64	341.91
642.64	341.91
642.64	341.91
642.64	341.91
642.64	341.91
642.64	341.91
642.64	341.91
642.64	341.91
642.64	341.91
642.64	341.91
642.64	341.91
642.64	341.91
642.64	341.91
642.64	341.91
642.64	341.91
642.64	341.91
642.64	341.91
642.64	341.91
642.64	341.91
642.64	341.91
642.64	341.91
642.64	341.91
642.64	341.91
642.64	341.91
642.64	341.91
642.64	341.91
642.64	341.91
642.64	341.91
642.64	341.91
642.64	341.91
642.64	341.91
642.64	341.91
642.64	341.91
642.64	341.91
642.64	341.91
642.64	341.91
642.64	341.91
642.64	341.91
646.6	341.91
646.6	341.91
671.67	343.2
715.21	347.08
766.67	349.66
773.27	349.66
773.27	349.66
749.52	349.66
725.77	348.37
688.82	345.79
675.63	345.79
620.21	345.79
595.14	345.79
554.23	345.79
539.72	345.79
523.88	349.66
502.77	356.12
476.38	365.17
473.74	367.75
468.46	376.8
465.82	384.55
465.82	389.72
465.82	400.06
469.78	415.56
472.42	431.07
476.38	440.11
476.38	442.69
472.42	453.03
455.27	458.2
455.27	458.2
427.56	473.7
424.92	480.17
413.04	496.96
407.77	503.42
403.81	515.05
401.17	525.39
399.85	526.68
394.57	527.97
381.38	527.97
365.54	527.97
364.22	527.97
364.22	527.97
351.03	522.8
331.23	513.76
315.4	503.42
311.44	494.38
311.44	485.33
308.8	478.87
308.8	455.62
306.16	431.07
302.2	402.64
302.2	388.43
322	341.91
328.59	326.41
332.55	314.78
332.55	291.52
329.91	278.6
327.28	273.43
322	260.51
322	257.92
322	252.76
323.32	247.59
327.28	241.13
329.91	238.54
331.23	234.67
377.42	230.79
417	230.79
571.39	230.79
601.73	230.79
687.5	226.91
738.96	226.91
802.3	226.91
853.76	233.37
888.07	245
909.18	268.26
914.46	279.89
922.38	307.02
928.97	339.33
926.33	361.29
905.22	381.97
878.83	396.18
810.22	418.14
797.02	420.73
767.99	429.77
761.4	432.36
757.44	432.36
756.12	432.36
756.12	432.36
748.2	432.36
723.13	431.07
711.25	431.07
711.25	431.07
711.25	431.07
711.25	431.07
711.25	431.07
711.25	431.07
711.25	431.07
711.25	431.07
711.25	431.07
711.25	431.07
711.25	431.07
711.25	431.07
711.25	431.07
711.25	431.07
711.25	431.07
711.25	431.07
711.25	431.07
711.25	431.07
711.25	431.07
711.25	431.07
711.25	431.07
711.25	431.07
711.25	431.07
711.25	431.07
713.89	429.77
731.05	427.19
749.52	424.6
757.44	422.02
757.44	422.02
757.44	422.02
757.44	422.02
757.44	422.02
757.44	422.02
757.44	422.02
757.44	422.02
761.4	422.02
770.63	420.73
770.63	420.73
770.63	420.73
770.63	420.73
770.63	420.73
770.63	420.73
770.63	420.73
770.63	420.73
770.63	420.73
770.63	420.73
770.63	420.73
770.63	420.73
770.63	420.73
770.63	420.73
770.63	420.73
770.63	420.73
770.63	420.73
777.23	416.85
782.51	412.98
785.15	402.64
778.55	391.01
749.52	372.92
740.28	369.04
715.21	362.58
696.74	360
691.46	358.71
687.5	358.71
674.31	358.71
654.51	358.71
646.6	358.71
618.89	358.71
592.5	357.42
566.11	353.54
546.31	349.66
546.31	349.66
537.08	347.08
526.52	344.49
497.49	335.45
431.52	313.48
372.14	290.23
347.07	277.31
345.75	274.72
344.43	274.72
344.43	265.68
344.43	256.63
344.43	255.34
344.43	255.34
344.43	252.76
343.11	246.3
329.91	239.83
319.36	233.37
319.36	232.08
318.04	230.79
318.04	228.21
318.04	221.75
318.04	221.75
322	219.16
331.23	217.87
335.19	215.28
336.51	213.99
340.47	211.41
340.47	210.12
340.47	210.12
340.47	210.12
340.47	210.12
340.47	210.12
340.47	210.12
353.67	210.12
368.18	210.12
439.43	210.12
477.7	216.58
504.09	220.45
522.56	224.33
558.19	229.5
572.7	230.79
580.62	233.37
580.62	233.37
580.62	233.37
580.62	233.37
580.62	233.37
580.62	233.37
580.62	233.37
580.62	233.37
580.62	233.37
580.62	233.37
580.62	233.37
580.62	233.37
580.62	233.37
580.62	233.37
580.62	233.37
580.62	233.37
580.62	233.37
580.62	233.37
580.62	233.37
580.62	233.37
580.62	233.37
580.62	233.37
580.62	233.37
580.62	233.37
580.62	233.37
580.62	233.37
580.62	233.37
580.62	233.37
580.62	233.37
580.62	233.37
580.62	233.37
580.62	233.37
580.62	233.37
580.62	233.37
580.62	233.37
580.62	233.37
580.62	233.37
580.62	233.37
580.62	233.37
580.62	233.37
580.62	233.37
580.62	233.37
580.62	233.37
580.62	233.37
580.62	233.37
580.62	233.37
580.62	233.37
580.62	233.37
580.62	233.37
580.62	233.37
580.62	233.37
580.62	233.37
580.62	233.37
580.62	233.37
580.62	233.37
580.62	233.37
580.62	233.37
580.62	233.37
580.62	233.37
580.62	233.37
580.62	233.37
580.62	233.37
580.62	233.37
580.62	233.37
580.62	233.37
580.62	233.37
580.62	233.37
580.62	233.37
580.62	233.37
580.62	233.37
580.62	233.37
580.62	233.37
580.62	233.37
580.62	233.37
580.62	233.37
580.62	233.37
580.62	233.37
580.62	233.37
580.62	233.37
580.62	233.37
580.62	233.37
580.62	233.37
580.62	233.37
580.62	233.37
580.62	233.37
580.62	233.37
580.62	233.37
580.62	233.37
580.62	233.37
580.62	233.37
580.62	233.37
580.62	233.37
580.62	233.37
580.62	233.37
580.62	233.37
580.62	233.37
580.62	233.37
580.62	233.37
580.62	233.37
580.62	233.37
580.62	233.37
580.62	233.37
580.62	233.37
580.62	233.37
580.62	233.37
580.62	233.37
580.62	233.37
580.62	233.37
580.62	233.37
580.62	233.37
580.62	233.37
580.62	233.37
580.62	233.37
580.62	233.37
580.62	233.37
580.62	233.37
580.62	233.37
580.62	233.37
580.62	233.37
580.62	233.37
580.62	233.37
580.62	233.37
580.62	233.37
580.62	233.37
580.62	233.37
580.62	233.37
580.62	233.37
580.62	233.37
580.62	233.37
580.62	233.37
580.62	233.37
580.62	233.37
580.62	233.37
580.62	233.37
580.62	233.37
580.62	233.37
580.62	233.37
580.62	233.37
580.62	233.37
580.62	233.37
580.62	233.37
580.62	233.37
580.62	233.37
580.62	233.37
580.62	233.37
580.62	233.37
580.62	233.37
580.62	233.37
580.62	233.37
580.62	233.37
580.62	233.37
580.62	233.37
580.62	233.37
580.62	233.37
580.62	233.37
580.62	233.37
580.62	233.37
580.62	233.37
580.62	233.37
580.62	233.37
580.62	233.37
580.62	233.37
580.62	233.37
580.62	233.37
580.62	233.37
580.62	233.37
580.62	233.37
580.62	233.37
580.62	233.37
580.62	233.37
580.62	233.37
580.62	233.37
580.62	233.37
580.62	233.37
580.62	233.37
580.62	233.37
580.62	233.37
580.62	233.37
580.62	233.37
580.62	233.37
580.62	233.37
580.62	233.37
580.62	233.37
580.62	233.37
580.62	233.37
580.62	233.37
580.62	233.37
580.62	233.37
580.62	233.37
580.62	233.37
580.62	233.37
580.62	233.37
580.62	233.37
580.62	233.37
580.62	233.37
580.62	233.37
580.62	233.37
580.62	233.37
580.62	233.37
580.62	233.37
580.62	233.37
580.62	233.37
580.62	233.37
580.62	233.37
580.62	233.37
580.62	233.37
580.62	233.37
580.62	233.37
580.62	233.37
580.62	233.37
580.62	233.37
580.62	233.37
580.62	233.37
580.62	233.37
580.62	233.37
580.62	233.37
580.62	233.37
580.62	233.37
580.62	233.37
580.62	233.37
580.62	233.37
580.62	233.37
580.62	233.37
580.62	233.37
580.62	233.37
580.62	233.37
580.62	233.37
580.62	233.37
580.62	233.37
580.62	233.37
580.62	233.37
580.62	233.37
580.62	233.37
580.62	233.37
580.62	233.37
580.62	233.37
580.62	233.37
580.62	233.37
580.62	233.37
580.62	233.37
580.62	233.37
580.62	233.37
580.62	233.37
580.62	233.37
580.62	233.37
580.62	233.37
580.62	233.37
580.62	233.37
580.62	233.37
580.62	233.37
580.62	233.37
580.62	233.37
580.62	233.37
580.62	233.37
580.62	233.37
580.62	233.37
580.62	233.37
580.62	233.37
580.62	233.37
580.62	233.37
580.62	233.37
580.62	233.37
580.62	233.37
580.62	233.37
580.62	233.37
580.62	233.37
580.62	233.37
580.62	233.37
580.62	233.37
580.62	233.37
580.62	233.37
580.62	233.37
580.62	233.37
580.62	233.37
580.62	233.37
580.62	233.37
580.62	233.37
580.62	233.37
580.62	233.37
580.62	233.37
580.62	233.37
580.62	233.37
580.62	233.37
580.62	233.37
580.62	233.37
580.62	233.37
580.62	233.37
580.62	233.37
580.62	233.37
580.62	233.37
580.62	233.37
580.62	233.37
580.62	233.37
580.62	233.37
580.62	233.37
580.62	233.37
580.62	233.37
580.62	233.37
580.62	233.37
580.62	233.37
580.62	233.37
580.62	233.37
580.62	233.37
580.62	233.37
580.62	233.37
580.62	233.37
580.62	233.37
580.62	233.37
580.62	233.37
580.62	233.37
580.62	233.37
580.62	233.37
580.62	233.37
580.62	233.37
580.62	233.37
580.62	233.37
580.62	233.37
580.62	233.37
580.62	233.37
580.62	233.37
580.62	233.37
580.62	233.37
580.62	233.37
580.62	233.37
580.62	233.37
580.62	233.37
580.62	233.37
580.62	233.37
580.62	233.37
580.62	233.37
580.62	233.37
580.62	233.37
580.62	233.37
580.62	233.37
580.62	233.37
580.62	233.37
580.62	233.37
580.62	233.37
580.62	233.37
580.62	233.37
580.62	233.37
580.62	233.37
580.62	233.37
580.62	233.37
580.62	233.37
580.62	233.37
580.62	233.37
580.62	233.37
580.62	233.37
580.62	233.37
580.62	233.37
580.62	233.37
580.62	233.37
580.62	233.37
580.62	233.37
580.62	233.37
580.62	233.37
580.62	233.37
580.62	233.37
580.62	233.37
580.62	233.37
580.62	233.37
580.62	233.37
580.62	233.37
580.62	233.37
580.62	233.37
580.62	233.37
580.62	233.37
580.62	233.37
580.62	233.37
580.62	233.37
580.62	233.37
580.62	233.37
580.62	233.37
580.62	233.37
580.62	233.37
580.62	233.37
580.62	233.37
580.62	233.37
580.62	233.37
580.62	233.37
580.62	233.37
580.62	233.37
580.62	233.37
580.62	233.37
580.62	233.37
580.62	233.37
580.62	233.37
580.62	233.37
580.62	233.37
580.62	233.37
580.62	233.37
580.62	233.37
580.62	233.37
580.62	233.37
580.62	233.37
580.62	233.37
580.62	233.37
580.62	233.37
580.62	233.37
580.62	233.37
580.62	233.37
580.62	233.37
580.62	233.37
580.62	233.37
580.62	233.37
580.62	233.37
580.62	233.37
580.62	233.37
580.62	233.37
580.62	233.37
580.62	233.37
580.62	233.37
580.62	233.37
580.62	233.37
580.62	233.37
580.62	233.37
580.62	233.37
580.62	233.37
580.62	233.37
580.62	233.37
580.62	233.37
580.62	233.37
580.62	233.37
580.62	233.37
580.62	233.37
580.62	233.37
580.62	233.37
580.62	233.37
580.62	233.37
580.62	233.37
580.62	233.37
580.62	233.37
580.62	233.37
580.62	233.37
580.62	233.37
580.62	233.37
580.62	233.37
580.62	233.37
580.62	233.37
580.62	233.37
580.62	233.37
580.62	233.37
580.62	233.37
580.62	233.37
580.62	233.37
580.62	233.37
580.62	233.37
580.62	233.37
580.62	233.37
580.62	233.37
580.62	233.37
580.62	233.37
580.62	233.37
580.62	233.37
580.62	233.37
580.62	233.37
580.62	233.37
580.62	233.37
580.62	233.37
580.62	233.37
580.62	233.37
580.62	233.37
580.62	233.37
580.62	233.37
580.62	233.37
580.62	233.37
580.62	233.37
580.62	233.37
580.62	233.37
580.62	233.37
580.62	233.37
580.62	233.37
580.62	233.37
580.62	233.37
580.62	233.37
580.62	233.37
580.62	233.37
580.62	233.37
580.62	233.37
580.62	233.37
580.62	233.37
580.62	233.37
580.62	233.37
580.62	233.37
580.62	233.37
580.62	233.37
580.62	233.37
580.62	233.37
580.62	233.37
580.62	233.37
580.62	233.37
580.62	233.37
580.62	233.37
580.62	233.37
580.62	233.37
580.62	233.37
580.62	233.37
580.62	233.37
580.62	233.37
580.62	233.37
580.62	233.37
580.62	233.37
580.62	233.37
580.62	233.37
580.62	233.37
580.62	233.37
580.62	233.37
580.62	233.37
580.62	233.37
580.62	233.37
580.62	233.37
580.62	233.37
580.62	233.37
580.62	233.37
580.62	233.37
580.62	233.37
580.62	233.37
580.62	233.37
580.62	233.37
580.62	233.37
580.62	233.37
580.62	233.37
580.62	233.37
580.62	233.37
580.62	233.37
580.62	233.37
580.62	233.37
580.62	233.37
580.62	233.37
580.62	233.37
580.62	233.37
580.62	233.37
580.62	233.37
580.62	233.37
580.62	233.37
580.62	233.37
580.62	233.37
580.62	233.37
580.62	233.37
580.62	233.37
580.62	233.37
580.62	233.37
580.62	233.37
580.62	233.37
580.62	233.37
580.62	233.37
580.62	233.37
580.62	233.37
580.62	233.37
580.62	233.37
580.62	233.37
580.62	233.37
580.62	233.37
580.62	233.37
580.62	233.37
580.62	233.37
580.62	233.37
580.62	233.37
580.62	233.37
580.62	233.37
580.62	233.37
580.62	233.37
580.62	233.37
580.62	233.37
580.62	233.37
580.62	233.37
580.62	233.37
580.62	233.37
580.62	233.37
580.62	233.37
580.62	233.37
580.62	233.37
580.62	233.37
580.62	233.37
580.62	233.37
580.62	233.37
580.62	233.37
580.62	233.37
580.62	233.37
580.62	233.37
580.62	233.37
580.62	233.37
580.62	233.37
580.62	233.37
580.62	233.37
580.62	233.37
580.62	233.37
580.62	233.37
580.62	233.37
580.62	233.37
580.62	233.37
580.62	233.37
580.62	233.37
580.62	233.37
580.62	233.37
580.62	233.37
580.62	233.37
580.62	233.37
580.62	233.37
580.62	233.37
580.62	233.37
580.62	233.37
580.62	233.37
580.62	233.37
580.62	233.37
580.62	233.37
580.62	233.37
580.62	233.37
580.62	233.37
580.62	233.37
580.62	233.37
580.62	233.37
580.62	233.37
580.62	233.37
580.62	233.37
580.62	233.37
580.62	233.37
580.62	233.37
580.62	233.37
580.62	233.37
580.62	233.37
580.62	233.37
580.62	233.37
580.62	233.37
580.62	233.37
580.62	233.37
580.62	233.37
580.62	233.37
580.62	233.37
580.62	233.37
580.62	233.37
580.62	233.37
580.62	233.37
580.62	233.37
580.62	233.37
580.62	233.37
580.62	233.37
580.62	233.37
580.62	233.37
580.62	233.37
580.62	233.37
580.62	233.37
580.62	233.37
580.62	233.37
580.62	233.37
580.62	233.37
580.62	233.37
580.62	233.37
580.62	233.37
580.62	233.37
580.62	233.37
580.62	233.37
580.62	233.37
580.62	233.37
580.62	233.37
580.62	233.37
580.62	233.37
580.62	233.37
580.62	233.37
580.62	233.37
580.62	233.37
580.62	233.37
580.62	233.37
580.62	233.37
580.62	233.37
580.62	233.37
580.62	233.37
580.62	233.37
580.62	233.37
580.62	233.37
580.62	233.37
580.62	233.37
580.62	233.37
580.62	233.37
580.62	233.37
580.62	233.37
580.62	233.37
580.62	233.37
580.62	233.37
580.62	233.37
580.62	233.37
580.62	233.37
580.62	233.37
580.62	233.37
580.62	233.37
580.62	233.37
580.62	233.37
580.62	233.37
580.62	233.37
580.62	233.37
580.62	233.37
580.62	233.37
580.62	233.37
580.62	233.37
580.62	233.37
580.62	233.37
580.62	233.37
580.62	233.37
580.62	233.37
580.62	233.37
580.62	233.37
580.62	233.37
580.62	233.37
580.62	233.37
580.62	233.37
580.62	233.37
580.62	233.37
580.62	233.37
580.62	233.37
580.62	233.37
580.62	233.37
580.62	233.37
580.62	233.37
580.62	233.37
580.62	233.37
580.62	233.37
580.62	233.37
580.62	233.37
580.62	233.37
580.62	233.37
580.62	233.37
580.62	233.37
580.62	233.37
580.62	233.37
580.62	233.37
580.62	233.37
580.62	233.37
580.62	233.37
580.62	233.37
580.62	233.37
580.62	233.37
580.62	233.37
580.62	233.37
580.62	233.37
580.62	233.37
580.62	233.37
580.62	233.37
580.62	233.37
580.62	233.37
580.62	233.37
580.62	233.37
580.62	233.37
580.62	233.37
580.62	233.37
580.62	233.37
580.62	233.37
580.62	233.37
580.62	233.37
580.62	233.37
580.62	233.37
580.62	233.37
580.62	233.37
580.62	233.37
580.62	233.37
580.62	233.37
580.62	233.37
580.62	233.37
580.62	233.37
580.62	233.37
580.62	233.37
580.62	233.37
580.62	233.37
580.62	233.37
580.62	233.37
580.62	233.37
580.62	233.37
580.62	233.37
580.62	233.37
580.62	233.37
580.62	233.37
580.62	233.37
580.62	233.37
580.62	233.37
624.17	225.62
782.51	199.78
782.51	199.78
782.51	199.78
782.51	199.78
692.78	190.73
492.21	163.6
380.06	148.1
351.03	144.22
328.59	141.64
324.64	141.64
299.57	144.22
275.81	148.1
274.49	148.1
273.17	148.1
254.7	161.02
