0	0
0	0
0	0
0	0
0	0
0	0
0	0
0	0
0	0
0	0
0	0
0	0
0	0
0	0
0	0
0	0
0	0
0	0
0	0
0	0
0	0
0	0
0	0
0	0
0	0
0	0
0	0
0	0
0	0
0	0
0	0
0	0
0	0
0	0
0	0
0	0
0	0
656.01	334.25
658.06	332.27
658.06	332.27
658.74	331.6
682.59	329.62
737.1	328.3
769.81	328.96
821.6	332.27
854.99	335.57
876.11	337.55
897.23	338.21
908.82	340.85
908.82	340.85
927.21	344.15
937.44	346.79
940.84	351.42
904.73	369.91
869.98	384.43
867.25	387.73
867.25	387.73
867.25	387.73
865.21	387.73
891.78	388.4
913.59	373.21
919.72	367.92
927.9	358.68
941.52	331.6
947.66	301.89
951.75	238.5
940.84	181.71
940.84	181.71
915.63	146.71
895.87	136.8
879.52	132.84
849.53	132.18
813.42	136.14
739.83	142.08
664.19	145.39
617.17	146.71
580.38	146.71
540.85	144.07
540.85	144.07
461.81	154.63
436.6	159.91
400.48	170.48
371.18	180.38
339.84	190.29
304.41	201.52
253.98	216.04
217.87	220.67
190.61	229.25
187.2	231.23
187.2	231.23
187.2	231.23
187.2	231.23
187.2	231.23
187.2	231.23
189.25	231.23
232.86	227.27
275.79	230.57
306.45	233.21
345.97	237.83
374.59	240.48
415.48	242.46
439.32	238.5
454.32	236.51
461.81	234.53
463.17	233.87
463.17	233.87
466.58	233.21
482.93	229.91
504.74	227.27
535.4	223.97
558.57	220.67
577.65	220.01
586.51	220.01
592.64	220.67
592.64	220.67
594	221.33
597.41	221.33
599.46	221.99
601.5	222.65
604.23	222.65
608.31	223.97
609	224.63
610.36	225.29
610.36	225.29
610.36	225.29
610.36	223.31
610.36	223.31
554.48	219.35
427.06	217.36
326.89	216.7
258.07	225.95
232.86	229.25
211.05	233.87
203.56	236.51
196.06	239.16
192.65	241.14
191.97	241.14
191.97	241.14
191.97	241.14
191.97	241.14
191.97	241.8
191.97	241.8
202.87	249.06
237.63	263.59
268.29	272.17
301	276.14
322.12	278.78
338.48	280.76
353.47	281.42
363.69	283.4
374.59	283.4
382.09	283.4
392.31	283.4
402.53	284.06
412.75	284.06
418.2	284.06
426.38	284.06
426.38	284.06
442.73	284.06
450.91	284.06
450.91	284.06
460.45	285.38
477.48	288.02
483.62	290.66
493.16	292.64
500.65	295.95
508.15	297.93
510.19	299.91
510.87	301.89
508.15	307.17
486.34	320.38
445.46	334.25
379.36	340.85
296.91	347.45
264.88	353.4
260.79	354.72
260.79	354.72
260.79	356.04
260.79	356.04
286.69	386.41
309.86	407.55
339.16	428.02
367.09	439.24
401.85	439.24
423.65	435.94
459.77	424.05
508.83	408.21
558.57	393.68
598.77	381.79
641.02	369.24
664.87	361.98
690.77	354.06
706.44	349.43
720.75	343.49
732.33	338.87
743.23	335.57
746.64	334.25
746.64	334.25
746.64	333.59
746.64	333.59
746.64	333.59
741.19	328.96
713.93	313.12
690.08	297.93
662.83	272.83
632.16	245.1
594.69	225.29
559.93	212.74
514.96	201.52
481.57	198.21
459.09	199.53
430.47	202.84
396.4	212.74
367.78	223.97
342.56	233.21
328.94	239.82
324.85	241.14
324.85	241.8
324.85	241.8
324.17	241.8
324.17	241.8
322.12	213.4
326.21	202.18
330.98	196.89
338.48	194.91
358.24	190.29
358.24	190.29
405.25	182.37
467.26	175.1
508.83	173.12
542.22	174.44
583.78	178.4
609	181.71
629.44	185.67
674.41	193.59
674.41	193.59
684.63	196.23
694.17	198.87
704.39	201.52
710.53	202.84
712.57	203.5
713.93	204.16
718.02	206.14
721.43	207.46
721.43	207.46
733.69	212.74
742.55	218.02
754.14	227.93
761.63	234.53
767.76	243.78
771.17	252.36
772.53	260.95
772.53	260.95
769.81	290
759.59	320.38
759.59	320.38
731.65	385.75
712.57	419.43
703.71	431.98
680.54	452.45
662.83	465.66
655.33	470.28
652.61	470.28
650.56	470.28
643.07	469.62
631.48	467.64
631.48	467.64
626.71	467.64
618.54	472.26
607.63	481.5
607.63	481.5
583.78	498.01
538.81	519.14
509.51	529.71
471.35	542.92
448.18	546.88
431.15	550.18
413.43	551.5
386.86	551.5
369.14	552.82
352.1	555.46
352.1	555.46
352.1	555.46
323.48	557.45
317.35	557.45
313.94	557.45
305.77	555.46
295.55	552.82
281.24	550.18
271.02	547.54
264.2	544.24
260.79	540.94
251.94	528.39
236.95	503.3
218.55	476.22
210.37	461.03
210.37	461.03
210.37	461.03
210.37	461.03
210.37	460.37
307.81	433.96
307.81	433.96
307.81	433.96
382.77	465.66
356.87	498.67
352.79	502.64
352.79	502.64
352.79	503.3
352.79	503.3
352.79	503.3
351.42	501.98
339.84	484.81
341.88	470.94
343.93	468.3
343.93	468.3
344.61	468.3
344.61	468.3
405.94	478.86
489.07	499.33
560.62	517.82
596.05	529.71
649.2	548.2
649.2	548.2
664.87	554.14
668.28	556.12
669.64	558.11
671.69	558.77
674.41	560.75
677.82	561.41
681.91	562.07
683.27	562.07
689.4	560.75
701.67	559.43
724.15	555.46
745.28	550.18
763.68	547.54
777.99	546.88
788.21	546.22
794.34	546.22
795.7	546.22
800.47	544.9
804.56	542.92
810.69	536.97
818.87	529.05
827.73	519.14
839.31	507.26
851.58	497.35
863.84	488.11
863.84	488.11
870.66	483.49
872.7	481.5
875.43	478.2
880.2	468.96
884.29	455.09
887.01	449.15
888.37	443.2
889.74	435.28
890.42	428.02
890.42	417.45
887.01	393.02
886.33	389.72
884.97	385.75
883.6	379.15
882.92	369.24
882.92	350.09
882.92	310.47
880.2	297.27
876.79	288.68
872.02	280.76
865.21	276.14
859.07	273.49
850.9	272.17
840.68	270.85
826.37	268.21
812.74	265.57
803.2	263.59
786.16	259.63
765.04	249.72
753.45	243.12
742.55	235.85
730.29	231.23
722.11	227.93
707.12	222.65
695.53	219.35
688.72	217.36
682.59	216.04
668.96	210.76
668.96	210.76
658.06	207.46
638.3	204.16
632.85	203.5
626.03	202.84
615.13	202.84
600.82	202.84
586.51	202.84
563.34	201.52
547.67	201.52
534.04	201.52
522.46	201.52
510.19	202.84
494.52	206.14
476.12	208.78
451.59	212.74
426.38	218.68
409.34	221.99
395.03	227.93
387.54	229.91
379.36	233.21
365.05	238.5
356.87	243.12
352.79	245.1
346.65	249.06
346.65	249.06
332.34	262.93
321.44	278.12
310.54	296.61
310.54	296.61
301	322.36
298.27	340.85
307.81	367.26
335.07	386.41
390.26	400.94
446.82	412.17
515.64	424.05
564.7	428.68
621.26	430
667.6	426.7
667.6	426.7
706.44	423.39
728.24	422.07
737.78	420.75
748	420.09
750.05	419.43
750.05	419.43
750.05	419.43
750.05	419.43
752.09	418.11
752.09	418.11
757.54	417.45
758.91	416.79
758.91	416.79
758.91	416.79
758.91	416.79
758.91	416.79
758.91	416.79
758.91	416.79
758.91	416.79
758.91	416.79
758.91	416.79
758.91	416.79
759.59	412.83
759.59	412.83
759.59	412.83
761.63	410.85
761.63	410.85
765.04	406.88
767.08	404.24
768.45	402.26
771.17	398.96
773.22	395.66
775.94	392.36
777.3	391.04
777.99	389.06
777.99	386.41
778.67	385.09
779.35	383.11
779.35	381.13
777.99	377.17
777.3	375.85
776.62	374.53
774.58	373.21
774.58	373.21
774.58	373.21
774.58	373.21
774.58	373.21
774.58	373.21
774.58	373.21
774.58	373.21
774.58	373.21
774.58	370.57
774.58	370.57
774.58	361.98
774.58	360.66
773.22	360
771.17	358.02
765.72	356.04
759.59	355.38
752.09	355.38
745.96	355.38
739.15	355.38
731.65	357.36
727.56	358.68
723.47	358.68
715.98	358.68
705.07	358.68
690.08	359.34
672.37	360
660.78	361.32
649.2	362.64
637.62	363.96
631.48	363.96
626.71	363.96
620.58	363.96
609.68	362.64
599.46	361.98
589.92	361.32
589.92	361.32
568.79	360.66
568.79	360.66
556.53	358.68
543.58	355.38
532.68	352.74
524.5	350.09
510.87	346.79
501.33	344.15
492.47	342.17
482.93	340.19
471.35	338.87
460.45	338.21
437.28	336.89
413.43	334.91
371.18	333.59
334.39	328.96
334.39	328.96
301.68	323.02
281.92	317.74
281.92	317.74
276.47	315.76
271.7	313.78
271.02	313.12
271.02	312.45
271.02	312.45
272.38	307.17
281.24	286.04
299.64	249.06
315.99	218.68
322.8	208.78
325.53	204.82
335.07	196.89
358.24	185.01
384.81	173.78
403.89	165.86
461.81	148.69
514.28	136.8
549.71	132.84
593.32	128.22
666.92	118.31
758.91	111.71
758.91	111.71
847.49	104.44
905.41	100.48
946.98	99.82
979.68	101.14
1012.39	105.1
1032.15	108.41
1053.28	113.69
1081.21	124.25
1094.16	130.86
1106.43	138.12
1120.74	148.69
1130.96	159.91
1136.41	167.84
1142.54	183.69
1145.27	202.18
1145.95	229.91
1143.22	260.29
1139.81	279.44
1138.45	291.32
1137.09	304.53
1135.73	312.45
1132.32	324.34
1130.28	338.21
1126.19	352.08
1123.46	360
1122.1	364.62
1121.42	367.26
1117.33	375.85
1111.2	386.41
1106.43	393.02
1096.2	407.55
1096.2	407.55
1081.89	423.39
1070.31	437.26
1063.5	445.19
1059.41	453.11
1056	459.71
1052.59	466.98
1049.87	474.9
1044.42	488.77
1038.97	498.01
1032.15	507.92
1023.98	515.84
1017.84	522.45
1013.75	523.77
1007.62	529.05
1001.49	533.01
978.32	540.28
940.16	546.88
893.14	551.5
835.91	560.09
780.71	567.35
726.88	573.29
684.63	577.92
647.15	581.88
612.4	585.84
585.15	589.14
554.48	593.1
527.23	597.73
527.23	597.73
483.62	603.01
483.62	603.01
465.22	604.33
450.91	604.99
436.6	604.99
427.74	604.33
413.43	603.01
400.48	599.05
390.26	595.75
379.36	591.12
368.46	581.88
363.01	574.61
358.24	561.41
354.15	540.94
354.15	523.77
361.64	503.96
371.86	485.47
384.13	463.01
389.58	453.11
389.58	453.11
392.31	449.15
392.99	448.49
395.03	446.51
400.48	440.56
410.02	432.64
443.41	412.83
463.86	400.28
478.16	392.36
488.39	387.73
489.07	387.07
489.07	387.07
489.07	387.07
489.07	387.07
489.07	387.07
489.07	387.07
489.07	387.07
489.07	387.07
489.07	387.07
489.07	387.07
489.07	387.07
489.07	387.07
489.07	387.07
489.07	387.07
489.07	387.07
489.07	387.07
489.07	387.07
546.99	368.58
833.86	249.06
1090.07	145.39
1220.22	68.12
1220.22	43.03
1220.22	43.03
1220.22	43.03
1220.22	43.03
1220.22	43.03
1220.22	43.03
1220.22	43.03
1220.22	43.03
1220.22	43.03
1220.22	43.03
1220.22	43.03
1220.22	43.03
1220.22	43.03
1220.22	43.03
1220.22	43.03
1220.22	43.03
1220.22	52.28
1220.22	80.01
1218.18	117.65
1213.41	159.25
1210.68	185.01
1207.27	212.74
1205.91	238.5
1206.59	258.31
1210	273.49
1216.81	294.63
1220.22	326.98
1220.22	350.76
1220.22	350.76
1218.86	370.57
1217.5	390.38
1217.5	390.38
1216.13	397.64
1214.77	407.55
1210	422.73
1210	422.73
1197.05	439.9
1166.39	467.64
1143.22	488.77
1103.7	517.82
1088.71	526.41
1088.71	526.41
1063.5	537.63
1060.77	538.29
1058.73	538.29
1056	536.97
1053.96	531.03
1053.96	531.03
1051.23	512.54
1054.64	484.15
1059.41	465
1065.54	450.47
1066.9	444.53
1072.36	435.28
1072.36	435.28
1073.04	432.64
1075.08	422.73
1075.76	410.85
1076.44	386.41
1077.81	371.23
1075.76	352.08
1073.72	338.87
1072.36	327.64
1064.18	310.47
1055.32	297.93
1048.51	289.34
1043.05	281.42
1034.2	273.49
1023.29	269.53
991.27	264.25
968.1	261.61
932.67	253.68
899.96	241.14
865.21	221.99
838.63	210.1
812.06	198.87
790.93	188.97
765.04	180.38
737.78	173.78
712.57	169.82
677.82	163.22
655.33	163.22
631.48	165.86
605.59	171.14
576.29	181.71
552.44	192.27
527.23	202.84
492.47	217.36
469.31	227.27
450.91	236.51
435.92	245.76
424.33	255
416.16	265.57
416.16	265.57
378.68	323.02
378.68	323.02
350.06	358.68
296.91	408.21
262.16	441.88
230.13	473.58
210.37	494.05
198.79	506.6
193.34	511.88
189.25	517.82
182.43	527.73
174.26	538.96
159.26	564.71
126.56	641.97
106.11	676.31
102.71	676.31
102.03	676.31
101.34	676.31
101.34	676.31
101.34	676.31
101.34	676.31
101.34	676.31
102.03	672.35
102.03	672.35
139.5	529.71
183.8	407.55
199.47	367.92
212.41	338.87
223.32	313.12
227.41	301.89
229.45	299.25
230.13	298.59
231.49	298.59
233.54	300.57
233.54	300.57
235.58	301.89
238.31	304.53
239.67	306.51
241.03	307.17
241.03	307.17
241.03	307.17
241.03	307.17
241.03	307.17
241.03	307.17
243.76	305.19
243.76	305.19
262.16	282.74
273.06	268.87
276.47	262.27
279.19	259.63
280.56	258.31
281.92	256.32
283.28	254.34
285.33	251.04
287.37	249.06
290.1	245.1
290.78	244.44
290.78	244.44
290.78	244.44
290.78	244.44
290.78	244.44
290.78	244.44
290.78	244.44
290.78	244.44
290.78	244.44
291.46	243.78
296.23	239.82
298.27	237.83
304.41	233.21
313.94	225.95
317.35	222.65
318.03	221.99
318.03	221.99
318.03	221.99
318.03	221.99
318.03	221.99
318.03	221.99
318.03	221.99
330.3	211.42
352.1	196.23
385.49	176.42
440.01	148.69
477.48	136.14
551.08	109.73
667.6	76.05
714.61	64.16
745.28	58.88
765.04	58.88
765.04	58.88
788.89	65.48
801.84	75.39
814.1	86.61
822.96	99.16
835.22	115.67
846.13	130.2
854.99	145.39
862.48	158.59
866.57	171.8
870.66	183.03
873.38	192.27
875.43	201.52
876.11	208.78
877.47	217.36
877.47	232.55
874.06	248.4
870.66	258.31
867.93	269.53
865.21	280.76
865.21	280.76
860.44	303.87
857.71	317.74
857.71	317.74
853.62	333.59
848.17	352.08
844.76	363.3
842.72	371.89
840.68	381.13
837.95	392.36
835.91	402.26
833.86	410.19
832.5	412.83
832.5	414.15
831.82	417.45
831.14	424.71
831.14	424.71
831.14	424.71
831.14	424.71
831.14	424.71
831.14	424.71
837.27	418.11
846.13	408.87
851.58	400.94
854.3	395.66
857.03	389.72
860.44	382.45
867.93	370.57
867.93	370.57
876.79	358.68
887.69	334.91
895.87	309.81
898.6	288.68
898.6	288.68
899.96	276.14
902.68	266.89
903.37	260.95
906.09	253.02
908.82	243.78
911.54	232.55
914.27	221.99
918.36	206.14
920.4	191.61
922.44	184.35
921.08	169.82
921.08	169.82
914.27	154.63
906.77	146.05
897.91	136.14
889.06	126.9
878.83	116.99
870.66	108.41
870.66	108.41
857.71	99.16
837.27	88.6
820.23	84.63
800.47	81.33
782.07	80.01
762.99	79.35
750.73	77.37
730.29	78.69
719.38	80.67
707.8	83.97
696.22	86.61
677.82	90.58
660.78	96.52
639.66	105.76
614.45	115.01
572.88	132.18
538.13	147.37
510.19	159.91
492.47	166.52
477.48	171.14
467.94	175.1
452.95	182.37
437.28	190.95
425.01	200.19
411.39	208.12
390.94	220.67
390.94	220.67
377.32	231.23
365.73	243.78
358.92	249.72
352.79	258.97
343.25	268.87
335.07	278.78
335.07	278.78
328.25	288.68
322.12	296.61
314.63	307.17
308.49	315.1
302.36	325
298.27	332.27
294.18	342.17
285.33	356.04
273.06	377.83
273.06	377.83
266.93	390.38
259.43	407.55
259.43	407.55
256.71	414.15
253.3	424.71
249.89	435.28
246.49	445.85
243.76	457.07
242.4	466.98
241.72	477.54
243.08	494.71
245.12	506.6
247.17	517.82
249.21	525.75
251.94	534.33
253.98	541.6
254.66	544.9
254.66	545.56
255.34	548.2
255.34	550.18
255.34	555.46
253.3	564.71
253.3	564.71
249.89	574.61
247.85	586.5
250.57	608.29
253.3	622.82
254.66	626.12
255.34	628.1
255.34	628.1
255.34	628.1
255.34	628.1
255.34	628.1
255.34	628.1
255.34	628.1
255.34	628.1
255.34	628.1
255.34	628.1
255.34	628.1
256.71	618.86
257.39	613.58
257.39	612.91
262.84	606.31
267.61	599.71
268.97	598.39
268.97	598.39
269.65	597.73
269.65	597.73
270.33	597.73
275.79	591.12
281.92	583.86
289.41	573.95
297.59	564.71
304.41	555.46
304.41	555.46
310.54	550.18
313.94	544.9
320.76	535.65
324.85	530.37
328.25	526.41
332.34	521.79
340.52	515.18
354.83	503.96
358.24	501.32
358.24	501.32
358.24	501.32
359.6	498.67
359.6	498.67
360.96	489.43
360.28	482.83
358.24	476.22
358.24	472.92
357.56	465.66
359.6	443.2
365.05	418.11
368.46	402.26
368.46	402.26
372.55	377.17
376.63	354.72
380.72	334.25
382.77	324.34
385.49	316.42
385.49	316.42
388.22	305.19
391.63	294.63
394.35	288.02
396.4	284.72
399.12	279.44
401.85	274.15
405.25	268.87
407.98	263.59
413.43	255.66
421.61	245.1
436.6	227.93
453.63	210.76
469.99	193.59
478.16	186.33
479.53	185.01
479.53	185.01
487.02	179.06
504.74	169.16
504.74	169.16
541.54	165.2
612.4	171.8
650.56	177.08
650.56	177.08
688.72	181.71
720.07	185.67
741.19	194.25
760.27	201.52
773.22	209.44
786.84	218.68
798.43	227.93
812.06	239.16
818.19	245.76
831.14	270.85
831.14	270.85
837.95	294.63
840.68	301.89
843.4	309.15
848.17	323.02
851.58	342.83
851.58	342.83
855.67	367.26
863.16	389.06
868.61	402.26
870.66	415.47
874.75	428.68
878.15	437.92
878.83	442.54
880.2	444.53
880.88	445.85
881.56	447.17
881.56	447.17
881.56	447.17
882.24	447.17
887.69	440.56
892.46	434.62
898.6	426.7
904.73	419.43
908.82	414.81
912.91	408.87
914.95	404.24
919.04	397.64
921.76	390.38
924.49	382.45
927.9	373.21
930.62	366.6
931.3	359.34
933.35	348.77
933.35	340.19
932.67	334.91
930.62	327.64
927.9	317.74
925.85	312.45
925.17	307.83
925.17	301.89
924.49	294.63
922.44	287.36
920.4	280.1
917.67	268.87
914.27	258.31
911.54	245.76
903.37	227.93
897.23	216.7
891.78	206.8
889.06	202.84
887.01	200.19
884.29	197.55
881.56	195.57
881.56	195.57
869.98	188.97
860.44	184.35
845.45	175.76
825.68	168.5
793.66	163.88
793.66	163.88
754.14	159.25
694.17	157.93
694.17	157.93
666.92	157.93
634.89	161.23
580.38	175.1
554.48	180.38
525.86	188.97
495.2	202.84
451.59	221.99
418.88	236.51
390.94	249.72
390.94	249.72
364.37	266.23
336.43	285.38
315.99	297.93
303.72	309.15
297.59	314.44
288.05	325
276.47	338.87
261.48	359.34
246.49	376.51
234.9	391.7
234.9	391.7
225.36	401.6
211.05	416.13
200.83	425.37
194.7	433.3
187.88	441.22
181.07	449.81
175.62	459.05
170.17	476.22
165.4	494.05
160.63	510.56
160.63	511.22
160.63	513.2
160.63	515.84
160.63	517.82
160.63	521.79
161.99	525.09
163.35	529.05
166.08	534.33
169.49	540.28
177.66	548.2
183.11	550.84
195.38	553.48
214.46	552.16
245.12	542.92
280.56	528.39
315.99	511.22
352.79	492.07
371.18	478.86
384.81	463.01
397.76	439.9
404.57	420.09
407.98	404.9
412.07	384.43
414.11	369.24
417.52	358.68
418.88	348.11
423.65	336.23
428.42	326.32
437.28	309.81
448.86	291.32
467.26	265.57
490.43	245.76
502.7	236.51
521.09	227.93
540.17	218.02
572.88	208.12
604.91	196.89
634.89	191.61
653.29	189.63
688.04	186.33
719.38	186.33
744.6	186.99
761.63	188.97
771.85	191.61
777.99	194.25
784.12	197.55
788.89	204.16
793.66	214.72
796.38	227.93
803.88	250.38
803.88	250.38
812.06	270.19
823.64	290.66
829.09	305.85
832.5	315.1
833.18	323.68
834.54	333.59
836.59	343.49
837.95	347.45
837.95	347.45
837.95	347.45
837.95	347.45
839.31	348.11
839.31	348.11
843.4	344.15
848.85	338.87
856.35	330.94
861.8	320.38
865.89	298.59
859.75	275.47
849.53	249.06
826.37	214.72
805.92	194.25
785.48	179.06
763.68	163.88
763.68	163.88
711.21	140.76
689.4	138.12
668.28	134.16
647.15	130.86
624.67	128.22
611.72	127.56
611.72	127.56
598.77	127.56
581.74	128.88
567.43	132.18
549.03	136.14
524.5	140.76
505.42	144.07
493.84	146.05
478.16	151.99
461.13	159.25
448.86	164.54
439.32	167.18
429.1	170.48
418.2	175.1
407.98	178.4
396.4	182.37
388.22	185.67
388.22	185.67
375.95	189.63
368.46	193.59
360.96	196.89
354.83	201.52
348.7	204.82
338.48	212.74
328.94	220.01
323.48	223.97
317.35	227.93
309.86	233.87
302.36	241.8
294.18	248.4
292.14	249.72
290.1	252.36
287.37	255
286.01	257.65
281.24	263.59
277.15	270.85
268.29	282.74
256.71	303.87
245.12	330.94
236.26	356.04
236.26	356.04
232.86	377.17
232.86	407.55
251.94	439.24
279.87	455.09
314.63	463.68
365.05	466.98
455	471.6
511.55	474.9
553.12	472.26
577.65	476.88
587.87	484.81
587.19	492.07
581.74	497.35
581.74	498.67
581.74	498.67
581.74	498.67
581.74	498.67
581.74	498.67
581.74	498.67
580.38	497.35
580.38	496.69
585.15	492.73
614.45	472.92
618.54	468.96
620.58	467.64
621.26	467.64
621.26	467.64
621.26	467.64
621.26	467.64
621.26	467.64
621.26	467.64
621.26	467.64
621.26	467.64
621.26	467.64
621.26	467.64
621.26	467.64
621.26	467.64
621.26	467.64
621.26	467.64
621.26	467.64
621.26	467.64
621.26	467.64
621.26	467.64
621.26	467.64
621.26	467.64
621.26	467.64
621.26	467.64
621.26	467.64
621.26	467.64
621.26	467.64
621.26	467.64
621.26	467.64
621.26	467.64
621.26	467.64
621.26	467.64
621.26	467.64
622.62	467.64
622.62	467.64
622.62	467.64
622.62	467.64
622.62	467.64
622.62	467.64
622.62	467.64
623.31	467.64
623.31	467.64
623.31	467.64
623.31	467.64
623.31	467.64
623.31	467.64
623.31	467.64
623.31	467.64
623.31	467.64
623.31	467.64
623.31	467.64
623.31	467.64
623.31	467.64
623.31	467.64
623.31	467.64
623.31	467.64
623.31	467.64
623.31	467.64
623.31	467.64
623.31	467.64
623.31	467.64
623.31	467.64
623.31	467.64
623.31	467.64
623.31	467.64
623.31	467.64
623.31	467.64
623.31	467.64
623.31	467.64
623.31	467.64
623.31	467.64
623.31	467.64
623.31	467.64
623.31	467.64
623.31	467.64
623.31	467.64
623.31	467.64
623.31	467.64
623.31	467.64
623.31	467.64
623.31	467.64
623.31	467.64
623.31	467.64
623.31	467.64
623.31	467.64
623.31	467.64
623.31	467.64
623.31	467.64
623.31	467.64
623.31	467.64
623.31	467.64
623.31	467.64
623.31	467.64
623.31	467.64
623.31	467.64
623.31	467.64
623.31	467.64
623.31	467.64
623.31	467.64
623.31	467.64
623.31	467.64
623.31	467.64
