380.8	293.31
371.22	302.87
366.96	321.99
366.96	321.99
366.96	321.99
366.96	321.99
366.96	321.99
366.96	321.99
366.96	321.99
366.96	321.99
366.96	321.99
368.02	316.68
371.22	309.25
372.28	303.93
375.48	302.87
385.07	306.06
409.57	325.18
441.52	357.05
474.55	387.85
490.53	399.54
491.59	403.79
475.61	409.1
428.74	415.47
357.37	417.6
294.52	400.6
264.69	377.23
257.23	353.86
264.69	330.49
303.04	310.31
360.56	298.62
421.28	298.62
455.37	306.06
460.7	312.43
454.31	320.93
436.2	325.18
419.15	327.3
407.44	327.3
399.98	325.18
398.91	325.18
398.91	325.18
398.91	325.18
396.78	329.43
396.78	336.86
399.98	347.49
424.48	368.73
469.22	397.41
520.35	428.22
566.16	453.71
609.84	474.96
638.6	487.71
646.06	489.83
647.12	489.83
649.25	489.83
655.64	493.02
665.23	495.14
671.62	498.33
680.15	501.52
690.8	504.7
700.39	506.83
703.58	507.89
703.58	507.89
701.45	507.89
679.08	506.83
637.53	498.33
562.97	482.4
486.27	462.21
423.41	443.09
390.39	432.47
381.87	429.28
381.87	429.28
381.87	429.28
381.87	427.16
385.07	423.97
394.65	418.66
407.44	412.29
425.55	405.91
447.92	403.79
463.9	405.91
471.35	409.1
474.55	411.22
473.48	412.29
466.03	413.35
451.11	413.35
433	411.22
420.22	408.04
410.63	405.91
409.57	405.91
408.5	405.91
408.5	411.22
408.5	416.53
411.7	425.03
419.15	433.53
427.68	440.97
436.2	444.15
440.46	446.28
440.46	446.28
440.46	447.34
435.13	447.34
428.74	448.4
422.35	450.53
420.22	451.59
420.22	453.71
420.22	454.78
423.41	456.9
424.48	456.9
424.48	456.9
421.28	456.9
417.02	456.9
417.02	459.03
418.09	467.52
420.22	480.27
420.22	486.64
417.02	489.83
411.7	489.83
406.37	489.83
402.11	488.77
397.85	486.64
393.59	482.4
391.46	476.02
388.26	468.59
386.13	459.03
386.13	455.84
387.2	453.71
391.46	451.59
395.72	450.53
399.98	448.4
402.11	446.28
405.31	444.15
410.63	444.15
417.02	444.15
423.41	449.47
426.61	453.71
426.61	454.78
426.61	454.78
423.41	454.78
418.09	454.78
412.76	452.65
409.57	448.4
407.44	438.84
403.17	416.53
395.72	377.23
381.87	333.68
362.69	293.31
349.91	259.32
342.45	235.95
336.06	220.01
330.74	208.33
326.48	203.02
320.08	199.83
310.5	196.64
292.39	193.46
266.82	186.02
229.54	172.21
195.45	156.28
168.82	140.34
138.99	127.6
117.68	120.16
105.96	116.97
104.9	115.91
108.1	112.73
127.27	106.35
172.01	99.98
235.93	92.54
294.52	87.23
327.54	84.04
336.06	82.98
336.06	82.98
333.93	82.98
315.82	81.92
277.47	78.73
233.8	73.42
205.03	68.11
194.38	65.99
194.38	65.99
194.38	65.99
194.38	65.99
194.38	65.99
195.45	64.92
211.43	62.8
244.45	61.74
296.65	65.99
361.63	77.67
446.85	91.48
535.27	101.04
597.05	105.29
637.53	106.35
660.97	107.41
669.49	107.41
672.69	107.41
672.69	107.41
672.69	107.41
668.43	107.41
641.8	106.35
577.88	98.92
504.38	89.36
443.66	79.79
406.37	74.48
387.2	72.36
377.61	71.3
374.41	70.23
373.35	70.23
371.22	70.23
369.09	70.23
366.96	70.23
366.96	92.54
379.74	178.59
407.44	312.43
454.31	451.59
489.46	515.33
495.85	528.07
495.85	530.2
494.79	531.26
490.53	531.26
479.87	528.07
462.83	521.7
445.79	513.2
434.07	506.83
426.61	498.33
423.41	488.77
422.35	478.15
422.35	470.71
422.35	464.34
425.55	453.71
426.61	440.97
426.61	422.91
426.61	406.97
424.48	386.79
421.28	363.42
415.96	333.68
407.44	297.56
395.72	266.75
382.93	245.51
362.69	230.64
329.67	212.58
303.04	194.52
275.34	179.65
252.97	167.96
236.99	156.28
224.21	147.78
214.62	141.41
206.1	136.1
195.45	130.78
182.66	126.53
170.95	123.35
154.97	118.04
137.92	110.6
124.07	103.16
113.42	95.73
103.83	91.48
100.64	90.42
99.57	90.42
98.51	94.67
100.64	105.29
115.55	113.79
143.25	121.22
183.73	126.53
238.06	133.97
309.43	144.59
378.67	156.28
433	170.09
466.03	182.84
474.55	187.08
474.55	187.08
473.48	188.15
469.22	189.21
462.83	192.4
458.57	197.71
454.31	206.21
448.98	216.83
436.2	226.39
419.15	228.51
392.52	222.14
366.96	210.45
358.43	199.83
356.3	190.27
358.43	181.77
358.43	175.4
358.43	171.15
358.43	170.09
358.43	170.09
357.37	171.15
354.17	180.71
352.04	197.71
350.98	211.52
350.98	216.83
350.98	217.89
350.98	218.95
352.04	218.95
356.3	216.83
362.69	213.64
380.8	209.39
401.04	199.83
408.5	191.33
410.63	181.77
413.83	167.96
420.22	156.28
424.48	149.9
425.55	146.72
425.55	145.66
418.09	144.59
404.24	143.53
389.33	142.47
372.28	139.28
361.63	137.16
358.43	137.16
359.5	137.16
379.74	144.59
417.02	153.09
462.83	162.65
490.53	167.96
493.72	169.03
493.72	169.03
494.79	169.03
496.92	169.03
496.92	169.03
496.92	169.03
488.4	176.46
459.63	193.46
422.35	216.83
396.78	234.89
385.07	248.7
371.22	262.51
356.3	276.32
342.45	288
324.34	305
311.56	321.99
306.24	337.93
308.37	350.67
319.02	362.36
344.59	376.17
377.61	393.16
404.24	405.91
423.41	416.53
434.07	422.91
437.26	426.1
442.59	431.41
456.44	439.9
479.87	450.53
511.83	461.15
546.99	469.65
576.81	472.84
600.25	476.02
617.29	477.08
634.34	477.08
653.51	477.08
673.75	471.77
686.54	465.4
695.06	463.27
700.39	461.15
705.71	459.03
714.23	454.78
722.76	446.28
725.95	440.97
725.95	434.59
716.36	429.28
705.71	425.03
691.86	418.66
674.82	414.41
663.1	409.1
656.71	404.85
650.32	399.54
644.99	394.23
643.93	393.16
643.93	393.16
643.93	393.16
641.8	391.04
634.34	388.92
620.49	385.73
597.05	383.6
562.97	383.6
534.2	386.79
517.16	389.98
511.83	391.04
507.57	386.79
506.51	374.04
506.51	358.11
513.96	342.18
525.68	331.55
548.05	325.18
560.83	323.05
600.25	329.43
616.23	340.05
625.82	349.61
630.08	357.05
632.21	364.48
634.34	371.92
634.34	372.98
629.01	376.17
617.29	379.36
595.99	379.36
564.03	378.29
540.59	378.29
533.14	378.29
533.14	378.29
537.4	378.29
554.44	378.29
575.75	378.29
584.27	378.29
582.14	378.29
558.7	378.29
508.64	376.17
460.7	358.11
430.87	333.68
414.89	295.44
403.17	250.82
394.65	212.58
386.13	180.71
382.93	161.59
380.8	154.15
377.61	147.78
374.41	143.53
373.35	141.41
373.35	141.41
373.35	141.41
373.35	141.41
374.41	141.41
378.67	143.53
380.8	147.78
380.8	154.15
378.67	163.71
377.61	170.09
377.61	174.34
376.54	177.52
375.48	180.71
374.41	182.84
374.41	184.96
374.41	186.02
376.54	184.96
389.33	171.15
399.98	160.53
406.37	149.9
409.57	144.59
409.57	143.53
409.57	144.59
408.5	153.09
405.31	165.84
402.11	183.9
397.85	204.08
393.59	225.33
389.33	248.7
388.26	267.82
388.26	286.94
388.26	301.81
389.33	316.68
390.39	334.74
392.52	367.67
398.91	409.1
404.24	443.09
406.37	465.4
405.31	478.15
401.04	487.71
395.72	496.21
387.2	502.58
378.67	505.77
369.09	506.83
355.24	506.83
344.59	505.77
336.06	503.64
327.54	501.52
320.08	500.45
311.56	497.27
305.17	495.14
301.97	491.96
300.91	487.71
298.78	471.77
297.71	435.66
294.52	393.16
286	340.05
270.02	289.06
249.78	252.95
233.8	234.89
223.14	225.33
213.56	222.14
202.9	222.14
187.99	224.26
177.34	226.39
170.95	226.39
161.36	223.2
150.71	214.7
142.18	205.14
138.99	197.71
141.12	190.27
151.77	184.96
167.75	183.9
176.27	183.9
179.47	186.02
180.53	198.77
180.53	206.21
180.53	206.21
180.53	206.21
180.53	206.21
180.53	206.21
182.66	207.27
184.79	209.39
185.86	212.58
183.73	227.45
180.53	263.57
180.53	318.81
187.99	369.79
197.58	405.91
202.9	423.97
205.03	429.28
205.03	429.28
205.03	429.28
205.03	429.28
210.36	430.34
218.88	434.59
235.93	440.97
250.84	447.34
260.43	450.53
261.49	450.53
264.69	446.28
268.95	418.66
272.15	367.67
271.08	289.06
265.76	212.58
262.56	173.27
260.43	159.47
260.43	153.09
259.36	150.97
259.36	150.97
258.3	149.9
257.23	148.84
254.04	146.72
249.78	145.66
242.32	140.34
232.73	131.85
224.21	124.41
219.95	121.22
218.88	120.16
218.88	120.16
218.88	120.16
218.88	120.16
218.88	120.16
218.88	120.16
218.88	120.16
218.88	120.16
221.01	124.41
232.73	137.16
257.23	157.34
296.65	183.9
337.13	205.14
356.3	213.64
365.89	217.89
373.35	224.26
382.93	231.7
393.59	239.14
397.85	242.32
408.5	254.01
411.7	258.26
412.76	259.32
412.76	259.32
410.63	258.26
405.31	242.32
399.98	217.89
398.91	200.89
398.91	180.71
399.98	161.59
399.98	154.15
399.98	153.09
399.98	153.09
399.98	159.47
399.98	172.21
399.98	183.9
398.91	195.58
396.78	209.39
396.78	220.01
398.91	230.64
401.04	240.2
401.04	244.45
394.65	246.57
390.39	247.63
388.26	250.82
392.52	275.25
403.17	317.74
413.83	351.74
419.15	367.67
419.15	370.86
411.7	351.74
391.46	307.12
348.85	233.82
295.58	157.34
265.76	122.29
257.23	110.6
255.1	105.29
251.91	102.1
247.65	98.92
240.19	95.73
232.73	93.6
225.27	92.54
222.08	91.48
219.95	90.42
217.82	90.42
215.69	91.48
215.69	101.04
213.56	118.04
211.43	133.97
210.36	145.66
212.49	148.84
214.62	149.9
223.14	149.9
236.99	149.9
254.04	147.78
274.28	145.66
301.97	143.53
333.93	143.53
355.24	143.53
362.69	143.53
379.74	145.66
388.26	149.9
390.39	153.09
394.65	167.96
398.91	183.9
399.98	189.21
402.11	199.83
401.04	200.89
398.91	201.96
395.72	204.08
397.85	205.14
402.11	206.21
425.55	209.39
451.11	208.33
463.9	206.21
491.59	199.83
493.72	198.77
493.72	199.83
472.42	226.39
421.28	281.63
394.65	312.43
346.72	375.11
332.87	396.35
328.61	400.6
324.34	404.85
322.21	404.85
313.69	403.79
282.8	399.54
266.82	399.54
235.93	399.54
207.17	399.54
205.03	399.54
203.97	399.54
216.75	391.04
228.47	384.67
268.95	368.73
328.61	344.3
333.93	341.11
332.87	336.86
294.52	326.24
275.34	325.18
233.8	321.99
203.97	321.99
200.77	323.05
197.58	323.05
196.51	324.12
195.45	324.12
195.45	324.12
195.45	324.12
197.58	324.12
212.49	327.3
255.1	332.62
273.21	332.62
306.24	330.49
344.59	319.87
375.48	309.25
402.11	299.68
419.15	294.37
426.61	291.19
428.74	291.19
428.74	291.19
419.15	291.19
388.26	293.31
330.74	296.5
260.43	300.75
222.08	300.75
209.3	301.81
209.3	301.81
209.3	301.81
209.3	301.81
208.23	307.12
214.62	316.68
224.21	329.43
236.99	343.24
248.71	354.92
257.23	362.36
263.62	366.61
265.76	367.67
265.76	367.67
265.76	367.67
265.76	367.67
265.76	367.67
264.69	367.67
263.62	366.61
262.56	365.55
262.56	365.55
261.49	365.55
261.49	365.55
262.56	368.73
266.82	371.92
272.15	375.11
276.41	377.23
279.6	379.36
281.73	380.42
286	381.48
294.52	381.48
322.21	371.92
356.3	355.99
385.07	338.99
412.76	317.74
431.94	298.62
447.92	280.56
460.7	264.63
468.16	254.01
472.42	247.63
475.61	243.38
479.87	238.07
483.07	233.82
487.33	231.7
488.4	230.64
490.53	230.64
493.72	231.7
497.98	239.14
503.31	247.63
507.57	259.32
508.64	268.88
503.31	281.63
482	303.93
442.59	338.99
389.33	380.42
343.52	415.47
313.69	433.53
289.19	440.97
264.69	440.97
244.45	440.97
236.99	438.84
236.99	438.84
236.99	438.84
236.99	438.84
236.99	437.78
242.32	435.66
250.84	433.53
266.82	429.28
289.19	420.78
314.76	412.29
332.87	403.79
341.39	401.66
343.52	400.6
343.52	399.54
343.52	399.54
343.52	399.54
343.52	399.54
343.52	399.54
341.39	398.48
341.39	398.48
341.39	397.41
344.59	396.35
348.85	393.16
355.24	385.73
364.83	378.29
372.28	371.92
378.67	367.67
381.87	364.48
382.93	362.36
384	362.36
385.07	361.3
386.13	359.17
387.2	358.11
387.2	352.8
381.87	348.55
376.54	345.36
369.09	344.3
360.56	342.18
356.3	342.18
355.24	347.49
355.24	359.17
358.43	376.17
363.76	394.23
368.02	406.97
371.22	415.47
374.41	422.91
375.48	430.34
376.54	434.59
376.54	437.78
376.54	438.84
376.54	438.84
376.54	438.84
376.54	438.84
376.54	438.84
372.28	438.84
364.83	433.53
357.37	420.78
341.39	396.35
321.15	370.86
307.3	354.92
306.24	347.49
306.24	338.99
313.69	330.49
331.8	314.56
355.24	295.44
376.54	279.5
388.26	269.94
395.72	264.63
398.91	261.44
399.98	259.32
401.04	257.19
402.11	256.13
402.11	256.13
403.17	255.07
405.31	252.95
408.5	250.82
411.7	248.7
412.76	247.63
412.76	247.63
412.76	247.63
413.83	246.57
417.02	244.45
420.22	241.26
422.35	239.14
422.35	239.14
422.35	239.14
422.35	239.14
417.02	247.63
412.76	258.26
409.57	265.69
409.57	272.07
409.57	277.38
409.57	284.81
409.57	294.37
411.7	305
411.7	313.49
411.7	319.87
408.5	323.05
403.17	325.18
396.78	325.18
388.26	323.05
374.41	323.05
366.96	323.05
357.37	321.99
341.39	316.68
310.5	311.37
246.58	303.93
164.55	297.56
98.51	293.31
49.51	293.31
30.33	293.31
28.2	293.31
27.13	293.31
27.13	293.31
28.2	293.31
36.72	293.31
50.57	295.44
66.55	295.44
75.07	295.44
79.33	295.44
80.4	295.44
82.53	297.56
87.85	308.18
94.25	327.3
107.03	351.74
119.81	378.29
131.53	399.54
144.31	418.66
154.97	430.34
162.42	437.78
168.82	444.15
175.21	449.47
178.4	452.65
180.53	454.78
180.53	454.78
180.53	454.78
180.53	454.78
180.53	455.84
181.6	456.9
182.66	456.9
183.73	456.9
186.93	456.9
194.38	444.15
200.77	415.47
202.9	368.73
202.9	316.68
199.71	285.88
197.58	273.13
196.51	267.82
196.51	267.82
196.51	267.82
196.51	267.82
196.51	267.82
196.51	267.82
196.51	267.82
196.51	277.38
195.45	289.06
195.45	306.06
192.25	326.24
186.93	340.05
182.66	348.55
178.4	350.67
170.95	349.61
163.49	332.62
152.84	299.68
138.99	254.01
128.34	216.83
120.88	190.27
117.68	170.09
115.55	157.34
114.49	149.9
114.49	148.84
114.49	148.84
114.49	148.84
112.36	161.59
112.36	188.15
114.49	222.14
120.88	245.51
127.27	254.01
135.79	257.19
144.31	257.19
152.84	251.88
163.49	240.2
183.73	222.14
205.03	209.39
236.99	197.71
267.89	192.4
292.39	190.27
314.76	191.33
336.06	193.46
356.3	195.58
375.48	199.83
395.72	204.08
414.89	206.21
430.87	207.27
444.72	207.27
456.44	208.33
467.09	208.33
476.68	208.33
484.14	208.33
491.59	208.33
500.11	208.33
508.64	208.33
516.09	206.21
521.42	204.08
524.62	204.08
524.62	204.08
525.68	204.08
526.75	203.02
519.29	198.77
489.46	188.15
434.07	173.27
355.24	153.09
288.13	138.22
256.17	127.6
241.25	121.22
233.8	119.1
230.6	116.97
229.54	115.91
227.41	115.91
227.41	115.91
226.34	114.85
224.21	114.85
221.01	113.79
212.49	115.91
199.71	122.29
187.99	127.6
184.79	130.78
184.79	130.78
184.79	130.78
184.79	130.78
183.73	130.78
178.4	130.78
168.82	132.91
151.77	138.22
129.4	145.66
115.55	152.03
108.1	155.22
103.83	157.34
102.77	158.4
102.77	158.4
103.83	158.4
118.75	156.28
157.1	149.9
207.17	145.66
260.43	144.59
303.04	144.59
327.54	144.59
340.32	144.59
346.72	144.59
348.85	144.59
355.24	146.72
363.76	152.03
371.22	156.28
372.28	157.34
372.28	159.47
372.28	162.65
379.74	164.78
399.98	164.78
428.74	161.59
436.2	161.59
436.2	161.59
436.2	161.59
436.2	161.59
436.2	161.59
436.2	161.59
436.2	161.59
436.2	161.59
436.2	161.59
439.39	161.59
464.96	162.65
519.29	162.65
568.29	160.53
592.79	160.53
605.58	160.53
615.16	160.53
626.88	160.53
641.8	160.53
660.97	160.53
676.95	160.53
687.6	160.53
689.73	160.53
689.73	160.53
690.8	160.53
686.54	163.71
679.08	167.96
663.1	172.21
623.69	178.59
562.97	180.71
501.18	182.84
455.37	182.84
431.94	182.84
421.28	182.84
417.02	182.84
414.89	182.84
414.89	182.84
420.22	181.77
448.98	176.46
503.31	170.09
573.62	165.84
632.21	162.65
678.01	160.53
703.58	158.4
714.23	157.34
720.63	157.34
720.63	157.34
720.63	157.34
720.63	157.34
719.56	157.34
709.97	157.34
695.06	157.34
673.75	153.09
639.66	152.03
600.25	153.09
559.77	163.71
523.55	178.59
479.87	207.27
441.52	242.32
403.17	274.19
372.28	296.5
350.98	311.37
338.19	317.74
330.74	323.05
321.15	328.37
312.63	335.8
305.17	343.24
299.84	350.67
297.71	359.17
296.65	368.73
293.45	378.29
292.39	388.92
288.13	398.48
282.8	408.04
274.28	416.53
262.56	422.91
248.71	427.16
235.93	428.22
228.47	428.22
225.27	428.22
225.27	427.16
230.6	419.72
244.45	402.73
260.43	383.6
268.95	374.04
272.15	369.79
273.21	368.73
273.21	368.73
273.21	368.73
270.02	374.04
267.89	381.48
267.89	392.1
272.15	403.79
274.28	413.35
275.34	418.66
276.41	422.91
273.21	426.1
261.49	427.16
236.99	427.16
196.51	421.85
146.44	413.35
97.44	405.91
65.48	402.73
44.18	401.66
29.27	403.79
18.61	406.97
6.89	412.29
0	0
0	0
0	0
0	0
12.22	443.09
50.57	447.34
115.55	449.47
186.93	450.53
241.25	442.03
281.73	429.28
311.56	415.47
341.39	402.73
365.89	396.35
381.87	392.1
392.52	389.98
405.31	387.85
421.28	383.6
440.46	377.23
458.57	366.61
472.42	350.67
482	323.05
479.87	284.81
463.9	243.38
442.59	206.21
426.61	180.71
425.55	170.09
425.55	163.71
425.55	158.4
425.55	155.22
425.55	153.09
425.55	153.09
425.55	153.09
425.55	153.09
425.55	153.09
425.55	158.4
425.55	163.71
426.61	167.96
426.61	167.96
426.61	169.03
426.61	169.03
426.61	169.03
426.61	169.03
428.74	169.03
431.94	169.03
436.2	171.15
441.52	173.27
447.92	176.46
454.31	180.71
458.57	182.84
462.83	184.96
464.96	186.02
466.03	187.08
466.03	187.08
468.16	189.21
470.29	194.52
472.42	201.96
473.48	208.33
474.55	210.45
475.61	210.45
469.22	212.58
458.57	216.83
453.24	217.89
453.24	217.89
453.24	217.89
453.24	217.89
453.24	217.89
453.24	217.89
452.18	217.89
452.18	213.64
454.31	210.45
458.57	206.21
462.83	203.02
466.03	201.96
467.09	201.96
467.09	201.96
467.09	201.96
467.09	201.96
467.09	201.96
467.09	201.96
467.09	201.96
467.09	201.96
467.09	201.96
467.09	201.96
467.09	201.96
467.09	201.96
467.09	201.96
467.09	201.96
467.09	201.96
467.09	201.96
467.09	201.96
467.09	201.96
467.09	201.96
467.09	201.96
467.09	201.96
467.09	201.96
467.09	201.96
467.09	201.96
467.09	201.96
467.09	201.96
467.09	201.96
467.09	201.96
467.09	201.96
467.09	201.96
467.09	201.96
467.09	201.96
468.16	200.89
469.22	200.89
469.22	200.89
469.22	200.89
469.22	200.89
469.22	200.89
469.22	200.89
469.22	200.89
469.22	200.89
469.22	200.89
469.22	200.89
469.22	200.89
467.09	200.89
464.96	200.89
463.9	200.89
463.9	200.89
463.9	200.89
463.9	200.89
463.9	200.89
463.9	200.89
463.9	200.89
463.9	200.89
463.9	200.89
463.9	200.89
463.9	200.89
463.9	200.89
463.9	200.89
463.9	200.89
463.9	200.89
463.9	200.89
463.9	200.89
463.9	200.89
463.9	200.89
463.9	200.89
463.9	200.89
463.9	200.89
463.9	200.89
463.9	200.89
463.9	200.89
463.9	200.89
461.76	205.14
458.57	209.39
455.37	211.52
454.31	213.64
452.18	214.7
452.18	214.7
451.11	215.77
450.05	217.89
447.92	222.14
444.72	229.58
436.2	251.88
425.55	289.06
415.96	324.12
405.31	351.74
394.65	367.67
386.13	378.29
378.67	391.04
374.41	403.79
374.41	416.53
374.41	432.47
381.87	449.47
394.65	465.4
414.89	484.52
435.13	499.39
446.85	505.77
450.05	505.77
451.11	505.77
451.11	503.64
453.24	498.33
454.31	490.89
457.5	484.52
460.7	478.15
467.09	468.59
477.74	450.53
502.24	398.48
523.55	300.75
525.68	220.01
513.96	160.53
505.44	133.97
502.24	124.41
501.18	121.22
501.18	121.22
501.18	121.22
500.11	121.22
499.05	128.66
496.92	159.47
492.66	215.77
489.46	280.56
487.33	329.43
484.14	360.23
480.94	377.23
479.87	385.73
478.81	395.29
477.74	404.85
475.61	411.22
475.61	413.35
475.61	414.41
475.61	414.41
475.61	415.47
482	420.78
491.59	429.28
502.24	438.84
511.83	447.34
517.16	453.71
518.22	459.03
518.22	463.27
515.03	466.46
512.9	466.46
512.9	466.46
512.9	466.46
512.9	466.46
512.9	466.46
512.9	466.46
512.9	466.46
512.9	466.46
512.9	466.46
512.9	466.46
512.9	466.46
512.9	466.46
522.49	470.71
531.01	473.9
535.27	476.02
535.27	476.02
535.27	476.02
535.27	476.02
536.33	476.02
537.4	480.27
538.46	484.52
540.59	487.71
540.59	487.71
541.66	487.71
541.66	487.71
542.73	488.77
542.73	488.77
542.73	488.77
542.73	488.77
542.73	488.77
543.79	488.77
543.79	489.83
543.79	489.83
542.73	489.83
542.73	489.83
542.73	489.83
542.73	489.83
542.73	489.83
542.73	489.83
542.73	489.83
542.73	489.83
542.73	489.83
542.73	489.83
542.73	489.83
542.73	489.83
542.73	489.83
542.73	489.83
542.73	489.83
542.73	488.77
541.66	485.58
541.66	482.4
540.59	480.27
540.59	478.15
540.59	474.96
539.53	471.77
539.53	468.59
539.53	466.46
539.53	464.34
539.53	461.15
539.53	460.09
539.53	457.96
539.53	456.9
539.53	455.84
539.53	455.84
539.53	455.84
539.53	455.84
539.53	455.84
539.53	455.84
539.53	455.84
539.53	455.84
539.53	455.84
539.53	455.84
539.53	455.84
539.53	455.84
539.53	455.84
539.53	455.84
539.53	455.84
539.53	455.84
539.53	455.84
539.53	455.84
539.53	455.84
539.53	455.84
539.53	455.84
539.53	455.84
539.53	455.84
537.4	453.71
534.2	450.53
529.94	446.28
527.81	438.84
525.68	425.03
525.68	410.16
523.55	392.1
522.49	375.11
519.29	361.3
513.96	345.36
508.64	331.55
504.38	315.62
502.24	293.31
502.24	262.51
503.31	231.7
503.31	207.27
501.18	190.27
492.66	174.34
476.68	160.53
452.18	146.72
424.48	136.1
391.46	127.6
346.72	120.16
296.65	112.73
247.65	107.41
203.97	103.16
174.14	99.98
157.1	97.85
149.64	96.79
148.58	95.73
148.58	95.73
148.58	95.73
148.58	95.73
148.58	95.73
148.58	95.73
148.58	95.73
154.97	102.1
174.14	114.85
203.97	129.72
245.51	142.47
282.8	149.9
317.95	153.09
342.45	155.22
370.15	158.4
396.78	162.65
420.22	166.9
435.13	171.15
438.33	174.34
434.07	182.84
415.96	201.96
369.09	235.95
297.71	280.56
228.47	324.12
182.66	355.99
158.16	375.11
143.25	386.79
136.86	394.23
133.66	397.41
133.66	397.41
132.6	397.41
132.6	397.41
132.6	397.41
132.6	397.41
132.6	397.41
133.66	397.41
146.44	389.98
173.08	376.17
208.23	354.92
226.34	338.99
231.67	327.3
231.67	312.43
227.41	303.93
223.14	301.81
217.82	300.75
209.3	300.75
199.71	303.93
189.06	306.06
179.47	309.25
175.21	310.31
173.08	312.43
172.01	312.43
170.95	313.49
167.75	316.68
166.68	319.87
165.62	323.05
163.49	327.3
162.42	332.62
162.42	338.99
165.62	344.3
168.82	348.55
173.08	351.74
177.34	354.92
179.47	358.11
179.47	358.11
179.47	358.11
178.4	359.17
169.88	359.17
144.31	346.42
112.36	317.74
84.66	290.12
70.81	278.44
63.35	273.13
58.03	269.94
53.77	269.94
46.31	269.94
35.66	274.19
28.2	280.56
23.94	286.94
23.94	295.44
28.2	303.93
34.59	312.43
39.92	317.74
44.18	320.93
52.7	325.18
76.14	331.55
112.36	334.74
159.23	335.8
200.77	332.62
230.6	329.43
250.84	324.12
265.76	316.68
273.21	312.43
275.34	310.31
275.34	309.25
275.34	307.12
260.43	299.68
218.88	288
164.55	279.5
115.55	274.19
87.85	273.13
82.53	272.07
82.53	272.07
82.53	272.07
82.53	272.07
82.53	272.07
79.33	272.07
77.2	273.13
77.2	273.13
77.2	273.13
77.2	273.13
77.2	273.13
77.2	273.13
77.2	273.13
77.2	273.13
77.2	273.13
78.27	273.13
97.44	274.19
144.31	273.13
225.27	260.38
324.34	235.95
427.68	208.33
493.72	189.21
526.75	177.52
543.79	170.09
555.51	162.65
562.97	160.53
559.77	163.71
555.51	167.96
555.51	167.96
555.51	167.96
555.51	167.96
555.51	167.96
555.51	167.96
555.51	166.9
564.03	163.71
573.62	159.47
577.88	156.28
572.55	154.15
540.59	156.28
495.85	164.78
445.79	173.27
414.89	179.65
406.37	181.77
406.37	181.77
406.37	181.77
406.37	181.77
406.37	181.77
406.37	181.77
406.37	181.77
406.37	181.77
406.37	181.77
406.37	181.77
406.37	181.77
406.37	181.77
406.37	181.77
406.37	181.77
406.37	181.77
406.37	181.77
406.37	181.77
406.37	181.77
406.37	181.77
406.37	181.77
406.37	181.77
406.37	181.77
406.37	181.77
406.37	180.71
406.37	178.59
406.37	176.46
406.37	174.34
406.37	173.27
406.37	172.21
406.37	172.21
406.37	171.15
406.37	170.09
406.37	169.03
406.37	167.96
406.37	166.9
406.37	165.84
406.37	165.84
406.37	164.78
407.44	163.71
407.44	162.65
407.44	162.65
407.44	162.65
407.44	162.65
407.44	162.65
407.44	162.65
407.44	162.65
407.44	162.65
407.44	162.65
407.44	162.65
407.44	162.65
407.44	162.65
407.44	162.65
407.44	162.65
407.44	162.65
407.44	162.65
407.44	162.65
407.44	162.65
407.44	162.65
407.44	162.65
407.44	162.65
407.44	162.65
407.44	162.65
407.44	162.65
407.44	162.65
407.44	162.65
407.44	162.65
407.44	162.65
409.57	161.59
409.57	159.47
410.63	159.47
410.63	159.47
410.63	159.47
410.63	159.47
410.63	159.47
410.63	159.47
410.63	159.47
410.63	159.47
410.63	159.47
410.63	159.47
410.63	159.47
410.63	159.47
410.63	159.47
410.63	159.47
410.63	159.47
410.63	159.47
410.63	159.47
410.63	159.47
410.63	159.47
410.63	159.47
410.63	159.47
410.63	159.47
410.63	159.47
410.63	159.47
410.63	159.47
410.63	159.47
410.63	159.47
410.63	159.47
410.63	159.47
410.63	159.47
410.63	159.47
410.63	159.47
410.63	159.47
410.63	159.47
410.63	159.47
410.63	159.47
410.63	159.47
410.63	159.47
410.63	159.47
410.63	159.47
410.63	159.47
410.63	159.47
410.63	159.47
410.63	159.47
410.63	159.47
410.63	159.47
410.63	159.47
410.63	159.47
410.63	159.47
410.63	159.47
410.63	159.47
410.63	159.47
410.63	159.47
410.63	159.47
410.63	159.47
410.63	159.47
410.63	159.47
410.63	159.47
410.63	159.47
410.63	159.47
410.63	159.47
410.63	159.47
410.63	159.47
410.63	159.47
410.63	159.47
410.63	159.47
412.76	159.47
433	161.59
458.57	163.71
485.2	164.78
507.57	164.78
525.68	160.53
533.14	158.4
534.2	156.28
537.4	155.22
539.53	153.09
542.73	150.97
542.73	149.9
542.73	148.84
543.79	142.47
543.79	140.34
543.79	140.34
543.79	140.34
543.79	140.34
543.79	140.34
543.79	140.34
543.79	140.34
543.79	140.34
543.79	140.34
543.79	140.34
543.79	140.34
543.79	140.34
543.79	140.34
543.79	140.34
543.79	140.34
543.79	140.34
543.79	140.34
543.79	140.34
543.79	140.34
543.79	140.34
543.79	140.34
542.73	140.34
532.07	140.34
518.22	141.41
496.92	145.66
471.35	153.09
445.79	163.71
429.81	176.46
423.41	190.27
424.48	206.21
424.48	222.14
420.22	240.2
404.24	256.13
388.26	268.88
380.8	272.07
375.48	274.19
363.76	274.19
333.93	267.82
283.86	248.7
229.54	223.2
193.32	198.77
184.79	192.4
192.25	192.4
221.01	198.77
293.45	217.89
396.78	243.38
526.75	274.19
639.66	298.62
697.19	311.37
717.43	314.56
717.43	314.56
717.43	314.56
717.43	314.56
717.43	314.56
716.36	314.56
712.1	311.37
707.84	306.06
699.32	295.44
680.15	276.32
663.1	263.57
654.58	257.19
652.45	255.07
651.38	255.07
650.32	254.01
650.32	254.01
650.32	254.01
650.32	254.01
649.25	254.01
644.99	254.01
639.66	254.01
633.27	254.01
630.08	254.01
626.88	254.01
625.82	254.01
624.75	254.01
623.69	254.01
622.62	254.01
620.49	254.01
611.97	254.01
590.66	256.13
562.97	257.19
543.79	257.19
504.38	257.19
490.53	257.19
485.2	256.13
482	256.13
479.87	255.07
476.68	255.07
476.68	255.07
476.68	255.07
476.68	255.07
476.68	255.07
476.68	255.07
476.68	255.07
476.68	255.07
476.68	255.07
476.68	255.07
476.68	255.07
476.68	255.07
476.68	255.07
476.68	255.07
476.68	255.07
476.68	255.07
476.68	255.07
476.68	255.07
476.68	255.07
476.68	255.07
476.68	255.07
476.68	255.07
476.68	255.07
476.68	255.07
476.68	255.07
476.68	255.07
476.68	255.07
476.68	255.07
476.68	255.07
476.68	255.07
476.68	255.07
476.68	255.07
476.68	255.07
476.68	255.07
476.68	254.01
471.35	250.82
469.22	248.7
459.63	242.32
457.5	240.2
456.44	240.2
454.31	239.14
450.05	235.95
446.85	234.89
444.72	233.82
437.26	232.76
424.48	231.7
406.37	230.64
379.74	232.76
340.32	242.32
298.78	258.26
270.02	276.32
257.23	285.88
252.97	293.31
251.91	298.62
251.91	301.81
251.91	301.81
251.91	301.81
251.91	301.81
251.91	301.81
251.91	301.81
252.97	296.5
254.04	291.19
254.04	289.06
254.04	289.06
252.97	293.31
256.17	298.62
262.56	302.87
267.89	306.06
268.95	307.12
270.02	307.12
270.02	307.12
270.02	302.87
266.82	263.57
216.75	143.53
183.73	85.11
174.14	70.23
169.88	63.86
168.82	61.74
167.75	61.74
160.29	62.8
151.77	72.36
146.44	81.92
134.73	103.16
133.66	104.23
133.66	104.23
133.66	104.23
133.66	105.29
133.66	105.29
133.66	105.29
133.66	105.29
133.66	105.29
133.66	105.29
133.66	105.29
133.66	105.29
134.73	105.29
137.92	105.29
137.92	105.29
137.92	105.29
137.92	105.29
137.92	105.29
137.92	105.29
137.92	105.29
137.92	105.29
137.92	105.29
137.92	105.29
137.92	105.29
137.92	105.29
137.92	105.29
137.92	105.29
137.92	105.29
137.92	105.29
137.92	105.29
137.92	105.29
137.92	105.29
137.92	105.29
137.92	105.29
137.92	105.29
137.92	105.29
137.92	105.29
137.92	105.29
137.92	105.29
137.92	105.29
137.92	105.29
137.92	105.29
137.92	105.29
137.92	105.29
137.92	105.29
137.92	105.29
137.92	105.29
137.92	105.29
137.92	105.29
137.92	105.29
137.92	105.29
137.92	105.29
137.92	105.29
137.92	105.29
137.92	105.29
137.92	105.29
137.92	105.29
137.92	105.29
137.92	105.29
137.92	105.29
137.92	105.29
137.92	105.29
137.92	105.29
137.92	105.29
137.92	105.29
137.92	105.29
137.92	105.29
137.92	105.29
137.92	105.29
137.92	105.29
137.92	105.29
137.92	105.29
137.92	105.29
137.92	105.29
137.92	105.29
137.92	105.29
137.92	105.29
137.92	105.29
137.92	105.29
137.92	105.29
137.92	105.29
137.92	105.29
137.92	105.29
137.92	105.29
137.92	105.29
137.92	105.29
137.92	105.29
137.92	105.29
137.92	105.29
137.92	105.29
137.92	105.29
137.92	105.29
137.92	105.29
137.92	105.29
137.92	105.29
137.92	105.29
137.92	105.29
137.92	105.29
137.92	105.29
137.92	105.29
137.92	105.29
137.92	105.29
137.92	105.29
137.92	105.29
137.92	105.29
137.92	105.29
137.92	105.29
137.92	105.29
137.92	105.29
137.92	105.29
137.92	105.29
137.92	105.29
137.92	105.29
137.92	105.29
137.92	105.29
137.92	105.29
137.92	105.29
137.92	105.29
137.92	105.29
137.92	105.29
137.92	105.29
137.92	105.29
137.92	105.29
137.92	105.29
137.92	105.29
137.92	105.29
137.92	105.29
137.92	105.29
137.92	105.29
137.92	105.29
137.92	105.29
137.92	105.29
137.92	105.29
137.92	105.29
137.92	105.29
137.92	105.29
137.92	105.29
137.92	105.29
137.92	105.29
137.92	105.29
137.92	105.29
137.92	105.29
137.92	105.29
137.92	105.29
137.92	105.29
137.92	105.29
137.92	105.29
137.92	105.29
137.92	105.29
137.92	105.29
137.92	105.29
137.92	105.29
137.92	105.29
137.92	105.29
137.92	105.29
137.92	105.29
137.92	105.29
137.92	105.29
137.92	105.29
137.92	105.29
137.92	105.29
137.92	105.29
137.92	105.29
137.92	105.29
137.92	105.29
137.92	105.29
137.92	105.29
137.92	105.29
137.92	105.29
137.92	105.29
137.92	105.29
137.92	105.29
137.92	105.29
137.92	105.29
137.92	105.29
137.92	105.29
137.92	105.29
137.92	105.29
137.92	105.29
137.92	105.29
137.92	105.29
137.92	105.29
137.92	105.29
137.92	105.29
137.92	105.29
137.92	105.29
137.92	105.29
137.92	105.29
137.92	105.29
137.92	105.29
137.92	105.29
137.92	105.29
137.92	105.29
137.92	105.29
137.92	105.29
137.92	105.29
137.92	105.29
137.92	105.29
137.92	105.29
137.92	105.29
137.92	105.29
137.92	105.29
137.92	105.29
131.53	102.1
128.34	97.85
134.73	90.42
174.14	84.04
245.51	99.98
332.87	137.16
406.37	179.65
441.52	217.89
459.63	248.7
467.09	265.69
469.22	271
469.22	271
469.22	274.19
470.29	279.5
470.29	282.69
472.42	286.94
473.48	290.12
473.48	290.12
473.48	290.12
473.48	290.12
470.29	290.12
462.83	285.88
454.31	280.56
448.98	276.32
444.72	274.19
442.59	273.13
442.59	272.07
442.59	272.07
442.59	272.07
442.59	272.07
442.59	272.07
442.59	272.07
442.59	272.07
442.59	272.07
442.59	272.07
442.59	272.07
442.59	272.07
442.59	272.07
442.59	272.07
442.59	272.07
442.59	272.07
442.59	271
441.52	271
441.52	271
441.52	271
441.52	271
441.52	271
441.52	271
441.52	271
441.52	271
441.52	271
441.52	271
441.52	271
441.52	271
441.52	271
441.52	271
441.52	271
441.52	271
441.52	271
441.52	271
441.52	271
441.52	271
441.52	271
441.52	271
441.52	271
441.52	268.88
441.52	266.75
442.59	265.69
443.66	264.63
443.66	263.57
443.66	263.57
443.66	262.51
443.66	262.51
443.66	262.51
443.66	262.51
444.72	261.44
444.72	260.38
444.72	260.38
444.72	260.38
445.79	259.32
445.79	259.32
445.79	259.32
445.79	259.32
445.79	259.32
445.79	259.32
445.79	259.32
445.79	258.26
445.79	258.26
445.79	258.26
445.79	258.26
445.79	258.26
445.79	258.26
445.79	258.26
445.79	258.26
445.79	258.26
445.79	258.26
445.79	258.26
445.79	257.19
445.79	257.19
445.79	256.13
445.79	256.13
445.79	256.13
445.79	256.13
445.79	256.13
445.79	256.13
445.79	256.13
445.79	256.13
445.79	255.07
445.79	255.07
445.79	255.07
445.79	255.07
445.79	255.07
445.79	255.07
445.79	255.07
445.79	254.01
445.79	251.88
440.46	249.76
434.07	246.57
427.68	245.51
419.15	244.45
407.44	242.32
395.72	241.26
378.67	238.07
358.43	229.58
345.65	217.89
337.13	188.15
336.06	148.84
340.32	108.48
354.17	80.86
371.22	64.92
384	58.55
390.39	57.49
392.52	56.43
394.65	56.43
401.04	57.49
407.44	60.67
410.63	62.8
411.7	64.92
411.7	65.99
411.7	67.05
412.76	70.23
421.28	74.48
429.81	75.55
434.07	77.67
434.07	77.67
427.68	79.79
405.31	87.23
369.09	96.79
335	106.35
308.37	115.91
297.71	121.22
296.65	122.29
297.71	124.41
307.3	129.72
327.54	137.16
350.98	144.59
369.09	152.03
372.28	153.09
371.22	156.28
362.69	164.78
348.85	179.65
335	205.14
321.15	243.38
311.56	284.81
306.24	311.37
300.91	325.18
296.65	333.68
294.52	338.99
293.45	341.11
293.45	341.11
293.45	341.11
293.45	341.11
293.45	341.11
295.58	336.86
308.37	317.74
323.28	285.88
341.39	243.38
359.5	203.02
371.22	175.4
374.41	163.71
377.61	155.22
377.61	150.97
377.61	146.72
377.61	145.66
377.61	143.53
376.54	143.53
373.35	142.47
368.02	140.34
364.83	139.28
362.69	139.28
362.69	139.28
362.69	139.28
362.69	139.28
362.69	139.28
362.69	139.28
362.69	139.28
362.69	139.28
362.69	139.28
362.69	139.28
362.69	139.28
362.69	139.28
362.69	139.28
362.69	139.28
356.3	144.59
338.19	175.4
322.21	206.21
307.3	240.2
297.71	268.88
294.52	282.69
294.52	289.06
294.52	291.19
294.52	291.19
294.52	291.19
294.52	291.19
294.52	291.19
294.52	291.19
294.52	291.19
313.69	288
348.85	283.75
387.2	282.69
409.57	282.69
411.7	283.75
410.63	289.06
406.37	292.25
405.31	292.25
405.31	292.25
405.31	292.25
405.31	292.25
405.31	292.25
405.31	292.25
405.31	292.25
405.31	292.25
405.31	292.25
405.31	290.12
404.24	285.88
402.11	283.75
399.98	282.69
396.78	282.69
392.52	285.88
389.33	289.06
386.13	293.31
384	296.5
380.8	298.62
379.74	298.62
376.54	299.68
372.28	299.68
363.76	299.68
355.24	298.62
345.65	296.5
339.26	295.44
333.93	293.31
328.61	291.19
323.28	289.06
315.82	284.81
307.3	280.56
296.65	275.25
286	269.94
274.28	266.75
262.56	260.38
250.84	252.95
246.58	250.82
258.3	249.76
299.84	251.88
374.41	254.01
467.09	254.01
526.75	254.01
562.97	254.01
580.01	254.01
590.66	254.01
599.18	254.01
611.97	261.44
631.14	276.32
651.38	297.56
664.17	310.31
669.49	314.56
668.43	315.62
651.38	315.62
616.23	311.37
550.18	297.56
452.18	275.25
362.69	256.13
294.52	241.26
243.38	230.64
214.62	225.33
205.03	224.26
203.97	223.2
205.03	223.2
238.06	220.01
328.61	205.14
439.39	188.15
531.01	174.34
570.42	164.78
576.81	160.53
576.81	155.22
569.36	146.72
545.92	132.91
513.96	114.85
494.79	103.16
489.46	97.85
489.46	96.79
489.46	95.73
489.46	95.73
489.46	95.73
489.46	95.73
489.46	95.73
489.46	95.73
489.46	96.79
489.46	97.85
489.46	98.92
488.4	99.98
488.4	102.1
486.27	106.35
482	113.79
474.55	129.72
463.9	160.53
452.18	207.27
440.46	249.76
433	280.56
426.61	298.62
421.28	309.25
419.15	314.56
419.15	317.74
418.09	320.93
417.02	325.18
417.02	327.3
417.02	328.37
417.02	328.37
417.02	328.37
417.02	328.37
417.02	328.37
417.02	328.37
418.09	324.12
420.22	317.74
423.41	311.37
428.74	308.18
430.87	306.06
430.87	306.06
430.87	306.06
430.87	305
430.87	305
430.87	305
430.87	305
430.87	305
430.87	305
430.87	305
430.87	305
430.87	305
430.87	305
430.87	305
430.87	305
430.87	305
430.87	305
430.87	305
430.87	305
430.87	305
431.94	305
431.94	305
431.94	305
431.94	305
431.94	305
431.94	305
431.94	305
431.94	305
431.94	305
431.94	305
431.94	305
431.94	305
431.94	305
431.94	305
431.94	305
431.94	305
431.94	305
431.94	305
431.94	305
431.94	305
431.94	305
429.81	311.37
427.68	324.12
424.48	338.99
415.96	357.05
396.78	370.86
364.83	380.42
333.93	384.67
309.43	387.85
286	393.16
256.17	399.54
223.14	402.73
193.32	402.73
163.49	401.66
142.18	400.6
134.73	399.54
132.6	399.54
131.53	396.35
131.53	385.73
138.99	361.3
150.71	325.18
160.29	289.06
166.68	261.44
174.14	241.26
181.6	228.51
194.38	216.83
222.08	206.21
265.76	197.71
327.54	190.27
403.17	181.77
471.35	173.27
529.94	164.78
568.29	158.4
591.73	152.03
609.84	146.72
621.56	142.47
627.95	138.22
632.21	133.97
634.34	129.72
634.34	126.53
627.95	121.22
616.23	116.97
600.25	112.73
588.53	109.54
581.07	106.35
577.88	105.29
575.75	104.23
573.62	104.23
571.49	103.16
570.42	102.1
567.23	102.1
562.97	102.1
561.9	101.04
561.9	101.04
561.9	101.04
560.83	101.04
557.64	101.04
553.38	101.04
549.12	101.04
543.79	101.04
539.53	102.1
536.33	102.1
536.33	102.1
536.33	102.1
536.33	102.1
535.27	103.16
534.2	103.16
534.2	103.16
533.14	103.16
532.07	103.16
532.07	103.16
532.07	103.16
532.07	103.16
532.07	103.16
531.01	103.16
527.81	104.23
522.49	104.23
515.03	102.1
506.51	96.79
500.11	91.48
494.79	87.23
490.53	84.04
488.4	81.92
487.33	80.86
487.33	79.79
487.33	79.79
487.33	79.79
486.27	85.11
483.07	97.85
477.74	119.1
469.22	146.72
459.63	171.15
444.72	194.52
424.48	211.52
399.98	225.33
369.09	238.07
341.39	250.82
319.02	274.19
304.1	313.49
306.24	363.42
327.54	403.79
374.41	436.72
436.2	459.03
488.4	472.84
507.57	477.08
508.64	477.08
508.64	477.08
508.64	477.08
508.64	477.08
506.51	474.96
497.98	469.65
490.53	462.21
482	447.34
470.29	421.85
458.57	396.35
448.98	375.11
438.33	355.99
431.94	344.3
427.68	336.86
424.48	332.62
423.41	329.43
421.28	328.37
420.22	326.24
420.22	324.12
419.15	320.93
418.09	319.87
417.02	318.81
417.02	318.81
417.02	318.81
417.02	318.81
414.89	318.81
409.57	316.68
397.85	310.31
379.74	294.37
358.43	274.19
336.06	252.95
319.02	232.76
303.04	215.77
286	198.77
275.34	186.02
270.02	178.59
267.89	171.15
267.89	165.84
267.89	160.53
271.08	154.15
276.41	146.72
280.67	140.34
287.06	135.03
293.45	130.78
301.97	124.41
322.21	115.91
360.56	108.48
398.91	104.23
426.61	103.16
437.26	103.16
443.66	103.16
446.85	103.16
447.92	103.16
447.92	103.16
447.92	103.16
447.92	103.16
447.92	103.16
447.92	103.16
447.92	103.16
447.92	103.16
447.92	103.16
447.92	103.16
447.92	103.16
447.92	103.16
447.92	103.16
443.66	112.73
433	132.91
420.22	172.21
410.63	215.77
404.24	246.57
401.04	269.94
399.98	283.75
398.91	291.19
398.91	296.5
399.98	301.81
405.31	305
414.89	306.06
434.07	306.06
459.63	303.93
491.59	297.56
515.03	289.06
522.49	284.81
523.55	282.69
523.55	280.56
515.03	278.44
493.72	272.07
455.37	257.19
414.89	240.2
372.28	223.2
344.59	210.45
331.8	201.96
323.28	196.64
317.95	192.4
315.82	190.27
314.76	188.15
314.76	187.08
314.76	186.02
316.89	184.96
325.41	181.77
337.13	178.59
355.24	173.27
389.33	163.71
435.13	149.9
476.68	132.91
497.98	121.22
503.31	114.85
502.24	108.48
491.59	102.1
464.96	94.67
422.35	88.29
370.15	80.86
323.28	76.61
290.26	75.55
268.95	75.55
258.3	78.73
251.91	79.79
249.78	80.86
248.71	81.92
247.65	82.98
247.65	84.04
247.65	88.29
248.71	91.48
250.84	95.73
255.1	102.1
258.3	110.6
261.49	122.29
267.89	136.1
274.28	146.72
281.73	156.28
291.32	166.9
299.84	176.46
307.3	186.02
313.69	194.52
317.95	204.08
323.28	217.89
328.61	239.14
337.13	277.38
348.85	329.43
359.5	365.55
363.76	381.48
364.83	387.85
364.83	388.92
364.83	388.92
363.76	388.92
356.3	388.92
345.65	386.79
336.06	384.67
330.74	384.67
330.74	384.67
330.74	384.67
330.74	384.67
330.74	384.67
329.67	382.54
332.87	381.48
337.13	377.23
345.65	369.79
358.43	358.11
372.28	344.3
385.07	330.49
391.46	318.81
393.59	312.43
393.59	303.93
392.52	296.5
389.33	291.19
386.13	290.12
385.07	290.12
380.8	297.56
377.61	303.93
377.61	306.06
377.61	306.06
377.61	306.06
377.61	306.06
377.61	306.06
377.61	306.06
377.61	306.06
377.61	303.93
377.61	300.75
377.61	298.62
377.61	295.44
376.54	294.37
376.54	294.37
376.54	293.31
376.54	293.31
376.54	293.31
376.54	293.31
376.54	293.31
376.54	293.31
376.54	293.31
376.54	293.31
376.54	293.31
376.54	293.31
376.54	293.31
376.54	293.31
376.54	293.31
376.54	293.31
376.54	293.31
376.54	293.31
376.54	293.31
376.54	293.31
376.54	293.31
376.54	293.31
376.54	293.31
376.54	293.31
376.54	293.31
376.54	293.31
376.54	293.31
376.54	293.31
376.54	293.31
376.54	293.31
376.54	293.31
376.54	293.31
376.54	293.31
376.54	293.31
376.54	293.31
376.54	293.31
376.54	293.31
376.54	293.31
376.54	293.31
376.54	293.31
376.54	293.31
376.54	293.31
376.54	293.31
376.54	293.31
376.54	293.31
376.54	293.31
376.54	293.31
376.54	293.31
376.54	293.31
376.54	293.31
376.54	293.31
376.54	293.31
376.54	293.31
376.54	293.31
376.54	293.31
376.54	293.31
376.54	293.31
376.54	293.31
376.54	293.31
376.54	293.31
376.54	293.31
376.54	293.31
377.61	293.31
378.67	293.31
379.74	293.31
380.8	293.31
382.93	293.31
384	293.31
386.13	293.31
388.26	293.31
388.26	293.31
389.33	293.31
389.33	293.31
390.39	293.31
391.46	293.31
392.52	293.31
392.52	293.31
392.52	293.31
392.52	293.31
393.59	293.31
393.59	293.31
394.65	294.37
394.65	294.37
394.65	294.37
395.72	294.37
395.72	294.37
396.78	294.37
396.78	294.37
397.85	294.37
397.85	294.37
397.85	294.37
398.91	294.37
399.98	294.37
399.98	294.37
401.04	294.37
402.11	294.37
402.11	295.44
403.17	295.44
404.24	295.44
404.24	295.44
405.31	295.44
405.31	295.44
405.31	295.44
406.37	295.44
406.37	295.44
406.37	295.44
406.37	295.44
406.37	295.44
406.37	295.44
406.37	295.44
406.37	295.44
406.37	295.44
406.37	295.44
406.37	295.44
406.37	295.44
406.37	295.44
406.37	295.44
406.37	295.44
407.44	295.44
407.44	295.44
407.44	295.44
407.44	295.44
408.5	295.44
408.5	295.44
410.63	295.44
415.96	296.5
422.35	296.5
428.74	296.5
436.2	296.5
441.52	295.44
444.72	295.44
448.98	292.25
452.18	281.63
453.24	252.95
448.98	210.45
428.74	165.84
411.7	143.53
402.11	133.97
396.78	129.72
396.78	128.66
396.78	128.66
397.85	129.72
412.76	138.22
441.52	150.97
475.61	161.59
502.24	170.09
513.96	173.27
517.16	176.46
518.22	180.71
519.29	190.27
519.29	213.64
515.03	240.2
510.77	258.26
508.64	273.13
505.44	292.25
503.31	307.12
500.11	320.93
499.05	331.55
496.92	338.99
495.85	343.24
494.79	347.49
494.79	350.67
493.72	354.92
491.59	359.17
490.53	365.55
487.33	370.86
485.2	375.11
483.07	376.17
482	377.23
480.94	378.29
478.81	378.29
476.68	378.29
473.48	378.29
468.16	378.29
462.83	376.17
456.44	369.79
448.98	360.23
439.39	346.42
423.41	327.3
408.5	314.56
393.59	308.18
373.35	306.06
343.52	306.06
308.37	311.37
272.15	315.62
249.78	320.93
244.45	323.05
244.45	323.05
244.45	323.05
242.32	323.05
239.12	325.18
236.99	329.43
235.93	336.86
238.06	343.24
245.51	349.61
257.23	355.99
280.67	363.42
309.43	371.92
329.67	379.36
340.32	384.67
341.39	385.73
341.39	385.73
335	387.85
321.15	387.85
301.97	385.73
284.93	377.23
271.08	362.36
267.89	341.11
268.95	314.56
276.41	283.75
286	254.01
294.52	232.76
304.1	216.83
320.08	198.77
343.52	180.71
381.87	164.78
413.83	152.03
436.2	144.59
452.18	138.22
466.03	131.85
477.74	126.53
485.2	121.22
490.53	116.97
491.59	112.73
491.59	109.54
488.4	106.35
477.74	103.16
457.5	98.92
436.2	94.67
408.5	92.54
372.28	92.54
335	95.73
304.1	98.92
282.8	101.04
272.15	101.04
266.82	102.1
262.56	102.1
261.49	103.16
260.43	103.16
260.43	103.16
260.43	103.16
260.43	103.16
260.43	103.16
260.43	105.29
259.36	106.35
258.3	109.54
254.04	113.79
248.71	122.29
240.19	139.28
230.6	162.65
226.34	184.96
222.08	209.39
222.08	231.7
222.08	245.51
225.27	259.32
232.73	268.88
242.32	278.44
257.23	288
268.95	294.37
277.47	297.56
280.67	299.68
280.67	299.68
280.67	300.75
266.82	300.75
244.45	300.75
225.27	300.75
216.75	300.75
208.23	300.75
199.71	300.75
191.19	300.75
180.53	300.75
166.68	300.75
156.03	299.68
148.58	299.68
147.51	299.68
147.51	299.68
147.51	299.68
152.84	295.44
178.4	286.94
222.08	272.07
266.82	258.26
294.52	246.57
308.37	238.07
316.89	231.7
322.21	227.45
325.41	225.33
325.41	224.26
325.41	223.2
324.34	218.95
322.21	215.77
320.08	211.52
319.02	205.14
319.02	197.71
317.95	192.4
317.95	188.15
317.95	187.08
317.95	187.08
317.95	187.08
317.95	187.08
317.95	187.08
317.95	187.08
317.95	187.08
317.95	187.08
317.95	187.08
317.95	187.08
317.95	187.08
317.95	187.08
317.95	187.08
317.95	187.08
317.95	187.08
317.95	187.08
317.95	187.08
317.95	187.08
320.08	187.08
325.41	189.21
330.74	192.4
333.93	195.58
338.19	198.77
342.45	200.89
346.72	203.02
348.85	203.02
348.85	203.02
348.85	203.02
347.78	196.64
340.32	188.15
331.8	180.71
324.34	175.4
320.08	172.21
317.95	170.09
314.76	169.03
313.69	166.9
313.69	166.9
313.69	166.9
313.69	166.9
313.69	166.9
312.63	166.9
310.5	167.96
309.43	169.03
308.37	170.09
307.3	171.15
306.24	173.27
306.24	174.34
306.24	174.34
306.24	174.34
306.24	174.34
306.24	174.34
306.24	174.34
306.24	174.34
306.24	174.34
306.24	174.34
306.24	174.34
306.24	174.34
306.24	174.34
306.24	174.34
306.24	174.34
306.24	174.34
306.24	174.34
306.24	174.34
306.24	174.34
306.24	174.34
306.24	174.34
306.24	174.34
306.24	174.34
306.24	174.34
306.24	174.34
306.24	174.34
306.24	174.34
306.24	174.34
306.24	174.34
306.24	174.34
306.24	174.34
306.24	174.34
306.24	174.34
306.24	174.34
306.24	174.34
306.24	174.34
307.3	176.46
312.63	179.65
317.95	182.84
319.02	183.9
319.02	183.9
319.02	183.9
319.02	183.9
319.02	183.9
319.02	183.9
319.02	183.9
319.02	194.52
319.02	229.58
319.02	248.7
322.21	296.5
323.28	320.93
323.28	335.8
324.34	343.24
325.41	348.55
330.74	350.67
335	350.67
338.19	350.67
339.26	350.67
339.26	350.67
339.26	349.61
341.39	342.18
343.52	334.74
344.59	328.37
346.72	325.18
347.78	321.99
347.78	320.93
347.78	319.87
347.78	319.87
347.78	319.87
347.78	319.87
347.78	319.87
347.78	319.87
347.78	319.87
347.78	319.87
347.78	319.87
347.78	319.87
347.78	319.87
347.78	319.87
347.78	319.87
347.78	319.87
347.78	319.87
347.78	319.87
347.78	319.87
347.78	319.87
347.78	319.87
347.78	319.87
347.78	319.87
347.78	319.87
347.78	319.87
347.78	319.87
347.78	319.87
347.78	319.87
347.78	319.87
347.78	319.87
347.78	319.87
347.78	319.87
347.78	319.87
347.78	319.87
347.78	319.87
347.78	319.87
347.78	319.87
347.78	319.87
347.78	319.87
347.78	319.87
347.78	319.87
347.78	319.87
347.78	319.87
347.78	319.87
347.78	319.87
347.78	319.87
347.78	319.87
347.78	319.87
347.78	319.87
347.78	319.87
347.78	318.81
347.78	318.81
347.78	318.81
347.78	318.81
347.78	318.81
347.78	318.81
347.78	318.81
347.78	318.81
347.78	318.81
347.78	318.81
347.78	318.81
347.78	318.81
347.78	318.81
347.78	318.81
347.78	318.81
347.78	318.81
347.78	318.81
347.78	318.81
347.78	318.81
347.78	318.81
347.78	318.81
347.78	318.81
347.78	318.81
347.78	318.81
347.78	318.81
347.78	318.81
348.85	318.81
348.85	318.81
349.91	318.81
349.91	318.81
349.91	317.74
350.98	317.74
350.98	317.74
350.98	317.74
350.98	317.74
350.98	317.74
350.98	317.74
350.98	317.74
350.98	317.74
350.98	317.74
350.98	317.74
350.98	317.74
350.98	317.74
350.98	317.74
350.98	317.74
350.98	317.74
350.98	317.74
350.98	317.74
350.98	317.74
350.98	317.74
350.98	317.74
350.98	317.74
350.98	317.74
350.98	317.74
350.98	317.74
350.98	317.74
350.98	317.74
350.98	317.74
350.98	317.74
350.98	317.74
350.98	317.74
350.98	317.74
350.98	317.74
350.98	317.74
350.98	317.74
350.98	317.74
350.98	317.74
350.98	317.74
350.98	317.74
350.98	317.74
350.98	317.74
350.98	317.74
350.98	317.74
350.98	317.74
350.98	317.74
350.98	317.74
350.98	317.74
353.11	315.62
356.3	311.37
371.22	291.19
376.54	281.63
389.33	254.01
399.98	226.39
407.44	203.02
411.7	191.33
413.83	182.84
414.89	178.59
415.96	177.52
415.96	174.34
413.83	173.27
408.5	167.96
403.17	162.65
394.65	156.28
380.8	148.84
357.37	143.53
326.48	142.47
280.67	148.84
205.03	178.59
183.73	191.33
142.18	220.01
114.49	245.51
110.23	249.76
105.96	255.07
103.83	257.19
103.83	258.26
103.83	258.26
103.83	258.26
104.9	258.26
104.9	258.26
110.23	258.26
123.01	248.7
129.4	244.45
140.05	237.01
158.16	230.64
194.38	235.95
236.99	261.44
272.15	292.25
300.91	324.12
324.34	346.42
337.13	357.05
344.59	361.3
345.65	361.3
345.65	361.3
345.65	361.3
347.78	338.99
339.26	282.69
320.08	213.64
303.04	163.71
294.52	140.34
290.26	131.85
289.19	126.53
289.19	125.47
289.19	125.47
289.19	125.47
289.19	125.47
289.19	125.47
289.19	125.47
293.45	124.41
316.89	118.04
342.45	109.54
372.28	102.1
397.85	98.92
419.15	96.79
431.94	95.73
438.33	94.67
441.52	94.67
443.66	94.67
444.72	94.67
444.72	94.67
444.72	94.67
444.72	94.67
444.72	94.67
444.72	94.67
444.72	94.67
434.07	94.67
399.98	97.85
349.91	102.1
291.32	110.6
244.45	118.04
219.95	121.22
208.23	122.29
205.03	123.35
203.97	123.35
203.97	123.35
203.97	123.35
205.03	123.35
219.95	124.41
255.1	126.53
303.04	131.85
353.11	137.16
390.39	139.28
413.83	140.34
424.48	140.34
427.68	141.41
427.68	141.41
427.68	141.41
427.68	141.41
427.68	141.41
427.68	141.41
427.68	141.41
427.68	141.41
427.68	141.41
414.89	146.72
371.22	166.9
304.1	195.58
252.97	217.89
227.41	227.45
218.88	231.7
218.88	231.7
218.88	231.7
218.88	232.76
227.41	234.89
257.23	241.26
304.1	254.01
372.28	283.75
433	324.12
470.29	364.48
472.42	409.1
431.94	453.71
352.04	485.58
257.23	496.21
192.25	488.77
179.47	479.21
214.62	462.21
307.3	439.9
421.28	431.41
520.35	437.78
548.05	448.4
526.75	459.03
435.13	466.46
316.89	432.47
247.65	379.36
229.54	323.05
280.67	245.51
406.37	157.34
546.99	111.66
637.53	91.48
629.01	93.6
528.88	111.66
373.35	136.1
270.02	155.22
266.82	154.15
362.69	141.41
506.51	128.66
602.38	125.47
597.05	127.6
499.05	140.34
337.13	146.72
240.19	141.41
233.8	140.34
303.04	142.47
440.46	157.34
539.53	172.21
548.05	182.84
474.55	193.46
344.59	183.9
247.65	165.84
235.93	158.4
316.89	148.84
457.5	141.41
564.03	138.22
564.03	141.41
482	150.97
327.54	163.71
209.3	175.4
183.73	182.84
221.01	194.52
337.13	211.52
444.72	215.77
472.42	218.95
425.55	222.14
305.17	223.2
166.68	222.14
111.29	221.08
120.88	222.14
209.3	228.51
357.37	231.7
468.16	233.82
494.79	238.07
436.2	242.32
291.32	243.38
144.31	239.14
83.59	239.14
97.44	242.32
211.43	251.88
371.22	252.95
457.5	252.95
459.63	252.95
381.87	242.32
248.71	213.64
135.79	182.84
94.25	167.96
97.44	165.84
131.53	163.71
181.6	163.71
200.77	163.71
196.51	164.78
158.16	173.27
102.77	181.77
59.09	183.9
47.37	183.9
56.96	184.96
116.62	187.08
216.75	188.15
288.13	186.02
306.24	186.02
300.91	183.9
290.26	174.34
293.45	163.71
330.74	154.15
411.7	147.78
518.22	136.1
572.55	133.97
558.7	135.03
454.31	139.28
295.58	150.97
153.9	167.96
110.23	174.34
142.18	179.65
277.47	184.96
426.61	184.96
519.29	184.96
527.81	186.02
466.03	187.08
380.8	187.08
370.15	187.08
407.44	187.08
522.49	187.08
620.49	187.08
640.73	189.21
625.82	190.27
544.86	194.52
382.93	208.33
226.34	223.2
183.73	226.39
206.1	227.45
311.56	229.58
454.31	234.89
552.31	245.51
568.29	252.95
516.09	264.63
425.55	277.38
396.78	283.75
415.96	288
509.7	299.68
591.73	313.49
584.27	321.99
511.83	334.74
394.65	344.3
343.52	354.92
355.24	369.79
438.33	400.6
523.55	431.41
525.68	443.09
459.63	457.96
374.41	463.27
341.39	469.65
337.13	471.77
341.39	455.84
340.32	404.85
319.02	329.43
323.28	282.69
392.52	272.07
499.05	276.32
562.97	299.68
566.16	335.8
495.85	402.73
350.98	456.9
206.1	471.77
115.55	439.9
93.18	385.73
129.4	332.62
231.67	301.81
365.89	295.44
467.09	319.87
495.85	354.92
476.68	406.97
407.44	456.9
322.21	479.21
229.54	470.71
173.08	437.78
161.36	391.04
198.64	329.43
289.19	285.88
403.17	263.57
499.05	261.44
553.38	264.63
576.81	259.32
603.45	234.89
634.34	205.14
680.15	181.77
722.76	169.03
747.26	159.47
756.84	154.15
758.97	146.72
747.26	137.16
704.65	122.29
635.4	113.79
561.9	108.48
503.31	104.23
454.31	99.98
410.63	99.98
373.35	102.1
342.45	106.35
316.89	109.54
294.52	114.85
270.02	121.22
248.71	129.72
225.27	143.53
194.38	166.9
167.75	191.33
154.97	206.21
145.38	223.2
130.47	250.82
115.55	280.56
110.23	301.81
109.16	321.99
123.01	344.3
151.77	368.73
193.32	387.85
238.06	405.91
276.41	420.78
304.1	432.47
330.74	439.9
365.89	447.34
411.7	451.59
460.7	451.59
501.18	449.47
538.46	440.97
574.68	427.16
599.18	413.35
619.42	398.48
636.47	383.6
649.25	370.86
659.9	361.3
670.56	352.8
679.08	349.61
682.28	347.49
682.28	347.49
682.28	347.49
676.95	358.11
663.1	381.48
640.73	416.53
626.88	447.34
618.36	462.21
615.16	470.71
613.03	477.08
614.1	481.33
621.56	485.58
636.47	490.89
656.71	497.27
675.88	498.33
686.54	493.02
691.86	478.15
691.86	445.22
681.21	394.23
666.3	344.3
647.12	299.68
629.01	264.63
621.56	251.88
620.49	248.7
620.49	248.7
630.08	277.38
644.99	343.24
660.97	423.97
669.49	477.08
675.88	502.58
678.01	512.14
678.01	512.14
678.01	512.14
678.01	512.14
678.01	512.14
678.01	512.14
678.01	512.14
678.01	512.14
678.01	512.14
678.01	512.14
676.95	507.89
663.1	476.02
630.08	410.16
588.53	344.3
559.77	298.62
552.31	280.56
551.25	272.07
550.18	265.69
550.18	261.44
550.18	256.13
555.51	249.76
570.42	232.76
593.86	213.64
616.23	201.96
637.53	192.4
653.51	183.9
664.17	178.59
673.75	174.34
679.08	172.21
679.08	172.21
679.08	172.21
679.08	172.21
657.77	172.21
610.9	175.4
536.33	177.52
459.63	181.77
401.04	187.08
358.43	192.4
335	194.52
322.21	194.52
317.95	194.52
315.82	194.52
312.63	194.52
310.5	194.52
309.43	194.52
309.43	194.52
309.43	194.52
309.43	194.52
309.43	195.58
314.76	200.89
319.02	207.27
322.21	217.89
323.28	244.45
321.15	285.88
319.02	329.43
319.02	370.86
317.95	394.23
317.95	405.91
316.89	413.35
315.82	416.53
314.76	418.66
313.69	419.72
313.69	420.78
313.69	421.85
313.69	421.85
313.69	421.85
312.63	402.73
317.95	337.93
314.76	258.26
305.17	198.77
296.65	160.53
291.32	142.47
290.26	138.22
290.26	138.22
290.26	138.22
290.26	138.22
290.26	138.22
290.26	138.22
290.26	138.22
290.26	138.22
290.26	138.22
290.26	138.22
290.26	138.22
290.26	138.22
290.26	138.22
290.26	138.22
290.26	138.22
290.26	138.22
290.26	138.22
290.26	138.22
290.26	138.22
290.26	138.22
290.26	138.22
290.26	138.22
290.26	138.22
290.26	143.53
291.32	154.15
291.32	173.27
291.32	191.33
289.19	205.14
286	213.64
281.73	217.89
275.34	222.14
266.82	227.45
257.23	234.89
248.71	250.82
241.25	275.25
236.99	307.12
232.73	333.68
229.54	349.61
228.47	357.05
227.41	358.11
227.41	358.11
227.41	358.11
227.41	358.11
222.08	355.99
205.03	342.18
167.75	310.31
125.14	274.19
96.38	242.32
83.59	222.14
81.46	212.58
81.46	205.14
80.4	201.96
80.4	200.89
79.33	199.83
77.2	197.71
76.14	196.64
74.01	196.64
74.01	196.64
74.01	196.64
74.01	196.64
81.46	195.58
107.03	187.08
138.99	177.52
177.34	169.03
214.62	166.9
239.12	166.9
252.97	166.9
258.3	166.9
259.36	167.96
260.43	169.03
267.89	170.09
278.54	173.27
299.84	174.34
324.34	175.4
343.52	175.4
355.24	176.46
364.83	178.59
372.28	179.65
382.93	184.96
396.78	191.33
406.37	195.58
411.7	197.71
414.89	199.83
419.15	207.27
423.41	218.95
431.94	235.95
441.52	254.01
447.92	272.07
451.11	289.06
453.24	303.93
454.31	323.05
457.5	345.36
457.5	365.55
456.44	388.92
448.98	411.22
439.39	433.53
427.68	462.21
419.15	485.58
412.76	496.21
410.63	498.33
408.5	498.33
406.37	477.08
406.37	430.34
408.5	358.11
413.83	289.06
423.41	230.64
431.94	187.08
436.2	161.59
437.26	145.66
437.26	136.1
435.13	128.66
424.48	120.16
397.85	106.35
354.17	88.29
300.91	69.17
248.71	53.24
202.9	43.68
169.88	40.49
141.12	39.43
118.75	39.43
108.1	39.43
105.96	39.43
107.03	40.49
125.14	44.74
185.86	53.24
293.45	67.05
397.85	76.61
485.2	85.11
549.12	89.36
594.92	92.54
632.21	97.85
657.77	102.1
681.21	107.41
702.52	112.73
724.89	116.97
744.06	121.22
755.78	123.35
756.84	123.35
745.13	123.35
702.52	128.66
624.75	137.16
545.92	144.59
479.87	149.9
429.81	153.09
407.44	155.22
382.93	157.34
358.43	158.4
342.45	159.47
330.74	159.47
324.34	159.47
317.95	159.47
314.76	160.53
314.76	160.53
313.69	160.53
310.5	160.53
306.24	160.53
297.71	161.59
291.32	161.59
284.93	161.59
282.8	161.59
281.73	161.59
281.73	161.59
282.8	169.03
284.93	178.59
289.19	194.52
294.52	218.95
297.71	240.2
299.84	260.38
301.97	277.38
303.04	292.25
304.1	306.06
305.17	317.74
306.24	327.3
308.37	334.74
310.5	338.99
312.63	342.18
319.02	343.24
325.41	343.24
329.67	343.24
331.8	343.24
331.8	343.24
331.8	343.24
331.8	343.24
331.8	343.24
331.8	343.24
331.8	343.24
331.8	343.24
331.8	343.24
331.8	343.24
331.8	343.24
335	337.93
340.32	326.24
344.59	315.62
346.72	309.25
347.78	308.18
347.78	308.18
347.78	308.18
347.78	308.18
347.78	308.18
347.78	308.18
347.78	308.18
347.78	308.18
345.65	313.49
344.59	323.05
344.59	332.62
344.59	341.11
346.72	348.55
347.78	354.92
348.85	361.3
349.91	366.61
352.04	376.17
354.17	386.79
355.24	404.85
356.3	421.85
357.37	438.84
357.37	451.59
356.3	461.15
354.17	469.65
350.98	477.08
347.78	481.33
345.65	486.64
343.52	488.77
341.39	491.96
339.26	494.08
333.93	498.33
327.54	503.64
320.08	508.95
315.82	511.08
315.82	512.14
315.82	512.14
324.34	501.52
349.91	468.59
384	414.41
424.48	346.42
471.35	273.13
516.09	214.7
544.86	177.52
559.77	158.4
568.29	148.84
572.55	143.53
573.62	141.41
573.62	141.41
573.62	141.41
573.62	141.41
573.62	141.41
559.77	138.22
522.49	137.16
469.22	136.1
412.76	133.97
368.02	132.91
342.45	131.85
331.8	131.85
327.54	131.85
326.48	131.85
326.48	131.85
326.48	131.85
325.41	131.85
321.15	133.97
316.89	138.22
315.82	140.34
315.82	141.41
314.76	141.41
314.76	143.53
314.76	146.72
313.69	149.9
313.69	152.03
313.69	152.03
313.69	152.03
322.21	140.34
333.93	124.41
342.45	110.6
348.85	96.79
350.98	87.23
352.04	82.98
352.04	80.86
352.04	80.86
352.04	80.86
350.98	80.86
349.91	82.98
347.78	87.23
346.72	91.48
345.65	99.98
343.52	111.66
342.45	127.6
341.39	139.28
341.39	148.84
341.39	159.47
339.26	170.09
337.13	182.84
333.93	197.71
330.74	212.58
328.61	224.26
327.54	235.95
327.54	243.38
326.48	250.82
325.41	256.13
325.41	258.26
324.34	258.26
324.34	258.26
324.34	258.26
324.34	259.32
323.28	262.51
319.02	267.82
314.76	276.32
310.5	288
309.43	299.68
308.37	311.37
308.37	323.05
313.69	338.99
321.15	354.92
333.93	374.04
352.04	398.48
372.28	421.85
390.39	444.15
398.91	459.03
399.98	468.59
399.98	469.65
399.98	469.65
399.98	469.65
399.98	469.65
399.98	469.65
399.98	469.65
399.98	469.65
399.98	469.65
399.98	469.65
399.98	469.65
396.78	477.08
392.52	488.77
380.8	504.7
375.48	518.51
373.35	527.01
373.35	533.38
373.35	537.63
373.35	539.76
373.35	542.94
374.41	544.01
374.41	544.01
374.41	544.01
381.87	532.32
399.98	480.27
419.15	387.85
425.55	297.56
411.7	256.13
393.59	238.07
378.67	227.45
364.83	222.14
349.91	220.01
326.48	220.01
306.24	221.08
290.26	223.2
278.54	226.39
268.95	232.76
259.36	242.32
249.78	252.95
244.45	265.69
241.25	277.38
241.25	286.94
245.51	292.25
255.1	296.5
270.02	299.68
284.93	299.68
296.65	299.68
303.04	299.68
304.1	299.68
304.1	299.68
304.1	299.68
304.1	299.68
304.1	299.68
304.1	299.68
304.1	299.68
304.1	299.68
304.1	299.68
304.1	299.68
304.1	299.68
304.1	299.68
304.1	299.68
304.1	299.68
304.1	299.68
304.1	299.68
304.1	299.68
304.1	299.68
304.1	299.68
304.1	299.68
304.1	299.68
304.1	299.68
304.1	299.68
304.1	299.68
306.24	294.37
308.37	284.81
311.56	277.38
312.63	275.25
313.69	278.44
313.69	281.63
313.69	281.63
313.69	281.63
313.69	281.63
313.69	281.63
313.69	281.63
313.69	281.63
313.69	281.63
313.69	281.63
313.69	281.63
313.69	281.63
314.76	281.63
319.02	280.56
322.21	278.44
325.41	275.25
325.41	274.19
325.41	273.13
325.41	273.13
325.41	273.13
325.41	273.13
325.41	273.13
325.41	273.13
325.41	273.13
325.41	273.13
325.41	273.13
325.41	273.13
325.41	273.13
325.41	273.13
325.41	273.13
325.41	273.13
325.41	273.13
325.41	273.13
325.41	273.13
325.41	273.13
325.41	273.13
325.41	273.13
325.41	273.13
325.41	273.13
325.41	273.13
325.41	273.13
325.41	273.13
325.41	273.13
325.41	273.13
325.41	273.13
325.41	273.13
325.41	273.13
325.41	273.13
325.41	273.13
327.54	273.13
328.61	272.07
329.67	272.07
329.67	272.07
329.67	272.07
330.74	272.07
330.74	272.07
330.74	272.07
330.74	272.07
331.8	272.07
332.87	272.07
333.93	272.07
333.93	272.07
333.93	272.07
333.93	272.07
333.93	272.07
335	272.07
335	272.07
335	272.07
336.06	272.07
336.06	272.07
336.06	272.07
337.13	272.07
338.19	272.07
338.19	272.07
339.26	272.07
339.26	272.07
339.26	272.07
339.26	272.07
339.26	272.07
339.26	272.07
339.26	272.07
339.26	272.07
339.26	272.07
339.26	272.07
340.32	272.07
340.32	272.07
342.45	271
343.52	271
346.72	271
353.11	271
361.63	271
372.28	271
381.87	272.07
388.26	272.07
391.46	273.13
391.46	273.13
391.46	273.13
391.46	273.13
392.52	275.25
395.72	278.44
402.11	281.63
410.63	285.88
417.02	291.19
420.22	300.75
421.28	312.43
419.15	325.18
413.83	333.68
409.57	338.99
405.31	342.18
402.11	343.24
399.98	343.24
396.78	344.3
393.59	344.3
390.39	340.05
384	330.49
377.61	319.87
375.48	308.18
373.35	298.62
372.28	290.12
371.22	282.69
370.15	278.44
369.09	277.38
369.09	276.32
369.09	276.32
365.89	279.5
358.43	294.37
350.98	314.56
345.65	333.68
343.52	350.67
343.52	361.3
343.52	367.67
343.52	370.86
343.52	372.98
343.52	372.98
343.52	372.98
344.59	372.98
347.78	372.98
348.85	372.98
352.04	371.92
355.24	367.67
359.5	362.36
361.63	355.99
364.83	349.61
366.96	344.3
368.02	342.18
369.09	341.11
369.09	340.05
369.09	338.99
369.09	337.93
369.09	337.93
369.09	337.93
369.09	337.93
369.09	337.93
369.09	337.93
369.09	337.93
369.09	337.93
369.09	340.05
370.15	345.36
370.15	349.61
371.22	352.8
371.22	353.86
371.22	353.86
371.22	353.86
371.22	353.86
371.22	353.86
371.22	353.86
371.22	353.86
371.22	353.86
371.22	353.86
371.22	353.86
371.22	353.86
371.22	353.86
371.22	353.86
371.22	353.86
371.22	353.86
371.22	353.86
370.15	347.49
365.89	329.43
360.56	309.25
357.37	290.12
355.24	278.44
355.24	274.19
354.17	266.75
354.17	265.69
354.17	265.69
354.17	265.69
354.17	265.69
354.17	265.69
356.3	264.63
366.96	262.51
381.87	262.51
395.72	264.63
407.44	267.82
415.96	272.07
420.22	274.19
421.28	275.25
421.28	275.25
421.28	275.25
421.28	275.25
421.28	275.25
421.28	277.38
420.22	281.63
419.15	284.81
417.02	290.12
415.96	295.44
414.89	300.75
414.89	303.93
414.89	307.12
414.89	308.18
413.83	310.31
413.83	310.31
413.83	310.31
413.83	310.31
413.83	310.31
413.83	310.31
411.7	310.31
408.5	307.12
405.31	301.81
404.24	296.5
404.24	294.37
404.24	292.25
404.24	291.19
404.24	291.19
404.24	291.19
404.24	291.19
404.24	291.19
404.24	291.19
404.24	291.19
403.17	291.19
402.11	293.31
401.04	297.56
399.98	301.81
398.91	303.93
398.91	306.06
398.91	306.06
398.91	306.06
398.91	306.06
398.91	306.06
398.91	306.06
398.91	306.06
398.91	306.06
398.91	306.06
398.91	306.06
398.91	306.06
398.91	306.06
398.91	306.06
398.91	306.06
398.91	307.12
396.78	308.18
394.65	310.31
393.59	311.37
392.52	311.37
391.46	311.37
390.39	311.37
390.39	311.37
390.39	311.37
390.39	311.37
390.39	311.37
390.39	311.37
390.39	311.37
394.65	307.12
403.17	302.87
410.63	298.62
413.83	296.5
414.89	295.44
414.89	295.44
414.89	295.44
414.89	295.44
414.89	295.44
414.89	295.44
414.89	295.44
414.89	295.44
414.89	295.44
414.89	295.44
414.89	295.44
414.89	295.44
414.89	295.44
414.89	298.62
413.83	306.06
412.76	310.31
411.7	311.37
411.7	311.37
411.7	311.37
411.7	311.37
411.7	311.37
411.7	311.37
411.7	311.37
411.7	311.37
411.7	311.37
410.63	309.25
410.63	305
410.63	301.81
410.63	299.68
410.63	298.62
410.63	298.62
410.63	298.62
410.63	298.62
410.63	298.62
410.63	298.62
410.63	298.62
410.63	298.62
410.63	298.62
410.63	298.62
410.63	298.62
410.63	298.62
410.63	298.62
410.63	298.62
410.63	298.62
410.63	298.62
410.63	298.62
410.63	298.62
410.63	298.62
410.63	298.62
410.63	298.62
410.63	298.62
410.63	298.62
410.63	298.62
410.63	298.62
410.63	298.62
410.63	298.62
410.63	298.62
410.63	298.62
410.63	298.62
410.63	298.62
410.63	298.62
410.63	298.62
410.63	298.62
410.63	298.62
410.63	298.62
410.63	298.62
410.63	298.62
410.63	298.62
410.63	298.62
410.63	298.62
410.63	298.62
410.63	298.62
410.63	298.62
410.63	298.62
410.63	298.62
410.63	298.62
410.63	298.62
410.63	298.62
410.63	298.62
410.63	298.62
410.63	298.62
410.63	298.62
410.63	298.62
410.63	298.62
410.63	298.62
410.63	298.62
410.63	298.62
410.63	298.62
410.63	298.62
410.63	298.62
410.63	298.62
410.63	298.62
410.63	298.62
410.63	298.62
410.63	298.62
410.63	298.62
410.63	298.62
410.63	298.62
410.63	298.62
410.63	298.62
410.63	298.62
410.63	298.62
410.63	298.62
410.63	298.62
410.63	298.62
410.63	298.62
410.63	298.62
410.63	298.62
410.63	298.62
410.63	298.62
410.63	298.62
411.7	298.62
412.76	298.62
413.83	298.62
414.89	298.62
414.89	298.62
414.89	297.56
411.7	291.19
405.31	281.63
395.72	269.94
388.26	259.32
382.93	254.01
379.74	250.82
378.67	249.76
378.67	249.76
378.67	249.76
378.67	249.76
378.67	250.82
378.67	264.63
378.67	280.56
380.8	291.19
384	296.5
386.13	298.62
386.13	299.68
388.26	299.68
390.39	299.68
396.78	295.44
403.17	288
407.44	279.5
410.63	272.07
411.7	266.75
411.7	264.63
411.7	263.57
411.7	263.57
411.7	263.57
411.7	263.57
411.7	263.57
411.7	264.63
411.7	268.88
411.7	274.19
411.7	279.5
410.63	281.63
409.57	285.88
409.57	288
409.57	288
409.57	288
409.57	289.06
409.57	289.06
409.57	289.06
409.57	289.06
409.57	289.06
409.57	289.06
409.57	289.06
409.57	289.06
409.57	289.06
409.57	289.06
409.57	289.06
409.57	289.06
409.57	289.06
409.57	289.06
409.57	289.06
409.57	289.06
409.57	289.06
409.57	289.06
409.57	289.06
408.5	291.19
407.44	295.44
406.37	298.62
405.31	299.68
405.31	300.75
405.31	300.75
405.31	300.75
405.31	300.75
405.31	300.75
405.31	300.75
405.31	300.75
405.31	300.75
405.31	300.75
405.31	300.75
405.31	300.75
405.31	300.75
405.31	300.75
405.31	300.75
405.31	300.75
405.31	300.75
405.31	300.75
405.31	300.75
405.31	300.75
405.31	300.75
405.31	300.75
405.31	300.75
406.37	301.81
407.44	301.81
407.44	301.81
407.44	301.81
407.44	301.81
407.44	301.81
407.44	301.81
407.44	301.81
407.44	301.81
407.44	301.81
407.44	301.81
407.44	301.81
407.44	301.81
407.44	301.81
407.44	301.81
407.44	301.81
405.31	301.81
405.31	301.81
405.31	301.81
405.31	301.81
405.31	301.81
405.31	301.81
405.31	301.81
405.31	301.81
405.31	301.81
405.31	301.81
405.31	301.81
405.31	301.81
405.31	301.81
405.31	301.81
403.17	301.81
398.91	301.81
397.85	300.75
390.39	298.62
384	295.44
381.87	293.31
374.41	290.12
373.35	289.06
372.28	289.06
372.28	288
372.28	288
371.22	288
371.22	288
371.22	288
371.22	288
371.22	288
371.22	288
371.22	288
374.41	290.12
378.67	297.56
379.74	300.75
381.87	310.31
381.87	313.49
381.87	314.56
381.87	314.56
381.87	314.56
381.87	314.56
381.87	314.56
381.87	314.56
381.87	314.56
381.87	314.56
381.87	314.56
381.87	314.56
381.87	314.56
381.87	314.56
381.87	314.56
379.74	314.56
379.74	314.56
379.74	313.49
379.74	313.49
379.74	313.49
379.74	313.49
379.74	313.49
379.74	313.49
379.74	313.49
379.74	313.49
379.74	313.49
379.74	313.49
379.74	313.49
379.74	313.49
379.74	313.49
379.74	313.49
379.74	313.49
379.74	313.49
379.74	313.49
379.74	313.49
379.74	313.49
379.74	313.49
379.74	313.49
379.74	313.49
379.74	313.49
379.74	313.49
379.74	313.49
379.74	313.49
379.74	313.49
379.74	313.49
379.74	313.49
379.74	313.49
379.74	313.49
379.74	313.49
379.74	313.49
379.74	313.49
379.74	313.49
379.74	313.49
379.74	313.49
379.74	313.49
379.74	313.49
379.74	313.49
379.74	313.49
379.74	313.49
379.74	313.49
379.74	313.49
379.74	313.49
379.74	313.49
379.74	313.49
379.74	313.49
379.74	313.49
379.74	313.49
379.74	313.49
379.74	313.49
379.74	313.49
379.74	313.49
379.74	313.49
379.74	313.49
379.74	313.49
379.74	313.49
379.74	313.49
379.74	313.49
379.74	313.49
379.74	313.49
379.74	313.49
379.74	313.49
379.74	313.49
379.74	313.49
379.74	313.49
379.74	313.49
379.74	313.49
379.74	313.49
379.74	313.49
379.74	313.49
379.74	313.49
379.74	313.49
379.74	313.49
379.74	313.49
379.74	313.49
379.74	313.49
379.74	313.49
379.74	313.49
379.74	313.49
379.74	313.49
379.74	313.49
379.74	313.49
379.74	313.49
379.74	313.49
379.74	313.49
379.74	313.49
379.74	313.49
379.74	313.49
379.74	313.49
379.74	313.49
379.74	313.49
379.74	313.49
379.74	313.49
379.74	313.49
379.74	313.49
379.74	313.49
379.74	313.49
379.74	312.43
379.74	311.37
379.74	311.37
379.74	311.37
379.74	311.37
379.74	311.37
379.74	311.37
379.74	311.37
379.74	311.37
379.74	311.37
379.74	311.37
379.74	311.37
379.74	311.37
379.74	311.37
379.74	311.37
379.74	311.37
379.74	311.37
379.74	311.37
379.74	311.37
379.74	311.37
379.74	311.37
379.74	311.37
379.74	311.37
379.74	311.37
379.74	311.37
379.74	311.37
379.74	311.37
379.74	311.37
379.74	311.37
379.74	311.37
379.74	311.37
379.74	311.37
379.74	311.37
379.74	311.37
379.74	311.37
379.74	311.37
379.74	311.37
379.74	311.37
379.74	311.37
379.74	311.37
379.74	311.37
379.74	311.37
379.74	311.37
379.74	311.37
379.74	311.37
379.74	311.37
379.74	311.37
379.74	311.37
379.74	311.37
379.74	311.37
379.74	311.37
379.74	311.37
379.74	311.37
379.74	311.37
379.74	311.37
379.74	311.37
379.74	311.37
379.74	311.37
379.74	311.37
379.74	311.37
379.74	311.37
379.74	311.37
379.74	311.37
379.74	311.37
379.74	311.37
379.74	311.37
379.74	311.37
379.74	311.37
379.74	311.37
379.74	311.37
379.74	311.37
379.74	311.37
379.74	311.37
379.74	311.37
379.74	311.37
379.74	311.37
379.74	311.37
379.74	311.37
379.74	311.37
379.74	311.37
379.74	311.37
379.74	311.37
379.74	311.37
379.74	311.37
379.74	311.37
379.74	311.37
379.74	311.37
379.74	311.37
379.74	311.37
379.74	311.37
379.74	311.37
379.74	311.37
379.74	311.37
379.74	311.37
379.74	311.37
379.74	311.37
379.74	311.37
379.74	311.37
379.74	311.37
379.74	311.37
379.74	311.37
379.74	311.37
379.74	311.37
379.74	311.37
379.74	311.37
379.74	311.37
379.74	311.37
379.74	311.37
379.74	311.37
379.74	311.37
379.74	311.37
379.74	311.37
379.74	311.37
379.74	311.37
379.74	311.37
379.74	311.37
379.74	311.37
379.74	311.37
379.74	311.37
379.74	311.37
379.74	311.37
378.67	311.37
378.67	311.37
378.67	311.37
378.67	311.37
377.61	310.31
374.41	310.31
374.41	310.31
374.41	310.31
374.41	310.31
374.41	310.31
374.41	310.31
374.41	310.31
374.41	310.31
374.41	310.31
374.41	310.31
374.41	310.31
374.41	310.31
374.41	310.31
374.41	310.31
374.41	310.31
374.41	310.31
374.41	310.31
374.41	310.31
374.41	310.31
374.41	310.31
374.41	310.31
374.41	310.31
374.41	310.31
374.41	310.31
374.41	310.31
374.41	310.31
374.41	310.31
374.41	310.31
374.41	310.31
374.41	310.31
374.41	310.31
374.41	310.31
374.41	310.31
374.41	310.31
374.41	310.31
374.41	310.31
374.41	310.31
374.41	310.31
374.41	310.31
374.41	310.31
374.41	310.31
374.41	310.31
374.41	310.31
374.41	310.31
374.41	310.31
374.41	310.31
374.41	310.31
374.41	310.31
374.41	310.31
374.41	310.31
374.41	310.31
374.41	310.31
374.41	310.31
374.41	310.31
374.41	310.31
374.41	310.31
374.41	310.31
374.41	310.31
374.41	310.31
374.41	310.31
374.41	310.31
374.41	310.31
374.41	310.31
374.41	310.31
374.41	310.31
374.41	310.31
374.41	310.31
374.41	310.31
374.41	310.31
374.41	310.31
374.41	310.31
374.41	310.31
374.41	310.31
374.41	310.31
374.41	310.31
374.41	310.31
374.41	310.31
374.41	310.31
374.41	310.31
374.41	310.31
374.41	310.31
374.41	310.31
374.41	310.31
374.41	310.31
374.41	310.31
374.41	310.31
374.41	310.31
374.41	310.31
374.41	310.31
374.41	310.31
374.41	310.31
374.41	310.31
374.41	310.31
374.41	307.12
373.35	306.06
373.35	305
373.35	305
373.35	305
373.35	305
373.35	305
373.35	305
373.35	305
373.35	305
373.35	305
373.35	305
373.35	305
373.35	305
373.35	305
