352.25	287.05
353.95	289.8
355.55	286.95
354.8	284.05
357.75	289.55
354	291.75
587.15	455.4
590.1	447.95
593.8	443.35
595.35	445.8
610.5	451.6
653.05	488
652.7	489.85
655.95	488
648.2	483.65
650.95	488.15
657.55	483.45
651.4	482.85
651.55	480.1
653.95	483.3
643.25	493.4
648.85	493.3
649.1	490.8
651.3	487.05
649.1	485.3
651.5	487.85
651.85	488.3
655.5	475
653	473.55
392.1	329.2
347.95	276.25
348.4	279.35
351.35	277.75
351.5	279.45
351.7	279.55
345.95	281.3
344.75	286.45
391.35	343.95
397.95	356.75
395	356.3
397.15	356.3
431.75	398.8
420.8	388.95
423.3	394.15
423.35	394.65
423.35	396.75
114.8	89.9
81.75	44.4
78.1	44.4
78.2	42.3
78.3	42.25
78.85	42.75
73.1	45.8
75.15	47.45
238.85	174.25
253.05	209.15
251.9	211.75
251.9	210.55
250.75	211.1
306.8	249.55
370.8	405.35
375.55	422.45
376.65	424.2
378.7	424.6
378.35	421.5
378.55	419
420.55	404.75
427.1	402.5
427.5	398.2
427.4	392.8
429.1	390.15
431.9	386.45
432.85	379.55
434.85	377.4
437.45	368.4
432.5	361.95
432.45	351
433.55	335.5
430.5	322.7
430.8	312.85
429.85	297.75
429.9	282.4
440.35	268.45
442	254.45
437.4	224.85
432.95	208.4
433.25	189.75
434.7	183.15
432.75	167
432.55	161.15
431.35	151.7
407.65	149.95
373	147.8
371.35	137.15
376.65	130.4
370.2	124.3
376.45	131.6
376.5	140.75
382.7	133.45
377.1	127
373.25	109.25
359.5	90.5
0	0
0	0
0	0
0	0
0	0
0	0
0	0
0	0
0	0
0	0
0	0
0	0
343.65	57.95
345.8	61.45
337.95	64.6
346.35	63.75
343.8	69.4
349.55	70.05
347	69.2
350.55	65.25
352.15	67.15
353.65	60.35
354.3	68.15
353.8	70.4
354.65	73.15
356.65	73.15
351.9	65.7
353.9	64.65
355.65	69.45
362.05	49.65
585.1	50.85
596.2	8.94999999999999
610.45	65.25
611.1	73.95
642.25	71.45
629.95	89.35
633.9	95.55
633.5	105.6
637.6	124.15
638.95	129.7
386.7	130.7
383.4	150.9
386.75	162.25
381.2	166.9
383.4	167.6
389.65	174.65
390.85	182.2
395.3	184.3
395.6	192.4
402.65	208.3
407.7	208.2
416.85	206.6
419.4	202.55
416.95	198.7
417.15	196.95
419	192.35
416.2	193.6
420.75	202.25
428.1	209.05
433.85	210.25
432.15	219.85
429.1	222.75
425.3	222.8
420.25	220.8
425.15	235.65
428.9	240
429.3	244.65
426.65	250.45
421.8	260.3
427.45	269.7
431	272.35
431.4	275.25
431.8	273.8
432.25	279.75
412.6	192.85
413.9	208.1
412.5	212.9
410.95	220.75
411	225.7
415.05	228.15
413.15	231.4
411.9	237.6
411.45	238.45
414.4	238.2
416	234.1
412.8	233.25
418.95	236.95
376.3	184.55
375	191.6
374.4	191.1
375.35	193.75
377.6	191.6
385.45	150.5
385.35	167.45
385.55	161.5
384.65	161.35
384.9	167.1
387.2	167.75
390.4	174.35
390.45	180.5
390.3	182.9
391.15	186.5
317.2	148.35
314.8	167
311.4	165.2
315.8	170.75
317.95	173.8
317.65	176.3
291.95	187.75
169.25	199.55
165.65	207.75
165.4	207.5
165.9	206.65
163.95	204.05
167	202.8
169.15	204.5
138.6	133.6
137.85	70.6
138.05	66.35
138.15	58.65
142	61.9
145.5	58.9
144.55	55.35
146.95	52.45
146.45	42.8
147.65	36.4
147.55	32.7
151.6	34.2
152.65	34.1
159.05	37.3
162.55	38.2
170.2	44.85
173.4	50.6
178.65	56.05
181.45	56.05
306.95	136.15
300.65	131.25
313.9	135.95
322	140.5
326.7	131.45
468.5	233.25
461.45	254.3
460.25	253.4
461.15	253.65
462.3	255.65
462.35	258.4
461.45	264.35
464.35	269.35
463.45	271.4
459.95	275.15
478.15	202.5
469.95	203.75
463.3	209.3
461.6	209.75
459.8	210.4
455.85	213.65
453.4	213.7
452.75	216.55
452.6	220.3
410.95	182.4
413.6	185.6
413.05	183.5
412.8	184.45
411.65	186.15
387.1	174.35
389.4	175.6
388.05	175.7
0	0
0	0
379.8	179.6
365.5	173.55
362	163.9
357.3	165.6
359.65	164.65
359.25	163.9
359.6	162.9
360.75	162.8
360.95	162.3
361	161.45
362.6	163.1
360.7	165.8
360.5	167.85
361.6	165.5
362.55	168.05
361	167.3
362.2	167.75
362.55	169.1
336.85	149.9
337.95	150.65
339.3	148.7
339.5	148.6
340.35	149.8
340.75	149.55
344.5	152.65
342	154.8
344.95	155.45
344.75	155.4
346.75	156.8
349.45	155.75
351.4	157.7
366.2	159.7
420.5	201.9
428.5	215.95
437.4	222.15
439.3	228.8
440.4	232.25
442.15	232.25
442.7	234.95
443.45	234.05
445.4	235.15
407.5	279.2
408.65	272.7
408.2	274.95
410.05	272.4
407.1	269.15
406.65	269.05
401.2	264.8
403.7	264.3
400.35	262.75
397.65	265.65
398.1	268.2
394	266.8
242.6	251.15
232.4	245.4
228.05	246.1
226.45	245.8
228.5	244.35
231.9	244.4
234.75	245.65
243.05	248.9
246.4	245.8
250.55	245.3
255.75	244.1
153.25	262.15
160.6	260.8
172.9	265.25
181.4	268.75
188.35	270.85
201.5	274.35
411.1	343.2
504.35	364.65
519.75	367.1
528.95	370.3
535.2	375.7
540.15	376.15
542.5	374.85
548.25	375.25
552.05	375.45
600.1	363.9
605.95	365
610.05	365.8
611.7	365.95
611.35	369.9
619.45	370.05
614.95	371.05
613.15	371.95
613.7	369.2
581.1	322.45
596.8	148.35
599.6	149.05
594.7	150.8
590.7	153.2
586.75	154.1
583.05	153.75
579	156.9
578.1	153.65
570.55	155.7
567.85	153.9
565.8	155
542.85	237.2
536.25	344.65
534.65	351.65
532.95	349.7
529.6	347.35
527.15	346.55
526.4	340.85
522.15	343.7
472.45	331.95
469.1	330.15
469.95	329.35
475.65	327.85
472.3	328.9
471.15	329.7
467.8	329.25
466.55	330.35
469.75	339.15
472.5	336.75
432.25	307.25
428.8	310.6
426.35	310.15
428.4	312.95
427.7	317.05
457.75	170.85
457.45	174.85
461.35	174.3
462	175.45
460.8	178.6
460	176.05
458.75	176.45
411.6	176.25
408.25	172.8
411.75	170.85
413.2	168.35
414.2	168.5
415.2	167.15
415.6	165.55
420.45	166.4
425.7	166.8
427	169.85
427.4	169.35
429.55	171.85
430.45	171.95
429.9	172.05
432.5	171.35
432.4	170.35
435.4	168
433.05	164.25
432.5	166.3
434.3	166.5
437.9	165.9
399.9	172.9
410.1	169.95
409.5	168.7
411.85	165.75
414.75	167.05
418.4	166.55
418.6	152.35
416.8	157.3
418.9	154.45
418	155.25
419.15	155.6
417.65	156.75
417.55	154.55
417.75	153.9
418.6	153.9
419.4	152.5
419.45	152.85
417.05	156.1
416.45	158.05
361.6	276.15
373.5	278.75
373.55	281.7
372.55	282.95
373.9	280.95
375.15	282.9
371.2	283.2
368.8	280.3
365.4	280
321.15	288.8
295.35	301.75
291.1	301.1
288.95	301.7
287.95	302.75
288.35	304.65
290.1	303.45
289.3	306.6
291.25	305
286.65	304.9
291.35	308.25
291.4	310.75
289	311.65
289.4	311.85
290.75	312.4
289.05	314.65
286.95	315.4
288.85	314.6
286.95	311.55
284.75	311.05
244.55	378.45
239.4	381.1
240.05	386.15
239.25	385.65
237.55	383.45
237.55	383.5
237.05	383.3
236.25	382.95
309.05	469.85
315.7	475.85
316.5	478.15
317.55	479.25
318.75	478.25
317.8	473.65
262.35	385.6
228.35	236.8
228.55	228.65
228.7	226.75
233.05	223.25
233.65	219.75
235.75	218.95
239.95	222.5
246.8	225.6
244.8	225.85
247.45	225.75
248.95	224.3
252	225.85
253.7	227.05
257.1	227
328.15	315.2
339.45	343.05
338	346.25
338.95	347.45
339.25	346.65
340.05	345
342.5	346.7
342.8	347.25
344.35	349.05
345.95	347.4
347.35	348.9
350.65	348.6
349.9	349.45
353.6	350.4
354.75	351.9
372.35	355.6
385.4	362.9
385.4	364.05
385.5	365.75
386.95	366.15
387.05	368.25
385.65	368.05
386.25	366.35
385.7	367.05
382.4	369.75
311.8	191.35
305.1	187.25
304.45	185.6
304.7	185.65
304.55	183.4
306.2	186.65
306.5	191.15
307.95	190.6
309.05	188.7
309.25	185.55
308.75	187.45
309.15	191.8
311	194.55
313	196.35
316.45	196.85
316.2	200.05
316.4	203.7
319.15	209.85
319.1	212.6
319.2	217.25
320.8	217.95
320.45	218.85
320.1	220.7
321.6	224.5
325.55	227.35
326.7	231.2
329.05	235.25
327.15	236.2
408.5	239.55
403.05	243.85
401	244.65
404.3	245.85
406.85	247.8
405.25	249.5
406.15	250.6
406.05	250.5
405.85	249
407.45	254.9
405.15	256
405.2	256
408.45	254.55
407.05	254.4
277.6	227.6
289.05	225.8
289	222.5
289.95	223.25
289.2	226.3
289.85	222.95
164.4	205.05
163.7	206.9
161.55	210.5
161.7	207.6
163.55	208.75
164.45	210.4
169.15	210.9
152.25	111.45
162.5	109.9
166.6	110.45
170	109
177.35	112.4
180.3	112.85
184.8	114.7
193.15	110.45
199.2	108.95
204.65	111.9
209.6	116
205.35	194.4
223.85	217.85
228.6	219.3
232.9	220.15
236.6	221.1
239	221.2
241.2	220.8
244.1	221.05
246.85	223.15
250.65	223.7
241.2	356.6
249.15	349.8
250.5	352.9
254.4	354.7
257.9	351.05
258.2	349.25
258.8	351.15
261.65	352.5
264.45	356.45
260.8	359.95
263.55	360.7
265.65	360.65
261.95	362.8
264.75	361.5
265.15	360.6
265.85	359.5
263.15	364.65
268.95	403.05
270.3	402.7
270.05	406.65
271.35	406.3
273.6	403.6
274	403.65
274.25	407.6
272.6	408
273.2	411.35
271.05	412.15
270.3	403.9
269	400.8
267.55	395.6
268.45	392.45
216.4	382.1
220.35	381.65
217.75	378.55
216.55	374.85
215.05	370.8
213.25	367.35
213.45	366.2
210.9	366.6
209.5	364.95
351.85	341.15
347.15	346.95
347.05	344.25
343.35	340.8
341.55	339.95
340.1	336.75
338.6	337.55
336.9	336.35
334.6	335.25
332.1	332.25
332.25	335.7
330.75	334.9
330.75	332.55
330.05	332.95
327.5	333.3
328.5	333.9
327.2	330.35
326.45	329.75
324.7	331.6
325.45	332.2
324.75	334.9
324.05	335.4
324.5	334.6
326.2	335.05
326.65	333.35
325.4	334.75
326.6	336.35
274.3	342.05
233.7	354.7
233.9	355
232.3	361.55
238.85	362.35
239.75	366.6
240.25	368.2
240.65	366.8
241.5	362.95
243.7	358.2
245.75	356.85
249.4	357.1
345.05	320.5
353.15	322.9
358.05	321.75
361.2	320
366.65	319.7
369.1	320.65
370.8	318.9
369.95	317.75
371.55	317.6
372.95	316.45
371.35	317.7
371.9	322.35
374.2	322
373.25	322.55
373.55	320.9
373.1	322.6
364.95	322.55
272.9	380.1
267.85	383.3
267.7	383.5
267.7	384.45
268.7	384.7
272.25	383
272.7	381.85
274.6	381.05
274.5	380.5
278.8	376.8
279	374.7
279.05	372.5
279.65	374.4
396.4	396.65
409.2	399.2
411.2	401.75
411.7	404.25
413.2	403.75
411.1	402
410.6	403.15
412.05	401.1
413.5	406.3
415.75	405.7
417.25	406.5
416.3	407.15
417.55	406.6
416.9	406.8
418.4	405.95
419.3	407.1
420.35	407.65
420.6	408.5
419.25	408.2
384.4	409.9
357	418.9
356.45	419.65
359.5	417.6
362.15	418.3
365.25	419.7
360.95	421.6
299.1	390.55
302.3	387.5
300.7	383.9
301.45	381.4
302.05	380.95
390.9	513.05
405.55	507.75
409.05	504.5
414.5	504.5
417.35	503.95
415.8	501.65
419.55	505.2
419.7	507.55
420	507.1
421.25	508.95
422	509.45
424.55	510.35
426.7	511.2
429	515.45
428.45	519.1
429.85	521.55
416.9	505.85
396.8	377.9
398.15	373.3
392.7	377.5
395.65	376.65
397.85	376.75
398.5	375.55
396.25	376.3
398.05	377.35
398.9	376.3
397.2	378.4
398.25	373.8
396.65	376.05
399.2	372.9
359.55	396.9
361.6	393.7
361.3	393.6
363	394.3
362.4	394.1
363.35	393.3
364.15	394.05
363.95	394.6
364	398.45
364.25	399.65
366.1	401.2
365.85	400.8
367.25	402.3
364.15	402.5
365.5	402.2
365.75	401.65
366.1	406.9
363.15	409.8
366.7	408.75
363.85	409.65
387.55	345.35
389.2	290.85
388.1	289.65
392.05	287.55
389.45	284.5
390.1	283.5
389.8	285.7
389.15	286.3
387.75	285.65
387.5	286.2
388.95	280.25
385.4	280.9
386.9	279.05
385.3	278.95
384	278.85
386.05	280.95
388.75	287.45
386.85	286.2
382.7	286.9
382.25	286.15
381.2	285.65
381.25	286.3
383.5	289.35
385.2	289.25
381.9	295.7
385.1	294.9
385.7	295.65
387.7	348.35
382.6	358.05
382.55	357.1
379.25	354.55
382.5	353.05
379.75	349.5
380.45	351.8
378.7	354.5
379.9	352.25
380.15	351.35
380.3	349.15
231.1	298.5
186.95	292.9
185.75	292.8
188.45	294.5
189.1	294.1
120	365.8
114.3	365.8
111.7	369.65
110.1	368.4
107.9	371.35
108.4	373.2
107.55	372.25
105.9	369.85
106.35	372.4
108	371
106.6	371.15
106	369.1
128.4	373.1
129.1	372.25
130.15	373.05
129.95	372.2
132.05	374.5
133.65	377.9
132.1	377.3
130.25	376.65
131.8	376.1
133	374.95
163.2	390.4
189.45	420.8
190.45	423.05
189.15	427.5
191.2	429.1
194.8	425.35
480.5	264.85
483.85	261.7
485.4	262.5
481.15	266.95
480.15	268.05
479.15	268.75
585.75	169.95
587.05	172.1
586.1	172.15
587.4	171.3
584.1	169.05
583.35	170.45
582.2	172
583.3	174
583.6	170.75
583.1	170.1
546.05	177.5
292.2	247.05
287.45	249.7
288	249.6
288.6	251.55
162	308.25
163.75	334.55
170.15	325.45
173.7	336.8
173.1	336.05
177.55	335
179.9	333.6
176.45	332.85
177.8	335.15
181.15	334.35
180.95	334
186.1	333.9
188.6	329.95
188.4	329.4
127.95	235.25
134.05	228.95
135.9	229.4
134.65	225.2
136.45	218.3
137.5	217.9
139.95	221
137.5	219.55
140.45	215.65
38.6	111.35
41.85	110.75
44.75	107.95
51.1	106.35
54.65	104.15
59.45	100.9
165.7	57.4
163.9	41.2
172.2	39.3
183.5	36.75
190.5	36.65
197.6	34.85
203.5	32.45
207.35	31.25
211.35	28.7
184.65	35.45
186.05	35.4
188.65	38.4
194.2	40.1
194.7	45.4
247.55	58.65
467.6	141.2
484.55	142.6
483.2	142.7
485.15	141.1
485.15	141.15
485	141.3
485.2	140.95
395.25	152.55
335.05	205.15
342.1	211.75
344.2	212.8
342.6	213.5
343.35	211.3
345.7	209.75
347.75	211.7
209.7	193.6
203.8	201
202.4	203.7
199.65	204.3
200	204.75
126.3	137.15
145.9	116
145.15	116.4
148.65	114.7
148.9	115.1
148.05	114
147.75	112.45
152.05	113.05
156.8	112.45
163.3	114.25
170.65	119.9
181.6	120.3
192.5	124.05
254.65	162.65
260.9	178.65
269.7	179.9
277.55	181.8
283.15	181.15
292.25	181
292.4	184.75
295.1	187.25
298.9	189.2
270.85	241.6
268.65	262.65
269.6	261.75
270.45	260.1
270.7	261.8
269.2	262.3
268.5	263.4
269.9	266.25
272.3	264.7
274.05	270.6
274.45	273.6
277.25	273.1
279.2	274.1
280.75	273.4
280.4	271.15
281.45	265.9
431.6	202.25
441	205.85
452.3	205.65
458.9	207
472.85	206.05
478.8	204.95
482.35	206.75
484.55	201.75
487.9	198.35
490.45	201.35
491.25	202.3
494.3	202.6
516.05	187.7
521.8	175.8
524.95	177.6
525.85	177.05
526.1	180.2
527.6	181.4
525.5	182.4
525.5	182.3
523.95	180.35
521	181.5
518.65	182.1
481.85	147.9
480.8	148.9
476.65	147.4
472.95	146.95
469.3	144.05
463.75	147.1
458.3	150.65
453.95	151.05
447.3	153.7
444.9	151.9
437.55	154.85
435.45	155.85
432.7	159.35
427.65	160.15
424.15	157.3
322.05	197
318.85	197.45
319.1	201.45
317	202.8
317.25	202.95
318.95	200.75
167.8	386.75
168.6	389.5
174	390.7
181	385.25
186.35	384.4
194.95	380
202.7	378.45
205.8	378.05
211.95	378.15
92.4	380.6
76.9	388.9
83.4	390.5
87.25	388.1
94.7	386
101.6	381.8
108.9	380.95
113.35	373.55
117.35	369.45
123.55	363.35
126.9	358.05
134.7	353
106.3	360.75
118.35	365.3
265.65	353.3
277.95	352.85
285.1	349.7
290.05	348.35
289.5	348.1
294	343.45
292.8	344.5
293.75	342.3
291.55	343.25
291.75	342.95
291.4	344.7
291.7	348.9
254	372.45
257.6	369.05
261.7	369.05
259.3	371.1
258.45	374.4
257.95	377.5
256.9	381.1
254.75	382.75
255.35	378.95
253.55	380.8
256.9	385.5
256.85	384.7
257.25	381.15
253.55	380.5
254.35	383.25
254.5	385.3
256.4	386.6
260.5	388.3
261.45	387.55
263.35	390.3
282.75	390.2
287.3	391.95
294	394.1
298.35	394.95
301.75	393.2
304.8	388.05
311.3	387.95
313.7	386.9
339.8	329.15
344.8	323.05
346.9	315.2
352.2	309.7
354.65	304.35
359.4	297
366.65	290
373	285.75
371	272.05
363.1	252.75
364.7	244.8
366.25	238.85
369.75	234.1
377.5	227.25
386.1	218.85
389.95	197.1
391.7	193.15
393.4	191.5
396.8	189.7
400.8	187
406.05	184.15
410.55	184.8
408.7	184.95
412.25	185.55
423.75	202.6
429.75	203.5
436.85	201.7
439.05	201.6
439	199.25
440	199.7
440.55	199.1
440.7	199.7
441.05	198.35
440.25	195.95
438.85	191.95
439	190.25
438.3	191.25
437.95	192.35
440.45	193.2
440.25	192.2
437.15	191.15
434.45	190.8
394.95	209.8
396.95	205.2
393.25	203.45
390.65	198.85
390.25	200.7
388.25	202.35
388.65	201.9
385.95	198.9
387.55	198.7
387.5	199.9
388.05	201.9
388.95	203.4
386.95	205.35
388.75	204.4
388.45	207.35
393.05	210.5
396.05	213.75
400.35	218.3
402.1	219.3
423.55	232.95
426.25	230.75
425.95	228.35
429.2	230.05
430.3	234.15
429.7	236.3
428.4	233
426.65	228.7
423.95	223.65
425	222.45
423.9	219.95
424.1	221.85
422.9	221.55
411.05	215.55
411.15	201.8
412.9	200.45
411.55	199.2
413.05	199.85
417.9	199.6
413	197.85
412.2	196.8
411.1	194
410.65	193.95
406.3	193.65
404.75	194.5
378.8	219.1
381.05	212.85
380.75	212
380.5	210.7
379.75	208.3
380.5	208.3
386.7	221.2
421.6	400.65
420.3	410.2
421.7	415.3
424.95	414.5
428.65	412.55
429.5	412.95
427.75	413.7
427.45	415.95
433.15	417.65
433.25	416.3
437.9	452.7
444.1	451.6
441.05	454.2
440.3	455.05
440.5	456.75
436.35	441.35
437.8	269.5
437	259.75
432.75	256.8
427.6	259.25
426.1	258.85
423.9	258.55
426.25	256.3
422.55	252.7
419.65	252.5
421.65	250.75
422.75	254.75
377.8	243.5
381	236.6
375.05	229.7
373.9	225.9
373.85	221.75
373.9	218
371.15	215.15
373.25	212.2
371.95	209.7
371.75	206.05
368.35	203.2
371.6	201.1
371.4	206
335.05	199.9
341.4	198.5
341.3	197.7
343.3	196.15
344.25	198.15
343.75	198.4
345.05	196.9
346.35	195
348.85	190.25
347.45	183.1
346.9	182.25
348.1	180.75
350.5	178.55
350.85	179.4
348.65	179.8
374.5	269.3
403.85	367.05
399.4	369.5
403.15	371.35
403.85	371.75
404.7	372.1
405.6	373.4
409	373.3
413.1	372.2
413.05	369.45
414.4	365.85
415.85	363.1
415.9	360.45
417.2	362.15
417.7	445.25
419.25	434.5
420.95	433.35
421.65	432
422.3	431.15
424.65	431.1
427.85	434.25
431.1	436.85
434.4	436.7
435.9	435.35
434.3	433.4
435.8	430.65
441.65	427
440.65	429.2
441.65	428.85
441.4	427.15
441.35	426
443.7	424.75
445.1	423.2
446.75	420.75
446.2	419.65
446.2	420.05
446.85	417.85
446.7	419.6
445.85	419.9
445.8	418.4
450.35	419.2
449.95	423.75
446.15	425.25
447	425.95
444.3	426
449.1	425.15
447.8	426.45
441.55	428.95
441.6	427.85
439.5	427.9
440.25	426
440.65	426.7
439.6	426.45
437.8	426.4
437.65	425.5
563.3	489.55
571.8	489.55
574	488.5
569.45	487.45
566.95	485.6
599.7	500.35
619.25	517.5
621.2	518.75
617.15	518
617.7	514.65
619.1	511.6
440.45	479.95
426.4	473.75
428.3	469.2
427.75	467.4
429.9	466.2
428.9	463.45
348.7	244.05
308.2	150.95
310.75	145.75
309.55	143.1
309.65	145.6
307.8	145.3
306.3	145.2
307.95	145.35
373.15	248.05
424.65	403.65
431.75	410.35
431.65	412.05
430	410.95
431.3	409.95
448.25	414.55
468.15	423
469.3	421.2
471.25	420.85
470.95	422.7
474.95	424.25
473.2	425.3
472.9	424.65
474.6	422.6
473.25	423.45
474.1	421.4
472.65	417.05
473.2	417.75
476.35	419.75
476.9	419.75
476.2	418.35
477.3	415.1
478.2	415.75
476.85	417.8
476.15	417.95
478.25	419.95
477.6	420.6
479.05	420.85
479.15	416.95
479.5	413.1
439.6	355.25
440.55	347.3
443.1	341.9
440.8	340.4
440.65	338.3
443	340.7
445.25	341
445.05	338.6
444.8	334.4
436.8	295.6
441.1	288.05
441.15	284.75
439.5	283.3
437.55	278
438.6	277.5
438	279.95
437.85	279.15
437.15	279.15
438.95	277.9
435.7	274.15
437.45	276.3
440.8	277.7
440.95	279.75
439.85	279.25
440.7	280.25
439.85	280.75
440.05	278.15
439.25	277.7
436.4	274.15
283.7	231.45
286.1	227.1
284.35	224.3
284.1	224.55
282.35	221.55
279.75	217.2
278	220.1
190.85	205.55
202.85	208.2
198.85	208.65
200.55	207.5
199.35	205.7
154.65	107.15
157.8	109.3
155.35	109.75
154.9	109.85
153.7	110.25
151.1	111.5
151.75	112.65
148.65	113.45
146.4	113.2
149.75	112.5
154.3	113.5
156.15	115.9
157.25	116.5
158.25	120.05
161.35	118.95
133.25	181.1
138.6	210.45
141.25	212.9
142.75	215.15
145.95	214.2
147	216.05
146.95	216.35
146.6	215
148.9	217.3
150.6	216.4
177.15	312.8
178.85	316.25
181.1	319.1
180.85	317.35
177.7	312.05
182.15	313.9
184.65	313.9
206.95	230.2
211.3	225.1
215.35	225.4
217.75	221.9
221.55	216.9
227.35	218.3
352	204.8
355.1	204.95
361.6	202.4
363.8	203.9
369.2	206.75
373.15	205.9
373.4	205.15
375.5	205.85
378	206
377.6	205.95
379.4	204.55
380.45	205.8
381.9	207.45
417.7	164.55
419.1	158.1
423.9	157.6
425.85	156.85
429.95	158.05
430.2	157.75
433.05	157.5
470.1	169.55
460.9	164.85
459.4	164.5
458.65	165.55
457.4	164.2
456.5	163.15
453.1	164
451.8	163.15
448.25	161.5
445.85	159.75
443.5	158.7
440.95	160.8
430.05	147
423.25	131.7
420.1	130.55
416.95	131.1
414.35	130.8
411.55	123.6
407.45	122.45
402.7	122.35
400.95	120.15
398.65	121.6
395.3	122.85
394.4	122.45
390.7	121.6
388.5	123.15
388.8	124.35
385.45	127.1
385.2	126.4
251.75	161.05
239	158.3
238.3	159.5
232.55	162.2
231.15	160.85
233.85	161.15
232.9	160.6
233.05	164.4
119.75	295.4
115.25	299.05
119.85	301.25
121.6	296.4
123.85	295.65
97.95	235.25
97.7	235.05
103.2	235.7
103.2	239.45
110.55	240.1
114.45	236.05
118.5	239.85
126	238.1
134.75	238.45
141.15	239.7
149.3	237.55
159.15	239.35
168.7	242.3
175.85	242.35
177.8	215.15
184.4	212.8
189.65	210.5
193.85	210.85
195.15	210.25
197.85	211.45
182.7	210.4
182.1	212.7
180.15	214.05
182.95	211.3
182.25	211.1
191	213.2
208.65	218.5
209.2	222.25
207.8	222.7
209.4	222.9
209.1	222.55
211.1	224.45
210	222.1
209.9	219.55
212.05	220.9
210.45	221.4
209.7	223.4
208.5	226.35
210.2	224.05
88.8	260.35
86.3	258.6
83	257.55
80.7	255.1
79.45	258.15
80.45	256.3
78.05	258.85
60.55	259.1
56.8	262
54.05	262.45
55.45	261.85
56.8	261.2
56.9	260.5
55.1	261.3
52.85	260.3
55.2	260.5
54.4	263.75
53.65	263.55
56.55	263.8
54.4	265.7
53.9	263.5
55.55	264.45
131.45	252.4
253.15	224.7
258.15	223
261.75	221.8
265.55	220.25
268.95	220
271.4	219.6
272.4	214.65
263.25	171.75
268.2	177.1
270.85	176.9
273.35	175.45
273.7	174.75
276.05	173.2
278.5	172.65
283.25	174.3
286.8	174.25
292.25	179.3
299.05	205.75
0	0
0	0
0	0
0	0
0	0
0	0
0	0
299.85	143.85
299.35	147.15
299.9	151.65
304.25	149.8
305.5	145.3
303.65	147.15
304.05	149.7
306.65	148.1
307.1	149.6
305.75	149.8
306.05	153.95
305.55	155.1
302.95	158.1
301.95	157.05
303.55	156.6
283.1	237.85
280.65	233.45
283	236.85
281.35	234.65
283.1	236.35
287.55	238.65
201.25	280.15
203.35	311.4
206.85	316.05
209.25	317.8
211.5	320.1
212.75	319.35
215.05	319.75
217.45	320
220.55	319.55
223.85	319.05
223.55	315.3
221.3	312.65
225.35	309.3
229.95	309.2
230.55	308.15
229.45	306.9
226.95	309
448.1	260.9
447.2	257.25
450.4	262.95
451.8	264.8
452.3	263.15
450.85	261.1
446.35	257.6
446.75	258.7
444.55	261.15
444.4	262.85
446.5	253.85
470.3	144.55
474.35	150.7
473.6	150.9
473.65	148.5
472	142.4
471.25	147.3
470.55	150
469.95	150.6
468.3	152.1
481.6	153.8
482.1	154.9
479.7	157.2
472.6	160.1
469.85	162
469.3	162.2
467.75	160.9
466.2	163.85
465.5	163.05
464.8	161.25
493	165.4
497.15	165.85
496.4	166.6
497.35	166.95
497.3	167
499.2	164
498.05	164.7
497.95	162.5
499.2	162.55
497.25	162.15
495.95	161.65
493.5	163.4
494.1	158.35
493	157.2
493.5	157.1
471.95	191.5
470	261.95
467.45	265.75
466.95	264.95
464.9	265.5
463.8	266.1
463	265.15
463.8	263.9
466.25	262.15
468.15	261.2
468.9	260.1
487.75	301
491.2	305.05
488.6	305.8
489	307.3
491	306.7
493.35	306.15
493.9	304.75
485.55	186.8
484.9	187.55
483.55	183.65
482.85	182.75
485.4	180.7
485.1	165.1
484.95	135.35
483.3	133.3
483.45	134.95
484.3	134.15
485.7	133.7
487.4	134.4
486.45	134.5
486.35	133.5
487	131.5
486.75	131.6
488.75	129.7
489.9	128.1
490.2	129.6
489.65	131.95
490.4	131.2
490.1	132.85
542	220.05
539.45	260.6
537	267.95
536.6	266.8
537.1	267.4
538.25	268.25
537	266.55
537.45	265.6
536.55	267.2
265.45	378.95
255.15	385.8
256.75	384.5
257.8	384.65
242.5	384.65
137.75	405.3
130.25	410.15
129.4	409.2
127.75	409.2
125.05	409.6
124.3	409.15
124.25	409.6
123.35	412.4
121.1	408.15
121.7	408.75
121.9	411.3
122.7	411.55
120.65	412.55
124.85	412.05
124.05	413.75
125.7	412.15
125.35	414.55
129.35	417
132.45	417.7
134.05	418.8
137.9	423.4
117	423.35
109.9	424.05
110.55	421.1
112.15	422.5
114.85	422.65
116.35	421.1
116.3	421.05
119.55	421.5
119.2	420.25
119.25	419.55
119.1	420.3
122.15	423.65
126.85	425.85
127.5	426.85
129.85	425.25
131.7	422.6
133.8	422.65
133.1	421.8
134.35	418.95
136.85	419
139	420
139.1	417.45
138.9	419
140.25	415.95
141.75	415.75
143.75	415
144.6	410.55
145.1	408.55
145.75	407.35
146.6	407.1
105.6	340.5
108.35	338.9
110.85	343.35
112.15	343.9
112.2	344.25
112.15	342.45
111	342
112.05	341.4
112.45	342.1
114.6	341.65
113.35	339.05
119.55	229.35
127.25	231.9
126.1	232.75
128.85	234.1
128.55	231.95
128.5	231.9
129.2	231.95
131.45	231.75
130.45	230
132.3	231.15
134.6	232.75
134.15	232.9
134.5	232
135.2	231.7
233.55	240.65
228.45	239.4
231.7	238.7
232.75	237.2
233.25	238.3
237.4	239.1
237	239.65
235.2	240.45
238.45	239.05
297.65	223.8
307.4	222.25
314.45	219.95
318.5	220.95
323.5	222.95
428.2	214.15
433.1	214.45
438.4	213
445.25	214.05
449.35	214.35
449.9	212.75
536.9	187.9
608.8	136
608.3	133.65
605.2	132.8
606.25	137.1
606.95	133.6
610.35	130.3
611.35	131.15
612.3	130
612.3	128.8
612.3	132.8
611.3	130.3
612.3	126.65
609.15	126.3
608.65	127.35
604.2	132.65
603.45	135.1
600.55	135.65
597.8	136.55
595.2	139.65
462.9	267.2
463.7	293.65
459.9	294.05
460.2	294.75
453.95	295.1
447.6	298.2
348.2	276.65
347.75	276.4
344.05	274.65
342.85	280.8
337.35	284.8
334.4	281.5
337.6	281.65
336.2	281.05
265.2	273.85
280.7	275.3
281.45	281.15
284.05	280.2
285.7	279.4
286.15	278.35
286.4	277.15
290.7	277.55
291.3	277.2
289.2	276.7
291.35	278.5
229.9	272.7
177.7	264.95
180.65	264.9
183.1	263.6
184.45	262.85
186.65	263.5
185.9	263.25
138.3	218.95
141.85	226.05
143.7	225.15
146.6	226.15
153.15	226.25
157.05	227.85
123.5	203.55
117.8	194.35
122.35	192.9
126.35	191.4
131.65	195.65
134.5	198.45
134.4	200.4
138.25	201.7
142.9	200.5
149.5	198.65
156.35	196.5
162.6	196.85
168.75	196.55
176.2	202.65
182.45	206.85
190.1	207.95
192.9	203.4
194.2	201.85
199.1	199.4
166.4	208.1
172.2	212.9
175.85	212.6
181.85	212.3
184.15	214
189.55	217.9
194.55	217.6
194.2	222.45
214.15	205.4
225.2	199.25
230.25	201.8
235.55	203.45
240.2	204.45
244.25	202.7
249.6	203.7
254.9	201.65
258.9	198.9
262.75	199.7
266.6	199.75
272.35	199.7
273.7	201.35
280.85	197.85
283	197.3
286.2	198.75
289.45	199.65
287.8	198.85
244.95	209.6
218.3	233.1
218.15	237.1
221	238.75
224.95	240.75
225.55	237.35
226.65	238.5
224.15	238.95
226.05	240.6
227.65	239.7
228.05	241.8
198.65	430
202	422.3
200.4	424.85
200.3	426.85
203.6	428.55
200.2	428.2
202.8	426.9
199.7	425.9
202.35	426.35
204.9	425.85
206.35	421.3
209.5	417.1
214.6	417.2
254.35	421.5
253.85	417.75
259.65	419.8
264.6	423.9
267.95	422.65
271.6	422.2
274.7	419.45
280.95	418.3
286.7	418.9
293.55	416.75
295.5	414.6
292.2	413.1
294.2	412.2
297.8	412
268.35	311.5
270.7	278
272.1	275.4
275.25	274.5
277.45	275.45
284.7	278
283.6	277.7
288.15	272.45
289	273.75
322.6	290.9
327.5	293.55
328.35	296.25
332.3	295.85
331.3	296.9
311.95	300.35
315.1	298.1
317.4	298.6
315.65	298.35
313.9	296.2
317.95	283.2
313.5	268.7
314	266.75
314.8	266.5
314.95	265.5
316.35	264.3
317.95	265.25
320.3	257.3
320.8	257.95
319.55	257.9
320.35	258.15
322.15	258.8
322.75	255.1
322.75	254.9
323.4	254.9
322.25	253.25
322.5	251.1
321.25	251.75
319.5	253.5
319.5	254
323.75	253.95
253.7	275.25
194.65	377.2
179.2	431.4
188.4	426.8
189.1	424.65
190.5	420.4
195.3	419.55
239.65	428.15
233.85	421.95
234.85	425.8
236.15	425.7
237.7	419.8
240.8	414.25
243.4	409.05
244.85	405.15
247	400.7
250.7	395.2
252.05	389.9
257.35	382.75
256.3	382.4
259.4	384.5
261.2	389.75
262.2	389.2
264.85	389.95
264.45	395.35
264.2	397.4
263.15	400.85
261.85	398.65
261	396.8
259.75	395.6
257	398.6
256.2	399.75
250.15	467
246.45	470.4
244.85	473.4
247.9	472.8
244.35	468.8
248.4	475.4
250.2	474.1
250.25	474.4
249	473.2
247.4	470.9
246.05	472.75
245.6	469.1
243.05	466.6
237.75	464
236.7	461.85
191.6	434.35
192.4	430.95
193.1	431.95
193.65	430.2
191.5	428.5
192.25	427.05
190.6	428.35
209.3	214.75
212.25	225.3
214.95	223.85
215.2	225.95
217.9	228.4
222.3	230.4
221.65	231.45
223.2	232.5
223.7	230.75
224.1	233
221.5	235.95
222.15	235.85
223.5	232.6
223.25	233.4
225.85	235.85
226.3	236.3
226.15	236.9
224.35	238.65
225.05	240.3
227.45	241.15
227.9	240.65
226.2	241.05
227.7	242.05
228.7	241.55
229.95	240.4
228.1	241.4
230.85	242.35
232.75	239.95
231.8	239.7
232.15	236.2
228.1	239
228.3	236.75
226.2	239.35
232.7	239.2
0	0
0	0
0	0
307.35	75.05
305.95	82.5
306.05	87.05
308.1	90.6
309.1	90.05
311.3	92.25
309.25	93.95
310.2	114.95
0	0
0	0
0	0
0	0
0	0
0	0
311.75	175.1
311.9	174.65
312.2	174
310.05	172.55
311	172.45
312.65	164.45
328.35	274.4
328.3	261.5
330.2	260
330.15	254.7
331.7	254.2
331.85	252.85
327.9	250.95
327.6	248.75
327.2	252.05
330.25	253
322.75	255.75
322.9	254.05
321.3	252.4
322.2	252.2
320.15	251.5
318.05	254.8
318.35	255.4
318.75	257.15
222.9	206.95
216.7	200.9
217.25	206.85
219.05	211.5
221	212.55
219	217.6
220.85	217.55
225.05	221.1
224.85	221.3
228.05	226.6
228.8	228.5
231.15	226.6
230.2	225.4
232.2	224.8
237	228.6
238.8	231.05
241.75	231.2
249.85	233.2
288.2	229.55
292.1	233.3
293.1	236.8
298.2	236.95
300.6	236.8
300.85	235.75
299.35	236.5
303.7	240.2
304.95	242.45
305.5	244.65
308.75	246.85
309.05	246.15
310.55	245.7
310.25	244.85
310.9	246.8
310.9	249.2
312.4	247
315.85	245.95
314.8	244
317.7	244.9
315.9	243.7
316	246.45
316.55	248.7
315.35	247.95
366.85	246.95
366.25	248.35
364.85	248.25
367.35	246
367.6	246.95
368.1	247.4
366.1	249.45
364.85	249.7
367.1	246.1
339.6	209.55
352.05	175.5
351.8	174.7
351.45	175.9
353.6	175.15
352.6	175.2
352.25	177.6
355.3	174.1
352.2	175.3
352.25	175.1
353	175.7
353.4	175.9
353.9	176.15
352.25	177.2
353.65	176.4
354.5	176.25
353.9	175.9
353.55	178.15
279.75	307.4
283.1	310.25
285.1	310.7
285.4	308.7
286.55	307.05
287.5	307.2
287.75	305.5
287.4	309.25
287.85	307.5
290.1	310.7
290.1	311.4
287.55	313.25
289.75	312.15
291.4	310.8
279.75	283.4
280.6	278.9
278.7	280.8
281.4	279
280.6	277.7
279.8	277.35
278.9	278.2
278.45	277.35
280.4	277.9
280.4	279.15
279.95	277.5
281.8	274.95
284.6	306.25
288.75	305.3
288.75	305.9
288.95	304.8
285	305.65
285.7	304.75
287.5	307.25
287.45	306
289.1	307.05
291.5	306
290.4	305.15
287.75	304.7
287.3	303.85
288.6	303
288.1	298.65
290.6	295.5
288.4	298
287.95	299.1
288.7	297.95
293.45	295.9
291.25	291.85
292.7	294.7
295.4	297.15
295.45	296.2
296.9	298.2
295.55	295.55
297.55	299.1
300.7	303.25
301.85	300.75
337.3	209.8
341.2	207.5
342	202.45
345.4	198.95
342.65	201.6
344	202.85
340.5	200.4
340.3	199.8
342.3	199.1
342.3	199
341.6	198.15
297.65	203.1
307.7	200.8
309.15	201.8
311	202.2
311.9	201.85
309.3	202.55
308.3	201.95
309.3	200.85
310.65	198.7
308.15	198.85
307.75	197.25
173.7	283.5
182.3	283.95
184.95	284.5
188.15	283.55
190.15	281.8
191.6	278.05
190.8	273.75
194.6	271.2
196.35	269.7
196.4	270.4
199.75	270.3
201.9	269.8
229.3	230.25
233.95	228.9
238.75	226.05
245.95	224.7
248.8	223.75
251.25	224.55
256.35	226.4
244.4	200.8
249.55	207.3
251.65	205.85
254.35	207.1
257.1	207.85
258.55	210.4
259.5	212.75
261.5	214
263.45	214
266.85	213.7
268.75	214.85
269.15	214.65
270.9	215.6
270.95	215.8
270.15	214.3
343.25	195.75
336.9	196.5
343.2	198.1
344.85	198.85
341.4	197.65
341.6	201.2
337.65	201.4
339.05	200
338.25	200.2
336.05	203
336.55	203.9
341	226.9
332.85	298.9
331.75	303.7
333.55	305.7
328.9	306.2
330.6	304.95
332.55	301.7
328	300.8
330.95	305.35
333.8	306.15
334.1	308.6
322.9	291.05
325.05	291.6
320.55	290.55
320.05	289.25
320.75	288.9
320.95	293.05
323	297.25
321.05	298.95
337.15	210.2
345.7	161.8
346.9	158.95
347.95	158.8
350.7	161.15
350.8	162.15
375.65	168.85
371.85	165.15
375.1	170.05
378.1	170.7
379.65	168.3
381.35	167.35
380	166.4
382.1	165.75
380.7	171.25
380.3	174
380.05	176.55
378.2	174.85
376.05	173
374.5	167.75
375.6	167
374.4	168.45
373.5	170.2
374.05	167.55
372.9	166.25
333.15	293
329.25	301.6
326.8	303.9
329.65	305.8
329.45	303.5
326.25	303.9
330.25	302.1
328.45	304.85
329.5	304.75
331.25	310.05
330.05	308.5
332.1	309.6
334.7	312.3
336.85	313.9
339.45	309.8
342.25	306.45
342.8	305.7
346.1	309
348.2	312.95
347.4	274.55
374.2	213.55
372.7	211.35
368.75	209.95
368.15	208.2
368.65	203.25
369.2	201.05
373.65	200.55
376.4	201.9
374.95	202.55
376.25	202.05
376.55	200.05
373.9	198.05
371.25	194.7
372.65	192.15
372.15	192.7
370.15	193.05
373.45	193.05
373.45	197.95
373.3	196.8
372.65	195.2
372.05	193.3
371.25	192.7
370.3	189.9
367.85	191.05
370.2	191.05
367.9	191
365.4	190.45
364.2	191.45
362.15	192.7
359	192.45
357.35	193.65
357.05	190.75
363.65	191.75
362.3	192.45
362.4	192.2
358.5	197.7
358.65	199.65
358.65	200.55
368.25	333.1
366.2	338.5
368.75	340.8
369.75	338.65
368.4	335.35
371.05	334.65
369.5	337.55
371.05	337.15
371.2	335.35
369.25	336.85
366.2	338.2
367.45	336
368.1	335.3
362.45	337.15
359.9	337.6
360.4	336.65
359.7	336.9
358.05	336.6
302.1	230.6
300.5	234.55
299.6	236.6
488.15	369.65
498.85	380.8
503.4	381.1
499.5	379.4
498.65	381.1
497.9	381.75
501	385.2
504.2	386.3
255.5	334.4
247.85	334.1
250.2	336.3
251.25	334.95
250.2	333.45
248.65	334.25
246.4	336.45
251.6	337.2
247.8	337.9
246.3	336.95
247.1	333.5
200.9	365.9
194.45	390.1
196.1	390.35
194.45	390
191.05	389.6
190.9	391.5
187	389.05
185.85	390.3
184.05	392.4
182.4	393.4
360.6	286.8
426.1	218.9
427.05	214.2
426.6	208.7
427.1	208.3
425.45	206.75
477.75	160.9
477.75	159.5
478.75	159.8
481.9	156.15
481.9	154.4
480.2	155
482.45	157.2
481.35	155.55
481.1	155.15
481.65	153.9
483.25	155.9
483.15	155.45
486.65	156.45
486.4	157.65
485.3	160.65
484.85	159.2
483.25	160.65
481.55	161.4
482.45	159.95
328.85	105.3
246.05	55.05
244.35	56.15
242.35	54.55
243.25	52.8
242.95	50.1
245.7	47.6
248.65	45.65
255.3	50
254.3	49.75
307.2	49.65
296.65	47.4
295.85	46.35
296.5	46.15
296.3	46.75
297.7	45.4
295.95	45.45
295.05	47.35
295.85	50.1
293.8	51.3
296.2	50.8
295.55	48.55
291.85	48.15
304.05	48.05
306	46.3
306.5	52.25
304.05	53.1
304.85	53.2
303.95	54.05
305.45	51.75
305.3	51.5
304.85	50.5
305.9	53.15
307.9	53.25
307.4	54.3
463.6	127.65
476.9	132
476.95	134.45
478.45	131.9
477.05	130.45
475.85	130.2
476	130.05
476.35	135.3
475.35	136.35
476.2	134.5
475.95	134.55
476.35	129.4
477.45	128.5
476.75	132.35
476.35	133.5
477.85	134.9
481.85	142.1
353.3	187.1
282.1	298.5
319.45	302.75
327.25	297.45
325	293.25
322.45	293.9
323.55	294
323.75	293.05
329.15	294.3
325.5	293.15
325.6	291.15
320.75	287.45
322.45	284.15
323	288.75
324.05	292.9
322.85	292.85
321.25	291.9
324.95	288.65
327.15	287.15
329.35	285.45
331.8	286.3
332.5	286.55
335.55	284.1
334.05	286.65
402.75	311.45
392.55	312.2
392.75	312.4
393.1	314.15
396.15	315.9
399.1	316.15
451.5	331.4
453.7	333.6
457.65	333
456.1	332.8
456.45	334
453.95	329.1
455.55	327.8
454.15	325.7
452.7	328
452.25	327.45
453.05	327.85
470.45	224.25
473.3	219.25
471.8	219.9
475.1	221.6
473.3	225.5
474.8	221.8
470.55	222.85
445.5	265.35
442.65	272.55
445.45	271.95
445.7	272.2
448.45	272.85
444.5	264.4
423.2	231.4
426.1	234.35
427.8	234.55
429.85	233.7
431.85	235.2
441.55	206.8
441.05	204.2
442.15	205.15
441.65	205.95
443.7	205.45
450.15	204.1
452.75	203
454.5	205.3
454.65	205.75
452.75	201.45
453.25	202.8
422.95	164.45
424.25	169.9
422.4	168.9
424.8	168.65
425.15	167.25
422.85	169.8
423.7	168.75
422.6	164.8
423.95	165.5
424.45	170.3
419.55	171.15
421.9	174.7
420.65	173.45
420.25	171.25
420.4	171.1
422.6	170.2
419.45	167.55
419.4	166.7
308.7	243.7
321.15	236.65
319.65	232.75
317.55	234.2
317.1	232
322.15	229.45
326.05	226.15
329.85	224
330.05	225.45
334.15	227.05
335.75	229.35
337.3	228.3
342.45	225.15
345.95	225.7
351.6	226.1
328.85	221.4
333	220.95
335.2	220.55
334.15	223.85
337.35	227.35
335.8	227.95
337.35	228.4
302.55	215.6
300.15	216.95
295.2	216.9
294.25	215.55
291.75	215.35
291.65	214.5
292.6	215.25
296.8	215.65
297.5	217.25
296.55	217.9
264.85	184.1
265.2	183.35
263.7	183.35
263.7	181.95
263.15	180.85
265.95	179.45
260.55	179
258.25	178.35
258.15	182.2
259.9	182.65
255.65	180.7
256.3	179.65
257.4	179.65
257.15	179.75
255.15	180.35
255.25	179.2
294.4	275.95
298.5	279.9
298.55	280.15
298.35	281.4
299.15	285.3
300.9	283.2
300	286.15
270.5	307.95
276.8	304.35
279.7	304.65
283	305.7
278.4	306.9
281.7	309.45
281.2	309.45
282	311.55
282.15	311.75
279.7	311.8
279.4	311.75
281.85	315.3
282.05	316.9
278.65	317.6
277.15	316
281.65	314.4
277.5	313.45
278.75	315.4
272.7	275.75
275.85	278.2
277.5	278.85
281.3	279.2
282.5	277.55
284.35	278.7
288.85	277.75
291.1	279.35
297.7	280.7
295.45	283.85
303.2	284.4
299.65	285.3
303.55	283.05
302.25	281.4
308	280.4
307.55	276.3
307.25	276.1
311.5	273.5
306.45	275.2
307.4	275.25
307.25	271.85
304.4	273.3
301.45	272.05
300.35	274.6
301.15	273.3
300.15	273.65
297.85	271.1
292	271.1
354.3	277.45
550.6	264.4
554.15	268.85
540.7	271.15
533.5	272.95
528.9	268.8
524.3	265.2
517.1	264.4
517.2	263.8
512.75	261.85
513.45	260.3
345.1	304
291.1	335.7
289.95	340.5
289.2	337.35
289.05	334.6
253.6	370.25
258.55	369.9
261.15	373.9
256.2	372.7
260.3	371.7
261.5	370.85
262.2	371.85
261	374.05
258.4	373.9
260.65	374.35
261.3	375.5
262.8	377.3
264.1	378.1
261.25	380.05
262.05	381.75
261.2	381.75
261.5	384.05
260.35	385
259.75	387.8
250.6	393.6
250.55	394.4
251.65	395.35
252.9	399
253.1	398.1
255.3	395.6
326.8	204.65
333.1	208.6
333.4	212.1
340.75	208.35
342.55	205.7
344.35	201.25
344.45	199.1
343	201.05
347.05	201.5
348.65	203.1
348.9	201.25
351.5	201.55
311.4	233.8
313.4	233.25
316.95	232.4
318.25	231.35
318.65	231.45
319.55	229.1
326.1	225.5
328.05	222.6
320.55	216.9
321.75	215.7
319.8	212.95
323.4	215.3
323.75	216.8
327.1	214.45
327.1	216
327.65	213.15
327.85	213.5
326.3	211.4
332.05	213.25
331.15	213.05
331.05	213.8
333.7	213.6
338.25	212
338.1	210
341.95	208.95
342.65	208.3
341.75	206.9
343.15	207.35
346.55	207
346.3	205.6
348.95	202
350.15	202
352.45	197.3
349.9	199.3
354.45	198.4
354.25	200.95
356.7	203.95
356.2	203.35
354.5	200.95
355.45	201.85
351.55	201.95
350.55	202.3
353.8	201.15
354.7	199.8
353.15	198.5
351.1	198.55
351.9	198
356.15	197.2
323.3	193
322.2	188.35
323.3	185.75
325.85	186.95
325.95	186.6
328.9	186.7
289.9	166.65
288.5	170.7
286.7	176.5
286.3	175.95
284.35	173.65
280.65	176.3
278.1	174.5
277.05	172.85
273.35	176.3
271.6	175.5
270.75	173.85
271	176.15
271.35	175.85
270.65	179.2
271.85	182.95
269.15	186.45
271.85	190.75
271.7	194.25
271.7	197.25
271.75	200.95
270.35	203.55
270.2	206.7
271.55	206.95
272.9	206.7
272.85	206.15
273.85	200.2
276.55	200
275.8	203.25
333.45	221.55
369.05	220.8
374.25	222.8
303.15	223.6
249.35	207.2
248.8	204.15
248.05	205.95
249.25	203.8
249.95	205.35
252.4	206.5
255.7	210.75
252	213.4
257.5	223.6
0	0
0	0
0	0
0	0
0	0
0	0
0	0
259.5	152.9
261.8	149.5
264.7	151.5
265.35	152.5
264.45	153.85
266.65	158.9
269.15	164.55
267.05	166.9
267.9	165
270.2	165.75
273.45	170.9
272.25	167.95
275.6	172.15
276.6	173.1
275.9	176.55
277.75	178.95
280.8	179.85
280.6	181.75
282.15	182.15
284	184.3
288.25	188.6
294.75	191.05
296.8	194.5
300.25	197.95
303.45	199.45
304.05	205.55
307.65	209.9
308.2	210
310.5	209.4
311.5	210.1
311.6	210.55
314.05	213.55
313.65	217.25
319.25	216.65
316.95	217.95
318.45	217.3
321.65	218.7
320.8	217.35
320.5	218.05
324.65	217.95
320	216.75
323	214.65
321.75	216.25
323.3	219.1
325.95	218.4
327.45	220.3
327.55	219.4
326.2	219.05
322.95	220.45
322.45	219.15
319.65	215.95
316.85	213
318.25	213.2
306.25	257.1
307.35	257.65
307.8	256.9
305.5	251.25
304.25	249.45
305.9	247.35
306.55	246.3
306.25	243.85
305.65	246.1
305.75	244.3
307.3	247.05
310.3	249.55
310.1	248.8
310.8	247.25
312.45	247.1
312	250.1
314.15	249
315.65	248.65
312.75	246.9
270	192.65
265.95	198.4
264.8	191.75
262.9	190.8
261.65	189.8
264.8	192.75
264.3	194.75
265.5	193.6
258.4	168.25
257.05	170.1
256.75	170.05
255.6	169.15
258.85	167.65
257.6	165.75
258.5	165.35
261.1	167.9
262.45	168.15
262.1	169.1
261.5	168.85
260.15	170.6
262.25	169.9
256.55	166.65
262.45	124.3
264.65	123.9
266.5	122.75
266.75	123.55
267.9	125.35
267.4	127.7
268.6	126.7
272.35	125
271.2	123.05
271.35	123.6
272.7	122.9
272.9	123.9
256.85	132.15
232.8	136.95
233.5	137.85
232.05	140.85
232.9	145.15
235.3	144.5
237.3	144.4
239.15	143.25
237.25	144.65
235.95	141.35
198.5	185.2
194.35	227.1
193.4	228.3
196.25	228.2
200.95	227.45
205.4	229.05
211.8	230.85
218.8	229.1
226.75	230.05
234.75	230.2
236.65	229.7
309.5	206.65
310	202.7
314.65	205.75
316.65	206.6
315.95	205.25
272.45	168.8
274	165.3
277.25	165.85
280.5	165.9
282.95	170.65
284.3	168.3
286.3	171.05
288.4	171.65
307.8	165.65
305	167.5
307.2	166.7
304.75	161.45
303.95	162.8
306.95	167
308.45	169.5
310.8	170.75
310.1	170.05
312.65	169.05
310.6	169.25
311.3	166.85
315.05	167.15
312.4	161.75
313.9	161.3
316	163.65
313.35	161.95
313.1	161.7
315.75	162.15
314.8	162.2
319.75	161.95
322.9	162.1
307.65	163.2
261.95	212.8
260.25	213.35
259.5	213.55
261.3	213.65
260.25	213.3
263.35	213.75
263.7	213.05
267.75	212.6
267.25	213.9
285.2	224.9
282.7	224.85
282.7	227.95
285.85	225.15
287.4	226.6
287.2	228.35
290.15	175.6
289.8	179.75
288.55	177.35
287	176.6
283.4	174.15
269.75	180.8
268.2	184.15
267.15	183.9
267.5	183.05
266.45	181.25
267.6	180.8
272.05	185.55
274.15	183.8
274.25	185.95
276	187.5
278.25	184.9
278.45	184.9
281.15	181.95
280.55	181.65
291.75	312.5
291	325.15
291.35	329.85
290.6	329.45
294.7	329.25
292.45	328.25
293.1	332.95
294.15	334
294	335.75
293.55	335.1
283.4	323.35
260.6	244.4
259.9	239
257.9	236.6
259.2	237.65
260.45	235.95
261.65	235.95
260.6	232.55
262.1	231.65
266.3	229
268.8	228.4
273.45	225.3
273.55	223.15
277.75	222.75
282.5	223.55
283.8	221.05
287.2	217.8
289.6	213.75
290.45	210.55
290.3	210.1
290.2	209.55
291.75	206.5
293.05	204.75
292.25	205.25
295.8	203.05
296	203.15
297.35	202.95
300.35	204.6
296.8	133.65
295.65	131
295.25	129.45
294.35	129.8
296.05	129.55
299.3	130.65
297.55	137.75
301.35	140.85
304.5	143.25
300.45	147.35
304.4	147.9
309.7	149.5
311.15	151.75
314.95	155.1
313.6	155.5
318.95	157.15
315.8	158.7
314.85	161.05
316.7	161.8
318.3	164
318.2	163.95
317.7	167.3
317.45	167.3
304.55	300.15
302.3	312.5
304.5	318.45
306.8	323.25
305.75	324.85
305.4	324.15
305	322.9
305	327.15
304.15	327.55
304.1	330.35
303.25	329.1
303.2	327.25
302.5	326.45
303.25	328.45
305.15	327.2
306.15	325.95
287.1	284
293.55	254.85
294	254.45
294.9	255.45
296.3	255.75
297.65	252.2
305.8	188.8
308.3	184.85
309	187.75
311.7	191.5
313.1	193.6
316	196.5
317.8	193.35
315.7	195.4
318.35	194.8
317.75	195
318.2	196.75
318.1	196.4
355.15	228.7
360.7	231.65
358.95	231.85
357.45	235
358.3	233.95
355.55	233
355	235.3
353.2	232.6
351.55	234.5
349.65	231.8
347.55	228.9
327.95	231.5
275.5	252.5
276.3	253.1
272.35	254.15
271.95	252.9
272.55	256.1
270.75	255.85
272.1	254.25
276.2	253.85
333.65	179.5
324.65	173.5
325.7	174.45
326.05	175.2
327.5	177.65
327.45	180.25
325.65	180.2
322.9	177.7
323.15	177.05
322.6	175.1
324.05	183.45
319.9	180.1
318	176.65
325.6	273.7
322.9	282.65
320.55	287.1
319.95	291.2
317.85	294.15
314.55	294.95
314.8	299.15
314.75	300.35
316.6	304.95
317.55	306.05
319.4	306.7
323.65	310
380.2	238
386.8	202.6
390.35	199.4
392.7	193.35
396.05	191.45
403.7	191.05
484.95	232.55
493.65	229.9
493.55	236.15
493.6	237
495.1	234.05
491.35	231.15
490.5	232.75
490.25	234.3
601.1	226.9
588.45	227.05
529.4	220.6
386.1	233
379	233.1
375.9	230.7
372	230.55
373.7	230.6
371.3	233.5
370.95	237.6
363.75	189.05
362.75	194.55
359.35	194.65
356.3	195.05
354.8	193.15
351.45	194.45
350.6	193.45
350.1	190.95
347.4	191.6
347.35	191.15
346.35	192.75
343.85	192.7
342.8	190.6
342	192.25
304.7	206.35
309.15	208.45
310.5	209.65
308.7	205.9
306.05	207.1
305.85	205.9
306.7	208.3
306.8	208.6
311.2	205.2
309.9	205.05
314.5	201.7
313.6	201.2
314.3	199.35
316.55	195.65
320.65	194.25
319.7	195.9
323.2	193.45
323.05	192.25
325.15	193.75
327.15	192.45
327.95	190.75
330.45	190.75
330.6	189.3
334.45	187.65
336.55	184.8
338.2	186.3
343.6	185.7
345.65	187.65
348.65	186.7
354.7	187.7
355.6	188.3
361.45	187.5
365.5	187.75
367.2	186.1
365.5	180.15
366.25	176.1
368.1	174.55
369.8	178.45
201.8	241.15
210.75	248.65
212.1	248.9
213.2	246.65
215.55	247.15
215.3	246.05
217.55	247.35
222.15	247.55
226.05	246.05
227.5	245.6
228.4	244.6
230.3	245.95
234.85	248.25
241.5	246.95
243.75	248.1
246.85	249.25
248.05	249.9
251.95	251.5
253.75	255.75
259.4	259.6
265.8	261
332.45	217.1
339.65	214.8
343.6	213.95
348.5	213.85
353.05	215.35
356.2	216.9
357.5	217.5
361.65	216.5
365	214.85
346.95	163.15
350.25	162.25
356.5	161.1
359.65	154.9
363.85	155.6
365.95	157.95
367.45	159.3
367.75	155.9
370.85	154.4
372.7	158.55
374.95	157.9
375.05	155.5
378.05	154.45
380	154.2
385.6	155.55
387.4	155.05
395.45	159.25
397.1	163.85
395.15	162.45
397.05	154.7
400.15	153.5
403	156.1
404	157.9
404.55	157.4
404.35	158.25
400.45	156.65
377.15	347.55
374	346.9
365.7	356.45
372.45	350.55
375.85	347.15
376.95	347.9
372.05	347.9
370.75	344.65
370.4	340.2
368.35	338.25
371	335.65
373.6	335.3
345.75	330.15
293.75	231.85
290.55	216.6
293.65	212.85
296.65	211.55
297.8	209.9
299.55	211.75
303.75	217.2
303.55	218
304.2	220.7
305.35	221.6
401.5	206.05
410.9	208.2
415.5	210.45
418.25	211.7
419.6	213.05
423.65	212.3
426	211.3
429.9	210.75
435.9	210.45
437.45	206.1
437.9	205.45
443.9	203.3
237.15	163.15
210.2	147.7
209.05	145.3
207.6	147.05
206.1	147.75
205.7	147.2
164.6	138.6
162.35	137.3
162.5	139.1
161.55	139.25
165.65	140.15
165	138.6
165.45	139.55
163.6	140.6
132.45	139.5
130.9	140.75
130.5	141.6
132.7	140.6
133.55	141.2
132.65	142.3
136.25	143.9
139.75	143.85
140.8	142.95
141.6	144.8
141.1	142.4
144.1	142.3
144.75	145.6
122.35	164.55
123.45	179.7
125.7	180.55
127.85	181.75
129.2	183.8
129	185.9
127.8	185.45
128	184.75
127.7	186.65
127.75	186.6
130.95	186.6
131.15	185.2
133.55	186
134.95	183.6
134.6	185.05
134.25	183.85
132.95	194.15
134.9	335.15
134.5	345.15
137.2	351
139.6	350.8
139.65	348.95
140.8	350
138.55	351.2
135.95	353.3
140.15	353.35
139.25	352.4
142.75	353.65
143.9	354.85
295.35	188.9
302.15	182.2
306.55	185.85
309.7	185.9
308.05	188.25
313.1	188.85
316.85	188.05
316.6	192.1
324.85	192.75
324.65	195.3
327.1	194.45
325.8	194.25
328	193.8
315.05	180.6
302.1	163.15
303.3	158.7
303.9	160.35
306.45	160.7
306.2	160.9
310.05	161.6
313.15	160.5
317.35	159.95
321.3	159.15
324.35	158.7
353	170.1
349	172.25
352.25	171.1
354.75	172.75
356.6	176.55
359.7	174.5
0	0
0	0
0	0
0	0
0	0
0	0
387.15	185.6
387.35	183.25
395.45	186
401.2	182.8
402.55	184.9
410.1	184.45
416.35	181.45
419.35	181.05
424.35	178.5
424.55	180.8
400.85	348.5
395.95	356.95
398.35	357.85
397.55	357.25
405.95	354.65
406.2	355.3
410.05	353.25
412.6	353.2
414.55	351.4
417.95	354.1
416.75	354.6
425.2	350.75
426.35	350.75
429.9	348.35
431.7	348.35
433.25	346.6
437.5	348.1
442.45	345.75
442.45	345.75
440.15	345.95
446.25	236.55
452.7	227.9
453.05	221.65
456.25	218.3
452.2	220.15
456.05	220.25
457.7	219.65
458.45	219.6
458.1	216.8
460.3	218
459.85	221.35
457.3	223.9
458.55	223.85
458.35	223.5
458.35	221.85
461.6	221.4
461.25	219.6
460.3	220.7
459.25	217.1
459.25	217.5
258.25	254.75
212.9	257.05
214.45	258.15
215.5	257.4
215	257.25
216.1	257.7
217.7	257.75
215	257.95
213.1	258.85
211.9	255.05
320.95	294.65
384.35	333.2
388.35	337.2
389.1	337.75
387.65	336.65
387.75	336.5
389.2	339.35
390.3	338.95
391.9	341.4
391.85	343.45
391.3	346
390.5	344.65
392.25	345.05
392.8	345.6
392.05	343.45
393.7	342.45
392.95	342.6
452.55	393.25
455.95	394.95
455.65	394.4
455.2	392.9
455.85	393.15
456.65	395.65
455.85	397.4
455.15	400.85
480.9	406.75
500.7	409.3
503	409.8
507.8	412.1
507.25	411.3
508.3	412.25
509.55	412.45
510.6	412.35
510.8	410.65
512.9	413.45
513.1	412.7
499.2	409.25
297.35	314.4
297.2	309
300.35	307.1
293.1	306.75
296.05	308.5
295.7	310.75
295.55	307.35
295.9	309.1
291.4	307.65
291.7	309.8
291.1	309.95
291.9	309.9
291.75	307.85
292.6	307.35
293	305.75
295.45	310.3
335.8	315.75
517.65	399.95
516.75	400.65
518.4	398.55
517.85	398.4
518.65	398.35
518.7	401.5
520.1	406.95
527.25	407.45
443.6	369.7
327.8	284.85
319.75	275.65
320.2	273.9
318.4	273.95
323.95	269.85
326.15	273.3
325.5	269.7
323.65	270.25
326.25	270.25
327.05	272.15
327.75	271.95
398.6	251.05
388.8	255.45
390.2	254.4
391.1	257.2
389.65	252.7
390.5	251.35
392.55	248.9
392.45	254.25
394.9	253.8
390.55	244.65
391.25	244.8
387.85	245.5
387.15	244.05
389.65	245.75
387.45	243.3
390.55	246.55
390.2	244.95
387.95	245.3
386.75	248.2
385.5	246
385.7	246.4
387.6	248.8
385.6	246.6
387.15	246.9
387.8	248.8
388.05	252
385.4	248.3
388.4	247.3
389.6	241.75
389.75	237.85
389.85	237.55
388.15	241.95
386.7	242.55
385.15	248
381.25	248.4
324.55	205.3
323.95	202.95
323.55	206.75
321.6	211.35
322.9	212.45
211.25	327.35
212.4	317.95
213.9	318.55
214.4	317.55
214.25	318.1
213.05	317.8
213.1	317
212.9	317.85
211.65	316.2
212.8	315.8
211.6	314.35
212.05	315.25
211.5	317.55
215.35	320.1
213.15	319.6
211.95	320.45
283.8	182.45
284.5	194.65
285	192.1
284.3	192.75
282.9	192.15
282.55	189.6
284.4	191.8
285.3	190.9
287.6	192.55
287.15	193.95
294.1	193.2
296	193.7
294.65	190.8
296.35	189.2
294.35	192.75
287.4	195.85
287.6	192.1
289.25	191
291	192.65
288.15	194
288.4	192.85
290.3	192.25
292.4	196.6
291.3	197.6
288.7	197.65
286.3	198.5
286.6	198.75
283.4	200.65
281.95	199.85
317.75	226.9
318.15	226.1
315.75	226
315.75	226.6
315.05	225.35
315.7	226.85
314.35	227.3
315.35	226.95
510.4	233.65
517.6	232.1
520.7	230.7
521.55	232.05
522.55	230.75
523.95	232.3
524.35	230.9
525.75	230.6
522.85	233.7
524.1	234.9
527.2	231.7
433.25	251.35
270.2	299.35
264.2	300.3
268.35	301.85
268.7	303.75
269.85	306.9
270.45	307.1
268.55	307.85
266.95	306.4
266.15	307.4
267.45	305.7
267.6	307.9
269.25	308.9
271.5	309.75
226.1	328.6
227.5	329.4
229.8	332.65
231.5	330.35
234.9	334.7
237.65	333.35
239.05	334.5
70.15	263
69.05	260.55
74.55	257.8
73.4	259.4
77.9	259.95
82.75	258.25
85.15	258.9
90.65	262.25
92.8	262.25
99.95	263.3
104.35	264.95
108.35	263.6
113.2	265.85
117.55	266.45
121.85	268.95
127.15	270.3
131.9	270.05
137.35	271.65
144.6	271.25
50.15	289.25
52.8	293.7
57.2	294.1
68.65	298.8
78.15	298.2
83.95	303.2
91.7	302.2
98.75	302.85
102	300.45
40.35	243.5
43.95	250.85
50.45	248
55.1	247.55
62.55	247.05
67.9	232.75
77.45	201.05
86.55	199.55
93.6	198
99.4	196.7
105.5	196.7
111.25	194.55
120.6	198.1
129.8	201.45
140.2	203.55
150.25	205
157.2	207.55
172.5	203.5
177.5	200.8
181.4	198.2
186.65	200.8
197.7	208.95
206.1	217.95
218.6	219.05
227.2	218.65
235.15	219.2
238.6	218
243.6	216.7
252.15	217
256.25	221.35
248.4	290.85
267.25	320.55
271.3	321.8
274.45	324.7
277.85	330.15
280.85	333.35
282.65	332.6
285.25	334.75
290.35	334.55
293.25	333.65
296.7	338.4
303.35	339
309.7	341.9
316.25	343.05
327.15	273.1
338.8	245.35
339.6	245.6
341.05	245.45
347.75	239.9
347.45	239.7
348.6	236.8
349.4	238.3
352.05	239.55
357.95	231.5
361.1	230.6
364.1	230.25
364.1	231.2
367.45	229.15
369.55	225.15
368.55	224.15
370.75	224.3
372.5	224.95
372.75	226.1
374.3	229.6
367.35	228.45
365.95	225.7
366.05	225.9
366.7	225.15
367.7	226.05
367.75	228
370.4	224.9
370.05	222.5
372	219.05
373.5	220.55
376	218.7
377.4	219.35
380.8	218.5
382	219
381.95	217.55
403.1	229.95
404.55	229.45
400.65	234.8
403.7	235.6
401.2	235.8
395.95	235.45
390.65	238.95
389.4	236.7
385.15	235.8
375.25	232.2
372.95	229.6
368.5	230.8
364.7	229.15
360.15	232.85
356.9	235
355.75	234.65
352.9	233.65
315.6	314.35
308.3	307.9
310.25	310.15
310.7	311.95
308.65	314.5
308.15	314.75
308.1	315.5
307.05	313.8
302.9	312.25
303.75	310.25
303.65	310.15
304	310.05
305.35	312.75
304.6	313.2
305.35	313.85
306.45	314.5
307.2	316.3
307.35	315.75
302.35	311
303.35	227.9
305.1	223.35
304.3	220.85
302.65	217
300.3	222.15
304.65	222.85
304.05	224.1
304.7	227.5
308.35	225.5
304.8	222.85
309.45	220.8
309.85	219.7
310.6	219.45
312.45	220.75
310	220.3
308.8	221.8
308.35	222.55
308.95	222.9
311.55	221.95
313.55	221.75
318.65	220.05
319.7	219.6
318	216.6
318.45	216.4
318.55	218.95
314.5	216.4
316.95	216.5
316.45	215.2
315.7	216.2
314.85	216
316.8	217
316.5	218.3
315.1	218.2
316.15	219.15
319.1	220.35
329.1	221.25
332.8	218.55
334.05	216.55
332.85	213.8
335.7	215.9
333.75	217.65
332.05	220.3
329.75	215.6
331.6	214.3
315.65	214.95
317.1	213
320.15	217.7
317.75	221.4
315.9	218.7
312.05	217.65
313.35	220.2
312.75	218.85
312.7	217.35
297.7	209.3
302.4	207.55
301.35	202.05
302.3	200.95
302.5	201
303.7	202.05
304.35	205.35
309.4	207.35
306.55	208.2
307.4	206.4
308.5	207.6
307.95	206.7
306	204.1
307.8	205.9
414.7	185.9
417.8	189.75
419.1	191.1
417.4	191.05
419.1	189.8
417.2	185.85
415.2	184.85
414.35	184.4
412.4	184.95
412	188.15
360.55	188.9
301.8	200.05
299.55	201.25
299.25	201.9
299.8	204.55
296.05	203.25
297.35	203.45
296.8	204.1
296.55	205.8
294.15	201.4
293.95	203.5
289.3	203.3
277.85	212.3
250.1	306.05
244.65	310.1
243.85	316.7
244.55	322.25
242.65	324
244	329.35
242.8	331.3
247.5	336.15
244.6	475.5
245.55	479.3
246.95	482.95
246.7	485.75
247.1	489.45
248.2	490.05
247.45	494.3
223.8	276.5
222.5	280.1
215.8	280.9
218.25	281.2
218.3	280.7
217.75	280.65
218.15	278.2
221.5	277.5
222	276
222.35	277.85
222.8	280.05
223.05	278.85
224.9	278.45
225.85	279.75
225.3	282.5
225.95	284.1
227.4	285.8
243.45	261.05
279.8	196.2
279.75	192.5
279.5	192.5
279.05	190.5
281.25	192
282.1	192
281.2	190.1
283.55	197.55
0	0
0	0
0	0
0	0
0	0
0	0
261.65	242.15
263.9	246.3
262.25	244.7
266.1	242.45
268.7	243.7
269.15	245.15
272.45	242.45
273.45	241.85
277.7	242.3
281.25	244.35
284.55	244.1
286.55	241.65
287.1	236.75
288	240.65
316.15	289.8
306.35	298.2
307.25	298.95
307.95	296.5
307.65	298.65
307.7	299.35
308.15	300.45
307.85	304.3
338.3	235.6
368.6	155.15
375	151.2
376.85	152.45
379.9	149.75
382.35	148.3
384.85	146.7
385.85	145.85
386.85	147.8
420.8	184.85
550.7	337.55
569.4	349.6
567.5	350.3
566.25	351.2
561.45	350.5
556.05	346.6
551.65	347.75
551.7	347.65
548.15	347.65
541.5	350.3
532.2	348.05
521.85	347.75
624.45	298.75
622.35	301.7
610.95	300.2
598.85	298.3
585.45	303.35
573.75	304.95
500.75	299.3
486.85	296.6
481.7	296.95
474.95	296.2
470.1	298.95
432.9	292.55
418.45	290.2
417.2	285.25
411.15	285.1
412.5	283.25
406.4	282.95
406.75	282.7
408.6	278.3
409.6	273.55
407.45	269.95
407.75	269.35
406.85	268.55
408.2	269.25
408.15	267.7
408.9	267.85
409.55	268.6
410.5	269.25
413.3	270.7
412.35	269
403.05	266.5
397.15	268.8
397.05	268.9
395.4	272
396.25	272.35
397.95	274.35
396.1	269.65
393.65	266.1
394	269.45
395.8	268.75
395.6	271.2
395.75	269.65
396.7	269.3
394	270.5
392.9	269.4
389.45	266.25
382.25	263.9
371.8	265.8
372.7	267.6
375.75	268.5
375.75	266.05
376	267.05
372.5	266.2
372	259.6
372.2	256.35
374.1	254.5
374.05	260
377.95	255.8
361.65	250.85
359	250.75
358.4	250.5
361.65	247.25
361.85	247.7
361.55	246.45
362.85	246.55
364.75	243.85
362.75	238.85
328.7	289
327.95	293.4
327.3	292.3
326.35	291.95
327.95	291.65
328.35	287.95
323.2	291
322.05	290.1
321	291.9
344.6	315.65
345.65	311.8
350.9	311.2
351.4	312.85
350.55	315.5
350.5	317.35
350.35	315.25
352.2	314.9
352	314.65
352.45	312.15
283.35	391.4
283.2	393.85
282	394.4
282.5	393.9
280.7	393.1
297.8	497
299.05	499.9
298.4	502.95
299.65	504.8
299.1	507.4
301.7	508.15
296.95	502.35
299.65	500.8
299.45	504.45
299.3	507.05
300.15	510.85
300	515.4
300.4	515.75
328.65	469.85
334.1	419.1
331.8	418.25
335.45	415.7
336.4	414.85
337.8	415.5
339.7	415.65
335.45	416.1
337.4	410.35
340.5	412.35
298.35	352.75
300.5	349.2
300.85	347.05
300.2	345.35
299.85	340.45
300.65	337.5
298.6	337.85
299.7	336.2
301.4	337.8
223.45	390.65
220.8	391.4
220.95	391.45
217.55	391.9
218.65	396.2
217.65	393.05
216	393.8
223.3	394.4
257.1	369.45
280.3	341.65
289.45	313.5
296.8	317.25
299.8	320.05
302.1	325.55
301.35	320.3
300.85	310.25
296.55	297.85
315.55	212.7
317.8	182.2
323.8	156.15
358.3	111.3
368.5	102.25
359.75	97.45
363.5	101.6
356.5	88
348.45	88.35
0	0
0	0
0	0
0	0
0	0
0	0
0	0
377.8	85.45
389.55	90.55
397.3	85.25
376.45	68.35
374.2	70.35
385.75	71.95
395.85	88.35
374.3	75.1
392.8	76.1
398.55	81.2
322.15	100.3
315.5	107.2
313.55	108.75
322.3	109.1
315.9	114.25
318.6	118.35
312.35	127.3
319.1	128.2
320.8	128.8
320.3	137.15
307.35	203.75
304.1	213.6
302.05	226.75
307.45	218.25
312	216.05
309.1	221.3
302.05	209.25
305.25	206.2
305.75	203.05
308.8	199.5
304.9	195.7
301.55	194.55
306.2	195.5
321.45	176.45
0	0
0	0
0	0
0	0
0	0
0	0
0	0
0	0
285.45	180.45
288.95	188.35
293.25	194.25
290.85	187
292.3	182.35
291.55	190.05
291.95	187.6
294.2	181.8
297	181.35
296.65	175.75
300.2	137.8
298.75	161.8
293.05	229.1
288	232.1
288.4	230.95
291.75	170.3
292	173.35
293.1	162.9
296.15	163.05
286.2	231.75
295.5	173.35
298.05	178.55
292.65	177.2
291.45	98.9
296.75	100.55
295.6	132
297.15	129.85
297.55	110.7
298.55	126.5
301.5	97.45
308.8	64.2
314.95	60.7
302.65	143.1
305.45	146.45
308.3	150.7
313	154.2
349.4	177.5
357.25	189.8
360.7	194.15
362.85	201.9
364.75	206.3
367.05	210.85
369.7	212.5
371.1	215.95
377.1	215.65
375.2	216.65
353.75	211.65
355.45	208.2
353.45	206.35
355.85	208.5
355.85	203.6
355.35	205.65
353.4	201.4
348	196.9
348.3	190.4
348	185.6
345.5	182.7
347.1	188.45
347.3	187.05
346.8	187.1
345.2	187.5
343.65	184.7
342.85	182.5
343.15	183
340.4	180.05
338.25	180.75
339.25	178.2
349.9	174.9
351.95	174
352.6	170.9
352.45	179.7
355.65	179.85
355.7	182.05
352.05	181.55
351.1	172.15
324.8	196.35
324.4	186.85
325.95	185.8
321.7	185.7
323.85	183.85
323.95	180.85
322.65	183.5
322.6	184.65
320.6	189.65
325.3	181
323.25	180.25
324.05	178.3
323.75	178.8
323.1	176.55
323.15	175.6
322.15	172.5
323.25	176.6
322.85	172.25
321.45	172.7
320.75	170.9
318.5	158.85
318.3	156.35
315.5	156.65
320.35	153.35
316.75	153.2
317.5	153.55
317.7	154.95
316.7	163.05
316.7	164.05
316.85	157.65
321.3	160.05
321.3	155.8
322.65	153.6
323.7	151.95
340.1	153.45
346.25	154.6
347.15	155.2
348.45	160.65
347.4	163
352.5	169.75
352.75	168.6
352.25	164.15
351.7	164.35
354.3	158.65
351.95	173.25
351.9	171.9
352.45	162.6
352.05	164.75
351.85	166.45
354.35	159.4
356.6	163.3
356.65	165.55
357.55	164.3
359.1	174
359.5	171.75
357.8	167.3
360.45	171.3
362	176.95
381	191.7
383.75	198.45
380.25	204.45
382.65	200.5
381.9	199.95
383.55	201.5
385.5	201.15
385.35	202.55
385.75	203.3
361.65	195.9
360.2	196.15
360.6	194.25
358.85	199.05
359.25	196.25
357.7	198.25
356.1	200.3
352.35	200.4
351.55	200.75
351.85	206.2
351.65	203.4
351.15	203.2
347.95	199.25
343.7	200.75
342.15	204.15
341.15	199.25
340.75	204.35
339.1	211.35
337.15	213
334.1	206.8
334.6	197.45
328.65	194.1
329.8	190.9
327.45	190.65
328.2	190.1
332.3	190.15
341.35	185.95
342	183.6
342.4	187.35
342.55	191.45
341.65	194.8
340.3	191.8
343.4	188.85
339.35	187.7
339	186.4
340.65	185.45
339.5	187.9
340.8	186.25
342.55	189
343.45	188.1
343.65	186.75
344.9	185.7
344.75	187.1
344.7	190.5
344.65	199.7
345.4	195.65
337.6	193.45
304.05	194.8
303.1	195.55
303.7	197.6
307.3	203
306.95	204.2
307.4	201.7
305.7	206.1
305.75	204.15
306.95	209.45
309.1	209.65
308.55	211.2
311.4	209.5
311.5	211.9
310.75	208.75
292.05	219.7
292.85	221.1
292.85	224.15
294.2	219.95
293.6	220
294.95	221.1
295.95	225.85
296.95	228.6
297.45	229.2
299.1	229
300.15	228.85
299.75	229.5
301.7	229.9
300.15	229
314.65	279
306.55	289.5
309.8	290.45
309.9	291.9
311.35	297.25
308.5	298.8
309.75	299.7
310.8	297.85
311.25	296.45
310.45	294.65
306.5	290
298.1	240.1
296.7	235.95
298.25	233.7
295.95	231.6
296.3	233.85
299.4	214.7
301.1	212.3
299.45	211.75
299.25	210.55
298.6	211.9
299.65	210.85
303.1	214.1
300.9	212.25
300.55	209.1
300.7	207.5
300.65	208.5
302.9	209.2
302.1	210.95
304.6	210.15
306.5	210.95
307.05	208.45
354.75	217.5
359.4	214.25
360.7	213.5
363.4	215.9
362.6	217.9
363.6	216.7
364.9	216.45
365.3	219.2
362.6	219.75
308.4	258.05
279.85	375.4
278.9	378.05
280.65	377.8
279.2	381.55
282.65	383.4
283.8	382.5
282.15	382.5
283.35	381.05
282.65	380.6
347.2	241.9
351.05	239.9
351.8	239.2
353.55	238.5
355.35	239.55
353.3	237.25
353.1	237.8
353.25	235.6
352.45	236.75
352.3	238.5
353.3	238.35
352.1	239.3
354.35	235.35
353.1	235.45
336.75	259.85
335.15	257.4
334.6	258.4
335.65	258.9
335.8	258.75
335.85	259
336.7	255.7
337.65	254.15
340.45	256
339.1	254.45
337.6	255.25
336.45	257.55
340.75	256.65
342.55	259.8
346.55	260.6
348.3	261.4
346.9	252.75
346.45	248.55
348.2	249.85
346.85	248.05
348.35	246.05
344.4	244.95
344.95	247.45
344.1	245.95
347.7	251.7
344.75	253.6
345.3	257.8
344.65	252.6
345.75	251.6
346.65	256.45
347.95	256.05
347.85	258.35
347.7	259.05
346.9	258.7
347	257.35
322.4	257.4
320.7	256.7
318.95	256.15
316.65	256.35
316.6	256.25
315.85	258.85
317.05	259.95
314.3	260.05
313.85	256.85
313.1	253.9
314.35	253.5
316.5	257.05
314.85	259.3
311.75	253.05
314.5	251.2
312.35	250.75
313.75	250.25
314.15	251.5
316.9	252.05
321.9	256.65
319.4	257.75
318.8	253.9
317.85	252.6
319.4	254.95
317.65	257.15
322.35	258.55
311.75	237.95
308.45	228.05
307.5	227.7
310.2	229.6
312.2	235.55
312.5	236.65
311.1	235.3
310.75	231.7
312.65	223.45
313.35	223.05
311	223.55
312.1	226.4
314.15	234.1
316.1	236.55
315.25	228.35
319.75	239.9
317	228.95
316.1	236.7
315.9	232.8
313.5	229.3
316.25	229.6
312.5	235
313.35	229.4
314.9	234.35
309.05	255
309.9	257.5
310.3	259.3
310.7	261.3
309.25	262.75
312.7	261.5
309.95	259.35
312.75	256.8
311.9	255.35
311.55	257.45
311.05	261.4
310.2	261.45
298.25	369.65
321.65	431.65
321.2	435.7
320.35	441.05
324.1	437.3
322.7	438.3
321.1	438.45
319.75	438.2
323.65	442.55
326.8	438.6
324.6	286.4
324.4	289.05
324.6	284.4
324.4	282.35
323.1	283.05
326.6	283.75
325.75	280.8
326.3	283.15
308.15	250.4
309.45	250.65
310.2	250.2
313.35	249.3
317	247.55
316.7	246.75
316.35	244.95
318.35	243.5
316.8	245.4
313.9	246.05
314.15	246.55
319.95	249.85
316.75	247.15
314.65	247.85
315.55	246.4
316.8	245.05
321.25	247.35
322.35	247
321.05	244.25
320.9	244.4
321.1	240.85
323.45	239.95
323.5	237.9
324.05	244.55
324.7	249.8
325.45	311.95
321.9	313.75
321.15	312.7
320.8	312.7
324.55	313.4
320.8	315.1
324.65	312.2
322.1	313.45
325.4	314.25
324.45	316.15
325.35	319.7
321.8	323.6
322.9	323.1
323.8	323.55
324.55	322.65
326.1	322.05
328.9	211.2
331.25	217.1
331.45	215.3
329.05	212.5
326.8	215.1
327.9	215.25
330.35	214.2
328.4	219.3
306.35	229.6
308.35	229.1
307.05	232.05
306.65	233.05
306.7	231.85
305.75	231.35
307.6	229.8
305.85	223.15
321.1	220.55
362.4	232.15
365.15	228.7
366.2	230.05
362.7	229.7
364.8	228.45
366.75	232.4
369.15	228.95
370.65	229.85
380.95	232.15
378.95	230.9
379.6	233.8
379.8	233.1
381.4	232.45
376.35	236.95
378.65	238.85
378.6	237.75
378.1	237.85
380.95	235.2
377.35	235
379.55	236.55
380.05	236.35
379.15	232.8
381.6	233.8
382.5	235.8
383.8	242.25
382.2	244.55
383.85	243.45
386.25	241.45
383.8	240.35
384.55	238.2
385.35	238.6
346.25	257.5
344.5	254.1
347.15	254.45
349.35	251.35
349.15	247.3
342.15	250.35
341.5	252.25
342.35	252.05
341.9	249.95
342.75	250.8
346.1	249.8
344.8	251.7
346.25	249.55
343.9	251.95
339.05	271.75
0	0
0	0
0	0
0	0
0	0
326.85	207.75
324.45	210.6
324.55	212
329.2	208.75
329.4	208.25
328	209.8
338.3	209.5
385.65	213.1
386.3	216.2
388.2	213.3
384.7	212.25
383.85	214
382.45	216.85
381.9	220.15
376.85	219.25
353.45	206.4
352.3	205.8
355.5	203.1
352.9	198.35
349.2	199.3
348.2	199.3
345.9	200.1
342.9	203.5
344.5	200.4
343.35	201.9
340.55	207
340.75	205.9
338.95	207.25
339.95	207.4
341.75	199.65
343	198.55
341	201.3
341.95	199.75
343.5	201.55
343.35	202.55
343.85	205.8
346.8	210.65
345.1	211.4
366.3	274.3
369.4	273.75
370.8	276.7
368.35	276.9
370.25	277.05
368.25	278.65
340.65	252.05
337.25	254.9
335.45	254.2
335.8	253.5
335.3	249.7
337.05	248.65
338.3	251.6
341.3	235.65
341.3	234.75
342.05	235.65
340.25	236.1
341.85	237.7
343.7	237.85
344.15	236.85
344.8	238.75
343.7	238.7
391.25	260
392.7	260.95
393.8	260.35
394	262.35
392.35	265
391.9	265.4
388.7	262.35
388.9	260.75
389.45	261.8
387.5	261.5
385.15	261.6
384.25	262.6
383.3	260.7
382.9	260.15
296.05	254.05
302.35	253.85
300.5	253.45
298.45	253
297.3	253.85
293.9	254.45
290.45	250.2
287.65	249.8
289.4	252.5
287.4	253.95
289.25	252.75
288	252.75
285.9	253.05
288.85	253.6
292.2	252
294.7	250.3
296.05	251.5
297.4	253.65
298	253.95
304.5	251.75
300.6	251.1
339.05	239.3
341.2	239.3
340.45	242.3
339.9	241.55
340.15	241.7
341.15	241.65
339.75	239.65
341.9	241.45
341.4	238.95
341.65	239.25
338.15	241.75
340.2	241.85
341.6	234.5
338.45	235.65
337.5	236.65
348.95	245.55
359.3	290
359.95	293.95
358.05	295.55
357.3	292.4
357.35	293.2
359.45	291.9
361.9	290.6
363.8	291.05
363.7	284.7
360.85	285.1
362.2	287.15
363.9	289.05
365.5	289.25
366.2	288.75
367.8	289.2
367.6	288.35
366.45	288.3
363.2	281.3
361.4	284.3
356.9	277.05
357.85	284.9
338.5	248.35
335.95	250.15
335.45	250
336.25	248.35
334.3	245.75
333.9	240.15
334.55	238.25
333.9	237.4
335.1	232.75
320.7	232.7
324.25	233.1
323.65	229.9
323.35	231.8
325	229.8
325.1	229.85
324.3	229.95
324.1	230.5
325.5	231.2
324.05	230.95
322.1	224.05
324	223.3
326.3	223.5
325.2	223.8
322.75	224.45
324.8	223.55
327.35	223.85
332.1	222.7
335.75	224.75
335.5	230.7
368.75	234.25
371.2	248.15
0	0
0	0
0	0
0	0
0	0
370.75	235.85
377.65	241.8
379.4	247.7
385.95	245.7
387.25	246.45
386.3	247.45
384.85	258.05
385.75	253
386.8	258.75
387.5	255.25
378.9	261.9
350.35	226.75
345.85	234.55
350.25	238.4
0	0
0	0
0	0
0	0
0	0
0	0
0	0
344.5	224.9
343.55	228
342.8	229.05
343.3	231.8
382.45	235
386.8	234.65
387.25	228.8
392.5	235.05
391.6	234.45
388.9	231.8
394.5	234.7
395.45	238.7
396.45	238.2
382.05	229.05
384.55	234.45
383.4	230.9
387.2	237.35
388.05	237.1
391.9	232.9
393.8	237.25
393.95	240.1
