393.65	280.85
392.05	283.4
389.15	287.25
389.5	288
387.4	286.5
386.85	285.3
388.8	285.45
386.4	287.95
385.2	281.85
383.05	282
382.85	279.95
385.1	281.7
390.7	274.5
389.1	279.5
388.35	284
388.6	287.65
395.65	285.45
393.7	284.7
394.5	286.95
395.2	285.55
616.35	430.9
657.55	475.4
653.95	473.15
656	475.9
687.65	511.95
693.9	514.2
690.1	511.55
687.5	503.5
689	499.65
650.35	469.7
482.4	266.25
469.7	250.95
466.35	251.8
469	254.15
473.4	380.7
469.3	405.65
466.75	402.4
464.6	408.55
466.25	407.65
464.6	400.8
467.15	397.65
470.6	406.3
471.6	404.45
469.05	412.5
470.95	407.05
470.1	406.95
466.1	415.35
400.4	343.6
270.3	172.4
271.5	147.8
271.75	133.65
271.4	131.2
269.25	130.65
220.1	91.5
215	86.6
210.4	87.3
207.55	87.35
204.3	81.25
193.35	77.35
192.15	75.3
193.8	91.25
414.35	393.3
417.85	428.3
412.5	422
412.75	421.7
410	419.65
413.35	420.85
413.75	420.8
417.15	419.95
416.25	424.6
420.6	424.2
422.1	429.6
428.85	438.45
432.65	432.85
441.55	465.45
445.35	466.2
443.35	466.1
449.5	462.45
450.1	459.35
455.85	456.95
413.95	449.8
428.25	458.35
417.1	465.35
426.2	488.45
417.4	489.3
421.6	489.7
403.9	477.6
287.15	267.25
291.75	212.65
283.8	187.75
282.7	188.2
274.15	170.9
231.05	138.55
232.1	120.45
230.3	116.75
233.9	109.5
232.7	122.3
236.45	113.95
232.4	103.2
235.7	101.7
239.85	107.55
237.45	111.1
235.2	112.95
234.1	113.9
237.55	113
237.5	104.9
242.9	103.2
246.8	98.95
210.85	80.9
204.85	72.9
215.15	82.65
208.85	83.35
202.05	78
200.45	82.5
206.7	70.45
198.75	76.75
200.75	83.15
208.2	87.15
208.8	89.7
207.1	80.25
206.45	89.65
210.65	91.05
418.35	361.75
421	359.95
422.4	362.6
422.2	371.75
424.2	377.75
426	373.8
427.4	380.15
424.85	387.1
427.8	384.8
428.05	386.05
271.5	87.1
264.05	113.65
270.35	107.6
270.9	112.75
271.75	114.25
214.9	85.75
229.5	85.85
224.5	86.1
222.85	85.15
224.45	86.35
224.25	86.4
224.15	83.6
224.8	85.4
226.85	83.75
228.6	81.45
228.5	80.8
228.5	83.3
229.95	87.15
229.15	87.1
229.25	85.45
229.55	90
231.1	95.65
231.4	96.65
229.3	91.55
259.65	160.65
453.8	398.7
467.2	417.65
467.05	413.95
469.4	413
476.6	416.3
474.4	419.4
492.95	426.2
497.95	430.4
493.05	418.45
500.25	417.65
496.85	411.15
493.2	405.85
232.55	168.1
230.75	169.25
227.7	168.75
235.55	169.7
231.25	157.1
231.25	162.1
253.15	207.2
501.45	454.35
504.25	466.3
505.3	466.9
503.4	459.45
503.15	468.8
495.6	467.85
499.8	464.95
434.05	410.65
442.4	424.65
444.75	412
443.85	419
445.55	417.2
444.2	417.65
441.4	328.7
434.7	357.05
436.05	355.7
437.25	355.45
440.35	354.45
439.7	314.3
432.45	313.35
440.8	317.6
437.25	309.8
433.4	304.75
435	298.25
433.85	304.8
434.65	302.05
434	292.65
433.4	293.95
426.5	281.55
288.8	100.9
260.1	116.6
260.6	113.2
261.4	112.15
260.6	115.25
260.05	119.75
178.9	103.8
197.4	104.15
193.25	101.5
192.95	99.25
192.1	105.7
189.65	106.05
190.3	108.4
189.05	111.25
187.75	116.7
186.95	116.55
142.2	90.95
145.7	100.1
150.05	104.6
151.2	101.05
153.95	99.8
150.95	101
156.05	89.45
155.9	91.6
155.95	96.1
158.45	96.85
164	97.85
166.1	93.5
167.55	104.45
168.35	90.05
175.5	92.6
172.75	101.05
174.8	112.25
184	96.75
454.45	282.6
515.35	330.75
517.55	332.45
517	334.45
520.35	337.35
523.6	338
529.35	337.35
524.7	340.9
518.8	345.15
516.3	343.05
514.35	345.7
513.75	345.55
510.35	348.35
508.15	349.5
507.2	349.5
510.15	346.25
505	341.5
499.75	340.6
480.35	312.2
449.35	270.3
443.05	262.45
438.35	258.3
438.3	257.15
435.35	257.2
437.55	254.1
435.6	258.9
434.1	256.6
417.75	172.2
415.4	188.95
412.55	192.55
410.05	191.6
407.85	189.1
401.65	191.35
402.15	191.6
400.45	191.6
398.3	189.5
395.8	191.55
388.35	186.75
370.95	169.35
371.65	175.1
370.65	168.55
374.9	169.9
376.8	167.4
376.5	164.05
377.1	162.15
250.45	64.05
235	78.2
238.5	76.55
244.2	74.05
249.6	78.2
258	85
332.7	110.4
334	119.55
343	119.7
349.25	120.35
358.45	126.8
367.85	129.8
372.55	126.4
373.1	126
377.25	134.85
378.05	146.15
378.55	154.2
384.8	157.6
390	159.5
392.15	158
448.25	232.95
458.65	234.55
465.85	234.65
464.75	234.9
468.25	235.2
471.7	240.9
476.35	237.15
474.9	238.4
441.1	355.55
451.7	335.65
449.1	347.9
452.4	347.1
452.45	347.65
452.4	350.45
453.1	354.45
448.35	349.8
446.45	347.15
440.6	337.95
432.85	331.25
366.5	301.95
319.45	297.25
316.65	296.25
308.25	300.05
301.55	292.45
306.8	288.85
206.1	290.3
211.95	293
211.85	292.75
216.55	295.25
219.05	294.5
222.8	299.6
184.15	318.95
142.35	318.9
153	321.8
163	325.9
177.6	326.9
180.6	324.6
181.75	311.95
186.55	311.9
196.4	318
201.35	320.85
499.05	376.2
563.2	392.85
567.7	395.8
569.8	399.35
566.15	398.4
568.4	402.85
571.95	407.55
659.8	441.1
651.05	440.3
652.6	440.75
659.45	448.2
661.65	445.5
662.55	449.45
660.2	449.55
650.15	381.2
655.5	228.5
655.35	199.85
647.8	197.55
646.15	193.15
641.7	186.5
635.25	189.5
626.15	187.05
618.15	185.45
615.75	182.25
609.25	189.25
605.5	190.25
574.15	176.4
567	172.3
562.85	175.35
556.75	172.7
552.9	173.55
548.35	173.55
549.45	162.1
539.45	159.4
536.5	161.15
536.7	159.9
540	158.95
591.85	396.7
586.8	368.25
587.2	370.2
587.3	373.35
588.6	375.7
588.45	370.85
584.9	367.9
583.8	363.75
586.15	364.75
588.15	364.55
589.45	362.4
591.6	363.15
590	363.05
593.9	359.55
475.85	271.7
469.3	271.3
474.45	265.25
473.3	261.4
470.65	259.4
471.8	251.85
466.75	256.8
470.7	252.85
467.4	256.1
467.2	258.25
472.25	283.55
468.2	344.15
473.8	350.85
470.45	356.25
472.4	349.9
471.95	353.15
473.5	342.5
476.45	349.45
476.8	357.85
482.2	359.85
483.5	362.55
483.05	363.55
485.2	364.7
482.8	365.35
481.15	363.3
482.1	364
478.35	365.75
475.45	365.75
479.45	362.15
471.75	359.1
472.45	360.75
471.2	363.9
467.2	361.6
463.05	359.25
463.25	358.55
462.2	360.8
461.9	360.5
446	202.95
442.6	182
445.7	179.85
441.55	179.1
439.55	179.05
440.8	179.95
439.55	180.2
437.55	181.6
435.8	183.05
438.6	187.35
405.95	281.75
405.1	287.65
404.65	288.35
405.9	293.2
408.1	288.9
404.75	291.55
323.05	333.5
327.9	329.5
322.5	328.25
314.25	328.05
312.6	331.25
313.2	336.1
311.7	333.35
310.55	332.25
307.15	333.75
307.55	332.95
308.65	333.85
306.45	332.1
305.15	335.85
302.1	342.75
297.3	338.45
294.85	338.65
292.35	337.5
291.4	332.75
290.05	337.5
290.65	339.85
290.15	339.55
271.3	354.45
0	0
0	0
0	0
0	0
0	0
0	0
0	0
0	0
190.15	260.25
191.25	227.15
194.25	213.85
199.4	206.6
201.75	202.25
204.25	203.25
206.85	207.6
209.5	207.6
212.35	206.95
217.9	207.5
219.95	209.3
219.1	209.5
220.35	208.35
223.1	208.55
226.2	209.45
206.1	411.7
203.9	395.85
209.1	397.9
214.7	402.7
217.35	406.5
226.15	409
231	410.15
232.95	412.75
237.8	414.95
239.85	412.4
241.1	411.5
240.15	407.85
247.25	406.45
253.5	408.15
257.35	412.4
366.15	266.45
365.45	263.7
365.4	262.85
361.8	259.45
366.45	257.35
364	259.25
366.2	261.55
367.2	264.4
365.45	264.7
364.45	265.35
364	266.65
366.85	267.65
368	268.95
368	264.5
364	269.85
363.3	268.9
361.85	267.3
364.2	265.4
365.55	267.35
366.05	266.95
360.8	266.6
241.3	213.25
248.6	208.75
252.4	208
248.65	207.95
249.55	206.25
250.75	203.95
256.85	204.5
214.5	150.2
219	151.2
224.6	153.25
227.3	155.7
234.25	155.55
290.35	62.05
300	62.1
306.45	64.15
313.1	62.85
318.8	59.9
327.9	59.8
350.8	28.8
350.05	36.6
352.6	39.05
359.05	43.4
366.35	49.7
369.2	56.65
387.35	43.5
391.2	45.85
396.05	50.7
399.6	53.45
402.4	61.7
404.9	67.75
407.75	71.3
409.75	72.75
410.95	79.55
415.65	78.8
417.9	82.95
381.95	88
269.5	107.1
264.15	110.95
264.75	110.05
264.6	114.65
265.2	117.35
263.1	121.7
268.65	124.6
213.35	179.35
215.5	192.25
216.05	197.75
216.6	200.1
215.4	197.05
218.65	190.05
215	188.95
217.25	188.15
224.15	190.05
170.7	153.1
177.05	147.2
183.3	148.85
189.5	145.8
192.8	143.15
194.9	147.4
200.55	144.2
209.4	149
214.95	151.85
221.1	158.35
231.15	166.55
238.1	172.45
239.1	174.85
239.45	175.95
235.7	178.9
236.2	179.95
238.7	185.7
248.95	255.15
251.65	260.95
251.7	265.15
251.35	273.6
256.9	276.2
255.9	272.1
254.25	272.3
258.5	272.4
260.45	272.35
257.65	273.8
256.85	275.65
260.7	278.65
265	279.65
262.9	285.6
295.45	484.55
296.6	458
296.1	467.7
302.05	474.3
293.05	464.7
293.05	465.15
294.25	484.15
290.7	481.4
294.6	480.6
288.8	482.55
283.65	481.2
277.8	482.55
277	481.55
275.45	484.9
269.3	483
272.6	491.6
269.6	485.9
273.3	490.3
273.95	485.25
412.4	478.3
425.6	489.6
427.3	488.8
433.85	492.6
274.6	442.4
287.2	438.2
286.4	434.75
284.8	425.25
278.65	421.7
283.1	429.25
386.35	354.05
376.25	355.85
376.7	357
371.95	351.25
367.6	350.5
362.9	348.9
356.8	346.95
358.1	343.9
356.4	350.15
353.25	346.1
347.9	346.75
349.1	345.4
349.85	345.8
352.25	349.6
351.95	348.25
352.25	349.65
345.9	351
343.95	347.8
344.75	351.8
347.1	350.7
352.4	358.25
370.95	363.95
370.05	362.95
374.2	359.05
380.8	360.45
382.3	360.95
383	361.75
385.8	361.95
382.4	361.8
382.25	356.25
379.45	359.3
379.9	361.85
381	360.1
382.55	357.55
388.6	359.9
393.55	353.95
395.4	351.3
397.15	352.6
398.05	352.8
399.95	354.15
404.8	359.25
408.05	359.35
410.85	361.05
386	348.7
294.3	347.65
294.55	346.65
293.5	347.45
290.7	343.65
288.1	342.05
288.55	339.25
287.05	343.55
288.8	346.6
291	346.45
289.5	350.95
294.35	352.9
295	359.9
302.2	395.85
0	0
0	0
0	0
0	0
0	0
324.2	438.4
324.5	396.4
324.9	383.3
327.7	375.05
328	372.4
331.5	371.15
388.85	337.05
433.45	305.4
432.1	293.65
428.75	288.95
429.55	287.55
431.6	284.8
433.8	288.95
435.1	290
434.95	287.6
438.8	288.05
513.05	358
512.7	357.85
514.45	359.55
517.4	362.65
512.35	361.15
511.35	354.85
511.95	359.05
515.6	354.7
443.8	418.15
443.3	413.5
441.8	410.65
442.9	407.35
501.2	313.9
645.8	166.85
652.9	125.15
646.05	115.75
650.5	115
649.65	117.6
650.05	128.05
643.65	133.85
647.5	150.4
652.1	55.05
655.55	60.3
655.8	56.1
654.85	54.1
657.7	45.9
666	50.4
673.05	39.5
666.8	43.15
671.45	50.9
405.05	346.85
374.8	375.7
372.35	367.1
371	370.1
378.65	370.25
384.7	376.15
382.8	375.75
376.85	359.75
383.7	373.9
383.6	371.5
383.25	372.5
384.65	375.35
390.25	374.3
390.2	370.6
390.75	376.55
390.1	373.8
389.6	373.9
388.15	376
386.45	375.45
382.95	372.55
387.35	368.95
386.4	367.75
390.2	370.45
389.35	373.25
329.45	435.1
338.9	427.15
338.25	426.6
336.85	428.05
336.5	430.5
336.15	429.5
334.65	433.45
336.9	437.05
334.6	439.2
333.55	445.2
335.4	447.2
334.75	452.8
448.55	427.85
477	431.4
479.8	432.65
479.85	432.35
481.05	434.1
482.2	432.45
390.15	287.4
381.1	312.75
378.2	311.05
377.1	308.2
375.9	304.6
374.1	305.65
376.55	304.3
375.8	300.2
376.35	296.25
376.25	294.3
376.3	290.05
378	283.25
376.45	280.65
376.45	278.75
377.85	274
379.05	279.6
384.9	240.45
384.65	235.15
389.05	235.2
390	234.5
390.8	234.5
386.6	226.1
390.2	229.9
393.95	234.3
396.65	241.8
399.6	247.75
400.75	249.65
399.15	253.85
400.45	254.2
398.95	256.2
396.9	257.65
397.15	256.2
396.75	255.9
395.45	261.3
398.45	263.95
364.95	357.95
361.5	359.25
357.1	358.4
342.85	360.5
121.6	383.6
129.65	376.55
130.55	381.1
127.55	384.6
125	384.3
124.15	375.5
120.45	381.5
120.45	376.45
118.1	376.95
119.15	375.9
116.3	382.45
122.7	378.9
124.05	377.85
88.4	334.3
70.45	292
71.15	287.9
73.85	286.3
73.6	288.85
74	288.5
161.85	386.1
148.6	372.3
154.4	377.7
155.95	376.65
160.2	379.7
162.55	378.35
159.35	369.5
156.4	375.3
101.4	301.2
103.7	312.85
109.3	310.55
108.85	310.05
109.7	311.25
115.45	306.8
117.2	306.95
114.65	308.6
117.5	317.45
119.55	322.95
155.85	324.4
549.3	204.7
572.25	195.25
572.7	189.6
569.95	185.65
568.8	180.6
572.95	170.35
634	135.2
633.4	133.5
632.55	126.9
638.85	128
632.95	128.3
636.4	126.1
630.25	119.4
439.95	207.95
149	346.45
142.5	352.9
147.1	357.45
152.4	358.9
154.1	363.55
156.6	364.95
153.75	361.1
154.75	361.55
133.75	336.95
137.4	337.5
139.45	336.7
142.95	336.55
149.2	337.15
157.8	345.55
158.7	340.35
161.35	335.3
163.2	331.5
165.25	329.5
167.05	326.7
168.75	318.75
167.6	316.8
165.3	309.15
162.9	306.1
163.9	304.4
166.55	303.75
153.25	187.1
151.4	204.5
149.75	194.85
149.3	187.5
154.15	186.7
156.55	186.1
161.35	187.15
161.05	190
167.25	189.9
164.45	185.25
174.2	195.95
178.95	192.15
314.75	173.95
309.15	163.15
313.55	163.6
309.6	153.8
312.3	154.1
311.9	153.95
315.15	155.85
315.3	163.25
317.65	169.05
323.7	172.55
324.05	173.45
321.45	170.9
321.45	168.25
322	168.85
326.2	172.5
399.15	232.7
382.95	219.6
383.05	221.6
383.55	224.6
384.15	226
243.4	180.3
255	196.65
252.3	192.8
251.3	187.55
257.3	196.1
254.65	200.55
258.1	198.4
227.15	193.65
157.65	167.65
157.5	169.55
161.3	177.05
163.1	179.25
160.75	175.05
160.95	171.3
159.95	172.6
166.1	171.05
173.7	176.65
183.7	176.25
195.8	179.35
250.15	180.8
257.9	179.75
266.8	185.55
278.85	191.1
284	196.55
286.35	200.05
287.85	207.05
292.95	207.2
271.85	267.75
252	352.35
250.7	357.8
250.3	357.4
249.9	358.55
251.35	359.15
259.25	358.8
259.25	362.6
259.75	365.2
261.85	367.15
262.85	371.85
264.1	373.3
264.8	372.8
266.75	374.2
266.45	370.55
264.65	370.2
383	259.95
383.45	258.7
389.5	251.15
399.05	252.85
407.9	258.7
415.6	260.9
422.2	268.65
434.95	271.5
488.5	227.4
496.35	219.45
495.7	223.5
498.3	223.2
500.95	224.45
533.9	197.95
535.75	202.35
538.05	203.4
535	199.8
536.4	203.85
539	207
554.4	205.2
553.4	206
547.4	204.95
540.8	202.3
537.25	200.6
532.6	200.9
476.6	118.3
466.7	101.6
462.75	110.55
464.7	107.8
449.9	96.2
455.05	112.35
447.6	110.3
442.45	118.8
447.35	138.05
431.35	139.75
435.9	152.85
435.7	163.2
427.1	169.9
424.35	170.7
425.4	166.6
424.6	161.6
418.25	162.05
200.85	349.35
182.65	359.05
189.3	365.4
187.55	353.35
189.2	369.35
202	372.35
205.4	364.1
211.2	367.65
221.15	375.3
223.75	372.45
229	376.25
234.15	379.55
237.05	378.7
144.5	416.15
145.9	425.6
150.8	428.25
152.65	422.75
158.65	416.2
162.2	411.55
166.85	389.8
171.9	391.1
179.75	384.4
180.8	388.15
251.4	377.9
255.45	372.15
264.1	367.3
271.8	370.4
274.7	363.25
282.55	368.15
285.75	372.65
283.6	366.25
284.55	373.15
284.7	376.9
283	380.2
282.85	373.7
283.85	373.4
279.1	369.4
279.2	370.85
282.2	368.1
279.4	370.05
283.9	367.05
282.3	368
282.3	365.9
282.85	363.75
248.15	451.35
259.5	438.75
253.45	439.5
251.65	441.2
257.45	443.4
254.15	441.95
257.95	442.5
259.4	440.8
258.35	441.3
256.85	445.95
260.5	447.1
264.65	453.4
264.05	460.1
269.55	461.95
272.5	467
276	467.45
290.9	461.3
349.55	436.9
360.35	435.4
369.1	434.6
373.6	434.35
377.6	435.3
381.05	439
389	439.35
392.35	432.35
395.85	434.8
358.45	291.7
366.4	299.65
367.05	298.8
370.1	292.65
376.65	288.25
383.55	227.35
388.45	220.4
393.7	211.75
400.9	202.25
403.45	198.75
408.7	193
420.25	166.8
422.65	164.2
424.3	162.15
427.05	159.75
432.65	162.35
436.7	165.7
437.3	166.1
438.85	169.35
443.25	173.3
440.6	171.35
444.6	171.8
447.95	165.95
447.55	162.7
448.55	167.45
447.1	167.05
444.9	169.35
447	172.8
449.3	172.75
448.15	172.75
445.25	169.45
442.55	167.2
442.75	166.5
445.3	165.9
442.15	165.6
439.9	167.85
438.05	167.5
437.65	166.4
435.05	169.1
406.95	187.5
409.9	188.45
414.4	185.95
413.3	186.45
412.85	185.8
412.65	185.6
412.8	186.45
413.6	188.55
415.1	188.65
419	188.5
418.5	187.7
419.85	193.55
421.65	195.8
421.95	202.65
424.75	204.3
428.45	203.95
431.95	208
432.05	209.45
436.65	209.9
438.8	211.75
443.65	211.95
441.15	210.05
431.2	226.6
433.1	224.4
433.7	223.75
435.4	221.75
435.9	220.15
437.2	220.65
441.2	225.9
432.75	217.95
431.75	218.9
453.75	428.05
446.45	420.95
447.2	427.8
450.35	444.95
450.35	443.35
450.45	447.3
451.9	450.35
452.6	447.7
450.35	441.75
451.7	423.25
460.9	435.7
457.5	431.9
452.1	462.7
452.3	464.5
455.3	477.6
457	478.65
455.85	465.1
454.95	468.3
455.7	477.45
458.3	480.2
459.6	479.5
466.3	490.25
446.9	333.45
452	216.6
447.9	193.6
449	198.45
452.4	201.1
453.1	192.7
453.6	195.25
479.05	228.45
472.75	224.3
474.3	221.85
478.9	225.55
477	219.15
478.45	220.9
474.1	227.2
461.25	240.95
461.4	247.55
461.25	248.4
453.45	251.65
455.9	252.85
456.05	256.65
451.1	258.1
446.8	260.85
447.95	258.15
443.05	253.2
440.95	254.45
437.35	253.85
434.05	255.05
509.35	256.75
504.6	253.55
500.85	247.5
500.15	242.2
500.5	239.9
499.7	232.7
498.65	231.95
500.3	233.15
496.9	231.55
496.25	235.1
495.7	239
495.35	241.3
496	244
496.55	243.95
434.9	302.55
430.85	317.4
429.7	318.3
433.5	312.75
432.05	313.2
435.35	315.1
433.8	313.65
432.8	314.3
429.4	309.9
428.45	312.8
424.15	310.1
425.05	309.1
427.8	308.8
430.35	311.35
434.95	310.65
439.95	314.3
443.95	319.65
445.3	318.7
448.25	320.75
450.1	320.45
449.9	318
449.2	312.55
445.35	307.85
524.65	383.15
524.3	375.2
522.7	371.35
524	366.8
525.4	361.8
528.05	367.55
532.6	364.6
534.55	364.55
536	362.2
601.25	396.95
609.25	432.2
612.5	431.65
613.8	431.55
614.3	429.8
616.75	434
620.5	438.75
617.25	439.5
609.7	500.9
605.05	508.65
601.3	508.05
595.8	509.5
590.05	509.3
587.55	511
581.5	507.25
585	502.25
585.75	505.9
432.6	336.85
442.8	344.2
442.25	333.15
438.55	323.95
438.15	320.3
439.45	321.8
484.9	439.65
498.65	485
494.5	485.3
493.75	484.55
495.55	482.05
492.2	486.4
490.7	486.85
493.7	489.65
494.45	491.15
492.6	495.45
493.75	499.75
494.2	498.35
450.35	451
351.45	312.5
350.15	290.4
357.75	288.35
356.7	288.6
358.85	286.65
513.55	501.3
506	495.75
506.65	498.8
503.5	503.9
508.65	503.6
511.3	507.05
512	508.15
513.15	507.1
470.65	453.8
384	272.9
382.85	256.4
378.8	244.4
377.25	241.15
379	239.5
360.6	230.2
282.55	138.1
278.1	136.2
275.4	135
274.65	138.55
275.6	138.05
274	138.25
272.15	141.4
385.5	241.2
560.9	475.75
566.8	471.15
564.05	476.85
563.2	475.95
561.2	475.2
534.25	465.25
537.6	472.95
538.45	471
540.85	474.75
541.7	476.25
538.95	468.35
536.3	464.1
534.9	461.15
532.4	460.4
535	464.25
526.8	453.45
528.7	452.2
526.1	452.9
521.8	448.9
522.15	439.4
525.05	451.45
521.95	450.55
516.75	442.7
516.6	449
519.3	463.1
518.05	454.7
518.3	455.4
518.45	455.8
515.65	457.3
519.15	461.8
522.1	460.65
522.05	461.6
519.9	457.85
518.9	458.75
518.6	467.4
0	0
0	0
0	0
0	0
0	0
0	0
0	0
445.05	348.2
450.1	318.2
453.9	308.35
479.65	292.55
495.8	299.85
491.7	298.85
496.1	297.45
493.35	296.8
491.05	298.8
494.45	295.95
494.95	299.65
497.7	296.85
498.7	291.6
495.55	292.1
283.25	271.35
286.75	278.5
290.5	269.85
285.9	271.05
284.25	270.35
285.5	274.95
283.85	277.8
290.75	278.1
191.3	218.65
204.7	234
204.75	232.55
204.8	233.35
203.75	232.85
191.8	197.95
182.6	134.85
181.3	137.85
180.55	139
181	131.25
178.05	134.9
174.65	135
179.55	139.8
171.4	140.85
167.25	133.1
166.5	131.1
174.2	149.3
175	148.75
172.55	147.2
180	150.35
181.5	159.4
183.2	165.05
184	171.1
184.65	172.05
144.95	316.65
166.05	301.9
168.95	306.85
170.4	309.9
172.45	302.3
170.9	305.15
173.5	309.1
171.85	317.55
177.9	317
176.9	322.2
179.35	355.25
182.7	357.8
179.3	362.75
184.15	358.4
182.95	361.5
187.75	365.45
188.8	366.05
189.8	364.2
189.45	363
383.1	268
447.6	238
453.85	227.7
457.35	217
458.4	214.9
461.5	208.75
459.3	201.85
462.9	200
469.7	199.95
473.6	210.6
479.85	207.55
477.25	209.45
456.3	149.3
454.6	147.5
460.7	148.8
469.25	149.45
472.55	150.05
475.65	149.8
474.75	147.5
475.55	145.35
475.1	145.25
472.9	144.95
475.85	143.8
475.05	147.35
475.85	150.75
471.55	151.85
470.7	154.45
469.8	153.05
469.5	147.4
464.9	147.05
464.85	144.95
461.1	145.45
458.1	122.85
458.5	129.9
453.95	130.2
451.75	126.6
452.05	127.85
452.85	132.9
438.6	108.35
439	108.2
436.1	105.9
436.55	106.9
439.25	104.4
436.35	104.05
430.05	108.6
431.8	104.15
429.45	104.55
428.7	106.1
429.05	109.55
424.55	114.9
424	116
336.25	151.45
101.65	291.55
97.45	294.2
99.85	294.9
105.25	294.6
110.25	301.3
114.5	296.8
120	296.4
121.05	298.75
125.6	302.9
129.2	295.4
134.1	294.8
140.45	295.1
154.2	302.05
161.85	304.8
168.5	306.05
175.25	311
186.1	306.25
190.15	310.2
198.95	312.5
203.75	309.8
209.75	279.5
217.2	278.75
223.4	281
230.8	278.85
234.1	276.7
237	277.6
239.95	280.1
221.35	273
226.4	272.5
228.45	276.1
228.95	276.8
229.9	277.05
234.9	276.1
234.4	263.65
235.3	265.45
234.2	268
235.3	269.35
239.55	267.7
243.6	265.2
243.75	270.7
236.25	270.7
239.3	272.25
237.35	269.55
233.3	264.3
237.15	262.2
237.85	268.1
239.95	255.6
235.85	251.1
229.45	243.3
230.4	241.6
232.5	236.7
129.15	266.65
122.9	276
122.1	281.35
118.45	281.65
117.55	280.65
89.65	299.75
87.15	304
87.3	305.95
87.65	306.55
86.7	306
61.75	313.6
68	314.65
69.55	315
69.35	313.5
63	311
62.85	309.05
64.65	305.25
61.9	309.5
95.1	301.95
261.3	288.8
269.1	275.9
275.8	278.5
282.9	282.95
284.05	285.9
305.45	211.45
306.6	227.6
307.7	226.4
313.7	226.4
318.7	224.9
318.9	227.1
321.35	221.35
325.6	222.8
327.5	226
343.35	205.85
341.7	199.3
345.95	196.1
350.55	200.15
358.25	201.15
362.6	194.25
366.3	198.45
366.75	204.85
371.3	206.9
369.2	200.1
368.2	203.05
355.8	325.05
360.65	333.75
356.95	339.25
361.1	344.65
362.5	345.25
356.25	345.7
361.1	341.9
361.85	340.25
359.25	340.35
364.2	336.65
366.75	350.7
368.45	343.2
365.65	335.45
368.75	330.75
374.6	333
364.2	258.05
367.55	222.9
365.95	230.55
367.5	229.1
364.7	228.3
365.65	235.5
366.4	232.35
362.15	238.35
284.6	356.85
279.5	370.45
280.05	368.7
278	365.9
277.4	364.55
280.4	370.35
277.8	366.45
274.6	362.1
273.3	362.45
270.4	360.7
269.5	358
263.95	353.55
263.3	351.6
262.3	345.8
260.6	351.5
459.55	307.55
459.75	303.9
465.65	309.1
469.55	305.85
472.2	306.85
472.25	304.65
470.5	304.6
471.8	309.5
471.25	308.35
489.65	328.55
499.1	342.2
497.55	348.25
495.6	343.6
493.55	346.8
491.9	345.5
495.8	341.15
495.75	340.5
494.85	337.2
494.1	339.55
491.45	342.9
491.1	332.05
506.6	163
502.65	149.7
497.05	150.1
491.65	149.95
486.9	152.55
483	151.95
501.85	167.2
508.25	172.25
509.9	169.6
511.05	169.65
517.1	167.5
522.05	160.65
527	162.6
529.85	166.75
530.85	162.45
528.3	152.2
527.2	147.85
521.65	154.85
520.55	159.15
516.85	157.75
522	150.8
516.45	155.6
515.25	155.25
517.6	157.75
515.05	155.6
516.05	153.9
513.25	158.85
515.1	163.5
515.2	163.2
514.65	164.15
517.8	174.65
515.7	300.9
517.35	305
517.05	312.05
519.85	313.6
521.4	314.4
523.55	313.9
525.95	316.8
526.95	317.8
528.85	317.35
535.45	314.55
533.95	318.6
535.15	314.75
535.95	315.15
536.5	311.45
534.2	174.3
536.25	148.6
538.05	148.3
537.95	152.1
537.05	150.15
533	147.4
547.8	118.35
546.2	118.1
546.35	117.25
545.9	114.5
543.35	114.8
543.5	116
540.25	117.3
548.85	117.6
549.1	127.3
545.7	129.6
517.8	156.25
512.35	150.7
512.8	151.1
514.25	152.9
517.45	156.55
518.75	157.45
522.85	156.35
522.55	157.35
526.4	155.35
522.35	156.7
524.35	158.15
528.1	164.8
400.65	313.1
404.8	308.25
410.6	320
412.75	318.1
411.85	314
584.95	257.75
615.45	283.1
616.9	288.7
621.85	278.25
621.65	285.15
620.05	284.85
600.65	316.1
0	0
0	0
0	0
0	0
173.6	569.1
173.75	552.45
172.3	550.5
168.55	546.1
123.95	544.6
134.5	533.3
132.4	535
134.4	533.05
137.5	537.9
137.95	540.2
139.45	546.45
140.5	550.85
139.35	561.55
422.55	557.6
501	533.9
504.6	493.65
505.05	475.2
506.95	460.45
514.8	445.6
636.35	361.95
642.8	335.95
641.8	320
644.3	313.4
644.5	306.9
638.35	298.8
647.55	320.35
574.9	183.55
569.15	180
566.5	169
568.15	172.4
564.7	164.5
560.15	153.2
552.7	158.15
554.7	156.2
555.95	108.5
559.55	112.55
553.75	102.35
550.05	102
552.95	101.2
555.3	105.25
475.65	186.05
216.65	470.8
222.5	478.95
226	480.35
224.45	475.95
221.3	469.55
172.15	452.35
186.35	458.6
191	459.95
188.35	451.8
185.4	451.45
184.6	452.6
186.95	454.5
149.35	362.95
160.75	382.55
162.6	384.15
152.7	380.55
149.45	378.2
149.2	349.35
151.4	335.6
160.55	337.05
159.55	342.25
166.35	337.7
159.35	337.8
182.6	318.7
185.25	316
186.55	318.6
187.75	317.2
195.5	320.7
192.85	314.45
188.9	307.1
192	313.4
194.4	311.45
208.7	317
406.85	254.4
407.75	248.6
408.7	248.5
412.65	248.6
414.05	248.5
537.05	154.6
560.35	159.5
563	157.3
565.5	157.55
567.65	157.65
570.15	154.15
571.75	153.75
574.6	155.55
578.4	155
578.85	156.95
581.65	155.25
584	162.2
589.15	162.05
642.6	140.55
645.35	127.45
643.95	127.65
644.9	131.35
645.2	126.4
652.8	138.15
648.25	139.4
645.65	127.15
647.05	130.75
653.45	126.2
644.75	132
647.55	128.7
649.35	129.2
642.2	134.95
630.4	138.8
629.65	142.55
628.1	144.5
616.5	151.35
316.25	316.05
264.3	330.25
260.5	326.7
258.75	321.6
254.7	324.9
247.6	325.8
249.25	321.9
250.25	320.35
248.2	320.65
249.75	325.55
249.3	326.7
252.6	332.4
252.35	332.65
256.95	333.2
258.7	342.5
257.55	343.65
242.15	375.1
247.3	363.9
246.05	362.8
249.5	355.85
255.6	352.65
255.05	357.2
260.35	353.6
261.4	345.3
257.2	348.1
185.45	303
190.5	302.75
193.5	296.75
192.7	297.75
194.25	295.4
197.9	287.2
124.45	223.9
122.85	220.7
124.9	220.25
131.9	216.95
135.05	222.95
147.35	237.65
181.8	248.55
190.4	224.45
183.4	215.35
184.7	213.4
194.1	211.95
202.05	206.95
215.35	214.7
217.45	206.45
226.4	215.65
233.1	222.5
231	230.05
240.25	225.95
242.45	236.55
249.75	237.15
246.35	252.3
245.2	261.7
221.55	248.65
229.4	237.4
233.1	239.15
235.6	233.2
238.25	231.95
264.2	199.6
265.5	201.7
271	190.7
277.6	200.5
288.45	193
283.7	187
291.25	181.55
297.75	182.25
304.1	183.75
306.45	183.55
304.2	178.75
310.9	195.8
316.85	196.4
315.35	196.95
318.1	193.9
318.2	197.2
322.05	192.7
320.35	187
320.7	187.85
321	194.8
319.5	189.6
264.05	217
279.75	203.6
279.85	201.6
280.95	207.5
281.4	211.15
278.45	211.5
278.65	216.1
279.45	213.55
233.95	342
248.85	306.65
253.25	303.1
260.55	317.85
259.35	303.55
257.4	310.4
266.35	314.05
267.85	300.7
263.7	321.25
259.4	427.6
260.8	410.95
268.85	404.8
272.5	399.5
278.05	398.45
285	392.35
295.65	391.4
312	440.55
331.75	419.7
332.85	439.5
332.05	440.05
337.75	440.6
343.05	413.6
351.55	423.05
359	426.7
362.25	425.7
360.45	420
369.1	421.9
371.3	421.4
353.5	329.9
339.85	243.15
338.95	216.4
341.4	216.6
345.3	216.1
347.1	221.8
351.75	219.05
353.2	231.6
349.65	239.1
351.5	228.25
355.3	226.95
350.5	245.3
365.4	313.25
364.95	296.3
363.05	291.55
367.2	283.5
364.5	283.15
363.75	285.4
366.3	280.1
368	278.25
370.95	269.7
373.95	271.2
358.2	235.1
353.8	231.8
353.25	232.95
356.15	229.7
358.2	232.45
357.9	234.25
357.1	245.4
356.05	244.4
353.25	243.25
355.35	242.95
358.7	240.45
362.8	242.45
359.2	248.7
362.75	245.25
361.9	241.4
330.05	308.6
246.25	408.2
249.1	415.1
250.05	425.75
252.5	430
254.3	431.75
253.1	432.6
256.55	419.4
259.3	424.45
256.8	433.15
259.35	430.95
263.4	416.55
269.2	417.7
268.05	426.9
277.25	440.2
70.3	492
72.35	493.15
76.05	483.15
78	479.85
80.85	497
81.45	501.95
308.45	448.8
340.8	462.35
338.85	462.6
344.55	468.7
342.9	472.25
345.7	468.15
337.45	454.7
339.95	474.45
342.7	472.65
339.75	475.55
343.6	467.2
343.65	450.5
570.75	269.75
569.55	247.6
563.85	229.35
548.2	232.6
536.95	238.1
526	239.35
517.1	235.95
509.6	235.8
507.7	237.45
503.05	241.35
386	289.1
396.5	266.25
389.15	267.9
386.1	278.1
392.45	280.6
391.35	288.75
390.25	286.35
390.65	267.7
374.5	284.3
371.4	283.15
376.3	282.8
374	280.35
372.55	283.7
371.75	291.3
370.05	282.35
363.75	288.75
335.95	348.7
292.65	368.4
291.7	370.75
292.6	372.2
290.55	378.3
293.1	372.1
292.3	365.95
291.4	369.6
294.3	379.25
291.6	381.65
294.3	363.6
319.6	323.3
322.3	312.2
324.95	313.35
327.9	306.05
326.9	308.1
325.35	316.5
326.6	394.3
0	0
0	0
0	0
0	0
0	0
0	0
0	0
312.6	549.35
316.95	528.35
320.45	509.2
317.75	506.5
314.05	504.75
312.15	481.45
319.2	472.2
309.55	471.25
315.5	457.25
315.8	453.2
310.2	453.7
316.4	441.95
318.45	437.3
320.4	446
322.65	424.2
322.3	424.6
329.7	419.9
324.2	419.7
330.7	413.5
295.85	378.05
284.95	304.1
279.2	277.9
284.7	254.75
285.9	268
281.85	255.25
285.7	270.5
282.3	253.25
284.55	265.1
187.1	337.25
196.1	329.1
199.95	326.35
201.2	330.35
207.8	330.7
204.75	331.6
205.15	328.25
266.6	219.4
268.05	191.4
268.45	185.45
269.5	181.85
272.7	176.9
272.4	151.75
274.25	100.75
273.85	104.45
271.9	100.4
268.4	97.05
270	105.2
268.35	111.05
270.2	118
269.15	128.25
269.9	135.15
269.8	147.95
274.2	160.1
279.3	167.15
276.3	169.05
275.85	241.6
280.5	233.55
278.3	238.95
278.35	241.05
279.6	236.95
279.8	247.55
279.6	251.5
280.4	251.2
281.75	254.85
378.85	212.1
414.85	202
413.3	201.45
414.15	197.5
413	199.45
413.7	114.45
417.75	131.25
413.65	134.2
410.45	132.85
406.5	138.5
408.35	145.95
409.45	152
406.95	163.95
403.6	161.8
404.1	118.4
401.65	122.25
401.25	127.8
403.95	128.6
407.95	130.5
407.8	137.9
411.3	136.25
416.15	139.5
416.95	142.8
420.55	141
417.45	143.4
386.55	167.9
289.35	166.55
289.6	164.85
295.75	171.65
292.2	171.95
295.4	172.05
300.1	169.25
299.3	166.2
304.5	162.8
305.3	168.5
361.95	167
368.5	166.05
373.45	161.75
373.85	163.4
375.2	166.55
379.4	163.8
379.85	166.65
384.95	161.05
385.55	162.55
442.45	152.6
432.65	152.75
435.15	153.15
437.5	152.5
442.45	152
442.8	154.15
444.9	155.65
446.8	158.7
444.8	162.2
431.35	167.7
372.5	186.6
364.7	193.55
362.2	193.15
361.45	195.6
362.8	194.25
359.45	196.35
358.7	194.3
356.95	199.25
358.6	199.45
314	308.2
319	300.65
319.5	301.2
320.55	303.2
319.35	306
317.7	303.65
319.75	305.65
321.45	305.3
322.95	304.25
324.75	300
327.1	301.65
327.65	301.05
329.2	300.55
329.85	300.8
337	261.95
336.7	273.65
339.15	275.65
340.7	272.45
342	270.7
344.5	272.05
348.9	275.15
345.25	325.05
345.95	313.65
344.55	314.1
344.5	312.4
346.2	313.05
343.85	317.15
342.15	318.1
341.6	320.2
342.15	319.6
344.45	321.4
347.75	324.25
347.1	323.45
348.15	325.05
351.05	327.45
352.45	320.15
354	322.35
355.15	322.1
357.65	317.15
356.9	316.7
356.7	314.7
357.7	309.25
359.6	309.95
362.5	310.4
362.9	308.1
351.5	292.9
349.35	243.75
352.85	243.85
357.6	240.45
353.6	243.5
358.65	246.75
395.2	172.6
388.5	181.35
387.85	181.45
387.75	181.15
388.5	183.15
389.5	180.35
386.3	183.8
383.1	185.9
358.6	169.55
359.7	172.4
360.8	170.25
362.1	169.6
360.9	174.25
360.3	175
360.6	175.85
362.9	180.8
361.15	185.3
357.15	181.85
305.2	226.8
306.2	223.25
303	226.35
296.85	229.4
294.65	233.4
297.35	233.6
293.8	237.1
294.25	241.9
263.8	283.1
261.9	284.25
260.95	282.05
259.7	279.2
258.75	276.55
264	276.4
284.95	193.7
286.9	180
288.55	184.55
296.3	184.75
293.95	181.9
301.05	183.25
302.6	191.1
306.2	194.25
311.1	194.3
313.45	195.4
315.25	198.9
317.15	196.25
321.4	195.7
320.95	192.2
319.75	194
322.15	192.8
321.2	195.85
320.7	195.7
319.4	195.8
319.65	196.45
321.35	195.8
321.9	194.45
369.8	179.2
365.7	183.45
369.8	182.35
372.25	183.9
370.75	186.3
373.2	185.9
376.9	188
373.5	184.45
372.3	179.95
370.3	178.2
367.35	180.8
373.8	287.25
373.8	289.35
374.15	295.1
375	295.65
374.3	296.4
374.3	293.6
371.55	294.7
371.15	294.4
375.15	296.9
376.45	301.8
378.6	302.55
380.75	304.15
380.15	305.4
379.55	306.3
374.65	310.8
372.05	314.05
372.45	311.6
373.8	316.15
374.15	317.8
374.4	326.25
377.55	326.35
381.4	324.5
402.1	253.1
404.45	179.25
405.45	179.2
405.3	179
410	178.15
413.2	179.55
422.15	162.45
417.95	157.3
417.35	155.3
414.1	154
411.9	154.2
410	151.85
407.95	157.6
410.45	164.95
406.6	164.65
408.05	163.1
404.2	163.15
400.3	159.7
401.7	162.3
401.65	164.8
352.7	314.95
359.5	304.25
360.2	304.35
361.35	300.95
365.75	309.65
364	306.35
362.95	309.1
367.45	308.3
367	307.5
372.65	307.05
371.55	310.75
371.2	302
372.85	302.8
375.05	303.95
379.65	305.15
382.95	303.2
391.2	305.5
392.35	304.8
413.15	197.15
422.4	148.15
422.25	141.55
417.95	141.25
423.65	143.3
430.85	151.55
429.55	155.95
427.95	147.45
421.95	152.95
431.2	154.15
433.6	153.6
429.5	144.05
438.25	154.1
433.15	144.65
394.3	284.5
398.55	325.7
401.45	329.75
404.05	337.05
397.75	324.1
391.6	324.55
393.95	326.45
396.8	324.95
395.5	329.8
396.25	331.6
399.35	333.25
400.3	331.95
397.85	326.05
398.75	328.85
397.95	324.95
402.4	324.9
403.85	338.95
404.55	338.5
406.95	340.4
408.05	339.8
412.15	343.95
415	350.2
417.9	351.65
421.15	352.95
425.5	343.4
387.4	356
397.75	351.85
399.95	346.15
402.25	345
405.45	345.3
405.15	349.15
405.65	352.7
407.4	349.75
406.85	350.6
408.8	356.8
404.5	345.5
401.15	358.3
395.15	354.65
396.65	366
393.15	362.1
384.7	358.8
387.7	366.2
385.05	370.3
380.35	376.15
339.85	223.05
344.5	213.1
343.35	215.35
338.6	215.3
336.3	202.85
342.05	213.1
334.1	205
332.25	204.8
337.3	210.85
334.7	210.15
334.15	210.55
331.45	205.4
416.05	209.85
492.15	210.65
498.4	206.75
503.55	205
501.9	211.45
504.25	211.4
508.2	212.35
509.8	210.4
289.15	387.35
254.5	431.9
256.3	438.65
258	438.7
256.05	432.8
259.5	439.4
256.2	432.6
261.4	440.05
260.05	438.9
260.3	441.25
262	437.35
259.7	432.5
258.65	435.75
255.65	435.15
253.5	428.1
187.75	420.25
199.1	434.15
199	436.05
197.05	433.6
190.2	430.85
192.9	442.35
189.4	436.45
185.05	437
185.7	439.05
177.45	437.5
177.25	438.75
126.8	450.25
128.95	456.6
132.35	449.6
133.45	455.55
138.25	452.05
141.05	455.3
142.8	454.5
142.95	454.9
141.5	457.3
142.1	450.75
138.4	451.15
138.5	450.15
143.95	450.9
147.4	450.85
145.05	449.65
142.8	449.75
203.5	396.4
199.95	404.2
201.15	403.85
203	403.1
204.65	394.95
210.4	393.9
212.7	401.15
214.95	403.5
186.6	418.2
194.65	403.65
196	409.85
199.6	413.5
197.15	410.3
198.7	408.85
199.6	408.95
198.55	408.6
196.8	405.45
199.5	407.35
198.05	410.9
199.5	414.4
197.1	403.6
220.65	380.05
504.8	240.8
499.6	201.35
498.95	186.75
496.15	182.3
490.3	179.75
488.7	180.4
529.65	132.7
528.1	127.4
528.4	124.7
530.05	120.7
529.65	118.35
530.7	118.65
529.5	120.95
531.9	119.9
532.7	121.85
534.5	121.35
527.85	109.5
516.75	49.6
517.25	46.95
518.9	45.05
520.15	44.5
521.25	47.55
522.75	46.45
523.35	51.75
525.35	51.35
525.85	53.45
528.45	56.1
527.65	57.4
457.15	148.05
303.55	254.85
303.55	253.9
307.85	256.3
308.55	259.25
312.2	261.9
314.15	256.4
315.05	255.9
320.45	255.6
454.25	122.25
488.8	130.9
489.35	128.15
490.85	130.65
489.35	130.9
489.8	131.4
491.9	129.1
494.15	132.3
494.9	131.55
493.05	129.85
494.1	126.8
494.5	130.5
350.45	260.55
357.25	248.65
358.1	246.95
356.55	251.8
357.6	247.15
357.75	246.05
406.8	280.75
513.15	323.95
517.9	326.8
517.4	329.35
516.4	323.95
512	324.1
512.7	323.9
515.5	323.25
515.4	321.6
514.55	322.15
513.2	322.55
512.9	322.25
493.95	224.75
496.4	250.95
494.8	249.25
477.5	199.9
478.2	197
479.2	198.6
481.55	196.75
482	196.6
480.75	194.1
483.6	191.3
486.65	191.25
489	193
488.65	195.95
496.9	175.75
499.85	174
500.3	177
504.15	178.75
507.5	178.75
436.15	123.95
446.35	131.8
451.55	136.35
452	145.35
456.7	149.25
463.95	151.1
464	152.65
466.7	150.6
472.5	152.25
474.95	156.75
477.95	151.9
481.25	151.9
482.75	152.25
482.8	149.85
484.25	150.85
486	151.85
487.6	154.45
485.9	151.1
485.6	151.9
484.5	151.5
484.95	153.2
483.75	155.3
479.5	154.7
478.65	154.35
473.75	153.65
474.3	151.8
441.85	165.4
399.8	214.6
400.7	222.55
398.65	229.4
398.95	235.5
397.4	237
397.45	239
398.8	239
400.5	240.35
402.1	241.95
381.9	269.35
381.95	270.85
383.3	267.05
385.65	271.1
390.25	264.65
395.65	267.25
399.2	267.1
390.3	236.4
391.55	229.3
394.3	230.65
392.45	233.05
396.4	230.85
370.2	224.15
380.45	226.8
376.2	227.25
376.05	226.7
374.1	229
342.1	202.55
346.35	202.35
347.15	205.95
346.8	204.75
346.8	205.6
346.95	209.8
346.95	208.15
348.35	206.95
340.25	207.55
332.75	158.9
327.75	154.3
322.3	155.6
325.85	155.3
326.35	161.8
326.2	161.15
322.65	163.85
322.7	164.1
320.3	161.5
319.65	164.95
318.5	170.6
321.9	170.15
323.05	166.5
322.4	166.2
301.35	64.3
304	59.1
305.4	60.4
305.15	61.7
305.95	59.35
308.05	64.85
311.05	68.9
314.85	68.45
314.85	71.9
315.9	73.15
317.4	76.7
319.4	78.25
323.4	80.85
321.8	82.1
322.25	82.1
325.2	83.6
326.85	86.4
331.05	87.35
322.75	150.2
328.75	133.3
331.3	136.55
332.55	138.7
334.85	138.6
334.15	143.7
335.2	153.1
334.65	154.35
350.85	276.85
355.35	292.4
358.85	293.35
365.1	299
367.3	298.2
373.55	301.75
377.1	302.65
383.15	305.9
387.1	303.8
389.85	305.65
393.6	308.4
391.15	305.55
391.85	303.65
390.95	303.3
390.25	304
390.85	302
387.95	301.05
387.05	304.5
387	301.75
384.2	305.1
387.45	122.5
389.5	140.15
387.2	136.7
386.65	139.4
384.5	142.15
380.6	142.2
376.55	143.7
373.3	148
367.85	145.9
365.95	148.65
366.35	152.4
360.75	152.7
360.15	153.3
356.85	151.45
352.85	158.15
351.65	160.9
353.5	155.1
348.05	157.5
349.15	160.35
348.4	163.4
363.4	255.25
361.15	317.4
362.7	324.2
361.65	321.85
363.9	321.85
366.8	322.15
368.35	323.85
368.6	324.3
370.5	326.7
370.25	325
603.4	268.05
674.3	271.65
680.8	279.35
682.8	284.7
681.25	285.85
685.5	287.45
684.85	288.85
687.35	292.7
688.9	292.75
688.4	298.4
689.05	292
689.3	284.1
422.95	254.15
342.95	283.55
350.55	262.2
352.1	263.2
360.45	350.95
0	0
0	0
0	0
0	0
0	0
0	0
0	0
404.85	347.6
409.85	276.25
411	243.15
411.5	235.3
418.25	225.2
347.5	296
364.8	287.25
365.85	288.35
370.6	281.65
371.35	285.05
382.95	282.5
384.35	282.1
386	281.15
379.7	283.6
385.15	291.95
381.3	284.75
352.9	316.3
351.25	314.35
345.5	320.15
351.5	319.1
355.4	321.4
354.45	325.7
358.5	320.1
367.65	319.1
365.85	330.65
391.3	200.95
394.4	191.8
400.5	190.4
402.25	189.95
395.2	185
400.2	184.85
397.15	188.4
403.5	182.75
394.2	179.45
388	175.95
387.4	162.05
391.75	152.3
392.25	153.55
391.7	157.05
389.35	153.25
390.3	156.95
384.05	162.4
384.2	164.45
391.95	166.7
386.6	167.6
382.2	174.1
383.35	174.95
380.9	180.95
385.8	175.9
382.1	175.4
448.7	222.15
438.9	225.5
442.35	228.2
445.3	228.3
444.45	227.05
441.95	225.2
443.4	227.55
442.65	230.35
446.15	226.65
447.6	230.7
447.05	238.8
445.05	237.75
443.75	242.45
441.7	240.75
445.2	243
443.55	244.1
443.3	245.9
432.3	251.8
436.15	255.95
426.55	257.4
428.5	255.2
432.2	257.15
416.1	242.9
335.45	192.55
334.15	184.5
330.05	188.2
327.6	192.55
325.65	196.4
318.85	199.15
316.05	194.15
311.35	196.35
313.65	199.6
315.85	204.3
317.1	202.55
319.35	203.85
319.95	205.4
318.75	201.15
314.8	197.9
433.3	233
419.35	226.9
419.8	227.4
421.05	226.15
329.2	224.85
309.2	209.2
306.9	205.3
306.3	206.2
305.25	204.85
307.9	206.85
308.7	212.8
305.4	218.3
305.8	220.6
369.2	417.3
361.95	407.1
363	405.7
362.55	401.8
363.9	402.55
364.45	402.75
356.1	322.5
359.15	333.4
357.8	334.7
358.05	334.45
358.25	333.9
356	331.45
351.8	330.8
300.3	188.45
296.1	166.8
301.5	163.25
302	164.8
304.55	166.5
305.05	174.95
306.1	178.85
306.15	185.4
312.45	189.25
218.7	156.6
240.2	160.85
246.55	159.65
253.85	159.95
263.3	159.45
272.65	158.25
291.95	105.05
302.25	108.85
309.55	108.65
314.75	114.7
324.8	109.6
327.4	110.55
347.2	70.65
348.2	79.4
349.45	84.9
356.25	90.5
355.25	97.9
358	102.9
359.85	109.2
362.65	112.45
366.85	118.25
369.05	122.65
370.55	127.9
369.8	136.75
368.2	138.45
369.6	140.3
373.6	144.85
370.55	153.1
261.6	279.9
256.3	288.9
259.6	286.9
262.6	280.45
260.8	286.1
260.55	287.3
264.75	284.55
266.6	283.65
266.5	284.55
265.8	283.35
265.7	283.45
287.15	287.35
394.55	288.1
397.5	289.15
398.6	284.85
401.55	283
399.15	282.3
397.95	280.25
402.15	279.65
402.35	278.55
400.65	277.35
404.7	280.3
405.75	277.5
403.65	279
407.9	280.35
409.2	279
409.75	280.7
406.2	278.65
406.3	279.2
320.75	222.8
326.45	220.45
325.95	213.75
320.35	215.3
321.2	216.7
316.5	218.15
316.35	218.9
314.6	218.35
315.3	187.55
317.65	185.55
316.95	183.2
320.4	181.25
320.35	178.35
320.6	177.5
320.35	179.35
320.8	177.25
318.2	181.95
318.25	178.3
317.9	177.3
318.45	174.9
316	176.15
315.4	176.8
310.4	138.15
309.1	148.55
310.5	147.75
311.85	148.45
313.6	143.95
311.55	144.35
313.35	146.95
315.85	142.5
317.2	142
317.35	142.3
317.5	142.6
316.65	145.45
314.1	144.6
315.85	145.25
277.4	147.3
276.3	150.65
273.3	158.8
270.9	161
271.35	163
269.05	165.25
270.85	172.4
276.4	171.35
268.7	184.05
251.15	222.15
254.5	228.9
258.6	230.75
262.5	232.8
269.2	235.25
274.7	242.3
280.1	241.85
285.7	241.8
289.4	246.25
292.95	245.3
297.25	245.15
300.95	247.85
327.75	194.95
332.5	196.8
333.7	197.7
334.15	193.6
336.3	190.95
338.45	189.8
341.2	188.75
347.65	144.6
348.85	160.25
350.6	160.9
354.45	161.6
358.75	162.3
359.15	164.2
356.5	167.55
355.15	171.85
381.35	181.05
386.15	177.7
385.9	185.85
384.65	185.55
384.25	185.6
386.05	181.15
388.45	183.3
389.15	179.85
392.05	178.3
390.3	179.6
390.2	174.5
390.5	174.9
390.75	175.25
393	175.4
392.95	177.35
386.95	127.2
390.95	132.2
390.85	134.1
391.75	130.95
390.55	134.55
387.2	150.7
382.85	278
346.8	561.65
0	0
0	0
0	0
0	0
0	0
0	0
378.5	131.9
376.65	102.75
385.35	91.95
384.55	98.3
361.55	229.9
367.05	220.95
364.2	222.5
362.5	220.85
359.45	221.85
352.5	222.85
340.55	220.8
324.7	182
325.75	181.35
321.8	186.55
318.3	183.2
315.85	188.2
316.15	189.2
316.5	186.6
326.15	194.5
321.6	213.1
334.8	407.45
334.45	410.85
336.5	420.55
340.65	427.15
348	436.95
346.95	440.8
314.7	281.55
314.75	294.25
310.05	297.65
313.9	299.25
314.9	293
318.5	295.55
318.8	297.6
318.75	335.3
316.5	332.15
322.6	340.05
322.25	343.6
321.9	341.35
322.9	340.95
328.25	329.8
325.3	330.55
326.55	324.8
328.5	315.45
327.4	315.35
331.25	303.55
334.25	320.6
335.2	347.3
0	0
0	0
0	0
0	0
0	0
0	0
0	0
0	0
387.1	521.3
390.95	454.95
389.55	418.65
392.45	386.7
395.25	369
396.45	404.9
390.2	470.25
0	0
0	0
0	0
0	0
0	0
0	0
638.65	564.55
643.55	566.9
644.25	570
453.1	500.55
403.8	488.35
406.25	472.05
406.35	476.55
406.5	483.45
410.3	476.9
410.05	486.15
412.9	483.5
404.15	483.65
407.6	476.35
408.35	476.85
413.75	491
405.1	493.1
294.75	361.55
298.2	310.7
296.25	281.5
293.85	271.55
295.75	269.3
299.6	264.8
300.2	270.2
375.95	266.15
381.05	250.3
379.5	258.1
382.45	261
382	256.45
372.45	263.1
381.9	263.15
377.5	261.65
381.7	262.85
367.7	288.95
351.05	341.6
352.2	352.1
350.45	350.7
348.15	353.65
351.65	355.5
352.5	357.2
352.8	352.9
357.4	358.15
408	338
416.45	323.4
415.35	306.85
416.95	306.9
420	291.8
423.3	295
416.45	290.15
412.35	295.95
411.65	294.1
410.7	300.85
410.75	308.9
407.15	309.8
412.95	302.3
400.45	307.9
407.1	307
397.3	306.15
395	305.7
396.25	305.3
392.5	306.75
392.5	307.85
383.9	303.8
381.3	307.3
379.7	304.45
379.05	309.1
375	309.3
368.95	312.95
366.55	312
364.8	315.85
360.35	315.85
361.75	316.15
366.7	315.5
363	323.5
361	324.05
364.55	326.1
363.75	328.95
360.75	339.75
367.55	351.05
362.3	353.65
361.25	368.75
360.2	386.1
358.95	387.8
357	394.5
353.75	394.3
357.05	398.75
350.95	396.35
352.85	403.65
353.75	401.9
353.6	410.7
349.8	416.75
311.9	448.65
311.7	452.2
312.05	461.9
319.05	467.75
323.25	483.25
322.15	477.6
322.7	470.1
325.95	475.35
334.85	480.25
337	479.9
338.2	482.25
339.7	492.25
360.95	343.1
373.55	304.1
379.35	267.5
380.95	255.75
385.6	257.8
390.2	262.7
386.25	267.65
596.35	309.9
630.4	322.3
626.05	312.9
626.2	305.3
629.15	301.6
455.25	258.25
419	252.35
419.65	242.4
420.1	231.45
420.9	242.4
419.6	252.45
418.3	269.35
424.9	278.1
417.85	277.95
416.55	288.15
416.25	300.6
414.6	320.6
412.35	363.15
409.1	384
408.55	423
407.45	443.75
410.55	482.5
0	0
0	0
0	0
0	0
0	0
0	0
0	0
0	0
0	0
0	0
0	0
210.25	458.2
219.8	400.4
225.75	368.9
229.65	373.4
237.65	373
240.15	378.5
238	389.8
317.15	458.5
325.4	438.2
322.4	420.8
334.7	426.55
334.5	419.3
336.55	406.3
338.2	398.65
338.1	391.55
345.75	393.65
348.85	392.8
404.65	348.5
405.9	329.75
412.9	319.55
412.7	320.65
413.35	321.4
412.75	330.2
415.4	319.25
417.95	327.95
413.25	334.95
412.6	344.1
413.2	349.3
235.6	421.15
119.85	425.05
119.55	434.35
122	428.95
120.9	431.5
126.55	433.35
134.4	444.55
145.7	454
148.7	461.25
157.2	476.9
163.8	488.5
240	454.8
240.85	454.85
249.6	462.7
256.4	486.25
259.2	500.2
269.25	528.4
269.25	519.2
269.3	509.7
273.8	504.7
280.5	517.45
286.15	504.3
292.6	502.3
297.85	510.05
346.25	500.6
384.85	483.85
390.3	470.15
390.45	479.5
393.65	474.8
405.75	482
405.85	480
411	455.1
416.5	465.8
418.65	449.85
426.75	475.9
429.55	478.1
432.25	486.3
431	473.55
426.8	452.8
433.2	464.3
432.3	452.2
433.15	452.05
434.75	458.1
434.9	492.4
196.8	511.35
216	494.6
209.8	462
220.7	443.65
224.2	432
190.6	394.15
204.65	388.2
209.55	387.9
211	388.95
212.35	375.55
218	384.7
223.9	387.05
228.4	384.6
230.65	397.4
230.9	397.05
265.65	412.9
422.35	437.05
435.4	423.4
443.15	419.6
442.45	411.95
443.5	417
450.4	406.3
448.45	412.05
450.6	411.9
453.9	415.5
453.45	414.9
451.4	412.7
460.7	412.25
464.2	413.4
463.1	417.9
465.1	421.55
467.8	427.3
465.35	420.85
462.8	416.45
469.85	417.95
475.8	435.9
475.75	429.8
479.4	438.35
474.25	426.05
447.3	427.2
212.15	410
217.25	371
214.2	356.2
222.3	372.6
227.4	376.6
225.2	373.05
226.65	369.55
227.15	369.15
242.35	311.3
248.55	293.4
248.85	280.05
251.7	267.15
250.9	257.55
250.35	256.85
250.55	258.65
252.35	265.05
222.6	235.9
225.4	228.7
223.8	222.05
225.15	224.2
229.6	223.4
227.85	222.4
226.45	225.55
230.55	230.95
228.2	231.85
198.6	225.35
201.6	230.15
201.35	230.2
199.15	239.6
205.7	238.1
204.75	240.25
212.35	244.5
217.2	248.85
217.1	252.45
223.7	257.35
240.55	301.15
268.5	343.55
270.55	344.2
271	354.9
269.35	349.2
274.6	355.95
274.4	359.6
280.2	354.8
277.85	361.05
283.05	368.95
275.55	368.35
382.55	389.45
388.05	401.85
395.6	397.65
393.1	390.95
402	403.55
405.5	384.8
409.9	391
409.05	393.8
408.65	409.55
256.6	497.3
234.6	517.75
229.85	521.95
229.6	524.95
234	520.75
230.25	517.75
227.75	506.1
233.35	505.1
237.5	512.55
240.95	510.2
239.05	505.7
193.1	415.15
200.65	407.85
201.95	396.35
202.15	401.25
206.65	397.25
212.45	397.7
215.5	398.2
221.65	398.3
222.15	397.35
225.45	394.8
225.65	394.1
229.85	390.9
230	389.6
231.6	392.45
307.65	368.3
378.5	300.15
385.5	261.05
378.35	249.65
382.6	253.3
389.2	259.65
387.45	252.65
383.85	251.6
393.25	249.25
392.5	251
393.1	250.6
403.25	266.2
400.05	266.95
399.1	269.45
409.25	270.95
338.3	322.3
320.95	334.95
316.45	347.05
326.85	344.15
323.25	337.8
328.6	337.35
335.55	349.15
337.35	351.7
345.85	337.6
346.45	343.7
351.05	339.2
354.75	347.3
361.5	349.6
364.8	353.85
366.05	362.05
283.8	350.2
294	352.2
301.15	352.6
311.95	354.15
312.45	368.5
317.8	383.4
323.1	399.65
326.95	418.7
330.65	416.75
248.85	555.8
251.1	551.6
251.25	550.05
253.6	552.5
257.2	543.8
261.55	541.8
267.8	545.95
273.3	542.8
277.8	538.7
343.4	560.95
375.25	543.75
377.4	534.5
381	531.1
382.7	530.65
383.8	532.95
380.95	537
383.4	538.3
381.55	536.4
380.35	536.7
381.1	534.65
382.2	535.25
385.25	532
384.55	532.25
384.4	528.9
380.75	528.95
380.4	527.8
380.75	528.8
383.45	528.35
383.85	533.35
380.1	537.75
276.65	542.7
271.55	538.7
273.95	535.5
273.25	532.9
272.2	529.65
275.1	533
272.7	532.65
274.85	529.05
401.7	559.7
445.55	570.05
449.15	568.75
452.35	568.35
454.95	566.05
454.8	563.05
456.6	562.85
457.35	560.85
457.55	560.4
459.7	561
455.45	560.7
537.05	530.35
537.75	522.75
542.75	516.45
543.15	514.5
545	515.25
544.25	513.75
545.9	513.1
541.85	516.65
550.45	522.4
545.45	524.5
549.65	525.25
548.7	517.6
547.3	519.3
549.85	517.2
551.85	523.75
377.1	483.15
376.05	481.6
374.65	478
380.7	472.65
375.75	462.8
382.85	459.6
382.95	460.5
379.75	463.45
384.55	462
378.75	465.55
384.5	464.9
386	461.45
384.95	487.65
0	0
0	0
0	0
0	0
0	0
394.8	378.45
401.15	297.45
407.15	289.35
403.1	305.65
400.65	327.55
403.2	328.85
399.9	306.1
401.15	302.3
397.65	303.2
392.55	309.6
439.75	411.85
436.85	384.3
441.05	372.5
437.05	372.05
435.15	369.6
431.75	389.4
439.35	393.9
430.55	390.4
529.2	436.1
656.85	480.8
660.65	483.9
668.7	491.7
667.1	500.8
663.7	501.6
669.15	503.45
666.1	510.25
667.3	504
666.4	515.7
673.15	511.4
615.5	510.6
389.9	455.2
391.55	434
393.4	392.15
394.95	363.25
395.95	360.15
396.55	366.5
396.7	348.45
394.85	352.05
398.75	374.05
398.75	375.85
425.8	333.65
424.3	359.15
426.75	383.6
423.6	386.35
421.2	408.85
423.9	388.2
420	387.1
424.25	376.8
418.3	380.15
431.45	382.65
422.15	371.95
421.65	367.25
422.95	369.65
408.7	354.35
406.15	351.1
406.1	345
407.2	344.85
412.4	337.65
414.15	336
418.1	334.45
415.05	332.05
413.45	333.6
410.4	328.65
412.1	325.25
410.7	321.4
407.7	326.9
407.8	326.95
299.75	390.2
276.75	411.3
276.3	413.9
275.3	415.45
275.7	412.5
281.6	415.3
283.85	425.2
282.2	423.2
287.7	415.4
282.85	418.1
269.7	394.5
264.1	398.35
272.9	407.8
264.5	393.8
271.5	392.35
278.4	401.8
298.15	394.5
359.1	328
364	328.95
364.35	320.7
359.5	317.6
360.25	316.75
363.25	314.9
361.85	317.85
360.4	312.15
364.1	319.75
370.7	304.9
370.7	318.7
367.4	320.55
364.4	319.35
370.05	312.9
372.4	315.3
378.05	312.95
374.7	313.45
381.25	330.6
371.65	364.15
371.05	375.8
368.75	366.85
372.55	370.55
580.25	362.4
646.4	369.3
648.2	359.45
653.7	365.4
652.6	351.65
653.8	336
653.45	349.5
656.4	347.75
656.75	349.85
658.9	352.25
657.05	352.85
657.95	348.2
658.7	348.3
656.85	351.4
656.55	352
327.05	353.3
324.8	342.2
323.35	325.45
327.75	320.1
332	320.3
324.05	329.95
328.6	319.75
330.75	317.4
323.05	325.4
325.35	312.2
322.25	322
323.25	312.05
283.4	375.95
268.6	440
268.45	455.25
265.7	458
269.25	457.65
265.45	457.3
266.35	463.75
257.05	448.8
264.7	470.55
258.6	457.75
261.3	458.7
266.85	460.35
270.4	457.55
271.85	461.5
275.3	458.35
282.7	468.35
282.3	475.2
287.7	476.45
292.5	478.35
301.6	474.35
305.7	474.45
306.35	471.35
311.4	470.95
322.4	472.95
325.45	471.45
333.55	469.3
334.7	478
339.3	476.35
340.35	477.5
342.85	477.95
343.1	473.95
349.6	480.35
349.75	479.15
354.1	483.8
256.95	346.25
261.45	331.5
269.45	320.4
272.8	315.2
273.5	308.3
272.95	309.3
269.35	309.55
269	303.5
267.6	302
268.2	308.45
269.75	284.4
273.2	282.1
278.65	273.1
281.05	269.85
285.25	267.4
296.6	267.05
301.35	262.1
303.85	267.55
308.95	266.5
308.75	262.85
314	263.3
104.75	262.25
116.95	265.7
123.6	258.85
126.8	249.85
138.85	246.45
140.2	243
146.8	249.35
155.1	248.75
138.5	196.35
148.8	181.8
156.5	176.35
167.9	179.9
176.05	184.25
184.8	184.3
191.9	188.7
201	190.5
211.85	187.65
223.2	187.3
235.45	188.9
242	201.75
255.3	198.35
265.5	208
262.7	206.85
271.4	206.3
276.5	212.9
282.8	214.7
288.3	219.95
292.15	215.15
302.15	214.2
310.45	224.6
318.3	221.7
326.35	216.05
331.3	219.8
336.45	218.6
341.8	226.35
467.45	227.25
473.1	233.4
477.85	219.05
480.3	220.9
484.4	221.9
492.9	226.35
499.2	231.75
504.35	226.5
507.9	229.6
507.4	234.5
510.3	231.7
515.1	228.9
512.5	228.55
517.2	223.9
515.15	230.45
519.7	230
518.2	227.75
520.45	228.8
525.3	227.8
466.25	221.1
465.8	225.05
463.8	212.05
469.2	216.2
465.3	211.95
464.05	214.35
464.9	215.3
473.6	212.3
473.95	211.15
471.95	204.05
447.05	212
456.9	209.35
455.5	211.05
453.5	204.35
452.95	206.7
457.4	209.8
456.65	206.3
459.9	206.15
463.5	208.65
464.6	212.35
487.05	256.25
490	256.45
490.45	259.9
487.95	261.9
487.9	265.2
484.45	268.85
484.8	268.05
482.55	266.25
480.05	264.9
471.75	265.6
467.7	267.4
465.6	265.8
472.15	265.7
483.8	260.2
482.85	258.45
476.05	259.1
476.7	261.15
470.45	263.75
462.8	269.4
459.5	269.45
457.15	277.85
451.6	279.45
445.85	277.2
425.95	339
422.8	336.5
417.7	334.4
413.25	333.75
411.45	336.85
409.4	335.85
408.65	334.95
404.75	331.55
409.05	322.3
404.15	320.15
402.8	321.05
405.7	322.85
403.55	318.85
402.55	321.1
406.95	321.1
409	327.4
408.75	332.75
405.55	333.05
407.4	332.4
409.5	336.55
410.7	340.4
412.85	339.55
416.1	341.45
418.85	338.1
416.6	341
420.2	343.8
423.1	352.85
424.35	450.85
0	0
0	0
0	0
0	0
0	0
0	0
381.1	269.4
385.1	247.95
385.7	236.4
381.95	224.25
376.45	240.15
373.35	224.4
378.15	217.9
381.8	227
375.95	218.7
387.8	224.7
386.95	220.55
382.75	224
381.25	223.45
382.75	222.7
383.65	221.5
386.95	221.45
395.35	218.3
397.3	222
396.1	216.55
401.1	218.95
396.3	218.05
403.15	212.25
399.5	214.8
397.45	213.25
402.95	211.3
410.25	206.75
401.15	212.05
405.3	207.65
407.1	209.5
400.45	211.2
393.3	207.6
366.2	200.1
372.45	202.8
366.25	202.85
361.3	203.3
363.25	197.8
361.65	193.65
359.6	198.3
361.9	194.45
357.65	197.35
357.7	195.3
356.3	193.55
358.25	186.85
357.8	185
357.6	181.3
355.6	180.25
363.45	179.15
361	184.55
361.6	187.5
360.5	188.3
361.95	187.8
335.75	177.5
341.1	173.6
335.25	178.7
335.8	176.6
334.9	174.8
335.85	172.35
335.85	173
340.5	170.9
339.5	174.45
339.8	178.1
341.95	177.25
342	177.35
342.45	178.9
346.4	177.15
347.45	178.7
348.35	183.4
349.3	186.45
350.05	188.4
350.45	192.05
351.7	189.35
351.6	187.8
351	186.7
348.6	190.55
396.4	113.6
390	121.45
387.3	122.1
383.25	126.75
384.05	131
382.35	132.9
382.65	136.95
380.25	136.6
381.75	141.45
381.95	143.9
379.1	150.65
378.15	155.75
377.45	158.95
376.35	164.5
377.85	164.2
382.45	121.7
386.4	120.7
381.05	123.55
379.45	125.75
378.45	128.65
377.75	134
377.55	132.8
375.25	138
375.2	139.15
374.9	139.7
373.7	142.6
373.85	141.1
370.2	143.6
372.45	144.6
369.7	146.25
369.95	143.35
368.05	145.6
365.75	146.9
363.4	148.2
297.85	269.65
291.6	315.45
292.05	319.5
289.25	318.15
285.05	322.65
289.85	320.05
284.95	294.75
289.3	301.85
291.75	303.3
292.9	306.65
294.1	310.75
299.1	306.85
304.25	305.85
308.95	310
311.15	308.15
314.05	306.5
315.25	308.2
321.55	303.1
325.6	302.05
329.6	297.35
414.65	128.5
414.1	137.65
416.45	130.6
420.45	127.8
421.3	127.4
425.5	132.85
426.6	135.45
429.3	134.8
432.35	138.2
433.35	139.1
434.1	140.55
435.45	142.9
462.2	148.1
583.65	210.8
585.8	221.65
584.6	222.5
585.25	227.55
579.95	228.45
574.3	222.5
577.8	231.35
574.9	236.9
574.6	230.8
568.7	240.3
568.35	240.8
675	414.15
665.05	421.1
661.95	421.15
663.75	428.95
662.85	428.55
659.8	426.45
659.65	422.9
662.05	427.45
427.95	300.9
424.15	307
419.55	305.6
415.35	306.3
416.7	315.75
409.6	309.6
408.15	310.65
405	313
600.45	326.6
598.5	333.55
599.7	341.6
589.6	338.4
584.15	340.2
575.75	338.7
566.2	335.3
555.8	330.65
546.9	333.1
542.3	330
537.95	326.95
489.35	419.55
495.8	411.25
497.05	409.1
494.95	412
492.85	403.65
484.6	318
487.35	274.3
489.8	274.05
495.5	273.7
491.45	272.55
491.65	274.25
491.2	263.5
495.2	269.05
495.55	267.55
494.2	265.05
487.35	275.15
486	269.9
488.8	262.95
492.2	276.55
487.95	278.6
483.7	279.85
485.2	279.35
482.95	270.6
485.3	281.6
482.25	273.15
472.8	275.2
462.1	269.25
465.85	275.45
467.6	279.55
466.45	273.7
465.75	268.1
467	263.2
465.05	267.05
464.1	274.15
467.3	271.85
456.7	298.4
453.65	364.35
452	360.85
460.1	368.85
463	370.9
382.2	320.25
339.6	302.55
338.1	299.2
341.65	296.05
344.2	293.85
350.3	296.7
351.35	301.9
352.35	296.45
349.2	290.1
349.3	290.2
347.5	290.95
355.25	305.7
409.55	270.7
404.5	275.8
399.75	267.55
400.7	272.5
408.55	295.9
404.5	304.1
407.35	300.3
410.6	309.25
406.65	303.65
414.15	309.15
413.9	315.5
412.55	304.4
416.75	312
421.7	314.35
422.55	313.2
418.4	304.15
416.65	315.5
414.15	315.9
415	307.9
410.85	319.35
411.2	313.7
410.4	326
407.6	326.45
412.1	328.7
413.1	337.1
405.2	361.6
401.55	359.05
403.6	367.25
403.15	367.2
408.65	380.05
409.45	400.95
0	0
0	0
0	0
0	0
0	0
0	0
399.55	351.7
405.55	303.3
407.4	282.3
411.35	278.15
416.1	273.05
575.15	331.4
638.65	355.55
639.65	352.75
642.65	350.3
642.6	342.55
642.1	341.4
644.25	343.2
642.8	345.65
640.15	348.6
696.45	325.85
697.8	329.25
695.7	332.55
695.75	336.85
697.3	342.2
418	357.15
382.65	370.8
377.85	367.25
375.6	368
378.45	370.2
377.65	364.3
374.7	365.7
375.15	365.9
376.3	364.3
372.85	363.75
411.75	388.3
416.15	384.25
415.05	384.5
415.65	381.45
414.95	375.1
416.3	377.1
402.1	357.95
401.75	354.65
399.95	351.8
403.6	346.45
402.65	344.45
397.25	345.75
400.05	345.25
399.45	340.3
399.85	335.55
398.95	330.55
394.35	329
395.05	327.65
397	328.25
397.7	323.05
392.9	317.95
392.05	316
395.05	311.55
395.95	314.2
394.9	314.65
397.65	315.05
397.3	310.9
395.2	310.65
396.45	314
372.45	308.3
373.6	308.95
373.6	305.75
368	307.5
364.4	307.4
363.25	309.45
362.15	317.35
353.9	283.6
353.3	215
354.35	207.25
354.05	208.1
350.9	214.4
349.55	246.4
0	0
0	0
0	0
0	0
0	0
0	0
0	0
0	0
0	0
0	0
0	0
0	0
0	0
0	0
0	0
0	0
329.1	549.45
328.9	503.85
333.25	466.45
336.15	453.55
339.8	439.8
337.1	430.15
337.9	433.8
339.25	420.4
334.55	410.4
336.7	399.2
339.1	387.7
343.3	379.85
345.8	373.05
347.05	372.75
350.85	372.65
352.9	375.9
352.95	380.7
383	379.8
385.45	375.5
380.9	374.9
383.7	371.25
379.4	368.55
373.35	377.95
379.2	372.35
384.05	376.75
357.8	402.05
360.45	400.05
363.9	400.1
369.15	393
365.1	385.8
368	382.95
363.6	308.2
367.7	292.8
364.4	285.25
365.05	275.4
368.9	270.45
374.25	269.35
382	270.4
379.1	267.25
379.15	269.2
387.9	267.55
388.1	265.9
388.6	263.65
402.65	245.35
406.55	239.7
408.35	238.1
410.05	238.35
413.05	238.55
409.6	239.65
413.55	248.7
417.45	249.15
416.55	251.4
415	253.15
419.5	257.15
416.2	256.1
416.2	252.45
417.4	250.65
416.85	259.1
418.8	261.05
417.75	256.65
414.8	255.05
414.35	260
419.15	254.35
420.6	255.05
420.9	259.45
419.15	263.1
416.7	264.6
414.7	266.5
413.65	264.95
403.1	258.55
400.4	264.6
399.05	262.6
399.95	265.5
403.15	257.45
405.6	250.45
405.3	252.8
402.2	255.35
400.15	259.2
399.4	260.1
398.15	264.85
400.45	264.6
399.15	263.45
397.55	258.75
392.5	263.6
390.7	262
391.7	260.45
394.2	257.85
391.4	259.5
388.45	264.25
391.4	259.45
402.3	293.55
403.6	283.45
397.6	287.35
398	288.15
405.2	291.95
408.4	289
408.85	287.85
405.25	287.15
399.35	286.9
392.4	260.7
385.45	271.2
389.75	266.25
393	267.8
391.5	266.4
393.3	267.8
377.8	259.7
371.85	262
374.2	260
376.55	252
375.8	266.4
379.7	266.7
376.6	264.5
380.55	256.1
380.6	256.15
419.95	256.55
413.9	263.6
416.75	263.85
418.8	256.35
419	252.7
421.8	253.55
426.55	250.4
428.3	251.25
407.1	257.1
407.85	257.45
408.25	265.05
411.7	267.5
412.25	262.35
413.8	259.8
412.25	259.2
416.2	257.8
424	251.25
426.65	251.45
427.9	251.6
428.55	249.65
427.3	249.55
426.05	250.75
424.2	251.25
443.15	277.9
442.1	275.9
444.25	275.9
444.25	275.55
445.05	278.7
435.45	277.55
431.05	272.05
432.9	267
432.1	264.8
429.25	266.15
430.25	265.5
429	268.45
427.75	269.75
424.85	267.75
414.05	262.1
420.05	258.6
419.2	257.65
418.45	257
413.55	261.25
410.4	261.2
408.4	260.45
405.3	263
403.85	259.3
401.15	257.35
398.75	256.35
395.8	251.85
393.35	250.7
393.05	248.75
390.5	249.95
388.65	249.5
388.5	251.5
385	256.5
386.25	258.6
388.5	261.5
384.9	265.35
383.6	259.85
384.7	253.2
384.75	252.55
384.65	251.9
384.55	253.5
383.15	254.85
382.45	256.85
382.1	259.4
382.6	264.15
383.3	263.25
384.05	265
386.1	265.75
385.95	263.65
387.5	263.75
607.05	280.15
605.1	280.9
606.3	279.65
606.8	282.85
608.35	279.6
609.1	280.85
562.8	281.25
387.3	266.3
384.5	266.7
386.35	264.6
386.15	264.35
386.25	269.15
392.2	269.75
393.05	269.7
392.3	268.15
387.7	270.15
391.15	269
388	273.9
388.9	275.8
389.2	278.05
389.55	279.95
392.45	276.65
394.05	277.9
379.35	266.4
369.6	258.85
369.1	258.1
366	260.15
367.9	261.35
366.65	260.8
364.6	261.6
363.45	259.55
366.65	261.05
368.85	260
370	262.65
348.95	278.35
351.15	280.45
353.95	280.35
357.4	279.3
359.5	281.55
356.5	266.65
358.1	263.2
361.2	263.25
361.55	263.4
362.65	264.15
359.9	262.45
360.9	265.6
362.15	264.1
361.15	263.4
360.95	266.25
359	270.15
362.95	270.5
360.85	275
362.1	276.65
349.7	243.5
350.85	247.55
350.9	248.05
352.7	247.45
351.15	249.05
352.8	251.1
353.95	251.4
355.75	253.7
357.3	253.6
358.9	250.8
357.2	250.6
357.35	253.95
356.6	255
356.3	253.05
356.9	252.95
355.5	257.85
354.9	259
385.6	267.45
386.6	262.1
386.55	261.15
388.6	264.65
394.05	262.2
397.65	265.2
398.9	265.15
403.2	264.95
404.95	259.3
406.45	264.15
408.15	261.5
388.6	264
395.35	264.3
400.2	262.4
402.95	262.45
402.5	265.2
406.05	261.85
404.55	265.2
402	270.5
404.3	272.3
398.65	277.4
400.65	279.6
395.15	269.15
398.45	268.85
399.65	270.1
402.9	270.45
402	272.7
402.4	274.95
400.85	281.3
401.05	278.5
405.45	280.85
403.3	301.45
401.85	323.25
404.85	323.65
406.25	330.45
404.75	329
403.35	328.7
402.3	335.25
402.8	336.15
403.95	340.85
399.55	316.1
398.4	312.7
399.15	312.45
400.8	313.05
403.2	309.3
398.1	310.4
399.75	312.45
384.8	307.2
389.15	306.8
390.35	303.8
395.25	303
396.95	304.55
397.8	300.3
399	300.7
398.35	304.5
398.45	303.25
395.65	304.85
395.95	305.25
396.55	304.45
400.9	305.6
401.25	301.2
402.65	299.35
409.1	295.85
412.8	297.25
415.25	298.05
415.45	298.75
414.95	301.8
509.15	340.3
675.35	408.15
678.65	395.95
677.85	395.2
675.75	393.1
677.6	402.1
679.95	392.65
678.15	399.65
672.85	399.15
683.5	492.75
684.2	494.05
682.2	498.75
684.1	503.35
690.45	513.6
696.2	516.4
700.1	522.35
694.3	518.5
689.55	514.05
691.5	513.45
692.05	507.7
687.65	507.8
570.3	428
441.65	361.4
443.9	340.95
444.75	328.75
447.1	330.3
449.35	333.95
393.1	295.05
390.75	293.6
389.9	292.55
391.5	293.85
392	298.5
390.7	297.6
394.6	299.25
392.4	298
390	298.6
389.5	297.6
390.8	298.1
393.05	300
359.2	272.8
361.7	281.6
361.35	324.05
0	0
0	0
0	0
0	0
0	0
0	0
355.65	493.7
353.9	412.8
354.25	365.5
357.15	341.8
357.4	330.6
360.1	317
363.2	322.05
369.55	332.95
366.2	320.95
362	307.25
353.7	325.35
358.65	311.75
361.9	309.15
360.95	305.7
359.5	302.9
358.7	307.2
360.4	302.7
363.65	306
364.9	303.6
368.7	295.85
369.1	292.95
369.2	296.95
367.85	299.75
366.95	303.3
380	287.6
378.6	291.35
381.5	297.6
381.55	298.35
381.6	293.65
383.85	297.95
381.2	295.6
378.45	292.8
382.3	293.45
378	305.8
387.45	302.9
385.05	302.55
383.5	305.5
379.8	309.6
375.15	309.85
374.2	307
376.85	305.75
375.6	301.8
373.25	299.65
379.6	308.9
380.35	307.5
384.4	303.2
381	300.35
385.6	306.85
388.15	309.6
386.8	301.55
382.25	296
381	300.45
389.4	308.5
416.95	301.5
418.9	303.1
418.7	299.65
417	301.8
419.25	298.45
416.6	296.5
421.55	295.05
419.5	290.35
421.35	291.05
423.25	288
425.3	286
428.25	290.15
428.4	287.65
428.35	282.5
427.15	283.95
419.95	272
384.3	242.85
382.05	243.9
377.9	248.3
381.3	249.25
378.05	248.55
374.85	249.45
377.05	251.6
376.6	257
371.55	254.95
375.05	255.1
376.65	253.1
358.3	255.5
363.25	259.55
365.75	255.65
365.65	257.45
362.8	257.05
362.2	257.05
362	262.55
366.5	267
365.65	263.55
365.45	266.5
364.65	268.45
367.05	269.8
360.2	255.15
363.25	250.7
363.25	253.4
366.15	260.1
368.1	262.5
371.5	262.35
373.1	262.25
379	265.9
376.75	263.55
375.35	262.8
377.5	262.65
376.95	261.7
376.25	264.1
377.6	268.35
376.4	267.2
378.35	272.25
379.9	271.4
381.1	267.15
383	268.8
383.1	269.8
385.15	272.3
430.85	263.7
432.7	262.7
431.1	262
427	259.65
432.5	264.2
434.3	269.4
435.6	267.6
431	264.75
422.9	267.1
393.65	263.15
394	261.35
385.8	264.05
386.25	260.55
384.75	260.45
386.25	257.7
387.9	259
386.8	264.7
384.4	267.25
387	267.1
388.75	264.65
400.4	283
399.3	279.95
400.35	275.45
400.35	274.35
400.25	277.05
399.15	278.05
400.25	279.9
400.9	279.25
390.05	273.65
384.9	266.4
384.65	264.5
383.7	265.3
386.9	266.85
391.05	265.95
390.35	270.2
392.6	275.3
396.15	273.55
395.75	272.8
393.7	276.15
391.7	280.15
413.4	278.85
412.8	280.35
412.05	276.9
408.8	275.7
407	274.3
406.65	271.85
406.1	271.35
403.95	277.3
402.95	276.35
402	277.9
391.25	277.5
391.45	279.25
393.8	279.3
393.85	281.95
393.25	276.65
394.45	275.85
396.45	273.7
395.5	275.8
396.65	272.9
396.5	271.75
400.55	273.6
402.55	271.85
406.4	275.7
407.35	280.1
405.4	275.3
405.15	274.3
402.55	272.95
404.2	271.05
403.8	271.5
402.85	272.25
402.9	273.4
452.05	269.1
444.9	266.75
447.35	267.6
451.1	267
448.9	267.5
447.85	264.45
448.3	268.5
416.5	280.1
421.15	277.35
419.45	275.7
419.6	278.65
420.2	280.5
420.85	279.65
424.05	278.65
423.7	281.8
409.8	272.05
410.2	271.25
407.5	274.75
406.3	276.9
408.6	275.35
407	275.35
404.95	277.4
405.85	277
404.7	279.6
403.25	283.15
400.9	285.85
397.45	287.95
394.1	286.95
394.25	287.75
391.2	286.4
391.15	283.5
388.55	279.25
355.9	277.05
357.25	271.8
353.55	274.5
355.3	279.4
352.1	270.6
349.85	283.5
342.3	280.5
344.25	284.4
341.75	285.65
343.25	285.8
339.25	288.35
339.45	283.9
347.65	281.65
354.2	286.1
362.5	282.9
362.45	288.4
368.8	279.95
372.8	285.05
386.45	267.2
385.6	271.25
392.25	272.55
389.65	275.55
391.15	276.55
389.75	277.65
390.8	278.35
392.8	275.8
392.3	277.05
393.9	276.15
394.35	275.85
396.1	276.7
399.85	271.15
398.85	273.2
403.8	276.35
404.95	272.2
399.15	274.75
386.5	269.8
386.4	272.2
384.1	271.5
381.9	270.5
381.75	268.6
381.7	261.65
382.9	263.95
386.55	274.35
381.6	275.6
384.1	278.1
373.65	270.1
376.6	272.45
372.95	269.75
372.35	262.5
374.6	272.1
378.5	273.15
379.05	265.25
384.2	266.55
386.05	274.35
385.3	276.5
383.85	275.6
388.7	273.4
388.95	269.75
388.85	272.45
386.1	281.9
384.6	273.55
389.25	271.15
385.95	263.3
388.75	265.3
390.2	268.35
391.3	269.95
389.85	265.6
391.75	263.05
386.5	259.9
382.6	260.2
383	262.2
385.7	260.75
386.75	262.5
385.35	264.2
385.3	266.65
383.65	268.2
384.2	266.7
386.55	266.55
385.65	264.15
383.5	264.45
385.2	262.05
385.95	264.3
385.05	265.3
384.65	265.3
382.5	266.6
386.5	261.85
381.7	261.8
384.2	260.8
425.1	267.15
423.85	274.5
426.05	275.95
428.6	273.3
428.35	275.15
429	271.55
429.55	265.55
426.65	267.5
423.35	267.95
424.6	268.85
426.9	271.95
431.8	276.1
429.75	282.75
373.4	279.35
373.85	282.25
376.95	281.1
377.65	278.2
377.1	278.75
378.1	277.45
374.35	279.9
373.35	274.75
369.35	275.3
366.5	268.65
369.8	269.05
370.65	274.8
373.65	280.6
373.4	283.7
373.15	283.35
374.1	287.2
370.7	285.7
370.65	283.65
372.1	286.75
374.95	285
376.9	288.8
376.9	291.55
381.2	293.35
385.65	294.9
386.75	295.5
384.4	292.2
387	289.3
388.85	291.9
392	290.65
388.1	290.8
393.25	290.6
393.95	296
393.2	298.1
395.4	299.95
397.6	293.8
