389.35	314.25
388.55	317.15
386.6	319.3
385.3	320
387.5	312.85
392.85	303.1
389.8	307.75
475.2	360.95
674.35	462.65
675.7	461
672.65	465.5
676.25	462.3
676.2	465.45
697.4	496.1
700.15	494.6
699.55	495.6
700.85	498.9
702.1	502.1
701.6	503.25
701.2	505.7
704.15	502.35
706.05	497.5
671.85	481.5
676.3	484.9
678.2	486.95
682.25	490.5
682.15	489.55
685.55	493.85
684	496
684.05	495.9
684.75	498
0	0
0	0
0	0
0	0
0	0
503.75	347.8
502.6	355
501.4	359
493.7	420.1
489.7	423.9
485.9	427.75
478.55	433.1
474.65	431.75
473.7	431.4
472.4	431.35
466.6	430.15
462.35	432.65
458.05	433.8
458.75	432.55
455.25	439.2
455.7	438.5
452.3	440.85
451.8	446.65
453.25	447.65
459.2	445.9
459.45	437.35
460	439.8
432	440.7
433.2	432.5
429.85	434.15
430.65	426.15
428.1	423.1
428.1	424.1
428.95	419.15
430.55	412.95
427.6	413.65
473.55	457.65
476.75	454.15
477.75	452.75
479.35	449.05
479.35	446.3
476.1	447.1
476.95	444.95
480	446.15
614.05	494.3
705.95	490.65
711.3	497.35
712.1	499.9
711.7	500.8
711.1	498.95
711.05	499.95
710.5	494.95
711.7	499.95
690.95	503.5
696.9	500.05
695.4	501.95
691.65	502.1
686.95	503.2
689.85	501.75
693	501.9
694.1	500.65
693.25	500.7
694.5	501.05
695.05	501.85
696.3	502.4
697.85	501
696.65	502.65
698.7	504
698.25	509.45
700.15	507.05
437.9	443.7
437.05	436.6
436.05	445.6
432.7	447.45
432.55	446.65
432.85	448.05
434	448.7
440.2	446.05
438.8	449.1
439.7	450.55
440.15	444.3
438.65	445.85
437.5	443.5
439.1	441.75
440.85	440.05
435.45	444.45
435.05	447.6
437.7	441.5
385.75	438.35
393.8	441.2
395.05	437.4
393.05	437.5
395.4	435.1
396.6	433.35
395.55	426.1
393.05	422.3
387.2	428.25
387.2	425.4
389.75	424.25
390.75	424.6
391.35	425.05
389.75	428.2
416.2	485
407.15	495.4
410.45	491.85
410.55	491.95
415.1	489.65
414.95	492.15
407.85	493.55
397.65	457.1
241.55	178.15
149.3	366.1
220.55	255.2
234.65	113.4
235.4	93.5
240.55	94.05
244.55	88.95
247.55	89.45
250.15	90.15
247.15	94.65
249.1	95.75
248.65	96.95
248.6	93.85
250.15	84.6
249.45	83.9
218.85	80
220.5	77.15
219.2	75.05
216.4	71.95
211.85	63.6
212.4	63.55
217.35	66.5
215.85	69.9
392.2	269.75
462.45	420.25
464.9	432.9
466.25	433.65
465.1	435.75
466	436.05
466.2	438.4
466.85	436
467.35	433.4
467.4	433.65
463.75	429.65
462.1	429.35
462.55	424.95
464.6	419.7
463.95	418.35
465.95	415.65
467.15	414.95
463.75	413.8
461.9	412.6
461.85	410.85
459.9	408.7
463.35	407.5
471.05	399.9
468.75	378.25
457	319.4
463.8	319.6
464.8	318.7
463.6	315.25
463.7	311
466.1	308.1
464.15	306.5
444.15	296.7
447.05	296.7
449.15	294.4
450.2	293
449.1	296
450.1	298.15
449.5	303.2
453.05	300.6
455.85	297.95
454.6	299.8
449.6	300.7
444.75	300.15
384.8	277.25
252.1	197.65
241.35	200.35
238.5	206.85
233.95	206.65
232.55	209.2
226.35	213.2
228.45	213.95
223.7	212.2
225.55	202.5
225.25	204.6
140.25	170.3
150.85	149.45
149.45	150.7
146.75	150.3
145.6	148.5
144.6	148.7
142.9	148.35
141.85	140.6
129.45	146.7
115.45	136.65
119.1	134.75
122.65	134.35
123.3	132.05
132.2	126.35
135.8	128.1
139.3	126.7
144.1	131.05
150.9	132.25
155	135.75
155.65	134.3
160.7	138.65
176.55	135.6
387.55	216.8
402.7	217.6
409.25	226.85
424.55	229.75
436.25	232.35
446	232.2
447.5	232.6
449.65	233.25
451.5	232.35
468.85	266.55
475.8	291.1
475.45	293
474.75	295.9
470.05	294.45
469.65	293.1
466.9	286.4
468.4	287.95
468.05	286.6
467.65	287.4
483.9	219.65
469.4	185.75
471.35	186.1
470.5	184.1
465.5	185.25
462.35	184.7
456.95	184
455.1	181.25
449.4	183.3
444.55	185.85
0	0
444.55	183.6
445.65	178.9
443.35	179.6
439.45	185.05
438.05	178
429.7	182.35
425.15	183
421.2	181.7
420.95	182.45
260.8	124.15
258.95	117.8
256	120.75
255.35	122.65
261.2	120.2
264.75	121.5
265.8	123.2
263.75	126.9
273.5	122.6
286.6	123.45
291.55	126.65
298.95	127.8
310.3	124.75
323.35	121.35
333.15	126.15
344.2	132.55
357.8	133.2
366.85	133.9
377.2	129.2
383.45	130.9
390.95	128.55
398.25	125.15
402.75	133.1
405.55	132.25
407.55	131.7
415.95	136.75
492.55	236.65
475.25	230.6
480.65	240.35
479.65	243.7
477.35	247.95
476.35	255.65
470.55	254.3
465.75	255.45
460.7	263.85
457.15	260.5
455.5	265.8
452.65	267.05
450.6	267.15
444.5	270.15
441.7	265.6
435.05	268.4
431.55	269.4
424.1	272.7
423.45	268.2
418.05	267.4
417.7	254.25
412.45	250.2
407.75	250.55
405.75	254.8
406.9	255.8
215	292.05
184.25	297.35
185.3	294.55
187.85	292
186.65	294.05
188.8	293.55
191.1	296.4
195.2	306.8
197.6	308.55
202.95	303.55
208.4	304.6
211.35	305.4
215.45	311.35
0	0
0	0
0	0
0	0
105.25	246.15
104.15	244.25
103.7	236.2
102.4	235.15
102.2	233.25
95.7	234.75
110.65	234.5
633.65	146
695.5	132.1
700.8	128.75
694.55	131.55
691.25	134.9
685	137.95
683.65	140.15
678.7	140.95
675.75	142.1
671.15	148.4
667.15	147.85
659.85	152.35
654.55	149.9
650.45	147.9
643	147.35
637.5	146.55
632.6	148.4
624.95	153.85
620.8	153.1
613.15	152.8
585.75	301.9
578.35	322.15
574.55	326.85
569.75	330.65
567.5	332.35
564.35	333.3
563.8	329.45
559.05	333.45
557.15	335.7
496.9	364.75
503.05	362.05
500.45	363.8
501.2	363.7
498.15	368.65
491.1	369.35
489.45	368
484.55	368.8
483.4	371.9
479.75	375.2
476.8	376.65
473.15	377
470.4	376.5
480.4	251.65
489.6	197.8
486.6	197.1
489.5	193.3
487.85	193.5
487	191.45
490.1	186.6
493.75	184.95
491.55	198.4
489.6	198.6
488.85	196.3
489.85	187.5
492.1	187.8
492.45	197.45
497.9	192.85
493.8	185.8
495.25	183.7
488.9	189.4
486.35	195.35
483.25	195.05
487.55	192.9
486.6	190.65
487.95	196.4
448.1	172.65
449.8	173.15
448.75	173.85
450.3	179.6
455.6	181.75
457.85	167.35
458.25	159.25
454	167.35
454.65	172.3
455.8	169
456.95	170.4
458.4	168.95
442.3	150.6
438.6	154.25
433.65	154.9
433.2	155.6
431.45	153.95
430.15	151.7
425.85	151.35
426.15	155.85
424.5	155
431.55	168.25
399.6	270.15
403.55	268.35
406.9	268.7
407.2	269.3
408.65	269.65
409.05	272.5
411	281.2
408.85	281.45
398.65	276.75
384.2	272.6
310.9	305.7
303.05	306.5
300.85	302.75
296.8	302.85
293.75	304.95
292.1	302.1
293	302.45
292.25	301.05
288.4	304.15
363.8	318.1
345.65	314.6
345	311.7
343.9	309.75
343.4	309.25
345.6	309.25
343.3	314.5
349.45	324.75
0	0
0	0
0	0
0	0
0	0
309.45	361.85
312.35	362.85
307.05	365.95
305.35	376.1
306.95	370.35
308.3	371.65
306.05	373.45
303.7	363.15
245.8	195.65
239.15	190.3
239.85	186.7
237.35	186
237.6	185.8
243.2	185.55
248.6	183.8
249.2	183.2
248.8	180.85
248.9	181.75
253.1	175.95
259	173.05
262	180.4
266.7	176.9
265.35	185.2
270.15	186.5
343.85	246.9
333.6	275.7
334	281.55
335.85	287.25
341.55	289
346.6	283.35
347.55	272.4
348.65	273.65
353.7	276.45
356.1	278.5
360.65	279.5
360.85	275.35
364.15	277.65
368.05	280.05
370.7	275.95
371.3	276.5
373.45	271.75
374.25	262.65
375.65	265.75
375.4	264.6
374.65	258.8
338.25	242.35
342.7	231.1
345.3	226.85
347.6	218.7
348.35	214.05
355.2	201.25
359.9	197.2
361.95	198.5
365.3	195.55
367	190.9
369.8	187.65
369.45	192.25
370.65	194.15
374.15	197.2
377.45	192.55
376.5	196
376.15	197.6
376.9	196.15
379.45	188.35
265.8	96.5
276.55	89.1
283.45	86.55
292.2	85.75
300.25	89.15
303.3	87.15
310.3	92.05
314.85	94.15
318.55	100.7
321.3	104.15
326.6	107.85
330.1	108.8
333.3	113.2
337.35	119.4
340.5	123.3
341.5	128.25
345.6	132
344.75	125.4
348	126.55
350.1	132.5
350.6	133.15
355.25	137.8
459.1	202.65
457.6	200.6
458.2	200.3
458.75	206.55
458	211.6
459.6	213.65
458.95	214.45
457.65	215.35
425.8	215.2
268.45	145.05
269.5	151.05
270.15	153.65
269.8	153.5
268.35	153.4
266.45	158.9
269.65	154.2
271.05	152.95
274.4	153.9
170.4	160.75
172.25	158.35
176.8	160.25
180	161.9
181.55	164.9
189.1	165.95
193.25	167.4
193.55	166.05
198.45	160.25
202.8	160.25
203.6	160.95
210.2	159.85
218.25	164.25
226.5	164.25
228.25	167.05
231.75	172.4
256.45	270.25
252.95	265.35
253.45	268.65
255.7	271.45
258.55	270.9
260.2	270.95
262.4	268.6
262.25	272
268.55	281.1
268.45	284.65
266.2	285.75
268.9	354.5
263.6	349.2
262.95	351.9
259.55	358.7
259.15	360.35
258.5	361.5
256.75	364.2
256.05	365.7
254.65	365
254.95	368.65
270.1	395.65
285.1	437.8
283.2	439.2
279.3	439.85
278	440.25
274.25	440.5
272.4	442.35
271.45	440.9
270.9	441.75
272.1	438.05
269.3	438.5
267	438.35
264.35	441.75
269.8	439.65
268.15	437.85
263.05	434.2
257.1	435.6
254.2	435.35
249.45	433.9
249.75	430.65
247.2	427.25
245.05	424
242.05	426.75
242.35	423.55
508.65	300.35
487.8	295.2
485.45	291.5
485	293.6
479.7	333.5
0	0
0	0
0	0
406.75	309.7
402.25	308.55
395.95	310.05
394.85	305.35
393.75	304.4
395.35	305.5
393.75	304.95
391.3	304.9
389.3	306.1
390.6	309
390.15	309.2
389	313.25
385.05	319.95
378.1	326.1
372.3	336.35
367	341.85
371.15	338.4
372.65	342.25
373.7	345.1
377.35	346.85
375.45	345.4
376.25	347.1
377.9	344.3
375.2	348.65
372.4	350.45
371.3	353.7
373.1	414.75
0	0
0	0
0	0
0	0
316.6	361.95
320.7	350.7
324.35	361.15
324.35	366.45
328.4	368.2
331.1	366.6
332.95	368.35
332.75	368.3
331.7	364.55
430.5	299
425.75	303.35
424.35	296.65
420.6	298.7
421.5	302.95
422.3	298.75
418.35	298.05
421	298.6
419.6	312.7
419.6	306.65
418.25	308.25
424.9	311.4
423.1	317.5
424.15	316.45
422.8	316.7
420.95	314.85
313.1	367.85
289.8	386
284.15	385.65
287.45	383.25
286.85	387.8
287.2	383.75
288.65	383
287.25	382.75
291.95	383.85
289.85	384.25
294	381
290.25	381
294.95	375.55
389.3	349.85
455.45	318.45
460.55	318.15
462.6	316.75
465.55	313.55
468.7	311.1
470.85	311.75
468.9	314.15
467.9	312.4
466.4	314.15
466.8	312.8
464.9	310.7
464.3	309.1
465.25	309.3
461.25	309.15
460.7	308.05
460.7	306.35
460.95	305.7
422.6	366.75
423.85	363
420.75	368.65
425.1	366.75
423.55	364.25
424.75	361.6
424	365.2
422.8	367.45
421.95	367.4
421.45	360.65
420.4	365.15
417	364.45
421.95	369.3
420.9	370.25
418.75	371.05
421.6	369.75
422.2	367.9
424.35	364.95
424.2	363
375.3	396.9
388.5	394.75
388.4	398.5
383.9	404.1
385.65	402.55
384.8	403.5
385.85	402.1
385.9	400.7
385.4	402.15
387.2	397.15
386.4	398.75
388.5	396.95
391.6	397.35
392.7	398.1
392.7	393.65
393.2	394.3
390.9	397.45
394.55	391.45
392.35	399
393.95	398.8
394.5	395.1
397.6	396.6
395.9	392.25
394.45	388.85
397.15	386.5
456.55	361.55
454.85	361.2
459.25	359.9
456.1	355.8
458.5	355
459.1	351.9
460.95	356.05
460.9	356.45
462.1	355.85
461.85	353.5
463.55	352.5
464.25	352.85
465.6	351.45
463.7	351.35
465.6	349.55
466.15	346.85
411.2	296.5
422.5	295.2
423.7	303.95
429.3	295.05
430.1	295.25
422.6	301.3
424.3	293.95
425.1	294.2
423.65	291.25
421.9	290.8
425.45	288.5
427.45	288.65
429.1	289.6
432.85	293.6
431.9	301.6
0	0
0	0
0	0
0	0
0	0
427.25	231.75
425.9	224.25
425.15	230.95
422.7	238
422.2	247.15
424.5	251.45
423.1	255.3
422.65	261.35
421.9	265.35
422	271.75
422.05	268.6
422.3	273.25
468.6	378.5
465.3	371.8
464.3	374.35
466.8	379.65
467.25	380.1
190.95	328.95
154.45	325.4
154.35	325.4
152.55	325.3
151.2	326.9
150.5	327.7
152.6	326.05
155.65	328.2
208.65	317.6
681.35	104.65
646.5	104.25
649.45	109.75
648.3	112.7
647.05	108
646.8	112.55
647	107.05
648.3	110.3
648.05	108.05
649.85	102.45
384.95	247.9
168	326.2
149.6	334.8
149.3	331.5
148.1	328.25
148.7	328.65
149.05	325.7
148.9	325.6
149.3	326.9
148.65	321.75
148.4	320.6
150.9	322.1
150.45	327.35
150.95	333.05
155.6	335.7
187.8	416.7
185.75	431.2
186.55	429.75
187.5	436.25
189.45	437.3
191.75	438.95
194.45	435.65
197.3	437.6
201.2	438.15
201.55	438.45
204.9	437.65
208.05	436.85
209.05	437.4
215.4	433.9
221.85	433.5
222.35	431
226.55	431.6
222.65	432.95
224.9	433.3
195.3	363.35
185.1	320.75
184.15	311.35
185.55	311.2
182.35	310.9
182.7	310.2
190.35	311.2
193.9	315.2
195.35	314.15
197.75	313.85
201.55	310.75
205.5	306.45
210.15	299.9
207.8	300.45
207.55	298.65
208.45	290.5
212.55	287.8
212.7	286.65
218.4	283.85
221.3	286.3
222.15	281.65
223.8	277
225.2	268.2
226.35	270.7
206.65	232.25
159.55	100.15
163.4	71.35
170.85	80.15
178.15	65.85
181.55	56.55
182.45	47.2
184.65	37.1
189.8	39.35
192.65	33.3
197.45	29.25
0	0
0	0
0	0
0	0
0	0
0	0
0	0
0	0
230	16.4
235.75	23.35
240.05	20.6
369.9	144.55
350.6	135.55
358.55	139.85
361.6	134.3
368.85	139.2
370.15	143.6
370.3	146.1
368.3	146
368.15	146.1
368.65	145.95
367.8	147.1
369.05	145.95
356.2	148.1
246.95	142.7
243.6	141
240.95	142.3
237.15	145.6
234.35	140.7
225.95	139.95
221.75	136.45
220.05	140.05
216.35	139.1
216.4	140
211.1	142.65
210.55	141.35
208.75	145.5
212.2	145.65
218.6	144.2
222.65	142.8
239.2	143.8
251.15	145.8
261.55	150.05
269	145.75
271.4	150.65
273.35	155.25
285.75	255.95
289.55	291.9
288.95	292.75
288.7	295.05
291.85	297.5
287.1	299.9
284.5	300
286.3	298.9
285.15	299.35
284.75	302.1
285.25	307.9
242.85	345.2
246.85	340.7
242.9	340.3
244.15	341.45
244.55	345.85
244.45	343.6
247.2	340.9
251.6	339.25
256.2	338.3
395.35	228.05
396.65	224.25
398.95	224
408.5	219.45
417.05	215.35
425.45	212.15
435.55	210.4
500.4	178.4
538.15	158.6
544.95	159.6
547.45	158.85
551.5	158.65
551.35	158.45
552.7	162.55
553.4	162.5
552.65	163.5
552.85	160.85
555	157.85
552.25	158.4
548.75	154.9
546.95	152.2
546.5	155.15
545.25	155.15
539.1	155.45
512.55	116.3
488.45	79.25
481.25	76.05
474.1	79.75
466.3	78.3
459.25	80.4
450	86.35
443.75	93.75
439.15	96.05
436.75	98.95
437.8	101.65
432.05	103.9
424.9	105.1
419.65	109.4
417.95	107.2
419.1	106.15
419.15	108.3
419.25	113.75
416.75	115.75
409.9	121
372.4	161.2
217.95	381.65
203.4	381.55
202.1	385.1
202.6	389.55
207.65	391.05
208.75	390.95
211.35	388.3
216.15	392.2
213.55	393.8
207.9	392.15
205.05	387.4
202.85	385.6
198.95	388.85
192.95	386.25
191.9	377.3
198.9	368.4
201.15	361.4
207.7	371.85
0	0
0	0
0	0
260.3	354.35
257.3	336.35
260.5	336.55
264.1	339.2
268.15	340.05
269.6	345.6
269.75	349.75
269.6	352.85
266.45	355.45
268.65	354.05
271.65	360.65
271.2	362.9
267.4	367.55
268.9	365.05
270.75	361.2
270.75	359.15
271.15	356.1
272.1	358.5
270.5	360.4
273.75	357.7
235.75	414.8
242.5	418.95
244.85	418.35
241.95	423.2
237.65	426.25
239.75	427.25
239.05	426.35
239.3	429.7
238.95	429.6
240	434
241.55	435
243.5	436.95
250.85	438.45
255.5	434.55
263.25	436.1
318.5	372.1
326.4	354.9
339.25	347.9
350.9	339.65
359.9	336.35
367.15	335.75
376.1	328.85
380.75	328.45
388.5	321.65
394.95	315.7
397.7	313.2
400.85	308.6
405.1	302.65
409.2	298.05
398.45	206.6
405.45	211.2
403.15	210.45
405.6	208.4
408.2	202.5
411.8	198.3
416.15	192.75
450.3	146.8
453.65	150.35
453.65	150.75
459.55	151.9
464.85	154.25
468.95	152.55
469.45	152.95
471.7	153.15
473.3	153.4
489.45	167.05
493.05	166.45
496.1	165.85
499.3	164.25
496.35	163.45
497.85	165.6
498.2	167.95
500.1	166.75
496.4	164.4
494.45	163.25
492.6	165.5
489.2	165.75
488.3	164.5
486.5	166.85
482.8	164.15
479.7	164.2
475.8	164.3
477.35	165.75
468.55	167.45
458.1	168.2
454.9	174.4
454.8	171.25
452.45	169.85
452.15	168.2
423.8	164.75
425.15	166.1
421.95	170.3
422.95	174.8
425.35	172.8
424.7	176.5
424.95	177.5
423	184.9
423.5	190.1
428.35	186.5
430.65	192.65
434.75	195.7
452.85	193.5
453.05	197.5
450.5	197.95
449.8	196.55
445.75	198.7
443.4	199.05
446.1	201.65
444.45	198.2
441.9	197.1
445.8	191.95
444.7	192.65
445.3	191.2
445.05	190.3
445.6	195.1
443.65	191.05
443.3	191.35
443.2	192.65
442.1	198.8
440.2	202.95
449.85	253.65
453.8	351.7
455.3	349
455.9	354.2
457.6	354.4
454.7	359.1
455.55	361.8
456.85	360.1
455.25	362.45
454.55	365.35
454.7	366.75
454.85	367.15
454	369.25
454.4	370.45
454.9	376.75
446.8	416.65
0	0
0	0
0	0
0	0
0	0
469.7	111.55
473.55	116.3
477.7	132
478.6	143.55
477.6	154.45
476.45	156.1
476.4	155.65
475.45	158.8
475.65	160.65
470.7	164.9
473.2	164.2
471.75	166.15
470.75	170.95
468.65	171.85
465.85	173.85
462.85	190.05
461.9	193.5
462.2	184.25
457.5	191.25
454.7	191.7
490.8	324.35
473.8	465.15
473.55	462.95
469	460.25
472.75	463
471.8	464.65
468.45	465.15
467.1	465.05
465.25	463.5
462.45	463.25
464.75	462.35
461.95	464.95
411.25	515.25
423.3	510.5
420.1	507.75
422.6	510.7
417.3	514.9
412.4	516.1
413.75	511.25
353.15	473.7
351.45	460.15
344.1	472
348.35	468.75
343.65	468.4
351.9	453.25
357.4	465.6
361.85	462.3
356.55	469.05
359.4	465.25
363.25	468.15
367.2	461.35
371.65	451.75
370.65	456.4
375.1	461.6
378.85	463.9
384.45	465.75
386.5	457.5
391.8	454.35
397.3	451.7
395.35	454.3
395.15	452.1
391.9	449.15
393.6	434.75
478.55	233.5
466.95	134.35
469.55	135.05
467.65	129.8
474.05	120.4
474	116.55
478.75	113.8
483.8	114.35
486.8	117.5
482.3	178.65
476	438.05
473.9	448
476.65	452.9
478.7	453.9
485.65	448.8
487.65	450
488.1	453.35
491.4	451.75
494.9	449.95
496.05	453.05
493.6	450.95
495.25	456.4
496.55	457.8
496.85	454
495.95	452.65
495.05	457.95
493.55	455.5
492.65	455.1
490.7	457.15
488.9	454.3
484.5	455.55
486.6	453.15
483	452.3
485.6	449.65
505.85	481.9
501.45	477.1
500.1	479.2
500.65	480.45
500.55	482.85
501.65	482.6
503.8	480.9
504.95	480.35
510.1	482.25
507.95	487.2
509.35	488.65
513.55	483.5
508.05	484.25
508.85	486.9
513.15	490.2
512.05	492.1
512.75	490.75
525.3	527.35
522.9	528.65
527.15	530.55
529.65	533.1
528.75	531.1
532.05	531.95
531.45	532.7
531.55	533.65
535.95	533.7
536.1	535.1
536.35	533
536.4	533.8
539.45	533.2
540.6	530.25
539.45	531
543.55	531.75
518.6	457.8
521.4	458.6
521.5	458.8
521	456.25
524.55	456.5
524.7	456.45
526.9	461.95
534.8	461.1
531.85	460.75
534.8	458.7
536.45	457.2
537.05	458.85
537.35	456.75
535.1	452.5
536.35	452.9
536.3	450.1
538.4	447.8
538.85	447.7
539.95	446.45
542.45	444.9
542.6	444.3
540.65	441.85
543.4	440
543.15	437
545.85	434.65
547.1	433.2
494.65	410.6
500.7	406.35
502.05	403.45
500.15	402.75
499.5	399.1
500.65	395.5
506.15	382.9
505.65	377
505.15	380.05
506.9	370.85
510.95	363.05
513.05	352.1
494.05	285.65
493.8	280.9
492.85	275.2
492.3	271.6
494.6	269.7
494.35	267.65
498.45	262.9
500.55	262.95
501.25	261.65
503.3	259.95
506.15	260.1
504.15	262.15
505.85	261.45
506.55	267.65
506.45	266.45
505.05	268.8
504.75	272.45
501.95	273.7
504.65	275.1
508	268.3
468.6	263.1
367.1	224.25
362.7	225.2
361.95	228.25
358.25	226.05
358.65	229.15
358.55	228
354.65	225.05
353.6	223.8
351.75	222.65
347.5	223.3
256	172.4
204.05	83.2
198.1	71.45
194.3	67.3
191.6	60.4
187.6	58.55
183.15	58.55
180.05	59.4
178.5	58.15
173.2	56.15
171.9	56.4
175.1	56.3
173.65	54.9
176.4	60.3
178.45	68.1
180.25	76.15
183.25	85.4
184.6	98
182.7	111.5
186.9	131.55
186.3	153.4
189.3	159.45
191.2	164.2
177.3	298.85
179.25	295.3
184.05	302.05
185.45	305.7
184.15	310.05
184.5	314.2
183.05	316.7
183.75	317.95
184.75	320.45
186.05	324.2
185.45	324.1
188.15	323.25
195.65	318.75
270.65	253
274.9	251.25
281.3	246.8
292.2	242.75
302.7	240.2
310.8	235.5
317.5	229.3
329.6	222.1
340.55	220.25
349.45	214.2
353.05	213
358.35	209.55
454.8	166.25
454	167.95
458.7	170.55
460.3	168.15
456.7	157.55
456.2	161.3
456.85	161.6
460.95	164.55
463.9	166.4
468.45	166.9
470.6	162.75
506.45	110.5
504	111.45
504.6	106.8
498.55	111.2
495.55	113.85
492.25	114
490.65	115.95
486.15	112.05
486.6	111.55
482.2	112.25
478.35	109
476.05	105.55
478.05	104.1
475.95	104.7
476.8	96.5
478.45	92.3
474.75	89.9
478.4	86.95
476.05	87.25
474.25	85.3
471.8	86.75
458.9	41.05
457.7	35
460.25	28.25
456.75	30.1
458.35	25.8
457.5	25.4
456.95	19.25
454.65	20.05
452.5	19.1
448.35	20.55
448	66.8
0	0
0	0
0	0
0	0
0	0
149	200.1
150.2	203
149.1	225.3
151.1	244.05
148.8	251.5
149.1	249.95
146.9	248.05
146.6	243.95
148.15	241.5
150.45	244
151.6	245.85
158.15	245.2
159.7	248.95
169.95	248.35
181.25	244.55
189.6	246.6
196.8	244.85
205.75	245
214.2	247.1
217.9	248.15
225.75	246.3
232.75	246.35
230.3	243.6
216.2	229.25
220.05	228
218.55	227.6
216.8	223.85
213.5	223.6
212.2	222.75
210.65	220.9
213.55	222.9
219.1	224.85
217.5	221.15
212.55	222.2
211.6	220.25
210.05	217.65
210.35	220.3
210.4	222.65
208.4	217.3
209.2	219.8
210.2	219.45
207.15	215.7
208	215.85
209.3	215.45
211.15	212.4
209.5	210.6
77.1	277.3
92.85	276.15
89.15	279.5
84	277.95
80.85	280.1
77.15	279.6
76.15	280.85
72.45	273.8
68.25	270.3
66.95	271.15
65.9	272
61.55	267.85
61.15	272.45
68.9	278.8
288.8	170.8
278.65	175.25
285.15	169.05
281.95	170.35
281.7	173.8
280.4	175.3
285.4	172.35
291.9	175.3
290.55	182.8
296.25	180.4
298.9	186.45
302.45	184.6
304.05	181.75
308.45	178.5
312.65	178.5
314.85	184.35
321.65	183.45
326.15	181.9
327.5	181.6
330.5	181.25
338	184.2
342	187.15
344.9	185.55
346.6	180.8
352.35	176.15
355.55	177.85
358.75	174.65
365.1	181.1
370.3	175.6
369.3	174.4
369.6	173.1
371.05	180.1
371.5	183.6
368.5	186.7
348.55	308.7
346.35	312
346.45	305.8
349.95	297.4
355.05	301.7
354.05	309.75
355.6	312.05
355.7	302.8
351	304.25
352.65	302.3
350.25	314.8
352.1	323.5
347.5	228.25
360.8	192.25
360.8	192.1
356	191.05
356.8	198.05
357.45	197.7
357	199.6
360.65	197.65
359.8	198.55
358.1	201.3
360.15	203.85
355.75	199.85
353	197.6
354.65	196.2
352.65	197.3
350.85	196.55
351.3	202.2
322.6	231.25
303.9	285.05
299.3	286.3
296.75	287.4
291.8	290.5
284.55	292.6
280.75	292.15
523.05	180.5
513.45	170.2
514.8	167.9
518.15	164.9
520.55	172.75
515.3	197.05
0	0
0	0
0	0
0	0
482.95	273.6
487.15	269.65
493.35	272.8
495.35	272.6
498.3	274
501.3	272.7
501.75	276.65
497.85	279.35
495.1	280.9
562.9	102.85
564.25	112.4
559.4	118.15
551.6	118.3
545.45	119.4
543.85	121.75
542.1	122.2
536.5	120.25
534.45	117.95
565.6	146.35
561.45	144.1
563.6	143.85
565.95	142.3
570.6	143.45
569.55	140.2
570.65	140.2
571.85	137.65
569.65	141.95
569.9	143.1
568.25	143.75
566.5	144.2
562.2	141.55
556.65	151.75
550.6	249.5
547.6	246.85
545.25	249.8
543	245.75
540.65	235.25
541.2	238.7
545.7	253.5
545.75	245.7
542.65	249.8
542.65	252.55
543.4	245.95
546.15	245.2
544.25	250.9
524.6	327.65
526.4	321.75
526.2	320.75
533.3	327.85
533.85	329
535.3	328.45
538.85	324.85
534.05	321.9
534.1	322.75
542.4	324.7
544.7	320.65
537.05	319.55
535.45	322.65
539.15	318.3
533.6	314.5
566.1	116.75
566.8	114.75
573.3	119.1
566.15	114.3
567.95	117.4
573.5	119.9
567.6	115.6
567.25	113.9
567.9	115.35
568.8	118
568.05	118.45
567.5	119.15
568	119.55
581.7	211
580.3	205.55
585.15	204.7
583.8	207.1
582.2	208.55
582.8	205.15
584.45	207.45
588.6	204.25
588.65	207.2
592.15	208.05
590.7	209.35
356.95	321.9
193.65	369.6
181.6	371.35
183.15	376.6
181.6	380.8
180.1	387.7
180.75	392.95
180.1	393.25
170.95	390.7
118.7	417.6
137.15	489.95
0	0
0	0
0	0
0	0
0	0
0	0
128.25	476.7
133.25	463.35
135.15	467.8
136.15	467.4
138.75	469.35
141.65	468.9
144.4	463.8
143.1	469.5
141.1	461.2
138.2	463.15
137.45	468.8
139.7	475.3
144.15	475.1
150.55	474.15
150.95	475.85
151.8	474.3
149.1	484.65
149.65	486.5
155.55	487.7
155.25	483.3
156.15	482.65
156.75	471.15
158.15	473.1
157.75	477.55
152.85	480.7
176.3	510.85
176.55	508.5
178.25	509.85
181.3	508.65
184.15	505.3
187.45	505.9
187.2	503.95
187.5	503.1
187.6	504.55
187.5	499.45
191.2	502
189.6	372
183.9	343.95
188.7	344.2
186.2	343.2
189.7	343
186.65	344.65
187.4	342.15
171.75	378.6
168.05	401.8
169.1	403.5
169.25	402.5
169.9	400.35
168.7	401
170.75	399.65
172.55	399.65
169.95	385.1
147.25	336.3
142.85	342.75
143.05	336.8
144.25	337.25
141.15	339.15
150.55	292.15
152	295.4
150.2	293.75
151.35	296.75
154.45	293.1
156.25	297.25
153.35	297.9
159.65	294.75
157.7	297.35
158.85	295.15
161.7	296
159.55	300
161.65	296.65
164.5	295.5
165.85	292.5
170.35	292.45
329.9	241.1
388.3	234.4
396.5	233.7
405.25	232.25
408.9	231.4
417.8	221.05
421.75	223.05
429.4	222.05
564.6	192.65
558.6	191.15
565.5	190.1
570.25	186.8
574.6	184.75
578.9	184.15
580.8	181.1
582.95	182.4
585.55	181.85
636.45	106.1
637.75	103.2
642.45	95.05
651.95	99.35
656.45	98.6
660.85	99.55
663.35	98.2
659.9	92
659.75	88.6
654.85	87.3
650.75	87.45
643.8	91.05
630.1	94.05
616.4	96.35
601.25	99.4
591.5	97.85
580.65	99.95
571.1	105.85
541.35	133.9
347.85	286.8
336.05	281.95
321.4	276.6
305.7	281.65
295.65	278.7
291.15	281.9
285.3	281.6
285.7	279.9
281.6	282.6
275.9	283.8
274.55	285.2
275.1	285.85
273.85	286.55
271.9	285.35
270.1	284.95
268.25	282.1
268.25	282.9
267.65	284.35
265.55	284.2
266.85	283.5
270.7	285.65
271.45	286.45
270.1	288.9
270.6	289.4
272.95	286.15
271.85	283.1
161.5	225.4
167.9	229.4
164.95	230.35
166.25	229.35
164.9	225.9
166.75	227.6
165.65	226.05
166.25	225.25
148.15	214.25
156.8	209.5
163.8	209.25
168.3	204.05
174.95	204.2
180	204
185.8	204.15
191.9	205.75
200.4	204.85
205.25	198.45
210.35	198.15
217.75	199.65
225.3	198.9
231.5	201.25
235.2	200.05
208.65	208.65
222.6	210.75
221.5	209.45
222.5	214.25
225.65	214.55
229.9	215.5
231.85	218.3
233.5	216.85
237.35	217.15
237.95	217.45
243.25	214.5
246.75	214.9
305.45	173.1
312.1	172.35
313.3	174.1
316.2	173.5
318.55	173.4
317.95	177.6
317.55	179.6
316.95	179.45
318.95	180.7
319.85	180.45
316.75	183.1
314.7	181.5
310.25	183.35
310.5	183.2
310.3	182.3
309.6	179.8
304.45	184.65
299.15	183
296.9	190.3
297.1	188.6
295.9	190.9
293.4	192.6
293.75	193.35
291.8	196.2
288.65	198.05
259.45	332.6
259.15	311.35
257.55	312.95
255.85	319.65
251.95	326.65
247.95	323.7
243.2	328.95
236.75	337.05
206.8	380.65
204.65	380.9
203.4	376.6
202.25	378.4
202.6	379.4
203	382.15
202.05	377.75
238.5	416.15
253.9	425.8
261.65	425.55
267.05	422.5
275.05	425.8
283.1	422.25
288.7	420.2
294	419.1
302.6	418.1
310.35	418.15
314.35	416.2
313.55	417.8
317.8	415.45
319.6	418.2
320.3	418.55
320.55	413.9
325.4	402.85
286.8	244.55
292.45	244.9
292.65	241.1
297.35	237.55
299.45	229.4
304.65	226.95
306.95	234.1
309.35	231.4
311.25	228.2
313.5	241.85
312.4	244.2
318.4	245.65
333.25	287.5
328.65	278.3
328.85	280.6
328.25	283.05
326.8	278.95
329.9	281.2
333.15	289
326.75	294.75
354.8	283.8
0	0
0	0
0	0
0	0
0	0
381.55	239.7
385.1	230.3
386.55	226.55
381.15	226.2
376.4	226.2
379.95	224.4
381.4	222.85
379.9	228.7
381.7	226.3
385.85	230.95
381.75	240.25
385.05	232.2
225.75	459.25
237.05	474.25
235.75	479.1
237	474.85
238.85	472
241.35	468.7
242.45	465.1
248.45	465.15
253.2	461.05
257.85	458.65
258.35	458.35
260.75	455.55
266.4	449.75
269.95	446.55
277.8	490.35
276.8	487.15
278.65	489.25
279.75	484.1
280.95	474.9
285.3	473.45
285.4	480.95
284.3	484
285.15	480.5
288.3	471.3
286.5	471.9
283.7	482.25
282	481.3
283.35	483.45
288.1	474.25
281.6	479.15
279.75	479.05
275.2	482.55
275.05	479.35
272.6	476.05
269.45	475.65
267	479.3
259.7	479.3
256.9	480.2
260.7	480.85
260.85	478.45
260.6	483.35
255.95	480.25
258	475.2
253.75	474.2
250.95	472.2
252.4	476.35
255.7	471.45
224.1	479.55
229.6	476.1
224	479.05
219.3	486.8
220.45	495.5
223.5	489.75
268	383.75
275.25	233.65
275.05	245.2
271.95	247.3
280.8	246.2
284.05	248.95
289.4	250.35
291.8	250.1
290.95	248.25
289.1	250.1
288.3	249.75
287.55	253.1
291.55	250.55
291.25	254.05
294.3	253.65
295.1	256.25
246.15	334.4
247.25	330.8
250.35	326.95
249.55	325.95
251.8	317
246.75	318.45
248.35	319
248.75	317.9
248.15	321.6
249.1	315.35
254.35	317.4
256.75	319.7
256.05	324.75
255.15	318.25
253.85	324.2
252.05	323.9
251	323.35
249.75	319.05
246.65	314.45
246.6	313.35
250.7	315.25
262.6	376.15
254	380.25
253.9	377.45
254.55	376.2
253.75	380.3
254.8	378.8
257.8	379.95
253.85	377.9
249.3	377.3
215.05	393.8
222.8	385.15
222.7	385
219.9	381.9
210.95	395.05
252.8	339.7
346.8	118.8
346.6	131.85
342.65	131.3
340.8	127.9
334.75	110.15
331.4	123.9
330.5	123.2
330.2	120.95
332.05	197.75
0	0
0	0
0	0
0	0
262.45	77.5
253.65	89.95
249.2	107.25
249	122.6
249.3	132.2
249.95	139.15
237.6	185.4
218.7	230.4
217.7	235.85
217.8	237.8
218.25	238.8
218.05	241.95
221.45	248.15
223.75	251.55
227.55	258.65
226.75	267.15
232.15	270.75
232.9	273.2
235.75	273.25
235.7	278.8
239.75	279.85
240.9	282.4
241.95	286.4
246.5	289.85
247.7	287.95
276.25	264.85
367.6	199.2
366.6	206.5
369.75	207.3
370.45	213.1
371.95	216.2
374.3	216.45
374.2	219.85
377.2	218.85
376.85	222.8
378.85	226
380.9	224.9
378.6	229.35
380.45	231.25
381.95	229.1
348.3	276.9
351.8	271.75
358.95	270.1
361.2	272.7
360.1	273.25
361.3	268.25
357.2	274.45
354.6	276.65
358.1	284.15
354.35	280.2
359.5	276.15
361.4	275.55
362.95	282.05
363.9	284.45
365.8	290.8
407.4	258.55
400.45	256.55
398.3	258.9
400	255.1
402.4	252.45
402	252.05
401.75	254.65
403.05	253.95
406.4	250.05
407.25	251.2
410.35	219.25
391.7	140.8
403.75	145.25
404.1	146.05
408.2	142.65
407.75	141.65
406.95	140.55
407.75	139.35
411	137.4
410.85	139.25
409.25	143.9
410.1	148.75
407.2	157
400.3	167.2
389.4	179.1
385	181.9
362.4	217.1
341.9	241.75
340.65	245.05
338.15	249.65
329.85	256.85
329	260.5
328.85	266.65
322	271.3
316.65	274.2
314.55	276.85
310.7	282.45
284.55	337.6
286	346.25
286	344.8
283.7	343.2
282.05	345.15
282.8	343.15
282.05	341.55
328.55	292.55
321.3	299.3
318.7	302.8
318.6	301.5
317.15	300.95
318.5	304.8
320.7	301.55
319.5	302.45
320.7	301.15
321.6	301.75
321.65	301.15
322.75	301.65
307.5	346.95
312.4	346.8
311	347.6
313.75	338.35
315.15	336.2
315.95	333.25
315.1	334.25
315.2	333.05
313.55	331.65
311.35	331.25
312.9	332
307.55	335.75
306.05	341.05
308.4	333.7
308.8	331.4
313.65	328.4
315.65	327.15
314.65	329.65
315.65	328.45
314.55	329
314.8	328.15
315.25	334.65
317.9	331.35
319.7	270.65
322.1	258.6
321.75	259.55
322.1	256.85
324.95	253.25
327.35	252
386.75	173.05
378.4	177.5
377.5	177.6
374.9	178.1
376.25	174.1
373.4	175.25
370.5	175.95
338.2	182.3
346.7	175.15
345.05	180.85
343.65	181.1
342.65	183.1
340.1	185.3
339.05	190.1
336.1	191.95
331.2	191.8
324.25	194.75
268.45	262.5
266.2	304.2
259.85	310.65
256.95	316.2
248.3	322.45
244.5	324.4
238.65	326.65
231.05	332.2
229.45	332.45
222.45	335.8
225.95	336.45
225.6	337.25
229.45	333.8
238.15	327.9
299.55	174.45
297.35	187.1
303.15	178.2
305.6	180.55
308.45	184.6
312.2	180.8
313	183.05
312.6	183.55
273.25	228.25
284.95	218.55
284.35	220.55
285.65	219.45
288.2	218.65
289.6	220.85
289.05	222.65
291.85	221.25
291.65	219.55
289.7	216.7
285.95	219.55
286.9	215.95
286.6	218.05
288.45	214.7
287.45	219.45
300.05	243.3
0	0
0	0
0	0
0	0
0	0
404.6	153.6
397.75	165.05
395.7	174.75
390.85	181.4
387.9	187.4
390.1	185.45
355.85	283.6
361.45	271.3
357.45	280.35
356.15	283.8
360.35	287.9
358.1	289.7
361.2	293.55
358.9	295.55
360.15	297.85
359.9	303.95
362.8	302.55
361.6	308.75
367.25	308.8
365.2	302.65
414.55	223.65
422.6	169.85
424.3	172.15
426.35	172.1
427.75	173.95
429.75	174
438.35	160.6
452.1	129.4
452.85	120.7
453	126.95
453.4	128.15
453.2	126.4
452.25	129.95
451.1	133.45
449.35	134.85
435.35	162.7
434.2	164.95
428.85	164.45
426.8	166.45
424	170.2
424.3	170.5
424.65	171.6
421.75	176.5
419.2	180.8
422.25	177.95
425.25	179.15
421.2	184.25
426.15	183
422.45	184.05
424.15	187.8
428.15	190.65
425.7	186.35
393.9	270.35
400.9	279.45
404.95	278.2
407.65	286.5
409.85	282.55
410.5	278.75
408.8	279.6
411.3	276.8
412.5	270.1
412.65	269.55
412.6	269.9
417.85	266.5
406.35	325.6
413.2	346.05
416.5	344.6
414.55	346.3
415.9	347.55
415.35	342.85
407.8	342.9
408.05	345
407.95	354.25
412.9	353.15
411.4	356.2
416.1	354.7
414.65	349.3
416.55	343.3
415.8	345.65
414.5	344.3
419.6	297.85
445.65	171.5
447.1	178.15
447.15	173.35
445.6	173.15
441.35	174.8
444.1	234.15
0	0
0	0
0	0
0	0
0	0
433.3	184.55
438.5	176.1
436	184.55
436.65	188.35
429.8	194.15
431.95	196
428.35	202.75
428.1	208.25
424.7	211
424.6	212.3
427.65	212.1
426.45	216.55
427.35	216.9
426	220.3
416.85	282.75
406.65	365.25
404.5	362.75
404.1	367.2
405.4	374.4
400.75	370.3
407.5	366.9
398.2	374.8
396.15	371.25
391.15	378.95
390.8	384.1
393.3	379.95
390.4	386.95
385.9	388.9
382.55	378.55
372.55	343.4
358.95	192.65
354.85	192.6
360.6	207.35
360.35	200
362.45	200.05
364.15	192.8
364.45	195.95
367.75	199.1
365.45	189.5
365	190.75
369.2	193.25
370	192.05
369.05	181
292.1	321
300.7	321.5
300.8	322.95
298.85	327.7
301.7	326.3
298.25	321.45
296.8	323.5
299.95	323.5
301.45	326.05
273.05	409.1
276.1	411.95
271.85	421.1
270.35	424.65
272.45	411.3
269.7	412.2
264.9	412.9
264.8	417.85
256.2	519.3
259.05	508.2
259.25	509
256.95	511.8
256.8	508.05
254.25	501
253.55	500.85
253.25	504.9
0	0
0	0
0	0
0	0
0	0
0	0
185.45	366
180.1	369.25
178.4	369.6
179.55	370.15
175.5	376.65
177.3	378.75
179.55	376.55
187.95	417.3
186.3	413.95
189.05	407.85
187.75	411.05
189.45	414.55
189.65	416.95
192.45	417.4
192.8	416.35
191.5	421.6
192.35	426.8
196.65	425.85
197.3	427.3
197.1	418.9
196.95	420.95
199.45	423.75
203	428.35
206.15	441.05
206.1	443
504.35	202.95
574.45	122.6
571.4	130.4
568	132.05
570.3	126.6
570.75	125.5
567.4	127.75
567.3	124.3
567.5	123.7
566.1	121.7
566.1	124.8
568.55	124.65
564.45	126.5
565.05	124.75
564.4	124.75
568.75	121.65
569.8	120.65
565.35	125.6
565.9	124.5
568.85	124.95
568.2	123.7
568.55	121.8
567.2	120.6
565.4	122.1
567.45	118.95
543.3	94.95
544	86.95
544.4	85.5
543.7	87
544.45	83.55
544.65	83.55
545.4	84.25
546.15	84.95
544.8	82.95
544.4	82.25
544.2	82.3
545.85	82.1
545.85	81.95
544.4	82.3
543.85	82.25
542	83.15
541.5	84.65
541	84.9
541.45	88.9
541	88.15
541.95	88.1
540.8	87.4
540.4	89.95
540.4	89.25
536.65	91.15
534.75	90.45
532.95	85.75
531.35	82.85
527.35	85
525.9	86.7
522.95	84.6
517.25	118.55
359.9	283.65
273.6	236.75
279.05	239.1
278.9	241.9
279.5	241.55
279.5	240.1
284.85	235
287.7	235.6
300.85	260.85
412.55	366.15
415.9	373.85
417.6	373.1
420.6	372.7
420.7	372.8
425.35	369.5
515.35	353.65
509.4	357.95
511.25	352.75
510.95	357.05
510.15	351
508.8	348.4
507.65	349.65
503.55	350.85
501.65	353.15
498.6	356.15
474	231.65
485.25	205.8
486.25	206.65
484.6	204.65
484.3	203.35
483.9	202.45
482.25	202.4
486.55	201.95
485.6	204.85
486.4	201.75
488	201.9
494.35	200.9
498.75	198.5
500.05	194.95
500.45	191.2
505.45	186.25
508.1	186.7
507.75	186.3
508.95	186.25
510.8	185.35
511.55	181.95
511.3	183.8
512.3	185.5
512.75	186.9
514.45	189.6
514.6	189.25
515.7	187.9
515	186.95
515.65	186.85
516.05	186.2
508.35	161.05
503	136.15
505.65	136.55
507.65	136.3
504	142.15
502.2	142.8
502.6	140.6
498.35	142.3
496.35	141.5
494.8	143.7
489.45	143.65
487.45	144.35
483.85	145.85
475.95	153.1
470.15	154.4
467.3	161.6
411.9	231.55
405	228.45
401.1	236.45
395.25	242.1
393.35	242.85
389.6	243.35
389.5	245.8
390.3	244.35
390.75	242.15
392.9	241.9
399.8	236.35
403.7	236.4
408.55	233
409.45	233.05
411.5	233.65
412.85	234.25
371.4	241.55
376	236.8
376.95	244.85
0	0
0	0
0	0
0	0
359.55	195.15
354.3	194.65
349.4	199.25
345.7	199.2
342.45	192.35
339.15	192.55
337.9	193.6
335.8	192.7
333.7	192.95
332.6	196.35
318.35	178.85
323.85	178.1
320.6	177.3
319.5	176.5
318.7	176.15
315.2	180.5
311.5	184.45
310.8	184.05
308.4	181.7
306.5	181.75
307.5	178.25
307.4	178
306.55	177.6
311.95	103.2
311.1	79.35
316.05	76.2
316	76.35
313.05	72.35
315.15	76.05
316.2	70
319.1	73.75
320.45	78.25
319.65	81.65
319.9	86.4
318.6	93.55
321.05	89.35
325.45	86.35
322.05	88.8
321.05	92
317.4	93.75
319	99.8
318.85	108.85
321.1	146.25
315.1	361.85
325.25	351.65
324.75	354.9
324.95	359.6
326.25	359
330.6	358.45
326.5	355.15
328.2	353.25
311.3	300.4
310.25	275.5
314.1	271.5
317.35	272.3
331.7	262.4
330.75	260.8
334.3	254.4
333.65	249.55
334.25	249.1
334.25	249.45
334.6	251.4
333.8	252.4
333.3	257.2
334.7	255.45
334.5	252.6
334.15	248
330.5	249.8
331.7	248.4
332.05	248.6
331.9	248.7
333.15	245.5
333.2	245.65
334.15	242.1
338.05	240.8
336.45	242.45
334.8	243.2
343.75	177.6
332.5	167.45
326.25	170.4
319.4	171.85
310.8	176.2
305.6	180.1
303.8	180.5
301.15	185.55
300.7	183.95
331.65	176.1
610	146
605.15	152.45
602.9	155.2
603.9	154.8
603.25	154.3
601.4	153.55
601.05	154.55
598	155.25
594.35	151.65
595	154.7
595.4	155.6
646.35	139.7
705.45	119.25
707.95	120.75
712.9	122.3
716.35	119.75
717.75	125.25
717.25	128.95
317	364.65
290.85	392.4
280.85	392.3
276.5	393.85
274.65	399.7
275	398.9
275.4	438.4
273.8	431.25
273.1	433.85
268.9	436.75
268.75	437.7
266	441.15
264.45	440.3
262.45	440.55
262.6	441.3
259.95	442.75
260.3	446.95
260.6	446.25
248.35	458.3
251	465
248.85	465.35
252.25	463.35
376.65	317.95
391.05	233.5
390.7	238.6
389.45	238
388.85	239.15
393.55	238.85
395.55	236.65
395.95	239.7
402.15	263.45
0	0
0	0
0	0
406.5	326.6
404.35	332.6
405.8	340.45
410.05	343.65
418.55	337.15
418.65	341.45
418.45	344.2
417.55	348.05
421.4	350.55
399.2	188.15
401.25	193.45
402.25	194.3
403.85	191.3
405.5	193.1
410.4	181.65
412.7	179.65
411.65	183.55
414	187.75
418.35	183.15
418.95	183.35
423.4	179.9
421.55	176.65
423.35	169.05
429.8	166.3
424.4	175.4
424.8	178.8
424.55	182.5
422.85	186.45
423.4	189.9
427.85	189.15
425.05	188.7
426.4	187.95
424.35	191.75
461.5	304.25
455.25	308.6
451.25	311.35
450.7	309.95
448.95	310.75
448.6	312.8
449.25	311.2
447.6	310.45
446.45	310.75
450.4	304.35
448.15	310.2
447.75	310.5
443.2	315.2
444	316.75
440.7	320
436.9	324.1
431	325.8
441.65	399.3
436.75	394
429.3	395.75
428.25	392.35
428.45	391.5
395.7	345.35
310.25	140.8
314.5	153.75
311.4	154.95
311	155.15
306.75	165.6
311.65	171.65
311.25	180.05
310.85	186.25
307.5	189.7
305.8	193.9
262.45	250.25
269.25	249.5
269.5	245
270.5	246.3
276.1	248.55
278.3	247.2
283.5	244.55
288.4	245.85
294	245.85
294.65	245.4
295.45	242.95
298.2	241.6
301.05	241
302.75	243.25
304.5	289.15
0	0
0	0
0	0
0	0
0	0
343.95	202.4
338.6	189.95
345.8	190.8
346.2	192.25
342.05	194.3
343.5	193.7
343.1	194.55
342.35	197.45
342.2	200.4
344.1	202.6
345.8	206.8
340.75	217
357.35	324.55
358.65	320.65
358.95	319.95
361.25	324.25
358.7	328.85
358.25	337.15
357.9	334.65
359.25	340.3
359.95	345.05
361.6	348
363.65	355
362.9	360.15
349.75	310.4
334.8	199.1
342.65	199.6
343.3	186.25
346.5	185.8
348.4	187.35
353.35	188.15
357.2	189.05
361.15	188.25
362.9	190.15
364.35	192.2
366.6	192.05
369.4	198.25
369.15	138.3
371	128
373	132.85
377	141.55
378.8	141.85
383.9	139.4
381.35	144.8
386.3	144.75
385.85	155.75
379.5	166.7
377.7	171.1
375.25	177.05
371.85	181.7
367.6	182.95
368	179.45
365.15	179.95
358.75	182.35
358.2	183.9
353.6	186.65
351.7	187.9
280.75	298.6
266.2	332.3
271.55	332.6
272.3	332.75
264.3	335.45
264.9	334.05
262.85	339.5
268.4	336.25
267.85	342.05
267.5	343.5
304.15	343.9
300.15	340
292.95	340.4
289.3	338.45
287.2	341.95
285.35	340.55
283.7	338.25
285.25	337.5
287.25	336.65
288.45	331.05
339.6	232.3
317.15	204.9
318.25	207.9
316.3	207.35
315.45	206.45
315.55	207
314.55	204.7
292.15	228.75
299.1	231.05
297.45	225.9
295.45	220.2
294.5	219.75
295.45	213.55
296.2	215.4
296.45	212
297.05	211.8
315.1	246.55
0	0
0	0
0	0
343.85	163.75
345.55	159.1
343.05	156.6
342.35	152.05
339.4	148.35
338.55	152.95
339.9	159
340.25	152.2
336.45	154.8
336.5	153
334.8	156.8
317.2	160
318.55	160
319.85	155.1
321.25	157.3
318.8	159.8
320.25	159.3
319.05	163.9
317.35	161.85
309.35	162.95
304.25	170.25
294.5	175.25
281.9	179.25
273.3	187.9
267.1	190.65
264.65	192.4
261.5	194.95
258.8	195.85
255.35	200.4
253.2	203.8
250.35	209.35
252.65	207.05
253.9	208.6
260	215.1
262.8	220.6
292.9	259.8
293.5	257.95
295.75	261.55
300.8	258.25
304.65	257.35
307.75	256.7
317.75	208.25
324.7	212.35
324.95	211.15
328.4	208.7
329.5	198
332.75	194.55
330.15	193
332.1	196.65
344.85	171.25
351.9	166.35
358.65	170.4
359.15	170.05
365.65	175.9
369.7	180
373.9	179.65
374.55	179.05
372.6	173.55
374.45	175.55
377.75	179.95
375.8	181.15
378.35	184.35
377.65	181.15
379.35	181.45
380.6	184
378.85	177.3
380.55	179.4
382.45	182.7
382.9	180.75
382.35	179.5
383.55	179.75
382.25	180.4
383.4	181.55
382	179.3
380.7	175.7
379.9	173
378.8	175.8
376.55	187
312.85	242.35
312	240.5
312.1	239.7
317.85	239.4
321.8	251.8
324.7	248.55
323.45	249.8
320.05	245.8
321.3	244.7
319.45	246.1
320.75	248.4
321.05	249.95
335.95	212.35
336.45	213.3
334.05	215.6
332.6	209.9
330	205.5
327.4	200.8
322	200.25
319.4	207.5
321.75	218.9
326.15	220.85
325.25	222.85
329.8	219.95
333.45	218.15
331.9	223.05
331.55	229.95
332.4	226.45
322.7	242.05
324.6	240
322.75	244.5
320.4	244.55
319.55	246.7
318.05	251
315.7	253.95
317.25	255.05
315.1	259.4
312	266.15
313.85	268.1
312.9	277.55
330.5	330.7
325.25	327.35
326.5	327.4
328	328.7
327.5	327.7
327.4	329.4
332.55	322.1
333.75	322.45
332.65	321.6
333.4	317.05
333.95	317.6
388.4	399.65
391.3	382.4
391.9	382.4
388.95	384.95
387.85	383.55
389.25	383.7
388.8	381.3
394.15	376
393.65	377.15
393	370.8
367.95	211.85
380.15	193.35
382.9	191.95
384.1	184.1
386.3	178.2
393.75	169.1
395.45	173.55
394.8	174.65
393.75	182.9
391.65	235.8
0	0
0	0
0	0
387.8	289.2
389.85	284.8
390.5	284.2
387.25	290.55
388.8	294.15
390.6	297.4
390.95	299.1
386.8	302.65
389.9	302.65
392.5	303
384.2	320.8
376.45	349.25
377.8	353.25
379.7	355
379.35	355.2
378.5	357.45
379.8	359.2
381.45	360.7
381	361.85
379.75	364.45
379.55	363.7
376.45	363.05
376.7	358.65
374.7	359.85
325.1	309
190.45	93.6
194.6	103.85
193.45	104.15
189.05	102.6
184.05	105
182.15	104.95
176.15	105.65
175.95	103.55
172.75	102.45
170.9	102.3
167.25	103.3
166.35	104.4
164.6	105
166.7	108.55
164.9	109.15
165.9	105.5
361.1	160.4
387.55	153.15
392.9	159.05
393.2	159.95
393.75	160.7
396.25	160.75
395.75	162.65
397.85	167.15
395.35	167.45
394.35	182.9
399.5	277.4
396.65	275.65
393.5	277.3
388.8	281.65
387.25	281.25
387.95	279.95
387.55	275.85
382.6	278.9
521.5	225
508.95	226.2
501.3	225.55
488.15	229.35
473.15	231.4
462	232.45
451.7	228.8
442.3	232.25
436.55	235.05
391.8	219.1
371.65	202.3
372.2	199.45
369.3	199.4
372.4	195.8
374.55	192.85
372	192.8
369.15	196.15
365.2	198.7
364.95	285.7
362.75	281.35
358.1	279.8
351.7	288.1
347.95	286.3
342.7	292.15
341.05	291.45
335.35	297.4
332.95	296.55
293.55	353.25
294.4	358.65
292.45	361.6
293.2	364.45
293.4	370.95
294.85	371.3
298.2	372.3
298.5	377.35
301.1	375.1
303.65	384.4
308.35	386.75
314.35	388.7
359.1	301.45
374.1	204.55
381.2	205.9
379.95	209.4
382.7	205.6
386.65	207.9
427.65	241.7
507.9	262.55
509.7	273.15
510.6	274.95
515.55	271.85
517.45	275.35
515.55	281.5
518.2	278.95
515.65	277.3
513.85	277.55
514.8	276.65
414.25	233
424.55	235.15
422.9	233.85
424.7	231.15
425.1	228.3
423.3	228.1
421.65	227.65
420.3	230.3
418.25	232.25
416.2	230.55
411.7	233.95
409.2	234.8
406.55	235.8
405.35	234.5
402.65	232.85
399.9	231.8
380.3	225.55
376.85	229.95
371.35	230.1
371.2	231
365.35	232.05
363.3	234.35
362.25	235.4
358.75	236.05
358.15	235.6
357.95	234.85
354.15	237.8
354.65	235.05
359.35	233
360.35	234.4
409.05	214.4
398.45	212.95
400.6	210.2
400.1	209.75
401.75	208.7
399.9	209.7
400.95	209.35
397.5	214.9
400.05	214.25
401.05	216.1
403.9	212.9
410.1	208.3
416.8	209.95
422.3	207.3
427.35	207.5
431.3	206.1
433.35	202.8
436.35	201.25
440.1	203.25
442.75	205.15
444.75	205.65
445.9	204.85
447.4	208.7
445.3	208.6
403.3	241.95
412.35	251.45
408.65	254.3
405.6	252.05
400.4	257.1
395	259.75
388.4	262.35
371.15	335.35
0	0
0	0
0	0
0	0
77.35	290.1
88.55	280.05
95.45	290.15
108.65	300.2
122.7	318.55
148.05	314.8
204.1	317.55
217.2	323.7
220.4	328
226.4	329.1
233.6	332.5
241.6	334.4
256.5	334
266.3	328.3
309.2	310.75
426.5	180.35
431.85	181.6
438.1	184.35
444.5	188.75
450.2	193.3
453.8	196.3
453.85	196.6
435.6	156.3
433.8	134
441.9	139.05
443.1	136.85
445.35	138.7
446.55	137.7
450.5	139.15
453	137.4
455.45	137.45
455.55	136.9
460.6	138.5
460.85	137.75
462.45	136.95
464.35	143.15
466.25	142.15
467.85	139.7
464.9	140.25
469.3	139.2
471.4	139.15
470.95	140.75
468.4	139.4
467.95	140.3
465.45	148.25
467.1	151.45
463.9	157.55
462.7	159.7
460.15	160.25
459.55	163
457.8	165.4
452	167.4
448.6	162.55
445.85	163.5
448.2	171.25
447	172.15
448.9	179.4
448.65	182.85
446.15	184.8
450.75	263.95
362.65	282.85
299	259.05
303.6	256.4
306.5	258.85
306.75	260.7
306.25	257.25
306.95	222.65
308.75	220.7
308.3	222.95
309.9	223.5
309.5	225.75
309.35	227
308.65	226.85
307.3	224.95
311.95	229.1
317.8	236.5
323.7	234.5
327.7	233.8
334.95	235.35
366.4	206.3
367.2	194
368.05	195.65
374.35	196
378.6	197.75
381.95	200.45
387	194.55
385.3	203.4
388.5	202.1
395.85	196.55
394.55	205.1
397.8	205.85
396.95	208.95
426.3	208.15
527.95	185.35
531.25	186.5
534.3	188.15
535.25	195
533.4	200.15
531.8	199.15
528.05	199.75
524.7	200
521.85	204.2
516.15	209.4
512.35	211.05
512.95	211.15
512.9	209.5
506.1	209.1
500.1	209.55
496.9	210.85
188.65	204.1
171.85	175.65
171.3	177.75
172	182.55
170.95	192.25
171.4	194.95
175.65	196.85
173.85	201.5
171.8	193.3
168.5	190.95
168.2	191.4
171.15	193.3
174.25	191.25
173.95	193.55
171.25	188.6
166.9	187.85
169.55	196.8
171.75	203.5
171.2	209.8
171.6	213.15
173.2	206.3
173.8	201.95
172.9	202.05
170.05	201.1
171.85	204.15
174.3	211.3
179.7	212.5
184.8	214.75
189	213.3
189.55	213.3
191.9	208
196.9	208.45
197.8	205.75
197.2	205
203.45	204.7
398.15	174
379.1	166.1
381.45	168.3
382.75	171.05
387.65	170.1
389.05	168.95
390.6	169.9
390.4	170.5
391.1	169.7
392.85	165.95
395.6	164.05
398.85	161.7
401.8	163.6
403.4	151.95
405.7	151.45
408.8	157.85
411.55	151.9
411.05	154.55
411.75	153.65
411.25	154.3
413	152.6
415	154.6
417.35	153.95
419.8	154.7
424.2	158
426.35	163.85
434.3	174.4
0	0
0	0
0	0
0	0
0	0
516.65	112.5
525.55	119.8
527.65	113.9
526.65	123.25
518.75	137.3
509.4	161.3
506.5	172.95
489.3	193.25
492.15	194.2
496.3	191.1
493.45	194.85
493.95	197.65
493.15	197.8
496.35	197.5
496.95	195.55
495.7	197
491.25	196.65
487.15	199.4
481.25	317.7
480.9	307.15
480.05	304.6
485.05	306.3
487.7	312.4
487.9	310.3
490.85	314.35
491.8	315.35
493.4	316.85
494.95	319.75
496.75	319.45
495.75	321
493.55	324.55
491.4	325.65
497.85	314
496.85	309.05
495	310.25
498.8	314.6
500.85	321.15
498.05	322.5
500.75	320.9
454.75	296.1
380.65	265.65
379.95	270.35
379.65	266.85
379.75	259.9
379.25	258.7
379.95	258.35
378.7	256.8
379.25	257.1
379.5	256.05
486.8	297.15
478.65	290.75
483.65	290.6
484.3	292.25
485.75	297
483.05	303.4
485.2	292.2
484.6	294.1
484.3	304.95
486	306
442.6	493.9
439.95	489
443	488.55
444	489.65
450.5	482.6
455.4	483.3
456.25	487.55
453.3	490.8
450.65	492.4
453.8	488.45
451.45	485.1
452.35	483.3
452.4	487.15
460.25	488.75
457.15	492.3
460.55	484.45
460.3	485.25
464.15	483.35
461.2	483.85
458.4	487
465.65	484
458	485.25
469.75	488.25
469.4	483.3
461.35	481.5
388.3	486.6
391.95	488.35
392.95	489.75
391.95	490.1
393.75	485.95
394.4	487.75
392.7	492.65
392.9	492.8
391.95	493.95
393.6	494
394.3	500.65
0	0
0	0
0	0
0	0
318.8	327.9
314.7	323.1
315.95	324.55
312.7	327.9
312.5	333.2
314.6	332
311.6	331.5
315.05	326.1
310.6	327.65
307.35	332.25
306.1	332.9
307.25	331
304.85	335.25
303.6	337
438.2	242.7
459.95	227.45
460.25	228.15
468.15	220.3
469.05	217.75
466.85	217.15
462.1	216.6
458.55	218.15
459.55	217.85
460.35	215.9
460.05	218.25
460.35	215.6
460.05	218.6
462.4	217.1
460.45	213.1
460.85	212.15
467.8	210
544.3	343.45
543.35	344.7
543.75	348.6
550.7	347.65
550.45	354.35
546.6	351.4
543.05	353.45
545.85	352.35
545.95	355.9
545.5	349.2
553.05	350.35
550.55	361.75
552.7	359.95
550.2	359.65
555.1	353.6
541.5	354.4
544.9	362.3
368.45	397.35
366.6	386
370.5	390.45
362.7	394.55
361.15	389.05
369.75	386.35
366.8	391.25
365.5	385.9
361.5	387.4
356.2	394.65
352.45	396.5
357.7	391.65
358.7	389.3
359.4	388.25
356.95	356.15
411.8	227.7
412.45	235.15
409.75	236.5
409.4	238.85
414.9	236.5
415.6	235.95
414.6	232.45
412.8	232.4
409.75	231.05
412.7	239.3
269.55	337.65
259.4	352.55
262.1	345.5
262.25	346.85
263.25	349.1
263.1	344
261.7	336.2
264	351.15
264.65	346.05
266.75	345.8
263.85	344.6
321.85	270.9
320.8	261.95
322.7	256.95
323.85	253.6
329.25	248.8
332.8	249.35
331.65	252.35
332.1	252.2
336.15	247.25
331.3	245.8
330.95	245.4
428	155.7
446.6	135.7
447.95	133.5
445.5	134.3
447.3	134.65
461.85	177.65
0	0
0	0
0	0
0	0
0	0
287.95	312
282.3	317.3
286.4	313.95
284.3	319.6
284.45	317.45
363.05	256.35
364.3	222.35
368.05	221.45
370.4	222.45
373.25	222.4
373.9	224.7
372.35	223.05
374.05	224.45
373.85	223.95
319.9	204.2
256.95	162.1
257.05	165.5
255.15	166.5
254.7	164.45
251.05	161.25
250.2	161.95
251.4	167.1
252.6	170.2
257.05	174.4
257.05	178.75
256.4	180.55
257.15	181.1
255.05	183.2
255.2	181
256.35	178.55
256.3	181.2
259.8	176.55
259.8	178.45
261.25	177.15
367.2	255.55
359.3	270.55
360.7	276.1
360.45	277.15
358.6	278.6
361.05	277.6
361.85	276.5
365.2	274.85
371.3	279.85
370.3	275.1
375.55	270.35
380.85	272.85
382.1	278.1
379.5	285.6
383.2	275.75
371.3	266.9
268	242.05
271.75	240.45
274.15	239.4
277.5	243.5
279.05	242.8
281.25	241.25
276.3	226.7
180.25	131.05
200	137.65
202.8	140.2
207.75	134.15
215.7	135.35
217.45	132.9
228.1	138.1
231.7	139.2
235.6	138.3
241.75	137.5
250	135.85
257.9	139.95
263.5	141.35
268.2	146.3
147.2	236.15
78.35	285.4
84.05	290.05
88.9	291.5
93.35	293.3
103.45	287.65
110.55	291.9
118	295.35
127.2	285.75
118.25	280.6
87.8	221.7
96.4	228.8
104.1	227.9
111.5	232.8
122.9	227.55
132.65	225.5
151.35	203
162.55	202
164.8	202.25
167.25	205.35
171.55	209.25
180.7	208.2
188.9	208.85
198	212.1
202.2	220.25
207.15	223.8
216.8	221.3
225.85	225.3
254.05	332.9
248.55	335.95
254.45	343.45
263.5	344.4
270.95	345.85
278.05	343.4
285.25	342.1
292.15	342.1
293.75	341.85
300.85	346.55
307.05	347.6
310.65	345.9
318.4	351.7
313.75	297.75
337.05	241.4
337.8	239.4
344.4	245.55
351.65	248.8
362.2	248.85
366.3	247.2
368.6	246.35
374.45	242.85
384.5	238.9
387.4	244.1
389.6	244.2
390.5	244.45
392.55	247.35
394.95	244
396.2	246.65
400.15	246.4
405.35	244.5
407.15	243.85
405.55	248.65
404.3	252.7
409.35	249.75
414.1	248.65
417.85	247.9
424.5	286.55
0	0
0	0
0	0
0	0
480.7	198.1
471.55	214.5
463.75	225.75
459.75	234.75
462.45	242.6
444.5	245.55
435.7	249.45
435.65	250.65
434.75	250.2
435.35	247.25
437.1	248.3
441.75	245
443.5	240.25
445.75	239.2
447.2	235.3
448.55	237.5
449.7	237.6
452.4	234.35
453.1	237.3
455.15	237.1
451.65	235.1
450.35	233.9
443.2	237.7
435.75	235.5
426.95	236.6
420.8	234.9
412.35	237.05
409.5	236
403.95	243.2
394.4	250.95
388.4	252.5
381.65	253.05
375.7	252.8
368.2	257.85
362.4	259.15
354.8	259.1
348.65	263.5
340.85	264.05
337.25	264.25
332.7	266.65
328.75	266.75
322.55	265.05
324.15	255.3
327.45	253.5
334	253.55
332.4	252.35
324.3	252.45
325.25	255.65
324.95	256.6
324.35	258.5
329.15	255.35
330.55	254.8
330.6	253.8
335.55	251.5
337.05	251.45
337.5	251.15
339.3	248.6
340.05	249.9
339.35	254.05
342.35	254.65
344.95	257.35
350.35	261
355.4	252.85
357.4	251.55
360.35	245.45
359.9	238.85
358.55	243.2
356.1	251.6
360.45	255.85
363.65	251.45
363.1	249.4
365.35	243.9
365.35	244.95
364.55	245.8
362.4	246
394.6	233.3
385.8	232.8
384.6	233.45
386.9	232.1
392	225.95
392	228.75
386	233.6
387.7	235.4
387.5	238.35
388.55	236.2
391.5	236.05
393.3	236.5
393.35	237.4
394.55	239.5
400.55	254.7
397.55	255.25
398.1	254.85
395.65	256.05
397.3	256.9
398.6	256.6
399.15	254.7
397.2	256.3
393.95	256.55
395.3	254.1
387.6	261.1
370.95	245.45
366.25	247.3
359.1	256.5
354.55	253.5
351.7	255.75
348.7	256
348.65	253.6
347	255.55
345.2	259.3
345.95	256.95
347	253.5
348.4	252.3
346.45	251.5
347.3	247.8
345.65	246.2
344.6	241.4
345	243
342.25	245.35
342.05	239.3
340.75	243.15
340.8	240.95
343.1	239.6
341.3	241.1
340.45	236.45
338.35	234.55
340.1	229.15
338.25	227.6
339.6	229.4
339.15	228.8
351.05	241.8
0	0
0	0
0	0
0	0
362.3	182.4
350.6	203.9
336.7	236.8
338.8	237.25
336.35	244.7
335.95	246.95
333.2	253.5
332.45	253.5
331.9	252.3
287.45	363.25
289.15	418.5
291.2	421.15
294.05	428.15
289.25	436.25
283.95	437.45
287.75	450.7
290.5	445.5
287.15	440.9
287.35	448.05
289.75	458.2
290.3	459.55
289.2	465.8
310.9	296.2
329.4	235.1
321.8	246.85
320.55	250
323.25	257.85
324.4	259.3
319.05	256.05
265.3	325.5
268.4	320.45
269.25	323.25
267.05	321.3
266.85	319.15
265.6	318.6
265.5	314.45
265.95	313.45
264.65	316
263.5	318.25
263.75	319.15
263.35	328.7
263.7	331.9
261.95	336.1
261.85	333.95
264.15	334.1
264.6	328.75
282.35	344.4
0	0
0	0
0	0
0	0
410.45	48.6
410.35	49.4
406.1	64.15
400.75	91.05
387.8	119.5
378.65	149.15
378.7	159.15
377.55	160.85
382.05	161.8
382.3	165.6
383.95	167.15
392.65	174.35
397.25	183.4
408.7	178.45
414.5	176.1
416.9	178.05
340.5	314.5
347.65	329.35
351	332.9
354.3	337.2
357.4	339.85
364	339.25
367.1	340.6
369.65	341.85
373.1	342.55
378.95	342.05
382.8	339.25
381.05	341.95
379	346.75
381.85	342.85
384.35	343.5
382.15	345.15
624.45	448.05
661.4	452.4
0	0
0	0
661.6	459.45
662.5	459
654.3	464.65
652.05	464.7
650.35	465.9
644.9	470.65
646.3	470.15
648.75	467.45
645.7	466
647.8	465.45
647	466.5
634.15	467.9
630.65	465.65
617.4	468.3
453.95	376.4
377.65	322.25
365.3	323.65
356.6	323.65
346.25	322.95
328	323.75
332.55	321.05
596.65	289.7
569.5	297.2
559.05	299.65
551.3	299.65
543.7	297.05
539.65	293.95
532.3	292.95
532.75	297.05
517.8	296.35
470.3	289.05
472.6	290.7
476.95	284.55
472	286.75
471.9	276.95
472.25	273.7
470.5	273.6
472.05	275.7
470.5	272
471.05	276.65
473.4	278.35
472.05	282.25
466.55	546.75
0	0
0	0
0	0
0	0
0	0
227.9	222
223.3	229.65
224.45	238.45
221.35	243.3
225.95	251.5
226.75	253.95
229.2	252.35
227.55	246.2
229.3	253.65
223.1	253
210.4	267.8
136.05	340
133.05	329.8
132	333.2
132.4	335.75
133.85	339
135.05	340.1
134.75	345.65
135.65	338.4
139.05	339.95
210.95	305.55
229.85	276.45
231.75	285.8
236.1	284.05
238.65	279.95
243.6	281.15
245.85	284
249.35	278.7
130	349.15
141.5	340.75
140.85	346.5
140.15	348.75
244.65	308.6
379.35	283.9
386.6	285.6
390.35	283.55
390.9	292.65
390.45	291.75
415.6	309.4
413.1	317.8
418.15	315.2
417.2	317.9
417.7	314.3
415.05	313.65
422.15	318.25
421.3	320.35
425.3	317.1
422.6	321.6
428.05	311.1
422.55	321.45
426.1	324.1
425.4	323.9
424.75	326.2
424.8	314.9
403.65	359.85
402.05	352.2
404.1	351.55
406.05	353.5
406.95	347.9
408.1	350.9
400.3	357.75
402.2	355.9
399.2	361.3
395.15	360.9
395.85	359.35
398.5	359
400.35	358.95
398.1	378.6
441.55	544.1
0	0
0	0
0	0
0	0
0	0
0	0
0	0
0	0
464.2	303.55
462.25	298.45
453.6	303.95
458.45	303.3
459.35	302
456.3	298
456.7	293.55
403.35	312.85
412.7	310.35
410.5	311.95
409.75	313.55
410.5	315.1
409.8	312.6
409.9	313.7
408.6	313.35
407.2	313.65
398.65	316.75
396.7	318
394.85	317.85
392.6	319.9
399	319.3
397.3	323.45
401.85	320
517.75	367.35
639.3	416.2
646.3	409.9
649.5	405.85
651.75	406.05
639.6	407.55
416.4	306.3
401.8	298.25
402.25	298.4
397.75	300.05
105.5	513.2
393.05	302.4
393.05	304.35
393.55	302.3
392.25	303.05
393.2	302.25
395.05	301.1
420.4	297.7
418.4	300.15
418.65	297.7
419.7	299.7
418.3	298.85
418.45	297.7
420.95	304.1
423.85	306.25
422.25	304.45
423.35	300.85
420.45	306
407.55	306.8
386.45	302.15
386.1	307.75
75.8	471.75
381.6	308.8
374.3	318.5
372.75	319
375.7	317.7
372.55	319.8
367.5	327.05
365.25	330.15
362.55	341.65
361	370.6
363.25	368.8
363.95	368.55
364.9	368.35
366.6	367.4
365.3	371.25
366.1	369.7
369.8	371.45
365.4	375.25
364.9	377.55
366.6	377.2
365.35	380.75
360.7	331.6
362	337.55
364.45	344.55
364.5	343.25
363.9	343.4
365.7	344.55
368.1	342.9
55.25	513.9
368.1	343.65
368.75	342.7
369.95	341.25
370	341.2
366.9	344.8
367.2	344.95
368.2	343.1
367.7	343.55
355.7	390.55
360.2	389.85
362.75	390.1
362.7	388.25
358.75	393
364.55	392.35
363.35	393.75
358.1	397
0	0
357.4	394.25
358.75	392.55
358.1	396.75
359.15	393.7
355.1	394.35
354.9	395.9
355.8	395.35
354.8	391.8
356.4	391
360.05	295.05
374.45	282.35
372.8	282.9
378.85	277.85
383.7	276.75
387.35	273.25
389.55	274.05
409.65	287.05
407.45	284.75
405.7	287.45
408.05	284.25
411.4	278.05
412.05	276.6
419.9	274.1
423.75	268.8
424.15	268.75
422.9	270.3
420.1	271.85
421.4	273.25
421.45	275.7
420.85	280.85
415.75	275
409.2	271.95
410.8	271.7
411.2	273.75
410.55	274.4
411.7	273.1
411.45	273.05
410.95	274.1
412.5	274.55
410.7	275.75
422.65	276.9
463.65	276.55
466.2	278.45
466.45	278.15
467.7	278.1
469.6	279.45
471	274
465.85	265.35
469.6	263.6
469.6	266.65
472.55	293.25
0	0
0	0
0	0
0	0
0	0
0	0
436.8	301.65
430.35	293.3
426.15	293.65
428.55	293.05
430.25	291.2
429.55	292.45
402.55	293.1
406.55	295.95
406.8	294.25
409.1	291.45
409.95	288.35
409.75	287.2
408.25	294.85
408.25	297.35
407.55	299.15
408.3	300.35
409	300.75
406.95	299.6
405.8	303.9
405.65	299.9
404.1	300.9
403.7	300.85
401.6	302.6
402.55	303.3
401.95	301.4
401.1	303.1
401.4	303.4
401.3	300.15
402.4	299
403.3	299.05
404.2	296.75
403.95	295.3
406.65	293.65
405	294.15
406.4	291.35
405.95	292.8
407.45	293.05
408.75	293.55
407.1	294.15
410.9	291.5
412.55	294.3
416.4	294.3
417.15	288.05
414.3	296.45
420.6	292.5
415.8	293.95
418.4	293.1
421.95	293.15
441.25	329.25
435.55	319.55
438.55	314.9
438.35	318.15
439.75	315.05
441.05	315.8
441.35	317.6
437.1	322.4
441.5	323
452.1	279.75
453.7	286.05
452.35	287.45
454.4	284
451.55	288.9
448.8	290.85
448.25	289.1
451.75	286.3
453.95	282.8
453.75	281.6
450.6	286.6
451.05	286.05
451.3	286.75
448.65	282.55
447.9	286
447.45	285.6
443.95	286
443.6	284.45
442.4	285.15
442.95	282.65
445.2	282.6
443.1	285.6
440.85	281.55
441.05	283.55
437.6	285.1
437.25	284.1
435.75	284.35
430.8	284.3
427.5	288.8
425.25	288.55
419.9	290.2
418.45	289.5
415.05	290.95
414.2	287.4
410.65	288.5
407.15	289.9
405.1	289.9
401.1	288.95
398.55	288.8
399.8	287.3
397.1	289.8
397.55	288.55
393.25	291
398.5	289.25
406.25	280.5
406.85	282.8
405.1	282.85
404	280.3
404.2	284.15
405.45	281.75
405.25	279.75
406.5	282.05
407.35	280.85
408.15	279.2
408.5	280.4
409.1	280.25
388	295.2
380.75	305.9
382.2	305
380.5	305.65
383.8	304.8
387.4	301.95
387.25	306.4
384.3	309.45
387.7	309.8
393.2	305.85
389.95	305.65
391.25	304.3
392.7	306
395.6	306.65
389.65	311.75
388.45	315.5
182.4	439
383.9	284.25
382.75	291.7
385.8	290.1
386.4	292.9
386.95	293.8
384.15	298.6
382.95	295.6
386.05	293.55
384.95	294.65
387.1	290.75
387	295.15
384.85	295.6
387.65	292.85
385.7	297.85
390	295.4
368.2	319.65
374.65	326.7
374.55	330.9
378.75	326.75
378.2	325.4
381.05	317.65
379.7	317.9
385.85	316.1
385.4	316.35
386.2	320
403.7	278.75
407.15	281
410.45	279.2
411.8	276.65
412	276.45
411.55	277.6
410.25	276.35
411.75	276.75
420.65	284.05
0	0
0	0
0	0
0	0
414.7	272.05
409.2	283.9
410.4	284.3
414.1	284.25
416.05	281.95
410.3	290.3
414.65	289.7
413.8	286.7
419.55	285.25
421.8	279.3
421.9	278.95
423.65	278.45
426.25	277.1
429.3	275.45
431.7	279.25
434.6	279.7
437.05	279.5
435.6	278.65
440.2	264.95
438.75	265.45
435.6	267.05
438.2	268.75
437.55	270.75
436.7	274.15
434.15	279.25
428.4	278.3
409.85	277.35
412.85	271.2
405.75	280.1
408.1	274.7
406.4	271.8
406.45	269.45
408.05	269.8
407.85	269.7
406	272.8
403.3	276.25
404.1	276.1
443.5	302.35
434.6	305.95
434.95	303.2
437.3	304.05
434.55	308.05
433.45	308.2
434.05	308.45
433.3	308.8
403.2	332.6
405.25	335.15
402.8	339.55
405.25	340.6
405.55	340.95
402.5	345.9
404.4	344.9
403	342.35
400.6	345.3
400.7	341.85
403	346.1
403.7	347.2
404.05	347.95
416.05	307.85
421.35	303.1
421.9	297.2
423.6	292.85
423.55	294.75
422.6	301
423.45	300.9
423.75	300.75
422.15	298.15
424.15	293.45
408.95	301.45
406.85	299.6
408.25	302.2
410.3	304.1
407.4	305.5
407.55	297.55
405.5	299.8
409.95	301.9
406.3	307.6
405.1	310.2
404.5	311.1
402.05	311.6
395.3	310.6
381.15	304.3
381.55	299.6
379.75	303.85
380.6	305.45
381	304.95
380.55	301.45
381.35	298.05
379.45	295.5
381.5	295.05
377	297.05
378.55	300.6
383.45	299.55
382.2	302.75
382.8	304.35
383.5	305.2
386.45	299.35
387.6	297.9
388.35	294.7
388.05	296.25
386.45	300.05
387.65	294.95
384.5	294.15
382	301.05
381.3	295.65
381.55	299.15
380.85	300.2
378.25	305.25
382.45	304.9
383.9	301.75
383.9	303.65
384.5	303.3
385.7	297.9
389.15	293.7
428.85	263
421.4	268.35
420.7	268.05
424	266.5
424.05	269.4
424.15	270.35
422.8	272.4
424.5	270.1
422.35	273.8
114.05	446.25
419.55	276.9
418.55	278.4
416.65	280.1
417.65	279.9
417	280.85
416.6	282.1
419.35	290.5
0	0
0	0
0	0
0	0
0	0
0	0
0	0
350.95	157.75
350	156.65
352.25	172.45
355.6	177.5
353.4	181.85
355.95	183.4
365.5	177.75
366.45	189.95
366.3	197.05
365.5	203.3
367.35	200.95
418.35	313.9
410.95	302.75
412.6	295.1
423.25	292.35
424.55	302.1
422.65	307.75
424.85	305.45
425.25	302.75
416.7	301.4
416.35	304.65
416.4	319.4
418.6	316.4
417.05	314.2
413.6	317.95
415.05	314.85
410.1	313.85
406.45	316.45
384.75	360.35
385.6	352.3
382.15	352.65
379.5	356.05
381.1	356.55
379.05	358.2
379	358.5
373.45	366.1
378.15	364
378.15	363.2
376.3	360.3
380.65	356.5
376.85	356.45
396.35	272.85
395.65	275.85
395.3	275
396	274
396.4	276.2
398.25	272.2
402.7	271.3
401.05	269.45
437.35	278.85
428.35	282.7
426.05	285.25
425.05	287.65
426.15	288.3
433.65	292.35
435.55	291.3
432.2	285.55
434.1	276.7
432.95	280.25
432.15	283.8
371.5	293.9
383.55	289.75
384.25	290.6
383.65	294.7
380.45	294.55
381.2	293.6
391	287.15
388.75	291.6
387.75	289.65
390.1	288.75
388.3	297.15
390.05	292.35
390.85	297.5
390.65	300.4
391.4	300.2
393.45	301.65
397.1	299.5
398.35	298.9
396.05	298.7
396.75	296.4
417.7	308.1
415.55	329.75
414	331.25
414.95	329.9
419.4	326.85
420.85	326.8
420.9	327.65
418.65	329.1
415.85	330.4
416.95	329.4
421.5	326.95
420.2	324.35
420.35	327.6
415.05	318.05
409.35	265.6
413.8	266.95
410.85	266.75
411.4	265.75
411.8	264.65
415.5	261.75
418.6	261
419.65	264.55
419.15	268.4
420.4	269.85
413.55	265.45
413.6	271.25
414.55	273.25
417.4	270.9
417.05	266.15
416.45	269.45
414.7	275.45
413.65	275.4
415.9	276.65
415.8	276.7
419.45	342.95
420.25	345.4
419.95	344.05
420.4	344.25
421.05	344
416.6	347.45
415.3	348.25
414.5	345.6
421.2	343
418.9	340.5
414.75	317.8
405.35	285.8
406.85	284.9
401.1	280.4
404.45	272.6
404.05	273.6
407.25	275.8
408.75	284.25
406.7	276.5
408.45	272.9
405.6	280.6
409.45	294.7
411.05	289.15
412.25	289.4
415.6	285.55
413.55	276.1
415.3	276.3
416.75	275.6
415.55	276.25
441.75	304.75
435.75	290.15
430.2	298.65
430.8	302.2
431.95	305.1
432.1	304.45
429.6	296.1
431.75	292.3
435.65	296.15
432.4	304
429.55	303.05
430.7	298.85
429.7	297.55
430.25	295.7
429.55	295.2
427.7	294.15
428.4	292.1
429.05	294.45
431.35	290.4
423.2	272.5
424.35	269.35
426.15	275.75
425.65	270.8
423.15	274.7
426.15	279.85
426.3	280.25
426.65	281.95
424.45	283.7
425.6	284.7
427.85	280.65
426.55	282.1
429.45	279.5
429.95	281.8
411.1	322.65
413.35	320.35
414.35	322.4
417.8	323.6
416.5	328.1
419	325.05
419.45	329.8
422.1	329.7
422.15	331.7
423.95	330.9
425.2	330.75
441.1	310.1
448.5	272.3
445.65	277.05
447.8	275.1
448.6	276.05
448.7	275.5
447.9	270.5
447.95	269.95
445.15	273.05
444.2	270.15
439.85	268.9
437.3	273.6
432.95	279.6
429.75	281.9
427.1	282.4
426.9	283
419.95	283.5
419.45	276.95
415.2	276.8
411.3	278.8
410.6	281.45
374.9	278.6
339.1	286.9
338.9	286.7
335.2	288.4
333.1	287.2
332	285.35
333.35	286.75
337.75	284.45
339.45	283.9
348.25	280.4
351.55	280.4
356.8	275.75
356.4	271.4
361.1	271.45
364.3	270.55
406.35	265.25
406.2	263
410.25	264.05
409.2	269.3
413.5	268.8
414.45	271.4
412.85	267.25
416.25	265.15
412.7	265.5
415.2	270.6
413.55	273.9
414.05	271.9
420.25	275.3
420.05	274.75
421.65	274.25
421.35	279.65
410.05	349.35
0	0
0	0
0	0
0	0
0	0
0	0
402.7	296
397.9	290.8
389.2	302
384.2	302.15
388.5	301.55
390.75	301.95
393.15	303.05
395.85	306.4
395.8	307.25
396.55	303.1
391.65	310
393.15	307.65
395.85	305.3
396.55	302.45
397.8	301.55
398.95	305.55
397.4	307.65
399.6	308.4
398.6	310.15
403.05	283.8
401.75	289.1
402.55	288.05
401.1	288.9
401.55	288.75
398.55	290.9
397.95	296.6
402.6	296.4
403.45	299.9
404	298.7
401.7	296.35
401.15	294.25
404.25	292.7
406.1	292.8
406	288.6
408.15	290.8
405.35	293.5
403.15	297.85
408.1	289.9
403.2	299.05
407.6	323.2
405.35	326.95
404.4	326.6
408.75	314.95
405.5	314.45
402.05	316.45
400.25	320.85
402.5	315.15
409.65	287.25
408.6	294.55
407.95	295.75
404.55	297.65
406.6	296.5
406.75	299.15
406.65	296.7
408	295.85
402.5	299.95
406.4	296.6
407.7	296.95
405.05	298.75
378.05	288.3
385.85	289.4
384.95	286.3
384.85	286.55
383	291.6
378.35	294.5
376.5	297.5
380.35	295.75
383.15	294.7
382.65	293
383	293.6
385.95	289.15
386.6	288.4
385.05	289.45
384.7	290.65
381.3	295.65
391	298.4
441.45	301.7
442.15	301.8
443.85	301.8
445.15	304.7
445	301.85
448.55	299.3
451.5	294.75
453.5	295.7
414.85	289.25
420	287.1
421.7	290.7
422.25	293.8
422.25	295.9
421.65	291
416.35	292.3
413.65	293.25
412.3	301.75
409.4	306.7
