360.35	276.55
357.45	279.45
359.55	279.8
360.65	274.3
359.65	275.4
361.25	279
361.4	274.05
565.15	425.65
627.15	470.9
624.55	480.5
625.5	477.35
624.85	478.8
621.55	481.6
623.9	478.2
627.7	478.65
627.8	474.5
624.6	474.55
611.4	468.15
431.35	310.05
438.65	316.15
433	313.65
432.15	315
429.35	314.05
431.85	312.85
431.1	312.4
430.55	314.95
429.75	313.65
429.35	310.65
429.75	308.4
430.7	308.5
431.55	311.9
429.55	304.95
427.4	308.35
429.05	309.65
461.65	363.35
469.5	404.7
471.45	405.85
467.55	415.1
465.15	420.35
463.8	418.15
468.7	411.05
469	409.6
467.75	407.2
466.8	410.1
465.35	406.85
451.1	416.75
431.3	425.75
432.7	428.95
428.4	431.95
428.7	426.95
427.6	424.6
429.05	417.55
430	418.25
428.65	418.95
426.15	426.05
422.8	427.45
421.8	427
340.4	350.05
180.15	148.15
184.55	154.2
184.2	146.3
182.65	145.1
177.4	141.2
178.4	144
174.7	144.2
173.6	142.8
178.15	140.9
176	136.5
219.25	168.3
459.85	401.95
457.2	406.2
457.4	404.75
454.6	405.3
455.15	404.35
455.8	403.35
455.85	402.6
457.55	395.4
459.1	395.9
460.5	393.85
459.55	393.7
460.4	392.45
434.65	412.5
448.4	407.65
446.05	409.85
447.65	410.25
446.05	412.3
443.35	414.7
442.65	418.05
442.1	416.6
441	419.15
438.45	420.8
282.25	260.5
221.85	98.8
219.4	104.5
219.8	103.6
217.9	101.9
217.55	100.25
219.45	99.25
220.25	99
221.45	94.7
224.05	89
220.65	91.95
216.35	100.6
214.55	100.6
367.8	392.2
384.15	433
388.1	458.35
390.15	460.1
387.15	460.5
385.95	455.9
387.4	455.5
385.65	456.05
404.5	459.5
411.2	453.1
411.4	452.5
411.85	442.95
416.75	448.1
419.7	442.8
416.7	446.75
417.25	442.9
308.4	237.4
306.1	207.85
304.2	210.05
302.6	211.4
299.8	210.9
304.6	208.4
300.25	210.7
304.4	207.95
297.45	211.65
208.3	112.65
204.95	97.35
202.2	101.9
203.8	101.2
205.45	102.35
209	99
207.4	98.3
381.75	365.05
411.75	441.55
417.15	439.45
415.6	444.55
413.15	444.1
411.65	441.35
413.7	440.35
417.3	438.05
419.1	437.95
460.65	452.5
443.55	449.95
444.55	449.85
444	450.75
444.75	446.2
450.4	450.05
449.25	448.5
449.75	445
450.5	443.25
452.55	441.45
452.55	443.35
455	445
454.45	444.15
456.65	444.8
456	444.5
456	445.35
458.1	440.65
459.5	440.15
456.55	445.6
456.4	445.55
456.85	446.25
460.85	437.65
461.7	436.75
463.5	435.7
463	435.45
462.15	438.6
462.55	439.25
460.1	440.4
462	440.95
461.1	440.5
463	441.55
460.2	435.65
453.95	419
418.8	363.7
416.35	365.05
417.75	364.05
417.4	362.8
417.75	361.45
416.05	363.85
417.7	361.15
417.4	358.05
419.6	358.4
448.05	316.8
453.3	266.05
450.95	262.15
452.1	263
453.45	264.5
452.95	257.95
409.9	265.25
401.55	263.9
400.25	263.5
399.95	264.75
400.15	262.9
403.75	260.2
405.25	258.4
407.5	258.05
405.35	257.45
405.8	255.75
403.2	259.35
402.65	257.3
400.15	253.4
399.35	248.6
329.75	211.85
330.95	211.55
329.25	210.65
328.1	210.55
327.4	211.15
326.45	207.05
324.8	208.65
193.25	125.75
164.95	100.7
160.3	102.1
158.85	99.3
159.95	97.6
155.95	96.3
154.75	97.3
153.1	96.1
150.6	97.8
150.5	97.1
152.3	97.75
154.85	98.25
156.75	97.25
158.7	97.45
161.05	94.8
161.4	95.2
163.45	97.45
167.15	95.05
171.1	97.7
174.8	98.25
177.05	98.3
178.65	104.2
179.5	103.85
225.65	116.35
320.25	159.95
322.2	166.35
328.2	165.35
335.15	167.2
340.65	171.6
344	173.1
515.25	273.5
488.25	283.4
483.95	281
476.45	281.75
475.2	282.75
468.45	282.05
466.05	281.55
462.85	279.1
460.35	277.35
455.4	277.05
454.5	276.75
453.2	277.3
449.65	274.8
448.75	274.1
447.9	273.25
445.2	270.5
429.2	201.2
429.5	204.75
422.75	207.75
422.4	203.35
420.2	205.05
418.5	204.2
421.55	202.5
416.35	205.05
414.3	203.55
416.05	202.8
409.8	189.75
389.2	177.05
384.7	183.65
384.4	183.65
381.9	184.25
380	180.75
375	181.1
370.9	180.6
369.9	177.65
367.6	175.15
369	176.95
368.6	177.2
371	176.1
342.15	152.9
269	102.5
270.6	105.35
271.75	108.85
274.3	108.8
272.65	113.4
278.75	118
282.6	117.05
287.65	119.9
296.1	116.15
303.1	115.6
310.2	120.35
315.85	123.95
321	121.2
321.9	123.2
326.6	125
328.35	126.8
331.65	128.65
333.7	127.35
339.9	131.15
373.8	169.7
419.85	208.8
421.45	212.9
420.25	219.6
415.5	221.4
416.8	223.55
416.1	222.55
412.85	224.2
410.15	223.1
403.6	297.2
405.85	282.45
402.1	286
400.9	285.4
396.05	288.95
396.25	287
390.25	284.6
383.7	283.6
379.55	281.25
373.15	279.8
369.6	276.3
367.65	264.9
215.05	245.3
214.75	244.15
213.05	236.5
211.1	236.9
213.95	237.1
221.55	238.75
223.55	243.2
101.95	330.15
102.65	311.7
105.95	315.4
108.65	318.8
113.35	313.1
120.45	314.2
126.75	311.15
133.9	311.25
141.45	316.7
148.55	320.6
155.55	323.05
158.9	320.85
161.3	317.75
160.4	316.65
231.15	330.1
564.8	378.7
576.35	382.95
580.85	383
582.5	386.35
582.3	388.2
583.15	389.45
586.65	393.25
643.05	376.9
649	386.5
650.85	383.15
653.05	383.25
650.2	381.95
648.65	382.7
641.95	384.75
623.2	383.3
621.45	365.8
621.75	362.35
623.5	362.95
624.05	362.8
621.25	364.8
616.9	364
614.3	363.45
607.6	366.6
602.35	366
602.35	365.1
593.15	366.25
589.4	362.75
583.85	358.5
580.6	358.75
577.4	356.6
571.1	355
568.75	353.05
563.25	356.5
564.5	351.7
496.45	366.1
490.7	366.15
492.65	364.7
488.95	363.9
485.3	361.1
484.25	362
482.2	360.1
480.65	358.25
479.65	358.3
475.45	361.8
475.65	359.2
474.7	357.3
472.4	359.25
472.55	358.3
582.15	363.55
579.35	359.5
579.8	356.7
539.05	321.95
458.65	232.4
460.6	228.9
463.3	226.9
464.25	225.5
463.45	225.55
458.25	228.85
421.8	178.3
423.05	175.4
423.3	173.8
423.3	174.7
425.2	174
427.2	176.15
427.45	176.05
428.65	177.55
428.5	176.6
430.95	175.45
432.65	176.05
434.4	179.65
438.85	178.65
438.35	180.9
443.3	182.65
357.6	360.45
346.4	374.75
347.6	372.25
356.65	369.1
359.35	361.75
360.15	366.95
362.8	367.85
362.45	367.3
360.95	370.9
363.6	368.65
364.5	365.2
367.3	365.8
371.1	364.3
397	267.45
395.1	177.8
391	176.95
392.4	176.45
386.35	178.75
389.55	179.3
388.05	178.75
387.15	177.75
383.25	179.6
383.85	175.5
387.1	174.15
385.3	175.85
386.55	177.4
380.1	180.8
379.9	182.7
375.05	180.15
372.65	179.65
369.45	178.05
362.8	177.4
273.95	167.8
289.5	161.15
286.3	162.85
285.45	162.25
281.1	164.6
284.2	166.15
284	168.55
283.05	169.8
281.15	172.7
233.3	216.2
237.5	229.15
236.05	232.45
235.25	237
232.6	240.3
230.95	241.05
233.7	238.7
230.6	237.2
227.9	236.8
227.65	234.75
226.1	235
226.85	230.35
225.65	233.3
228.15	386.85
231.65	395.1
231.2	393.35
230.9	395.25
230.6	394.2
230.45	392.5
229.95	391.05
230.15	392.95
231.15	392.3
229.5	394.25
232.45	392.9
304.1	400.9
292.55	395.65
290.95	393.5
291.25	397.1
292.7	395.55
297.3	394.1
295.55	394.9
296.25	394.75
297.35	395.9
298.9	394.8
300.6	392.95
301.3	393.45
305	390.75
217.35	383.3
224.95	383.6
231	384.6
236.2	382.15
242.85	382.1
247	371.35
256.15	368.75
269.85	253.5
278.65	222.5
280.1	222.65
283.5	223.45
290.05	218.6
285.95	215.45
289.5	215.75
289.95	217.05
294.1	216.3
291.9	216.85
291.1	217.3
282.05	206.3
256.05	132.4
256.8	129.8
254.6	129.4
251.05	132.05
252.4	134.5
253.4	133.25
255.1	138.85
255.95	138.15
256.4	139.9
259.2	140.6
255.15	143.75
257.55	139.6
259.35	143.45
262.55	145.9
263	150.55
265.5	159.6
0	0
0	0
0	0
0	0
312.9	135.55
320.75	169.6
320.75	173
323.4	173.6
326.95	172.1
326.15	174.3
329.45	177.25
329.6	177.8
330.9	184.45
332.6	187.9
336.45	196.2
341.9	195.95
342.75	197.35
342.6	197.55
474.25	218.55
449.15	219
446.95	221.4
446.7	223.4
447.45	225.85
443.05	224.25
442.15	223.45
445.9	220.35
448.45	223.95
449.65	226.2
448.75	225.85
449.2	226.7
449.65	228.25
452.75	228.15
450.55	226.7
447.6	227.35
439.85	230.95
210.45	172.35
200.25	175.1
199.65	179.75
199.3	177.1
202.6	177.15
205.5	177
202.9	179.45
203	175.9
204.9	177.2
159.3	100.75
148.75	101.35
154.35	98.6
162.95	99
171.75	96.55
181.75	93.6
188.6	90.35
190.25	92.3
196.3	92.9
201.65	93.45
204.9	96.15
211.85	98.45
216.5	95.75
226.25	96.7
230.7	99.5
240	236.8
238.45	219.8
240.3	217
243.85	219.35
243.45	219.25
243.1	214.85
242.25	216.6
243.6	214.6
244.6	213.55
245.65	221.85
251.5	334
253.2	348.55
254.6	347.05
257.85	348.1
256.55	344.7
256.1	345.9
260.55	345.3
257.3	347.3
256.2	347.5
258.45	348.05
258.6	351.2
256.4	350.85
256.4	351.65
254.65	351.65
256.55	353.85
272.4	425.85
266.05	412.5
265.7	413.8
264.9	412.45
263.2	414.85
259.95	414.5
256.8	420.95
254.45	424.2
251	425.1
248.1	424.75
249.3	424.65
247.85	422.45
248.65	416
249.5	410.55
245.9	408.5
244.35	401.45
243.7	395
242.35	390.45
240.05	390.5
236.8	388.95
235.45	388.8
237.2	386.5
251.3	379.25
409.55	312.05
407.55	313.3
404.05	316.3
400.6	316.8
394.95	317.65
394.65	317.4
395.3	317.05
391.7	317.9
389.25	315.35
384.75	316.9
380.4	316
378	319.2
375.6	325.3
372.2	324.05
370.1	320.8
367.85	320.75
368.7	313.65
367.25	316.2
363	318.7
362.8	316.55
362.8	319.4
362.45	321.35
359.5	322.75
360	319.25
362.1	317.9
356.9	324.45
242.8	374.1
253.55	373.2
253.6	371.35
254.25	373.05
255.3	369.9
258.85	370.2
261.2	369.9
260.95	368.8
262.1	371.35
259.95	369.15
339.5	378.85
349.3	387.8
355.25	385.2
356.05	385.2
358.05	385.1
365.1	380.6
364.4	383
365.15	383.55
368.55	382.7
367.7	388.3
371.45	387.3
371.45	388.15
375.15	384.55
374.05	384.4
376.95	382.7
379.05	379.8
381.65	377.25
250.75	390
248.8	389.85
248.05	391.55
247.7	394.75
246.8	395.45
248.8	393.45
250.05	392.2
252.55	390.75
253.2	389.45
356.7	339.05
359.55	334.05
357.4	332.95
357.85	331.5
356.35	332
354.4	331.05
352.5	330.05
352.2	328.15
351.2	323.9
351.2	320.2
354.25	313.75
354.6	310.5
356	308.1
355.75	313.7
356.5	315.1
354.3	317.4
355.5	321.45
358.4	321.8
399.95	317.8
403.8	316.6
408.45	318.1
406.9	316.45
406.6	316.3
409.75	314.7
410.65	316.35
410.75	316.55
409.8	315.85
407.9	317
409.65	317.2
323.45	403.95
317.55	406
320.15	405.95
322.55	412.7
322.35	411.6
325	409.55
322.95	409.5
325.05	407.7
325.7	403.85
326.6	407.7
367.9	311.05
370.3	309.8
368.75	311.9
375.4	307.8
374.45	306.6
372.1	311.95
375	311.55
376.4	310.75
402.55	289.5
397.95	282.6
402.35	275.85
395.5	282.8
394.2	281.85
343.4	381.5
340.25	368.95
337.15	365.9
340.5	363.05
337.25	361.7
326.55	386.15
0	0
0	0
0	0
0	0
0	0
370.85	371
369.7	369.55
373.9	373
369.4	372.3
376.55	372.35
371.05	371.95
370.25	373.05
482.05	389
460.15	381.7
459.45	377.45
463.8	381.95
462.15	379.3
469.25	377.15
465.6	371.6
473.9	369.55
474.15	372.55
474.15	375.05
476.45	367.4
477.95	366.8
473.2	369.05
435.7	383.65
429.6	392.35
432.25	390.05
433.4	387.55
436.2	385.05
432.75	389.85
427.65	395
431.6	392.15
395.4	259.3
404.95	257.75
405.9	257.65
406.35	253.05
406.5	255.95
405.15	257.35
407.6	252.2
408	251.45
407.55	250.25
407.3	249.55
406.2	245.7
408.65	244.85
406.3	243.95
403.45	248.75
401.95	253.45
403.75	255.05
401.35	245.6
403.95	248.75
401.35	251.2
371.45	255.95
368.9	261.85
370.05	257.2
368.65	257.5
367.1	263.15
366	261.45
368.45	259.95
368.25	261.15
365.7	261.35
366.9	264.2
364.55	265.35
369.4	262.75
366.75	264.45
366.45	267.45
368.2	262.1
369.9	263.9
371.15	261.35
370.85	263.85
197.5	292.05
139.85	293.4
141.1	292.3
139.3	299
137.1	299.75
138.2	299.05
137.4	301.2
161.3	299.35
554.55	155.55
556	153.5
553	160
552	163
552.1	163.15
553.4	162.45
551.9	161.6
554.05	158.6
231.75	252.25
127.2	277.45
133.5	286.35
134	290.35
137.25	289.5
137.7	290.6
136.95	289.15
113.45	289.75
94.9	302.45
97.45	303.25
98.3	303.1
99.15	303.3
103.9	295.9
105.95	290.8
105.25	294.9
138.35	214.25
142.55	215.1
141.9	216.45
139.2	217.8
139.9	216.1
140.7	212.6
140.8	206.95
138.8	206.7
143.6	206.15
142.7	205.5
136.35	211.15
305.9	132.9
301.8	129.05
300.7	126.95
301.15	124.35
301.9	125.1
304.85	117.8
305.85	116.2
303	115.9
306.2	117.1
306.3	121.8
128.05	200.05
102.9	197.15
104.6	195.25
105.3	195.4
105.6	198.3
104.95	199.05
107.3	196.4
429.55	124.35
457.55	110.5
462	109.05
460.15	106.9
462.35	105.45
459	111.1
461.1	111.4
460.9	112.25
559.2	119.4
541.2	115.75
538.2	115.45
536.7	115
538.75	117.15
538.1	116.6
537.9	114.45
541.75	113.55
541.65	112.6
540.6	116.4
542.2	119.9
543.3	121.85
543.65	122
545.25	123.45
542.45	122.45
542.3	122.1
540.35	121.15
537.45	121.85
539.7	123.2
623.25	127.45
627	130.35
624.9	133.45
624.7	133.1
627.45	132
629.75	129.05
630.9	132.9
629.6	133.25
515.85	170.1
531.85	164.45
526.05	168.25
528	164.95
528.75	164.3
524.95	169
527.25	171.6
528.3	171.9
528.25	172.1
521.8	170.7
521.3	170.1
280.45	161.65
273.1	168.35
271.75	173.6
270.6	173.9
266.75	174.2
266.45	176.7
264.5	176.9
262.45	175.35
264.4	178.4
184.75	115.95
183.25	118.45
182.2	118.75
182.85	119.1
184.7	119.45
182.05	118.3
182.65	117.8
178.75	118.5
178.55	119.95
180.45	113.85
178.95	115.45
184	113.75
188.4	119.25
193.5	123.85
200.8	120.45
206.2	120
212.1	123.85
234.35	180.25
226.4	226.45
228.15	229.55
232.25	226.6
232.15	223.65
234.2	222.3
234.05	224.65
232.75	224.25
231.45	224.1
243.25	258.75
267.8	337.1
269	347.05
264.8	346.7
263.05	344.25
259.7	346.35
257.25	343.2
258.95	346.95
259.65	348.65
259.8	345.95
260	345.7
267.7	343
268.35	343.25
261.85	343.9
263.6	343.1
390.75	294.75
431.55	247.75
434.6	245.8
437.95	238.9
444.1	236.5
446.05	234.5
449.15	233.3
450.05	232.95
510.8	197.35
516.85	189.3
515.2	190.85
516.75	189.35
516.1	190.15
516.55	188.5
516.5	187.25
515.75	189.35
515.25	189.25
514.7	190.15
510.55	190.45
508.35	190
459.05	137.45
458.5	130.55
455.3	131.45
452.05	131.2
451.1	132.05
446.95	129.35
440.65	130.75
433.3	128.55
426.9	132.55
422.4	134.6
419.45	138.55
416.35	141.7
413.3	145
412.7	148.45
412.05	149.9
407.3	152.8
400.1	158.7
306.45	172.2
286.05	178.9
281.9	181.2
282.65	179.85
282.05	179.55
279.25	182.55
120.6	323.25
114.95	328.7
118.9	330.65
122.9	327.5
133.25	325.75
145.4	330.2
158.9	331.25
168.6	331.15
174.5	332.85
176	333.8
144.45	366.05
116.55	426.6
124.95	418.45
126.05	420.75
129.7	414.2
133.55	408.15
138.3	397.95
139.95	390.5
145.45	385.6
146.9	381.3
268.35	364.75
240.5	359.35
243.65	357.8
248.55	356.05
252.05	354.45
256.95	351.95
259.35	345.9
265.95	348.6
267.55	346.35
268.3	344.75
298.6	340.65
638.85	153.95
639.85	147.05
641.45	148.55
639.65	148.4
640.2	147.95
669.35	147.5
703.6	135.95
703	138.5
701.4	140.1
699.1	140.15
701.5	143.55
701.8	141.7
698.3	141.95
697.8	140.85
715.9	141.35
706.3	142.8
702.15	143.45
695.8	143.65
692.15	145.05
690.75	143.4
693.45	141.4
696.1	143.8
700.05	141.35
707.8	139.55
310.8	250.7
312.9	269.2
314.2	273.3
314.9	273.45
320.05	277.65
324.85	275.5
333.35	314.9
336.5	320.45
340.7	319.4
344.85	314.95
350.6	307.85
356.75	295.05
361.1	288.15
361.85	280
362.65	276.5
365.05	273.1
367.65	262
370.6	259.25
372.25	258.35
358.25	239.5
360.7	231.2
367.3	224.2
369.15	216.55
370.35	214.2
373.55	207.05
376	204.4
378.1	205.4
414.8	184.65
424.75	187.4
429.5	185.2
434.35	185.25
434.95	182
440.05	184.15
444.75	185.05
443.2	185.25
443.35	187.75
447.55	182.95
445.35	187
445.35	185.7
448.35	187.6
451.4	187.9
449.45	186.75
448.6	188.05
446.35	186
442.05	182.5
442.85	181.5
440.15	181.55
438.3	182.7
435.7	180.2
436.7	179.95
436.2	180.3
435.75	180.4
434.25	179.95
430.8	178.75
428.95	178.65
423.6	175.45
419.7	176.45
418.5	176.1
389.45	186.9
399.4	184.95
400.25	183.2
403.5	183.4
403.55	185.15
402.7	185.05
403.55	189.2
397.55	184.65
397.85	188.5
399.9	191.9
400.95	190.7
405.65	194.9
416.8	221.5
419.15	223.2
419.15	224.8
422.25	218.75
422.15	216.7
420.2	219.15
421.35	217.8
421.9	215.45
421.2	213.2
417.25	212.6
417.9	211.3
416.25	209.9
415.45	210.2
413.85	208.1
413.55	204.75
414.75	204.95
415.9	203.45
413.65	203.25
411.7	203.1
411.7	202.05
410.8	201.35
409.6	199.35
408.85	198.4
407.4	198.95
414	197.45
411.7	199.1
411.25	198.25
413.95	194.55
410.35	196.6
409.4	195.95
410.2	198.75
413.35	197.15
412.55	195.7
414.3	194.85
418.6	197.85
418.15	203.35
435.6	437.1
435.6	427.4
434.5	426.8
438.5	422.35
438.8	419.1
442.6	417.75
444.55	414.35
442.7	412.4
444.25	409.95
426.5	497.6
419.4	512.65
420	508.8
420	510.75
416.85	511.7
414.9	517.5
413.9	518.25
411.15	518.8
411.3	522.1
410	518.7
406.7	521.45
405.65	522.45
403.5	516.35
402.35	510.75
404	503.95
398.25	499.25
398.7	493.65
395.9	489.45
395.4	489.7
393	484.35
392.95	480.2
391.05	475.15
390.2	468.4
393.9	462.15
396.3	456.9
391.2	456.75
391.8	448.9
314.35	446.95
307.5	453
306.4	450.45
308.2	449.35
304.75	447.8
302.95	442.35
300.25	446.15
300.7	441.4
301.55	436.75
303.4	439
305.3	436.4
307	433.55
304.95	433.5
307.25	437.3
310.35	433.8
314.65	434.1
317.1	432.5
321.8	431.85
322.55	433.8
328.9	431.4
331.9	430.7
337.45	427.65
343.35	425
149	469.65
119.7	466.9
119.65	467.25
124.45	465.9
126.6	460.95
132.4	453.85
136.45	450.85
141.3	446.55
144.5	447
147.5	443.25
147.75	443.35
151.4	440.2
155.9	439.65
157.7	437.2
166.95	434.35
166.75	433.9
330.45	324.8
348.75	296.1
347.6	263.95
350.35	253.15
353	282.75
357.05	281.75
359.45	281.1
359.55	278.5
365.35	275.85
365	271.05
367.3	268.6
368.2	264.65
443.5	221.6
448.45	222.8
451.2	222.2
451.2	219.85
448.6	221.9
450.25	219.5
451.45	393.85
447.95	403.45
441.45	406.8
439.95	406.7
441.5	407.6
439.4	406.9
437.15	411.9
434.4	412.8
435.35	411.65
435.65	414.5
446.15	442.95
447.65	445.05
447.35	449.5
445.3	450.95
445.55	451.25
445.3	450.9
445.85	448.95
448.85	447.9
448.8	450.45
451.4	449.8
450.95	445.15
451.65	443.85
453.1	441.1
453.85	442.2
454.85	443.35
457.75	443.6
452.05	446.3
400.25	443.35
402.6	444.3
403.4	446.55
407.1	445.75
411.65	438.05
404.1	435.55
402.05	438.9
405.6	438.2
505.9	440.45
509.5	444.7
505.1	447.5
507	446.2
510.3	444.45
513.5	441.3
513.65	439.4
514.8	440.75
516.8	439.1
518.65	435.4
513.45	441.2
515.1	445.1
513.95	447.65
425.5	300.95
412.15	281.65
413.25	280.5
411.65	278.45
412.05	275.95
413.55	273.95
403.8	274.35
405.7	275.65
405.15	274.8
406.35	274.85
405.25	275.8
408.9	272.9
407.5	273.95
411.3	273.45
409.9	272.2
408.3	276.95
407.4	274.2
405.3	274.2
405.05	271.9
499.45	373.55
502.15	370.4
500.05	364.2
501.45	364.05
499.85	363.05
500.65	360.35
501	356.15
445.75	282.45
458.3	267.6
462.7	267.45
461.7	267
463.35	264.85
459.25	262.25
460.05	260.9
460.1	261.8
459.4	260.75
461.1	263.25
460.4	261.15
458.65	260.35
464.4	260.25
393.1	229.25
389.85	232.5
390.65	229.5
394	225.4
394.1	224.65
395.3	225.35
395.55	224.1
400.5	220
395.45	226.5
395.1	226.45
397.15	224.5
395.35	223.8
395	224.5
394.45	223.3
393.2	223.65
274.4	210.9
263.1	212.5
260.85	214.4
256.9	213.65
257.05	212
255.95	214.8
255.35	216.45
253.4	214.65
184.35	102
177.6	100.05
176.85	99.05
177.4	100.4
179.9	95.1
174.9	98.5
173.15	96.85
173.6	96.45
170.2	97.85
172.45	98.15
168.85	95.5
168.05	98.85
167.7	97.8
169.25	96.2
166.75	98.65
169.2	97.35
167.75	95.95
166.1	97.1
167.7	95.85
168.55	100.35
184.35	199.65
186.9	214.1
186.25	221.7
189.4	222.2
190.3	225.1
191	225.85
217.15	295.8
216.7	323.3
216.9	321.2
217.85	314.75
219.05	317.25
216.4	317.25
214.15	316.65
213.9	316.15
213.2	313.05
214.5	312.4
222.25	307.55
318.6	204.35
320.85	205.15
320.65	204.4
325.4	204.35
330.05	201.7
333.6	199.7
338.5	197.4
340.45	200.75
342.25	202.9
345.05	201.15
351.45	197.8
437.55	169.25
436.3	169.2
440.2	167
438.1	167.3
437.9	168.5
437.6	172.45
436.05	177.55
435.55	179.4
436.3	179.45
434.2	177.85
433.5	178.7
435.75	177.05
431.2	173.65
433.1	174.9
428.85	170.85
429.85	170.35
426.35	172.75
424.8	171.45
420.75	168.6
418.1	169.55
415.55	167.85
374.9	121.3
377.25	120.8
379.1	120
377.85	121.45
378.75	118.85
378.9	118.75
379.8	117.05
381.05	117.3
381.8	117.3
379.8	118.4
379.25	116.95
379.25	115.3
378.65	116
377.2	120.8
378.25	121.35
373.05	122.4
369.35	121.7
365.2	121.55
360.5	120.6
231.75	161.1
224.45	169.9
222	170.7
219.7	171.9
222.7	172.2
221.8	172.85
128.4	279.8
125.95	269.3
132.9	270.45
137.55	270.5
138.7	265.75
139.35	262.8
144.15	260.3
146.85	259.65
152.5	256.35
158	252.75
165.7	253.7
174.65	253.6
180.35	255.6
188.9	255.85
190.8	260.05
198.9	263.25
204.8	262.15
212.45	264.5
216.25	265.75
223.6	263.65
230.6	174.55
234.65	192.75
234.8	192.25
234.7	196.35
233.85	192.1
230.4	191.75
227.5	188.45
225.25	189.2
222.35	188.05
222.5	189.75
221.4	187.3
222	188.65
222.6	189.35
222.15	189.85
220.95	190.7
222.1	190.6
222	190.6
222.5	188.25
220.35	190.75
216.9	190.4
220.75	190.2
220.65	188.15
222.4	187.7
218.85	188
220.65	186.6
222.65	187.95
67.5	230.55
66.75	235.05
65.9	234.25
65.8	235.55
67.35	234.35
65	236.4
62.95	239.5
61.85	241.4
60.75	243.65
62.1	241.85
61.65	240.8
62.45	239.3
62.85	242.4
63.35	244.05
64	243.5
62.35	243.75
50.9	252.7
45.3	257.8
44.85	259.7
41.45	259.4
42.3	257.55
59.45	261.3
217.2	252.8
223.75	257.65
227.65	258.3
232.1	256.7
239.45	260.95
264.35	194.55
273.95	188.85
278.65	187.95
280.45	184.05
276.6	184.65
279.55	182.15
283	177.6
285.85	175.7
288.9	174.9
290.15	174.25
290.25	177.95
295.15	175.45
299.5	179.8
303.65	180.5
307.15	180.6
307.3	175.45
306.65	175.5
308.75	176.45
313	175.9
312.9	178.1
315.25	181.7
315.8	179.65
315.65	184.35
315.15	185.75
318.45	184.9
321.65	183.65
322.9	185.1
322.35	183.1
323.2	184.7
319.55	185.3
323.3	180.4
321.8	183.1
322.95	182.8
325.5	183
325.8	182.35
304.15	186.2
303	189.5
304.65	190.05
305.3	189.8
305.35	190.75
236.35	239.9
225.85	266.55
226.4	274.3
230.3	274.65
234.7	271
237.55	271.55
237.6	268.3
238.6	267.7
239.5	266.85
243.2	262.35
238.8	268.15
237.85	265.3
234.4	263.05
234.2	262.45
234.5	260.55
233.6	261.8
234.85	259.65
232.65	256.5
457.25	244.15
461.6	234.45
464	231.2
463.6	231.7
463.95	230.1
460.85	231.35
462.6	229.7
467.85	226.75
469.8	222.7
505.4	156.1
503.95	160.7
504.65	163.25
504.1	161.3
504.45	160.85
504.8	157.2
504.45	153.8
503.9	152.75
498.45	152.35
492.35	147.8
490	147.3
486.15	146.8
479.6	146.5
475.95	144.5
474.2	142.85
500.65	146.25
495.15	145.05
493.6	142.25
494.5	140.25
493.8	145.2
497.65	146.7
498.6	146.5
503.45	145.45
509.9	145.05
509.35	146
506.95	144.25
506.75	143.7
504.8	142.95
504.3	143.8
501.75	144.05
496.7	145
494.7	145.75
492.9	144.45
491.6	145.45
490.05	143.95
491	142.45
488.75	143.3
488.05	140.1
484.55	139.8
483.95	140.15
485.35	140.85
483.35	141.85
484.15	140.85
483.55	139.45
484.3	137.4
484.1	138.7
483.2	136.35
483.8	138.5
483.95	137.3
486.5	133.9
488.65	129.3
493.25	125.65
496	123.95
498.75	123.7
500.15	126
501.6	125.3
501.95	123.15
501.1	122.7
503	120.8
500.8	120
499.75	117.55
499.75	119.45
512.15	118.35
514.7	110.3
512.75	108.3
511	110.35
514.15	115.2
517.35	116.75
513.65	117.8
513.9	118
512.95	117
511.2	115.2
507.85	111.95
507.3	112.95
504.45	112.25
508.65	117.1
512.95	117.8
513.5	117.45
499.05	130.8
500.35	132.35
499.3	128.55
499.7	123.85
500.05	126.6
508.5	128.7
513.2	128.45
508.9	137.4
204.5	358.05
223.5	343.7
223.9	341.75
224	342.25
225.1	343.55
225.25	342.8
224.6	343.65
224.45	338.25
118.1	425.1
111.25	439.45
112.55	440.75
112.75	437.4
115.6	434.8
117.05	434.05
119.5	436.5
116.55	440.55
119.75	442.7
121.1	444.5
120.6	442.7
121.25	444.25
122.1	446.35
122.65	446.65
122.7	444.75
123.7	442.8
450	196.8
488.6	120.55
489.9	121.15
496	125.95
499.7	127.8
496.85	128.1
518.5	114.75
530.45	98.9
529.6	97.55
528.95	99.5
526.35	97.55
527.3	97.65
524.1	92.85
526.45	97
523.85	99.9
524.35	97.75
367.95	180.85
193.6	355.3
192.75	359.3
189.85	358.3
190.95	358.45
190.3	359.8
192.8	359.35
189.4	362.9
188.9	359.45
189.9	361.55
191.8	359.35
191.8	357.2
190.6	358.3
190.55	357.85
189.2	357.45
113.85	375.85
137.45	369.55
138.2	369.55
140.1	367.8
140.05	371.6
141.95	370.25
143.5	367.95
143.05	368.65
145.35	364.15
144.65	367.4
142.65	363.85
147.2	359.9
182.15	274.05
190.65	270.5
189.9	270.5
190.45	272.55
188.6	269.9
187.8	269.65
173.85	227.4
173.1	227.7
169.6	229.4
170.7	231.65
168.2	233.45
273.75	226.1
293.15	225.25
287.45	221.2
288.05	218.2
291.15	215.05
292.75	215.55
293.55	216
293.65	215.95
293.5	221.25
293.25	220.9
294.4	220.25
298.35	214.85
303.4	211.9
301.1	213.95
403.05	200.7
453.95	189.35
452.4	188.65
455.1	187.4
457.1	187.3
458.45	185.4
458.65	184.7
460.9	184.45
460.4	188.05
561.5	105.1
549.3	95.55
550.05	98.4
548.3	97.15
550.05	94.5
553.8	93.3
557.4	94
561.25	96.45
561.15	97.15
561.55	96.55
559	99.85
564.5	104.6
561.65	107.75
561.25	110.3
560	111.3
554.2	110.3
549.5	108.6
537.4	102.25
526.25	99.1
514.8	98.8
510.8	108.3
503.2	111.25
340.85	178.05
350.75	187.45
341.35	188.9
331.15	188.8
324.6	189.15
321.35	189.45
317.75	190.55
312.6	192.1
274.2	219.75
204.25	298.65
203.9	301.15
207.05	301.25
212.25	301.6
216.85	301.2
218.2	302.9
216.6	303.95
219.05	304.05
220.5	303.05
221.7	302.85
224.55	302.1
225.9	300.1
226.35	297.9
226.15	298.25
227.9	300.15
236.45	295.4
127.55	237.7
136.15	234.35
138.8	234.95
142.8	233.1
145.2	232.2
143.05	229.4
147.2	228.8
135.5	217.25
96.4	185.3
103.55	186
104.95	183.6
113.5	179.6
119.05	179.2
122.5	181.6
129.8	184.8
134.9	185.55
140.45	184.15
147.6	183.9
156.9	179.35
164.35	178.8
168.95	180.55
173	179.3
180.9	181.55
186.1	183.15
192.6	184.15
200.35	182.7
208.25	181.55
211.1	178.7
215.55	177.7
217.9	177.7
217.4	179.8
220.45	179.45
221	176.95
223.95	174.95
226.05	174.8
228.8	174.55
231.8	175.35
278.25	139.2
283.3	137.85
285.55	135.4
287.55	137.2
291.8	140
295	144.15
299.6	147.2
311.15	145.35
308.5	141.7
310.2	142.6
307.75	142.45
304.9	144.8
306.85	146.85
302	144.9
299.95	144.95
300.25	148.6
298.5	148.2
303.3	147.55
302.9	146.9
305.5	148.5
301.65	150.75
300.75	149.6
381.75	294.85
420.45	318.8
419.65	320.4
419.15	319.1
417.15	315.9
416.4	315.4
412.4	309.75
413	313.7
411.05	311.1
409.7	309.9
326.45	424.85
319.5	442.8
317.4	443.8
318.15	441.7
322.2	435.4
322.85	428
322	427.55
322.85	424.4
325.4	422.35
324.95	417
328.85	415.45
334	414.65
337.85	418.2
340.3	421
341.85	421.45
343.7	416.85
348.05	411.5
350.6	411.3
356.25	413.25
360.45	408.65
361.05	408.3
360.8	405
360.6	404.6
362.85	404
362	402.75
362.65	402.8
360.6	401.95
364.75	402.35
366.25	400.5
316.5	268.45
317.1	264.55
320.4	259.95
325.2	263.25
326.85	256.55
324.3	262
326.4	263.25
328.65	265.15
333.15	265.85
331.35	265.7
330.25	269.55
325.65	272.35
326.65	271.1
324.75	273.25
323.2	272.75
322.9	269.4
326.1	265.3
325.6	264.75
324.3	261.05
323.5	263
322	265.45
323.5	264.4
321.6	264.15
321.05	261.95
321.3	258
319.6	258.5
319.2	255
321.45	254.65
320.3	251.3
326.5	248.8
328.25	246.25
328.2	246.25
326.6	249.1
332.55	248.35
333.6	250.85
335.15	248.75
335.15	248.25
333.8	249.2
334	248.15
337.35	247.65
341.9	246.6
348.75	238.5
356.3	233.9
357.5	232.05
364.2	228.1
368.6	225.85
372.6	224.25
378.55	220.35
380.15	215.55
381.85	213.9
385.15	211.75
386.95	208.15
389.55	204.9
386.5	203.65
386.7	204.4
386.55	201.6
386.3	201.4
386.95	201.25
388.3	202.5
389	202.9
389	202.65
387.1	204.1
391.5	198.4
387.95	194.45
392.3	194.35
390.15	194.25
383.55	195.7
380.45	197.9
374	199.7
371.95	203.85
368.9	204.1
369.15	206.85
367.4	204.5
369.3	206.45
365.55	206.45
367.15	206
362.85	204.4
361.65	204.7
361.4	206.15
362.4	208.1
360.55	211.2
360.85	212.6
363.2	210.25
363.85	205.25
361.6	212.7
357.7	212.05
356.7	208.15
362.05	204.9
361.6	201.7
362.9	206.6
364.25	211.8
365.05	215.25
361.1	212.15
363.5	211.15
362.25	212.75
366.1	213.75
367.25	208.4
364.35	211.6
363.1	214.2
362.55	213.1
362.85	210.3
366.3	206
368.75	210.2
370.2	205
368.35	213.9
367.45	206.45
373.35	202.3
372.75	202.3
372.45	200.05
369.5	201.2
367.7	199.7
363	203.7
371.25	198.7
366.95	202.45
364.65	193.8
365.35	192.7
363.95	193.75
366.85	189
363.45	193.3
364.8	190.95
367.55	187.4
365.3	189.5
367	186.5
365.85	185.35
366.8	188.35
356.1	191.25
356.7	190.85
359.4	190
364.55	184.9
367.7	178.4
332.45	250.45
312.85	347.7
307.05	346.65
312	338.7
307.05	344.75
307.65	343.55
309.4	333.5
306.15	339.25
306.5	337.35
306.25	335.05
305.95	332.15
305.2	331.6
304.5	329.8
304.5	331.05
301.55	336.6
301.25	336.55
300.9	337.85
302.4	338.4
302.15	336.25
303.05	337.15
308.05	340.2
304.65	342.8
305.15	343
307.3	341
310	336.85
312.75	337
307.85	343.1
302.65	346.35
304	346.65
303.65	345.4
304.85	340.9
304.8	340.85
301.8	342.6
299.35	347.1
304.5	342.15
300.25	346.25
299.4	343.05
302.65	343.6
303.85	339.65
307.85	337.55
310.3	335.85
312.65	334.15
306.75	338.1
306.1	344.15
305.95	345.75
304.05	346.95
302.95	347.75
303.55	348.85
306.25	351.4
308.8	352.65
307.05	353.45
309.65	355.9
312.55	352.2
316.95	353.5
317.25	352.4
321.55	354.55
321.3	353.8
322.65	354.25
325.9	354.75
325.05	354.8
327.8	353.5
331.5	352.4
335.9	347.25
338.1	346.9
338.4	348.7
343	338.45
339.55	341.7
340.65	339.35
340	337.65
337.55	338.4
334.15	337
331.85	337.8
332.1	338.2
331.3	336.1
332.95	335.7
333.05	336
336.1	330.55
333.9	332.7
336.05	330.7
336.8	332.35
339.2	330.7
339.35	327.95
343.1	324.05
343.3	319.65
343.15	320.15
340.15	323.3
366.25	179
376.75	132.7
376.95	130.85
377.95	132.75
378.4	137.6
376.4	140.5
376.2	140.45
376.55	139.6
378.15	142.75
376.15	140.55
376	141.55
379.25	139.55
378.05	138.5
376.9	135.9
377.4	135.8
377.1	135.45
377	133.6
377.05	138.85
301.65	250.05
302.35	247.3
301.25	257.3
304.2	257.5
303.95	260.3
304.2	262.3
304.65	259
302.6	254.85
300.6	253.3
299.3	250.35
299.75	252.65
304.2	253.2
304.25	249.1
305.25	248.35
304.35	249.6
306.7	252.05
301.3	257.6
300.9	257.95
300.55	257.65
301.35	260.15
302.75	260.45
302.8	255.8
303.5	252.3
303.05	247.7
303.7	248.35
302.55	290.15
303.6	303.65
303.5	301.85
302.9	301.1
303.4	299.8
302.65	302.9
300.8	300.75
301.6	300.6
298.9	299.85
296.85	297
296.45	293.65
296.5	290.75
293.6	295.5
295	293.35
293.15	292.85
296.95	292.35
297.3	293.15
292.3	292
297.65	290.2
299.6	288.65
300.3	287.65
353.3	229.95
350.5	226.75
348.75	225.2
350.25	224.2
352.75	220.85
354.5	218.4
353.05	219.15
355.3	219.05
351.45	220.35
354.35	220.55
343.3	174.95
342.75	180.35
336.75	182
338.45	179.55
341.1	180.55
339.95	168.45
341.55	134.3
341.95	132
339.45	131.9
341.35	130.55
337.9	131.5
341.7	132.1
341.55	130.5
338.65	133.4
336.05	138.05
334.95	136.5
331.9	135.8
329.85	134.8
328.05	134.55
290.2	190.8
284.35	200.6
285.05	200.35
284.6	200.6
283.8	201.5
282.5	202.3
279.1	200.5
277.55	199.4
215.4	236.1
228.7	238.55
235.85	233.8
235.8	234.85
241.4	237.15
242.7	234
243.8	231
268.3	166.8
261	160.95
265.5	161.15
265.55	161.15
267.7	164.5
270.6	163.2
272.8	165.15
274.2	163.75
274.7	165.15
282.1	161.75
284.5	171.7
285.2	172.5
284.4	173.6
275.2	202.45
275	212.5
274.25	206.95
276.45	202.75
269.45	198.45
266.4	198.05
265.35	196.15
268.3	192.3
269.55	194.8
270.75	193.95
274.05	195.3
325.85	180.6
340.4	158.25
340.05	158.5
340.2	155.2
336.95	157.7
339.4	155.1
339.15	159.9
337.95	160.15
337.65	155.35
339.15	154.55
341.3	152.75
343.75	152.3
344	148.15
342.8	147.5
323.55	150.6
323.25	146.2
321.65	146.55
318.25	148.9
320.15	152.1
322.5	159.15
324.35	156.05
320.8	158.6
318.1	150.3
317.35	145.3
325.85	149.65
329.95	151.05
396.9	121.6
384.3	112.6
384.05	121.7
388.8	124.9
385.2	116.2
392.8	126.3
392.85	122.2
388.15	115.2
386.7	119.65
387.4	98.6
450.15	164.3
429.45	495.15
0	0
0	0
0	0
0	0
0	0
0	0
0	0
0	0
0	0
514.15	238.9
507.85	241.8
510.35	244.1
504.35	231.65
502.75	234.05
667.95	296.95
663.05	299.45
660.35	309.65
656	305.95
657.1	309.35
653.8	309.95
652.85	304.75
643.85	308.5
640.7	305.85
637.45	306.35
640	293.2
0	0
0	0
761.8	380.35
662.6	226.75
653.05	239.9
0	0
0	0
0	0
0	0
0	0
0	0
0	0
0	0
0	0
388.15	162.1
377.5	171.4
374.8	171.05
374.25	169.55
377	170.55
376	177.4
373.85	181.1
367.35	175.9
373	175.35
368.95	180.45
0	0
0	0
0	0
0	0
0	0
406.9	131.65
410.25	126.1
409.65	124.55
412.3	133.1
410.25	132.2
410.45	130.7
405.6	135.35
408.8	138.6
410	137.7
409.25	137.4
409.5	140.7
408.6	139.1
407.6	125.85
405.45	136
405.75	140.4
401.75	127.4
403.1	136.6
405.95	130.8
372	169.55
366.5	173.7
364.9	182.8
368.3	184.3
366.5	182.9
371.4	177.25
369.65	176.45
372.35	168.5
364.45	162.75
385.75	130.7
390.4	130.5
387.5	128.05
384.3	127.4
380	129.85
376.65	125.05
372.6	123.65
368	119.95
372.45	119.9
288.05	144
298.1	138.4
299.2	139.55
298.95	141.15
303.6	143.9
308.45	143.75
309.2	143.95
339	136
342.1	132.6
341.9	131.05
338.5	132.05
528.95	151.6
532.1	150.4
533.15	151.75
530.85	152.8
533.8	154.35
535.1	152.9
535.4	148.35
524.85	147.9
204.35	294.75
199.9	326.75
200.9	322.65
204.85	321.05
206.2	318.6
204.4	319.95
204	321.35
200.95	322.2
200.55	328.65
281.15	295.95
378.95	173.65
383.7	177.75
383.2	175.5
383.65	175.1
379.25	176.65
487.45	127.8
492.4	131.45
493.1	130.55
490.45	126.65
489.9	127.85
491.05	130.8
489.7	133.35
494.15	130.65
491.65	131.95
491.45	130.85
516.3	113.6
514.8	120.45
518.65	117.6
523.45	117.7
520.95	118.95
521.75	119.7
525.55	113.6
520	109.5
519.65	108.15
519.8	117.1
519.95	114.45
520.9	106.7
521.1	108.45
521.4	111.8
524.2	113.35
525.6	113.9
522.95	114.25
521.9	111.3
519.2	111.45
518.55	110.6
519.6	116.3
519.6	114.45
518	104.3
515.4	105.95
494.15	102.9
501.25	101.5
501.9	99
500	94.3
503.85	95.25
502.45	92.95
500.15	87.1
505.45	99.35
502.1	96.3
503.7	90.3
501.8	92.4
500.45	93
525.85	99.15
517.6	92.3
517.1	95
513.8	90.7
515.1	86.5
511.6	88.95
514.65	93.5
515.75	94.3
506.35	86.9
512.1	90.15
511.65	95.05
509.05	95.25
490.5	70.1
477.1	58.7
480.8	55.25
484.5	54.15
479.65	57.8
481.9	54.7
485.2	57.85
483.65	58.45
482.95	55.65
482.85	55.75
486.4	52.45
485.15	53
487.15	57.25
485.3	55.1
482.1	59.5
493.3	80.15
490.4	85.7
486.4	87.3
486.4	87.75
492.85	86.65
488.3	87.4
491.3	82.75
492.35	84.55
489.35	85.05
490.05	83.65
488.9	87.85
489.8	87.8
488.65	88.3
483.75	90.05
484.8	92.15
479.9	92.1
443.7	227.25
437.4	212.8
436.6	209.7
437.7	207.75
438.3	206.25
438.8	205.9
437.15	201.4
372.9	285.6
374.2	302.15
373	302.7
371.4	304.85
371.35	304.85
371.95	300.55
376.25	301.4
376.3	303.05
483.95	340.1
460.2	330.5
458.95	329.35
464.6	326.5
467.9	321.55
467.9	322.25
467.75	324
471.65	318.65
469.85	317.45
473	317
476.45	315.6
478.05	312.75
476.45	199.25
479.05	197.25
481.95	192
482.25	194.8
483.9	192.5
482.65	192.65
482.8	194.6
480.5	190.85
483.7	192.8
485.25	192.3
487.55	192.05
492.95	198.25
494.7	196.2
474.6	152.9
478.85	152.5
477.1	152.15
480.05	149.3
481.7	149.4
482.9	149.75
484.65	150.85
484.05	149.6
488.4	152
488.3	151.4
491.8	148.55
489.3	150.9
460.25	118.5
464.5	117.95
467.45	116.95
466.3	116.7
467.25	118.6
469.7	117.35
468.15	113.55
469.05	111.6
468.6	116.6
473.45	116.35
472.9	114.9
472.7	116.75
471.3	114
470.95	116.5
470.5	115.85
469.7	117.1
427.15	160.55
417.6	165.25
413.05	171.15
414.25	173.45
413.1	172.15
412.45	166.95
413.1	167.1
414.1	167.5
362.7	204.95
362.6	217.6
364.9	218.45
369.05	217
372.7	214.35
375.55	213.75
377.65	213.7
385.1	209.65
387.4	209.45
393.1	208.1
396.65	205.3
400.45	198.15
398.45	200.15
323.85	174.7
347.55	170.4
342	164.15
340.65	167.15
340.4	167.3
341.4	165.2
340.4	163.75
338.35	162.05
339.6	163.4
287.05	154.75
297.75	149.65
293.35	146.95
292.95	147.25
290.75	143.2
291.45	152.25
291.45	155.05
339.2	125
326.55	118.9
324.85	120.3
321	114.45
325	115.9
322.55	113.8
322.7	115.8
323.5	117.75
321.3	119.6
319.75	120.35
317.9	120.95
319.85	118.6
316.8	118.4
314.1	109.6
310.25	106.35
310.05	106.3
310.7	107.1
311.15	105.35
293.7	237.5
317.75	229.7
321.9	227.95
321	229.5
317.45	230.65
319.15	231.5
319.4	229.3
319.8	232.15
322.1	232.25
323.05	236.5
323.85	237.7
324.3	237.2
323	243.55
324.05	246.65
281.5	340.25
293.15	344.55
290.8	347.1
292.3	345.65
291	349.1
287.6	352.35
293.15	351.85
297.2	349.95
298.8	347.65
336.85	250.95
320.1	253.85
321.45	248.15
324.45	245.45
327.25	241.05
330.15	239.1
332.25	238.9
334.05	239.55
336.7	239.3
335.5	240
333.45	240.3
337.75	239.3
334	240.5
331.45	238.75
331.5	237.3
332.65	238.8
332.6	235.35
332	235.8
330.5	233.5
326.55	229.75
324.6	229.7
323.45	227.55
321.4	225.35
389.85	159.15
372.75	132
367.6	136.6
366.9	132.65
362.4	132.65
355.1	132.95
349.15	132.75
344.35	134.65
343.7	133.65
340.8	134.25
455.7	145.95
426.1	135.4
420.2	137.6
416.75	139.85
415.25	138.35
410.8	142.25
268.95	356.55
264.9	361.5
263.9	358.25
264.5	353.9
263.9	354.6
269.45	354.2
273.1	354.4
257.95	374.2
256.3	382
254.45	384.7
253.1	392.1
253.7	393.6
256.35	400.35
255.9	398.45
256.05	399.6
257.45	403.05
257.3	397.3
260.1	395.7
266.5	399.35
260.15	404.05
260.55	406
266.2	397.4
257.45	398.8
260.3	396.65
237.8	424.3
240.55	422.8
239	421.6
238.8	422.55
238.1	420.2
238.05	421.7
237	418.2
238.65	411.75
237.7	411.6
238.5	407.8
238.2	406.85
234.1	406.6
235.1	412.75
238.85	413.35
297.75	266.4
304.05	263.75
301.8	262.85
305.05	263.9
306.3	261.85
330.75	155.65
329.2	168.45
330	169.7
334.3	168.45
340.55	166.15
340.15	167.8
345.3	170.2
349.45	169.95
350.1	169.95
325.55	157.4
329.1	155.45
333.3	154.9
335.35	153.45
338.75	156
336.25	155.4
335.85	151.1
338	152.6
340.7	152.75
342.15	153.15
345	152.9
342.45	151.35
345.8	146.55
350.7	152.7
353.4	154
223.65	212.6
224.9	215.15
237.35	210.8
240.55	210.4
251.65	213.8
259.05	213.35
267.4	223.3
265	205.05
355.6	368
323.65	236.95
337	233.75
336.4	272.3
340.95	284.95
341.7	287.9
341.8	286.75
340.85	287.2
339.2	288.6
341	290.05
337.9	289.7
336.55	290.45
335.3	291.65
336	293.7
359.6	285.45
370.4	284
364.95	290
370.2	296.95
370.2	298.85
369.95	300.2
371.9	298.5
371.05	301.6
374.3	299.9
372.05	301.3
369.45	300.5
363.5	295.95
362.7	294.45
359.9	289.55
358.45	285.45
355.25	284.7
355.95	281.35
313	210.05
313.05	197.15
310.75	193.75
308.6	197.6
310.35	200.9
307.5	203
309.3	205.5
308.9	206
309.3	206.2
308.05	204.75
305.5	204.8
304.8	203.95
305.65	206.3
255.75	181.8
259.4	185.25
262.2	184.7
262.15	181.05
262.6	181
266.15	181.1
267.7	181.45
268.45	179.6
268.6	182.4
268.45	185
269.85	184.8
270.3	185.45
275.75	166.15
274.35	166.2
276	165.8
278.7	171.3
280.75	175.2
286.75	174.95
289	172.3
290.75	172.45
287.75	173.4
293.35	166.9
293.55	163.15
338.85	157.55
343.8	154.85
347.1	154.75
345.1	152.5
346.25	152.3
346.05	153.2
287.35	143.55
300.1	145
301.45	146.45
301.25	150.05
303.85	152.2
303.7	152.6
305.35	152.5
304.1	154.75
305	157.8
308.2	160.2
311.3	169.6
307.55	172.4
314.75	167.25
313.35	168.05
316.25	174.65
317.2	176.5
320.65	180.15
324.65	183.5
325.1	183.1
328.6	187.7
328.4	185.55
327.25	186.4
329.9	193.5
333.7	191.75
331.55	191.9
330.95	194.15
334.4	192.35
331.7	188.95
332.45	190.3
333.7	188.8
337.2	188.05
337.7	196.2
336.6	197.1
333.55	198.1
336.65	197.35
336.7	200.9
332.55	200.25
330.85	199.95
328.2	198.5
242.35	349.9
241.8	324.15
249.35	315
249.8	312.55
251.05	314.2
255.1	313
362.45	267.75
338.75	262.25
340.35	261.85
340.2	255.85
340.95	257
339.85	256.05
339.35	258.25
339.3	264.7
335.5	264.5
332.55	261.8
238.2	314.8
266.75	301.6
269.5	297.95
267.65	301.1
266.85	302.25
265.25	300.2
264.4	298.4
262.65	295.1
253.8	297.5
256.8	295.3
255.3	293.65
323.3	160.7
323.8	162.15
320	162
319.55	160.7
320.05	159.8
319	160.5
267	149.5
265.95	148.15
264.05	147.95
261.95	150.3
261.25	155.4
260.95	156.35
260.85	157.6
259.4	156.65
258.8	155.2
258.85	156.7
254.5	153.05
255.55	149.85
286.6	122.25
282.05	117.9
283.4	117.4
281.95	118.35
283.6	117.8
282.65	121.25
282.9	116.15
283.5	117.4
282.45	113.55
282.1	113.1
280.5	109.85
282.3	107.85
281.45	109.95
283.85	108.35
285.85	110.6
287	114.4
287.65	118.15
286.5	119.7
286.5	120.2
287.35	119.75
288.15	120.7
287.1	120.45
286	119.55
283.45	121.1
282.1	127.75
235.65	224.1
232.55	228.65
233.4	231.85
235.35	227.7
236.4	226.8
240.7	226.15
242.05	225.7
246.9	226.9
253.8	226.2
259.2	228.2
264.9	226
266.55	223.45
270.25	222.05
272.45	219.55
389.9	169.8
393.85	160.6
391.05	165.5
395.05	165.05
395.2	167.55
396.15	167.95
398.95	164.8
401.25	162.35
402.25	148.5
401	153.05
406.35	156.15
555.65	124.65
544.25	116.5
548.05	121.5
550.95	118.95
555.7	113.3
556.45	113.1
558.8	112.05
559.8	113.9
556.65	120.1
558.1	118.6
559.95	115.8
530.8	102.85
530.5	102.05
529.85	101.4
531.4	104.2
534.5	99.75
532.7	97.8
531.5	96.05
532.55	98.3
532.25	101.8
533.55	96.15
318.6	176.7
295.85	183.7
298	183.15
302.75	186.1
303.85	188.25
297.45	187.9
299.15	183.7
297.65	187.65
280.2	209.25
278.3	204.35
277.5	206.45
277.2	202.1
280.85	202.15
287.8	196.05
291.2	201.55
287.1	205.15
286.3	204.9
288.4	206.05
291.2	202.35
296.4	163.25
300.3	167.25
300.85	166.1
298.5	165.8
296.05	165.75
294.45	164.3
291.75	164.4
291.95	164.95
289.1	162.55
286.4	165.35
284.95	165.65
286.25	166.7
286.4	165.9
286.95	166.65
291.2	172.6
263.95	318.2
270.5	333
268.1	332.55
269.8	335.35
272.45	334.85
273	336.2
271.7	337.35
274.45	337.75
275.55	337.65
274.95	337.4
278.95	340
277.5	339.7
277.5	342.2
275.95	345.7
274.85	348.2
277.9	348.9
257.6	283.5
261.15	276.65
260	269.8
263.5	266.65
266.55	261.7
266.95	260.2
270.4	258.65
270.55	261.55
275.5	266.15
0	0
0	0
0	0
0	0
327	312.15
330.1	355.05
335.15	364.9
333.55	359.5
334.4	355.25
337.7	349.7
338.8	347.95
331.45	135.45
333.55	115.6
336.05	115.6
336.6	116.95
340.1	117.65
339.95	111.8
341.65	112.1
341.95	113.2
336.15	111.3
340	119.9
318	120.75
313.7	125
316	131.4
315.2	123.35
317.65	122.6
319.1	128.05
318.75	130.85
319.85	127.45
320.45	130.45
322.05	114.95
325.65	141.9
327.1	141.9
327.45	147.4
328.05	152.8
328.75	154.85
329.4	153.85
328.95	150.45
328.15	145.45
327.45	139.3
326.15	139
327.4	138.6
324.8	140.7
327.2	139.65
327.65	135.7
324.9	135.05
328.75	137.25
326.1	146.5
327.1	147.9
327.05	150.6
320.95	141.5
320.15	135.45
317.95	134.05
317.55	134.05
317	136.3
314.95	141.7
315.15	140.9
315.95	139.15
314.45	133.95
319.2	129.05
320.3	137.75
321.35	140.6
322.9	139.9
326.05	134.75
324.25	132.65
322.5	136.6
325.2	134.05
326.45	132.6
327.65	133.1
325.6	139.95
326.8	141.2
330.4	142.95
327.15	149
357.25	209
357.8	208.75
354.7	209.15
353.75	211.6
351.3	210.65
348.25	209.9
346.85	209.4
343.6	209.45
343.15	206.6
340.3	204.85
337.3	200.9
338.75	200.95
337.95	203.2
338.65	204.3
337.9	203.65
333.65	204.6
325.75	206.4
324.35	208.25
324.5	207.5
324.1	207.5
325.45	206.15
319.15	205.05
317.25	205.7
316.95	204.25
313.95	206.05
315.95	211.45
314.05	209.8
309.25	205.5
305	203.8
303.05	208.9
293.15	147.75
290.05	147.5
287.3	146.95
288.85	148.2
285.6	156.55
285.3	156.75
280.25	153.9
278	154.5
281.9	155.6
280.95	159.55
282.15	160.65
281.05	164.3
285.15	161.65
286.45	156.85
274.6	329.6
274.7	334.2
278.45	338.85
283.15	339.7
283.8	340.2
287.3	343.7
287.35	343.3
288.3	345.45
292.2	345.95
294.2	347.05
328.05	216.4
329.85	190.25
331.1	188.25
331.3	189.15
331.4	188.95
333.1	190.5
334.9	192.05
337.4	191.2
335.5	194.4
340.95	204.45
342.6	208.3
343.7	208.65
343.9	203.7
376.55	172.4
383.05	173.25
377.45	175.35
376.7	177.1
375.35	174.9
374.75	171.6
375.8	173.2
373.35	169.25
372.95	171.55
374.1	175.15
370.25	172.55
371.6	179.55
369.55	176.8
368.5	177.05
371.2	179.45
367.7	182.35
366.7	183.8
363.2	168.95
362.5	170.45
358.55	174.85
359.4	171.05
356.55	173.05
353.85	174.4
358.5	175.95
338.55	179.85
337.2	181.15
342.5	181.05
342.35	181.15
350.55	180.65
352.95	180.6
356.5	177.7
359.5	176.85
356.5	173.55
359.05	170.05
361.05	169.6
362.6	168.7
364.85	167.2
368.45	163.5
368.15	163.25
377.85	162.85
385.9	159.25
392.3	158.3
400.3	155.3
404.35	153.65
406.6	152.4
405.4	151.4
414	147.9
413.9	147.85
419.15	149.25
422.4	148.7
422.35	149.05
422.7	149.35
422.9	151.55
424.1	150.9
427.85	148.45
427.65	148.8
370.05	164
372.75	170
377	175.85
379.1	171.75
372.05	170.4
367.7	170.15
369.05	170.45
375.55	166.3
379.55	173.1
377.05	174.85
380.8	177.9
384.05	181.7
386.7	183.85
389.9	188.05
390.45	184.5
394.65	180.85
397.9	184.1
398.15	182.35
397.1	183.45
396.2	179.2
397.45	179.6
396.7	178.85
399.1	175.05
408.15	176.7
410.35	179.25
417.05	181
416.5	174.6
417.75	171.2
419.7	173.95
427.8	176.5
432.75	178.95
439.1	177.6
438.7	178.5
437.1	175
439.8	174.95
441.45	174.1
445.15	176.8
450.5	180.35
450.5	182.6
450.25	177.35
444.4	173.9
445.6	174.3
448.7	171.55
449.3	173.4
447.9	172.2
451.3	171.95
450.35	174.3
453.05	170.75
453.5	172.15
454.85	181.55
456.2	177.95
455.95	176.85
456.05	178.1
452.75	176.05
454.75	176.1
453.3	164.6
455.4	165.1
450.15	169.5
447.65	166.75
445.3	174.65
444.85	171.5
444.6	170.15
447.1	180.75
443.35	169
450.05	174.25
447.85	176.2
441.75	165.05
448.3	170.5
448.85	174
448.5	172.15
446.65	176
445.35	171.95
409	170.8
414.7	178.7
419.4	179
416.95	175.85
417.2	177.7
414.75	169.05
418.65	174.5
422.65	168.85
426.05	171.6
434.95	178.05
432.65	166.4
437.75	165.6
437.9	165.8
443.55	173.2
451.9	174.8
448.25	163.6
449.5	165
453.1	179.25
412.7	143.95
414.85	134
415.15	139.75
419.7	143.85
421.75	144.85
424.1	135
433.45	143.5
434.95	136.1
440.85	142.8
440	138.25
438.4	135.65
444.55	139.1
446	131.1
444	132.95
440.15	138.4
445.45	142.6
445.6	136.35
443.9	138.4
441	142.05
300.55	138.25
175.95	122.9
177.5	130.8
178.6	130.95
181.65	137.5
185.6	138.05
187.4	144
185.5	144.2
142.7	150.05
143.35	146.15
142.05	144.2
139.25	139.8
137.9	141.9
138.5	139.85
136.75	140.35
136.75	138.2
138.2	141.85
121.95	146.8
119.55	151.25
120.25	147.55
121.95	151
123.4	158.2
125.5	154.2
126.95	152.95
125.15	145.6
124.75	147.65
124.05	149.1
99.35	151.05
96.15	156.75
95.1	157.8
97.3	160.2
99.4	156.8
101.9	159.3
109.1	160.7
108.15	160.4
108.1	155.85
110.9	155.9
112.4	157.9
277.25	144.7
280.3	138
284.1	137.7
284.45	136
289.15	135.95
291.25	135.5
291.65	136.85
294.8	136.2
337.05	130.4
348.55	131
351.2	132.05
352.85	132.3
347.1	132.45
346.05	131.25
349.35	129.1
347.85	130.6
354.65	129.85
357.95	131.6
359	131.65
359.05	136.15
363.65	133.7
367.2	133.75
363.1	131.5
366.05	125.65
368.4	125.75
370	126.8
372.85	126.55
376.25	126.9
377.55	127.7
377.9	131.4
382.1	128.7
382.05	129
388.2	135.4
393.5	140.25
397.15	134.55
398.2	132.4
404.1	130.7
406	138.25
408.95	142.4
414.35	143.2
417.55	140.15
412.2	134.05
412.6	132.85
415.65	127.4
419.15	131.05
418.5	136
423.45	139.3
426.5	137.65
428.9	138.95
429.35	143.55
426.2	143.9
424.45	137.8
421.4	138.65
384.35	162.15
384.2	167.65
388.15	165.95
388.75	165.85
388.95	169.65
393.55	160.35
396.05	160.6
397.05	157.8
402.1	161.85
401.3	169.2
399.8	167.25
418	207.2
418.95	215.75
424.1	215.25
424.75	213.05
428.75	214.35
429.5	219.25
428.05	213.5
433.85	209.55
432.35	212.25
436.8	212.95
438.05	215.3
438.05	215.45
439.7	213.95
438.55	214.65
438.1	214.6
439.35	212
440.95	211.95
439.75	211.15
437.35	207.45
436.95	205.25
432.4	205.15
429.75	205.45
430.4	205.4
430.6	205
430.35	201.6
430.7	202.45
432.55	201.6
431.35	202.6
431.3	203.1
432.95	197.9
432.6	196.1
432.8	198
431.9	200.2
431.5	201.85
435.8	201
432.15	197.8
432.35	199.45
433.7	200.3
432.5	200.7
429.6	198.9
432.65	196.65
429.3	198.15
431.6	197
433.05	197.35
431.9	197.15
435.8	199.4
436.85	199.95
436.6	198.75
436.5	199.4
436.1	200.1
435.7	197.8
434.9	197.65
435.3	196.5
438.8	197.6
368.2	269.85
328.7	412.75
323.05	408.7
316.7	413.75
318.7	408
313.25	409.45
311.1	407.35
311.95	402.7
311.5	401.55
309.25	403.55
308.35	398.55
312.45	400.75
314.75	393.6
316.5	394.65
320.25	389.8
318.9	393.2
320.9	391.95
326.15	388.6
327.15	386.55
325.9	385.15
327.4	381.85
332.4	388.2
318.85	149.1
325.9	125.55
325.7	126.4
326.2	127.8
326.95	127.95
332.65	128.4
334.8	133.85
335.65	128.55
331.2	126.8
329.6	127.8
333.95	131.6
331.1	127.3
332.8	130.5
336.15	126.45
332	125.5
335.55	131.4
334.7	132.1
364.35	274.05
378	323.9
373.85	324.65
376	322.65
374.5	322.9
375.7	321
377.75	323.1
377.1	325.9
372.55	326.6
375.55	322.4
375.75	328.9
372.3	323.55
374.5	326.5
372	323.25
374	324.9
375.55	318.9
378.55	318.7
375.25	315.05
374.1	320.6
372.95	315.4
374.25	329.8
373.25	323.75
375.65	323.85
373.1	316.3
377.4	316.5
374.95	321.2
372.05	320.45
373.6	322.75
371.65	323.3
371.15	313.7
373.05	312.25
374.35	312.95
374.45	315.25
372.45	311.35
377.1	324.05
374.55	321.7
375.25	317.75
368.75	317.05
370.9	316.5
369.1	306.1
367.2	309.6
367.95	305.3
369.25	305.4
365.75	310.6
369.2	304.5
369.45	309.6
369	303.2
369.6	299.15
370.2	301.6
370.05	309.6
372.75	307.25
368	306.7
365.15	298.9
364.45	296.4
364.15	303.25
362.2	300.45
362.15	296.3
358.4	304.25
357.85	301.45
357.35	301.3
357	300.65
362.2	302.25
361.45	300.85
363.25	302.85
361.2	304.55
360.15	306.95
359.9	303.3
358.7	297.8
360.6	295.8
355.2	293.6
354.95	293.4
357.35	292.2
354.6	294.25
362.35	301.95
362.95	298.45
364.1	299.15
365.75	297.8
362	290.05
358.55	287.95
359.65	289.95
362.4	283.5
367.55	287.45
370.4	290.05
373.45	293.35
372.5	293.85
372.35	297.45
371.7	297.05
365.65	293.3
364.6	296.6
368.45	297
369.65	295.45
371.8	297.15
370.2	292.9
372.45	293.15
371.05	292.9
371.15	291
370.9	291.85
370.75	288.4
372.35	290.55
370.4	289.3
369.15	289.75
369.3	285.95
367.45	283.2
368.65	288.35
368	284.2
370.2	284.55
369.55	284.45
368.35	281.7
366.95	282.7
367.4	284.75
364.8	284.05
365.55	284.45
366.15	282.4
367.95	277.6
368.85	278.8
368.95	280.15
368.8	278.95
370.35	279.9
371.45	284.1
370.8	282.65
374.4	284.45
373.7	282.7
372.35	279.25
372.6	277.95
373.85	270.65
380.65	264.6
384.35	259.1
384.8	259.75
387.25	258.55
389.7	253.55
393.2	255.4
393.25	255.4
395.3	260.3
397.95	258.45
404.15	260.95
407.85	259.1
410.4	247.95
414.3	254.35
413.65	246.65
415.7	246.25
422.8	244.45
436.7	247.15
433.65	239.85
445.4	242.3
441.25	243.55
451.95	245.75
457.15	245.65
473.35	255.9
474.6	254.45
482.3	257.85
486.5	257.95
489.45	255.35
498.7	240.45
502.15	249.35
502.35	240.15
507	245.95
509.85	251.25
518.05	245.05
519.6	251.6
524.65	252.35
529.45	249.35
533.3	250.35
302.25	225.8
294.15	223.3
298.9	222.85
297.5	220.55
302.2	220
301.6	222.35
302.6	218.15
304.8	217
304.75	211.5
307.25	213.45
313.25	215.8
314.5	217.1
299.55	213.9
107.85	162.15
115.55	165.95
126.4	169.6
134	173.15
144.9	175
151.55	175.35
155.75	177.15
165.35	171.05
166.85	169.1
174.3	169
181.6	174.3
186.35	177.1
191.9	177.15
195.3	178.75
202.35	175.75
207.15	181.85
214.4	181.3
218.65	181.5
221.3	179.7
228.15	180.75
233.1	185.7
235.6	189.6
239.3	191.75
246.15	195.55
249.1	195.05
249	192.2
259.15	198.45
261.65	194.85
268.2	194.7
264.8	187.6
273.8	190.15
267.7	183.3
273.9	186.25
272.35	181.8
274	184.8
277.85	186.3
277.85	186.8
283.75	189.1
286.55	185.75
286.25	194.6
283.3	184.85
279.95	180.5
280.1	182.6
278.15	183.7
275.7	183.05
277.55	185.1
277.55	183.7
277.05	185.7
280.7	182.85
285.45	181
285	184
290.3	190.3
328.6	182.85
432.05	198.3
434.25	203.9
434.65	201.4
436.05	203.3
437.65	200.05
437.65	201.8
438.45	201.9
434.55	201.45
434.7	200.4
434.1	200.9
435.65	201
436.45	201.25
439.2	199.95
443.25	202.4
444.25	199.65
443.6	200.75
444.5	199.9
444.15	200.25
441.85	201.55
441.2	201.95
437.95	198.35
432.15	199.95
426.2	193.55
422.35	192.45
417.2	184.25
413.25	182.7
407.4	182.25
406.15	180.25
402.85	184
400.75	185.75
397.05	183.7
392.85	181.55
394.2	182.15
396.8	184.1
395.4	185.4
394.65	190.6
394	193.3
391.7	192.65
391.75	195.9
389.1	194.55
389.45	192
384.2	187
381.35	185.55
384	185.8
382.45	185.95
386.55	187.05
384.25	186.85
385.3	185.9
386.1	184.5
388.15	187.4
387.65	190.45
386.7	191.7
386	194.2
388.8	191.3
388.8	189
388.55	189.4
389.75	183.3
389.5	189.15
387.4	184.8
388	185.8
389.55	187.6
391	183.1
392.6	193
392.1	192.9
394.8	189.05
391.85	190.3
394.6	186.3
391.35	192.05
392.25	189.95
392.15	187.9
393.95	185.2
393.6	181.8
394.8	183.8
394.5	185.9
393.8	183.8
394.1	183.6
393.25	178.8
393.35	174.55
391.1	166.85
391.5	170.15
393.55	173.7
390.95	166.2
392.05	169.95
387.5	165.7
384.9	162.95
385.9	167.55
384.75	177.75
385.6	174.6
384.5	181.6
385.9	181.55
383.75	181.3
386.1	182
386.7	175.1
386.65	177.5
387.3	177.45
386.05	178.95
385.65	183.1
383.75	179.3
383.5	186.85
380.7	185.2
380.75	185.55
325	209.2
323.8	196.25
326.3	201.45
324.9	199.8
321.45	194.85
324.05	195.65
325.5	193.35
324.7	190.95
328.55	192.25
326	195.45
326.15	191.95
323.5	190.8
322.45	188.65
321.5	189.5
320.3	189.75
321.35	188.6
323.1	184.05
325.15	183.6
325.6	183.1
324.6	184.25
327.1	186.7
327.55	188.35
329.9	191.45
328	188.25
328	184.85
329.45	180.35
327.25	180.25
329.35	178.35
326.35	178.5
327.85	178.95
328.3	179.95
327.85	177.6
328.65	178.1
327.25	177.9
328	182.05
331.05	177.8
324.9	179.65
326.85	178.25
327.7	177.45
324.35	175.85
325.5	173.15
323.1	173.35
323.55	172.4
321.55	175.65
325.9	177.25
325.6	176.2
327.9	183.75
329.9	184.8
330.05	186.65
331.55	185.95
329.7	186.7
324.15	188.2
330.4	186.35
327.85	186.4
331	190.2
329.25	192.1
328.3	193.85
325.05	198.6
330.8	200.9
330.25	203.85
327.85	205.95
329.7	206.7
326.7	204.7
325.3	200.7
323.65	201.9
325.3	203.3
325.45	203.4
325.85	205.4
324.15	207.8
323.1	205.05
321.9	205.6
321.1	207.5
320.85	206.3
318.05	208.05
321.45	205.1
322.25	206.9
319.95	203.65
320.1	204.5
319.35	206.95
320.25	205.25
317.1	204.8
317	204
317.25	203.65
317.15	203
318.95	201.55
317.95	203.05
317	201.55
319.6	201.6
321.5	199.3
322.5	197.15
324.8	196.35
326.9	198.9
333	197.65
334.5	194.25
339.3	189.2
344.45	190.8
347.4	188.55
348.95	190.5
355.25	187.9
358.8	184.75
361.15	183
364.4	185.3
361.75	185.1
365.8	181.85
366.2	179.3
363.95	181.5
365.65	179.05
367.6	178.6
368.95	180.85
370.3	180.1
369.85	181
371.45	181.25
371.7	179.2
373.75	178.45
374.05	175.7
377.2	178.35
375.65	175.6
368.5	277.45
367.45	269.25
372.8	268.55
373.5	263.1
372.1	266.9
374.55	268.95
380.45	281.05
0	0
0	0
0	0
0	0
0	0
0	0
0	0
398.2	275.85
395.4	308.45
637.3	324.2
627	352.25
618.25	353.3
606.2	347.05
593.45	341.3
581.25	338.95
568.55	335.1
521.05	306.95
504.65	293.8
501.35	293
489.45	287.8
485.05	290.15
478.45	290.5
466.1	281
460.5	275.55
458.8	270.75
437.4	260.35
428.25	259.85
429	262.85
433.5	264.6
438.25	268.4
435.25	263.05
456	252.9
452.1	253.15
450.95	255
451.05	254.45
455.8	253.1
455.1	256.2
457.85	268.75
572.3	308.25
588.05	323.5
588.8	326.4
583.15	330.4
582.75	337.5
579	332.5
570.5	338.95
575	334.25
299.75	282.45
210.8	265.15
211.75	267.75
211.6	267.65
210.45	274.35
211.25	273.2
208.55	266.15
164.8	251.1
153.25	249.85
154.35	250.3
156.3	255.3
154.75	246.55
161.85	250.35
163.5	250.6
168.7	248.95
243.85	254.45
222.3	251.7
226.1	250.15
227.8	245.6
228.35	248.1
232.75	259.2
394.8	255.8
405.45	259.3
402.05	263.05
403.6	263.1
409.85	264.6
409.75	264.55
408.15	259.2
326.85	316.65
351.9	304.9
349	301.2
351.8	300.3
348.55	298.35
346.8	296.75
347.65	294.8
346.5	294.4
348.1	301.6
348.55	298.6
348.2	298.6
346.15	294.65
358.1	284.55
365.2	289.6
365.05	284.7
364.8	281.7
365.2	286.35
352.7	300.4
352.8	295.85
356.45	295.2
355.45	294
356.9	296.3
356.15	294.7
354.25	294.25
357.05	295.7
355.75	295.85
354.6	296.6
315.55	491.25
316.65	500.95
314.75	501.35
313.55	506.15
313.75	506.45
315.8	510.7
312.9	510.4
323	567.45
319.25	555.95
320.6	554.2
321.85	557.95
323.15	553.75
318.8	554.05
336.05	350.9
334.4	338.4
334.65	342.2
331.45	342.85
330.9	337.15
332.65	335.6
330.7	332.15
334.8	335.9
329.55	303.25
332.4	305.35
332.15	304.25
334.75	304.75
330.75	302.9
352.7	251.35
360.7	242.75
362.55	248.65
359.95	248.95
358.85	248.9
359.35	247.25
357.25	245.75
358.65	244.3
360.05	241.1
360.65	239.5
337.25	223
332.8	221.2
332.95	220.5
334.5	218.65
330.15	213.4
333.55	217.05
333	216.2
331.75	214
330.5	216
329.8	210.2
326.95	208
344.5	243.15
345	247.25
343.45	246.6
342.1	248.75
341.5	247.8
326.3	296.1
321.35	287.05
317.65	282.25
320.8	277.4
323.1	275.65
322.9	277.85
318	282
316.25	282.35
315.4	282.9
316.05	281.25
316.65	277.95
315.8	274.75
304.1	269.65
306.1	269.3
311	276.25
310.85	274.9
310.9	276.5
307.2	275.95
308.25	274.95
308.55	273.1
307.05	270.85
311	271.5
311.65	272.35
311.7	270.8
309.3	270
308.55	272.85
275.8	311.85
280.5	303.25
285.25	299.05
283.25	307.55
288.05	312.05
288.75	311.85
288.15	305.75
284.65	301.9
286.3	358.1
287.1	366.35
288.75	366.3
289.45	366.25
290.15	368.5
288.25	368.55
307.7	511.5
297.7	515.55
300.2	512.8
299.2	511.35
295.4	513.55
297.95	512.1
299.8	514.15
309.8	534.9
310.8	537.9
310.2	536.65
312.1	537.7
309.2	538.05
285.8	348.85
285.95	289.3
289.95	288.4
291.2	288.45
292.5	286.15
295.1	281.5
293.1	284.65
302.6	314.65
299.25	312.65
294.95	310.25
295.8	301.95
299.25	302.05
296.95	303.9
297.1	304.35
303.35	301.15
323.6	246.65
311	220.4
312.9	219.35
315.2	220.75
312.75	227.15
318.45	222.7
317.25	224.7
316.1	222.65
317.3	220.3
316.1	215.65
297.35	278.55
300.55	269.2
304.65	268.1
303.25	269.3
307.9	266.7
311.4	268.65
311.2	264.2
314.7	262.45
317.25	259.95
341.4	248.7
351.7	248.1
353.75	246.5
360.15	246.65
356.25	248.55
358.8	249.15
358	248.15
363.85	247.8
360.25	249.55
359.45	250.6
360.4	248.55
357.2	245.3
360.05	248.8
358.75	247.85
357.55	246.85
353.7	247.45
353.85	247.65
351.7	248.4
353.15	244.05
352.6	245.5
353.4	248.4
355.95	249.35
353.9	246.95
356.9	250.55
357.65	248.7
356.8	247.6
356.1	247.7
354.65	244.5
355.5	240.9
353.55	241.75
354.95	240.9
354.5	242.95
346.6	240.45
340.6	240.05
342.15	242.45
342.85	239.95
339.85	237.85
341.3	239.35
340.05	238.55
341.65	237.65
342.4	239.2
339.05	240.65
340.5	242.6
340.95	253.85
344.7	261.55
344.75	262.85
341.4	263.6
343.1	262.2
341.65	260.8
343.9	259.75
339.8	259.9
342.65	256.45
342.15	260.6
348.65	266.2
344.7	272.85
346.1	273.7
348.35	270.5
344.8	273.95
343.3	271.35
345.85	270.75
345.95	269.15
345.1	270.1
343.4	270.8
348.9	267.65
334.45	268.65
269.4	337.45
276.35	335.3
280.15	334.6
278.05	335.4
278.7	334.15
346.95	212.5
345	210.7
348.8	211.5
349.1	211.7
349.3	210.45
349.45	208.85
346.55	205.35
350.85	202.9
379.85	230.05
370.45	241.5
369.9	236
371.55	230.3
369.35	230.55
370.55	229.8
372.05	234.4
375.4	232.05
375.25	241.5
379.2	241.45
375.8	240.1
376.05	230.8
378.8	222.35
376.3	226.7
405.75	251.05
400.45	247.4
400.95	248.6
400.8	246.5
399.4	243.65
393.75	239.35
394.45	246.75
390.45	245.9
388.25	243
393.1	257.4
388.55	247.7
384.25	246.55
369.95	253.1
369.95	256.45
374.15	264.2
373.2	262.15
368	251.4
372.5	266.65
366.1	252.75
370.2	264.35
364.6	256.6
365.75	252.15
364.7	257.1
363.45	252.35
359.05	254.8
358.3	254.6
354.3	254.3
350.2	250.7
352.4	253.1
347.95	257.7
344.45	257.4
344.25	255.9
344.95	252.7
339.65	250.3
337.6	251.2
331.7	251.25
330.25	252.3
313.45	253.35
315.75	251
313.4	253.6
313.45	263.55
0	0
0	0
0	0
0	0
0	0
0	0
311.15	214.45
305.7	271.6
307	270.9
309.85	266.7
305.6	266.1
305.3	271
300.9	276.75
294.85	273.35
293.75	276.75
292.65	275.5
289.9	274.5
292.4	272.7
292.1	273.2
286.85	262.25
289.95	263.25
287.95	249.95
283.6	246
286.75	244.5
289.85	240.65
295.5	240.3
294.95	243.5
299.2	247.25
286.95	246.1
284.4	245.55
290.85	250.45
291.75	257.65
291.25	246.15
292.45	249.25
311.5	264
310.55	260.45
310.65	258.25
313.3	257.95
315.9	256.25
316	252.3
317.35	258.95
314.4	250.15
0	0
0	0
0	0
0	0
0	0
0	0
339.15	228
340.85	230.9
345.85	239.9
344.4	241.35
351.25	234.35
350.5	232.15
348.25	242.85
349	255.2
353.75	263.8
358.2	262.55
359.1	264.5
362.35	263.4
365.1	257.6
370.75	257.45
366.65	259.95
372	255.25
368.45	257.75
370.85	251.65
371.05	253.85
360.6	251.95
399.75	335.15
399.35	336.8
398.45	335.5
397.9	334.5
402.45	334.65
402.95	331.35
399	337.1
405.1	331.2
403.4	333
408.4	326.95
404.1	326.45
406.65	323.75
411.45	327.95
400.15	177.95
385.35	177.95
390.55	177.95
393.65	177.05
394.8	171.45
396.45	179.4
427.05	223.4
419.55	211.8
419	206.15
415.95	210
420.6	213.45
420.8	215.35
419.2	216
407.3	225.9
404.75	226.7
404.5	223.2
402.35	223.95
402.25	220.9
400.5	222.05
397.25	225.2
399.25	226.45
395	229.65
407.85	243
404.5	239.5
401.4	239.2
404.3	239.8
405.8	235.6
398.75	241.15
399.85	233.7
396.75	238.9
395.65	235.35
394.5	235.85
397.45	237.1
394.5	237.8
396.65	235.65
388.75	240
387.85	242.6
380.65	244.55
380.5	244.65
381.55	248.1
379.35	252.4
380.3	248.2
383.55	251.05
385.8	254.65
387.75	251.35
386.3	253.8
390.45	257
388.95	257.65
388.7	257
379.6	252.25
383.7	255.5
386	260.4
379.95	256.85
380.3	253.3
384.95	257.6
381.65	260.45
381.05	257.4
382.55	255.95
383.85	255.15
384.5	252.25
384.5	255.25
385.15	249.3
385.35	253.7
388.85	246.25
384.55	254.5
379.85	246.3
390.25	252.3
387.05	257.15
380.95	251.95
379.8	249.65
347	264.75
349.1	267.65
348.9	256.5
350.35	262.8
347.65	263.65
354.8	258.05
353.3	261.4
346.9	265
352.8	261.75
355.3	258.65
350.1	259.95
352.45	257.85
354.55	255.4
360.9	255
356.7	251.95
355.05	247.3
360.05	250.2
365.45	254.95
355.75	252.75
357.9	253.45
357.4	240.95
360.7	240.6
372.15	243.5
370.75	240.65
368.55	244.2
369.7	241.1
369.15	234.3
368.8	235.75
366.85	236.8
370	237.2
371.65	237.9
369.45	239
368.45	239.65
368.55	235.25
369.1	237.4
368.6	234.9
373.25	233.05
272.3	280.4
0	0
0	0
0	0
0	0
0	0
0	0
0	0
0	0
0	0
0	0
0	0
0	0
0	0
0	0
0	0
0	0
0	0
0	0
0	0
0	0
0	0
0	0
331.85	540.15
358.8	296
361.75	296.35
366.15	294
366.7	291.1
363.85	290.85
365.3	286.1
360	290.7
364.45	281.65
353.55	233.6
354	232.45
352.75	219.25
360.5	223.9
356.05	222.15
355.35	215
354.85	214
358.5	216.65
363.35	218.45
373.75	225.25
378.2	220.15
383.25	226.8
382.6	223.75
383.35	222.65
387.75	224.75
383.6	221.7
385.3	221.8
393.7	226.7
387.2	219.9
390.1	220.3
0	0
0	0
0	0
0	0
0	0
0	0
0	0
0	0
0	0
0	0
0	0
0	0
0	0
0	0
0	0
0	0
0	0
0	0
0	0
0	0
0	0
0	0
0	0
0	0
0	0
0	0
0	0
0	0
0	0
0	0
0	0
0	0
0	0
0	0
0	0
0	0
379.55	223.9
391.35	220.9
391.55	223.65
398.25	223.75
374.25	234.25
369.95	236.95
370.2	241.65
367.2	238.35
367.85	242.55
366.1	239.55
363.3	236.05
368.2	237.5
366.2	239.4
365.65	236.4
383.95	241.85
393	241.7
395.65	239.35
392.75	244.15
393.55	250.2
394.7	252.65
395.5	252.45
394.65	249.8
395.55	249.25
397.6	248.9
393.65	243.65
371.35	246.35
364.8	255.05
368.35	245.9
367.9	244.45
365.3	248.45
366.75	247
369.15	242.8
364.75	243.6
366.05	245.6
363.25	252.55
377.4	246.55
394.55	257.7
393.9	260
390.4	260.65
389	254.65
389.45	252.7
386.3	254.05
386	248.05
381.45	256.55
380.25	253.65
380.95	248.85
378.6	255.05
379.5	255.5
363.6	263.65
360.05	256.6
360.8	254.95
360.2	251.65
359.2	259.3
365.65	256
365.65	247.15
0	0
0	0
0	0
0	0
0	0
388.55	225.65
393.05	230.85
391.15	260.3
386.8	267
387.65	265.3
383.75	261.7
381.95	262.65
380.9	258.15
380.65	255.65
383.35	254.2
380.7	250.1
386.55	245.95
387.25	244.75
389	246.8
387.2	250.75
389.25	250.3
387.6	249.35
388.75	247.3
385.1	246.9
389.1	239.75
397.7	248.4
386.8	250.55
385.35	248.95
392.05	247.8
390.15	252.95
390.7	250.85
381.9	244.1
378.5	242.3
381.8	244.35
384.85	246.75
385.05	250.2
387.45	251.5
383.95	247.3
384.9	246.95
383.25	243.35
380.9	241.85
382.95	239.25
381	238.35
383.9	235.95
383.05	236.1
379.75	236.9
378.4	235.35
383.35	235.9
382.55	235.6
383.1	240.55
390.15	238.5
392	238.85
387.65	239.2
387.7	231.75
385.35	233.75
365.7	235.2
364.35	234.9
367.55	237.15
367.55	241.65
366.5	235.45
365.25	247.7
371.95	248.05
371.8	240.8
374	245.65
370.15	245.75
446.55	252.3
415.7	247
412.75	248.85
415.6	245.15
413.5	246.05
414.65	245.9
416.3	247.5
417.2	251.2
417.1	250.95
417.15	253.45
415.95	248.2
411.5	246.65
369.8	249.4
366.9	249.65
368.1	257.1
364.6	248.8
363.45	255.8
356.9	254.45
356.8	250.55
353.75	258.5
357.5	252.55
355.9	254.15
326.65	247.9
321	246.4
320.95	246.45
320.3	246.25
313.65	243.15
314.85	243.6
314.05	245
302.9	240.55
307.65	240.95
310.75	242.5
315.2	242.05
321.95	238.3
321.4	241.75
367.65	238.05
373.35	247
374.5	247
378.5	242.95
385.3	237.25
383	237.6
384.3	241.25
382.95	247.05
382.7	248.55
365.9	243.45
363.2	246.15
360.6	247.5
361.9	247
359.85	245.9
360.4	249.6
359.25	251.5
359.7	252.1
362.1	249.85
362.6	247.75
379.95	252.8
382.05	253.45
378.1	255
383.25	255.65
378.05	260.25
379.75	259.2
384	253.55
379.3	258
373.4	271.1
376.2	266.3
373.35	268.85
373.05	267.1
372.15	266.55
369.7	259.9
372.25	252.1
373.15	251.1
372.45	260.5
375.1	266.15
403.4	251.8
390.05	251.75
400.45	259.3
394.55	260.75
394.95	251.35
398.6	261.3
396.2	263.7
393.3	264.65
391.25	259.8
397.9	263
383.2	259.3
380.2	262.25
380.65	255.9
381.25	250.5
384.15	256.2
382	263.6
379.15	251.3
380.25	261.7
378.3	253.6
374	251.15
374.9	253.85
375.5	247.45
373.65	257.9
369.8	255.75
372.2	254.8
369.95	254.05
369.3	253.2
367.45	248.55
367.8	248.45
368.5	251.45
368.75	249
368.8	249.3
368.9	252.75
367.45	252.3
366	249.15
391.85	268.8
382.75	261.15
380.55	258.85
385.55	257.25
386	255.6
382.4	260.1
383	257.75
375.1	520.15
0	0
0	0
0	0
0	0
349.8	237.55
351.35	250.05
351.6	247.3
352.2	246.75
354.05	248.65
355.5	249.6
0	0
0	0
0	0
0	0
0	0
0	0
360.75	226.85
361.3	244.5
363.45	246.1
363.1	243.75
362.35	242.45
367.15	240.3
368.75	238.5
370.9	236.6
371.95	235.45
403.6	258.75
380.6	253.2
382.4	255.15
383.35	254.45
385.75	254.3
390.8	258.35
392.6	256.75
393.9	255.5
393.45	254.2
393.55	252.5
387.25	252
387.65	254.7
384.05	258.65
385.2	256.05
