0	0
0	0
0	0
0	0
522.62	264.74
522.62	264.74
521.56	264.74
521.56	264.74
521.56	264.74
521.56	264.74
370.75	183.34
370.75	183.34
385.62	178.69
393.05	178.69
394.12	179.86
394.12	179.86
394.12	179.86
394.12	179.86
393.05	178.69
385.62	171.72
343.14	156.6
343.14	156.6
247.56	144.97
247.56	144.97
248.62	146.13
277.29	170.55
345.26	212.42
407.92	243.81
498.19	271.72
526.87	274.05
528.99	274.05
532.18	268.23
534.3	260.09
540.67	253.11
552.36	244.97
555.54	243.81
555.54	243.81
555.54	243.81
555.54	243.81
555.54	243.81
555.54	243.81
555.54	243.81
555.54	243.81
555.54	243.81
555.54	243.81
555.54	243.81
555.54	243.81
555.54	243.81
555.54	243.81
554.48	243.81
453.59	243.81
382.43	242.65
369.69	242.65
358.01	243.81
354.82	243.81
349.51	243.81
331.46	248.46
302.78	249.63
280.48	248.46
280.48	248.46
271.98	244.97
271.98	244.97
271.98	244.97
271.98	244.97
271.98	244.97
271.98	244.97
271.98	243.81
285.79	232.18
309.15	217.07
318.71	212.42
327.21	208.93
333.58	206.6
333.58	206.6
336.77	205.44
344.2	205.44
373.94	204.28
475.89	199.62
519.43	199.62
549.17	200.79
559.79	203.11
559.79	203.11
559.79	203.11
559.79	203.11
559.79	203.11
552.36	201.95
525.81	196.14
515.19	194.97
515.19	194.97
510.94	194.97
510.94	194.97
510.94	194.97
521.56	194.97
533.24	194.97
542.8	196.14
543.86	196.14
543.86	196.14
543.86	196.14
543.86	196.14
543.86	196.14
543.86	196.14
543.86	196.14
543.86	196.14
541.74	196.14
539.61	197.3
533.24	197.3
525.81	198.46
509.88	201.95
473.77	220.56
447.22	254.28
446.16	260.09
446.16	263.58
446.16	263.58
446.16	264.74
489.7	260.09
523.68	254.28
557.67	250.79
583.16	248.46
583.16	248.46
583.16	248.46
583.16	248.46
583.16	248.46
583.16	248.46
583.16	248.46
583.16	248.46
583.16	248.46
582.09	248.46
581.03	248.46
581.03	248.46
579.97	248.46
579.97	248.46
579.97	248.46
579.97	248.46
579.97	248.46
579.97	248.46
579.97	248.46
579.97	248.46
579.97	248.46
579.97	248.46
579.97	248.46
579.97	248.46
579.97	248.46
579.97	248.46
579.97	248.46
585.28	256.6
591.65	264.74
593.78	267.07
593.78	267.07
593.78	267.07
593.78	267.07
593.78	267.07
593.78	267.07
616.08	265.91
620.33	265.91
629.88	265.91
629.88	265.91
629.88	265.91
629.88	265.91
629.88	265.91
630.95	265.91
630.95	264.74
632.01	264.74
632.01	264.74
635.19	261.25
635.19	261.25
635.19	261.25
635.19	261.25
635.19	261.25
635.19	261.25
635.19	261.25
635.19	261.25
635.19	261.25
635.19	261.25
635.19	261.25
635.19	261.25
635.19	261.25
635.19	261.25
635.19	261.25
635.19	261.25
635.19	261.25
635.19	261.25
635.19	261.25
635.19	261.25
635.19	261.25
635.19	261.25
635.19	261.25
623.51	265.91
547.05	285.67
493.95	285.67
483.33	282.19
483.33	282.19
483.33	282.19
483.33	281.02
484.39	281.02
484.39	279.86
485.45	279.86
487.57	278.7
490.76	276.37
499.26	272.88
505.63	270.56
505.63	270.56
506.69	270.56
520.5	268.23
536.43	265.91
547.05	263.58
557.67	260.09
558.73	257.77
559.79	256.6
560.85	256.6
562.98	253.11
564.04	251.95
564.04	250.79
564.04	250.79
564.04	250.79
562.98	250.79
530.05	258.93
465.27	267.07
446.16	267.07
432.35	267.07
432.35	267.07
432.35	267.07
432.35	267.07
432.35	267.07
432.35	267.07
432.35	264.74
442.97	260.09
450.4	256.6
453.59	253.11
453.59	253.11
453.59	253.11
431.29	246.14
399.43	235.67
349.51	215.9
349.51	215.9
336.77	201.95
336.77	198.46
344.2	188
349.51	179.86
355.88	172.88
355.88	172.88
355.88	172.88
355.88	172.88
352.7	179.86
351.64	189.16
351.64	190.32
352.7	190.32
352.7	190.32
383.5	186.83
395.18	184.51
429.16	176.37
434.47	174.04
441.91	171.72
441.91	171.72
441.91	171.72
441.91	171.72
441.91	171.72
441.91	171.72
441.91	171.72
441.91	171.72
441.91	171.72
441.91	171.72
436.6	174.04
432.35	176.37
432.35	176.37
422.79	179.86
420.67	182.18
419.6	184.51
419.6	186.83
417.48	190.32
417.48	191.48
411.11	194.97
404.74	197.3
397.3	198.46
386.68	200.79
382.43	200.79
382.43	200.79
380.31	201.95
381.37	206.6
384.56	210.09
405.8	217.07
421.73	220.56
449.34	225.21
466.33	226.37
467.4	227.53
467.4	227.53
467.4	227.53
459.96	232.18
452.53	233.35
428.1	239.16
414.29	243.81
400.49	251.95
393.05	257.77
377.12	271.72
369.69	276.37
345.26	286.84
331.46	293.81
325.09	294.98
321.9	297.3
315.53	300.79
312.34	301.95
309.15	304.28
309.15	304.28
309.15	304.28
309.15	304.28
309.15	304.28
309.15	304.28
315.53	300.79
324.02	298.47
359.07	293.81
393.05	290.33
452.53	290.33
471.64	290.33
499.26	290.33
514.12	290.33
540.67	288
550.23	288
552.36	286.84
554.48	286.84
555.54	286.84
555.54	286.84
555.54	286.84
555.54	286.84
555.54	285.67
556.6	284.51
555.54	265.91
555.54	265.91
539.61	217.07
531.12	191.48
530.05	163.58
530.05	155.44
530.05	141.48
530.05	141.48
531.12	108.92
531.12	105.43
531.12	105.43
531.12	105.43
531.12	105.43
531.12	105.43
531.12	105.43
531.12	105.43
531.12	105.43
531.12	105.43
531.12	105.43
531.12	105.43
531.12	105.43
531.12	105.43
531.12	105.43
531.12	105.43
531.12	105.43
531.12	105.43
531.12	105.43
531.12	105.43
531.12	105.43
531.12	105.43
531.12	105.43
531.12	105.43
531.12	105.43
531.12	105.43
531.12	105.43
531.12	106.6
531.12	107.76
531.12	108.92
531.12	111.25
532.18	114.74
533.24	120.55
535.36	124.04
535.36	132.18
535.36	134.51
534.3	136.83
534.3	137.99
534.3	137.99
534.3	137.99
534.3	137.99
538.55	136.83
541.74	135.67
547.05	132.18
548.11	132.18
548.11	132.18
548.11	132.18
548.11	132.18
548.11	132.18
548.11	132.18
548.11	132.18
548.11	132.18
548.11	132.18
549.17	129.85
549.17	129.85
549.17	129.85
549.17	129.85
549.17	129.85
549.17	129.85
549.17	129.85
549.17	129.85
549.17	129.85
549.17	129.85
549.17	129.85
547.05	133.34
548.11	137.99
548.11	139.16
550.23	141.48
550.23	141.48
559.79	144.97
564.04	144.97
564.04	144.97
564.04	144.97
564.04	144.97
564.04	146.13
562.98	146.13
550.23	157.76
547.05	160.09
513.06	183.34
478.02	200.79
447.22	211.25
439.78	213.58
417.48	220.56
414.29	221.72
411.11	222.88
397.3	231.02
366.5	246.14
352.7	254.28
347.39	257.77
347.39	257.77
337.83	264.74
337.83	264.74
337.83	264.74
337.83	264.74
337.83	264.74
337.83	264.74
337.83	264.74
337.83	264.74
337.83	264.74
337.83	264.74
337.83	264.74
337.83	264.74
337.83	264.74
337.83	264.74
337.83	264.74
337.83	264.74
337.83	264.74
332.52	249.63
329.33	244.97
326.15	239.16
325.09	236.84
325.09	235.67
325.09	229.86
325.09	227.53
329.33	218.23
336.77	201.95
344.2	194.97
355.88	186.83
386.68	171.72
399.43	169.39
432.35	165.9
451.47	165.9
456.78	167.06
457.84	167.06
457.84	167.06
457.84	167.06
457.84	167.06
457.84	168.23
456.78	169.39
453.59	171.72
449.34	172.88
439.78	175.2
429.16	178.69
428.1	178.69
428.1	178.69
428.1	178.69
428.1	178.69
428.1	178.69
422.79	184.51
422.79	184.51
416.42	193.81
415.36	196.14
415.36	197.3
415.36	197.3
416.42	198.46
429.16	203.11
466.33	210.09
493.95	213.58
518.37	214.74
518.37	214.74
527.93	214.74
527.93	214.74
527.93	214.74
527.93	214.74
527.93	214.74
527.93	214.74
527.93	214.74
527.93	214.74
527.93	214.74
527.93	214.74
530.05	218.23
533.24	226.37
537.49	236.84
538.55	238
538.55	238
538.55	238
538.55	238
538.55	238
538.55	238
538.55	238
537.49	238
531.12	239.16
525.81	242.65
516.25	251.95
510.94	256.6
504.57	263.58
502.44	265.91
499.26	270.56
499.26	270.56
498.19	271.72
497.13	271.72
495.01	274.05
493.95	274.05
492.88	275.21
492.88	275.21
492.88	275.21
492.88	275.21
491.82	275.21
491.82	276.37
491.82	278.7
491.82	279.86
491.82	279.86
491.82	281.02
490.76	282.19
490.76	282.19
490.76	282.19
490.76	282.19
489.7	279.86
489.7	279.86
487.57	276.37
487.57	276.37
487.57	276.37
487.57	276.37
487.57	276.37
487.57	276.37
487.57	276.37
487.57	276.37
487.57	276.37
487.57	276.37
487.57	276.37
487.57	276.37
487.57	276.37
487.57	276.37
487.57	276.37
487.57	276.37
487.57	276.37
487.57	276.37
487.57	276.37
487.57	276.37
487.57	276.37
487.57	276.37
487.57	276.37
487.57	276.37
487.57	276.37
487.57	276.37
487.57	276.37
487.57	276.37
487.57	276.37
487.57	276.37
487.57	276.37
487.57	276.37
487.57	276.37
487.57	276.37
487.57	276.37
487.57	276.37
487.57	275.21
490.76	270.56
493.95	264.74
497.13	260.09
522.62	242.65
544.92	232.18
556.6	226.37
566.16	222.88
571.47	219.39
572.53	219.39
574.66	218.23
577.84	219.39
584.22	225.21
598.02	240.32
604.4	249.63
604.4	249.63
604.4	249.63
598.02	282.19
584.22	289.16
558.73	296.14
547.05	299.63
541.74	299.63
540.67	299.63
540.67	299.63
540.67	299.63
540.67	299.63
540.67	299.63
540.67	299.63
540.67	299.63
540.67	299.63
540.67	299.63
540.67	299.63
538.55	300.79
535.36	305.44
531.12	310.09
528.99	311.26
528.99	311.26
528.99	311.26
528.99	310.09
528.99	307.77
530.05	304.28
530.05	303.12
530.05	303.12
530.05	303.12
530.05	303.12
530.05	303.12
530.05	303.12
530.05	303.12
530.05	303.12
530.05	303.12
530.05	303.12
530.05	303.12
530.05	301.95
531.12	300.79
532.18	299.63
533.24	298.47
533.24	298.47
533.24	298.47
533.24	298.47
533.24	298.47
533.24	298.47
533.24	298.47
532.18	301.95
531.12	303.12
531.12	303.12
531.12	303.12
531.12	303.12
531.12	303.12
531.12	303.12
531.12	303.12
531.12	303.12
530.05	294.98
530.05	294.98
528.99	291.49
528.99	291.49
528.99	291.49
528.99	291.49
528.99	291.49
528.99	291.49
528.99	291.49
528.99	291.49
528.99	291.49
528.99	291.49
528.99	291.49
528.99	291.49
528.99	291.49
528.99	291.49
528.99	291.49
528.99	291.49
528.99	291.49
528.99	291.49
528.99	291.49
530.05	290.33
530.05	290.33
528.99	290.33
491.82	297.3
441.91	307.77
441.91	307.77
271.98	327.54
258.18	327.54
267.74	322.89
286.85	314.75
286.85	314.75
286.85	314.75
438.72	282.19
444.03	277.53
446.16	275.21
446.16	270.56
438.72	263.58
422.79	253.11
403.67	239.16
401.55	236.84
400.49	234.51
402.61	231.02
406.86	231.02
482.26	239.16
537.49	241.49
574.66	243.81
577.84	243.81
577.84	243.81
577.84	242.65
561.91	242.65
513.06	240.32
425.98	234.51
413.23	233.35
404.74	232.18
404.74	232.18
404.74	232.18
403.67	232.18
395.18	234.51
332.52	238
313.4	238
274.11	234.51
269.86	233.35
269.86	233.35
269.86	233.35
269.86	233.35
269.86	232.18
291.1	229.86
321.9	229.86
363.32	228.7
411.11	228.7
416.42	228.7
417.48	228.7
417.48	228.7
417.48	228.7
417.48	228.7
417.48	228.7
417.48	228.7
417.48	228.7
417.48	228.7
417.48	228.7
417.48	228.7
412.17	239.16
411.11	243.81
405.8	265.91
404.74	268.23
403.67	269.39
403.67	269.39
406.86	269.39
456.78	263.58
577.84	260.09
654.31	261.25
668.12	263.58
668.12	263.58
668.12	263.58
667.05	264.74
664.93	264.74
655.37	268.23
639.44	270.56
639.44	270.56
630.95	271.72
630.95	271.72
630.95	272.88
636.26	277.53
675.55	299.63
698.91	310.09
699.98	311.26
699.98	311.26
698.91	311.26
696.79	311.26
694.67	311.26
693.6	311.26
689.36	311.26
681.92	311.26
650.06	310.09
602.27	305.44
559.79	301.95
522.62	296.14
500.32	293.81
465.27	286.84
448.28	282.19
421.73	276.37
394.12	265.91
390.93	264.74
389.87	264.74
388.81	263.58
383.5	262.42
380.31	262.42
378.19	262.42
378.19	262.42
378.19	262.42
378.19	262.42
378.19	262.42
458.9	225.21
503.5	199.62
519.43	191.48
519.43	191.48
519.43	190.32
518.37	190.32
506.69	190.32
482.26	190.32
476.95	189.16
468.46	189.16
468.46	189.16
454.65	189.16
445.09	189.16
404.74	192.65
347.39	199.62
332.52	204.28
303.84	206.6
268.8	210.09
268.8	210.09
268.8	211.25
268.8	211.25
268.8	211.25
268.8	211.25
273.05	211.25
303.84	211.25
391.99	218.23
469.52	220.56
516.25	220.56
535.36	217.07
561.91	205.44
570.41	200.79
601.21	183.34
625.64	167.06
647.94	153.11
656.43	146.13
665.99	141.48
665.99	141.48
665.99	141.48
665.99	141.48
665.99	141.48
655.37	150.78
620.33	169.39
606.52	177.53
603.33	177.53
603.33	177.53
603.33	178.69
596.96	179.86
585.28	182.18
573.6	183.34
570.41	184.51
570.41	184.51
570.41	184.51
568.29	185.67
566.16	185.67
565.1	186.83
562.98	188
562.98	188
562.98	188
562.98	188
562.98	188
562.98	188
562.98	188
562.98	188
562.98	188
562.98	188
562.98	188
562.98	188
562.98	188
561.91	188
558.73	188
552.36	188
551.29	188
547.05	188
545.98	188
541.74	188
540.67	188
539.61	189.16
539.61	189.16
539.61	189.16
539.61	189.16
539.61	189.16
540.67	186.83
541.74	186.83
545.98	177.53
548.11	170.55
552.36	161.25
553.42	158.92
553.42	157.76
553.42	157.76
554.48	156.6
554.48	156.6
554.48	156.6
554.48	156.6
554.48	156.6
554.48	156.6
554.48	156.6
554.48	156.6
554.48	156.6
554.48	156.6
554.48	156.6
554.48	156.6
554.48	156.6
554.48	156.6
554.48	156.6
554.48	156.6
554.48	156.6
554.48	156.6
554.48	156.6
554.48	156.6
554.48	156.6
554.48	156.6
554.48	156.6
554.48	156.6
554.48	156.6
554.48	156.6
554.48	156.6
554.48	156.6
554.48	156.6
554.48	156.6
554.48	156.6
554.48	156.6
554.48	156.6
554.48	156.6
554.48	156.6
554.48	156.6
554.48	156.6
554.48	156.6
554.48	156.6
554.48	156.6
554.48	156.6
554.48	156.6
554.48	156.6
554.48	156.6
554.48	156.6
554.48	156.6
554.48	156.6
554.48	156.6
554.48	156.6
554.48	156.6
550.23	156.6
516.25	172.88
506.69	179.86
506.69	181.02
506.69	181.02
506.69	181.02
506.69	181.02
506.69	181.02
506.69	181.02
505.63	181.02
503.5	184.51
502.44	186.83
501.38	189.16
501.38	190.32
501.38	197.3
501.38	197.3
501.38	197.3
501.38	197.3
501.38	197.3
501.38	197.3
501.38	197.3
501.38	197.3
501.38	197.3
510.94	194.97
524.74	189.16
530.05	188
530.05	188
530.05	188
530.05	188
530.05	188
530.05	188
530.05	188
530.05	188
530.05	188
530.05	188
530.05	188
530.05	188
530.05	188
530.05	188
530.05	188
530.05	188
530.05	188
530.05	188
530.05	188
530.05	188
530.05	188
530.05	188
530.05	188
530.05	188
530.05	188
530.05	188
530.05	188
530.05	188
530.05	188
530.05	188
530.05	188
530.05	188
530.05	188
530.05	188
530.05	188
530.05	188
530.05	188
530.05	188
530.05	188
530.05	188
530.05	188
530.05	188
530.05	188
530.05	188
530.05	188
530.05	188
530.05	188
530.05	188
530.05	188
530.05	188
530.05	188
530.05	188
530.05	188
530.05	188
530.05	188
530.05	188
530.05	188
530.05	188
530.05	188
530.05	188
530.05	188
530.05	188
530.05	188
530.05	188
530.05	188
530.05	188
530.05	188
530.05	188
530.05	188
530.05	188
530.05	188
530.05	188
530.05	188
530.05	188
530.05	188
530.05	188
530.05	188
530.05	188
530.05	188
530.05	188
565.1	168.23
581.03	163.58
591.65	161.25
591.65	161.25
591.65	161.25
591.65	161.25
591.65	161.25
591.65	161.25
591.65	161.25
591.65	161.25
591.65	161.25
591.65	161.25
589.53	170.55
588.47	172.88
588.47	172.88
588.47	172.88
588.47	172.88
588.47	172.88
588.47	172.88
588.47	172.88
588.47	172.88
588.47	172.88
588.47	172.88
588.47	172.88
588.47	172.88
588.47	172.88
588.47	172.88
588.47	172.88
588.47	172.88
588.47	172.88
588.47	172.88
588.47	172.88
588.47	172.88
588.47	172.88
588.47	172.88
588.47	172.88
588.47	172.88
588.47	172.88
588.47	172.88
588.47	172.88
588.47	172.88
588.47	172.88
588.47	172.88
588.47	172.88
588.47	172.88
588.47	172.88
588.47	172.88
588.47	172.88
588.47	172.88
588.47	172.88
588.47	172.88
588.47	172.88
588.47	172.88
588.47	172.88
588.47	172.88
588.47	172.88
588.47	172.88
588.47	172.88
588.47	172.88
588.47	172.88
588.47	172.88
588.47	172.88
588.47	172.88
588.47	172.88
588.47	172.88
588.47	172.88
588.47	172.88
588.47	172.88
588.47	172.88
588.47	172.88
588.47	172.88
588.47	172.88
588.47	172.88
588.47	172.88
588.47	172.88
588.47	172.88
588.47	172.88
588.47	172.88
588.47	172.88
588.47	172.88
588.47	172.88
588.47	172.88
588.47	172.88
588.47	172.88
588.47	172.88
588.47	172.88
588.47	172.88
588.47	172.88
588.47	172.88
588.47	172.88
588.47	172.88
588.47	172.88
588.47	172.88
588.47	172.88
588.47	172.88
588.47	172.88
588.47	172.88
588.47	172.88
588.47	172.88
588.47	172.88
588.47	172.88
588.47	172.88
588.47	172.88
588.47	172.88
588.47	172.88
588.47	172.88
588.47	172.88
588.47	172.88
588.47	172.88
588.47	172.88
588.47	172.88
588.47	172.88
588.47	172.88
588.47	172.88
583.16	176.37
568.29	183.34
564.04	184.51
559.79	184.51
559.79	184.51
559.79	184.51
559.79	184.51
559.79	184.51
559.79	184.51
559.79	184.51
559.79	184.51
558.73	184.51
554.48	184.51
549.17	183.34
544.92	183.34
543.86	183.34
543.86	183.34
543.86	183.34
543.86	183.34
542.8	183.34
541.74	182.18
540.67	182.18
538.55	182.18
535.36	182.18
535.36	182.18
534.3	182.18
532.18	182.18
531.12	182.18
531.12	182.18
531.12	182.18
531.12	182.18
531.12	182.18
531.12	182.18
531.12	182.18
531.12	182.18
531.12	182.18
531.12	182.18
531.12	182.18
531.12	182.18
531.12	182.18
531.12	182.18
531.12	182.18
531.12	182.18
531.12	182.18
531.12	182.18
531.12	182.18
531.12	182.18
531.12	182.18
531.12	182.18
531.12	182.18
531.12	182.18
531.12	182.18
531.12	182.18
531.12	182.18
531.12	182.18
531.12	182.18
531.12	182.18
531.12	182.18
531.12	182.18
531.12	182.18
531.12	182.18
531.12	182.18
531.12	182.18
531.12	182.18
531.12	182.18
531.12	182.18
531.12	182.18
531.12	182.18
531.12	182.18
531.12	182.18
531.12	182.18
531.12	182.18
531.12	182.18
531.12	182.18
531.12	182.18
531.12	182.18
531.12	182.18
531.12	182.18
531.12	182.18
531.12	182.18
531.12	182.18
531.12	182.18
531.12	182.18
531.12	182.18
531.12	182.18
531.12	182.18
531.12	182.18
531.12	182.18
531.12	182.18
531.12	182.18
531.12	182.18
531.12	182.18
531.12	182.18
531.12	182.18
531.12	182.18
531.12	182.18
531.12	182.18
531.12	182.18
531.12	182.18
531.12	182.18
531.12	182.18
531.12	182.18
531.12	182.18
531.12	182.18
531.12	182.18
531.12	182.18
531.12	182.18
531.12	182.18
531.12	182.18
531.12	182.18
531.12	182.18
531.12	182.18
531.12	182.18
531.12	182.18
531.12	182.18
531.12	182.18
531.12	182.18
531.12	182.18
531.12	182.18
531.12	182.18
531.12	182.18
531.12	182.18
531.12	182.18
531.12	182.18
531.12	182.18
531.12	182.18
531.12	182.18
531.12	182.18
531.12	182.18
531.12	182.18
519.43	191.48
491.82	210.09
470.58	218.23
467.4	219.39
464.21	219.39
464.21	219.39
464.21	218.23
464.21	217.07
464.21	217.07
464.21	214.74
469.52	207.76
471.64	205.44
472.71	204.28
472.71	204.28
472.71	204.28
472.71	204.28
472.71	204.28
472.71	204.28
472.71	204.28
472.71	204.28
472.71	204.28
472.71	204.28
472.71	204.28
472.71	204.28
472.71	204.28
472.71	204.28
472.71	204.28
472.71	204.28
472.71	204.28
472.71	203.11
472.71	203.11
472.71	203.11
473.77	201.95
474.83	201.95
474.83	200.79
475.89	199.62
476.95	199.62
476.95	198.46
478.02	198.46
478.02	198.46
480.14	197.3
484.39	196.14
486.51	196.14
486.51	194.97
486.51	194.97
486.51	194.97
486.51	196.14
486.51	196.14
483.33	203.11
483.33	212.42
485.45	218.23
485.45	219.39
490.76	219.39
496.07	219.39
499.26	218.23
499.26	218.23
500.32	217.07
500.32	217.07
501.38	215.9
503.5	214.74
503.5	214.74
506.69	214.74
506.69	214.74
510.94	214.74
513.06	214.74
515.19	213.58
518.37	213.58
521.56	213.58
521.56	213.58
522.62	213.58
522.62	213.58
522.62	213.58
522.62	213.58
522.62	213.58
522.62	213.58
522.62	213.58
522.62	213.58
522.62	213.58
522.62	213.58
520.5	215.9
519.43	218.23
519.43	220.56
519.43	220.56
519.43	220.56
519.43	220.56
519.43	220.56
519.43	220.56
519.43	220.56
519.43	220.56
519.43	220.56
519.43	220.56
519.43	220.56
519.43	220.56
519.43	220.56
519.43	220.56
519.43	220.56
519.43	220.56
519.43	220.56
519.43	220.56
519.43	220.56
519.43	220.56
519.43	220.56
519.43	220.56
520.5	219.39
520.5	219.39
520.5	219.39
520.5	219.39
520.5	219.39
520.5	219.39
520.5	219.39
520.5	219.39
520.5	219.39
520.5	219.39
520.5	219.39
520.5	219.39
520.5	219.39
520.5	219.39
520.5	219.39
520.5	219.39
520.5	219.39
520.5	219.39
520.5	219.39
520.5	219.39
520.5	219.39
520.5	219.39
522.62	215.9
534.3	149.62
0	0
0	0
0	0
0	0
0	0
0	0
0	0
0	0
0	0
0	0
0	0
0	0
0	0
0	0
0	0
0	0
0	0
0	0
0	0
0	0
0	0
0	0
0	0
0	0
0	0
0	0
0	0
0	0
0	0
0	0
0	0
0	0
0	0
0	0
0	0
0	0
0	0
0	0
0	0
0	0
0	0
0	0
0	0
0	0
0	0
0	0
0	0
0	0
0	0
0	0
0	0
0	0
0	0
0	0
0	0
0	0
0	0
0	0
0	0
0	0
0	0
0	0
0	0
0	0
0	0
0	0
0	0
0	0
0	0
0	0
0	0
0	0
0	0
0	0
0	0
0	0
0	0
0	0
0	0
0	0
0	0
0	0
0	0
0	0
0	0
0	0
0	0
917.69	87.99
843.35	118.23
816.8	134.51
758.39	176.37
758.39	176.37
732.9	207.76
724.4	212.42
724.4	212.42
720.16	203.11
715.91	196.14
699.98	183.34
691.48	181.02
659.62	181.02
615.02	190.32
604.4	192.65
589.53	199.62
584.22	201.95
554.48	211.25
524.74	214.74
470.58	210.09
465.27	208.93
465.27	207.76
466.33	204.28
468.46	197.3
465.27	184.51
458.9	175.2
429.16	154.27
415.36	148.46
400.49	142.65
393.05	139.16
390.93	139.16
388.81	137.99
376.06	133.34
368.63	131.02
363.32	129.85
363.32	129.85
363.32	129.85
364.38	129.85
367.57	131.02
370.75	131.02
372.88	132.18
372.88	132.18
372.88	132.18
372.88	132.18
372.88	132.18
372.88	132.18
372.88	132.18
394.12	129.85
411.11	133.34
446.16	135.67
512	150.78
585.28	174.04
602.27	178.69
603.33	178.69
608.64	177.53
622.45	172.88
678.74	157.76
687.23	155.44
698.91	151.95
698.91	151.95
698.91	151.95
698.91	151.95
685.11	154.27
669.18	154.27
629.88	153.11
626.7	151.95
626.7	151.95
626.7	151.95
626.7	151.95
626.7	151.95
622.45	151.95
621.39	150.78
620.33	150.78
620.33	150.78
620.33	150.78
620.33	150.78
620.33	150.78
620.33	150.78
620.33	150.78
620.33	150.78
620.33	150.78
620.33	150.78
620.33	150.78
620.33	150.78
620.33	150.78
620.33	150.78
620.33	150.78
620.33	150.78
620.33	150.78
620.33	150.78
620.33	150.78
620.33	150.78
620.33	150.78
620.33	150.78
620.33	150.78
620.33	150.78
620.33	150.78
620.33	150.78
620.33	150.78
620.33	150.78
620.33	150.78
620.33	150.78
620.33	150.78
620.33	150.78
620.33	150.78
620.33	150.78
620.33	150.78
620.33	150.78
620.33	150.78
620.33	150.78
620.33	150.78
620.33	150.78
620.33	150.78
620.33	150.78
620.33	150.78
620.33	150.78
620.33	150.78
620.33	150.78
620.33	150.78
620.33	150.78
620.33	150.78
620.33	150.78
620.33	150.78
620.33	150.78
620.33	150.78
620.33	150.78
620.33	150.78
620.33	150.78
620.33	150.78
620.33	150.78
620.33	150.78
620.33	150.78
620.33	150.78
620.33	150.78
620.33	150.78
620.33	150.78
620.33	150.78
620.33	150.78
620.33	150.78
620.33	150.78
620.33	150.78
620.33	150.78
620.33	150.78
620.33	150.78
618.2	150.78
618.2	151.95
618.2	151.95
618.2	151.95
618.2	151.95
618.2	151.95
617.14	151.95
617.14	151.95
617.14	151.95
617.14	151.95
617.14	151.95
617.14	151.95
617.14	151.95
617.14	151.95
617.14	151.95
617.14	151.95
617.14	151.95
617.14	151.95
615.02	151.95
612.89	153.11
605.46	153.11
600.15	154.27
596.96	154.27
596.96	155.44
596.96	155.44
596.96	155.44
596.96	155.44
596.96	155.44
596.96	155.44
596.96	155.44
596.96	155.44
596.96	155.44
596.96	155.44
596.96	155.44
596.96	155.44
596.96	155.44
596.96	155.44
596.96	155.44
596.96	155.44
596.96	155.44
596.96	155.44
596.96	155.44
596.96	155.44
596.96	155.44
596.96	155.44
596.96	155.44
596.96	155.44
596.96	155.44
596.96	155.44
596.96	155.44
596.96	155.44
596.96	155.44
595.9	155.44
595.9	155.44
591.65	157.76
590.59	157.76
587.4	157.76
571.47	157.76
565.1	157.76
565.1	157.76
565.1	157.76
438.72	155.44
432.35	155.44
428.1	155.44
428.1	155.44
424.91	155.44
419.6	154.27
376.06	153.11
284.73	149.62
269.86	149.62
269.86	149.62
269.86	149.62
269.86	149.62
269.86	149.62
266.67	151.95
265.61	153.11
262.43	155.44
258.18	157.76
248.62	161.25
238	164.74
223.13	170.55
209.33	171.72
195.52	174.04
195.52	174.04
195.52	174.04
195.52	174.04
195.52	174.04
195.52	174.04
195.52	174.04
195.52	174.04
195.52	174.04
195.52	174.04
195.52	174.04
265.61	151.95
301.72	147.3
307.03	147.3
308.09	147.3
309.15	148.46
309.15	149.62
309.15	149.62
309.15	151.95
308.09	157.76
308.09	162.41
305.97	164.74
305.97	165.9
305.97	167.06
308.09	169.39
337.83	174.04
354.82	176.37
379.25	181.02
379.25	181.02
382.43	182.18
382.43	182.18
382.43	182.18
371.81	190.32
363.32	198.46
339.95	212.42
295.35	222.88
225.26	221.72
176.4	213.58
151.98	204.28
126.49	191.48
113.74	186.83
108.43	186.83
104.19	186.83
104.19	186.83
104.19	186.83
104.19	186.83
108.43	186.83
128.61	186.83
174.28	186.83
229.5	188
256.05	190.32
266.67	192.65
269.86	192.65
274.11	192.65
274.11	192.65
281.54	191.48
287.91	190.32
287.91	190.32
286.85	192.65
284.73	194.97
277.29	199.62
270.92	206.6
270.92	206.6
270.92	206.6
270.92	206.6
279.42	206.6
318.71	211.25
334.64	214.74
354.82	219.39
395.18	227.53
401.55	228.7
407.92	231.02
410.05	232.18
412.17	234.51
412.17	234.51
414.29	243.81
418.54	256.6
419.6	260.09
419.6	260.09
419.6	260.09
419.6	260.09
424.91	260.09
462.09	260.09
473.77	262.42
473.77	262.42
472.71	262.42
469.52	264.74
459.96	267.07
457.84	267.07
457.84	267.07
457.84	267.07
458.9	265.91
464.21	261.25
482.26	249.63
513.06	229.86
524.74	224.04
552.36	210.09
570.41	201.95
588.47	194.97
598.02	191.48
608.64	189.16
612.89	189.16
612.89	189.16
612.89	189.16
612.89	189.16
612.89	189.16
612.89	189.16
612.89	189.16
612.89	190.32
616.08	199.62
622.45	207.76
625.64	211.25
632.01	214.74
633.07	214.74
635.19	215.9
637.32	215.9
640.5	214.74
659.62	213.58
669.18	212.42
677.67	212.42
685.11	212.42
686.17	212.42
687.23	212.42
688.29	212.42
688.29	212.42
688.29	212.42
688.29	212.42
688.29	212.42
688.29	212.42
688.29	212.42
688.29	212.42
660.68	212.42
628.82	213.58
578.91	215.9
548.11	219.39
542.8	220.56
531.12	224.04
527.93	226.37
525.81	236.84
524.74	246.14
525.81	260.09
528.99	269.39
531.12	272.88
531.12	275.21
531.12	275.21
531.12	276.37
533.24	277.53
551.29	277.53
605.46	276.37
618.2	276.37
618.2	276.37
618.2	276.37
618.2	276.37
618.2	276.37
618.2	276.37
617.14	277.53
617.14	277.53
617.14	277.53
615.02	278.7
615.02	278.7
615.02	278.7
615.02	278.7
615.02	278.7
615.02	278.7
615.02	278.7
615.02	278.7
615.02	278.7
615.02	278.7
615.02	278.7
615.02	278.7
615.02	278.7
615.02	278.7
615.02	278.7
615.02	278.7
615.02	278.7
615.02	278.7
615.02	278.7
615.02	278.7
616.08	277.53
617.14	277.53
618.2	276.37
618.2	276.37
619.26	275.21
619.26	275.21
620.33	274.05
620.33	274.05
620.33	274.05
620.33	274.05
621.39	272.88
621.39	272.88
621.39	272.88
621.39	272.88
623.51	271.72
624.57	270.56
626.7	269.39
626.7	269.39
624.57	269.39
604.4	269.39
526.87	255.44
517.31	253.11
517.31	253.11
412.17	227.53
370.75	227.53
312.34	228.7
295.35	229.86
290.04	229.86
290.04	229.86
290.04	229.86
290.04	229.86
290.04	229.86
290.04	229.86
290.04	228.7
291.1	227.53
295.35	221.72
309.15	206.6
314.47	201.95
376.06	167.06
439.78	148.46
491.82	139.16
505.63	136.83
510.94	136.83
501.38	142.65
452.53	163.58
405.8	181.02
349.51	208.93
337.83	215.9
319.78	231.02
302.78	247.3
302.78	247.3
280.48	270.56
268.8	279.86
259.24	288
251.81	294.98
247.56	298.47
247.56	298.47
247.56	298.47
247.56	298.47
247.56	298.47
247.56	298.47
247.56	298.47
247.56	298.47
248.62	298.47
261.36	298.47
339.95	313.58
380.31	333.35
383.5	336.84
384.56	338
384.56	338
383.5	339.16
383.5	339.16
383.5	339.16
383.5	339.16
383.5	339.16
382.43	339.16
375	334.51
364.38	326.37
360.13	321.72
349.51	307.77
330.4	288
321.9	282.19
316.59	277.53
308.09	272.88
301.72	262.42
300.66	260.09
295.35	249.63
292.16	246.14
292.16	246.14
288.98	244.97
287.91	244.97
284.73	244.97
284.73	244.97
284.73	244.97
284.73	244.97
284.73	244.97
284.73	244.97
284.73	244.97
284.73	244.97
284.73	244.97
284.73	244.97
284.73	244.97
284.73	244.97
284.73	244.97
284.73	244.97
284.73	244.97
284.73	244.97
284.73	244.97
284.73	244.97
284.73	244.97
284.73	244.97
285.79	243.81
287.91	243.81
288.98	242.65
292.16	241.49
294.29	241.49
296.41	241.49
299.6	240.32
301.72	240.32
302.78	240.32
304.91	240.32
305.97	240.32
307.03	240.32
307.03	240.32
308.09	241.49
308.09	241.49
309.15	241.49
309.15	241.49
310.22	241.49
310.22	241.49
311.28	241.49
311.28	241.49
311.28	241.49
311.28	241.49
311.28	241.49
312.34	241.49
312.34	241.49
312.34	241.49
312.34	241.49
312.34	241.49
312.34	241.49
313.4	242.65
316.59	244.97
321.9	248.46
324.02	249.63
329.33	253.11
333.58	255.44
337.83	257.77
347.39	261.25
350.57	262.42
361.19	264.74
362.26	264.74
362.26	264.74
364.38	265.91
365.44	264.74
365.44	264.74
365.44	264.74
365.44	264.74
365.44	264.74
365.44	264.74
365.44	264.74
365.44	264.74
365.44	264.74
358.01	269.39
347.39	272.88
335.71	274.05
324.02	276.37
307.03	276.37
302.78	276.37
288.98	276.37
285.79	276.37
285.79	276.37
285.79	276.37
285.79	276.37
284.73	276.37
266.67	265.91
246.5	253.11
229.5	241.49
215.7	229.86
215.7	228.7
215.7	228.7
215.7	228.7
215.7	228.7
215.7	228.7
215.7	228.7
215.7	228.7
215.7	228.7
215.7	228.7
218.88	227.53
218.88	227.53
226.32	227.53
229.5	227.53
229.5	227.53
229.5	227.53
229.5	227.53
229.5	227.53
229.5	227.53
229.5	227.53
229.5	227.53
229.5	227.53
229.5	227.53
229.5	227.53
229.5	227.53
229.5	227.53
229.5	227.53
229.5	227.53
229.5	227.53
229.5	227.53
229.5	227.53
229.5	227.53
230.57	227.53
230.57	227.53
230.57	227.53
230.57	227.53
231.63	227.53
231.63	227.53
231.63	227.53
231.63	227.53
231.63	227.53
231.63	227.53
232.69	220.56
232.69	207.76
234.81	174.04
234.81	174.04
246.5	144.97
256.05	132.18
257.12	131.02
257.12	131.02
257.12	131.02
257.12	131.02
236.94	134.51
225.26	136.83
196.58	137.99
188.09	135.67
188.09	135.67
188.09	135.67
188.09	135.67
188.09	135.67
188.09	134.51
191.27	134.51
194.46	134.51
196.58	134.51
196.58	134.51
196.58	135.67
196.58	135.67
196.58	135.67
196.58	135.67
196.58	135.67
196.58	135.67
196.58	135.67
196.58	135.67
196.58	135.67
196.58	135.67
196.58	135.67
196.58	135.67
196.58	135.67
206.14	131.02
257.12	125.2
280.48	125.2
297.47	126.37
301.72	127.53
301.72	127.53
301.72	127.53
301.72	127.53
301.72	127.53
305.97	132.18
307.03	133.34
308.09	134.51
308.09	135.67
307.03	137.99
305.97	139.16
301.72	141.48
298.53	142.65
298.53	142.65
297.47	142.65
294.29	142.65
293.22	142.65
293.22	142.65
292.16	142.65
292.16	142.65
291.1	142.65
288.98	142.65
287.91	142.65
285.79	142.65
283.67	142.65
283.67	142.65
282.6	142.65
282.6	142.65
281.54	142.65
281.54	142.65
281.54	142.65
281.54	140.32
281.54	140.32
281.54	139.16
281.54	139.16
281.54	139.16
281.54	139.16
281.54	139.16
281.54	139.16
281.54	139.16
281.54	139.16
281.54	139.16
281.54	139.16
281.54	139.16
281.54	139.16
281.54	139.16
281.54	139.16
281.54	139.16
281.54	139.16
281.54	139.16
281.54	139.16
301.72	148.46
301.72	148.46
339.95	168.23
339.95	168.23
404.74	200.79
407.92	201.95
408.98	203.11
411.11	203.11
420.67	207.76
451.47	219.39
473.77	226.37
512	233.35
520.5	234.51
522.62	234.51
522.62	234.51
522.62	234.51
522.62	234.51
518.37	234.51
506.69	232.18
483.33	211.25
481.2	194.97
469.52	114.74
466.33	91.48
465.27	85.67
464.21	83.34
461.02	82.18
452.53	82.18
451.47	81.01
449.34	81.01
449.34	81.01
449.34	81.01
449.34	82.18
447.22	89.15
447.22	91.48
446.16	104.27
446.16	107.76
446.16	112.41
445.09	117.06
444.03	118.23
442.97	120.55
442.97	121.71
439.78	126.37
438.72	127.53
438.72	127.53
435.53	135.67
432.35	141.48
429.16	147.3
427.04	154.27
425.98	162.41
434.47	174.04
445.09	183.34
475.89	207.76
492.88	219.39
516.25	232.18
525.81	236.84
544.92	244.97
596.96	272.88
619.26	284.51
661.74	311.26
676.61	317.07
677.67	318.23
677.67	318.23
678.74	312.42
676.61	299.63
670.24	286.84
665.99	283.35
660.68	278.7
626.7	262.42
587.4	246.14
568.29	240.32
554.48	236.84
553.42	236.84
553.42	236.84
553.42	236.84
553.42	236.84
553.42	236.84
553.42	235.67
551.29	231.02
551.29	231.02
551.29	231.02
551.29	231.02
551.29	231.02
551.29	231.02
551.29	231.02
551.29	231.02
551.29	231.02
551.29	231.02
551.29	231.02
551.29	231.02
552.36	234.51
554.48	235.67
554.48	236.84
554.48	236.84
554.48	236.84
558.73	234.51
562.98	232.18
577.84	225.21
598.02	214.74
605.46	210.09
640.5	200.79
689.36	191.48
701.04	186.83
712.72	179.86
713.78	179.86
713.78	179.86
713.78	179.86
713.78	179.86
713.78	179.86
713.78	179.86
713.78	179.86
713.78	179.86
713.78	179.86
713.78	179.86
713.78	179.86
713.78	179.86
713.78	179.86
713.78	179.86
713.78	179.86
713.78	179.86
713.78	179.86
713.78	179.86
713.78	179.86
713.78	179.86
713.78	179.86
713.78	179.86
713.78	179.86
713.78	179.86
713.78	179.86
713.78	179.86
713.78	179.86
712.72	179.86
677.67	185.67
646.88	193.81
617.14	199.62
591.65	206.6
577.84	210.09
565.1	217.07
559.79	219.39
553.42	224.04
552.36	224.04
547.05	226.37
543.86	227.53
528.99	229.86
512	234.51
476.95	239.16
457.84	242.65
454.65	242.65
448.28	243.81
446.16	244.97
445.09	244.97
445.09	244.97
445.09	244.97
445.09	244.97
445.09	244.97
462.09	241.49
536.43	229.86
562.98	226.37
588.47	222.88
590.59	222.88
590.59	222.88
590.59	222.88
590.59	222.88
590.59	222.88
590.59	222.88
590.59	222.88
590.59	222.88
590.59	222.88
589.53	221.72
578.91	221.72
578.91	221.72
554.48	220.56
551.29	220.56
532.18	224.04
524.74	227.53
507.75	238
504.57	239.16
500.32	241.49
500.32	241.49
495.01	234.51
476.95	207.76
463.15	190.32
461.02	188
461.02	188
461.02	188
462.09	188
484.39	196.14
492.88	203.11
506.69	213.58
506.69	213.58
506.69	213.58
553.42	244.97
554.48	246.14
554.48	246.14
554.48	246.14
554.48	246.14
554.48	246.14
554.48	246.14
554.48	246.14
554.48	246.14
554.48	246.14
554.48	246.14
554.48	246.14
554.48	246.14
554.48	246.14
554.48	246.14
554.48	246.14
554.48	246.14
554.48	246.14
553.42	247.3
522.62	260.09
517.31	262.42
515.19	262.42
510.94	263.58
499.26	263.58
481.2	257.77
481.2	257.77
481.2	257.77
423.85	219.39
385.62	204.28
380.31	203.11
380.31	203.11
380.31	203.11
380.31	203.11
383.5	200.79
383.5	200.79
393.05	194.97
405.8	188
423.85	181.02
428.1	181.02
429.16	179.86
429.16	179.86
429.16	179.86
429.16	179.86
429.16	179.86
429.16	179.86
429.16	179.86
429.16	179.86
429.16	179.86
429.16	179.86
429.16	179.86
429.16	179.86
429.16	179.86
429.16	179.86
429.16	179.86
429.16	179.86
429.16	179.86
429.16	179.86
429.16	179.86
429.16	179.86
429.16	179.86
429.16	179.86
429.16	179.86
434.47	179.86
438.72	179.86
439.78	179.86
447.22	183.34
450.4	184.51
454.65	185.67
454.65	185.67
454.65	185.67
454.65	186.83
454.65	186.83
454.65	186.83
454.65	186.83
454.65	186.83
454.65	186.83
454.65	186.83
454.65	186.83
454.65	186.83
454.65	186.83
454.65	186.83
454.65	186.83
454.65	186.83
454.65	186.83
454.65	186.83
454.65	186.83
454.65	186.83
454.65	186.83
454.65	186.83
454.65	186.83
454.65	186.83
454.65	186.83
454.65	186.83
454.65	186.83
456.78	186.83
464.21	188
474.83	191.48
500.32	201.95
514.12	207.76
514.12	207.76
514.12	207.76
514.12	207.76
514.12	207.76
514.12	207.76
514.12	207.76
514.12	207.76
514.12	207.76
514.12	207.76
514.12	207.76
514.12	207.76
514.12	207.76
503.5	214.74
462.09	233.35
457.84	234.51
440.84	236.84
425.98	235.67
425.98	235.67
425.98	234.51
425.98	233.35
428.1	231.02
429.16	228.7
431.29	226.37
432.35	226.37
435.53	224.04
436.6	221.72
437.66	220.56
439.78	219.39
440.84	218.23
441.91	217.07
441.91	217.07
441.91	215.9
441.91	215.9
441.91	215.9
441.91	215.9
441.91	215.9
441.91	215.9
441.91	215.9
441.91	215.9
441.91	215.9
441.91	215.9
441.91	215.9
441.91	215.9
441.91	215.9
441.91	215.9
441.91	215.9
441.91	215.9
441.91	215.9
441.91	215.9
441.91	215.9
441.91	215.9
441.91	215.9
441.91	215.9
441.91	215.9
441.91	215.9
441.91	215.9
441.91	215.9
441.91	215.9
441.91	215.9
441.91	215.9
441.91	215.9
441.91	215.9
441.91	215.9
441.91	215.9
441.91	215.9
441.91	215.9
441.91	215.9
441.91	215.9
441.91	215.9
441.91	215.9
441.91	215.9
441.91	215.9
441.91	215.9
441.91	215.9
441.91	215.9
441.91	215.9
441.91	215.9
441.91	215.9
441.91	217.07
441.91	218.23
441.91	218.23
441.91	218.23
441.91	218.23
441.91	218.23
440.84	211.25
437.66	206.6
427.04	196.14
422.79	193.81
405.8	186.83
395.18	182.18
386.68	176.37
376.06	165.9
370.75	156.6
364.38	149.62
362.26	146.13
358.01	140.32
355.88	136.83
355.88	136.83
355.88	136.83
355.88	136.83
355.88	136.83
356.95	135.67
364.38	133.34
368.63	131.02
378.19	126.37
380.31	125.2
381.37	125.2
381.37	125.2
383.5	124.04
384.56	122.88
384.56	122.88
384.56	122.88
384.56	122.88
384.56	122.88
384.56	122.88
384.56	122.88
384.56	122.88
384.56	122.88
384.56	122.88
384.56	122.88
384.56	122.88
384.56	122.88
384.56	122.88
384.56	122.88
384.56	122.88
384.56	122.88
384.56	122.88
384.56	122.88
384.56	122.88
384.56	122.88
384.56	122.88
384.56	122.88
384.56	122.88
384.56	122.88
384.56	122.88
385.62	124.04
403.67	147.3
442.97	200.79
467.4	231.02
495.01	262.42
497.13	265.91
497.13	265.91
497.13	265.91
497.13	265.91
498.19	264.74
500.32	263.58
500.32	262.42
500.32	262.42
500.32	262.42
500.32	262.42
493.95	262.42
467.4	261.25
410.05	251.95
398.36	248.46
393.05	246.14
393.05	246.14
393.05	246.14
393.05	246.14
393.05	246.14
393.05	246.14
398.36	243.81
413.23	243.81
435.53	247.3
454.65	251.95
472.71	255.44
486.51	260.09
509.88	265.91
512	265.91
514.12	265.91
514.12	265.91
514.12	265.91
514.12	265.91
514.12	265.91
493.95	270.56
476.95	272.88
439.78	270.56
425.98	269.39
387.74	263.58
387.74	263.58
377.12	263.58
376.06	263.58
376.06	263.58
376.06	263.58
376.06	262.42
376.06	261.25
376.06	255.44
376.06	255.44
377.12	251.95
377.12	250.79
378.19	250.79
378.19	249.63
378.19	249.63
378.19	249.63
378.19	249.63
378.19	249.63
378.19	249.63
378.19	249.63
378.19	249.63
378.19	249.63
378.19	249.63
378.19	249.63
378.19	249.63
378.19	249.63
378.19	249.63
378.19	249.63
378.19	249.63
378.19	249.63
378.19	249.63
378.19	249.63
378.19	249.63
378.19	249.63
378.19	249.63
378.19	249.63
378.19	249.63
378.19	249.63
378.19	249.63
378.19	249.63
378.19	249.63
378.19	249.63
378.19	249.63
378.19	249.63
378.19	249.63
378.19	249.63
378.19	249.63
378.19	249.63
378.19	249.63
378.19	249.63
378.19	249.63
378.19	249.63
378.19	249.63
378.19	249.63
378.19	249.63
378.19	249.63
378.19	249.63
378.19	249.63
378.19	249.63
378.19	249.63
378.19	249.63
378.19	249.63
378.19	249.63
378.19	249.63
378.19	249.63
378.19	249.63
378.19	249.63
378.19	249.63
378.19	249.63
378.19	249.63
378.19	249.63
378.19	249.63
378.19	249.63
378.19	249.63
378.19	249.63
378.19	249.63
378.19	249.63
377.12	248.46
377.12	247.3
377.12	247.3
377.12	247.3
377.12	247.3
377.12	247.3
377.12	247.3
377.12	247.3
377.12	247.3
377.12	247.3
377.12	247.3
377.12	247.3
377.12	247.3
377.12	247.3
377.12	247.3
377.12	247.3
377.12	247.3
377.12	247.3
377.12	247.3
377.12	247.3
377.12	247.3
377.12	247.3
377.12	247.3
377.12	247.3
377.12	247.3
377.12	247.3
377.12	247.3
377.12	247.3
377.12	247.3
377.12	247.3
377.12	247.3
377.12	243.81
379.25	238
396.24	228.7
424.91	217.07
446.16	210.09
520.5	189.16
606.52	178.69
606.52	178.69
611.83	178.69
611.83	178.69
605.46	181.02
600.15	183.34
575.72	192.65
575.72	192.65
575.72	192.65
500.32	213.58
492.88	215.9
492.88	215.9
492.88	215.9
493.95	215.9
534.3	197.3
611.83	174.04
673.43	160.09
741.4	146.13
746.71	144.97
746.71	144.97
747.77	144.97
745.64	144.97
727.59	151.95
709.53	157.76
674.49	168.23
650.06	174.04
615.02	184.51
604.4	188
587.4	198.46
559.79	210.09
523.68	218.23
495.01	219.39
467.4	217.07
467.4	217.07
379.25	215.9
371.81	217.07
360.13	221.72
356.95	224.04
349.51	232.18
327.21	253.11
311.28	265.91
296.41	271.72
291.1	272.88
291.1	272.88
291.1	272.88
291.1	271.72
292.16	269.39
292.16	269.39
292.16	269.39
291.1	270.56
287.91	274.05
277.29	288
265.61	304.28
265.61	304.28
250.74	324.05
244.37	333.35
244.37	334.51
244.37	334.51
244.37	334.51
244.37	334.51
244.37	334.51
244.37	334.51
244.37	334.51
244.37	334.51
244.37	334.51
244.37	334.51
244.37	334.51
244.37	334.51
244.37	334.51
244.37	334.51
244.37	334.51
244.37	334.51
244.37	334.51
244.37	334.51
244.37	334.51
244.37	334.51
244.37	334.51
244.37	334.51
244.37	334.51
244.37	334.51
244.37	334.51
244.37	334.51
244.37	334.51
244.37	334.51
236.94	334.51
206.14	329.86
196.58	327.54
195.52	326.37
194.46	326.37
194.46	326.37
194.46	326.37
194.46	326.37
194.46	326.37
194.46	326.37
194.46	326.37
194.46	326.37
194.46	326.37
195.52	324.05
196.58	322.89
197.64	320.56
197.64	320.56
198.71	319.4
198.71	318.23
199.77	317.07
200.83	315.91
201.89	313.58
201.89	312.42
202.95	312.42
202.95	311.26
202.95	310.09
202.95	308.93
204.02	306.61
204.02	305.44
204.02	305.44
204.02	304.28
204.02	304.28
204.02	303.12
204.02	303.12
204.02	301.95
205.08	301.95
205.08	301.95
205.08	301.95
205.08	300.79
205.08	300.79
206.14	299.63
206.14	299.63
206.14	298.47
206.14	298.47
206.14	298.47
206.14	297.3
206.14	297.3
206.14	297.3
206.14	297.3
206.14	296.14
206.14	296.14
206.14	296.14
206.14	296.14
206.14	296.14
206.14	296.14
206.14	296.14
206.14	296.14
206.14	296.14
206.14	296.14
206.14	296.14
206.14	296.14
206.14	296.14
206.14	296.14
206.14	296.14
206.14	296.14
206.14	296.14
206.14	296.14
206.14	296.14
206.14	296.14
206.14	296.14
206.14	296.14
206.14	296.14
206.14	296.14
206.14	296.14
206.14	296.14
206.14	296.14
206.14	296.14
206.14	296.14
206.14	296.14
206.14	296.14
206.14	296.14
206.14	296.14
206.14	296.14
206.14	296.14
206.14	296.14
206.14	296.14
206.14	296.14
206.14	296.14
206.14	296.14
206.14	296.14
206.14	294.98
206.14	294.98
206.14	293.81
206.14	293.81
206.14	293.81
206.14	293.81
206.14	293.81
206.14	293.81
206.14	293.81
206.14	293.81
206.14	293.81
206.14	293.81
206.14	293.81
206.14	293.81
206.14	293.81
206.14	293.81
206.14	293.81
206.14	293.81
206.14	293.81
206.14	293.81
206.14	293.81
206.14	293.81
206.14	293.81
206.14	293.81
206.14	293.81
206.14	293.81
206.14	293.81
206.14	293.81
206.14	293.81
206.14	293.81
206.14	293.81
206.14	293.81
206.14	293.81
206.14	293.81
206.14	293.81
206.14	293.81
206.14	293.81
206.14	293.81
206.14	293.81
206.14	293.81
206.14	293.81
206.14	293.81
206.14	293.81
225.26	276.37
227.38	275.21
227.38	275.21
227.38	275.21
227.38	275.21
227.38	275.21
227.38	275.21
226.32	275.21
208.26	283.35
156.22	293.81
141.36	294.98
103.12	294.98
84.01	291.49
61.71	290.33
45.78	291.49
27.72	297.3
23.47	300.79
22.41	303.12
21.35	306.61
21.35	340.33
19.22	362.42
20.29	389.17
23.47	392.66
30.91	392.66
97.81	363.58
194.46	308.93
267.74	258.93
282.6	249.63
288.98	247.3
288.98	247.3
288.98	247.3
288.98	246.14
314.47	235.67
333.58	224.04
334.64	224.04
335.71	221.72
335.71	221.72
328.27	225.21
322.96	228.7
321.9	229.86
318.71	231.02
312.34	232.18
309.15	233.35
308.09	233.35
305.97	232.18
303.84	232.18
301.72	229.86
293.22	226.37
276.23	221.72
250.74	217.07
233.75	213.58
230.57	212.42
229.5	211.25
229.5	210.09
229.5	210.09
229.5	210.09
229.5	210.09
229.5	210.09
229.5	210.09
229.5	210.09
229.5	210.09
229.5	210.09
229.5	210.09
229.5	210.09
229.5	210.09
229.5	210.09
229.5	210.09
229.5	210.09
229.5	210.09
229.5	210.09
229.5	210.09
229.5	217.07
230.57	219.39
230.57	220.56
230.57	220.56
230.57	220.56
230.57	220.56
230.57	220.56
230.57	220.56
230.57	220.56
231.63	220.56
232.69	220.56
236.94	220.56
243.31	220.56
247.56	221.72
254.99	221.72
261.36	224.04
262.43	224.04
266.67	225.21
267.74	226.37
268.8	226.37
268.8	226.37
269.86	227.53
270.92	227.53
283.67	229.86
317.65	234.51
354.82	236.84
410.05	238
478.02	241.49
490.76	243.81
496.07	244.97
497.13	244.97
498.19	246.14
505.63	254.28
517.31	267.07
530.05	278.7
540.67	288
544.92	290.33
545.98	291.49
545.98	291.49
547.05	291.49
549.17	291.49
550.23	290.33
553.42	290.33
556.6	290.33
564.04	290.33
564.04	290.33
616.08	306.61
623.51	307.77
643.69	313.58
650.06	315.91
651.12	315.91
651.12	315.91
651.12	315.91
651.12	315.91
651.12	315.91
661.74	319.4
668.12	322.89
680.86	327.54
685.11	328.7
685.11	328.7
685.11	328.7
685.11	328.7
685.11	328.7
685.11	328.7
685.11	328.7
685.11	328.7
685.11	328.7
685.11	328.7
685.11	328.7
685.11	328.7
685.11	328.7
685.11	328.7
685.11	328.7
685.11	328.7
685.11	328.7
685.11	328.7
687.23	318.23
690.42	303.12
691.48	293.81
692.54	290.33
692.54	289.16
692.54	289.16
692.54	289.16
692.54	289.16
692.54	289.16
692.54	289.16
692.54	289.16
692.54	288
692.54	288
692.54	288
692.54	288
692.54	288
692.54	288
692.54	288
692.54	288
692.54	288
692.54	288
692.54	288
692.54	288
692.54	288
692.54	288
692.54	288
692.54	288
692.54	288
692.54	288
692.54	288
692.54	288
692.54	288
692.54	288
692.54	288
692.54	288
692.54	288
692.54	288
692.54	288
692.54	288
692.54	288
692.54	288
692.54	288
692.54	288
692.54	288
692.54	288
692.54	288
692.54	288
692.54	288
692.54	288
692.54	288
692.54	288
692.54	288
692.54	288
692.54	288
692.54	288
692.54	288
692.54	288
692.54	288
692.54	288
692.54	288
692.54	288
692.54	288
692.54	288
692.54	288
692.54	288
692.54	288
692.54	288
692.54	288
692.54	288
692.54	288
692.54	288
692.54	288
692.54	288
692.54	288
692.54	288
692.54	288
692.54	288
692.54	288
692.54	288
692.54	288
692.54	288
692.54	288
692.54	288
692.54	288
692.54	288
692.54	288
692.54	288
692.54	288
692.54	288
692.54	288
692.54	288
692.54	288
692.54	288
692.54	288
692.54	288
692.54	288
692.54	288
692.54	288
692.54	288
690.42	288
686.17	288
681.92	288
679.8	288
675.55	286.84
672.36	286.84
670.24	286.84
664.93	286.84
652.19	284.51
633.07	283.35
625.64	283.35
599.09	282.19
588.47	282.19
582.09	282.19
582.09	282.19
582.09	282.19
582.09	282.19
577.84	282.19
572.53	283.35
553.42	286.84
541.74	289.16
521.56	292.65
512	293.81
509.88	293.81
503.5	294.98
495.01	294.98
481.2	293.81
475.89	292.65
473.77	292.65
473.77	292.65
473.77	292.65
473.77	291.49
471.64	286.84
467.4	282.19
467.4	282.19
465.27	277.53
465.27	277.53
452.53	267.07
440.84	261.25
432.35	257.77
427.04	256.6
424.91	255.44
424.91	255.44
424.91	255.44
424.91	255.44
424.91	255.44
424.91	255.44
424.91	255.44
424.91	255.44
424.91	255.44
424.91	255.44
424.91	255.44
421.73	254.28
419.6	254.28
415.36	251.95
403.67	247.3
397.3	246.14
383.5	239.16
368.63	231.02
355.88	225.21
353.76	224.04
352.7	222.88
352.7	222.88
352.7	222.88
352.7	222.88
352.7	222.88
352.7	222.88
352.7	222.88
352.7	222.88
352.7	222.88
352.7	222.88
352.7	222.88
352.7	222.88
352.7	222.88
352.7	222.88
352.7	222.88
352.7	222.88
352.7	222.88
352.7	222.88
360.13	224.04
383.5	227.53
417.48	228.7
484.39	228.7
519.43	225.21
536.43	220.56
583.16	203.11
651.12	183.34
689.36	174.04
745.64	164.74
791.31	157.76
805.12	157.76
806.18	157.76
806.18	157.76
807.24	157.76
813.61	160.09
816.8	160.09
817.86	160.09
817.86	160.09
817.86	160.09
817.86	160.09
815.74	161.25
809.36	164.74
788.12	169.39
747.77	172.88
706.35	172.88
665.99	170.55
656.43	169.39
636.26	168.23
626.7	167.06
622.45	167.06
620.33	165.9
620.33	165.9
620.33	165.9
620.33	165.9
620.33	165.9
620.33	165.9
620.33	165.9
620.33	165.9
620.33	165.9
620.33	165.9
620.33	165.9
620.33	165.9
620.33	165.9
620.33	165.9
620.33	165.9
620.33	165.9
620.33	165.9
612.89	167.06
608.64	169.39
584.22	172.88
562.98	177.53
552.36	178.69
551.29	179.86
550.23	179.86
549.17	181.02
544.92	185.67
542.8	188
538.55	191.48
538.55	191.48
533.24	197.3
530.05	201.95
527.93	204.28
526.87	207.76
526.87	210.09
525.81	211.25
525.81	213.58
525.81	214.74
525.81	215.9
525.81	215.9
525.81	217.07
525.81	219.39
524.74	221.72
524.74	224.04
524.74	226.37
523.68	228.7
523.68	229.86
523.68	229.86
523.68	229.86
523.68	229.86
523.68	229.86
523.68	229.86
523.68	229.86
527.93	227.53
532.18	225.21
537.49	221.72
539.61	219.39
541.74	217.07
542.8	215.9
542.8	215.9
542.8	215.9
541.74	215.9
520.5	219.39
472.71	227.53
446.16	231.02
407.92	233.35
399.43	234.51
393.05	235.67
393.05	235.67
393.05	235.67
391.99	235.67
386.68	236.84
376.06	239.16
371.81	240.32
369.69	240.32
369.69	240.32
369.69	240.32
369.69	238
376.06	220.56
382.43	207.76
390.93	189.16
400.49	175.2
403.67	170.55
413.23	163.58
416.42	162.41
440.84	161.25
489.7	161.25
505.63	162.41
553.42	163.58
572.53	163.58
591.65	163.58
598.02	162.41
598.02	162.41
598.02	162.41
598.02	162.41
598.02	162.41
598.02	163.58
595.9	171.72
590.59	182.18
586.34	188
584.22	188
579.97	190.32
566.16	194.97
553.42	197.3
549.17	197.3
542.8	197.3
535.36	197.3
530.05	197.3
517.31	198.46
502.44	199.62
499.26	200.79
474.83	204.28
463.15	206.6
456.78	206.6
455.71	206.6
454.65	206.6
454.65	206.6
454.65	206.6
454.65	206.6
454.65	206.6
454.65	206.6
454.65	206.6
454.65	206.6
454.65	206.6
454.65	206.6
454.65	206.6
454.65	206.6
454.65	206.6
454.65	206.6
454.65	206.6
454.65	206.6
454.65	206.6
454.65	206.6
454.65	206.6
437.66	206.6
417.48	205.44
410.05	205.44
407.92	205.44
406.86	205.44
405.8	206.6
405.8	206.6
405.8	206.6
405.8	206.6
405.8	206.6
405.8	206.6
405.8	206.6
405.8	206.6
405.8	206.6
405.8	206.6
405.8	206.6
405.8	206.6
405.8	206.6
405.8	206.6
405.8	206.6
405.8	206.6
405.8	206.6
405.8	206.6
405.8	206.6
405.8	206.6
405.8	206.6
405.8	207.76
405.8	207.76
405.8	207.76
405.8	207.76
405.8	207.76
405.8	207.76
405.8	207.76
405.8	207.76
405.8	207.76
405.8	208.93
408.98	218.23
416.42	233.35
421.73	238
421.73	239.16
421.73	239.16
421.73	239.16
424.91	236.84
428.1	234.51
431.29	232.18
434.47	229.86
435.53	229.86
436.6	228.7
436.6	228.7
436.6	228.7
436.6	228.7
436.6	228.7
436.6	228.7
436.6	228.7
436.6	228.7
436.6	228.7
436.6	228.7
436.6	228.7
436.6	228.7
436.6	228.7
436.6	228.7
436.6	228.7
436.6	228.7
436.6	228.7
436.6	228.7
436.6	228.7
436.6	228.7
436.6	228.7
436.6	228.7
436.6	228.7
436.6	228.7
436.6	228.7
436.6	228.7
436.6	228.7
436.6	228.7
436.6	228.7
436.6	228.7
436.6	228.7
436.6	228.7
436.6	228.7
436.6	228.7
436.6	228.7
436.6	228.7
436.6	228.7
436.6	228.7
436.6	228.7
436.6	228.7
436.6	228.7
436.6	228.7
436.6	228.7
436.6	228.7
436.6	228.7
436.6	228.7
436.6	228.7
436.6	228.7
436.6	228.7
436.6	228.7
436.6	228.7
436.6	228.7
436.6	228.7
436.6	228.7
436.6	228.7
436.6	228.7
436.6	228.7
436.6	228.7
436.6	228.7
436.6	228.7
436.6	228.7
436.6	228.7
436.6	228.7
436.6	228.7
436.6	228.7
436.6	228.7
436.6	228.7
436.6	228.7
436.6	228.7
436.6	228.7
436.6	228.7
436.6	228.7
436.6	228.7
436.6	228.7
436.6	228.7
436.6	228.7
436.6	228.7
436.6	228.7
436.6	228.7
436.6	228.7
436.6	228.7
437.66	228.7
437.66	220.56
425.98	197.3
393.05	172.88
358.01	161.25
228.44	133.34
125.43	114.74
116.93	113.57
116.93	113.57
116.93	113.57
116.93	113.57
116.93	113.57
116.93	113.57
116.93	113.57
116.93	113.57
116.93	113.57
116.93	113.57
116.93	113.57
116.93	113.57
116.93	113.57
116.93	113.57
116.93	113.57
116.93	113.57
117.99	113.57
123.3	114.74
126.49	114.74
128.61	115.9
130.74	117.06
131.8	117.06
138.17	119.39
148.79	121.71
168.97	125.2
180.65	126.37
211.45	131.02
251.81	141.48
300.66	151.95
312.34	157.76
372.88	184.51
404.74	205.44
407.92	211.25
408.98	217.07
408.98	219.39
404.74	222.88
403.67	222.88
403.67	222.88
403.67	222.88
403.67	222.88
404.74	222.88
406.86	220.56
410.05	217.07
414.29	213.58
415.36	211.25
422.79	206.6
427.04	203.11
428.1	201.95
429.16	200.79
429.16	200.79
429.16	200.79
429.16	200.79
429.16	200.79
429.16	200.79
429.16	200.79
449.34	205.44
449.34	205.44
449.34	210.09
448.28	218.23
448.28	229.86
448.28	231.02
448.28	233.35
447.22	233.35
447.22	233.35
447.22	233.35
447.22	233.35
447.22	233.35
447.22	233.35
447.22	233.35
447.22	233.35
447.22	233.35
447.22	233.35
447.22	233.35
447.22	233.35
447.22	233.35
447.22	233.35
447.22	233.35
447.22	233.35
447.22	233.35
447.22	233.35
447.22	233.35
447.22	233.35
447.22	233.35
447.22	233.35
447.22	233.35
447.22	233.35
447.22	233.35
447.22	233.35
447.22	233.35
447.22	233.35
447.22	233.35
447.22	233.35
447.22	233.35
447.22	233.35
447.22	233.35
447.22	233.35
447.22	233.35
447.22	233.35
447.22	233.35
447.22	233.35
447.22	233.35
447.22	233.35
447.22	233.35
447.22	233.35
447.22	233.35
447.22	233.35
447.22	233.35
447.22	233.35
447.22	233.35
447.22	233.35
447.22	233.35
447.22	233.35
447.22	233.35
447.22	233.35
447.22	233.35
447.22	233.35
447.22	233.35
447.22	233.35
447.22	233.35
447.22	233.35
447.22	233.35
447.22	233.35
447.22	233.35
447.22	233.35
447.22	233.35
447.22	233.35
447.22	233.35
447.22	233.35
447.22	233.35
447.22	233.35
584.22	254.28
863.53	324.05
881.58	329.86
881.58	329.86
881.58	329.86
870.96	327.54
844.41	320.56
828.48	314.75
798.74	298.47
764.76	271.72
754.14	263.58
753.08	262.42
753.08	261.25
753.08	261.25
739.27	263.58
709.53	264.74
675.55	263.58
644.75	251.95
601.21	236.84
584.22	233.35
552.36	229.86
540.67	229.86
532.18	229.86
524.74	233.35
507.75	239.16
491.82	249.63
482.26	258.93
472.71	277.53
467.4	288
467.4	288
467.4	288
468.46	286.84
471.64	277.53
478.02	257.77
479.08	246.14
476.95	236.84
473.77	233.35
472.71	232.18
471.64	231.02
470.58	231.02
470.58	231.02
470.58	231.02
470.58	231.02
470.58	231.02
470.58	231.02
470.58	231.02
470.58	231.02
470.58	231.02
470.58	231.02
470.58	231.02
470.58	231.02
469.52	229.86
462.09	201.95
455.71	174.04
452.53	158.92
449.34	142.65
448.28	141.48
448.28	141.48
448.28	141.48
448.28	141.48
448.28	141.48
448.28	141.48
448.28	141.48
448.28	141.48
455.71	155.44
453.59	164.74
442.97	177.53
439.78	182.18
429.16	191.48
421.73	196.14
419.6	197.3
412.17	198.46
411.11	198.46
412.17	198.46
430.22	201.95
447.22	206.6
458.9	207.76
464.21	207.76
466.33	206.6
468.46	205.44
471.64	201.95
472.71	201.95
472.71	200.79
472.71	200.79
472.71	200.79
472.71	200.79
468.46	201.95
466.33	203.11
465.27	203.11
465.27	204.28
465.27	205.44
465.27	206.6
465.27	208.93
465.27	208.93
466.33	210.09
466.33	210.09
467.4	211.25
468.46	211.25
471.64	211.25
474.83	210.09
481.2	207.76
493.95	203.11
493.95	203.11
493.95	203.11
493.95	203.11
492.88	203.11
487.57	204.28
469.52	206.6
464.21	206.6
454.65	206.6
453.59	206.6
453.59	206.6
453.59	206.6
452.53	206.6
444.03	206.6
437.66	206.6
434.47	206.6
433.41	206.6
429.16	206.6
420.67	207.76
417.48	207.76
407.92	208.93
396.24	212.42
391.99	213.58
381.37	219.39
370.75	226.37
364.38	229.86
362.26	229.86
362.26	231.02
361.19	231.02
361.19	231.02
361.19	231.02
361.19	231.02
361.19	231.02
361.19	231.02
346.33	212.42
339.95	204.28
333.58	194.97
333.58	185.67
335.71	172.88
336.77	169.39
336.77	169.39
337.83	168.23
337.83	167.06
341.02	164.74
343.14	163.58
343.14	162.41
343.14	162.41
343.14	162.41
343.14	162.41
343.14	162.41
343.14	162.41
343.14	162.41
343.14	162.41
343.14	162.41
343.14	162.41
344.2	162.41
352.7	162.41
371.81	161.25
401.55	158.92
413.23	156.6
419.6	155.44
419.6	155.44
420.67	154.27
421.73	153.11
421.73	151.95
422.79	150.78
423.85	149.62
423.85	149.62
423.85	149.62
423.85	149.62
423.85	149.62
423.85	149.62
423.85	149.62
423.85	149.62
423.85	149.62
423.85	149.62
423.85	149.62
423.85	149.62
423.85	149.62
423.85	149.62
423.85	149.62
423.85	149.62
423.85	149.62
423.85	149.62
422.79	151.95
419.6	153.11
419.6	154.27
419.6	154.27
419.6	154.27
419.6	154.27
419.6	154.27
419.6	154.27
419.6	154.27
419.6	154.27
419.6	154.27
419.6	154.27
419.6	154.27
419.6	154.27
419.6	154.27
419.6	154.27
419.6	154.27
419.6	154.27
419.6	154.27
419.6	154.27
419.6	154.27
419.6	154.27
419.6	154.27
419.6	154.27
419.6	154.27
419.6	154.27
419.6	154.27
419.6	154.27
419.6	154.27
419.6	154.27
419.6	154.27
419.6	154.27
419.6	154.27
419.6	154.27
419.6	154.27
419.6	154.27
419.6	158.92
610.77	346.14
696.79	375.21
709.53	379.86
709.53	379.86
709.53	378.7
705.29	372.89
687.23	349.63
679.8	339.16
672.36	328.7
672.36	328.7
642.63	299.63
611.83	269.39
598.02	258.93
561.91	234.51
561.91	234.51
522.62	217.07
475.89	185.67
468.46	174.04
466.33	149.62
470.58	122.88
473.77	98.46
473.77	96.13
457.84	89.15
420.67	84.5
413.23	84.5
410.05	86.83
410.05	86.83
410.05	86.83
410.05	86.83
410.05	86.83
410.05	86.83
410.05	86.83
410.05	86.83
410.05	86.83
410.05	86.83
412.17	86.83
439.78	92.64
456.78	93.81
456.78	93.81
456.78	93.81
456.78	93.81
456.78	93.81
456.78	93.81
456.78	93.81
456.78	93.81
456.78	93.81
457.84	93.81
464.21	91.48
505.63	79.85
507.75	79.85
507.75	79.85
507.75	79.85
507.75	79.85
507.75	79.85
507.75	79.85
507.75	79.85
507.75	79.85
512	81.01
519.43	85.67
520.5	87.99
520.5	91.48
520.5	93.81
519.43	97.29
518.37	98.46
517.31	99.62
513.06	101.95
507.75	105.43
502.44	107.76
495.01	111.25
493.95	111.25
493.95	111.25
493.95	111.25
493.95	111.25
493.95	111.25
493.95	111.25
493.95	111.25
493.95	111.25
493.95	111.25
493.95	111.25
493.95	111.25
493.95	111.25
493.95	111.25
493.95	111.25
493.95	111.25
493.95	111.25
493.95	111.25
493.95	111.25
493.95	111.25
493.95	111.25
493.95	111.25
493.95	111.25
493.95	111.25
493.95	111.25
493.95	111.25
493.95	111.25
493.95	111.25
493.95	112.41
491.82	113.57
488.64	114.74
487.57	115.9
486.51	115.9
486.51	115.9
486.51	115.9
486.51	115.9
486.51	115.9
486.51	115.9
486.51	115.9
486.51	115.9
486.51	115.9
486.51	115.9
486.51	115.9
486.51	115.9
486.51	115.9
486.51	115.9
486.51	115.9
486.51	115.9
486.51	115.9
486.51	115.9
486.51	115.9
486.51	115.9
486.51	115.9
486.51	115.9
486.51	115.9
486.51	115.9
486.51	115.9
486.51	115.9
486.51	115.9
486.51	115.9
486.51	115.9
486.51	115.9
486.51	115.9
486.51	115.9
505.63	135.67
528.99	154.27
562.98	181.02
579.97	191.48
585.28	194.97
585.28	194.97
585.28	194.97
585.28	194.97
585.28	194.97
585.28	194.97
585.28	194.97
585.28	194.97
585.28	194.97
585.28	194.97
585.28	194.97
585.28	194.97
585.28	194.97
585.28	194.97
586.34	194.97
586.34	193.81
587.4	193.81
587.4	193.81
587.4	193.81
587.4	193.81
587.4	193.81
587.4	193.81
587.4	193.81
587.4	193.81
587.4	193.81
587.4	193.81
587.4	193.81
587.4	193.81
587.4	193.81
587.4	193.81
587.4	193.81
587.4	193.81
587.4	193.81
587.4	193.81
587.4	193.81
587.4	193.81
587.4	193.81
587.4	193.81
587.4	193.81
587.4	192.65
587.4	185.67
585.28	182.18
579.97	176.37
554.48	167.06
510.94	158.92
481.2	154.27
479.08	154.27
472.71	153.11
470.58	153.11
470.58	153.11
470.58	153.11
468.46	154.27
467.4	154.27
467.4	154.27
467.4	154.27
467.4	154.27
467.4	154.27
467.4	154.27
467.4	154.27
467.4	154.27
467.4	154.27
467.4	154.27
467.4	154.27
467.4	154.27
467.4	154.27
467.4	154.27
467.4	154.27
467.4	154.27
467.4	154.27
467.4	154.27
467.4	154.27
467.4	154.27
467.4	154.27
467.4	154.27
467.4	154.27
467.4	154.27
467.4	154.27
467.4	154.27
467.4	154.27
467.4	154.27
467.4	154.27
467.4	154.27
467.4	154.27
467.4	154.27
467.4	154.27
462.09	162.41
458.9	169.39
456.78	177.53
454.65	181.02
454.65	182.18
454.65	182.18
454.65	183.34
454.65	183.34
454.65	183.34
454.65	183.34
454.65	183.34
454.65	183.34
454.65	183.34
454.65	183.34
454.65	183.34
454.65	183.34
454.65	183.34
454.65	183.34
454.65	183.34
454.65	183.34
454.65	183.34
454.65	183.34
454.65	183.34
454.65	183.34
454.65	183.34
454.65	183.34
454.65	183.34
454.65	183.34
454.65	183.34
454.65	183.34
454.65	183.34
454.65	183.34
454.65	183.34
454.65	183.34
454.65	183.34
454.65	183.34
454.65	183.34
454.65	183.34
454.65	183.34
454.65	183.34
454.65	183.34
454.65	183.34
454.65	183.34
454.65	183.34
454.65	183.34
454.65	183.34
454.65	183.34
454.65	183.34
454.65	183.34
454.65	183.34
454.65	183.34
454.65	183.34
454.65	183.34
454.65	183.34
454.65	183.34
454.65	183.34
454.65	183.34
454.65	183.34
454.65	183.34
454.65	183.34
454.65	183.34
454.65	183.34
454.65	183.34
454.65	183.34
454.65	183.34
454.65	183.34
458.9	181.02
475.89	179.86
500.32	178.69
512	178.69
513.06	178.69
513.06	178.69
513.06	178.69
513.06	178.69
513.06	178.69
513.06	178.69
513.06	178.69
513.06	178.69
513.06	178.69
513.06	178.69
513.06	178.69
513.06	178.69
513.06	178.69
513.06	178.69
513.06	178.69
513.06	178.69
513.06	178.69
513.06	178.69
513.06	178.69
513.06	178.69
513.06	178.69
513.06	178.69
513.06	178.69
513.06	178.69
513.06	178.69
513.06	178.69
513.06	178.69
513.06	178.69
513.06	178.69
513.06	178.69
513.06	178.69
513.06	178.69
513.06	178.69
513.06	178.69
513.06	178.69
513.06	178.69
513.06	178.69
513.06	178.69
513.06	178.69
513.06	178.69
513.06	178.69
513.06	178.69
513.06	178.69
513.06	178.69
513.06	178.69
513.06	178.69
513.06	178.69
513.06	178.69
513.06	178.69
513.06	178.69
513.06	178.69
513.06	178.69
513.06	178.69
513.06	178.69
513.06	178.69
513.06	178.69
513.06	178.69
513.06	178.69
513.06	178.69
513.06	178.69
513.06	178.69
513.06	178.69
513.06	178.69
513.06	178.69
513.06	178.69
513.06	178.69
513.06	178.69
513.06	178.69
513.06	178.69
513.06	178.69
513.06	178.69
513.06	178.69
513.06	178.69
513.06	178.69
513.06	178.69
513.06	178.69
513.06	178.69
513.06	178.69
513.06	178.69
513.06	178.69
513.06	178.69
513.06	178.69
513.06	178.69
513.06	178.69
513.06	178.69
513.06	178.69
513.06	178.69
513.06	178.69
513.06	178.69
513.06	178.69
513.06	178.69
513.06	178.69
513.06	178.69
513.06	178.69
513.06	178.69
512	178.69
503.5	188
487.57	199.62
482.26	200.79
482.26	201.95
482.26	201.95
481.2	200.79
479.08	198.46
474.83	193.81
470.58	191.48
454.65	185.67
445.09	183.34
444.03	183.34
444.03	183.34
444.03	183.34
444.03	183.34
444.03	183.34
444.03	183.34
444.03	183.34
444.03	183.34
445.09	183.34
473.77	199.62
510.94	214.74
521.56	219.39
526.87	222.88
526.87	222.88
526.87	222.88
526.87	222.88
526.87	222.88
526.87	222.88
526.87	222.88
527.93	222.88
531.12	219.39
536.43	215.9
537.49	214.74
538.55	214.74
538.55	214.74
538.55	214.74
538.55	214.74
538.55	214.74
538.55	214.74
537.49	215.9
533.24	217.07
524.74	218.23
513.06	219.39
513.06	219.39
513.06	219.39
513.06	219.39
513.06	219.39
513.06	219.39
513.06	219.39
513.06	219.39
513.06	219.39
513.06	219.39
513.06	219.39
513.06	219.39
513.06	219.39
513.06	219.39
513.06	219.39
513.06	219.39
513.06	219.39
513.06	219.39
513.06	219.39
513.06	219.39
513.06	219.39
513.06	219.39
513.06	219.39
513.06	219.39
513.06	219.39
513.06	219.39
513.06	219.39
513.06	219.39
513.06	219.39
513.06	219.39
513.06	219.39
513.06	219.39
513.06	219.39
513.06	219.39
513.06	219.39
513.06	219.39
513.06	219.39
513.06	219.39
513.06	219.39
513.06	219.39
513.06	219.39
513.06	219.39
513.06	219.39
513.06	219.39
513.06	219.39
513.06	219.39
513.06	219.39
513.06	219.39
513.06	219.39
513.06	219.39
513.06	219.39
513.06	219.39
513.06	219.39
513.06	219.39
513.06	219.39
513.06	219.39
513.06	219.39
513.06	219.39
513.06	219.39
513.06	219.39
513.06	219.39
513.06	219.39
513.06	219.39
513.06	219.39
513.06	219.39
513.06	219.39
513.06	219.39
513.06	219.39
513.06	219.39
513.06	219.39
513.06	219.39
513.06	219.39
513.06	219.39
513.06	219.39
513.06	219.39
513.06	219.39
513.06	219.39
513.06	219.39
513.06	219.39
513.06	219.39
513.06	219.39
513.06	219.39
513.06	219.39
513.06	219.39
513.06	219.39
513.06	219.39
513.06	219.39
513.06	219.39
513.06	219.39
513.06	219.39
513.06	219.39
513.06	219.39
513.06	219.39
513.06	219.39
513.06	219.39
513.06	219.39
513.06	219.39
513.06	219.39
513.06	219.39
513.06	219.39
513.06	219.39
513.06	219.39
513.06	219.39
513.06	219.39
513.06	219.39
513.06	219.39
513.06	219.39
513.06	219.39
513.06	219.39
513.06	219.39
513.06	219.39
513.06	219.39
513.06	219.39
513.06	219.39
513.06	219.39
513.06	219.39
513.06	219.39
513.06	219.39
513.06	219.39
513.06	219.39
513.06	219.39
513.06	219.39
513.06	219.39
513.06	219.39
513.06	219.39
513.06	219.39
513.06	219.39
503.5	221.72
483.33	225.21
473.77	225.21
467.4	225.21
467.4	225.21
467.4	225.21
467.4	225.21
467.4	225.21
467.4	225.21
467.4	225.21
467.4	225.21
466.33	232.18
466.33	234.51
466.33	234.51
466.33	235.67
466.33	235.67
466.33	235.67
466.33	235.67
466.33	235.67
466.33	235.67
474.83	233.35
495.01	229.86
498.19	229.86
500.32	229.86
500.32	229.86
500.32	229.86
500.32	229.86
500.32	229.86
500.32	229.86
500.32	229.86
500.32	229.86
500.32	229.86
500.32	229.86
500.32	229.86
500.32	229.86
500.32	229.86
500.32	229.86
500.32	229.86
500.32	229.86
500.32	229.86
500.32	229.86
500.32	229.86
500.32	229.86
500.32	229.86
500.32	229.86
500.32	229.86
500.32	229.86
500.32	229.86
500.32	229.86
500.32	229.86
500.32	229.86
500.32	229.86
500.32	229.86
500.32	229.86
500.32	229.86
500.32	229.86
500.32	229.86
500.32	229.86
500.32	229.86
500.32	229.86
500.32	229.86
500.32	229.86
500.32	229.86
500.32	229.86
500.32	229.86
500.32	229.86
500.32	229.86
500.32	229.86
500.32	229.86
500.32	229.86
500.32	229.86
500.32	229.86
500.32	229.86
500.32	229.86
500.32	229.86
500.32	229.86
500.32	229.86
500.32	229.86
500.32	229.86
500.32	229.86
500.32	229.86
500.32	229.86
500.32	229.86
500.32	229.86
500.32	229.86
500.32	229.86
500.32	229.86
500.32	229.86
498.19	229.86
496.07	231.02
487.57	233.35
481.2	233.35
480.14	233.35
480.14	233.35
480.14	233.35
480.14	231.02
484.39	226.37
490.76	221.72
498.19	215.9
500.32	213.58
503.5	210.09
504.57	208.93
505.63	207.76
506.69	207.76
508.81	206.6
508.81	205.44
508.81	205.44
508.81	205.44
508.81	205.44
508.81	205.44
508.81	205.44
508.81	205.44
508.81	205.44
508.81	205.44
508.81	205.44
508.81	205.44
508.81	205.44
508.81	205.44
508.81	205.44
508.81	205.44
508.81	205.44
508.81	205.44
508.81	205.44
508.81	205.44
508.81	205.44
508.81	205.44
508.81	205.44
508.81	205.44
508.81	205.44
508.81	205.44
508.81	205.44
508.81	205.44
508.81	205.44
508.81	205.44
508.81	205.44
508.81	205.44
508.81	205.44
508.81	205.44
508.81	205.44
508.81	205.44
508.81	205.44
508.81	205.44
508.81	205.44
508.81	205.44
508.81	205.44
508.81	205.44
508.81	205.44
508.81	205.44
508.81	205.44
508.81	205.44
508.81	205.44
508.81	205.44
508.81	205.44
508.81	205.44
508.81	205.44
508.81	205.44
508.81	205.44
508.81	205.44
508.81	205.44
508.81	205.44
508.81	205.44
508.81	205.44
508.81	205.44
508.81	205.44
508.81	205.44
508.81	205.44
508.81	205.44
508.81	205.44
508.81	205.44
508.81	205.44
508.81	205.44
508.81	205.44
508.81	205.44
508.81	205.44
508.81	205.44
508.81	205.44
508.81	205.44
508.81	205.44
508.81	205.44
508.81	205.44
508.81	205.44
508.81	205.44
508.81	205.44
508.81	205.44
508.81	205.44
508.81	205.44
508.81	205.44
508.81	205.44
508.81	205.44
508.81	205.44
508.81	205.44
508.81	205.44
508.81	205.44
508.81	205.44
504.57	207.76
497.13	214.74
493.95	217.07
485.45	220.56
474.83	222.88
464.21	222.88
458.9	222.88
455.71	222.88
453.59	220.56
452.53	219.39
452.53	217.07
463.15	207.76
501.38	194.97
519.43	191.48
523.68	190.32
522.62	190.32
512	191.48
486.51	192.65
458.9	191.48
413.23	188
386.68	185.67
378.19	184.51
378.19	184.51
378.19	183.34
379.25	181.02
379.25	181.02
379.25	181.02
378.19	181.02
360.13	183.34
322.96	186.83
291.1	186.83
279.42	186.83
263.49	186.83
258.18	186.83
242.25	190.32
234.81	191.48
223.13	193.81
211.45	193.81
207.2	194.97
200.83	194.97
199.77	194.97
199.77	194.97
199.77	194.97
199.77	194.97
199.77	194.97
199.77	194.97
199.77	196.14
199.77	196.14
199.77	196.14
199.77	196.14
199.77	196.14
199.77	196.14
199.77	196.14
199.77	196.14
199.77	196.14
199.77	196.14
199.77	196.14
199.77	196.14
199.77	196.14
199.77	196.14
199.77	196.14
199.77	196.14
199.77	196.14
201.89	201.95
202.95	203.11
204.02	203.11
204.02	203.11
204.02	204.28
205.08	205.44
207.2	207.76
211.45	212.42
213.57	213.58
214.64	213.58
214.64	213.58
215.7	214.74
216.76	214.74
217.82	214.74
219.95	215.9
219.95	215.9
222.07	215.9
223.13	215.9
226.32	215.9
233.75	217.07
242.25	217.07
247.56	217.07
254.99	218.23
260.3	218.23
261.36	218.23
262.43	218.23
262.43	218.23
263.49	218.23
264.55	218.23
265.61	219.39
265.61	219.39
265.61	219.39
265.61	219.39
265.61	219.39
266.67	219.39
266.67	219.39
266.67	219.39
267.74	219.39
268.8	219.39
268.8	219.39
268.8	219.39
268.8	219.39
268.8	219.39
268.8	219.39
268.8	219.39
268.8	219.39
268.8	219.39
268.8	219.39
269.86	219.39
270.92	219.39
271.98	219.39
271.98	219.39
271.98	219.39
271.98	219.39
271.98	219.39
271.98	219.39
271.98	219.39
271.98	219.39
271.98	219.39
271.98	219.39
271.98	219.39
271.98	219.39
271.98	219.39
271.98	219.39
271.98	219.39
271.98	219.39
271.98	219.39
271.98	219.39
271.98	219.39
271.98	219.39
271.98	219.39
271.98	219.39
271.98	219.39
271.98	219.39
271.98	219.39
271.98	219.39
271.98	219.39
271.98	219.39
271.98	219.39
271.98	219.39
271.98	219.39
276.23	222.88
281.54	226.37
285.79	229.86
286.85	231.02
288.98	232.18
288.98	232.18
288.98	232.18
288.98	232.18
288.98	232.18
288.98	232.18
261.36	236.84
224.19	236.84
213.57	236.84
213.57	235.67
211.45	234.51
211.45	233.35
211.45	233.35
210.39	232.18
202.95	231.02
183.84	231.02
159.41	231.02
142.42	233.35
138.17	233.35
138.17	233.35
138.17	233.35
141.36	232.18
166.84	227.53
238	218.23
261.36	217.07
274.11	217.07
275.17	217.07
275.17	217.07
275.17	217.07
275.17	217.07
275.17	217.07
275.17	217.07
275.17	217.07
275.17	215.9
276.23	213.58
278.36	208.93
278.36	206.6
276.23	204.28
268.8	200.79
266.67	200.79
261.36	198.46
260.3	198.46
260.3	198.46
260.3	198.46
260.3	198.46
260.3	198.46
260.3	198.46
260.3	198.46
260.3	198.46
260.3	198.46
260.3	198.46
261.36	197.3
262.43	197.3
264.55	196.14
276.23	196.14
280.48	194.97
293.22	196.14
296.41	196.14
297.47	196.14
297.47	196.14
297.47	196.14
298.53	196.14
300.66	196.14
301.72	196.14
302.78	197.3
302.78	197.3
302.78	197.3
304.91	197.3
310.22	196.14
313.4	196.14
325.09	193.81
334.64	193.81
337.83	192.65
337.83	192.65
337.83	192.65
337.83	192.65
338.89	192.65
338.89	192.65
338.89	192.65
338.89	192.65
338.89	192.65
339.95	192.65
339.95	192.65
339.95	192.65
339.95	192.65
339.95	192.65
339.95	192.65
339.95	192.65
339.95	192.65
339.95	192.65
339.95	192.65
339.95	192.65
339.95	192.65
339.95	192.65
339.95	192.65
339.95	192.65
339.95	192.65
339.95	192.65
339.95	192.65
339.95	192.65
339.95	192.65
339.95	192.65
339.95	192.65
339.95	192.65
339.95	192.65
339.95	192.65
339.95	192.65
339.95	192.65
339.95	192.65
339.95	192.65
339.95	192.65
339.95	192.65
339.95	192.65
339.95	192.65
339.95	192.65
339.95	192.65
339.95	192.65
339.95	192.65
339.95	193.81
338.89	194.97
336.77	197.3
329.33	200.79
319.78	201.95
312.34	200.79
309.15	199.62
309.15	199.62
308.09	197.3
308.09	193.81
312.34	183.34
312.34	183.34
330.4	162.41
341.02	154.27
348.45	148.46
350.57	147.3
350.57	147.3
347.39	147.3
304.91	147.3
276.23	146.13
263.49	143.81
263.49	143.81
264.55	142.65
299.6	139.16
378.19	141.48
417.48	147.3
441.91	153.11
465.27	156.6
474.83	157.76
474.83	157.76
475.89	157.76
475.89	164.74
478.02	172.88
487.57	184.51
495.01	189.16
509.88	196.14
518.37	199.62
521.56	201.95
526.87	206.6
534.3	215.9
547.05	234.51
553.42	244.97
553.42	244.97
559.79	257.77
564.04	265.91
564.04	265.91
566.16	270.56
566.16	271.72
567.22	271.72
567.22	271.72
571.47	271.72
582.09	272.88
586.34	272.88
584.22	275.21
569.35	282.19
554.48	286.84
521.56	292.65
496.07	296.14
491.82	296.14
488.64	297.3
472.71	299.63
455.71	300.79
454.65	301.95
455.71	299.63
461.02	296.14
483.33	288
489.7	288
489.7	288
484.39	291.49
449.34	298.47
424.91	294.98
337.83	276.37
270.92	254.28
235.88	241.49
234.81	241.49
234.81	241.49
234.81	241.49
234.81	241.49
235.88	240.32
236.94	240.32
236.94	239.16
236.94	239.16
236.94	239.16
236.94	239.16
236.94	239.16
241.19	239.16
361.19	234.51
444.03	236.84
450.4	239.16
450.4	239.16
450.4	239.16
450.4	239.16
450.4	239.16
448.28	239.16
441.91	238
436.6	236.84
435.53	235.67
435.53	235.67
435.53	235.67
435.53	235.67
435.53	234.51
438.72	233.35
438.72	233.35
464.21	233.35
480.14	238
491.82	246.14
503.5	254.28
515.19	263.58
518.37	267.07
520.5	268.23
520.5	269.39
520.5	269.39
520.5	269.39
520.5	269.39
520.5	269.39
520.5	269.39
520.5	269.39
520.5	269.39
520.5	269.39
522.62	269.39
525.81	269.39
525.81	269.39
525.81	269.39
525.81	269.39
525.81	269.39
525.81	269.39
525.81	269.39
525.81	269.39
525.81	269.39
525.81	269.39
525.81	269.39
525.81	269.39
525.81	269.39
525.81	269.39
525.81	269.39
525.81	269.39
525.81	269.39
525.81	269.39
525.81	269.39
525.81	269.39
525.81	269.39
526.87	269.39
526.87	269.39
526.87	268.23
526.87	268.23
526.87	268.23
526.87	268.23
526.87	268.23
526.87	268.23
526.87	268.23
526.87	268.23
526.87	268.23
526.87	268.23
526.87	268.23
526.87	268.23
526.87	268.23
526.87	268.23
526.87	268.23
526.87	268.23
526.87	268.23
526.87	268.23
526.87	268.23
526.87	268.23
526.87	268.23
526.87	268.23
526.87	268.23
526.87	268.23
526.87	268.23
526.87	268.23
526.87	268.23
526.87	268.23
526.87	268.23
526.87	268.23
526.87	268.23
526.87	268.23
526.87	268.23
526.87	268.23
526.87	268.23
526.87	268.23
526.87	268.23
526.87	268.23
526.87	268.23
526.87	268.23
526.87	268.23
526.87	268.23
526.87	268.23
526.87	268.23
526.87	268.23
526.87	268.23
526.87	268.23
526.87	268.23
526.87	268.23
526.87	268.23
526.87	268.23
526.87	268.23
521.56	267.07
472.71	260.09
429.16	246.14
419.6	241.49
418.54	240.32
417.48	233.35
418.54	229.86
418.54	226.37
418.54	225.21
417.48	224.04
416.42	224.04
413.23	224.04
411.11	225.21
406.86	226.37
406.86	226.37
406.86	226.37
406.86	226.37
406.86	226.37
407.92	225.21
413.23	219.39
433.41	206.6
438.72	203.11
442.97	200.79
442.97	200.79
442.97	200.79
441.91	201.95
429.16	211.25
382.43	244.97
378.19	249.63
375	258.93
371.81	263.58
369.69	265.91
369.69	267.07
369.69	267.07
369.69	267.07
369.69	267.07
369.69	267.07
369.69	267.07
370.75	267.07
378.19	263.58
383.5	262.42
383.5	262.42
384.56	262.42
384.56	262.42
385.62	262.42
386.68	262.42
386.68	262.42
387.74	262.42
387.74	262.42
387.74	262.42
387.74	262.42
387.74	262.42
387.74	262.42
387.74	262.42
387.74	262.42
388.81	261.25
391.99	257.77
391.99	251.95
391.99	244.97
380.31	236.84
360.13	233.35
332.52	231.02
299.6	226.37
256.05	215.9
240.12	210.09
238	208.93
238	208.93
238	208.93
239.06	207.76
239.06	207.76
239.06	207.76
239.06	207.76
239.06	207.76
239.06	207.76
239.06	207.76
239.06	207.76
239.06	207.76
239.06	207.76
239.06	207.76
239.06	207.76
239.06	207.76
239.06	207.76
239.06	207.76
239.06	207.76
239.06	207.76
239.06	207.76
239.06	207.76
239.06	207.76
239.06	207.76
239.06	207.76
239.06	207.76
239.06	207.76
239.06	207.76
239.06	207.76
239.06	207.76
239.06	207.76
239.06	207.76
239.06	207.76
239.06	207.76
239.06	207.76
239.06	207.76
239.06	207.76
239.06	207.76
239.06	207.76
239.06	207.76
239.06	207.76
239.06	207.76
239.06	207.76
239.06	207.76
239.06	207.76
239.06	207.76
239.06	207.76
239.06	207.76
239.06	207.76
239.06	207.76
257.12	206.6
271.98	207.76
281.54	207.76
309.15	211.25
356.95	218.23
407.92	219.39
486.51	222.88
533.24	222.88
535.36	221.72
535.36	221.72
535.36	221.72
535.36	221.72
535.36	221.72
535.36	221.72
524.74	222.88
524.74	222.88
525.81	219.39
532.18	215.9
537.49	213.58
538.55	212.42
538.55	212.42
538.55	212.42
538.55	212.42
538.55	212.42
542.8	206.6
547.05	200.79
550.23	197.3
555.54	189.16
558.73	184.51
561.91	181.02
561.91	181.02
561.91	181.02
559.79	182.18
531.12	199.62
498.19	213.58
482.26	215.9
455.71	213.58
408.98	196.14
384.56	184.51
361.19	172.88
348.45	155.44
347.39	153.11
345.26	150.78
335.71	147.3
331.46	146.13
331.46	146.13
331.46	146.13
331.46	146.13
331.46	146.13
337.83	146.13
341.02	146.13
345.26	143.81
351.64	139.16
356.95	131.02
356.95	128.69
356.95	125.2
353.76	119.39
350.57	113.57
347.39	112.41
345.26	110.09
341.02	108.92
327.21	108.92
315.53	112.41
285.79	121.71
276.23	122.88
243.31	129.85
238	131.02
238	131.02
238	131.02
238	131.02
238	131.02
238	131.02
238	131.02
238	131.02
238	131.02
238	131.02
238	131.02
238	131.02
238	131.02
238	131.02
238	131.02
238	131.02
238	131.02
238	131.02
238	131.02
238	131.02
238	131.02
238	131.02
238	131.02
238	131.02
240.12	137.99
242.25	144.97
247.56	151.95
259.24	161.25
261.36	161.25
274.11	164.74
286.85	162.41
288.98	158.92
288.98	157.76
288.98	157.76
288.98	157.76
288.98	157.76
277.29	157.76
270.92	157.76
268.8	158.92
267.74	160.09
263.49	163.58
258.18	168.23
257.12	169.39
257.12	169.39
257.12	169.39
257.12	169.39
257.12	169.39
257.12	169.39
257.12	169.39
258.18	169.39
261.36	168.23
273.05	171.72
282.6	176.37
291.1	181.02
297.47	184.51
298.53	185.67
298.53	185.67
298.53	185.67
298.53	185.67
298.53	185.67
298.53	186.83
298.53	186.83
298.53	186.83
298.53	186.83
297.47	189.16
283.67	196.14
254.99	203.11
229.5	207.76
213.57	211.25
204.02	213.58
195.52	218.23
192.33	219.39
183.84	222.88
166.84	229.86
149.85	234.51
143.48	235.67
137.11	236.84
137.11	236.84
137.11	236.84
137.11	235.67
138.17	233.35
143.48	229.86
161.53	224.04
178.53	219.39
210.39	214.74
225.26	211.25
227.38	211.25
228.44	211.25
228.44	210.09
231.63	210.09
240.12	207.76
250.74	205.44
254.99	203.11
256.05	203.11
256.05	203.11
256.05	203.11
256.05	203.11
254.99	203.11
254.99	204.28
253.93	205.44
252.87	206.6
252.87	206.6
252.87	206.6
253.93	206.6
262.43	205.44
282.6	201.95
322.96	196.14
372.88	190.32
436.6	188
448.28	188
471.64	188
479.08	188
483.33	189.16
485.45	189.16
491.82	191.48
493.95	191.48
493.95	191.48
493.95	191.48
478.02	191.48
441.91	186.83
365.44	167.06
346.33	161.25
304.91	150.78
302.78	150.78
302.78	150.78
302.78	150.78
302.78	150.78
302.78	150.78
297.47	149.62
292.16	148.46
291.1	148.46
291.1	148.46
291.1	148.46
291.1	148.46
291.1	148.46
291.1	148.46
295.35	149.62
295.35	149.62
300.66	149.62
305.97	149.62
313.4	148.46
325.09	147.3
342.08	143.81
353.76	142.65
355.88	142.65
355.88	142.65
355.88	142.65
355.88	142.65
355.88	142.65
355.88	142.65
355.88	142.65
355.88	142.65
355.88	142.65
355.88	142.65
355.88	142.65
355.88	142.65
361.19	140.32
370.75	140.32
384.56	140.32
410.05	140.32
441.91	141.48
486.51	141.48
558.73	141.48
622.45	141.48
654.31	142.65
721.22	142.65
755.2	144.97
761.57	144.97
761.57	144.97
761.57	144.97
761.57	144.97
761.57	144.97
757.33	148.46
748.83	151.95
745.64	151.95
741.4	151.95
741.4	151.95
741.4	151.95
740.33	151.95
737.15	148.46
723.34	141.48
703.16	133.34
681.92	126.37
663.87	122.88
662.81	122.88
662.81	122.88
662.81	122.88
662.81	122.88
662.81	122.88
662.81	122.88
662.81	122.88
662.81	122.88
662.81	122.88
662.81	122.88
662.81	122.88
662.81	122.88
662.81	122.88
662.81	122.88
662.81	122.88
662.81	122.88
662.81	122.88
662.81	122.88
662.81	122.88
662.81	122.88
658.56	122.88
623.51	129.85
554.48	132.18
513.06	129.85
452.53	128.69
391.99	127.53
370.75	126.37
354.82	125.2
348.45	124.04
345.26	124.04
343.14	124.04
342.08	122.88
342.08	122.88
342.08	122.88
342.08	122.88
342.08	122.88
342.08	122.88
342.08	122.88
342.08	122.88
342.08	122.88
342.08	122.88
342.08	122.88
343.14	124.04
345.26	124.04
347.39	125.2
349.51	125.2
354.82	126.37
360.13	126.37
363.32	127.53
365.44	127.53
365.44	127.53
365.44	127.53
365.44	127.53
365.44	127.53
365.44	127.53
365.44	127.53
365.44	127.53
366.5	127.53
