397.14	199.06
443.38	206.24
497.08	210.54
541.83	210.54
558.24	211.97
565.7	210.54
568.69	210.54
568.69	210.54
568.69	210.54
568.69	210.54
568.69	210.54
565.7	220.58
562.72	230.62
559.74	240.66
556.75	244.97
556.75	246.4
556.75	246.4
552.28	262.18
546.31	273.66
537.36	279.39
506.03	283.7
471.72	282.26
452.33	277.96
447.86	276.52
447.86	276.52
447.86	276.52
447.86	276.52
447.86	276.52
447.86	276.52
447.86	276.52
447.86	276.52
447.86	276.52
434.43	270.79
400.12	250.7
368.79	230.62
353.88	220.58
346.42	214.84
346.42	214.84
349.4	214.84
370.28	214.84
395.64	209.11
437.41	193.33
485.15	174.68
519.46	163.2
555.26	160.33
573.16	160.33
574.65	160.33
574.65	160.33
574.65	160.33
574.65	160.33
574.65	161.77
574.65	161.77
574.65	161.77
574.65	161.77
576.14	163.2
580.62	164.64
588.08	168.94
589.57	168.94
589.57	168.94
589.57	168.94
589.57	168.94
586.59	158.9
579.13	144.56
567.19	134.51
553.77	128.78
543.33	124.47
534.38	121.6
534.38	121.6
534.38	121.6
534.38	121.6
541.83	125.91
559.74	138.82
574.65	150.29
585.1	158.9
588.08	164.64
589.57	164.64
589.57	164.64
588.08	166.07
579.13	170.38
571.67	174.68
544.82	193.33
514.98	217.71
500.07	234.93
497.08	239.23
497.08	240.66
497.08	244.97
501.56	247.84
512	250.7
529.9	247.84
549.29	240.66
565.7	232.06
579.13	220.58
580.62	206.24
571.67	181.85
558.24	164.64
549.29	157.47
549.29	157.47
549.29	157.47
546.31	164.64
541.83	183.29
537.36	196.2
531.39	213.41
525.43	224.88
523.93	229.19
523.93	230.62
523.93	230.62
525.43	232.06
547.8	239.23
580.62	247.84
604.49	253.57
614.93	256.44
614.93	256.44
614.93	256.44
614.93	256.44
605.98	262.18
594.05	272.22
585.1	282.26
582.11	289.43
580.62	299.48
579.13	310.95
579.13	322.43
580.62	332.47
580.62	333.9
580.62	333.9
582.11	333.9
598.52	305.21
625.37	257.88
640.29	219.15
643.27	187.59
635.81	167.51
620.9	153.16
605.98	144.56
600.01	141.69
600.01	140.25
600.01	140.25
600.01	140.25
600.01	140.25
600.01	141.69
592.55	154.6
585.1	171.81
570.18	200.5
556.75	227.75
537.36	256.44
517.97	275.09
504.54	280.83
497.08	280.83
485.15	275.09
477.69	272.22
476.2	272.22
476.2	272.22
476.2	272.22
476.2	272.22
476.2	272.22
471.72	270.79
470.23	270.79
467.25	269.35
458.3	266.48
450.84	265.05
435.92	262.18
412.05	259.31
398.63	257.88
394.15	256.44
394.15	256.44
394.15	256.44
397.14	256.44
418.02	252.14
458.3	244.97
495.59	240.66
516.48	240.66
526.92	242.1
543.33	242.1
558.24	242.1
568.69	242.1
573.16	242.1
576.14	243.53
582.11	244.97
592.55	249.27
603	252.14
611.95	256.44
611.95	256.44
611.95	256.44
611.95	256.44
614.93	257.88
616.42	257.88
616.42	257.88
616.42	257.88
616.42	257.88
616.42	257.88
613.44	256.44
594.05	246.4
567.19	232.06
534.38	209.11
512	189.02
500.07	170.38
492.61	153.16
483.66	140.25
461.28	123.04
444.87	111.56
443.38	110.13
443.38	110.13
443.38	110.13
443.38	110.13
419.51	104.39
389.68	98.65
338.96	98.65
282.27	102.96
242	120.17
230.06	143.12
227.08	161.77
227.08	167.51
233.04	171.81
243.49	176.11
259.9	174.68
286.75	156.03
315.09	134.51
352.38	118.73
385.2	120.17
413.55	131.64
440.4	160.33
468.74	194.76
488.13	214.84
498.57	226.32
498.57	227.75
498.57	227.75
498.57	227.75
498.57	230.62
491.12	249.27
464.26	272.22
429.95	283.7
409.07	283.7
382.22	270.79
361.33	240.66
352.38	201.93
368.79	158.9
389.68	138.82
418.02	127.34
437.41	125.91
438.9	125.91
438.9	125.91
441.89	135.95
447.86	156.03
453.82	201.93
452.33	236.36
449.35	249.27
449.35	249.27
446.36	249.27
437.41	237.79
435.92	213.41
444.87	181.85
452.33	156.03
456.81	143.12
459.79	134.51
459.79	130.21
459.79	130.21
459.79	130.21
459.79	130.21
462.77	130.21
477.69	135.95
498.57	145.99
513.49	156.03
523.93	170.38
526.92	181.85
528.41	193.33
528.41	210.54
526.92	236.36
525.43	256.44
525.43	273.66
528.41	285.13
528.41	290.87
525.43	302.34
514.98	310.95
486.64	315.25
443.38	303.78
421	290.87
416.53	279.39
415.04	263.61
416.53	256.44
422.5	253.57
437.41	250.7
459.79	250.7
482.17	249.27
513.49	244.97
535.87	240.66
549.29	240.66
553.77	242.1
555.26	242.1
555.26	243.53
556.75	247.84
559.74	255.01
564.21	263.61
577.64	279.39
595.54	303.78
617.91	332.47
635.81	358.29
653.72	391.28
667.14	412.8
676.09	440.05
682.06	460.13
682.06	467.31
683.55	471.61
683.55	471.61
683.55	471.61
683.55	471.61
683.55	471.61
686.53	471.61
707.42	471.61
728.3	475.91
740.24	485.95
747.69	498.86
750.68	507.47
750.68	511.77
750.68	514.64
750.68	517.51
750.68	517.51
750.68	517.51
749.19	516.08
740.24	488.82
719.35	430.01
686.53	352.55
662.67	303.78
641.78	259.31
632.83	237.79
631.34	226.32
629.85	220.58
628.36	216.28
628.36	213.41
625.37	206.24
620.9	200.5
616.42	194.76
607.47	187.59
604.49	183.29
603	180.42
603	180.42
603	180.42
603	178.98
600.01	171.81
595.54	167.51
586.59	163.2
568.69	158.9
544.82	154.6
520.95	154.6
498.57	154.6
485.15	153.16
477.69	151.73
477.69	151.73
477.69	151.73
477.69	151.73
477.69	151.73
477.69	151.73
477.69	151.73
477.69	151.73
477.69	151.73
477.69	151.73
485.15	141.69
497.08	134.51
513.49	131.64
531.39	128.78
543.33	127.34
544.82	127.34
544.82	127.34
544.82	127.34
544.82	127.34
543.33	127.34
537.36	125.91
535.87	125.91
535.87	125.91
535.87	125.91
535.87	125.91
535.87	125.91
535.87	125.91
553.77	127.34
580.62	128.78
604.49	128.78
613.44	128.78
613.44	128.78
613.44	128.78
613.44	128.78
611.95	127.34
607.47	125.91
600.01	123.04
585.1	118.73
568.69	113
555.26	107.26
549.29	104.39
549.29	102.96
549.29	102.96
549.29	102.96
549.29	102.96
549.29	102.96
550.79	102.96
556.75	105.82
568.69	110.13
586.59	114.43
610.45	118.73
626.86	120.17
638.8	121.6
640.29	121.6
640.29	121.6
640.29	121.6
634.32	120.17
613.44	117.3
585.1	113
559.74	110.13
547.8	108.69
547.8	108.69
547.8	108.69
547.8	108.69
547.8	108.69
547.8	108.69
547.8	108.69
547.8	108.69
547.8	108.69
547.8	108.69
541.83	127.34
534.38	148.86
517.97	180.42
503.05	206.24
494.1	217.71
492.61	219.15
492.61	219.15
492.61	219.15
491.12	219.15
494.1	199.06
510.51	167.51
537.36	137.38
568.69	111.56
582.11	100.09
585.1	95.78
585.1	95.78
585.1	95.78
585.1	95.78
585.1	95.78
585.1	95.78
580.62	98.65
558.24	113
532.88	127.34
503.05	141.69
488.13	147.42
488.13	147.42
488.13	147.42
488.13	147.42
488.13	147.42
488.13	148.86
486.64	160.33
485.15	171.81
482.17	187.59
476.2	213.41
473.21	239.23
470.23	257.88
470.23	267.92
470.23	270.79
470.23	270.79
470.23	270.79
470.23	270.79
470.23	270.79
470.23	270.79
470.23	270.79
470.23	270.79
470.23	270.79
470.23	270.79
476.2	286.57
482.17	302.34
485.15	313.82
489.62	326.73
495.59	338.21
498.57	343.94
500.07	346.81
501.56	346.81
501.56	349.68
503.05	351.12
503.05	352.55
503.05	353.98
503.05	353.98
504.54	353.98
504.54	353.98
504.54	353.98
504.54	353.98
504.54	353.98
504.54	353.98
504.54	353.98
504.54	353.98
504.54	353.98
504.54	353.98
504.54	353.98
504.54	353.98
504.54	352.55
507.52	341.07
512	323.86
519.46	306.65
529.9	296.61
543.33	289.43
555.26	285.13
559.74	283.7
561.23	282.26
565.7	279.39
570.18	275.09
576.14	269.35
580.62	265.05
582.11	265.05
582.11	265.05
582.11	263.61
582.11	263.61
582.11	263.61
582.11	263.61
585.1	266.48
588.08	270.79
589.57	275.09
591.06	279.39
592.55	283.7
595.54	289.43
598.52	295.17
600.01	298.04
601.5	299.48
601.5	300.91
601.5	302.34
603	303.78
604.49	305.21
605.98	306.65
605.98	306.65
605.98	306.65
605.98	306.65
620.9	298.04
640.29	286.57
665.65	275.09
693.99	260.75
713.38	250.7
725.32	243.53
728.3	242.1
728.3	242.1
728.3	242.1
728.3	242.1
728.3	242.1
728.3	242.1
728.3	242.1
728.3	242.1
728.3	242.1
728.3	242.1
728.3	242.1
728.3	242.1
728.3	242.1
728.3	242.1
728.3	242.1
728.3	242.1
728.3	242.1
728.3	242.1
728.3	242.1
728.3	242.1
728.3	242.1
728.3	242.1
728.3	242.1
728.3	242.1
728.3	242.1
728.3	242.1
728.3	242.1
728.3	242.1
728.3	242.1
728.3	242.1
728.3	242.1
728.3	242.1
728.3	242.1
728.3	242.1
720.84	242.1
707.42	240.66
695.48	243.53
688.03	246.4
671.62	253.57
617.91	272.22
559.74	288
514.98	293.74
491.12	293.74
449.35	289.43
404.59	275.09
367.3	255.01
337.47	236.36
324.04	227.75
318.07	223.45
318.07	223.45
318.07	223.45
318.07	223.45
318.07	223.45
318.07	223.45
318.07	223.45
318.07	223.45
318.07	223.45
321.06	214.84
334.48	196.2
370.28	186.15
421	183.29
503.05	178.98
568.69	171.81
620.9	163.2
638.8	158.9
638.8	158.9
638.8	158.9
638.8	158.9
638.8	158.9
638.8	158.9
638.8	158.9
638.8	158.9
638.8	158.9
638.8	158.9
638.8	158.9
626.86	161.77
598.52	170.38
559.74	178.98
510.51	190.46
464.26	199.06
428.46	203.37
401.61	203.37
383.71	203.37
364.32	197.63
343.43	190.46
325.53	181.85
309.12	176.11
295.7	173.24
280.78	168.94
274.81	168.94
274.81	168.94
274.81	168.94
271.83	174.68
264.37	197.63
262.88	222.02
264.37	239.23
265.86	246.4
267.35	249.27
268.85	250.7
276.31	255.01
291.22	260.75
304.65	265.05
322.55	266.48
337.47	265.05
359.84	259.31
385.2	253.57
415.04	246.4
437.41	239.23
455.31	234.93
468.74	230.62
479.18	229.19
483.66	227.75
486.64	227.75
488.13	226.32
488.13	226.32
488.13	226.32
488.13	226.32
488.13	226.32
488.13	226.32
488.13	226.32
488.13	226.32
488.13	226.32
488.13	226.32
488.13	226.32
488.13	226.32
488.13	226.32
488.13	226.32
488.13	226.32
488.13	226.32
488.13	226.32
488.13	226.32
488.13	226.32
488.13	226.32
488.13	226.32
488.13	226.32
488.13	226.32
488.13	226.32
488.13	226.32
488.13	226.32
488.13	226.32
488.13	226.32
488.13	226.32
488.13	226.32
488.13	226.32
488.13	226.32
488.13	226.32
488.13	226.32
488.13	226.32
488.13	226.32
488.13	226.32
488.13	226.32
488.13	226.32
488.13	226.32
488.13	226.32
488.13	226.32
488.13	226.32
488.13	226.32
488.13	226.32
488.13	226.32
488.13	226.32
488.13	226.32
488.13	226.32
488.13	226.32
488.13	226.32
488.13	226.32
488.13	226.32
488.13	226.32
488.13	226.32
488.13	226.32
488.13	226.32
488.13	226.32
488.13	226.32
488.13	226.32
488.13	226.32
488.13	226.32
488.13	226.32
488.13	226.32
488.13	226.32
488.13	226.32
488.13	226.32
488.13	226.32
488.13	226.32
488.13	226.32
488.13	226.32
488.13	226.32
488.13	226.32
488.13	226.32
501.56	224.88
522.44	223.45
562.72	219.15
592.55	217.71
616.42	217.71
641.78	216.28
661.17	216.28
677.58	216.28
693.99	214.84
699.96	214.84
702.94	214.84
704.43	214.84
704.43	214.84
704.43	214.84
705.93	216.28
707.42	227.75
713.38	243.53
722.34	257.88
729.79	267.92
731.29	269.35
731.29	269.35
731.29	269.35
731.29	269.35
731.29	269.35
731.29	269.35
731.29	269.35
735.76	267.92
756.65	259.31
777.53	253.57
795.43	249.27
819.3	243.53
840.18	239.23
852.12	236.36
852.12	236.36
852.12	236.36
852.12	236.36
852.12	236.36
853.61	236.36
859.58	246.4
867.03	270.79
868.53	295.17
867.03	320.99
858.08	345.38
846.15	364.03
831.23	381.24
819.3	389.85
808.86	394.15
802.89	394.15
792.45	388.41
773.05	361.16
761.12	331.03
756.65	289.43
756.65	257.88
756.65	233.49
756.65	217.71
756.65	206.24
755.15	197.63
755.15	194.76
753.66	193.33
753.66	193.33
753.66	193.33
753.66	193.33
753.66	193.33
753.66	193.33
746.2	193.33
734.27	196.2
713.38	201.93
695.48	204.8
683.55	206.24
671.62	209.11
661.17	210.54
640.29	214.84
625.37	217.71
613.44	220.58
608.96	220.58
607.47	222.02
607.47	222.02
604.49	222.02
594.05	223.45
580.62	226.32
568.69	227.75
550.79	230.62
534.38	233.49
525.43	234.93
516.48	236.36
503.05	237.79
486.64	242.1
468.74	246.4
447.86	253.57
428.46	263.61
416.53	270.79
409.07	277.96
406.09	280.83
406.09	283.7
404.59	286.57
404.59	290.87
403.1	295.17
404.59	302.34
406.09	308.08
407.58	312.39
407.58	313.82
407.58	315.25
407.58	316.69
407.58	316.69
407.58	316.69
407.58	316.69
407.58	316.69
413.55	318.12
425.48	322.43
437.41	325.3
447.86	326.73
468.74	328.16
495.59	328.16
522.44	325.3
543.33	320.99
558.24	315.25
573.16	305.21
582.11	290.87
588.08	273.66
592.55	253.57
597.03	239.23
600.01	223.45
601.5	210.54
603	197.63
603	183.29
604.49	173.24
604.49	166.07
607.47	160.33
608.96	157.47
608.96	156.03
610.45	156.03
610.45	156.03
610.45	156.03
610.45	156.03
610.45	156.03
611.95	156.03
616.42	158.9
617.91	158.9
617.91	160.33
617.91	160.33
616.42	160.33
604.49	148.86
591.06	127.34
586.59	115.87
585.1	108.69
585.1	107.26
585.1	107.26
585.1	107.26
585.1	107.26
585.1	107.26
585.1	107.26
586.59	107.26
594.05	115.87
601.5	131.64
607.47	145.99
607.47	150.29
607.47	150.29
605.98	151.73
586.59	150.29
561.23	143.12
541.83	134.51
529.9	127.34
528.41	125.91
528.41	125.91
528.41	125.91
528.41	125.91
528.41	125.91
522.44	125.91
514.98	124.47
507.52	123.04
506.03	123.04
506.03	123.04
506.03	123.04
506.03	123.04
506.03	123.04
506.03	123.04
506.03	123.04
506.03	123.04
519.46	125.91
537.36	133.08
553.77	135.95
570.18	138.82
579.13	138.82
585.1	138.82
595.54	138.82
604.49	138.82
611.95	138.82
614.93	140.25
614.93	140.25
614.93	140.25
614.93	140.25
614.93	140.25
614.93	140.25
614.93	140.25
614.93	140.25
607.47	140.25
597.03	140.25
586.59	140.25
573.16	143.12
562.72	144.56
555.26	147.42
549.29	148.86
549.29	148.86
549.29	148.86
549.29	148.86
549.29	148.86
549.29	148.86
546.31	154.6
544.82	161.77
540.34	168.94
537.36	171.81
532.88	176.11
529.9	177.55
528.41	178.98
526.92	178.98
526.92	178.98
526.92	178.98
526.92	178.98
525.43	178.98
519.46	174.68
512	168.94
507.52	161.77
501.56	154.6
497.08	151.73
491.12	148.86
483.66	145.99
477.69	144.56
471.72	143.12
467.25	141.69
464.26	141.69
459.79	141.69
452.33	147.42
443.38	154.6
434.43	164.64
425.48	177.55
421	186.15
419.51	189.02
419.51	189.02
419.51	189.02
419.51	189.02
419.51	189.02
419.51	189.02
419.51	189.02
425.48	183.29
434.43	174.68
444.87	168.94
459.79	163.2
477.69	158.9
492.61	156.03
504.54	156.03
510.51	156.03
514.98	156.03
519.46	154.6
526.92	154.6
532.88	154.6
534.38	154.6
534.38	154.6
534.38	154.6
534.38	154.6
534.38	154.6
534.38	154.6
534.38	154.6
531.39	173.24
528.41	193.33
525.43	220.58
523.93	233.49
523.93	239.23
525.43	242.1
531.39	244.97
543.33	249.27
565.7	252.14
583.6	250.7
588.08	249.27
589.57	247.84
589.57	242.1
588.08	234.93
586.59	230.62
585.1	229.19
585.1	229.19
585.1	227.75
592.55	224.88
607.47	219.15
616.42	216.28
619.41	216.28
619.41	216.28
619.41	216.28
619.41	216.28
617.91	207.67
611.95	191.89
607.47	178.98
603	161.77
601.5	148.86
601.5	141.69
604.49	138.82
611.95	137.38
613.44	137.38
638.8	140.25
655.21	147.42
673.11	157.47
683.55	166.07
689.52	174.68
691.01	180.42
691.01	183.29
689.52	186.15
674.6	190.46
655.21	190.46
631.34	186.15
610.45	178.98
600.01	174.68
594.05	170.38
591.06	166.07
591.06	161.77
589.57	153.16
589.57	147.42
591.06	143.12
591.06	141.69
588.08	137.38
582.11	133.08
580.62	131.64
580.62	131.64
580.62	131.64
580.62	131.64
577.64	131.64
573.16	131.64
570.18	131.64
567.19	131.64
564.21	131.64
561.23	131.64
561.23	131.64
558.24	131.64
555.26	131.64
553.77	131.64
552.28	131.64
549.29	133.08
546.31	133.08
546.31	133.08
546.31	134.51
546.31	134.51
546.31	134.51
546.31	134.51
546.31	134.51
546.31	134.51
544.82	138.82
543.33	144.56
535.87	150.29
517.97	156.03
495.59	160.33
473.21	163.2
455.31	167.51
443.38	170.38
431.45	176.11
419.51	183.29
410.56	189.02
407.58	191.89
406.09	191.89
404.59	194.76
403.1	196.2
401.61	197.63
401.61	199.06
400.12	200.5
398.63	206.24
398.63	233.49
401.61	286.57
404.59	318.12
404.59	323.86
404.59	325.3
404.59	325.3
404.59	325.3
403.1	325.3
403.1	325.3
403.1	325.3
403.1	329.6
410.56	338.21
431.45	348.25
455.31	358.29
495.59	372.63
525.43	382.67
546.31	388.41
567.19	389.85
588.08	389.85
620.9	389.85
652.22	386.98
686.53	381.24
726.81	375.5
762.61	368.33
811.84	359.72
859.58	349.68
895.38	338.21
920.74	329.6
932.67	323.86
935.65	322.43
937.15	322.43
937.15	322.43
937.15	322.43
937.15	322.43
937.15	322.43
937.15	322.43
937.15	322.43
932.67	319.56
923.72	315.25
914.77	312.39
907.31	309.52
899.85	308.08
890.9	305.21
873	303.78
829.74	299.48
767.09	295.17
677.58	299.48
534.38	320.99
413.55	338.21
294.21	352.55
209.18	356.85
158.46	353.98
137.57	348.25
130.11	343.94
118.18	338.21
100.28	332.47
79.4	325.3
61.5	319.56
52.54	315.25
52.54	315.25
52.54	315.25
52.54	315.25
52.54	315.25
52.54	315.25
52.54	315.25
52.54	315.25
54.04	315.25
57.02	316.69
60	316.69
61.5	316.69
67.46	318.12
79.4	316.69
107.74	306.65
164.42	285.13
219.62	265.05
295.7	246.4
353.88	234.93
389.68	230.62
409.07	227.75
421	224.88
421	224.88
421	224.88
423.99	223.45
426.97	219.15
434.43	213.41
449.35	199.06
465.76	178.98
485.15	160.33
495.59	148.86
507.52	138.82
517.97	133.08
529.9	127.34
535.87	124.47
535.87	124.47
535.87	124.47
535.87	124.47
535.87	124.47
535.87	124.47
535.87	124.47
535.87	124.47
535.87	124.47
535.87	124.47
535.87	124.47
535.87	124.47
535.87	124.47
535.87	124.47
535.87	124.47
535.87	124.47
535.87	124.47
535.87	124.47
535.87	124.47
538.85	124.47
541.83	125.91
543.33	127.34
543.33	127.34
543.33	127.34
543.33	127.34
543.33	127.34
544.82	127.34
547.8	133.08
549.29	138.82
550.79	143.12
550.79	145.99
550.79	145.99
550.79	145.99
550.79	145.99
550.79	145.99
550.79	145.99
550.79	145.99
550.79	145.99
550.79	147.42
552.28	156.03
552.28	171.81
553.77	200.5
553.77	246.4
552.28	280.83
547.8	310.95
543.33	331.03
538.85	345.38
534.38	358.29
529.9	372.63
525.43	385.54
522.44	397.02
517.97	404.19
513.49	411.36
506.03	417.1
489.62	421.4
468.74	424.27
443.38	425.71
422.5	427.14
407.58	425.71
398.63	424.27
392.66	422.84
389.68	421.4
385.2	418.53
380.73	417.1
377.74	417.1
377.74	417.1
377.74	417.1
377.74	417.1
377.74	417.1
377.74	417.1
377.74	417.1
377.74	417.1
379.24	405.62
392.66	366.89
410.56	328.16
440.4	270.79
453.82	247.84
498.57	184.72
520.95	163.2
540.34	151.73
552.28	145.99
556.75	144.56
556.75	144.56
556.75	144.56
556.75	144.56
556.75	144.56
556.75	144.56
555.26	144.56
541.83	144.56
517.97	144.56
492.61	143.12
488.13	143.12
488.13	143.12
488.13	143.12
488.13	143.12
488.13	143.12
488.13	143.12
489.62	143.12
489.62	143.12
489.62	143.12
489.62	143.12
489.62	143.12
489.62	143.12
489.62	143.12
489.62	143.12
489.62	143.12
492.61	143.12
495.59	144.56
498.57	145.99
504.54	147.42
514.98	150.29
525.43	151.73
534.38	153.16
538.85	154.6
540.34	154.6
540.34	154.6
540.34	154.6
540.34	154.6
540.34	154.6
540.34	154.6
540.34	154.6
540.34	154.6
540.34	157.47
540.34	171.81
541.83	196.2
544.82	209.11
546.31	216.28
546.31	216.28
546.31	217.71
547.8	222.02
552.28	224.88
555.26	227.75
556.75	229.19
556.75	229.19
556.75	229.19
556.75	229.19
556.75	229.19
556.75	229.19
556.75	229.19
556.75	229.19
556.75	229.19
555.26	229.19
550.79	227.75
543.33	224.88
529.9	217.71
520.95	210.54
510.51	199.06
501.56	190.46
495.59	184.72
489.62	178.98
485.15	174.68
479.18	167.51
473.21	160.33
470.23	156.03
470.23	156.03
470.23	156.03
470.23	156.03
470.23	156.03
470.23	156.03
470.23	156.03
470.23	156.03
470.23	156.03
470.23	156.03
470.23	156.03
470.23	156.03
470.23	156.03
470.23	156.03
470.23	156.03
470.23	156.03
470.23	156.03
470.23	156.03
470.23	157.47
467.25	163.2
464.26	170.38
461.28	176.11
459.79	181.85
458.3	187.59
458.3	190.46
458.3	191.89
458.3	191.89
458.3	191.89
458.3	191.89
458.3	191.89
461.28	191.89
477.69	183.29
491.12	174.68
497.08	170.38
500.07	164.64
501.56	157.47
503.05	145.99
504.54	137.38
507.52	128.78
510.51	124.47
512	121.6
513.49	120.17
513.49	120.17
513.49	120.17
513.49	120.17
513.49	120.17
513.49	120.17
513.49	120.17
513.49	120.17
513.49	120.17
513.49	120.17
513.49	120.17
513.49	120.17
513.49	120.17
513.49	120.17
513.49	120.17
513.49	120.17
513.49	120.17
513.49	120.17
513.49	120.17
513.49	120.17
513.49	120.17
513.49	120.17
513.49	120.17
514.98	121.6
516.48	124.47
519.46	127.34
520.95	131.64
523.93	138.82
525.43	150.29
528.41	163.2
528.41	168.94
529.9	171.81
529.9	174.68
531.39	178.98
531.39	193.33
529.9	223.45
525.43	265.05
519.46	299.48
506.03	352.55
492.61	401.32
485.15	427.14
479.18	444.36
476.2	452.96
474.71	455.83
473.21	457.27
471.72	458.7
467.25	461.57
458.3	467.31
449.35	473.04
444.87	474.48
444.87	474.48
444.87	474.48
444.87	474.48
444.87	474.48
441.89	475.91
425.48	483.09
394.15	497.43
361.33	513.21
352.38	517.51
352.38	518.95
352.38	518.95
365.81	514.64
388.19	506.04
421	494.56
461.28	484.52
517.97	468.74
586.59	445.79
628.36	430.01
659.68	414.23
693.99	398.45
734.27	384.11
758.14	378.37
789.46	372.63
816.31	368.33
826.76	368.33
828.25	368.33
828.25	368.33
828.25	368.33
813.33	359.72
777.53	338.21
710.4	300.91
628.36	259.31
568.69	230.62
517.97	206.24
506.03	201.93
506.03	201.93
506.03	201.93
506.03	201.93
506.03	201.93
507.52	200.5
517.97	196.2
528.41	184.72
535.87	174.68
543.33	158.9
549.29	143.12
556.75	131.64
559.74	125.91
559.74	124.47
559.74	124.47
559.74	124.47
559.74	124.47
559.74	124.47
559.74	124.47
559.74	124.47
552.28	123.04
543.33	121.6
526.92	120.17
514.98	118.73
503.05	118.73
482.17	118.73
467.25	120.17
456.81	120.17
438.9	120.17
412.05	117.3
391.17	114.43
379.24	113
379.24	113
379.24	113
379.24	113
379.24	113
379.24	113
379.24	113
385.2	113
403.1	111.56
422.5	111.56
434.43	110.13
437.41	110.13
437.41	110.13
437.41	110.13
437.41	110.13
437.41	110.13
437.41	110.13
437.41	110.13
437.41	110.13
437.41	110.13
437.41	110.13
438.9	118.73
443.38	145.99
449.35	176.11
450.84	197.63
452.33	210.54
452.33	216.28
450.84	217.71
450.84	220.58
449.35	223.45
447.86	230.62
444.87	239.23
438.9	253.57
432.94	266.48
426.97	279.39
415.04	295.17
395.64	308.08
362.83	319.56
327.02	322.43
277.8	316.69
228.57	306.65
200.23	296.61
195.75	295.17
195.75	295.17
203.21	290.87
236.03	279.39
282.27	267.92
343.43	255.01
401.61	244.97
455.31	237.79
495.59	234.93
528.41	233.49
556.75	233.49
594.05	232.06
619.41	230.62
644.76	226.32
664.16	220.58
676.09	214.84
680.57	211.97
682.06	210.54
682.06	209.11
682.06	209.11
682.06	209.11
682.06	209.11
682.06	209.11
682.06	209.11
680.57	207.67
667.14	196.2
638.8	176.11
617.91	161.77
601.5	151.73
597.03	148.86
597.03	148.86
597.03	148.86
595.54	148.86
592.55	145.99
588.08	144.56
583.6	143.12
574.65	140.25
561.23	138.82
547.8	137.38
538.85	137.38
534.38	137.38
532.88	137.38
532.88	137.38
532.88	137.38
532.88	137.38
532.88	137.38
532.88	137.38
532.88	137.38
532.88	137.38
534.38	137.38
543.33	138.82
556.75	140.25
568.69	140.25
582.11	141.69
594.05	143.12
604.49	145.99
614.93	147.42
619.41	148.86
619.41	148.86
619.41	148.86
620.9	148.86
620.9	148.86
622.39	148.86
623.88	150.29
625.37	150.29
626.86	151.73
626.86	151.73
632.83	154.6
638.8	157.47
649.24	161.77
664.16	166.07
682.06	170.38
693.99	174.68
702.94	177.55
710.4	178.98
719.35	181.85
726.81	183.29
729.79	184.72
734.27	186.15
738.74	187.59
744.71	190.46
749.19	191.89
749.19	191.89
750.68	191.89
750.68	191.89
749.19	196.2
741.73	207.67
723.83	222.02
704.43	233.49
676.09	240.66
655.21	244.97
635.81	249.27
620.9	253.57
613.44	256.44
611.95	257.88
607.47	257.88
598.52	260.75
582.11	262.18
561.23	262.18
541.83	260.75
516.48	252.14
485.15	233.49
450.84	207.67
425.48	187.59
406.09	170.38
395.64	160.33
385.2	154.6
373.27	150.29
355.37	144.56
338.96	141.69
315.09	137.38
295.7	133.08
286.75	130.21
283.76	128.78
279.29	128.78
274.81	125.91
264.37	120.17
253.93	117.3
244.98	113
236.03	111.56
227.08	108.69
222.6	108.69
221.11	107.26
221.11	107.26
221.11	107.26
219.62	107.26
212.16	108.69
206.19	110.13
204.7	110.13
203.21	111.56
200.23	113
197.24	115.87
197.24	117.3
197.24	117.3
207.69	121.6
237.52	128.78
285.26	134.51
334.48	134.51
364.32	133.08
374.76	133.08
380.73	133.08
388.19	131.64
403.1	131.64
426.97	128.78
450.84	127.34
476.2	127.34
495.59	127.34
513.49	127.34
528.41	127.34
534.38	127.34
534.38	127.34
534.38	127.34
534.38	127.34
534.38	127.34
534.38	127.34
531.39	128.78
523.93	135.95
510.51	157.47
497.08	184.72
488.13	200.5
479.18	211.97
470.23	219.15
464.26	220.58
452.33	220.58
432.94	213.41
419.51	203.37
409.07	190.46
407.58	173.24
421	156.03
447.86	141.69
494.1	130.21
532.88	125.91
543.33	124.47
543.33	124.47
543.33	124.47
543.33	124.47
543.33	124.47
543.33	124.47
543.33	124.47
543.33	124.47
528.41	125.91
473.21	128.78
392.66	134.51
310.62	138.82
256.91	141.69
213.65	141.69
182.33	141.69
159.95	141.69
148.02	141.69
142.05	141.69
137.57	141.69
137.57	141.69
137.57	141.69
142.05	141.69
155.47	141.69
183.82	138.82
206.19	137.38
221.11	137.38
225.59	137.38
225.59	137.38
225.59	137.38
225.59	137.38
225.59	137.38
225.59	137.38
225.59	137.38
225.59	137.38
225.59	137.38
225.59	137.38
225.59	137.38
225.59	137.38
225.59	143.12
224.09	161.77
221.11	181.85
215.14	201.93
209.18	214.84
203.21	230.62
197.24	246.4
192.77	259.31
189.78	273.66
186.8	282.26
183.82	293.74
180.83	300.91
179.34	308.08
179.34	310.95
179.34	313.82
179.34	315.25
179.34	316.69
179.34	319.56
179.34	319.56
179.34	319.56
179.34	319.56
179.34	319.56
195.75	325.3
227.08	328.16
264.37	328.16
303.16	329.6
332.99	331.03
356.86	333.9
368.79	336.77
370.28	339.64
371.78	365.46
364.32	397.02
347.91	422.84
332.99	441.49
319.57	458.7
307.63	471.61
304.65	477.35
304.65	477.35
304.65	477.35
304.65	477.35
304.65	477.35
304.65	477.35
310.62	478.78
327.02	480.22
364.32	478.78
428.46	465.87
507.52	444.36
559.74	424.27
574.65	411.36
574.65	397.02
556.75	371.2
513.49	335.34
465.76	303.78
429.95	283.7
413.55	272.22
406.09	266.48
398.63	262.18
398.63	260.75
397.14	260.75
398.63	257.88
404.59	256.44
413.55	253.57
426.97	252.14
447.86	250.7
464.26	250.7
486.64	257.88
503.05	269.35
516.48	286.57
525.43	302.34
528.41	308.08
529.9	308.08
529.9	308.08
529.9	308.08
538.85	280.83
549.29	252.14
562.72	217.71
573.16	199.06
579.13	190.46
579.13	189.02
576.14	184.72
574.65	181.85
573.16	178.98
573.16	177.55
579.13	173.24
591.06	170.38
619.41	166.07
650.73	166.07
661.17	167.51
658.19	186.15
629.85	217.71
573.16	252.14
516.48	277.96
482.17	292.3
467.25	296.61
462.77	298.04
456.81	298.04
441.89	295.17
422.5	286.57
406.09	269.35
385.2	244.97
367.3	223.45
353.88	210.54
350.89	206.24
349.4	203.37
352.38	197.63
358.35	194.76
362.83	193.33
362.83	193.33
362.83	193.33
367.3	193.33
379.24	197.63
395.64	204.8
415.04	213.41
434.43	222.02
452.33	226.32
482.17	227.75
517.97	220.58
553.77	207.67
586.59	193.33
610.45	181.85
640.29	166.07
670.12	154.6
692.5	148.86
708.91	145.99
714.88	145.99
716.37	145.99
716.37	145.99
716.37	145.99
716.37	145.99
711.89	145.99
692.5	150.29
664.16	154.6
628.36	158.9
592.55	163.2
565.7	164.64
546.31	167.51
543.33	167.51
543.33	167.51
543.33	167.51
543.33	167.51
543.33	167.51
543.33	167.51
543.33	167.51
543.33	167.51
544.82	168.94
565.7	170.38
603	170.38
649.24	164.64
683.55	157.47
705.93	153.16
734.27	145.99
764.1	140.25
792.45	134.51
823.77	130.21
846.15	127.34
875.98	124.47
892.39	123.04
892.39	123.04
892.39	123.04
892.39	123.04
892.39	123.04
892.39	123.04
880.46	125.91
850.62	140.25
817.81	154.6
767.09	174.68
704.43	201.93
623.88	236.36
537.36	266.48
471.72	285.13
406.09	299.48
359.84	308.08
324.04	316.69
300.17	319.56
285.26	319.56
268.85	319.56
244.98	313.82
221.11	303.78
204.7	286.57
197.24	275.09
195.75	262.18
198.73	256.44
204.7	253.57
221.11	250.7
233.04	249.27
247.96	250.7
267.35	255.01
286.75	259.31
303.16	265.05
315.09	269.35
319.57	270.79
319.57	270.79
319.57	270.79
319.57	270.79
319.57	270.79
319.57	270.79
319.57	270.79
319.57	270.79
313.6	265.05
301.66	249.27
288.24	227.75
273.32	201.93
267.35	186.15
267.35	174.68
267.35	166.07
265.86	156.03
262.88	143.12
256.91	134.51
255.42	131.64
255.42	131.64
255.42	131.64
255.42	131.64
255.42	131.64
255.42	131.64
255.42	134.51
258.4	147.42
267.35	170.38
276.31	187.59
276.31	191.89
276.31	191.89
276.31	191.89
276.31	191.89
276.31	191.89
276.31	191.89
271.83	190.46
270.34	189.02
268.85	187.59
268.85	187.59
268.85	187.59
270.34	187.59
282.27	186.15
303.16	186.15
325.53	184.72
350.89	183.29
373.27	183.29
401.61	183.29
431.45	186.15
459.79	187.59
482.17	187.59
506.03	187.59
510.51	187.59
510.51	187.59
510.51	187.59
510.51	187.59
510.51	187.59
510.51	190.46
510.51	199.06
510.51	204.8
510.51	209.11
510.51	214.84
514.98	227.75
526.92	239.23
544.82	247.84
558.24	253.57
567.19	255.01
568.69	255.01
568.69	255.01
568.69	255.01
568.69	255.01
567.19	252.14
546.31	240.66
498.57	226.32
429.95	211.97
352.38	201.93
298.68	199.06
239.01	199.06
192.77	201.93
159.95	203.37
137.57	203.37
131.61	201.93
131.61	201.93
131.61	201.93
133.1	200.5
134.59	199.06
137.57	197.63
143.54	191.89
149.51	184.72
155.47	180.42
159.95	177.55
161.44	177.55
161.44	177.55
161.44	177.55
161.44	176.11
161.44	176.11
161.44	176.11
161.44	176.11
161.44	176.11
161.44	176.11
168.9	177.55
179.34	180.42
194.26	181.85
206.19	183.29
210.67	183.29
210.67	184.72
210.67	184.72
210.67	184.72
210.67	184.72
210.67	184.72
210.67	184.72
210.67	184.72
210.67	184.72
210.67	184.72
210.67	184.72
213.65	184.72
231.55	189.02
279.29	193.33
356.86	197.63
447.86	206.24
523.93	213.41
550.79	214.84
550.79	214.84
550.79	214.84
550.79	214.84
550.79	214.84
550.79	214.84
550.79	214.84
550.79	214.84
553.77	216.28
568.69	224.88
589.57	240.66
611.95	259.31
626.86	272.22
631.34	276.52
634.32	277.96
635.81	283.7
638.8	293.74
638.8	306.65
635.81	318.12
626.86	326.73
617.91	333.9
608.96	341.07
601.5	349.68
595.54	358.29
589.57	365.46
586.59	369.76
579.13	372.63
568.69	374.07
558.24	366.89
553.77	343.94
553.77	308.08
564.21	260.75
580.62	210.54
591.06	168.94
598.52	143.12
603	137.38
603	135.95
605.98	135.95
617.91	137.38
634.32	138.82
640.29	138.82
640.29	138.82
640.29	138.82
634.32	133.08
632.83	127.34
637.31	121.6
659.68	117.3
689.52	117.3
713.38	121.6
717.86	123.04
717.86	123.04
717.86	123.04
717.86	123.04
717.86	123.04
717.86	123.04
719.35	123.04
725.32	123.04
729.79	123.04
734.27	123.04
738.74	124.47
740.24	124.47
741.73	124.47
743.22	124.47
744.71	124.47
746.2	125.91
749.19	125.91
753.66	127.34
758.14	128.78
759.63	128.78
759.63	130.21
759.63	130.21
759.63	130.21
759.63	130.21
759.63	130.21
759.63	130.21
759.63	130.21
759.63	130.21
759.63	130.21
759.63	130.21
759.63	130.21
759.63	130.21
759.63	130.21
759.63	130.21
759.63	130.21
749.19	144.56
714.88	158.9
644.76	174.68
546.31	180.42
450.84	180.42
383.71	173.24
350.89	167.51
327.02	158.9
316.58	151.73
307.63	141.69
294.21	124.47
280.78	111.56
264.37	95.78
249.45	84.31
244.98	80
244.98	78.57
244.98	78.57
244.98	78.57
246.47	75.7
250.95	68.53
258.4	59.92
264.37	55.62
273.32	49.88
282.27	49.88
285.26	49.88
285.26	49.88
285.26	49.88
285.26	49.88
285.26	49.88
285.26	49.88
285.26	49.88
285.26	49.88
285.26	49.88
285.26	49.88
285.26	49.88
285.26	51.32
291.22	61.36
315.09	88.61
346.42	125.91
383.71	163.2
404.59	183.29
412.05	189.02
418.02	194.76
428.46	199.06
440.4	207.67
452.33	213.41
455.31	214.84
459.79	216.28
461.28	216.28
461.28	216.28
473.21	211.97
488.13	204.8
509.02	197.63
531.39	190.46
552.28	183.29
571.67	177.55
583.6	173.24
591.06	171.81
591.06	171.81
591.06	171.81
591.06	171.81
591.06	171.81
595.54	164.64
601.5	154.6
607.47	140.25
611.95	128.78
616.42	121.6
617.91	118.73
619.41	117.3
620.9	117.3
622.39	117.3
622.39	117.3
622.39	117.3
622.39	117.3
622.39	117.3
619.41	117.3
597.03	118.73
550.79	115.87
497.08	107.26
459.79	94.35
443.38	87.18
437.41	81.44
437.41	80
435.92	78.57
435.92	78.57
435.92	77.14
435.92	75.7
435.92	75.7
435.92	75.7
435.92	75.7
435.92	75.7
438.9	81.44
455.31	95.78
479.18	117.3
503.05	138.82
523.93	156.03
541.83	170.38
561.23	184.72
577.64	197.63
592.55	209.11
603	217.71
616.42	224.88
623.88	229.19
629.85	229.19
629.85	229.19
625.37	226.32
614.93	216.28
598.52	207.67
577.64	196.2
561.23	189.02
556.75	187.59
556.75	187.59
556.75	187.59
556.75	187.59
556.75	187.59
556.75	187.59
556.75	187.59
556.75	187.59
556.75	187.59
556.75	187.59
565.7	187.59
574.65	190.46
588.08	193.33
591.06	193.33
591.06	194.76
591.06	194.76
591.06	194.76
594.05	194.76
600.01	200.5
604.49	207.67
610.45	216.28
611.95	223.45
613.44	229.19
613.44	232.06
613.44	233.49
613.44	234.93
613.44	236.36
614.93	240.66
616.42	244.97
617.91	250.7
619.41	256.44
620.9	259.31
620.9	269.35
622.39	275.09
623.88	282.26
625.37	288
626.86	293.74
628.36	296.61
631.34	299.48
631.34	299.48
631.34	299.48
631.34	299.48
646.26	295.17
674.6	280.83
698.47	262.18
711.89	247.84
717.86	234.93
722.34	214.84
725.32	193.33
725.32	171.81
725.32	158.9
725.32	151.73
725.32	151.73
725.32	151.73
725.32	151.73
725.32	151.73
717.86	166.07
707.42	184.72
702.94	197.63
692.5	214.84
686.53	224.88
679.07	229.19
664.16	232.06
638.8	229.19
619.41	222.02
608.96	213.41
608.96	213.41
608.96	213.41
610.45	213.41
622.39	211.97
623.88	211.97
623.88	211.97
623.88	211.97
622.39	211.97
610.45	207.67
591.06	206.24
568.69	204.8
547.8	204.8
543.33	204.8
541.83	206.24
541.83	206.24
540.34	206.24
540.34	206.24
540.34	206.24
540.34	206.24
540.34	207.67
540.34	207.67
541.83	209.11
541.83	209.11
541.83	209.11
541.83	209.11
541.83	209.11
541.83	209.11
541.83	209.11
541.83	209.11
541.83	209.11
541.83	209.11
538.85	213.41
534.38	222.02
528.41	230.62
522.44	237.79
517.97	243.53
510.51	252.14
503.05	262.18
495.59	270.79
489.62	275.09
488.13	277.96
485.15	277.96
482.17	279.39
482.17	279.39
482.17	279.39
482.17	275.09
488.13	262.18
510.51	240.66
534.38	224.88
544.82	216.28
546.31	216.28
546.31	216.28
546.31	216.28
546.31	216.28
546.31	216.28
546.31	216.28
546.31	216.28
549.29	214.84
562.72	209.11
574.65	204.8
588.08	200.5
597.03	197.63
600.01	197.63
600.01	197.63
600.01	197.63
600.01	197.63
600.01	197.63
600.01	197.63
594.05	196.2
577.64	193.33
558.24	189.02
538.85	183.29
525.43	181.85
525.43	181.85
525.43	181.85
525.43	181.85
525.43	181.85
525.43	181.85
519.46	183.29
504.54	189.02
491.12	193.33
476.2	199.06
465.76	201.93
458.3	204.8
453.82	207.67
452.33	207.67
452.33	207.67
452.33	207.67
452.33	207.67
452.33	207.67
452.33	207.67
452.33	207.67
455.31	211.97
464.26	216.28
480.67	220.58
491.12	220.58
501.56	220.58
510.51	219.15
516.48	217.71
517.97	216.28
519.46	214.84
519.46	214.84
519.46	214.84
519.46	214.84
519.46	214.84
519.46	214.84
519.46	214.84
519.46	214.84
519.46	214.84
519.46	214.84
519.46	214.84
519.46	214.84
519.46	214.84
519.46	214.84
519.46	214.84
519.46	214.84
519.46	214.84
519.46	214.84
519.46	214.84
519.46	214.84
519.46	214.84
519.46	214.84
519.46	214.84
519.46	214.84
519.46	214.84
519.46	214.84
519.46	214.84
519.46	214.84
519.46	214.84
519.46	214.84
519.46	214.84
519.46	214.84
519.46	214.84
519.46	214.84
519.46	214.84
519.46	214.84
519.46	214.84
519.46	214.84
519.46	214.84
519.46	214.84
519.46	214.84
519.46	214.84
519.46	214.84
519.46	214.84
519.46	214.84
519.46	214.84
519.46	214.84
519.46	214.84
519.46	214.84
519.46	214.84
519.46	214.84
519.46	214.84
519.46	214.84
519.46	214.84
519.46	214.84
519.46	214.84
519.46	214.84
519.46	214.84
519.46	214.84
525.43	216.28
531.39	217.71
538.85	219.15
543.33	220.58
546.31	220.58
549.29	220.58
555.26	220.58
564.21	222.02
573.16	222.02
585.1	222.02
598.52	222.02
608.96	220.58
617.91	220.58
623.88	220.58
626.86	220.58
628.36	220.58
628.36	220.58
629.85	220.58
631.34	220.58
631.34	220.58
631.34	220.58
631.34	220.58
629.85	220.58
610.45	216.28
589.57	211.97
568.69	206.24
553.77	200.5
540.34	194.76
534.38	189.02
529.9	181.85
526.92	173.24
523.93	166.07
516.48	157.47
509.02	147.42
500.07	140.25
494.1	135.95
489.62	133.08
488.13	131.64
488.13	131.64
488.13	131.64
488.13	131.64
488.13	131.64
488.13	131.64
488.13	131.64
488.13	131.64
488.13	131.64
488.13	131.64
488.13	131.64
488.13	133.08
488.13	133.08
488.13	133.08
488.13	133.08
488.13	133.08
488.13	133.08
488.13	133.08
488.13	133.08
488.13	133.08
488.13	133.08
488.13	134.51
488.13	134.51
488.13	134.51
488.13	134.51
488.13	134.51
488.13	134.51
488.13	134.51
488.13	134.51
488.13	134.51
488.13	134.51
485.15	134.51
476.2	133.08
467.25	130.21
458.3	124.47
449.35	120.17
441.89	117.3
438.9	117.3
438.9	117.3
438.9	117.3
435.92	115.87
429.95	115.87
421	115.87
412.05	117.3
401.61	117.3
395.64	118.73
392.66	118.73
389.68	118.73
389.68	118.73
388.19	118.73
388.19	118.73
388.19	118.73
388.19	118.73
388.19	118.73
388.19	118.73
388.19	118.73
388.19	118.73
388.19	118.73
388.19	118.73
388.19	118.73
388.19	118.73
388.19	118.73
388.19	118.73
388.19	118.73
388.19	118.73
388.19	118.73
388.19	118.73
388.19	118.73
388.19	118.73
388.19	118.73
388.19	118.73
388.19	118.73
388.19	118.73
388.19	118.73
391.17	117.3
401.61	108.69
413.55	100.09
419.51	95.78
422.5	95.78
426.97	95.78
429.95	95.78
435.92	97.22
444.87	98.65
464.26	101.52
482.17	102.96
506.03	102.96
528.41	102.96
549.29	102.96
562.72	104.39
574.65	104.39
585.1	104.39
592.55	104.39
592.55	105.82
591.06	107.26
579.13	110.13
565.7	114.43
558.24	117.3
558.24	118.73
556.75	131.64
556.75	153.16
556.75	176.11
558.24	189.02
559.74	196.2
561.23	200.5
562.72	203.37
564.21	206.24
564.21	206.24
564.21	206.24
564.21	206.24
564.21	206.24
564.21	206.24
553.77	210.54
538.85	213.41
512	217.71
492.61	220.58
476.2	223.45
470.23	224.88
468.74	226.32
468.74	226.32
467.25	226.32
467.25	226.32
467.25	226.32
467.25	226.32
467.25	226.32
467.25	226.32
467.25	226.32
467.25	226.32
467.25	226.32
467.25	226.32
464.26	226.32
446.36	229.19
426.97	229.19
406.09	223.45
392.66	214.84
382.22	199.06
376.25	183.29
374.76	167.51
377.74	151.73
389.68	138.82
395.64	135.95
397.14	135.95
397.14	135.95
397.14	135.95
397.14	135.95
397.14	135.95
397.14	135.95
397.14	135.95
397.14	135.95
392.66	138.82
373.27	147.42
344.93	157.47
315.09	167.51
300.17	171.81
295.7	173.24
295.7	173.24
295.7	173.24
295.7	173.24
295.7	173.24
295.7	173.24
294.21	173.24
279.29	176.11
264.37	177.55
252.44	177.55
247.96	177.55
239.01	178.98
225.59	178.98
212.16	180.42
192.77	180.42
180.83	181.85
168.9	181.85
156.97	183.29
152.49	184.72
152.49	186.15
151	189.02
151	196.2
152.49	204.8
165.92	214.84
197.24	223.45
233.04	226.32
264.37	226.32
265.86	224.88
259.9	220.58
230.06	213.41
194.26	213.41
162.93	217.71
153.98	222.02
153.98	222.02
153.98	222.02
156.97	223.45
173.38	227.75
191.28	233.49
207.69	236.36
227.08	237.79
237.52	239.23
244.98	236.36
249.45	233.49
250.95	232.06
250.95	232.06
250.95	232.06
250.95	232.06
250.95	232.06
250.95	232.06
250.95	232.06
261.39	230.62
282.27	227.75
324.04	222.02
389.68	209.11
459.79	196.2
498.57	190.46
525.43	187.59
526.92	187.59
526.92	187.59
526.92	187.59
526.92	187.59
526.92	187.59
526.92	187.59
525.43	187.59
517.97	187.59
498.57	184.72
473.21	178.98
456.81	174.68
453.82	173.24
452.33	173.24
452.33	173.24
452.33	173.24
452.33	173.24
453.82	173.24
453.82	173.24
453.82	173.24
453.82	173.24
453.82	173.24
453.82	173.24
458.3	174.68
464.26	176.11
468.74	177.55
479.18	180.42
483.66	181.85
485.15	181.85
485.15	181.85
485.15	181.85
485.15	181.85
485.15	181.85
485.15	181.85
485.15	181.85
485.15	181.85
485.15	181.85
485.15	181.85
485.15	181.85
485.15	181.85
485.15	181.85
485.15	181.85
485.15	181.85
485.15	181.85
485.15	181.85
485.15	181.85
485.15	181.85
485.15	181.85
485.15	181.85
485.15	181.85
485.15	181.85
485.15	183.29
485.15	183.29
485.15	183.29
485.15	183.29
489.62	184.72
500.07	189.02
510.51	191.89
514.98	193.33
514.98	193.33
514.98	193.33
514.98	193.33
514.98	193.33
513.49	196.2
509.02	203.37
501.56	211.97
491.12	220.58
482.17	227.75
476.2	233.49
471.72	236.36
468.74	237.79
467.25	239.23
465.76	240.66
464.26	242.1
462.77	243.53
461.28	244.97
458.3	246.4
455.31	249.27
449.35	253.57
440.4	257.88
426.97	266.48
413.55	272.22
401.61	276.52
392.66	279.39
383.71	280.83
377.74	280.83
367.3	279.39
350.89	276.52
328.52	275.09
319.57	275.09
319.57	275.09
319.57	275.09
319.57	276.52
316.58	288
316.58	306.65
318.07	322.43
322.55	346.81
327.02	368.33
330.01	385.54
331.5	395.58
331.5	402.76
331.5	409.93
327.02	418.53
322.55	424.27
319.57	427.14
318.07	428.58
316.58	430.01
316.58	430.01
315.09	430.01
315.09	430.01
313.6	430.01
313.6	431.44
313.6	431.44
313.6	431.44
313.6	431.44
309.12	428.58
295.7	407.06
267.35	365.46
237.52	316.69
210.67	265.05
194.26	224.88
182.33	180.42
180.83	151.73
180.83	130.21
183.82	117.3
183.82	117.3
183.82	117.3
183.82	117.3
183.82	117.3
180.83	118.73
177.85	121.6
162.93	124.47
140.56	127.34
127.13	127.34
122.66	127.34
122.66	127.34
122.66	127.34
122.66	127.34
127.13	125.91
128.62	124.47
130.11	124.47
143.54	124.47
164.42	133.08
182.33	161.77
195.75	216.28
200.23	253.57
201.72	283.7
203.21	302.34
207.69	315.25
213.65	328.16
224.09	341.07
243.49	361.16
267.35	384.11
286.75	398.45
301.66	404.19
310.62	405.62
315.09	405.62
315.09	405.62
315.09	405.62
316.58	405.62
316.58	402.76
321.06	399.89
344.93	389.85
376.25	382.67
389.68	379.8
389.68	379.8
377.74	369.76
338.96	356.85
310.62	353.98
292.71	352.55
286.75	352.55
286.75	352.55
286.75	352.55
286.75	352.55
286.75	352.55
286.75	352.55
292.71	355.42
313.6	361.16
338.96	364.03
362.83	366.89
374.76	368.33
376.25	368.33
380.73	369.76
389.68	372.63
398.63	375.5
400.12	375.5
401.61	375.5
401.61	375.5
401.61	375.5
401.61	375.5
400.12	375.5
395.64	376.94
391.17	376.94
389.68	376.94
386.69	375.5
383.71	371.2
382.22	349.68
388.19	315.25
400.12	280.83
412.05	247.84
423.99	226.32
438.9	209.11
441.89	204.8
441.89	203.37
440.4	199.06
434.43	194.76
432.94	191.89
431.45	189.02
429.95	183.29
425.48	171.81
422.5	161.77
418.02	145.99
418.02	128.78
418.02	115.87
418.02	110.13
419.51	108.69
422.5	107.26
425.48	105.82
425.48	104.39
425.48	104.39
426.97	123.04
428.46	160.33
429.95	189.02
435.92	207.67
446.36	219.15
455.31	223.45
470.23	227.75
491.12	229.19
517.97	222.02
540.34	213.41
553.77	204.8
564.21	197.63
565.7	197.63
565.7	197.63
565.7	197.63
565.7	197.63
565.7	201.93
568.69	250.7
571.67	346.81
577.64	435.75
579.13	475.91
579.13	488.82
579.13	488.82
579.13	488.82
580.62	487.39
592.55	477.35
605.98	468.74
614.93	464.44
617.91	463
626.86	463
638.8	463
659.68	463
686.53	461.57
710.4	460.13
723.83	460.13
725.32	460.13
722.34	460.13
689.52	465.87
623.88	473.04
534.38	478.78
467.25	480.22
400.12	477.35
355.37	471.61
332.99	464.44
331.5	463
331.5	463
331.5	460.13
335.97	451.53
344.93	441.49
356.86	428.58
370.28	414.23
389.68	397.02
404.59	386.98
412.05	379.8
415.04	375.5
415.04	372.63
415.04	359.72
416.53	336.77
422.5	305.21
440.4	260.75
455.31	223.45
468.74	191.89
477.69	170.38
483.66	158.9
485.15	156.03
485.15	156.03
485.15	156.03
485.15	156.03
485.15	156.03
485.15	156.03
485.15	156.03
485.15	156.03
485.15	156.03
485.15	156.03
485.15	156.03
485.15	156.03
485.15	156.03
486.64	167.51
486.64	176.11
486.64	177.55
486.64	177.55
491.12	181.85
512	193.33
534.38	203.37
550.79	207.67
559.74	210.54
571.67	209.11
586.59	204.8
600.01	201.93
605.98	200.5
610.45	201.93
620.9	203.37
634.32	209.11
647.75	217.71
661.17	230.62
668.63	242.1
676.09	249.27
677.58	250.7
679.07	252.14
680.57	252.14
680.57	255.01
682.06	260.75
682.06	269.35
682.06	280.83
676.09	292.3
662.67	305.21
631.34	318.12
604.49	325.3
589.57	325.3
589.57	325.3
589.57	325.3
589.57	325.3
589.57	325.3
589.57	325.3
589.57	325.3
589.57	325.3
589.57	325.3
589.57	325.3
589.57	325.3
589.57	325.3
589.57	325.3
589.57	325.3
589.57	325.3
589.57	325.3
589.57	325.3
589.57	325.3
589.57	325.3
589.57	325.3
589.57	325.3
589.57	325.3
589.57	325.3
589.57	325.3
589.57	325.3
589.57	325.3
589.57	325.3
589.57	325.3
589.57	325.3
589.57	325.3
589.57	325.3
589.57	325.3
589.57	325.3
589.57	325.3
585.1	325.3
577.64	325.3
573.16	323.86
571.67	322.43
559.74	298.04
544.82	270.79
529.9	244.97
514.98	223.45
507.52	213.41
506.03	211.97
506.03	211.97
506.03	211.97
504.54	211.97
489.62	217.71
462.77	230.62
432.94	244.97
416.53	250.7
415.04	250.7
415.04	250.7
415.04	250.7
418.02	250.7
447.86	242.1
482.17	233.49
504.54	229.19
519.46	227.75
519.46	227.75
519.46	227.75
519.46	227.75
519.46	227.75
519.46	227.75
519.46	227.75
519.46	227.75
519.46	227.75
519.46	227.75
523.93	227.75
556.75	230.62
617.91	230.62
680.57	233.49
720.84	236.36
735.76	237.79
735.76	237.79
735.76	237.79
735.76	237.79
735.76	237.79
731.29	239.23
719.35	243.53
714.88	246.4
714.88	246.4
714.88	246.4
714.88	246.4
714.88	246.4
717.86	246.4
720.84	246.4
722.34	244.97
731.29	239.23
749.19	230.62
767.09	224.88
780.51	224.88
783.5	224.88
789.46	224.88
796.92	226.32
799.91	226.32
802.89	227.75
802.89	227.75
798.41	237.79
771.56	247.84
722.34	249.27
662.67	247.84
611.95	244.97
562.72	243.53
537.36	243.53
534.38	243.53
534.38	243.53
534.38	243.53
534.38	243.53
534.38	243.53
534.38	243.53
534.38	243.53
534.38	243.53
522.44	247.84
494.1	252.14
467.25	260.75
434.43	276.52
409.07	289.43
374.76	302.34
338.96	309.52
304.65	315.25
273.32	322.43
267.35	325.3
267.35	325.3
265.86	332.47
261.39	339.64
261.39	342.51
261.39	342.51
261.39	342.51
261.39	342.51
261.39	342.51
270.34	328.16
289.73	302.34
325.53	266.48
362.83	234.93
391.17	220.58
406.09	214.84
416.53	211.97
425.48	209.11
441.89	201.93
467.25	190.46
486.64	181.85
492.61	178.98
498.57	176.11
507.52	168.94
516.48	160.33
525.43	153.16
532.88	148.86
534.38	147.42
534.38	147.42
534.38	147.42
534.38	147.42
534.38	147.42
534.38	147.42
534.38	147.42
534.38	147.42
534.38	147.42
534.38	147.42
534.38	147.42
534.38	147.42
534.38	147.42
534.38	147.42
537.36	154.6
544.82	173.24
555.26	206.24
573.16	257.88
586.59	289.43
595.54	306.65
597.03	315.25
597.03	326.73
597.03	329.6
597.03	329.6
597.03	329.6
597.03	329.6
597.03	329.6
585.1	322.43
585.1	309.52
591.06	296.61
616.42	280.83
644.76	269.35
655.21	263.61
655.21	262.18
652.22	256.44
635.81	249.27
611.95	237.79
589.57	227.75
570.18	220.58
556.75	216.28
547.8	214.84
528.41	214.84
503.05	217.71
482.17	220.58
459.79	222.02
450.84	222.02
449.35	222.02
449.35	222.02
449.35	222.02
449.35	222.02
449.35	222.02
449.35	222.02
434.43	227.75
392.66	234.93
325.53	233.49
274.81	226.32
258.4	220.58
256.91	220.58
256.91	220.58
256.91	220.58
256.91	220.58
256.91	220.58
256.91	220.58
256.91	220.58
256.91	220.58
256.91	220.58
268.85	217.71
301.66	211.97
344.93	201.93
392.66	190.46
413.55	187.59
415.04	187.59
415.04	187.59
415.04	187.59
415.04	187.59
415.04	187.59
421	187.59
426.97	187.59
431.45	187.59
435.92	187.59
446.36	186.15
464.26	186.15
482.17	184.72
491.12	183.29
504.54	180.42
517.97	177.55
525.43	176.11
526.92	176.11
526.92	176.11
526.92	176.11
526.92	176.11
517.97	176.11
474.71	177.55
423.99	171.81
361.33	164.64
298.68	154.6
259.9	145.99
234.54	140.25
225.59	137.38
207.69	131.64
191.28	127.34
182.33	124.47
179.34	123.04
179.34	121.6
182.33	114.43
200.23	105.82
227.08	100.09
236.03	97.22
242	94.35
256.91	81.44
277.8	62.79
285.26	54.18
307.63	36.97
310.62	35.54
310.62	35.54
321.06	39.84
335.97	45.58
358.35	54.18
418.02	67.09
538.85	82.87
676.09	105.82
838.69	143.12
910.29	164.64
917.75	166.07
917.75	166.07
925.21	166.07
938.64	161.77
941.62	160.33
941.62	160.33
941.62	160.33
941.62	158.9
934.16	134.51
911.79	108.69
877.48	82.87
861.07	75.7
859.58	75.7
850.62	77.14
841.67	80
840.18	80
840.18	80
838.69	85.74
832.72	102.96
831.23	117.3
829.74	125.91
829.74	128.78
829.74	128.78
829.74	128.78
829.74	128.78
829.74	130.21
829.74	144.56
828.25	156.03
828.25	164.64
828.25	164.64
828.25	164.64
828.25	164.64
828.25	164.64
828.25	164.64
828.25	164.64
828.25	164.64
789.46	178.98
692.5	191.89
567.19	184.72
449.35	160.33
312.11	114.43
228.57	78.57
203.21	64.23
201.72	62.79
201.72	62.79
201.72	62.79
204.7	62.79
206.19	62.79
210.67	62.79
230.06	58.49
250.95	55.62
274.81	55.62
285.26	58.49
285.26	59.92
285.26	59.92
285.26	59.92
285.26	59.92
285.26	59.92
285.26	59.92
288.24	78.57
295.7	105.82
315.09	150.29
344.93	213.41
361.33	265.05
362.83	285.13
356.86	288
335.97	289.43
304.65	280.83
282.27	266.48
274.81	249.27
273.32	229.19
276.31	216.28
280.78	209.11
285.26	206.24
285.26	206.24
285.26	206.24
288.24	206.24
291.22	207.67
298.68	214.84
310.62	234.93
325.53	269.35
341.94	306.65
356.86	339.64
359.84	348.25
359.84	348.25
359.84	348.25
359.84	348.25
365.81	345.38
394.15	329.6
425.48	310.95
447.86	296.61
468.74	283.7
477.69	276.52
477.69	275.09
477.69	275.09
477.69	275.09
477.69	275.09
477.69	275.09
477.69	275.09
477.69	275.09
477.69	275.09
477.69	275.09
477.69	275.09
477.69	275.09
477.69	275.09
477.69	275.09
477.69	275.09
477.69	275.09
477.69	275.09
477.69	275.09
477.69	276.52
477.69	276.52
477.69	276.52
474.71	263.61
456.81	230.62
432.94	199.06
415.04	176.11
403.1	157.47
400.12	151.73
400.12	147.42
403.1	144.56
409.07	138.82
412.05	137.38
412.05	137.38
412.05	137.38
412.05	137.38
412.05	137.38
412.05	137.38
416.53	138.82
432.94	150.29
450.84	164.64
455.31	168.94
455.31	168.94
455.31	168.94
455.31	168.94
455.31	168.94
455.31	168.94
455.31	168.94
455.31	168.94
455.31	168.94
456.81	170.38
461.28	177.55
464.26	184.72
465.76	190.46
465.76	197.63
465.76	209.11
462.77	219.15
459.79	233.49
455.31	244.97
453.82	257.88
452.33	267.92
450.84	273.66
450.84	279.39
450.84	285.13
449.35	295.17
449.35	303.78
450.84	313.82
452.33	323.86
453.82	332.47
456.81	342.51
461.28	353.98
464.26	362.59
468.74	374.07
471.72	384.11
473.21	384.11
473.21	384.11
473.21	384.11
473.21	384.11
473.21	384.11
473.21	384.11
473.21	384.11
473.21	384.11
473.21	384.11
473.21	384.11
471.72	382.67
455.31	351.12
421	298.04
371.78	229.19
352.38	189.02
350.89	178.98
358.35	176.11
379.24	176.11
413.55	187.59
443.38	204.8
470.23	223.45
483.66	239.23
500.07	266.48
513.49	296.61
520.95	318.12
528.41	332.47
540.34	352.55
553.77	374.07
567.19	395.58
570.18	404.19
570.18	404.19
570.18	404.19
570.18	404.19
556.75	392.71
540.34	348.25
534.38	305.21
531.39	277.96
532.88	259.31
535.87	255.01
537.36	255.01
538.85	255.01
543.33	283.7
544.82	316.69
544.82	349.68
541.83	366.89
540.34	371.2
540.34	371.2
540.34	371.2
540.34	371.2
540.34	371.2
540.34	371.2
540.34	371.2
540.34	371.2
537.36	371.2
534.38	369.76
528.41	365.46
517.97	356.85
509.02	349.68
500.07	338.21
489.62	323.86
480.67	302.34
474.71	282.26
470.23	253.57
468.74	233.49
474.71	219.15
477.69	211.97
477.69	211.97
477.69	211.97
477.69	211.97
477.69	217.71
477.69	219.15
477.69	220.58
483.66	233.49
498.57	265.05
513.49	300.91
520.95	328.16
522.44	343.94
522.44	349.68
522.44	351.12
522.44	351.12
514.98	349.68
492.61	336.77
477.69	315.25
447.86	265.05
428.46	220.58
421	196.2
419.51	187.59
416.53	177.55
401.61	163.2
391.17	148.86
380.73	140.25
380.73	138.82
380.73	138.82
380.73	138.82
380.73	138.82
380.73	138.82
380.73	138.82
380.73	138.82
380.73	138.82
380.73	138.82
380.73	138.82
380.73	138.82
380.73	138.82
380.73	138.82
380.73	138.82
383.71	140.25
386.69	141.69
388.19	143.12
395.64	145.99
410.56	150.29
438.9	151.73
473.21	145.99
485.15	140.25
491.12	135.95
492.61	134.51
492.61	134.51
480.67	128.78
468.74	123.04
449.35	120.17
435.92	118.73
429.95	118.73
426.97	118.73
423.99	118.73
423.99	118.73
423.99	118.73
423.99	118.73
423.99	118.73
428.46	121.6
438.9	125.91
449.35	131.64
465.76	135.95
474.71	140.25
474.71	140.25
474.71	140.25
474.71	140.25
474.71	145.99
471.72	158.9
467.25	168.94
464.26	174.68
462.77	174.68
462.77	174.68
462.77	174.68
462.77	174.68
462.77	177.55
461.28	193.33
461.28	216.28
468.74	240.66
483.66	257.88
507.52	269.35
553.77	267.92
604.49	256.44
629.85	250.7
635.81	249.27
635.81	249.27
635.81	250.7
632.83	265.05
629.85	276.52
628.36	276.52
628.36	276.52
628.36	276.52
625.37	276.52
619.41	273.66
614.93	267.92
614.93	262.18
614.93	259.31
616.42	249.27
622.39	232.06
628.36	209.11
634.32	189.02
632.83	170.38
625.37	154.6
622.39	147.42
614.93	137.38
605.98	131.64
600.01	130.21
579.13	150.29
537.36	194.76
494.1	232.06
440.4	269.35
386.69	299.48
350.89	312.39
331.5	313.82
309.12	305.21
274.81	273.66
228.57	207.67
189.78	138.82
168.9	91.48
156.97	57.05
156.97	47.01
156.97	47.01
156.97	47.01
156.97	51.32
152.49	87.18
146.52	181.85
146.52	273.66
148.02	323.86
148.02	335.34
148.02	335.34
149.51	331.03
170.39	292.3
207.69	252.14
249.45	226.32
309.12	200.5
373.27	180.42
438.9	167.51
482.17	166.07
492.61	164.64
492.61	164.64
492.61	164.64
492.61	164.64
492.61	164.64
492.61	164.64
492.61	164.64
492.61	164.64
482.17	164.64
462.77	166.07
444.87	166.07
435.92	166.07
434.43	166.07
434.43	166.07
434.43	166.07
434.43	166.07
434.43	166.07
434.43	166.07
434.43	166.07
434.43	166.07
434.43	166.07
434.43	166.07
434.43	166.07
434.43	166.07
434.43	166.07
434.43	166.07
423.99	174.68
401.61	193.33
374.76	210.54
349.4	223.45
332.99	230.62
322.55	233.49
313.6	234.93
307.63	234.93
307.63	234.93
307.63	233.49
327.02	220.58
386.69	207.67
456.81	204.8
512	209.11
534.38	211.97
535.87	213.41
534.38	214.84
517.97	229.19
494.1	246.4
452.33	283.7
418.02	313.82
383.71	336.77
368.79	343.94
364.32	345.38
356.86	346.81
343.43	348.25
334.48	349.68
325.53	349.68
313.6	339.64
306.14	322.43
310.62	288
330.01	252.14
358.35	222.02
389.68	194.76
415.04	173.24
426.97	158.9
435.92	147.42
444.87	137.38
447.86	135.95
447.86	135.95
447.86	135.95
447.86	135.95
447.86	135.95
444.87	150.29
438.9	183.29
432.94	237.79
429.95	276.52
428.46	296.61
428.46	303.78
428.46	306.65
428.46	306.65
428.46	306.65
428.46	306.65
428.46	306.65
434.43	293.74
461.28	267.92
501.56	242.1
544.82	223.45
585.1	211.97
614.93	207.67
644.76	206.24
659.68	204.8
673.11	201.93
685.04	197.63
689.52	196.2
698.47	194.76
716.37	190.46
735.76	189.02
759.63	187.59
771.56	187.59
782	189.02
789.46	191.89
792.45	193.33
792.45	193.33
792.45	193.33
792.45	193.33
792.45	193.33
792.45	193.33
792.45	193.33
792.45	193.33
792.45	193.33
792.45	193.33
792.45	193.33
792.45	193.33
792.45	193.33
792.45	194.76
776.04	233.49
713.38	298.04
655.21	355.42
607.47	389.85
556.75	427.14
556.75	427.14
556.75	427.14
556.75	427.14
556.75	427.14
556.75	427.14
550.79	419.97
453.82	329.6
395.64	305.21
394.15	303.78
418.02	289.43
446.36	270.79
458.3	253.57
468.74	233.49
473.21	226.32
473.21	226.32
473.21	226.32
473.21	226.32
473.21	226.32
473.21	226.32
473.21	226.32
473.21	226.32
473.21	226.32
476.2	224.88
491.12	213.41
516.48	189.02
537.36	161.77
546.31	135.95
549.29	115.87
549.29	102.96
550.79	97.22
550.79	95.78
550.79	95.78
550.79	95.78
550.79	95.78
550.79	95.78
550.79	95.78
552.28	110.13
544.82	168.94
531.39	213.41
507.52	237.79
486.64	243.53
464.26	243.53
440.4	236.36
418.02	226.32
382.22	207.67
353.88	196.2
343.43	194.76
343.43	194.76
343.43	194.76
337.47	209.11
334.48	223.45
331.5	234.93
331.5	237.79
331.5	237.79
331.5	237.79
344.93	222.02
386.69	189.02
440.4	160.33
482.17	143.12
514.98	134.51
528.41	131.64
528.41	131.64
528.41	131.64
528.41	131.64
528.41	137.38
523.93	161.77
523.93	189.02
534.38	213.41
552.28	233.49
576.14	250.7
586.59	257.88
588.08	257.88
591.06	256.44
598.52	237.79
603	200.5
603	161.77
604.49	140.25
604.49	130.21
603	130.21
603	130.21
603	131.64
592.55	154.6
580.62	178.98
568.69	191.89
553.77	203.37
544.82	203.37
540.34	203.37
538.85	203.37
537.36	201.93
535.87	201.93
529.9	201.93
520.95	201.93
504.54	207.67
488.13	214.84
476.2	219.15
464.26	223.45
453.82	226.32
446.36	229.19
441.89	232.06
437.41	233.49
431.45	236.36
423.99	240.66
412.05	250.7
394.15	270.79
373.27	299.48
364.32	315.25
361.33	325.3
361.33	329.6
361.33	329.6
362.83	331.03
364.32	333.9
365.81	336.77
365.81	336.77
365.81	336.77
367.3	341.07
367.3	351.12
367.3	371.2
370.28	402.76
373.27	427.14
379.24	454.4
388.19	481.65
398.63	504.6
410.56	524.68
426.97	543.33
446.36	551.94
477.69	551.94
544.82	523.25
637.31	471.61
707.42	419.97
779.02	353.98
835.71	296.61
878.97	253.57
898.36	230.62
901.34	226.32
901.34	226.32
901.34	226.32
901.34	226.32
893.89	236.36
864.05	279.39
804.38	369.76
696.98	543.33
0	0
0	0
0	0
0	0
0	0
471.72	464.44
404.59	352.55
365.81	285.13
340.45	240.66
337.47	232.06
337.47	232.06
338.96	239.23
347.91	252.14
361.33	259.31
376.25	260.75
394.15	257.88
401.61	253.57
401.61	246.4
388.19	223.45
361.33	197.63
347.91	168.94
383.71	108.69
438.9	67.09
520.95	57.05
582.11	75.7
601.5	110.13
588.08	164.64
564.21	194.76
532.88	206.24
516.48	204.8
509.02	191.89
504.54	166.07
503.05	138.82
509.02	102.96
520.95	78.57
531.39	67.09
532.88	65.66
532.88	65.66
535.87	65.66
540.34	65.66
541.83	65.66
541.83	65.66
541.83	65.66
540.34	55.62
534.38	32.67
525.43	14.02
520.95	8.28
520.95	8.28
522.44	32.67
531.39	75.7
540.34	104.39
543.33	108.69
543.33	108.69
546.31	108.69
550.79	108.69
553.77	104.39
555.26	102.96
555.26	102.96
555.26	102.96
555.26	102.96
550.79	97.22
541.83	92.91
529.9	90.05
507.52	87.18
483.66	85.74
459.79	85.74
418.02	98.65
377.74	120.17
335.97	145.99
304.65	166.07
291.22	176.11
286.75	180.42
285.26	180.42
285.26	180.42
285.26	180.42
285.26	180.42
289.73	181.85
312.11	183.29
376.25	170.38
452.33	150.29
514.98	135.95
564.21	125.91
594.05	123.04
616.42	123.04
626.86	124.47
628.36	125.91
640.29	133.08
661.17	148.86
699.96	177.55
744.71	206.24
810.35	239.23
881.95	270.79
928.19	288
969.96	290.87
995.32	283.7
998.31	266.48
989.36	226.32
961.01	174.68
895.38	107.26
829.74	62.79
787.97	54.18
765.6	61.36
758.14	69.96
750.68	91.48
747.69	105.82
747.69	110.13
747.69	110.13
747.69	114.43
738.74	144.56
677.58	232.06
568.69	302.34
471.72	325.3
401.61	329.6
322.55	332.47
285.26	332.47
271.83	332.47
271.83	332.47
268.85	315.25
261.39	272.22
246.47	206.24
231.55	131.64
218.13	74.27
209.18	34.1
206.19	12.59
206.19	11.15
206.19	11.15
231.55	28.36
267.35	45.58
316.58	58.49
349.4	65.66
374.76	67.09
397.14	68.53
418.02	71.4
453.82	82.87
492.61	102.96
529.9	123.04
565.7	147.42
592.55	166.07
610.45	180.42
611.95	180.42
611.95	180.42
610.45	180.42
608.96	180.42
607.47	181.85
583.6	196.2
549.29	216.28
514.98	242.1
491.12	262.18
467.25	282.26
464.26	285.13
464.26	285.13
464.26	283.7
479.18	262.18
504.54	214.84
517.97	166.07
516.48	130.21
509.02	110.13
507.52	110.13
507.52	110.13
507.52	110.13
510.51	120.17
510.51	127.34
510.51	130.21
509.02	130.21
507.52	130.21
500.07	128.78
491.12	123.04
488.13	121.6
488.13	121.6
488.13	121.6
495.59	123.04
520.95	137.38
523.93	166.07
497.08	222.02
456.81	257.88
412.05	279.39
389.68	285.13
383.71	286.57
383.71	286.57
383.71	286.57
383.71	285.13
392.66	256.44
418.02	223.45
462.77	194.76
500.07	184.72
522.44	184.72
543.33	186.15
562.72	187.59
588.08	187.59
611.95	186.15
623.88	186.15
626.86	186.15
626.86	187.59
628.36	187.59
629.85	187.59
632.83	190.46
643.27	197.63
658.19	207.67
677.58	222.02
696.98	239.23
705.93	253.57
705.93	260.75
692.5	265.05
644.76	252.14
592.55	223.45
537.36	190.46
485.15	167.51
473.21	164.64
471.72	164.64
471.72	166.07
477.69	174.68
480.67	177.55
480.67	177.55
480.67	177.55
480.67	176.11
483.66	158.9
489.62	130.21
492.61	114.43
495.59	105.82
498.57	102.96
510.51	94.35
528.41	82.87
537.36	78.57
541.83	78.57
541.83	78.57
541.83	78.57
541.83	78.57
541.83	78.57
541.83	80
541.83	82.87
541.83	85.74
541.83	85.74
541.83	85.74
541.83	85.74
541.83	85.74
541.83	85.74
541.83	85.74
537.36	91.48
523.93	97.22
516.48	100.09
509.02	102.96
495.59	107.26
486.64	110.13
483.66	110.13
483.66	110.13
483.66	110.13
483.66	111.56
488.13	113
504.54	118.73
526.92	121.6
541.83	124.47
549.29	125.91
552.28	127.34
552.28	127.34
552.28	127.34
552.28	127.34
552.28	127.34
552.28	127.34
547.8	127.34
540.34	127.34
531.39	127.34
528.41	127.34
525.43	127.34
517.97	128.78
510.51	131.64
501.56	133.08
486.64	135.95
476.2	138.82
467.25	140.25
465.76	141.69
465.76	141.69
465.76	141.69
465.76	141.69
465.76	141.69
465.76	141.69
465.76	141.69
465.76	141.69
465.76	141.69
465.76	141.69
465.76	143.12
461.28	166.07
455.31	190.46
452.33	201.93
447.86	210.54
443.38	216.28
440.4	219.15
440.4	219.15
440.4	219.15
440.4	219.15
440.4	219.15
443.38	220.58
461.28	220.58
488.13	220.58
529.9	216.28
568.69	216.28
592.55	219.15
600.01	222.02
600.01	222.02
601.5	222.02
601.5	222.02
601.5	222.02
601.5	222.02
601.5	222.02
601.5	226.32
603	230.62
603	232.06
604.49	233.49
604.49	234.93
605.98	249.27
600.01	275.09
595.54	292.3
592.55	302.34
592.55	305.21
592.55	306.65
592.55	306.65
592.55	306.65
592.55	306.65
592.55	306.65
592.55	306.65
592.55	306.65
592.55	302.34
595.54	276.52
604.49	243.53
613.44	201.93
611.95	174.68
604.49	166.07
604.49	164.64
604.49	164.64
604.49	164.64
604.49	164.64
604.49	164.64
597.03	164.64
580.62	161.77
546.31	157.47
504.54	154.6
473.21	154.6
449.35	154.6
435.92	154.6
422.5	154.6
418.02	154.6
415.04	156.03
412.05	157.47
410.56	157.47
410.56	157.47
410.56	157.47
410.56	157.47
410.56	157.47
410.56	157.47
410.56	158.9
410.56	160.33
412.05	164.64
422.5	170.38
434.43	176.11
452.33	181.85
462.77	186.15
468.74	189.02
477.69	193.33
488.13	197.63
503.05	204.8
516.48	213.41
528.41	220.58
532.88	223.45
535.87	224.88
538.85	226.32
546.31	230.62
553.77	232.06
564.21	236.36
573.16	237.79
580.62	239.23
583.6	240.66
586.59	240.66
589.57	240.66
591.06	240.66
591.06	240.66
591.06	240.66
591.06	240.66
591.06	240.66
591.06	240.66
591.06	240.66
591.06	240.66
591.06	240.66
591.06	240.66
591.06	240.66
591.06	240.66
591.06	240.66
591.06	240.66
588.08	239.23
567.19	230.62
546.31	223.45
532.88	219.15
525.43	217.71
523.93	217.71
523.93	217.71
513.49	211.97
504.54	186.15
501.56	140.25
504.54	102.96
509.02	90.05
510.51	88.61
510.51	88.61
510.51	88.61
510.51	91.48
510.51	95.78
510.51	101.52
510.51	104.39
509.02	110.13
509.02	124.47
510.51	134.51
513.49	147.42
514.98	154.6
517.97	161.77
523.93	168.94
531.39	176.11
531.39	176.11
531.39	176.11
531.39	177.55
531.39	184.72
529.9	193.33
525.43	201.93
522.44	206.24
522.44	207.67
522.44	207.67
522.44	207.67
522.44	207.67
522.44	207.67
522.44	207.67
529.9	191.89
544.82	164.64
565.7	140.25
582.11	125.91
585.1	123.04
585.1	123.04
585.1	123.04
579.13	117.3
568.69	113
556.75	108.69
544.82	107.26
523.93	104.39
501.56	100.09
485.15	98.65
482.17	98.65
482.17	98.65
482.17	98.65
482.17	98.65
482.17	98.65
482.17	98.65
482.17	98.65
489.62	102.96
501.56	110.13
510.51	114.43
519.46	118.73
537.36	125.91
562.72	134.51
580.62	141.69
589.57	145.99
589.57	147.42
589.57	147.42
579.13	147.42
546.31	143.12
500.07	131.64
458.3	121.6
446.36	118.73
441.89	118.73
441.89	118.73
437.41	118.73
421	117.3
409.07	117.3
397.14	115.87
377.74	115.87
361.33	114.43
343.43	111.56
341.94	111.56
341.94	111.56
341.94	111.56
341.94	111.56
341.94	111.56
341.94	111.56
341.94	111.56
341.94	111.56
330.01	113
312.11	113
300.17	114.43
298.68	114.43
300.17	114.43
324.04	114.43
356.86	115.87
388.19	117.3
431.45	120.17
480.67	124.47
520.95	130.21
555.26	137.38
568.69	140.25
574.65	141.69
574.65	141.69
574.65	141.69
574.65	141.69
574.65	141.69
576.14	143.12
577.64	143.12
577.64	144.56
577.64	144.56
577.64	144.56
577.64	144.56
577.64	144.56
577.64	144.56
562.72	138.82
544.82	130.21
526.92	123.04
517.97	120.17
517.97	120.17
517.97	120.17
517.97	120.17
517.97	120.17
513.49	117.3
507.52	114.43
500.07	113
494.1	111.56
491.12	110.13
489.62	110.13
489.62	110.13
489.62	110.13
489.62	110.13
489.62	110.13
489.62	110.13
489.62	110.13
489.62	110.13
489.62	110.13
489.62	110.13
492.61	114.43
497.08	121.6
500.07	125.91
500.07	128.78
501.56	130.21
504.54	134.51
509.02	140.25
513.49	145.99
514.98	148.86
519.46	154.6
520.95	158.9
523.93	161.77
523.93	163.2
525.43	166.07
526.92	167.51
526.92	170.38
528.41	171.81
528.41	171.81
528.41	171.81
528.41	171.81
504.54	167.51
480.67	156.03
473.21	150.29
473.21	150.29
473.21	150.29
473.21	150.29
473.21	150.29
479.18	151.73
483.66	154.6
486.64	156.03
489.62	173.24
479.18	239.23
444.87	315.25
404.59	364.03
380.73	381.24
362.83	391.28
358.35	392.71
356.86	394.15
356.86	394.15
356.86	394.15
356.86	394.15
349.4	379.8
344.93	336.77
355.37	262.18
385.2	200.5
435.92	144.56
485.15	120.17
522.44	117.3
552.28	118.73
576.14	123.04
611.95	130.21
649.24	144.56
691.01	167.51
717.86	187.59
741.73	220.58
752.17	257.88
755.15	318.12
752.17	376.94
747.69	419.97
743.22	440.05
743.22	445.79
743.22	447.22
743.22	447.22
738.74	440.05
732.78	411.36
717.86	345.38
695.48	276.52
662.67	211.97
632.83	164.64
589.57	113
538.85	65.66
500.07	34.1
482.17	21.19
482.17	19.76
482.17	19.76
476.2	32.67
461.28	71.4
452.33	98.65
443.38	147.42
438.9	184.72
435.92	216.28
435.92	219.15
435.92	219.15
435.92	219.15
438.9	199.06
453.82	156.03
474.71	117.3
489.62	101.52
494.1	100.09
494.1	100.09
497.08	102.96
503.05	111.56
506.03	115.87
506.03	118.73
506.03	118.73
506.03	118.73
506.03	118.73
506.03	118.73
506.03	118.73
506.03	118.73
506.03	118.73
506.03	118.73
506.03	118.73
506.03	118.73
506.03	118.73
506.03	118.73
506.03	118.73
504.54	118.73
503.05	120.17
501.56	120.17
501.56	120.17
501.56	120.17
501.56	120.17
501.56	120.17
501.56	120.17
501.56	120.17
501.56	120.17
501.56	120.17
501.56	120.17
501.56	120.17
501.56	120.17
501.56	120.17
501.56	120.17
501.56	120.17
501.56	120.17
501.56	120.17
501.56	120.17
501.56	120.17
501.56	120.17
501.56	120.17
501.56	120.17
501.56	120.17
501.56	120.17
501.56	120.17
501.56	120.17
501.56	120.17
501.56	120.17
501.56	120.17
501.56	120.17
501.56	120.17
501.56	120.17
501.56	120.17
501.56	120.17
501.56	120.17
501.56	120.17
501.56	120.17
501.56	120.17
501.56	120.17
501.56	120.17
501.56	120.17
501.56	120.17
501.56	120.17
501.56	120.17
501.56	120.17
501.56	120.17
501.56	120.17
501.56	120.17
501.56	120.17
501.56	120.17
501.56	120.17
501.56	120.17
501.56	120.17
501.56	120.17
501.56	120.17
501.56	120.17
501.56	120.17
501.56	120.17
501.56	120.17
501.56	120.17
501.56	120.17
501.56	120.17
501.56	120.17
501.56	120.17
501.56	120.17
501.56	120.17
501.56	120.17
501.56	120.17
501.56	120.17
501.56	120.17
501.56	120.17
501.56	120.17
501.56	120.17
501.56	120.17
501.56	120.17
501.56	120.17
501.56	120.17
501.56	120.17
501.56	120.17
501.56	120.17
501.56	120.17
501.56	120.17
501.56	120.17
501.56	120.17
501.56	120.17
501.56	120.17
501.56	127.34
501.56	147.42
501.56	158.9
503.05	177.55
503.05	184.72
503.05	191.89
503.05	203.37
503.05	222.02
503.05	236.36
503.05	247.84
503.05	255.01
503.05	257.88
503.05	257.88
503.05	257.88
503.05	257.88
503.05	257.88
503.05	257.88
503.05	257.88
503.05	257.88
503.05	257.88
504.54	252.14
520.95	211.97
532.88	174.68
538.85	154.6
540.34	144.56
540.34	143.12
540.34	143.12
540.34	143.12
540.34	143.12
540.34	143.12
540.34	143.12
540.34	143.12
540.34	143.12
540.34	143.12
540.34	143.12
535.87	144.56
520.95	153.16
507.52	161.77
498.57	167.51
491.12	171.81
485.15	173.24
482.17	174.68
480.67	174.68
480.67	174.68
480.67	174.68
480.67	174.68
485.15	174.68
489.62	173.24
491.12	173.24
491.12	173.24
494.1	170.38
500.07	167.51
507.52	164.64
510.51	163.2
513.49	163.2
513.49	163.2
514.98	163.2
522.44	164.64
531.39	168.94
543.33	177.55
555.26	191.89
567.19	210.54
576.14	224.88
586.59	239.23
595.54	255.01
605.98	282.26
623.88	318.12
637.31	342.51
647.75	358.29
652.22	362.59
658.19	365.46
667.14	368.33
677.58	371.2
688.03	371.2
693.99	368.33
696.98	365.46
699.96	361.16
702.94	352.55
711.89	338.21
717.86	326.73
725.32	310.95
731.29	288
731.29	263.61
717.86	239.23
682.06	200.5
652.22	174.68
628.36	158.9
623.88	156.03
623.88	154.6
623.88	154.6
623.88	154.6
623.88	154.6
623.88	154.6
623.88	154.6
626.86	151.73
638.8	143.12
659.68	131.64
677.58	120.17
699.96	108.69
708.91	100.09
710.4	95.78
710.4	94.35
710.4	94.35
710.4	94.35
710.4	94.35
707.42	94.35
682.06	94.35
656.7	94.35
628.36	94.35
600.01	94.35
573.16	92.91
544.82	91.48
510.51	91.48
476.2	91.48
432.94	92.91
379.24	92.91
316.58	88.61
234.54	77.14
161.44	64.23
101.77	54.18
85.36	51.32
85.36	51.32
85.36	51.32
85.36	51.32
86.85	61.36
95.81	97.22
107.74	157.47
118.18	250.7
127.13	319.56
133.1	389.85
136.08	434.31
137.57	460.13
139.07	474.48
140.56	487.39
143.54	504.6
148.02	520.38
152.49	533.29
152.49	534.73
153.98	536.16
153.98	536.16
153.98	536.16
158.46	498.86
180.83	435.75
247.96	300.91
347.91	151.73
407.58	75.7
432.94	47.01
440.4	44.14
458.3	68.53
501.56	184.72
540.34	325.3
552.28	408.49
553.77	421.4
552.28	418.53
526.92	346.81
488.13	200.5
476.2	81.44
483.66	31.23
501.56	19.76
543.33	29.8
620.9	128.78
726.81	336.77
782	451.53
783.5	454.4
755.15	391.28
723.83	247.84
713.38	118.73
719.35	78.57
741.73	69.96
783.5	101.52
853.61	246.4
923.72	412.8
950.57	473.04
952.06	474.48
934.16	438.62
889.41	296.61
864.05	180.42
853.61	104.39
856.59	85.74
856.59	84.31
874.49	131.64
908.8	282.26
916.26	359.72
916.26	375.5
905.82	374.07
829.74	316.69
688.03	196.2
589.57	133.08
529.9	101.52
522.44	98.65
522.44	101.52
520.95	111.56
514.98	123.04
506.03	135.95
488.13	158.9
468.74	181.85
453.82	196.2
452.33	196.2
452.33	196.2
452.33	196.2
459.79	186.15
482.17	168.94
506.03	154.6
537.36	143.12
562.72	137.38
577.64	134.51
580.62	134.51
580.62	134.51
580.62	134.51
580.62	134.51
580.62	134.51
580.62	134.51
580.62	134.51
580.62	134.51
580.62	134.51
580.62	134.51
580.62	134.51
580.62	134.51
580.62	134.51
580.62	134.51
580.62	134.51
580.62	134.51
580.62	134.51
580.62	134.51
580.62	134.51
580.62	133.08
580.62	133.08
580.62	133.08
577.64	133.08
568.69	134.51
561.23	135.95
547.8	148.86
520.95	168.94
483.66	236.36
483.66	236.36
483.66	236.36
483.66	236.36
483.66	236.36
483.66	236.36
483.66	236.36
483.66	236.36
483.66	236.36
486.64	233.49
479.18	199.06
467.25	184.72
467.25	184.72
467.25	184.72
467.25	184.72
467.25	184.72
467.25	184.72
467.25	183.29
467.25	183.29
467.25	183.29
467.25	183.29
467.25	183.29
467.25	183.29
467.25	183.29
467.25	183.29
467.25	183.29
470.23	178.98
480.67	163.2
497.08	144.56
512	131.64
519.46	127.34
522.44	125.91
522.44	125.91
522.44	125.91
522.44	125.91
522.44	125.91
522.44	125.91
522.44	125.91
522.44	125.91
522.44	125.91
522.44	125.91
522.44	125.91
522.44	125.91
522.44	125.91
522.44	125.91
522.44	125.91
522.44	125.91
522.44	125.91
522.44	125.91
522.44	125.91
522.44	125.91
522.44	125.91
522.44	125.91
522.44	125.91
522.44	125.91
522.44	125.91
522.44	125.91
522.44	125.91
522.44	125.91
522.44	125.91
522.44	125.91
522.44	125.91
522.44	125.91
522.44	125.91
522.44	125.91
522.44	125.91
522.44	125.91
522.44	125.91
522.44	125.91
522.44	125.91
522.44	125.91
522.44	125.91
522.44	125.91
522.44	125.91
522.44	125.91
522.44	125.91
522.44	125.91
522.44	125.91
522.44	125.91
522.44	125.91
522.44	125.91
522.44	125.91
522.44	125.91
522.44	125.91
522.44	125.91
522.44	125.91
522.44	125.91
522.44	125.91
522.44	125.91
522.44	125.91
522.44	125.91
522.44	125.91
522.44	125.91
522.44	125.91
522.44	125.91
522.44	125.91
522.44	125.91
522.44	125.91
522.44	125.91
522.44	125.91
522.44	125.91
522.44	125.91
522.44	125.91
522.44	125.91
522.44	125.91
522.44	125.91
522.44	125.91
522.44	125.91
522.44	125.91
522.44	125.91
522.44	125.91
522.44	125.91
522.44	125.91
522.44	125.91
522.44	125.91
522.44	125.91
522.44	125.91
522.44	125.91
522.44	125.91
522.44	125.91
522.44	125.91
522.44	125.91
522.44	125.91
522.44	125.91
522.44	125.91
522.44	125.91
522.44	125.91
522.44	125.91
522.44	125.91
522.44	125.91
522.44	125.91
522.44	125.91
522.44	125.91
522.44	125.91
522.44	125.91
522.44	125.91
522.44	125.91
522.44	125.91
519.46	125.91
474.71	130.21
429.95	134.51
379.24	138.82
346.42	141.69
335.97	144.56
334.48	144.56
334.48	144.56
334.48	144.56
334.48	144.56
334.48	144.56
334.48	144.56
338.96	144.56
382.22	147.42
488.13	144.56
617.91	141.69
691.01	147.42
725.32	153.16
725.32	153.16
723.83	154.6
674.6	170.38
601.5	194.76
465.76	243.53
327.02	288
247.96	309.52
219.62	316.69
219.62	316.69
219.62	316.69
219.62	316.69
219.62	316.69
219.62	316.69
219.62	316.69
219.62	316.69
219.62	316.69
219.62	316.69
219.62	316.69
222.6	303.78
230.06	282.26
242	253.57
242	232.06
227.08	207.67
195.75	178.98
152.49	151.73
133.1	143.12
133.1	141.69
133.1	141.69
133.1	141.69
133.1	141.69
133.1	141.69
133.1	141.69
133.1	141.69
134.59	128.78
152.49	95.78
198.73	59.92
258.4	32.67
306.14	24.06
358.35	32.67
431.45	62.79
528.41	120.17
610.45	184.72
680.57	252.14
723.83	289.43
725.32	289.43
726.81	286.57
741.73	243.53
756.65	180.42
771.56	128.78
780.51	107.26
782	105.82
792.45	118.73
837.2	203.37
895.38	313.82
923.72	371.2
931.18	382.67
928.19	348.25
901.34	244.97
867.03	148.86
849.13	94.35
844.66	62.79
844.66	59.92
844.66	71.4
835.71	183.29
826.76	280.83
840.18	371.2
862.56	411.36
873	415.67
898.36	402.76
925.21	369.76
953.55	300.91
971.46	219.15
972.95	147.42
971.46	107.26
968.47	94.35
968.47	92.91
966.98	95.78
964	153.16
964	240.66
966.98	300.91
968.47	339.64
968.47	339.64
961.01	336.77
911.79	286.57
855.1	214.84
779.02	124.47
723.83	67.09
705.93	49.88
705.93	49.88
704.43	65.66
704.43	164.64
717.86	265.05
729.79	320.99
731.29	331.03
731.29	331.03
696.98	279.39
637.31	180.42
589.57	111.56
571.67	85.74
568.69	84.31
570.18	108.69
588.08	209.11
611.95	296.61
616.42	320.99
616.42	320.99
613.44	319.56
571.67	266.48
532.88	186.15
519.46	134.51
525.43	101.52
547.8	84.31
579.13	68.53
611.95	54.18
623.88	48.45
625.37	48.45
625.37	48.45
611.95	48.45
586.59	54.18
546.31	74.27
486.64	118.73
458.3	140.25
456.81	141.69
456.81	141.69
458.3	141.69
474.71	141.69
492.61	140.25
501.56	140.25
507.52	138.82
517.97	134.51
528.41	131.64
529.9	131.64
529.9	131.64
529.9	131.64
529.9	131.64
529.9	131.64
529.9	131.64
529.9	131.64
529.9	131.64
529.9	131.64
528.41	131.64
504.54	135.95
462.77	166.07
412.05	232.06
380.73	288
353.88	341.07
331.5	384.11
309.12	412.8
297.19	409.93
274.81	372.63
240.5	273.66
203.21	164.64
167.41	71.4
155.47	31.23
155.47	29.8
155.47	36.97
153.98	64.23
152.49	71.4
152.49	71.4
152.49	71.4
152.49	71.4
145.03	69.96
128.62	64.23
110.72	57.05
97.3	52.75
74.92	48.45
58.51	45.58
55.53	45.58
55.53	45.58
55.53	54.18
58.51	85.74
67.46	153.16
77.9	237.79
85.36	326.73
94.31	401.32
101.77	454.4
113.71	511.77
125.64	550.5
130.11	560.55
130.11	560.55
130.11	560.55
130.11	556.24
137.57	513.21
152.49	465.87
183.82	392.71
240.5	305.21
331.5	201.93
380.73	138.82
397.14	104.39
403.1	94.35
403.1	94.35
403.1	94.35
403.1	94.35
403.1	94.35
403.1	94.35
403.1	94.35
403.1	94.35
432.94	134.51
488.13	201.93
512	216.28
512	216.28
512	206.24
509.02	176.11
503.05	145.99
503.05	128.78
503.05	121.6
506.03	120.17
516.48	120.17
526.92	123.04
532.88	125.91
532.88	125.91
532.88	125.91
532.88	125.91
529.9	128.78
516.48	140.25
503.05	161.77
488.13	196.2
480.67	237.79
480.67	275.09
489.62	313.82
500.07	343.94
512	378.37
519.46	401.32
520.95	409.93
520.95	411.36
520.95	411.36
520.95	411.36
520.95	411.36
509.02	379.8
504.54	308.08
517.97	247.84
540.34	187.59
558.24	156.03
562.72	147.42
562.72	147.42
561.23	160.33
549.29	236.36
541.83	308.08
538.85	346.81
538.85	352.55
538.85	352.55
538.85	352.55
541.83	338.21
561.23	273.66
574.65	207.67
577.64	171.81
577.64	151.73
577.64	148.86
577.64	148.86
577.64	148.86
577.64	148.86
577.64	148.86
577.64	148.86
577.64	148.86
577.64	148.86
577.64	148.86
577.64	148.86
577.64	148.86
577.64	148.86
574.65	156.03
564.21	173.24
532.88	190.46
443.38	194.76
376.25	176.11
350.89	160.33
340.45	141.69
340.45	130.21
343.43	117.3
349.4	97.22
356.86	75.7
359.84	59.92
356.86	44.14
353.88	35.54
353.88	34.1
359.84	31.23
383.71	29.8
397.14	28.36
398.63	28.36
398.63	28.36
398.63	26.93
397.14	26.93
385.2	28.36
371.78	31.23
361.33	34.1
343.43	39.84
322.55	47.01
301.66	52.75
277.8	59.92
240.5	67.09
212.16	71.4
176.36	75.7
158.46	77.14
158.46	77.14
158.46	77.14
158.46	77.14
158.46	77.14
177.85	72.83
216.64	64.23
268.85	58.49
322.55	55.62
362.83	57.05
407.58	62.79
444.87	69.96
476.2	78.57
495.59	82.87
514.98	88.61
526.92	91.48
541.83	95.78
562.72	101.52
577.64	107.26
586.59	110.13
586.59	110.13
579.13	120.17
568.69	133.08
556.75	150.29
549.29	166.07
540.34	187.59
534.38	201.93
532.88	203.37
532.88	203.37
532.88	203.37
540.34	190.46
562.72	166.07
583.6	145.99
589.57	135.95
589.57	134.51
586.59	133.08
576.14	131.64
568.69	131.64
567.19	131.64
561.23	134.51
510.51	156.03
403.1	186.15
297.19	196.2
246.47	190.46
224.09	173.24
215.14	140.25
213.65	102.96
216.64	69.96
219.62	52.75
219.62	47.01
219.62	47.01
219.62	47.01
219.62	47.01
219.62	48.45
225.59	59.92
242	74.27
253.93	81.44
259.9	82.87
259.9	82.87
259.9	82.87
259.9	82.87
259.9	82.87
259.9	82.87
261.39	84.31
285.26	90.05
349.4	92.91
464.26	95.78
591.06	105.82
682.06	121.6
714.88	130.21
719.35	131.64
719.35	131.64
717.86	143.12
710.4	156.03
698.47	166.07
696.98	167.51
696.98	167.51
696.98	167.51
696.98	167.51
696.98	167.51
695.48	167.51
674.6	163.2
634.32	148.86
571.67	127.34
519.46	110.13
449.35	84.31
373.27	48.45
340.45	32.67
331.5	28.36
324.04	25.5
324.04	25.5
324.04	25.5
324.04	25.5
324.04	25.5
324.04	25.5
324.04	25.5
327.02	28.36
332.99	35.54
337.47	45.58
346.42	67.09
356.86	94.35
364.32	118.73
367.3	123.04
367.3	123.04
367.3	123.04
364.32	123.04
347.91	114.43
335.97	104.39
332.99	100.09
332.99	97.22
338.96	94.35
364.32	88.61
397.14	87.18
429.95	87.18
468.74	88.61
501.56	88.61
531.39	87.18
556.75	84.31
570.18	84.31
583.6	84.31
589.57	84.31
595.54	84.31
605.98	85.74
620.9	90.05
647.75	102.96
683.55	124.47
722.34	157.47
749.19	190.46
762.61	209.11
770.07	226.32
771.56	242.1
770.07	260.75
765.6	269.35
764.1	270.79
762.61	270.79
758.14	270.79
750.68	267.92
735.76	257.88
720.84	236.36
704.43	199.06
688.03	158.9
674.6	127.34
667.14	111.56
664.16	105.82
664.16	104.39
664.16	104.39
664.16	104.39
664.16	104.39
664.16	104.39
664.16	104.39
664.16	104.39
664.16	104.39
664.16	104.39
664.16	104.39
664.16	104.39
664.16	104.39
664.16	104.39
664.16	104.39
664.16	104.39
664.16	104.39
664.16	104.39
664.16	104.39
664.16	104.39
664.16	104.39
664.16	104.39
664.16	104.39
664.16	104.39
664.16	104.39
664.16	104.39
664.16	104.39
664.16	104.39
664.16	104.39
664.16	104.39
664.16	104.39
664.16	104.39
664.16	104.39
664.16	104.39
664.16	104.39
664.16	104.39
664.16	104.39
652.22	104.39
635.81	104.39
625.37	104.39
614.93	104.39
603	104.39
595.54	104.39
595.54	104.39
595.54	104.39
595.54	104.39
595.54	104.39
595.54	104.39
595.54	104.39
595.54	104.39
595.54	104.39
595.54	104.39
595.54	104.39
595.54	104.39
595.54	104.39
595.54	104.39
586.59	104.39
577.64	104.39
570.18	104.39
561.23	104.39
552.28	102.96
541.83	102.96
531.39	102.96
528.41	102.96
526.92	102.96
526.92	102.96
526.92	102.96
526.92	102.96
526.92	102.96
526.92	102.96
526.92	102.96
526.92	102.96
526.92	102.96
526.92	102.96
526.92	102.96
526.92	102.96
526.92	102.96
526.92	102.96
517.97	102.96
510.51	102.96
500.07	101.52
486.64	100.09
471.72	98.65
456.81	98.65
444.87	98.65
434.43	97.22
422.5	97.22
410.56	97.22
400.12	95.78
394.15	95.78
388.19	95.78
385.2	95.78
382.22	95.78
377.74	94.35
374.76	94.35
370.28	94.35
365.81	92.91
356.86	91.48
349.4	91.48
344.93	90.05
341.94	90.05
341.94	90.05
341.94	90.05
341.94	90.05
341.94	90.05
341.94	90.05
341.94	90.05
341.94	90.05
341.94	90.05
341.94	90.05
341.94	90.05
341.94	90.05
341.94	90.05
341.94	90.05
341.94	90.05
341.94	90.05
341.94	90.05
341.94	90.05
341.94	90.05
341.94	90.05
341.94	90.05
