0	0
398.82	513.22
398.82	513.22
0	0
0	0
0	0
0	0
0	0
0	0
0	0
0	0
0	0
0	0
0	0
0	0
0	0
0	0
0	0
0	0
0	0
0	0
0	0
0	0
316.38	562.49
316.38	562.49
316.38	562.49
316.38	562.49
337.34	413.28
337.34	413.28
337.34	413.28
337.34	413.28
337.34	413.28
492.44	345.71
492.44	345.71
492.44	345.71
492.44	345.71
394.63	207.76
394.63	207.76
394.63	207.76
394.63	207.76
354.11	171.17
354.11	171.17
354.11	171.17
354.11	171.17
414.19	117.67
414.19	117.67
414.19	117.67
414.19	117.67
414.19	117.67
414.19	117.67
422.58	96.56
422.58	96.56
422.58	96.56
422.58	96.56
416.99	75.45
416.99	75.45
416.99	75.45
416.99	75.45
416.99	75.45
386.25	78.26
386.25	78.26
386.25	78.26
386.25	78.26
356.91	107.82
356.91	107.82
356.91	107.82
356.91	107.82
356.91	107.82
394.63	140.2
394.63	140.2
394.63	140.2
394.63	140.2
394.63	140.2
397.43	140.2
397.43	140.2
397.43	140.2
397.43	140.2
397.43	140.2
398.82	157.09
398.82	157.09
398.82	157.09
398.82	157.09
430.96	181.02
430.96	181.02
430.96	181.02
430.96	181.02
457.51	190.87
457.51	190.87
457.51	190.87
457.51	190.87
457.51	190.87
530.16	178.2
530.16	178.2
530.16	178.2
530.16	178.2
595.84	186.65
595.84	186.65
595.84	186.65
595.84	186.65
595.84	186.65
383.45	178.2
383.45	178.2
383.45	178.2
383.45	178.2
414.19	182.43
414.19	182.43
414.19	182.43
414.19	182.43
414.19	182.43
505.01	179.61
505.01	179.61
505.01	179.61
505.01	179.61
507.81	171.17
507.81	171.17
507.81	171.17
507.81	171.17
507.81	171.17
520.38	168.35
520.38	168.35
520.38	168.35
520.38	168.35
520.38	168.35
558.11	169.76
558.11	169.76
558.11	169.76
558.11	169.76
614	157.09
614	157.09
614	157.09
614	157.09
614	157.09
619.59	157.09
619.59	157.09
619.59	157.09
619.59	157.09
620.99	169.76
620.99	169.76
620.99	169.76
620.99	169.76
620.99	169.76
611.2	182.43
611.2	182.43
611.2	182.43
611.2	182.43
612.6	192.28
612.6	192.28
612.6	192.28
612.6	192.28
611.2	219.03
611.2	219.03
611.2	219.03
611.2	219.03
611.2	219.03
597.23	245.77
597.23	245.77
597.23	245.77
597.23	245.77
669.89	258.44
669.89	258.44
669.89	258.44
669.89	258.44
669.89	258.44
724.38	264.07
724.38	264.07
724.38	264.07
724.38	264.07
713.2	266.89
713.2	266.89
713.2	266.89
713.2	266.89
713.2	266.89
643.34	261.25
643.34	261.25
643.34	261.25
643.34	261.25
643.34	261.25
605.62	259.85
605.62	259.85
605.62	259.85
605.62	259.85
569.29	249.99
569.29	249.99
569.29	249.99
569.29	249.99
569.29	249.99
549.73	237.32
549.73	237.32
549.73	237.32
549.73	237.32
520.38	228.88
520.38	228.88
520.38	228.88
520.38	228.88
555.31	227.47
555.31	227.47
555.31	227.47
555.31	227.47
555.31	227.47
590.25	230.29
590.25	230.29
590.25	230.29
590.25	230.29
602.82	231.69
602.82	231.69
602.82	231.69
602.82	231.69
602.82	231.69
597.23	233.1
597.23	233.1
597.23	233.1
597.23	233.1
597.23	233.1
584.66	234.51
584.66	234.51
584.66	234.51
584.66	234.51
591.64	237.32
591.64	237.32
591.64	237.32
591.64	237.32
591.64	237.32
591.64	241.55
591.64	241.55
591.64	241.55
591.64	241.55
556.71	244.36
556.71	244.36
556.71	244.36
556.71	244.36
556.71	244.36
531.56	242.96
531.56	242.96
531.56	242.96
531.56	242.96
531.56	242.96
521.78	242.96
521.78	242.96
521.78	242.96
521.78	242.96
521.78	242.96
485.45	241.55
485.45	241.55
485.45	241.55
485.45	241.55
485.45	241.55
481.26	247.18
481.26	247.18
481.26	247.18
481.26	247.18
468.69	258.44
468.69	258.44
468.69	258.44
468.69	258.44
468.69	258.44
463.1	261.25
463.1	261.25
463.1	261.25
463.1	261.25
463.1	261.25
460.3	264.07
460.3	264.07
460.3	264.07
460.3	264.07
440.74	276.74
440.74	276.74
440.74	276.74
440.74	276.74
440.74	276.74
437.95	276.74
437.95	276.74
437.95	276.74
437.95	276.74
437.95	276.74
429.56	272.52
429.56	272.52
429.56	272.52
429.56	272.52
429.56	272.52
416.99	280.96
416.99	280.96
416.99	280.96
416.99	280.96
416.99	280.96
414.19	290.82
414.19	290.82
414.19	290.82
414.19	290.82
414.19	290.82
414.19	290.82
435.15	302.08
435.15	302.08
435.15	302.08
435.15	302.08
479.86	293.63
479.86	293.63
479.86	293.63
479.86	293.63
492.44	280.96
492.44	280.96
492.44	280.96
492.44	280.96
495.23	276.74
495.23	276.74
495.23	276.74
495.23	276.74
495.23	276.74
495.23	276.74
496.63	275.33
496.63	275.33
496.63	275.33
496.63	275.33
496.63	275.33
492.44	266.89
492.44	266.89
492.44	266.89
492.44	266.89
464.49	252.81
464.49	252.81
464.49	252.81
464.49	252.81
464.49	252.81
450.52	240.14
450.52	240.14
450.52	240.14
450.52	240.14
442.14	240.14
442.14	240.14
442.14	240.14
442.14	240.14
442.14	244.36
442.14	244.36
442.14	244.36
442.14	244.36
442.14	244.36
442.14	244.36
442.14	244.36
442.14	244.36
443.53	252.81
443.53	252.81
443.53	252.81
443.53	252.81
443.53	252.81
457.51	214.8
457.51	214.8
457.51	214.8
457.51	214.8
411.4	200.73
411.4	200.73
411.4	200.73
411.4	200.73
380.66	189.46
380.66	189.46
380.66	189.46
380.66	189.46
380.66	189.46
380.66	189.46
301.02	172.57
301.02	172.57
301.02	172.57
301.02	172.57
247.92	176.8
247.92	176.8
247.92	176.8
247.92	176.8
110.99	221.84
110.99	221.84
110.99	221.84
110.99	221.84
110.99	221.84
110.99	221.84
104	231.69
104	231.69
104	231.69
104	231.69
104	231.69
137.54	217.62
137.54	217.62
137.54	217.62
137.54	217.62
137.54	217.62
206	138.79
206	138.79
206	138.79
206	138.79
206	138.79
206	116.27
206	116.27
206	116.27
206	116.27
206	116.27
295.43	95.15
295.43	95.15
295.43	95.15
295.43	95.15
295.43	95.15
391.84	93.74
391.84	93.74
391.84	93.74
391.84	93.74
391.84	93.74
528.77	96.56
528.77	96.56
528.77	96.56
528.77	96.56
593.04	90.93
593.04	90.93
593.04	90.93
593.04	90.93
593.04	90.93
650.33	82.48
650.33	82.48
650.33	82.48
650.33	82.48
650.33	82.48
674.08	86.71
674.08	86.71
674.08	86.71
674.08	86.71
674.08	86.71
650.33	102.19
650.33	102.19
650.33	102.19
650.33	102.19
650.33	102.19
651.73	97.97
651.73	97.97
651.73	97.97
651.73	97.97
542.74	95.15
542.74	95.15
542.74	95.15
542.74	95.15
481.26	126.12
481.26	126.12
481.26	126.12
481.26	126.12
481.26	126.12
372.27	114.86
372.27	114.86
372.27	114.86
372.27	114.86
372.27	114.86
372.27	114.86
334.55	105.01
334.55	105.01
334.55	105.01
334.55	105.01
289.84	96.56
289.84	96.56
289.84	96.56
289.84	96.56
256.3	99.38
256.3	99.38
256.3	99.38
256.3	99.38
252.11	100.78
252.11	100.78
252.11	100.78
252.11	100.78
252.11	100.78
291.23	96.56
291.23	96.56
291.23	96.56
291.23	96.56
291.23	96.56
348.52	103.6
348.52	103.6
348.52	103.6
348.52	103.6
351.32	103.6
351.32	103.6
351.32	103.6
351.32	103.6
351.32	103.6
351.32	103.6
351.32	103.6
351.32	103.6
351.32	103.6
351.32	103.6
342.93	121.9
342.93	121.9
342.93	121.9
342.93	121.9
342.93	121.9
468.69	126.12
468.69	126.12
468.69	126.12
468.69	126.12
468.69	126.12
498.03	120.49
498.03	120.49
498.03	120.49
498.03	120.49
493.84	119.08
493.84	119.08
493.84	119.08
493.84	119.08
493.84	119.08
389.04	138.79
389.04	138.79
389.04	138.79
389.04	138.79
380.66	159.9
380.66	159.9
380.66	159.9
380.66	159.9
408.6	162.72
408.6	162.72
408.6	162.72
408.6	162.72
408.6	162.72
428.16	164.13
428.16	164.13
428.16	164.13
428.16	164.13
428.16	164.13
419.78	161.31
419.78	161.31
419.78	161.31
419.78	161.31
419.78	161.31
340.14	155.68
340.14	155.68
340.14	155.68
340.14	155.68
340.14	155.68
414.19	168.35
414.19	168.35
414.19	168.35
414.19	168.35
425.37	168.35
425.37	168.35
425.37	168.35
425.37	168.35
425.37	168.35
425.37	168.35
425.37	168.35
425.37	168.35
425.37	168.35
425.37	168.35
425.37	168.35
425.37	168.35
425.37	168.35
425.37	168.35
425.37	168.35
425.37	168.35
425.37	168.35
418.38	173.98
418.38	173.98
418.38	173.98
418.38	173.98
380.66	190.87
380.66	190.87
380.66	190.87
380.66	190.87
380.66	190.87
375.07	214.8
375.07	214.8
375.07	214.8
375.07	214.8
383.45	272.52
383.45	272.52
383.45	272.52
383.45	272.52
383.45	272.52
386.25	304.89
386.25	304.89
386.25	304.89
386.25	304.89
386.25	304.89
390.44	313.34
390.44	313.34
390.44	313.34
390.44	313.34
463.1	326.01
463.1	326.01
463.1	326.01
463.1	326.01
499.42	321.78
499.42	321.78
499.42	321.78
499.42	321.78
546.93	326.01
546.93	326.01
546.93	326.01
546.93	326.01
552.52	330.23
552.52	330.23
552.52	330.23
552.52	330.23
552.52	330.23
562.3	337.27
562.3	337.27
562.3	337.27
562.3	337.27
562.3	344.31
562.3	344.31
562.3	344.31
562.3	344.31
546.93	402.02
546.93	402.02
546.93	402.02
546.93	402.02
527.37	421.73
527.37	421.73
527.37	421.73
527.37	421.73
505.01	418.91
505.01	418.91
505.01	418.91
505.01	418.91
505.01	418.91
495.23	418.91
495.23	418.91
495.23	418.91
495.23	418.91
495.23	418.91
461.7	418.91
461.7	418.91
461.7	418.91
461.7	418.91
450.52	417.5
450.52	417.5
450.52	417.5
450.52	417.5
450.52	417.5
444.93	420.32
444.93	420.32
444.93	420.32
444.93	420.32
444.93	420.32
442.14	423.13
442.14	423.13
442.14	423.13
442.14	423.13
442.14	423.13
442.14	423.13
442.14	423.13
442.14	423.13
442.14	425.95
442.14	425.95
442.14	425.95
442.14	425.95
442.14	435.8
442.14	435.8
442.14	435.8
442.14	435.8
442.14	435.8
442.14	440.03
442.14	440.03
442.14	440.03
442.14	440.03
446.33	440.03
446.33	440.03
446.33	440.03
446.33	440.03
446.33	440.03
446.33	397.8
446.33	397.8
446.33	397.8
446.33	397.8
426.77	238.73
426.77	238.73
426.77	238.73
426.77	238.73
435.15	231.69
435.15	231.69
435.15	231.69
435.15	231.69
435.15	231.69
444.93	210.58
444.93	210.58
444.93	210.58
444.93	210.58
444.93	210.58
444.93	210.58
463.1	182.43
463.1	182.43
463.1	182.43
463.1	182.43
444.93	188.06
444.93	188.06
444.93	188.06
444.93	188.06
414.19	151.46
414.19	151.46
414.19	151.46
414.19	151.46
414.19	151.46
429.56	121.9
429.56	121.9
429.56	121.9
429.56	121.9
430.96	121.9
430.96	121.9
430.96	121.9
430.96	121.9
430.96	121.9
435.15	135.97
435.15	135.97
435.15	135.97
435.15	135.97
342.93	124.71
342.93	124.71
342.93	124.71
342.93	124.71
342.93	124.71
303.81	123.31
303.81	123.31
303.81	123.31
303.81	123.31
303.81	123.31
337.34	121.9
337.34	121.9
337.34	121.9
337.34	121.9
337.34	121.9
363.89	121.9
363.89	121.9
363.89	121.9
363.89	121.9
400.22	135.97
400.22	135.97
400.22	135.97
400.22	135.97
403.01	144.42
403.01	144.42
403.01	144.42
403.01	144.42
410	157.09
410	157.09
410	157.09
410	157.09
408.6	175.39
408.6	175.39
408.6	175.39
408.6	175.39
412.8	211.99
412.8	211.99
412.8	211.99
412.8	211.99
412.8	211.99
439.34	241.55
439.34	241.55
439.34	241.55
439.34	241.55
475.67	237.32
475.67	237.32
475.67	237.32
475.67	237.32
475.67	237.32
505.01	254.22
505.01	254.22
505.01	254.22
505.01	254.22
523.18	255.62
523.18	255.62
523.18	255.62
523.18	255.62
559.51	249.99
559.51	249.99
559.51	249.99
559.51	249.99
559.51	249.99
587.45	248.59
587.45	248.59
587.45	248.59
587.45	248.59
587.45	248.59
620.99	234.51
620.99	234.51
620.99	234.51
620.99	234.51
620.99	234.51
678.27	226.06
678.27	226.06
678.27	226.06
678.27	226.06
678.27	226.06
692.25	223.25
692.25	223.25
692.25	223.25
692.25	223.25
692.25	223.25
709.01	227.47
709.01	227.47
709.01	227.47
709.01	227.47
709.01	227.47
718.79	240.14
718.79	240.14
718.79	240.14
718.79	240.14
734.16	255.62
734.16	255.62
734.16	255.62
734.16	255.62
734.16	255.62
739.75	266.89
739.75	266.89
739.75	266.89
739.75	266.89
739.75	266.89
742.55	285.18
742.55	285.18
742.55	285.18
742.55	285.18
734.16	303.48
734.16	303.48
734.16	303.48
734.16	303.48
734.16	303.48
688.05	297.85
688.05	297.85
688.05	297.85
688.05	297.85
658.71	255.62
658.71	255.62
658.71	255.62
658.71	255.62
658.71	255.62
616.79	213.39
616.79	213.39
616.79	213.39
616.79	213.39
616.79	213.39
569.29	148.64
569.29	148.64
569.29	148.64
569.29	148.64
569.29	148.64
569.29	148.64
565.1	147.24
565.1	147.24
565.1	147.24
565.1	147.24
565.1	147.24
516.19	127.53
516.19	127.53
516.19	127.53
516.19	127.53
514.79	123.31
514.79	123.31
514.79	123.31
514.79	123.31
514.79	123.31
514.79	121.9
514.79	121.9
514.79	121.9
514.79	121.9
514.79	121.9
514.79	121.9
514.79	121.9
514.79	121.9
514.79	121.9
506.41	178.2
506.41	178.2
506.41	178.2
506.41	178.2
505.01	188.06
505.01	188.06
505.01	188.06
505.01	188.06
527.37	226.06
527.37	226.06
527.37	226.06
527.37	226.06
527.37	226.06
556.71	221.84
556.71	221.84
556.71	221.84
556.71	221.84
556.71	221.84
590.25	209.17
590.25	209.17
590.25	209.17
590.25	209.17
590.25	209.17
614	185.24
614	185.24
614	185.24
614	185.24
614	185.24
614	185.24
630.77	182.43
630.77	182.43
630.77	182.43
630.77	182.43
630.77	182.43
629.37	140.2
629.37	140.2
629.37	140.2
629.37	140.2
627.97	134.57
627.97	134.57
627.97	134.57
627.97	134.57
627.97	134.57
627.97	134.57
627.97	134.57
627.97	134.57
627.97	134.57
566.49	106.41
566.49	106.41
566.49	106.41
566.49	106.41
544.14	95.15
544.14	95.15
544.14	95.15
544.14	95.15
517.59	90.93
517.59	90.93
517.59	90.93
517.59	90.93
517.59	90.93
426.77	103.6
426.77	103.6
426.77	103.6
426.77	103.6
426.77	103.6
426.77	103.6
430.96	137.38
430.96	137.38
430.96	137.38
430.96	137.38
430.96	137.38
527.37	176.8
527.37	176.8
527.37	176.8
527.37	176.8
527.37	176.8
576.27	192.28
576.27	192.28
576.27	192.28
576.27	192.28
591.64	206.36
591.64	206.36
591.64	206.36
591.64	206.36
591.64	206.36
648.93	235.92
648.93	235.92
648.93	235.92
648.93	235.92
658.71	237.32
658.71	237.32
658.71	237.32
658.71	237.32
658.71	230.29
658.71	230.29
658.71	230.29
658.71	230.29
658.71	230.29
570.68	138.79
570.68	138.79
570.68	138.79
570.68	138.79
570.68	138.79
525.97	121.9
525.97	121.9
525.97	121.9
525.97	121.9
471.48	113.45
471.48	113.45
471.48	113.45
471.48	113.45
425.37	117.67
425.37	117.67
425.37	117.67
425.37	117.67
425.37	117.67
355.51	126.12
355.51	126.12
355.51	126.12
355.51	126.12
355.51	126.12
252.11	147.24
252.11	147.24
252.11	147.24
252.11	147.24
256.3	179.61
256.3	179.61
256.3	179.61
256.3	179.61
273.07	206.36
273.07	206.36
273.07	206.36
273.07	206.36
273.07	206.36
331.75	235.92
331.75	235.92
331.75	235.92
331.75	235.92
331.75	235.92
426.77	219.03
426.77	219.03
426.77	219.03
426.77	219.03
426.77	219.03
471.48	200.73
471.48	200.73
471.48	200.73
471.48	200.73
479.86	199.32
479.86	199.32
479.86	199.32
479.86	199.32
479.86	199.32
484.05	195.1
484.05	195.1
484.05	195.1
484.05	195.1
484.05	195.1
505.01	186.65
505.01	186.65
505.01	186.65
505.01	186.65
528.77	179.61
528.77	179.61
528.77	179.61
528.77	179.61
516.19	161.31
516.19	161.31
516.19	161.31
516.19	161.31
516.19	161.31
509.21	152.87
509.21	152.87
509.21	152.87
509.21	152.87
509.21	152.87
531.56	131.75
531.56	131.75
531.56	131.75
531.56	131.75
531.56	131.75
531.56	133.16
531.56	133.16
531.56	133.16
531.56	133.16
521.78	140.2
521.78	140.2
521.78	140.2
521.78	140.2
521.78	140.2
546.93	151.46
546.93	151.46
546.93	151.46
546.93	151.46
541.34	152.87
541.34	152.87
541.34	152.87
541.34	152.87
541.34	152.87
506.41	158.5
506.41	158.5
506.41	158.5
506.41	158.5
491.04	179.61
491.04	179.61
491.04	179.61
491.04	179.61
491.04	179.61
493.84	182.43
493.84	182.43
493.84	182.43
493.84	182.43
493.84	182.43
475.67	186.65
475.67	186.65
475.67	186.65
475.67	186.65
472.88	186.65
472.88	186.65
472.88	186.65
472.88	186.65
472.88	186.65
472.88	186.65
472.88	186.65
472.88	186.65
479.86	193.69
479.86	193.69
479.86	193.69
479.86	193.69
479.86	193.69
499.42	197.91
499.42	197.91
499.42	197.91
499.42	197.91
485.45	190.87
485.45	190.87
485.45	190.87
485.45	190.87
482.66	189.46
482.66	189.46
482.66	189.46
482.66	189.46
482.66	189.46
482.66	189.46
482.66	189.46
482.66	189.46
482.66	189.46
481.26	213.39
481.26	213.39
481.26	213.39
481.26	213.39
481.26	213.39
481.26	248.59
481.26	248.59
481.26	248.59
481.26	248.59
481.26	248.59
495.23	257.03
495.23	257.03
495.23	257.03
495.23	257.03
534.36	264.07
534.36	264.07
534.36	264.07
534.36	264.07
537.15	275.33
537.15	275.33
537.15	275.33
537.15	275.33
537.15	275.33
541.34	285.18
541.34	285.18
541.34	285.18
541.34	285.18
555.31	313.34
555.31	313.34
555.31	313.34
555.31	313.34
555.31	313.34
558.11	327.41
558.11	327.41
558.11	327.41
558.11	327.41
558.11	328.82
558.11	328.82
558.11	328.82
558.11	328.82
558.11	328.82
551.12	340.08
551.12	340.08
551.12	340.08
551.12	340.08
532.96	352.75
532.96	352.75
532.96	352.75
532.96	352.75
517.59	354.16
517.59	354.16
517.59	354.16
517.59	354.16
517.59	354.16
510.6	354.16
510.6	354.16
510.6	354.16
510.6	354.16
496.63	347.12
496.63	347.12
496.63	347.12
496.63	347.12
485.45	344.31
485.45	344.31
485.45	344.31
485.45	344.31
485.45	344.31
485.45	344.31
485.45	344.31
485.45	344.31
485.45	344.31
500.82	344.31
500.82	344.31
500.82	344.31
500.82	344.31
500.82	344.31
509.21	318.97
509.21	318.97
509.21	318.97
509.21	318.97
509.21	318.97
499.42	288
499.42	288
499.42	288
499.42	288
499.42	288
499.42	288
499.42	288
499.42	288
518.99	285.18
518.99	285.18
518.99	285.18
518.99	285.18
537.15	283.78
537.15	283.78
537.15	283.78
537.15	283.78
537.15	283.78
537.15	283.78
548.33	276.74
548.33	276.74
548.33	276.74
548.33	276.74
558.11	272.52
558.11	272.52
558.11	272.52
558.11	272.52
558.11	272.52
579.07	262.66
579.07	262.66
579.07	262.66
579.07	262.66
579.07	262.66
584.66	262.66
584.66	262.66
584.66	262.66
584.66	262.66
594.44	259.85
594.44	259.85
594.44	259.85
594.44	259.85
594.44	259.85
601.42	248.59
601.42	248.59
601.42	248.59
601.42	248.59
601.42	248.59
618.19	247.18
618.19	247.18
618.19	247.18
618.19	247.18
623.78	234.51
623.78	234.51
623.78	234.51
623.78	234.51
587.45	202.13
587.45	202.13
587.45	202.13
587.45	202.13
587.45	202.13
587.45	200.73
587.45	200.73
587.45	200.73
587.45	200.73
587.45	200.73
584.66	169.76
584.66	169.76
584.66	169.76
584.66	169.76
584.66	169.76
524.58	141.6
524.58	141.6
524.58	141.6
524.58	141.6
488.25	128.94
488.25	128.94
488.25	128.94
488.25	128.94
488.25	128.94
439.34	99.38
439.34	99.38
439.34	99.38
439.34	99.38
439.34	99.38
446.33	95.15
446.33	95.15
446.33	95.15
446.33	95.15
446.33	95.15
456.11	88.11
456.11	88.11
456.11	88.11
456.11	88.11
456.11	88.11
474.27	79.67
474.27	79.67
474.27	79.67
474.27	79.67
509.21	85.3
509.21	85.3
509.21	85.3
509.21	85.3
516.19	92.34
516.19	92.34
516.19	92.34
516.19	92.34
516.19	92.34
532.96	109.23
532.96	109.23
532.96	109.23
532.96	109.23
544.14	124.71
544.14	124.71
544.14	124.71
544.14	124.71
572.08	164.13
572.08	164.13
572.08	164.13
572.08	164.13
572.08	164.13
560.9	175.39
560.9	175.39
560.9	175.39
560.9	175.39
560.9	175.39
560.9	195.1
560.9	195.1
560.9	195.1
560.9	195.1
560.9	195.1
572.08	217.62
572.08	217.62
572.08	217.62
572.08	217.62
581.86	237.32
581.86	237.32
581.86	237.32
581.86	237.32
581.86	237.32
586.05	264.07
586.05	264.07
586.05	264.07
586.05	264.07
580.47	262.66
580.47	262.66
580.47	262.66
580.47	262.66
580.47	262.66
581.86	275.33
581.86	275.33
581.86	275.33
581.86	275.33
584.66	285.18
584.66	285.18
584.66	285.18
584.66	285.18
584.66	285.18
559.51	297.85
559.51	297.85
559.51	297.85
559.51	297.85
559.51	297.85
528.77	307.71
528.77	307.71
528.77	307.71
528.77	307.71
521.78	324.6
521.78	324.6
521.78	324.6
521.78	324.6
513.4	338.68
513.4	338.68
513.4	338.68
513.4	338.68
513.4	338.68
491.04	347.12
491.04	347.12
491.04	347.12
491.04	347.12
464.49	344.31
464.49	344.31
464.49	344.31
464.49	344.31
464.49	344.31
412.8	326.01
412.8	326.01
412.8	326.01
412.8	326.01
412.8	326.01
421.18	328.82
421.18	328.82
421.18	328.82
421.18	328.82
450.52	355.57
450.52	355.57
450.52	355.57
450.52	355.57
472.88	368.24
472.88	368.24
472.88	368.24
472.88	368.24
498.03	369.64
498.03	369.64
498.03	369.64
498.03	369.64
514.79	380.9
514.79	380.9
514.79	380.9
514.79	380.9
514.79	380.9
528.77	397.8
528.77	397.8
528.77	397.8
528.77	397.8
537.15	403.43
537.15	403.43
537.15	403.43
537.15	403.43
537.15	403.43
563.7	413.28
563.7	413.28
563.7	413.28
563.7	413.28
567.89	421.73
567.89	421.73
567.89	421.73
567.89	421.73
569.29	423.13
569.29	423.13
569.29	423.13
569.29	423.13
569.29	423.13
587.45	425.95
587.45	425.95
587.45	425.95
587.45	425.95
600.03	425.95
600.03	425.95
600.03	425.95
600.03	425.95
573.48	397.8
573.48	397.8
573.48	397.8
573.48	397.8
573.48	397.8
569.29	366.83
569.29	366.83
569.29	366.83
569.29	366.83
579.07	362.61
579.07	362.61
579.07	362.61
579.07	362.61
573.48	359.79
573.48	359.79
573.48	359.79
573.48	359.79
560.9	306.3
560.9	306.3
560.9	306.3
560.9	306.3
560.9	307.71
560.9	307.71
560.9	307.71
560.9	307.71
560.9	307.71
602.82	313.34
602.82	313.34
602.82	313.34
602.82	313.34
605.62	302.08
605.62	302.08
605.62	302.08
605.62	302.08
605.62	302.08
612.6	288
612.6	288
612.6	288
612.6	288
618.19	273.92
618.19	273.92
618.19	273.92
618.19	273.92
616.79	273.92
616.79	273.92
616.79	273.92
616.79	273.92
616.79	273.92
615.4	273.92
615.4	273.92
615.4	273.92
615.4	273.92
618.19	251.4
618.19	251.4
618.19	251.4
618.19	251.4
609.81	219.03
609.81	219.03
609.81	219.03
609.81	219.03
609.81	219.03
604.22	209.17
604.22	209.17
604.22	209.17
604.22	209.17
604.22	209.17
607.01	203.54
607.01	203.54
607.01	203.54
607.01	203.54
607.01	203.54
600.03	199.32
600.03	199.32
600.03	199.32
600.03	199.32
600.03	199.32
595.84	195.1
595.84	195.1
595.84	195.1
595.84	195.1
560.9	173.98
560.9	173.98
560.9	173.98
560.9	173.98
512	151.46
512	151.46
512	151.46
512	151.46
482.66	140.2
482.66	140.2
482.66	140.2
482.66	140.2
418.38	116.27
418.38	116.27
418.38	116.27
418.38	116.27
418.38	116.27
341.54	121.9
341.54	121.9
341.54	121.9
341.54	121.9
341.54	121.9
316.38	119.08
316.38	119.08
316.38	119.08
316.38	119.08
316.38	119.08
303.81	117.67
303.81	117.67
303.81	117.67
303.81	117.67
271.67	116.27
271.67	116.27
271.67	116.27
271.67	116.27
277.26	123.31
277.26	123.31
277.26	123.31
277.26	123.31
277.26	123.31
277.26	123.31
486.85	140.2
486.85	140.2
486.85	140.2
486.85	140.2
572.08	145.83
572.08	145.83
572.08	145.83
572.08	145.83
637.75	164.13
637.75	164.13
637.75	164.13
637.75	164.13
637.75	164.13
637.75	164.13
678.27	168.35
678.27	168.35
678.27	168.35
678.27	168.35
690.85	176.8
690.85	176.8
690.85	176.8
690.85	176.8
702.03	185.24
702.03	185.24
702.03	185.24
702.03	185.24
702.03	185.24
702.03	185.24
702.03	185.24
702.03	185.24
588.85	175.39
588.85	175.39
588.85	175.39
588.85	175.39
588.85	175.39
532.96	169.76
532.96	169.76
532.96	169.76
532.96	169.76
532.96	169.76
319.18	181.02
319.18	181.02
319.18	181.02
319.18	181.02
287.04	189.46
287.04	189.46
287.04	189.46
287.04	189.46
280.06	190.87
280.06	190.87
280.06	190.87
280.06	190.87
280.06	190.87
280.06	190.87
280.06	190.87
280.06	190.87
280.06	190.87
271.67	197.91
271.67	197.91
271.67	197.91
271.67	197.91
246.52	210.58
246.52	210.58
246.52	210.58
246.52	210.58
238.14	221.84
238.14	221.84
238.14	221.84
238.14	221.84
238.14	221.84
229.76	237.32
229.76	237.32
229.76	237.32
229.76	237.32
229.76	237.32
126.36	249.99
126.36	249.99
126.36	249.99
126.36	249.99
49.51	265.48
49.51	265.48
49.51	265.48
49.51	265.48
49.51	265.48
0	0
0	0
0	0
0	0
0	0
0	0
0	0
0	0
0	0
0	0
0	0
0	0
0	0
0	0
0	0
0	0
22.96	304.89
22.96	304.89
22.96	304.89
22.96	304.89
22.96	304.89
57.89	288
57.89	288
57.89	288
57.89	288
57.89	288
84.44	265.48
84.44	265.48
84.44	265.48
84.44	265.48
84.44	265.48
84.44	265.48
115.18	247.18
115.18	247.18
115.18	247.18
115.18	247.18
115.18	247.18
141.73	228.88
141.73	228.88
141.73	228.88
141.73	228.88
141.73	228.88
159.89	216.21
159.89	216.21
159.89	216.21
159.89	216.21
159.89	216.21
169.67	200.73
169.67	200.73
169.67	200.73
169.67	200.73
169.67	200.73
179.45	192.28
179.45	192.28
179.45	192.28
179.45	192.28
179.45	192.28
180.85	192.28
180.85	192.28
180.85	192.28
180.85	192.28
180.85	192.28
180.85	196.5
180.85	196.5
180.85	196.5
180.85	196.5
180.85	196.5
180.85	204.95
180.85	204.95
180.85	204.95
180.85	204.95
180.85	204.95
180.85	204.95
180.85	204.95
180.85	204.95
180.85	204.95
180.85	204.95
190.63	197.91
190.63	197.91
190.63	197.91
190.63	197.91
190.63	197.91
203.21	183.83
203.21	183.83
203.21	183.83
203.21	183.83
212.99	175.39
212.99	175.39
212.99	175.39
212.99	175.39
212.99	175.39
217.18	165.53
217.18	165.53
217.18	165.53
217.18	165.53
217.18	165.53
217.18	165.53
217.18	154.27
217.18	154.27
217.18	154.27
217.18	154.27
217.18	154.27
218.58	152.87
218.58	152.87
218.58	152.87
218.58	152.87
218.58	152.87
236.74	144.42
236.74	144.42
236.74	144.42
236.74	144.42
236.74	154.27
236.74	154.27
236.74	154.27
236.74	154.27
236.74	154.27
168.28	197.91
168.28	197.91
168.28	197.91
168.28	197.91
168.28	197.91
168.28	197.91
162.69	220.43
162.69	220.43
162.69	220.43
162.69	220.43
176.66	235.92
176.66	235.92
176.66	235.92
176.66	235.92
176.66	235.92
176.66	235.92
172.47	279.55
172.47	279.55
172.47	279.55
172.47	279.55
165.48	292.22
165.48	292.22
165.48	292.22
165.48	292.22
165.48	292.22
165.48	292.22
165.48	292.22
165.48	292.22
165.48	292.22
306.6	302.08
306.6	302.08
306.6	302.08
306.6	302.08
316.38	306.3
316.38	306.3
316.38	306.3
316.38	306.3
316.38	306.3
321.97	304.89
321.97	304.89
321.97	304.89
321.97	304.89
368.08	295.04
368.08	295.04
368.08	295.04
368.08	295.04
368.08	295.04
369.48	293.63
369.48	293.63
369.48	293.63
369.48	293.63
369.48	293.63
369.48	293.63
369.48	293.63
369.48	293.63
369.48	293.63
393.23	290.82
393.23	290.82
393.23	290.82
393.23	290.82
412.8	278.15
412.8	278.15
412.8	278.15
412.8	278.15
454.71	266.89
454.71	266.89
454.71	266.89
454.71	266.89
454.71	266.89
509.21	227.47
509.21	227.47
509.21	227.47
509.21	227.47
553.92	219.03
553.92	219.03
553.92	219.03
553.92	219.03
553.92	219.03
664.3	211.99
664.3	211.99
664.3	211.99
664.3	211.99
748.14	192.28
748.14	192.28
748.14	192.28
748.14	192.28
808.22	186.65
808.22	186.65
808.22	186.65
808.22	186.65
808.22	186.65
907.42	193.69
907.42	193.69
907.42	193.69
907.42	193.69
907.42	193.69
970.3	199.32
970.3	199.32
970.3	199.32
970.3	199.32
1002.43	203.54
1002.43	203.54
1002.43	203.54
1002.43	203.54
1002.43	203.54
1012.22	203.54
1012.22	203.54
1012.22	203.54
1012.22	203.54
1012.22	203.54
984.27	217.62
984.27	217.62
984.27	217.62
984.27	217.62
759.31	234.51
759.31	234.51
759.31	234.51
759.31	234.51
759.31	234.51
545.53	214.8
545.53	214.8
545.53	214.8
545.53	214.8
545.53	214.8
446.33	202.13
446.33	202.13
446.33	202.13
446.33	202.13
446.33	202.13
403.01	203.54
403.01	203.54
403.01	203.54
403.01	203.54
393.23	211.99
393.23	211.99
393.23	211.99
393.23	211.99
503.62	213.39
503.62	213.39
503.62	213.39
503.62	213.39
503.62	213.39
539.95	197.91
539.95	197.91
539.95	197.91
539.95	197.91
539.95	197.91
583.26	183.83
583.26	183.83
583.26	183.83
583.26	183.83
583.26	183.83
581.86	168.35
581.86	168.35
581.86	168.35
581.86	168.35
581.86	168.35
453.32	96.56
453.32	96.56
453.32	96.56
453.32	96.56
453.32	95.15
453.32	95.15
453.32	95.15
453.32	95.15
379.26	86.71
379.26	86.71
379.26	86.71
379.26	86.71
379.26	86.71
375.07	86.71
375.07	86.71
375.07	86.71
375.07	86.71
375.07	86.71
408.6	67
408.6	67
408.6	67
408.6	67
408.6	67
460.3	61.37
460.3	61.37
460.3	61.37
460.3	61.37
456.11	67
456.11	67
456.11	67
456.11	67
456.11	67
451.92	69.81
451.92	69.81
451.92	69.81
451.92	69.81
451.92	69.81
449.12	67
449.12	67
449.12	67
449.12	67
449.12	67
449.12	67
449.12	67
449.12	67
449.12	67
449.12	67
449.12	67
449.12	67
449.12	67
449.12	67
446.33	69.81
446.33	69.81
446.33	69.81
446.33	69.81
446.33	71.22
446.33	71.22
446.33	71.22
446.33	71.22
446.33	71.22
412.8	181.02
412.8	181.02
412.8	181.02
412.8	181.02
412.8	181.02
386.25	166.94
386.25	166.94
386.25	166.94
386.25	166.94
354.11	166.94
354.11	166.94
354.11	166.94
354.11	166.94
354.11	166.94
291.23	185.24
291.23	185.24
291.23	185.24
291.23	185.24
291.23	185.24
275.86	200.73
275.86	200.73
275.86	200.73
275.86	200.73
232.55	192.28
232.55	192.28
232.55	192.28
232.55	192.28
232.55	192.28
232.55	192.28
217.18	185.24
217.18	185.24
217.18	185.24
217.18	185.24
217.18	185.24
217.18	181.02
217.18	181.02
217.18	181.02
217.18	181.02
217.18	181.02
263.29	181.02
263.29	181.02
263.29	181.02
263.29	181.02
263.29	181.02
310.8	186.65
310.8	186.65
310.8	186.65
310.8	186.65
310.8	186.65
305.21	185.24
305.21	185.24
305.21	185.24
305.21	185.24
305.21	185.24
305.21	185.24
305.21	185.24
305.21	185.24
301.02	182.43
301.02	182.43
301.02	182.43
301.02	182.43
285.65	175.39
285.65	175.39
285.65	175.39
285.65	175.39
285.65	175.39
274.47	172.57
274.47	172.57
274.47	172.57
274.47	172.57
274.47	172.57
274.47	172.57
253.51	171.17
253.51	171.17
253.51	171.17
253.51	171.17
226.96	171.17
226.96	171.17
226.96	171.17
226.96	171.17
226.96	171.17
218.58	166.94
218.58	166.94
218.58	166.94
218.58	166.94
218.58	166.94
218.58	165.53
218.58	165.53
218.58	165.53
218.58	165.53
218.58	165.53
218.58	165.53
218.58	165.53
218.58	165.53
218.58	165.53
218.58	165.53
218.58	165.53
218.58	165.53
218.58	165.53
218.58	165.53
218.58	165.53
218.58	165.53
218.58	165.53
218.58	165.53
218.58	165.53
218.58	165.53
218.58	165.53
218.58	165.53
218.58	165.53
218.58	165.53
218.58	165.53
218.58	165.53
218.58	165.53
218.58	165.53
218.58	165.53
218.58	165.53
218.58	165.53
218.58	165.53
218.58	165.53
218.58	165.53
218.58	165.53
218.58	165.53
218.58	165.53
218.58	165.53
218.58	165.53
218.58	165.53
218.58	165.53
218.58	165.53
218.58	165.53
218.58	165.53
218.58	165.53
218.58	165.53
218.58	165.53
218.58	165.53
218.58	165.53
218.58	165.53
218.58	165.53
218.58	165.53
218.58	165.53
218.58	165.53
218.58	165.53
218.58	165.53
218.58	165.53
218.58	165.53
218.58	165.53
218.58	165.53
218.58	165.53
218.58	165.53
218.58	165.53
218.58	165.53
218.58	165.53
218.58	165.53
218.58	165.53
218.58	165.53
218.58	165.53
218.58	165.53
218.58	165.53
218.58	165.53
218.58	165.53
218.58	165.53
218.58	165.53
218.58	165.53
218.58	165.53
218.58	165.53
218.58	165.53
218.58	165.53
218.58	165.53
218.58	165.53
218.58	165.53
218.58	165.53
218.58	165.53
218.58	165.53
218.58	165.53
218.58	165.53
218.58	165.53
218.58	165.53
218.58	165.53
218.58	165.53
233.95	165.53
233.95	165.53
233.95	165.53
233.95	165.53
233.95	165.53
498.03	165.53
498.03	165.53
498.03	165.53
498.03	165.53
498.03	165.53
665.7	195.1
665.7	195.1
665.7	195.1
665.7	195.1
756.52	211.99
756.52	211.99
756.52	211.99
756.52	211.99
844.55	221.84
844.55	221.84
844.55	221.84
844.55	221.84
852.93	213.39
852.93	213.39
852.93	213.39
852.93	213.39
852.93	213.39
924.19	202.13
924.19	202.13
924.19	202.13
924.19	202.13
924.19	202.13
924.19	202.13
854.33	178.2
854.33	178.2
854.33	178.2
854.33	178.2
816.6	179.61
816.6	179.61
816.6	179.61
816.6	179.61
816.6	179.61
816.6	179.61
816.6	179.61
816.6	179.61
816.6	179.61
816.6	179.61
788.66	179.61
788.66	179.61
788.66	179.61
788.66	179.61
788.66	179.61
725.78	188.06
725.78	188.06
725.78	188.06
725.78	188.06
725.78	188.06
725.78	188.06
676.88	193.69
676.88	193.69
676.88	193.69
676.88	193.69
676.88	193.69
639.15	200.73
639.15	200.73
639.15	200.73
639.15	200.73
639.15	200.73
437.95	254.22
437.95	254.22
437.95	254.22
437.95	254.22
437.95	254.22
435.15	285.18
435.15	285.18
435.15	285.18
435.15	285.18
435.15	285.18
435.15	285.18
435.15	285.18
435.15	285.18
435.15	285.18
471.48	249.99
471.48	249.99
471.48	249.99
471.48	249.99
471.48	249.99
507.81	233.1
507.81	233.1
507.81	233.1
507.81	233.1
507.81	233.1
512	230.29
512	230.29
512	230.29
512	230.29
503.62	226.06
503.62	226.06
503.62	226.06
503.62	226.06
503.62	226.06
503.62	224.66
503.62	224.66
503.62	224.66
503.62	224.66
503.62	224.66
503.62	224.66
418.38	130.34
418.38	130.34
418.38	130.34
418.38	130.34
380.66	133.16
380.66	133.16
380.66	133.16
380.66	133.16
335.95	144.42
335.95	144.42
335.95	144.42
335.95	144.42
335.95	144.42
259.1	159.9
259.1	159.9
259.1	159.9
259.1	159.9
239.54	164.13
239.54	164.13
239.54	164.13
239.54	164.13
239.54	164.13
239.54	164.13
292.63	152.87
292.63	152.87
292.63	152.87
292.63	152.87
292.63	152.87
541.34	124.71
541.34	124.71
541.34	124.71
541.34	124.71
563.7	123.31
563.7	123.31
563.7	123.31
563.7	123.31
563.7	123.31
639.15	127.53
639.15	127.53
639.15	127.53
639.15	127.53
650.33	137.38
650.33	137.38
650.33	137.38
650.33	137.38
671.29	145.83
671.29	145.83
671.29	145.83
671.29	145.83
671.29	145.83
711.81	157.09
711.81	157.09
711.81	157.09
711.81	157.09
711.81	157.09
746.74	157.09
746.74	157.09
746.74	157.09
746.74	157.09
746.74	157.09
742.55	166.94
742.55	166.94
742.55	166.94
742.55	166.94
745.34	175.39
745.34	175.39
745.34	175.39
745.34	175.39
745.34	175.39
738.35	168.35
738.35	168.35
738.35	168.35
738.35	168.35
738.35	168.35
717.4	152.87
717.4	152.87
717.4	152.87
717.4	152.87
681.07	162.72
681.07	162.72
681.07	162.72
681.07	162.72
681.07	162.72
678.27	166.94
678.27	166.94
678.27	166.94
678.27	166.94
678.27	166.94
678.27	166.94
678.27	166.94
678.27	166.94
678.27	166.94
678.27	166.94
622.38	166.94
622.38	166.94
622.38	166.94
622.38	166.94
622.38	166.94
615.4	173.98
615.4	173.98
615.4	173.98
615.4	173.98
615.4	173.98
559.51	169.76
559.51	169.76
559.51	169.76
559.51	169.76
559.51	169.76
534.36	190.87
534.36	190.87
534.36	190.87
534.36	190.87
538.55	189.46
538.55	189.46
538.55	189.46
538.55	189.46
516.19	200.73
516.19	200.73
516.19	200.73
516.19	200.73
516.19	200.73
493.84	209.17
493.84	209.17
493.84	209.17
493.84	209.17
493.84	209.17
496.63	195.1
496.63	195.1
496.63	195.1
496.63	195.1
496.63	195.1
496.63	195.1
496.63	195.1
496.63	195.1
496.63	195.1
496.63	195.1
496.63	195.1
496.63	195.1
496.63	195.1
496.63	195.1
496.63	195.1
496.63	195.1
496.63	195.1
496.63	195.1
496.63	195.1
496.63	195.1
496.63	195.1
496.63	195.1
496.63	195.1
496.63	195.1
496.63	195.1
496.63	195.1
496.63	195.1
496.63	195.1
496.63	195.1
496.63	195.1
496.63	195.1
496.63	195.1
496.63	195.1
496.63	195.1
500.82	204.95
500.82	204.95
500.82	204.95
500.82	204.95
518.99	206.36
518.99	206.36
518.99	206.36
518.99	206.36
518.99	206.36
518.99	206.36
513.4	207.76
513.4	207.76
513.4	207.76
513.4	207.76
525.97	193.69
525.97	193.69
525.97	193.69
525.97	193.69
525.97	193.69
611.2	176.8
611.2	176.8
611.2	176.8
611.2	176.8
588.85	189.46
588.85	189.46
588.85	189.46
588.85	189.46
549.73	189.46
549.73	189.46
549.73	189.46
549.73	189.46
577.67	192.28
577.67	192.28
577.67	192.28
577.67	192.28
577.67	192.28
605.62	185.24
605.62	185.24
605.62	185.24
605.62	185.24
605.62	185.24
601.42	190.87
601.42	190.87
601.42	190.87
601.42	190.87
615.4	195.1
615.4	195.1
615.4	195.1
615.4	195.1
636.36	235.92
636.36	235.92
636.36	235.92
636.36	235.92
636.36	235.92
639.15	275.33
639.15	275.33
639.15	275.33
639.15	275.33
639.15	275.33
639.15	275.33
639.15	275.33
639.15	275.33
639.15	275.33
639.15	275.33
639.15	275.33
639.15	275.33
634.96	269.7
634.96	269.7
634.96	269.7
634.96	269.7
634.96	269.7
630.77	279.55
630.77	279.55
630.77	279.55
630.77	279.55
629.37	276.74
629.37	276.74
629.37	276.74
629.37	276.74
588.85	244.36
588.85	244.36
588.85	244.36
588.85	244.36
588.85	244.36
584.66	241.55
584.66	241.55
584.66	241.55
584.66	241.55
584.66	241.55
584.66	241.55
584.66	241.55
584.66	241.55
584.66	241.55
541.34	245.77
541.34	245.77
541.34	245.77
541.34	245.77
532.96	241.55
532.96	241.55
532.96	241.55
532.96	241.55
532.96	241.55
524.58	241.55
524.58	241.55
524.58	241.55
524.58	241.55
491.04	247.18
491.04	247.18
491.04	247.18
491.04	247.18
491.04	245.77
491.04	245.77
491.04	245.77
491.04	245.77
491.04	245.77
491.04	245.77
449.12	190.87
449.12	190.87
449.12	190.87
449.12	190.87
486.85	176.8
486.85	176.8
486.85	176.8
486.85	176.8
460.3	152.87
460.3	152.87
460.3	152.87
460.3	152.87
460.3	152.87
443.53	99.38
443.53	99.38
443.53	99.38
443.53	99.38
443.53	99.38
456.11	96.56
456.11	96.56
456.11	96.56
456.11	96.56
456.11	96.56
512	89.52
512	89.52
512	89.52
512	89.52
474.27	59.96
474.27	59.96
474.27	59.96
474.27	59.96
478.47	41.66
478.47	41.66
478.47	41.66
478.47	41.66
482.66	41.66
482.66	41.66
482.66	41.66
482.66	41.66
482.66	41.66
474.27	51.52
474.27	51.52
474.27	51.52
474.27	51.52
443.53	65.59
443.53	65.59
443.53	65.59
443.53	65.59
419.78	71.22
419.78	71.22
419.78	71.22
419.78	71.22
419.78	71.22
352.71	96.56
352.71	96.56
352.71	96.56
352.71	96.56
352.71	96.56
349.92	99.38
349.92	99.38
349.92	99.38
349.92	99.38
349.92	106.41
349.92	106.41
349.92	106.41
349.92	106.41
349.92	106.41
349.92	103.6
349.92	103.6
349.92	103.6
349.92	103.6
349.92	103.6
349.92	103.6
349.92	103.6
349.92	103.6
349.92	103.6
349.92	103.6
349.92	103.6
349.92	103.6
349.92	103.6
349.92	103.6
349.92	103.6
349.92	103.6
349.92	103.6
349.92	103.6
349.92	103.6
349.92	103.6
349.92	103.6
349.92	103.6
349.92	103.6
349.92	103.6
349.92	103.6
349.92	103.6
349.92	103.6
349.92	103.6
349.92	103.6
349.92	103.6
349.92	103.6
349.92	103.6
349.92	103.6
349.92	103.6
349.92	103.6
349.92	103.6
349.92	103.6
349.92	103.6
349.92	103.6
349.92	103.6
349.92	103.6
349.92	103.6
349.92	103.6
349.92	103.6
349.92	103.6
349.92	103.6
349.92	103.6
349.92	103.6
349.92	103.6
349.92	103.6
349.92	103.6
349.92	103.6
349.92	103.6
349.92	103.6
349.92	103.6
349.92	103.6
349.92	103.6
349.92	103.6
349.92	103.6
349.92	103.6
349.92	103.6
349.92	103.6
349.92	103.6
349.92	103.6
349.92	103.6
349.92	103.6
349.92	103.6
349.92	103.6
349.92	103.6
349.92	103.6
349.92	103.6
349.92	103.6
349.92	103.6
349.92	103.6
349.92	103.6
349.92	103.6
349.92	103.6
349.92	103.6
349.92	103.6
349.92	103.6
349.92	103.6
349.92	103.6
349.92	103.6
349.92	103.6
349.92	103.6
349.92	103.6
349.92	103.6
349.92	103.6
349.92	103.6
349.92	103.6
349.92	103.6
349.92	103.6
280.06	100.78
280.06	100.78
280.06	100.78
280.06	100.78
280.06	100.78
299.62	92.34
299.62	92.34
299.62	92.34
299.62	92.34
303.81	109.23
303.81	109.23
303.81	109.23
303.81	109.23
314.99	109.23
314.99	109.23
314.99	109.23
314.99	109.23
330.36	100.78
330.36	100.78
330.36	100.78
330.36	100.78
330.36	100.78
308	175.39
308	175.39
308	175.39
308	175.39
352.71	192.28
352.71	192.28
352.71	192.28
352.71	192.28
352.71	192.28
465.89	183.83
465.89	183.83
465.89	183.83
465.89	183.83
465.89	183.83
465.89	183.83
440.74	252.81
440.74	252.81
440.74	252.81
440.74	252.81
440.74	252.81
446.33	286.59
446.33	286.59
446.33	286.59
446.33	286.59
539.95	238.73
539.95	238.73
539.95	238.73
539.95	238.73
627.97	234.51
627.97	234.51
627.97	234.51
627.97	234.51
627.97	234.51
664.3	231.69
664.3	231.69
664.3	231.69
664.3	231.69
664.3	231.69
588.85	302.08
588.85	302.08
588.85	302.08
588.85	302.08
588.85	302.08
615.4	354.16
615.4	354.16
615.4	354.16
615.4	354.16
594.44	283.78
594.44	283.78
594.44	283.78
594.44	283.78
496.63	262.66
496.63	262.66
496.63	262.66
496.63	262.66
496.63	264.07
496.63	264.07
496.63	264.07
496.63	264.07
496.63	264.07
495.23	262.66
495.23	262.66
495.23	262.66
495.23	262.66
495.23	262.66
525.97	219.03
525.97	219.03
525.97	219.03
525.97	219.03
525.97	219.03
500.82	200.73
500.82	200.73
500.82	200.73
500.82	200.73
486.85	130.34
486.85	130.34
486.85	130.34
486.85	130.34
486.85	130.34
513.4	128.94
513.4	128.94
513.4	128.94
513.4	128.94
513.4	128.94
486.85	120.49
486.85	120.49
486.85	120.49
486.85	120.49
486.85	120.49
569.29	103.6
569.29	103.6
569.29	103.6
569.29	103.6
569.29	103.6
503.62	75.45
503.62	75.45
503.62	75.45
503.62	75.45
503.62	75.45
465.89	114.86
465.89	114.86
465.89	114.86
465.89	114.86
440.74	159.9
440.74	159.9
440.74	159.9
440.74	159.9
440.74	159.9
437.95	182.43
437.95	182.43
437.95	182.43
437.95	182.43
408.6	193.69
408.6	193.69
408.6	193.69
408.6	193.69
365.29	211.99
365.29	211.99
365.29	211.99
365.29	211.99
365.29	213.39
365.29	213.39
365.29	213.39
365.29	213.39
365.29	213.39
356.91	278.15
356.91	278.15
356.91	278.15
356.91	278.15
356.91	278.15
355.51	279.55
355.51	279.55
355.51	279.55
355.51	279.55
340.14	344.31
340.14	344.31
340.14	344.31
340.14	344.31
340.14	344.31
369.48	420.32
369.48	420.32
369.48	420.32
369.48	420.32
369.48	420.32
359.7	438.62
359.7	438.62
359.7	438.62
359.7	438.62
348.52	448.47
348.52	448.47
348.52	448.47
348.52	448.47
345.73	452.69
345.73	452.69
345.73	452.69
345.73	452.69
345.73	452.69
341.54	454.1
341.54	454.1
341.54	454.1
341.54	454.1
341.54	454.1
298.22	335.86
298.22	335.86
298.22	335.86
298.22	335.86
316.38	320.38
316.38	320.38
316.38	320.38
316.38	320.38
316.38	320.38
345.73	283.78
345.73	283.78
345.73	283.78
345.73	283.78
376.47	244.36
376.47	244.36
376.47	244.36
376.47	244.36
376.47	244.36
382.06	237.32
382.06	237.32
382.06	237.32
382.06	237.32
382.06	237.32
382.06	237.32
382.06	237.32
382.06	237.32
488.25	252.81
488.25	252.81
488.25	252.81
488.25	252.81
488.25	252.81
507.81	300.67
507.81	300.67
507.81	300.67
507.81	300.67
507.81	300.67
512	313.34
512	313.34
512	313.34
512	313.34
524.58	341.49
524.58	341.49
524.58	341.49
524.58	341.49
505.01	382.31
505.01	382.31
505.01	382.31
505.01	382.31
451.92	382.31
451.92	382.31
451.92	382.31
451.92	382.31
451.92	382.31
414.19	366.83
414.19	366.83
414.19	366.83
414.19	366.83
349.92	334.45
349.92	334.45
349.92	334.45
349.92	334.45
349.92	334.45
298.22	290.82
298.22	290.82
298.22	290.82
298.22	290.82
260.49	286.59
260.49	286.59
260.49	286.59
260.49	286.59
260.49	286.59
183.65	173.98
183.65	173.98
183.65	173.98
183.65	173.98
267.48	140.2
267.48	140.2
267.48	140.2
267.48	140.2
267.48	140.2
281.45	117.67
281.45	117.67
281.45	117.67
281.45	117.67
281.45	117.67
281.45	117.67
356.91	75.45
356.91	75.45
356.91	75.45
356.91	75.45
356.91	75.45
419.78	78.26
419.78	78.26
419.78	78.26
419.78	78.26
419.78	78.26
419.78	78.26
439.34	121.9
439.34	121.9
439.34	121.9
439.34	121.9
439.34	121.9
439.34	121.9
474.27	145.83
474.27	145.83
474.27	145.83
474.27	145.83
516.19	173.98
516.19	173.98
516.19	173.98
516.19	173.98
516.19	173.98
516.19	173.98
537.15	216.21
537.15	216.21
537.15	216.21
537.15	216.21
542.74	224.66
542.74	224.66
542.74	224.66
542.74	224.66
542.74	224.66
565.1	226.06
565.1	226.06
565.1	226.06
565.1	226.06
574.88	244.36
574.88	244.36
574.88	244.36
574.88	244.36
574.88	244.36
583.26	278.15
583.26	278.15
583.26	278.15
583.26	278.15
583.26	278.15
562.3	349.94
562.3	349.94
562.3	349.94
562.3	349.94
604.22	373.87
604.22	373.87
604.22	373.87
604.22	373.87
604.22	373.87
634.96	352.75
634.96	352.75
634.96	352.75
634.96	352.75
634.96	352.75
611.2	396.39
611.2	396.39
611.2	396.39
611.2	396.39
611.2	396.39
570.68	396.39
570.68	396.39
570.68	396.39
570.68	396.39
570.68	396.39
552.52	397.8
552.52	397.8
552.52	397.8
552.52	397.8
552.52	397.8
609.81	362.61
609.81	362.61
609.81	362.61
609.81	362.61
544.14	356.97
544.14	356.97
544.14	356.97
544.14	356.97
544.14	356.97
555.31	341.49
555.31	341.49
555.31	341.49
555.31	341.49
555.31	341.49
654.52	283.78
654.52	283.78
654.52	283.78
654.52	283.78
699.23	265.48
699.23	265.48
699.23	265.48
699.23	265.48
699.23	265.48
750.93	220.43
750.93	220.43
750.93	220.43
750.93	220.43
750.93	220.43
788.66	221.84
788.66	221.84
788.66	221.84
788.66	221.84
837.56	228.88
837.56	228.88
837.56	228.88
837.56	228.88
837.56	228.88
837.56	228.88
855.72	227.47
855.72	227.47
855.72	227.47
855.72	227.47
885.07	227.47
885.07	227.47
885.07	227.47
885.07	227.47
907.42	230.29
907.42	230.29
907.42	230.29
907.42	230.29
907.42	230.29
920	240.14
920	240.14
920	240.14
920	240.14
920	240.14
872.49	238.73
872.49	238.73
872.49	238.73
872.49	238.73
872.49	238.73
811.01	251.4
811.01	251.4
811.01	251.4
811.01	251.4
811.01	251.4
704.82	314.75
704.82	314.75
704.82	314.75
704.82	314.75
704.82	314.75
637.75	303.48
637.75	303.48
637.75	303.48
637.75	303.48
637.75	303.48
608.41	299.26
608.41	299.26
608.41	299.26
608.41	299.26
570.68	304.89
570.68	304.89
570.68	304.89
570.68	304.89
570.68	304.89
567.89	309.11
567.89	309.11
567.89	309.11
567.89	309.11
563.7	311.93
563.7	311.93
563.7	311.93
563.7	311.93
545.53	288
545.53	288
545.53	288
545.53	288
572.08	271.11
572.08	271.11
572.08	271.11
572.08	271.11
572.08	271.11
528.77	228.88
528.77	228.88
528.77	228.88
528.77	228.88
580.47	216.21
580.47	216.21
580.47	216.21
580.47	216.21
580.47	216.21
608.41	221.84
608.41	221.84
608.41	221.84
608.41	221.84
623.78	223.25
623.78	223.25
623.78	223.25
623.78	223.25
623.78	223.25
623.78	223.25
643.34	210.58
643.34	210.58
643.34	210.58
643.34	210.58
695.04	202.13
695.04	202.13
695.04	202.13
695.04	202.13
720.19	216.21
720.19	216.21
720.19	216.21
720.19	216.21
720.19	216.21
721.59	224.66
721.59	224.66
721.59	224.66
721.59	224.66
731.37	231.69
731.37	231.69
731.37	231.69
731.37	231.69
731.37	231.69
742.55	235.92
742.55	235.92
742.55	235.92
742.55	235.92
736.96	271.11
736.96	271.11
736.96	271.11
736.96	271.11
729.97	295.04
729.97	295.04
729.97	295.04
729.97	295.04
729.97	295.04
735.56	303.48
735.56	303.48
735.56	303.48
735.56	303.48
738.35	314.75
738.35	314.75
738.35	314.75
738.35	314.75
738.35	314.75
728.57	341.49
728.57	341.49
728.57	341.49
728.57	341.49
721.59	352.75
721.59	352.75
721.59	352.75
721.59	352.75
707.62	368.24
707.62	368.24
707.62	368.24
707.62	368.24
707.62	368.24
647.53	359.79
647.53	359.79
647.53	359.79
647.53	359.79
655.92	306.3
655.92	306.3
655.92	306.3
655.92	306.3
655.92	306.3
658.71	297.85
658.71	297.85
658.71	297.85
658.71	297.85
605.62	188.06
605.62	188.06
605.62	188.06
605.62	188.06
594.44	158.5
594.44	158.5
594.44	158.5
594.44	158.5
594.44	158.5
598.63	152.87
598.63	152.87
598.63	152.87
598.63	152.87
598.63	152.87
598.63	152.87
587.45	127.53
587.45	127.53
587.45	127.53
587.45	127.53
595.84	119.08
595.84	119.08
595.84	119.08
595.84	119.08
597.23	119.08
597.23	119.08
597.23	119.08
597.23	119.08
597.23	119.08
553.92	133.16
553.92	133.16
553.92	133.16
553.92	133.16
548.33	210.58
548.33	210.58
548.33	210.58
548.33	210.58
548.33	210.58
545.53	231.69
545.53	231.69
545.53	231.69
545.53	231.69
542.74	242.96
542.74	242.96
542.74	242.96
542.74	242.96
542.74	242.96
532.96	257.03
532.96	257.03
532.96	257.03
532.96	257.03
532.96	257.03
523.18	259.85
523.18	259.85
523.18	259.85
523.18	259.85
517.59	204.95
517.59	204.95
517.59	204.95
517.59	204.95
517.59	204.95
537.15	172.57
537.15	172.57
537.15	172.57
537.15	172.57
537.15	172.57
534.36	134.57
534.36	134.57
534.36	134.57
534.36	134.57
553.92	103.6
553.92	103.6
553.92	103.6
553.92	103.6
553.92	103.6
569.29	99.38
569.29	99.38
569.29	99.38
569.29	99.38
569.29	99.38
605.62	100.78
605.62	100.78
605.62	100.78
605.62	100.78
605.62	100.78
639.15	121.9
639.15	121.9
639.15	121.9
639.15	121.9
644.74	134.57
644.74	134.57
644.74	134.57
644.74	134.57
644.74	134.57
711.81	165.53
711.81	165.53
711.81	165.53
711.81	165.53
711.81	165.53
717.4	166.94
717.4	166.94
717.4	166.94
717.4	166.94
727.18	176.8
727.18	176.8
727.18	176.8
727.18	176.8
727.18	176.8
724.38	189.46
724.38	189.46
724.38	189.46
724.38	189.46
739.75	190.87
739.75	190.87
739.75	190.87
739.75	190.87
749.53	176.8
749.53	176.8
749.53	176.8
749.53	176.8
749.53	176.8
766.3	164.13
766.3	164.13
766.3	164.13
766.3	164.13
791.45	164.13
791.45	164.13
791.45	164.13
791.45	164.13
798.44	162.72
798.44	162.72
798.44	162.72
798.44	162.72
816.6	131.75
816.6	131.75
816.6	131.75
816.6	131.75
816.6	131.75
816.6	131.75
833.37	126.12
833.37	126.12
833.37	126.12
833.37	126.12
851.53	124.71
851.53	124.71
851.53	124.71
851.53	124.71
799.83	168.35
799.83	168.35
799.83	168.35
799.83	168.35
799.83	168.35
799.83	168.35
764.9	175.39
764.9	175.39
764.9	175.39
764.9	175.39
771.89	114.86
771.89	114.86
771.89	114.86
771.89	114.86
771.89	114.86
787.26	92.34
787.26	92.34
787.26	92.34
787.26	92.34
787.26	92.34
787.26	90.93
787.26	90.93
787.26	90.93
787.26	90.93
742.55	124.71
742.55	124.71
742.55	124.71
742.55	124.71
742.55	124.71
697.83	140.2
697.83	140.2
697.83	140.2
697.83	140.2
697.83	140.2
654.52	79.67
654.52	79.67
654.52	79.67
654.52	79.67
574.88	59.96
574.88	59.96
574.88	59.96
574.88	59.96
524.58	93.74
524.58	93.74
524.58	93.74
524.58	93.74
510.6	175.39
510.6	175.39
510.6	175.39
510.6	175.39
510.6	175.39
380.66	176.8
380.66	176.8
380.66	176.8
380.66	176.8
358.3	186.65
358.3	186.65
358.3	186.65
358.3	186.65
358.3	186.65
368.08	220.43
368.08	220.43
368.08	220.43
368.08	220.43
368.08	220.43
375.07	223.25
375.07	223.25
375.07	223.25
375.07	223.25
375.07	223.25
421.18	227.47
421.18	227.47
421.18	227.47
421.18	227.47
478.47	207.76
478.47	207.76
478.47	207.76
478.47	207.76
475.67	197.91
475.67	197.91
475.67	197.91
475.67	197.91
475.67	197.91
492.44	185.24
492.44	185.24
492.44	185.24
492.44	185.24
514.79	173.98
514.79	173.98
514.79	173.98
514.79	173.98
514.79	172.57
514.79	172.57
514.79	172.57
514.79	172.57
514.79	172.57
491.04	151.46
491.04	151.46
491.04	151.46
491.04	151.46
489.64	117.67
489.64	117.67
489.64	117.67
489.64	117.67
489.64	116.27
489.64	116.27
489.64	116.27
489.64	116.27
419.78	97.97
419.78	97.97
419.78	97.97
419.78	97.97
419.78	97.97
398.82	106.41
398.82	106.41
398.82	106.41
398.82	106.41
398.82	106.41
444.93	97.97
444.93	97.97
444.93	97.97
444.93	97.97
396.03	21.95
396.03	21.95
396.03	21.95
396.03	21.95
396.03	21.95
0	0
0	0
0	0
0	0
0	0
0	0
0	0
0	0
0	0
0	0
0	0
0	0
0	0
0	0
0	0
0	0
0	0
0	0
0	0
0	0
0	0
0	0
0	0
0	0
363.89	41.66
363.89	41.66
363.89	41.66
363.89	41.66
363.89	41.66
363.89	41.66
264.69	59.96
264.69	59.96
264.69	59.96
264.69	59.96
281.45	138.79
281.45	138.79
281.45	138.79
281.45	138.79
281.45	138.79
281.45	138.79
330.36	169.76
330.36	169.76
330.36	169.76
330.36	169.76
330.36	169.76
361.1	182.43
361.1	182.43
361.1	182.43
361.1	182.43
426.77	223.25
426.77	223.25
426.77	223.25
426.77	223.25
428.16	231.69
428.16	231.69
428.16	231.69
428.16	231.69
454.71	241.55
454.71	241.55
454.71	241.55
454.71	241.55
454.71	241.55
492.44	227.47
492.44	227.47
492.44	227.47
492.44	227.47
544.14	196.5
544.14	196.5
544.14	196.5
544.14	196.5
544.14	196.5
553.92	189.46
553.92	189.46
553.92	189.46
553.92	189.46
553.92	189.46
566.49	185.24
566.49	185.24
566.49	185.24
566.49	185.24
579.07	173.98
579.07	173.98
579.07	173.98
579.07	173.98
579.07	173.98
588.85	157.09
588.85	157.09
588.85	157.09
588.85	157.09
588.85	157.09
588.85	157.09
588.85	157.09
588.85	157.09
553.92	158.5
553.92	158.5
553.92	158.5
553.92	158.5
546.93	164.13
546.93	164.13
546.93	164.13
546.93	164.13
546.93	164.13
546.93	164.13
546.93	164.13
546.93	164.13
546.93	164.13
546.93	164.13
546.93	164.13
546.93	164.13
546.93	164.13
546.93	164.13
546.93	164.13
546.93	164.13
546.93	164.13
546.93	164.13
546.93	164.13
546.93	164.13
546.93	164.13
546.93	164.13
546.93	164.13
546.93	164.13
546.93	164.13
546.93	164.13
546.93	164.13
546.93	164.13
546.93	164.13
546.93	164.13
546.93	164.13
546.93	164.13
546.93	164.13
546.93	164.13
546.93	164.13
546.93	164.13
546.93	164.13
546.93	164.13
546.93	164.13
546.93	164.13
546.93	164.13
546.93	164.13
546.93	164.13
546.93	164.13
546.93	164.13
546.93	164.13
546.93	164.13
546.93	164.13
546.93	164.13
546.93	164.13
546.93	164.13
546.93	164.13
546.93	164.13
546.93	164.13
546.93	164.13
546.93	164.13
546.93	164.13
546.93	164.13
546.93	164.13
546.93	164.13
546.93	164.13
546.93	164.13
546.93	164.13
546.93	164.13
546.93	164.13
546.93	164.13
546.93	164.13
546.93	164.13
546.93	164.13
546.93	164.13
546.93	164.13
546.93	164.13
546.93	164.13
546.93	164.13
546.93	164.13
546.93	164.13
546.93	164.13
546.93	164.13
546.93	164.13
546.93	164.13
546.93	164.13
546.93	164.13
546.93	164.13
546.93	164.13
546.93	164.13
546.93	164.13
546.93	164.13
546.93	164.13
546.93	164.13
546.93	164.13
546.93	164.13
546.93	164.13
546.93	164.13
546.93	164.13
546.93	164.13
546.93	164.13
546.93	164.13
546.93	164.13
546.93	164.13
546.93	164.13
546.93	164.13
546.93	164.13
546.93	164.13
546.93	164.13
546.93	164.13
546.93	164.13
546.93	164.13
546.93	164.13
546.93	164.13
546.93	164.13
546.93	164.13
546.93	164.13
546.93	164.13
546.93	164.13
546.93	164.13
546.93	164.13
546.93	164.13
546.93	164.13
546.93	164.13
546.93	164.13
546.93	164.13
546.93	164.13
546.93	164.13
546.93	164.13
546.93	164.13
546.93	164.13
546.93	164.13
546.93	164.13
546.93	164.13
546.93	164.13
546.93	164.13
546.93	164.13
546.93	164.13
546.93	164.13
546.93	164.13
546.93	164.13
546.93	164.13
546.93	164.13
546.93	164.13
546.93	164.13
546.93	164.13
546.93	164.13
546.93	164.13
546.93	164.13
546.93	164.13
546.93	164.13
546.93	164.13
546.93	164.13
546.93	164.13
546.93	164.13
546.93	164.13
546.93	164.13
546.93	164.13
546.93	164.13
546.93	164.13
546.93	164.13
546.93	164.13
546.93	164.13
546.93	164.13
546.93	164.13
546.93	164.13
546.93	164.13
546.93	164.13
546.93	164.13
546.93	164.13
546.93	164.13
546.93	164.13
546.93	164.13
546.93	164.13
546.93	164.13
546.93	164.13
546.93	164.13
546.93	164.13
546.93	164.13
546.93	164.13
546.93	164.13
546.93	164.13
546.93	164.13
546.93	164.13
546.93	164.13
546.93	164.13
546.93	164.13
546.93	164.13
546.93	164.13
546.93	164.13
546.93	164.13
546.93	164.13
546.93	164.13
546.93	164.13
546.93	164.13
546.93	164.13
546.93	164.13
546.93	164.13
546.93	164.13
546.93	164.13
546.93	164.13
546.93	164.13
546.93	164.13
546.93	164.13
546.93	164.13
546.93	164.13
546.93	164.13
546.93	164.13
546.93	164.13
546.93	164.13
546.93	164.13
546.93	164.13
546.93	164.13
546.93	164.13
546.93	164.13
546.93	164.13
546.93	164.13
546.93	164.13
546.93	164.13
546.93	164.13
546.93	164.13
546.93	164.13
546.93	164.13
546.93	164.13
546.93	164.13
546.93	164.13
0	0
0	0
0	0
0	0
0	0
0	0
0	0
0	0
0	0
0	0
0	0
0	0
0	0
0	0
0	0
348.52	67
348.52	67
348.52	67
348.52	67
348.52	67
331.75	62.78
331.75	62.78
331.75	62.78
331.75	62.78
138.93	68.41
138.93	68.41
138.93	68.41
138.93	68.41
140.33	81.08
140.33	81.08
140.33	81.08
140.33	81.08
140.33	81.08
140.33	81.08
296.82	110.64
296.82	110.64
296.82	110.64
296.82	110.64
296.82	110.64
316.38	109.23
316.38	109.23
316.38	109.23
316.38	109.23
342.93	124.71
342.93	124.71
342.93	124.71
342.93	124.71
442.14	130.34
442.14	130.34
442.14	130.34
442.14	130.34
442.14	130.34
405.81	133.16
405.81	133.16
405.81	133.16
405.81	133.16
405.81	133.16
405.81	133.16
405.81	133.16
405.81	133.16
405.81	133.16
405.81	133.16
354.11	131.75
354.11	131.75
354.11	131.75
354.11	131.75
354.11	131.75
0	0
0	0
0	0
0	0
0	0
0	0
0	0
0	0
0	0
0	0
0	0
0	0
0	0
0	0
0	0
0	0
0	0
0	0
0	0
0	0
0	0
0	0
0	0
0	0
0	0
0	0
0	0
0	0
0	0
0	0
0	0
0	0
0	0
0	0
0	0
0	0
0	0
0	0
0	0
0	0
0	0
0	0
0	0
0	0
0	0
0	0
0	0
0	0
0	0
0	0
0	0
0	0
0	0
0	0
0	0
0	0
0	0
0	0
0	0
0	0
0	0
0	0
0	0
0	0
0	0
0	0
0	0
0	0
0	0
0	0
0	0
0	0
0	0
0	0
0	0
0	0
0	0
0	0
0	0
0	0
0	0
0	0
0	0
0	0
0	0
0	0
0	0
0	0
0	0
0	0
173.87	445.66
173.87	445.66
173.87	445.66
173.87	445.66
173.87	445.66
130.55	435.8
130.55	435.8
130.55	435.8
130.55	435.8
0	0
0	0
0	0
0	0
0	0
0	0
0	0
0	0
0	0
0	0
0	0
0	0
0	0
0	0
0	0
0	0
0	0
0	0
0	0
0	0
0	0
0	0
0	0
0	0
0	0
0	0
0	0
0	0
0	0
0	0
0	0
0	0
872.49	99.38
872.49	99.38
872.49	99.38
872.49	99.38
872.49	99.38
0	0
0	0
0	0
0	0
0	0
0	0
0	0
0	0
0	0
0	0
0	0
0	0
0	0
0	0
0	0
855.72	128.94
855.72	128.94
855.72	128.94
855.72	128.94
662.9	112.04
662.9	112.04
662.9	112.04
662.9	112.04
662.9	112.04
541.34	113.45
541.34	113.45
541.34	113.45
541.34	113.45
541.34	113.45
405.81	92.34
405.81	92.34
405.81	92.34
405.81	92.34
405.81	92.34
183.65	68.41
183.65	68.41
183.65	68.41
183.65	68.41
2	81.08
2	81.08
2	81.08
2	81.08
2	81.08
0	0
0	0
0	0
0	0
0	0
0	0
0	0
0	0
0	0
0	0
126.36	71.22
126.36	71.22
126.36	71.22
126.36	71.22
126.36	71.22
126.36	71.22
173.87	128.94
173.87	128.94
173.87	128.94
173.87	128.94
187.84	152.87
187.84	152.87
187.84	152.87
187.84	152.87
187.84	152.87
401.62	178.2
401.62	178.2
401.62	178.2
401.62	178.2
401.62	178.2
446.33	179.61
446.33	179.61
446.33	179.61
446.33	179.61
446.33	179.61
449.12	189.46
449.12	189.46
449.12	189.46
449.12	189.46
449.12	189.46
521.78	202.13
521.78	202.13
521.78	202.13
521.78	202.13
477.07	176.8
477.07	176.8
477.07	176.8
477.07	176.8
365.29	155.68
365.29	155.68
365.29	155.68
365.29	155.68
323.37	168.35
323.37	168.35
323.37	168.35
323.37	168.35
323.37	168.35
479.86	162.72
479.86	162.72
479.86	162.72
479.86	162.72
482.66	154.27
482.66	154.27
482.66	154.27
482.66	154.27
482.66	154.27
479.86	119.08
479.86	119.08
479.86	119.08
479.86	119.08
479.86	119.08
479.86	119.08
517.59	105.01
517.59	105.01
517.59	105.01
517.59	105.01
567.89	106.41
567.89	106.41
567.89	106.41
567.89	106.41
567.89	106.41
567.89	106.41
567.89	106.41
567.89	106.41
566.49	106.41
566.49	106.41
566.49	106.41
566.49	106.41
565.1	109.23
565.1	109.23
565.1	109.23
565.1	109.23
562.3	114.86
562.3	114.86
562.3	114.86
562.3	114.86
562.3	114.86
552.52	140.2
552.52	140.2
552.52	140.2
552.52	140.2
549.73	140.2
549.73	140.2
549.73	140.2
549.73	140.2
549.73	140.2
549.73	140.2
549.73	140.2
549.73	140.2
530.16	143.01
530.16	143.01
530.16	143.01
530.16	143.01
520.38	148.64
520.38	148.64
520.38	148.64
520.38	148.64
520.38	148.64
517.59	159.9
517.59	159.9
517.59	159.9
517.59	159.9
520.38	155.68
520.38	155.68
520.38	155.68
520.38	155.68
531.56	143.01
531.56	143.01
531.56	143.01
531.56	143.01
531.56	143.01
528.77	137.38
528.77	137.38
528.77	137.38
528.77	137.38
523.18	140.2
523.18	140.2
523.18	140.2
523.18	140.2
523.18	140.2
541.34	165.53
541.34	165.53
541.34	165.53
541.34	165.53
542.74	162.72
542.74	162.72
542.74	162.72
542.74	162.72
542.74	162.72
542.74	162.72
542.74	162.72
542.74	162.72
542.74	162.72
532.96	206.36
532.96	206.36
532.96	206.36
532.96	206.36
532.96	206.36
528.77	214.8
528.77	214.8
528.77	214.8
528.77	214.8
528.77	214.8
516.19	242.96
516.19	242.96
516.19	242.96
516.19	242.96
507.81	259.85
507.81	259.85
507.81	259.85
507.81	259.85
507.81	259.85
470.08	285.18
470.08	285.18
470.08	285.18
470.08	285.18
470.08	285.18
451.92	290.82
451.92	290.82
451.92	290.82
451.92	290.82
451.92	290.82
451.92	290.82
426.77	288
426.77	288
426.77	288
426.77	288
429.56	304.89
429.56	304.89
429.56	304.89
429.56	304.89
437.95	317.56
437.95	317.56
437.95	317.56
437.95	317.56
437.95	317.56
454.71	337.27
454.71	337.27
454.71	337.27
454.71	337.27
474.27	344.31
474.27	344.31
474.27	344.31
474.27	344.31
509.21	349.94
509.21	349.94
509.21	349.94
509.21	349.94
517.59	354.16
517.59	354.16
517.59	354.16
517.59	354.16
517.59	354.16
521.78	371.05
521.78	371.05
521.78	371.05
521.78	371.05
521.78	371.05
531.56	383.72
531.56	383.72
531.56	383.72
531.56	383.72
539.95	394.98
539.95	394.98
539.95	394.98
539.95	394.98
548.33	394.98
548.33	394.98
548.33	394.98
548.33	394.98
552.52	394.98
552.52	394.98
552.52	394.98
552.52	394.98
541.34	347.12
541.34	347.12
541.34	347.12
541.34	347.12
525.97	226.06
525.97	226.06
525.97	226.06
525.97	226.06
525.97	226.06
525.97	226.06
525.97	226.06
525.97	226.06
525.97	226.06
525.97	226.06
506.41	179.61
506.41	179.61
506.41	179.61
506.41	179.61
506.41	179.61
474.27	169.76
474.27	169.76
474.27	169.76
474.27	169.76
474.27	169.76
440.74	114.86
440.74	114.86
440.74	114.86
440.74	114.86
421.18	105.01
421.18	105.01
421.18	105.01
421.18	105.01
419.78	103.6
419.78	103.6
419.78	103.6
419.78	103.6
419.78	103.6
396.03	105.01
396.03	105.01
396.03	105.01
396.03	105.01
396.03	105.01
415.59	109.23
415.59	109.23
415.59	109.23
415.59	109.23
446.33	88.11
446.33	88.11
446.33	88.11
446.33	88.11
447.73	83.89
447.73	83.89
447.73	83.89
447.73	83.89
447.73	83.89
464.49	88.11
464.49	88.11
464.49	88.11
464.49	88.11
464.49	88.11
468.69	97.97
468.69	97.97
468.69	97.97
468.69	97.97
470.08	102.19
470.08	102.19
470.08	102.19
470.08	102.19
477.07	120.49
477.07	120.49
477.07	120.49
477.07	120.49
477.07	120.49
492.44	171.17
492.44	171.17
492.44	171.17
492.44	171.17
492.44	171.17
492.44	171.17
492.44	171.17
492.44	171.17
492.44	171.17
492.44	171.17
481.26	185.24
481.26	185.24
481.26	185.24
481.26	185.24
481.26	185.24
479.86	196.5
479.86	196.5
479.86	196.5
479.86	196.5
450.52	200.73
450.52	200.73
450.52	200.73
450.52	200.73
450.52	200.73
447.73	200.73
447.73	200.73
447.73	200.73
447.73	200.73
447.73	200.73
447.73	200.73
432.36	216.21
432.36	216.21
432.36	216.21
432.36	216.21
432.36	216.21
426.77	230.29
426.77	230.29
426.77	230.29
426.77	230.29
426.77	247.18
426.77	247.18
426.77	247.18
426.77	247.18
426.77	247.18
479.86	271.11
479.86	271.11
479.86	271.11
479.86	271.11
479.86	271.11
479.86	272.52
479.86	272.52
479.86	272.52
479.86	272.52
484.05	280.96
484.05	280.96
484.05	280.96
484.05	280.96
484.05	280.96
485.45	283.78
485.45	283.78
485.45	283.78
485.45	283.78
485.45	283.78
485.45	283.78
486.85	302.08
486.85	302.08
486.85	302.08
486.85	302.08
486.85	303.48
486.85	303.48
486.85	303.48
486.85	303.48
486.85	303.48
486.85	316.15
486.85	316.15
486.85	316.15
486.85	316.15
486.85	320.38
486.85	320.38
486.85	320.38
486.85	320.38
486.85	328.82
486.85	328.82
486.85	328.82
486.85	328.82
486.85	333.04
486.85	333.04
486.85	333.04
486.85	333.04
498.03	344.31
498.03	344.31
498.03	344.31
498.03	344.31
498.03	344.31
505.01	348.53
505.01	348.53
505.01	348.53
505.01	348.53
506.41	358.38
506.41	358.38
506.41	358.38
506.41	358.38
506.41	368.24
506.41	368.24
506.41	368.24
506.41	368.24
506.41	371.05
506.41	371.05
506.41	371.05
506.41	371.05
506.41	371.05
512	373.87
512	373.87
512	373.87
512	373.87
548.33	372.46
548.33	372.46
548.33	372.46
548.33	372.46
555.31	372.46
555.31	372.46
555.31	372.46
555.31	372.46
559.51	385.13
559.51	385.13
559.51	385.13
559.51	385.13
559.51	385.13
559.51	387.94
559.51	387.94
559.51	387.94
559.51	387.94
566.49	371.05
566.49	371.05
566.49	371.05
566.49	371.05
566.49	371.05
583.26	311.93
583.26	311.93
583.26	311.93
583.26	311.93
587.45	311.93
587.45	311.93
587.45	311.93
586.05	249.99
586.05	249.99
586.05	249.99
586.05	249.99
586.05	249.99
588.85	230.29
588.85	230.29
588.85	230.29
588.85	230.29
588.85	227.47
588.85	227.47
588.85	227.47
588.85	227.47
588.85	227.47
581.86	189.46
581.86	189.46
581.86	189.46
581.86	189.46
594.44	190.87
594.44	190.87
594.44	190.87
594.44	190.87
594.44	190.87
594.44	190.87
594.44	190.87
594.44	190.87
602.82	192.28
602.82	192.28
602.82	192.28
602.82	192.28
602.82	192.28
630.77	196.5
630.77	196.5
630.77	196.5
630.77	196.5
630.77	196.5
667.09	203.54
667.09	203.54
667.09	203.54
667.09	203.54
667.09	203.54
686.66	210.58
686.66	210.58
686.66	210.58
686.66	210.58
686.66	210.58
595.84	173.98
595.84	173.98
595.84	173.98
595.84	173.98
565.1	110.64
565.1	110.64
565.1	110.64
565.1	110.64
559.51	106.41
559.51	106.41
559.51	106.41
559.51	106.41
559.51	106.41
482.66	102.19
482.66	102.19
482.66	102.19
482.66	102.19
482.66	102.19
419.78	86.71
419.78	86.71
419.78	86.71
419.78	86.71
419.78	78.26
419.78	78.26
419.78	78.26
419.78	78.26
419.78	78.26
415.59	82.48
415.59	82.48
415.59	82.48
415.59	82.48
415.59	82.48
404.41	97.97
404.41	97.97
404.41	97.97
404.41	97.97
404.41	97.97
403.01	107.82
403.01	107.82
403.01	107.82
403.01	107.82
443.53	165.53
443.53	165.53
443.53	165.53
443.53	165.53
443.53	165.53
443.53	165.53
520.38	179.61
520.38	179.61
520.38	179.61
520.38	179.61
541.34	157.09
541.34	157.09
541.34	157.09
541.34	157.09
541.34	157.09
567.89	155.68
567.89	155.68
567.89	155.68
567.89	155.68
567.89	155.68
605.62	165.53
605.62	165.53
605.62	165.53
605.62	165.53
605.62	165.53
605.62	165.53
605.62	165.53
605.62	165.53
598.63	157.09
598.63	157.09
598.63	157.09
598.63	157.09
598.63	157.09
551.12	130.34
551.12	130.34
551.12	130.34
551.12	130.34
551.12	130.34
551.12	130.34
551.12	130.34
551.12	130.34
551.12	130.34
551.12	130.34
551.12	130.34
551.12	130.34
538.55	138.79
538.55	138.79
538.55	138.79
538.55	138.79
538.55	138.79
530.16	135.97
530.16	135.97
530.16	135.97
530.16	135.97
530.16	134.57
530.16	134.57
530.16	134.57
530.16	134.57
524.58	133.16
524.58	133.16
524.58	133.16
524.58	133.16
524.58	133.16
524.58	133.16
524.58	133.16
524.58	133.16
524.58	133.16
524.58	133.16
493.84	145.83
493.84	145.83
493.84	145.83
493.84	145.83
493.84	145.83
498.03	158.5
498.03	158.5
498.03	158.5
498.03	158.5
498.03	158.5
492.44	182.43
492.44	182.43
492.44	182.43
492.44	182.43
492.44	182.43
488.25	209.17
488.25	209.17
488.25	209.17
488.25	209.17
488.25	209.17
488.25	210.58
488.25	210.58
488.25	210.58
488.25	210.58
488.25	210.58
491.04	233.1
491.04	233.1
491.04	233.1
491.04	233.1
500.82	258.44
500.82	258.44
500.82	258.44
500.82	258.44
500.82	258.44
505.01	293.63
505.01	293.63
505.01	293.63
505.01	293.63
506.41	311.93
506.41	311.93
506.41	311.93
506.41	311.93
506.41	311.93
524.58	338.68
524.58	338.68
524.58	338.68
524.58	338.68
605.62	333.04
605.62	333.04
605.62	333.04
605.62	333.04
651.73	309.11
651.73	309.11
651.73	309.11
651.73	309.11
662.9	307.71
662.9	307.71
662.9	307.71
662.9	307.71
662.9	307.71
619.59	328.82
619.59	328.82
619.59	328.82
619.59	328.82
609.81	320.38
609.81	320.38
609.81	320.38
609.81	320.38
552.52	316.15
552.52	316.15
552.52	316.15
552.52	316.15
545.53	280.96
545.53	280.96
545.53	280.96
545.53	280.96
545.53	280.96
548.33	252.81
548.33	252.81
548.33	252.81
548.33	252.81
548.33	252.81
546.93	249.99
546.93	249.99
546.93	249.99
546.93	249.99
546.93	249.99
534.36	251.4
534.36	251.4
534.36	251.4
534.36	251.4
534.36	251.4
528.77	257.03
528.77	257.03
528.77	257.03
528.77	257.03
528.77	257.03
493.84	178.2
493.84	178.2
493.84	178.2
493.84	178.2
500.82	158.5
500.82	158.5
500.82	158.5
500.82	158.5
500.82	158.5
500.82	158.5
500.82	158.5
500.82	158.5
500.82	158.5
500.82	158.5
502.22	148.64
502.22	148.64
502.22	148.64
502.22	148.64
502.22	148.64
518.99	145.83
518.99	145.83
518.99	145.83
518.99	145.83
498.03	127.53
498.03	127.53
498.03	127.53
498.03	127.53
498.03	127.53
498.03	127.53
451.92	72.63
451.92	72.63
451.92	72.63
451.92	72.63
451.92	72.63
451.92	72.63
451.92	72.63
451.92	72.63
449.12	31.81
449.12	31.81
449.12	31.81
449.12	31.81
444.93	9.29
444.93	9.29
444.93	9.29
444.93	9.29
444.93	9.29
444.93	9.29
412.8	0.84
412.8	0.84
412.8	0.84
412.8	0.84
0	0
0	0
0	0
0	0
0	0
0	0
0	0
0	0
0	0
457.51	6.47
457.51	6.47
457.51	6.47
457.51	6.47
457.51	6.47
468.69	61.37
468.69	61.37
468.69	61.37
468.69	61.37
468.69	61.37
482.66	97.97
482.66	97.97
482.66	97.97
482.66	97.97
482.66	97.97
482.66	106.41
482.66	106.41
482.66	106.41
482.66	106.41
484.05	116.27
484.05	116.27
484.05	116.27
484.05	116.27
485.45	144.42
485.45	144.42
485.45	144.42
485.45	144.42
485.45	144.42
496.63	155.68
496.63	155.68
496.63	155.68
496.63	155.68
496.63	157.09
496.63	157.09
496.63	157.09
496.63	157.09
496.63	157.09
513.4	196.5
513.4	196.5
513.4	196.5
513.4	196.5
512	242.96
512	242.96
512	242.96
512	242.96
512	242.96
514.79	251.4
514.79	251.4
514.79	251.4
514.79	251.4
514.79	251.4
514.79	251.4
514.79	251.4
514.79	251.4
514.79	251.4
514.79	251.4
512	279.55
512	279.55
512	279.55
512	279.55
512	279.55
512	283.78
512	283.78
512	283.78
512	283.78
512	283.78
512	283.78
512	283.78
512	283.78
512	286.59
512	286.59
512	286.59
512	286.59
514.79	297.85
514.79	297.85
514.79	297.85
514.79	297.85
514.79	297.85
518.99	320.38
518.99	320.38
518.99	320.38
518.99	320.38
512	338.68
512	338.68
512	338.68
512	338.68
512	338.68
507.81	344.31
507.81	344.31
507.81	344.31
507.81	344.31
507.81	344.31
507.81	344.31
507.81	344.31
507.81	344.31
507.81	344.31
507.81	344.31
507.81	344.31
507.81	344.31
507.81	344.31
513.4	340.08
513.4	340.08
513.4	340.08
513.4	340.08
555.31	347.12
555.31	347.12
555.31	347.12
555.31	347.12
559.51	351.34
559.51	351.34
559.51	351.34
559.51	351.34
559.51	351.34
555.31	304.89
555.31	304.89
555.31	304.89
555.31	304.89
555.31	304.89
566.49	254.22
566.49	254.22
566.49	254.22
566.49	254.22
570.68	251.4
570.68	251.4
570.68	251.4
570.68	251.4
535.75	199.32
535.75	199.32
535.75	199.32
535.75	199.32
535.75	199.32
532.96	148.64
532.96	148.64
532.96	148.64
532.96	148.64
532.96	148.64
498.03	105.01
498.03	105.01
498.03	105.01
498.03	105.01
491.04	83.89
491.04	83.89
491.04	83.89
491.04	83.89
491.04	83.89
491.04	83.89
491.04	83.89
491.04	83.89
491.04	83.89
443.53	31.81
443.53	31.81
443.53	31.81
443.53	31.81
443.53	31.81
443.53	31.81
443.53	31.81
443.53	31.81
443.53	31.81
443.53	31.81
443.53	31.81
443.53	31.81
443.53	31.81
443.53	31.81
443.53	31.81
443.53	31.81
443.53	31.81
443.53	31.81
443.53	31.81
443.53	31.81
443.53	31.81
443.53	31.81
443.53	31.81
443.53	31.81
432.36	13.51
432.36	13.51
432.36	13.51
432.36	13.51
432.36	13.51
432.36	13.51
436.55	33.22
436.55	33.22
436.55	33.22
436.55	33.22
436.55	33.22
544.14	62.78
544.14	62.78
544.14	62.78
544.14	62.78
552.52	71.22
552.52	71.22
552.52	71.22
552.52	71.22
552.52	71.22
551.12	103.6
551.12	103.6
551.12	103.6
551.12	103.6
601.42	120.49
601.42	120.49
601.42	120.49
601.42	120.49
601.42	120.49
601.42	120.49
602.82	143.01
602.82	143.01
602.82	143.01
602.82	143.01
602.82	143.01
602.82	143.01
539.95	158.5
539.95	158.5
539.95	158.5
539.95	158.5
525.97	192.28
525.97	192.28
525.97	192.28
525.97	192.28
525.97	192.28
566.49	228.88
566.49	228.88
566.49	228.88
566.49	228.88
566.49	228.88
584.66	262.66
584.66	262.66
584.66	262.66
584.66	262.66
590.25	299.26
590.25	299.26
590.25	299.26
590.25	299.26
590.25	299.26
616.79	333.04
616.79	333.04
616.79	333.04
616.79	333.04
676.88	368.24
676.88	368.24
676.88	368.24
676.88	368.24
690.85	358.38
690.85	358.38
690.85	358.38
690.85	358.38
690.85	358.38
707.62	344.31
707.62	344.31
707.62	344.31
707.62	344.31
713.2	344.31
713.2	344.31
713.2	344.31
713.2	344.31
741.15	333.04
741.15	333.04
741.15	333.04
741.15	333.04
762.11	321.78
762.11	321.78
762.11	321.78
762.11	321.78
762.11	321.78
784.46	324.6
784.46	324.6
784.46	324.6
784.46	324.6
784.46	324.6
809.61	335.86
809.61	335.86
809.61	335.86
809.61	335.86
811.01	340.08
811.01	340.08
811.01	340.08
811.01	340.08
812.41	341.49
812.41	341.49
812.41	341.49
812.41	341.49
806.82	345.71
806.82	345.71
806.82	345.71
806.82	345.71
806.82	345.71
753.72	321.78
753.72	321.78
753.72	321.78
753.72	321.78
686.66	306.3
686.66	306.3
686.66	306.3
686.66	306.3
686.66	306.3
612.6	300.67
612.6	300.67
612.6	300.67
612.6	300.67
612.6	300.67
566.49	304.89
566.49	304.89
566.49	304.89
566.49	304.89
551.12	293.63
551.12	293.63
551.12	293.63
551.12	293.63
549.73	262.66
549.73	262.66
549.73	262.66
549.73	262.66
539.95	248.59
539.95	248.59
539.95	248.59
539.95	248.59
539.95	248.59
573.48	233.1
573.48	233.1
573.48	233.1
573.48	233.1
625.18	200.73
625.18	200.73
625.18	200.73
625.18	200.73
560.9	85.3
560.9	85.3
560.9	85.3
560.9	85.3
560.9	85.3
559.51	75.45
559.51	75.45
559.51	75.45
559.51	75.45
559.51	75.45
559.51	75.45
559.51	75.45
559.51	75.45
559.51	75.45
559.51	75.45
559.51	75.45
559.51	75.45
559.51	75.45
559.51	75.45
559.51	75.45
559.51	75.45
559.51	75.45
559.51	75.45
559.51	75.45
559.51	75.45
559.51	75.45
559.51	75.45
559.51	75.45
559.51	75.45
559.51	75.45
559.51	75.45
559.51	75.45
559.51	75.45
559.51	75.45
559.51	75.45
559.51	75.45
559.51	75.45
559.51	75.45
559.51	75.45
559.51	75.45
559.51	75.45
559.51	75.45
559.51	75.45
559.51	75.45
559.51	75.45
559.51	75.45
559.51	75.45
559.51	75.45
559.51	75.45
559.51	75.45
559.51	75.45
559.51	75.45
559.51	75.45
559.51	75.45
559.51	75.45
559.51	75.45
559.51	75.45
559.51	75.45
559.51	75.45
559.51	75.45
559.51	75.45
559.51	75.45
559.51	75.45
559.51	75.45
559.51	75.45
559.51	75.45
559.51	75.45
559.51	75.45
559.51	75.45
559.51	75.45
559.51	75.45
559.51	75.45
559.51	75.45
559.51	75.45
559.51	75.45
559.51	75.45
559.51	75.45
559.51	75.45
559.51	75.45
559.51	75.45
559.51	75.45
559.51	75.45
559.51	75.45
559.51	75.45
559.51	75.45
559.51	75.45
559.51	75.45
559.51	75.45
559.51	75.45
559.51	75.45
559.51	75.45
559.51	75.45
559.51	75.45
559.51	75.45
559.51	75.45
559.51	75.45
559.51	75.45
559.51	75.45
559.51	75.45
559.51	75.45
559.51	75.45
559.51	75.45
559.51	75.45
559.51	75.45
559.51	75.45
559.51	75.45
559.51	75.45
559.51	75.45
559.51	75.45
559.51	75.45
559.51	75.45
559.51	75.45
559.51	75.45
559.51	75.45
559.51	75.45
559.51	75.45
559.51	75.45
559.51	75.45
559.51	75.45
559.51	75.45
559.51	75.45
559.51	75.45
559.51	75.45
559.51	75.45
559.51	75.45
559.51	75.45
559.51	75.45
559.51	75.45
559.51	75.45
559.51	75.45
559.51	75.45
559.51	75.45
559.51	75.45
559.51	75.45
559.51	75.45
559.51	75.45
559.51	75.45
559.51	75.45
559.51	75.45
559.51	75.45
559.51	75.45
559.51	75.45
559.51	75.45
559.51	75.45
559.51	75.45
559.51	75.45
559.51	75.45
559.51	75.45
559.51	75.45
559.51	75.45
559.51	75.45
559.51	75.45
559.51	75.45
559.51	75.45
559.51	75.45
559.51	75.45
559.51	75.45
559.51	75.45
559.51	75.45
559.51	75.45
559.51	75.45
559.51	75.45
559.51	75.45
559.51	75.45
559.51	75.45
559.51	75.45
559.51	75.45
559.51	75.45
559.51	75.45
559.51	75.45
559.51	75.45
559.51	75.45
559.51	75.45
559.51	75.45
559.51	75.45
559.51	75.45
559.51	75.45
559.51	75.45
559.51	75.45
559.51	75.45
559.51	75.45
559.51	75.45
559.51	75.45
559.51	75.45
559.51	75.45
559.51	75.45
559.51	75.45
559.51	75.45
559.51	75.45
559.51	75.45
559.51	75.45
559.51	75.45
559.51	75.45
559.51	75.45
559.51	75.45
559.51	75.45
559.51	75.45
559.51	75.45
559.51	75.45
559.51	75.45
559.51	75.45
559.51	75.45
559.51	75.45
559.51	75.45
559.51	75.45
559.51	75.45
559.51	75.45
559.51	75.45
559.51	75.45
559.51	75.45
559.51	75.45
559.51	75.45
559.51	75.45
559.51	75.45
559.51	75.45
559.51	75.45
559.51	75.45
559.51	75.45
559.51	75.45
559.51	75.45
559.51	75.45
559.51	75.45
559.51	75.45
559.51	75.45
559.51	75.45
559.51	75.45
559.51	75.45
559.51	75.45
559.51	75.45
559.51	75.45
559.51	75.45
559.51	75.45
559.51	75.45
559.51	75.45
559.51	75.45
559.51	75.45
559.51	75.45
559.51	75.45
559.51	75.45
559.51	75.45
559.51	75.45
559.51	75.45
559.51	75.45
559.51	75.45
559.51	75.45
559.51	75.45
559.51	75.45
559.51	75.45
559.51	75.45
559.51	75.45
559.51	75.45
559.51	75.45
559.51	75.45
559.51	75.45
559.51	75.45
559.51	75.45
559.51	75.45
559.51	75.45
559.51	75.45
559.51	75.45
559.51	75.45
559.51	75.45
559.51	75.45
559.51	75.45
559.51	75.45
559.51	75.45
559.51	75.45
559.51	75.45
559.51	75.45
559.51	75.45
559.51	75.45
559.51	75.45
559.51	75.45
559.51	75.45
559.51	75.45
559.51	75.45
559.51	75.45
559.51	75.45
559.51	75.45
559.51	75.45
559.51	75.45
559.51	75.45
559.51	75.45
559.51	75.45
559.51	75.45
559.51	75.45
559.51	75.45
559.51	75.45
559.51	75.45
559.51	75.45
559.51	75.45
559.51	75.45
559.51	75.45
559.51	75.45
559.51	75.45
559.51	75.45
559.51	75.45
559.51	75.45
559.51	75.45
559.51	75.45
559.51	75.45
559.51	75.45
559.51	75.45
559.51	75.45
559.51	75.45
545.53	82.48
545.53	82.48
545.53	82.48
545.53	82.48
544.14	119.08
544.14	119.08
544.14	119.08
544.14	119.08
544.14	119.08
584.66	157.09
584.66	157.09
584.66	157.09
584.66	157.09
584.66	157.09
602.82	200.73
602.82	200.73
602.82	200.73
602.82	200.73
586.05	199.32
586.05	199.32
586.05	199.32
586.05	199.32
586.05	199.32
641.94	279.55
641.94	279.55
641.94	279.55
641.94	279.55
702.03	331.64
702.03	331.64
702.03	331.64
702.03	331.64
702.03	331.64
679.67	338.68
679.67	338.68
679.67	338.68
679.67	338.68
636.36	342.9
636.36	342.9
636.36	342.9
636.36	342.9
593.04	344.31
593.04	344.31
593.04	344.31
593.04	344.31
593.04	344.31
584.66	349.94
584.66	349.94
584.66	349.94
584.66	349.94
552.52	345.71
552.52	345.71
552.52	345.71
552.52	345.71
513.4	337.27
513.4	337.27
513.4	337.27
513.4	337.27
513.4	337.27
488.25	320.38
488.25	320.38
488.25	320.38
488.25	320.38
471.48	249.99
471.48	249.99
471.48	249.99
471.48	249.99
471.48	248.59
471.48	248.59
471.48	248.59
471.48	248.59
471.48	248.59
423.97	161.31
423.97	161.31
423.97	161.31
423.97	161.31
423.97	161.31
423.97	161.31
423.97	161.31
423.97	161.31
423.97	161.31
423.97	161.31
423.97	161.31
423.97	161.31
423.97	161.31
423.97	161.31
464.49	97.97
464.49	97.97
464.49	97.97
464.49	97.97
470.08	76.85
470.08	76.85
470.08	76.85
470.08	76.85
470.08	76.85
532.96	76.85
532.96	76.85
532.96	76.85
532.96	76.85
537.15	86.71
537.15	86.71
537.15	86.71
537.15	86.71
563.7	89.52
563.7	89.52
563.7	89.52
563.7	89.52
563.7	89.52
563.7	89.52
560.9	112.04
560.9	112.04
560.9	112.04
560.9	112.04
553.92	151.46
553.92	151.46
553.92	151.46
553.92	151.46
553.92	151.46
545.53	172.57
545.53	172.57
545.53	172.57
545.53	172.57
530.16	190.87
530.16	190.87
530.16	190.87
530.16	190.87
467.29	209.17
467.29	209.17
467.29	209.17
467.29	209.17
467.29	209.17
444.93	207.76
444.93	207.76
444.93	207.76
444.93	207.76
444.93	207.76
391.84	176.8
391.84	176.8
391.84	176.8
391.84	176.8
342.93	165.53
342.93	165.53
342.93	165.53
342.93	165.53
342.93	165.53
334.55	158.5
334.55	158.5
