541.7	296.75
539.95	299.05
552.8	290.9
552.5	293
542.15	286.15
539.4	287.7
542.3	283.4
532.2	287.65
533.15	291.5
530.05	288.05
532.9	287.15
530.75	289.9
546.15	279.55
543.5	276.35
543.25	286.6
645.8	280.15
701.55	264.1
689.9	264.75
684.9	261.25
676.1	261.1
678.4	260.2
643.4	257.05
633.2	256.9
629.4	265
625.9	261.75
624.2	261.5
622.4	263.1
619.55	262.8
583.05	285.55
584.1	284.5
586.45	284.9
591.9	285.35
591.85	284
595.2	286
594.95	282.5
598.85	278.8
601.45	281.7
601	287.75
604.75	286.35
603.4	288.25
605.05	294.9
600.2	287.25
604.35	285.5
601.7	288.6
597.7	287.7
453.9	310.2
454.55	306.6
444.55	303.9
440.75	296.7
445.65	286.6
440.8	276.1
437.35	278.85
325.5	237.4
341.9	219.3
337.1	230.8
346.5	229.9
354.5	232.55
364.75	225.15
374.55	227.95
401.1	214.15
394.15	224.2
488.05	217.3
589.6	216.45
588.25	212.75
595.05	213.45
583.15	219.8
586.75	220.05
594	215.5
604.5	211.25
614.2	216.95
682.55	240.4
672.85	238.05
682.8	230.6
691.7	227.8
691.35	227.55
686.5	225.25
689.45	219.8
687.75	219.7
678.65	225.15
679.1	221.8
676	222.7
593	189.1
584.65	192.55
588.1	192.7
578.55	194.05
584.4	193.15
0	0
588.75	190.3
574.8	189.9
576.65	194.5
581.75	185.35
579.5	178.15
576.15	172.35
577.05	178.95
569.5	178.05
567.3	172.5
560.15	178.5
439.95	353.8
442	350.2
462.25	336
445.3	345.15
456.6	342.4
471.7	329.6
481	326.2
503.5	315.7
622.6	298.45
615.05	295.75
613.7	291.65
615	285.5
605.3	280.15
606.15	278.3
601.25	279.85
602.75	273.8
599.6	272.5
598.2	274
536.95	282.1
522.7	279.6
521.25	275.05
527.9	274.7
523.85	275.85
529.35	275.95
537.75	270.3
537.5	273.7
543.25	273.05
538.6	273.3
537.65	268.05
613.7	279.95
612.65	279.2
605.25	269.25
599.65	268.6
600.4	264.35
594.75	270.55
590.8	269.7
591.65	277.4
593.95	269.3
592.85	264.15
596.5	267.65
598.5	268.95
602.65	266.2
611.3	270
620.6	268.95
630.8	259.1
627.5	256.35
630	256.1
623.05	251.55
613.35	235.05
613.8	228.15
603.65	224.95
591.65	227.7
579.15	221.2
572.85	213.05
572.55	207.25
562.7	216.45
560.75	221.1
555.5	229.1
565.05	224.75
556.5	225.85
562.7	215.6
373.65	230.35
388	231.35
401.2	230.6
403.25	227.1
409.4	228.8
413.65	235
435.3	304.35
447.1	305.15
451.65	311.1
459.3	307.85
465.5	309.05
488	306.1
474.75	312.85
479.1	316.05
485.6	316.4
495.55	313
501.15	316.15
497.3	317.95
512.3	312.5
367.55	275.75
371.05	268.3
375.25	271.05
385.9	262.8
382.2	271.5
375.25	282.25
380.45	273.1
387.15	270.05
387.45	273.55
386.35	273
388	272
386.25	277.35
394.65	275.15
404.75	263.65
401.2	264.6
412.4	260
395.7	269.6
409.65	262.2
408.7	262.65
404.25	274.25
422.15	258.45
414	266.25
416.9	257.5
410.2	260.65
420.65	254.2
464.95	253.8
611.6	256.55
620.2	258.95
621.05	250.25
619.65	249.35
620.45	253.1
620.7	249.75
623.25	248.7
564.45	242.25
540.6	222.95
531.95	219.25
525.2	216.6
520.7	220.3
529.05	218.6
527.35	211.45
514.85	222.1
523.35	216.4
390.15	199.35
373.25	187.25
373.95	179.35
374.05	169.75
372.3	166.7
378.3	170.6
377.85	168
377.7	164.85
384	168.3
379.3	170.25
379.35	167.1
382.45	158.15
386.55	157.3
388.35	157.1
388.45	152.25
487.35	227.85
492.25	237.7
495.6	232.25
496.7	232.6
494.1	241.45
495.6	238.15
491.8	239.55
637.6	217.95
631.85	223.5
630.95	219.9
638.8	207.9
637.3	213.9
639.25	219.6
639.75	225.5
635.85	227.2
632.8	227.5
634.7	230.75
631.1	228.5
627.8	227.2
623.5	232.6
623.35	229.55
618.95	229.75
619.85	237.4
620.15	239.1
617.25	237.15
651.35	301.55
651.8	307
645.35	310.65
649.8	308.5
651.95	310.35
656.1	307.75
653.05	310.3
654.2	308.35
653.1	312.6
650.3	309.4
657.55	310
653.55	314.35
648.05	318.3
652.65	318.05
647.45	323.8
439.2	341.7
406.5	328.15
407.95	330.65
408.6	338.1
434.5	323.9
418.35	336.85
492	230.4
508.6	230.2
506.85	228.45
507	225.05
515.9	223
515.5	229.1
514.15	229
517.8	224.8
517.95	224.35
500.9	201.65
513.65	194.2
506.85	190.85
505	191.25
503.15	191.4
505.65	188.35
505.8	188.9
500.5	192.35
497.45	192.95
497.1	190.15
501.85	212.1
530.35	321.25
533.7	321.55
539.75	303.7
539.3	302.75
540.95	300.15
547	280.1
548.85	274.8
548.55	257.8
545.65	250.9
550.65	241.8
542.2	233
544.45	223.55
546.7	217.2
542.65	212.25
538.95	209.2
548.45	206.75
544.65	208.9
547.95	212.15
551.15	216.95
545.35	211.65
549.15	208.9
541.4	236.1
533.9	303.2
541.7	309.95
539.9	313.8
535.6	311.55
539.95	312.35
542	310.15
539.1	304.25
550.35	303.5
545.35	304.05
557.15	298
563.6	302.45
556.1	306.3
559.3	310.05
547.65	300.2
549.55	301.1
546.55	302.75
548.25	298.4
544.25	299.3
549.25	308.5
560.8	298.55
550.35	298.35
553.65	295
545.4	303.45
558.2	299.75
559.05	296.1
560.35	291.4
547.85	292.85
543.3	290.05
554	288.75
548.65	288.85
554.2	284.1
556.05	288
554.75	298
572.15	298.65
567.7	291.05
554.8	293.3
560.05	294.8
560.45	288.95
563.4	283.25
565	286.9
567.8	282.05
570.85	278.3
573.3	284.6
576.45	280.8
570.95	278.05
810.9	297.8
800.85	299.1
801.6	298.55
797.9	299.65
796.7	300.85
798.6	295.7
801.95	301.45
628.45	242.2
598.7	234.65
602.8	230.25
601.7	229.3
597.5	230.4
597.1	227
606.15	229.05
521.3	214.75
514.25	219.65
519.7	220.5
527.1	212.3
534.25	209.6
535.65	206.95
541.05	206.1
543.35	210.65
547.8	201.75
638.25	189.75
628.15	194.6
630.7	189.25
628.2	190.05
620.4	185.3
619.2	186.05
619.85	179.75
621.65	169.85
619.4	170.6
620.35	165.75
594.15	165.45
471.65	165.35
468.3	159.75
460.45	168.2
466.8	165.05
477.75	162.6
475.3	161.9
233	333.1
226.45	329.75
250.8	314.2
230.95	327.25
239.75	326.3
252.3	321.75
249.4	323.55
252.3	323.3
247.25	326.5
250.2	322.15
264.3	316.4
282.05	305.05
170.6	238.3
177.7	191.85
182.05	194.9
185.95	186.05
174.65	176.85
184.95	174.9
178.05	188.2
188.05	170.35
186.8	176.65
190.55	173.25
193.65	178.25
198.3	177.9
200.3	172.45
196.25	175.05
195.2	165.8
379.95	279.6
380.75	282.2
366.25	283.1
370.45	284.75
370.1	286.1
374.15	289.55
379.45	289.5
393.2	287.6
393	298.25
402.05	293
399.1	298.75
402	300.3
401	298.8
405.55	296.3
415.75	289.6
402.7	295.3
401	297.7
397.95	300.55
408.25	289.85
541.8	248.95
523.3	241.1
507.2	244.95
516.2	241.25
511.1	239.6
503.25	233.95
505.2	235.85
436	208.15
456.7	212.7
462.25	206
456	212.35
444.2	218.4
453.95	203.5
474.65	205.25
478.45	201.9
478.35	202.1
487.6	195.6
488.85	194.05
488.65	204.35
492.7	209.35
494.65	205.85
497.9	202
503.75	205.4
0	0
0	0
0	0
521.85	210.45
530.85	201.95
523.2	215.8
524.25	212.2
521.7	211.9
526.05	204.4
522.55	196.2
532.15	197.15
531.45	199.9
527.4	199.9
537.4	201.8
531.2	202.8
533.9	198.3
530.4	199.3
533.5	196.2
531.15	189.75
436.8	199.75
429.85	195.45
431.75	198.55
421.2	205.7
437.7	198.35
443	190.85
442.8	189.5
440.65	194.85
435.85	198.65
441.8	196.6
451.05	191.65
457.6	192.95
455.65	190.7
454.6	189.25
451.65	195.35
445.6	194.8
442.45	196.6
435.25	197.25
432.4	194.9
446.85	183.95
435.95	193.35
439.45	190.15
542.7	249.4
531.85	255.75
530.05	250.8
529.4	249.85
532.85	247.9
534	249.55
534.85	247.55
534.25	249.25
539.3	245.85
549.55	248.5
553.5	248
545.65	250.75
546.75	249.55
559.95	241.6
553.8	248
550.75	243.6
549.35	244.2
546.3	235.35
545.9	221.6
549.45	213.8
545.7	216.9
543	219.05
545.55	210.35
552.65	210.25
547.35	208.15
561.7	204.05
545.95	215.95
550.1	214.8
564	207.25
565.95	212.7
549.5	211.6
556.2	206.6
563.15	212.55
565.65	211.4
563.75	212.9
566.5	205.7
569.45	210.9
567.25	211
568.05	205.2
552.8	204
553.4	207.8
560	206.05
556.6	208.9
558.55	213.9
567.95	211.7
562.25	214.5
564.6	206.5
565.9	205.15
571.55	203.15
568.95	202.7
569.4	204.1
570.7	203.55
562.6	200.1
567.4	194
565.65	192.95
572.8	190.5
570.05	200.05
567	192.3
570.6	193.3
575.75	188.55
568.75	196
577.25	190.95
562.1	194.7
576.4	194.1
573.75	200.7
571.85	203.5
572	205.9
566.45	203.45
553.85	212.05
572.65	203.5
563.05	201.4
563.55	201.8
556.25	203.4
567.6	195.6
562.25	209.8
560.05	212.9
568.7	202.45
574.35	200.15
575.2	199.25
563.35	206.3
563.8	209.25
582.2	198.55
587.6	200.2
578	202.3
568.55	201.85
567	204.05
572.15	197.2
567.55	206.55
575.85	201.25
574	200.2
574.1	197.05
576.25	204.55
577.65	199.7
577.75	196.8
592	198.35
578.65	198
580.75	196.4
580	193.55
580.85	186.2
581.8	187.95
578.95	184.65
585.15	183.7
580.8	187.95
584.05	180.7
597.45	182.25
593.75	175.45
592.5	172.3
594.35	180.85
595.3	182.7
599	184.95
598.8	188.25
602	183.6
611.7	181.75
500.95	247.65
498.55	254.45
499.2	248.05
497.75	243.4
509	236.15
502.9	240.55
501.9	237.7
504.85	246.05
503.45	242.2
511.45	243.05
508.4	243.9
509.05	242.4
511.7	239.45
511.35	236.5
367.8	260.4
391.95	260.9
403.15	254.25
405.1	254.3
407.9	254.15
409.8	250.65
404.9	248.55
400.1	248.65
402.7	247.65
399.2	245.8
409.2	248.1
412.5	245.55
408.15	256.9
414.3	249.05
412.65	254.6
419.35	243.45
418.05	246.95
418.45	249.6
429.4	240.9
428.35	243.6
435.95	249.25
444.15	253.15
441.95	236.1
441.8	234
628.25	229.55
629.35	227.5
627.75	219.05
631.6	217.35
630.55	220.8
633.25	209.25
635.85	208.5
628.85	208.85
632.95	206.4
636.55	202.7
635.15	199.15
638.9	201.05
640.75	206
639.55	210.55
648.15	205.75
652.45	196.7
652.05	199.5
651.4	201.65
650.7	199.1
644.7	203.1
647.35	207.95
644.7	211.15
651.15	206.1
653.55	204.25
655.3	210.65
662.1	206.3
496.35	254.9
528.65	245.65
531.15	244.15
541.6	246.85
514.85	253.15
519.9	250.85
522.3	249.2
529.6	249.45
527.75	244.15
540.3	241.3
534.55	244.55
523.05	245.4
528.75	245.95
544.3	249.95
545.7	247.45
528.35	255.7
532.25	247.7
528.85	249.8
532.55	244.9
524.3	249.95
527.8	253.95
526.9	247.1
526.4	248.1
532.2	246.85
524.5	253.55
527.4	253.05
525.5	259.95
524.4	259.8
523.65	254.3
518.9	253.8
518.3	251
525.45	252.35
475	221.35
494.85	219.95
487.8	225.65
494.9	222.5
495	224.5
492.6	226.1
489.4	228.45
491.4	227.85
491.65	217.4
490.15	217.35
493.95	217.55
493.45	219.55
499.3	216.5
499.7	217.65
496	215.75
497.1	217.75
498.85	222.1
498.45	220.9
320.45	270.35
0	0
0	0
0	0
0	0
0	0
454.7	290.95
452.7	284.5
456.05	276.75
459.15	276.95
463.1	275.8
462.2	277.6
464.3	281.4
467.1	278.25
729.45	284.6
728.1	287.85
730.4	287.95
731.35	289.4
727.15	288.55
731.95	295.1
733.1	291.25
731.25	286.65
731.8	281.4
731.2	287.7
734.8	286.9
734.75	284.45
737.6	282
731.35	285.1
732.45	288.3
555.6	262.45
563.9	254.8
568	257.15
565.25	255.25
565.85	258.3
569.2	263.25
567.3	259.05
569.8	257.95
567.95	253.75
805.7	315.25
800.35	319.3
797.1	317.8
791.35	307.6
788.7	300.85
787.6	293.9
780.85	286.4
776.05	285.5
769.15	280.6
760.1	281.45
634.85	325.65
627.4	317.9
628.5	317.6
621.85	312.2
619.6	317.45
573.35	244.95
587.65	253.35
591.15	252.9
591.3	253.25
590.85	256.1
589.1	251.95
596.45	206.45
592.45	204.35
592.75	212.05
595.8	209.25
596.45	208.4
594.55	211.95
591.6	209.35
597.75	208.7
599.25	206.2
590.65	207.2
594.6	210.5
595.55	211.85
595.45	210.9
594.9	210.55
596.2	198.85
591.1	201.35
595.1	206.9
595.05	210.95
597.3	208.8
596.5	212.3
597.35	212.65
602.9	204
601	203.1
598.6	207.9
606.1	210.55
600.1	194.1
597.6	199.3
601.15	204.15
598.3	203.05
603.35	197.55
605.15	200.25
602.8	207.65
605.05	206.75
607.65	208.85
609.6	205.1
609.8	209.65
609.6	203.05
611.25	208.3
608.35	211.2
610.1	209.45
615.75	207.6
614.1	206
616	200.65
616.55	206.55
623.05	198.55
625.05	201.1
632.05	323.55
639.9	320.15
641.55	320.25
646.15	321.05
645.6	325.3
648.4	321.75
658.55	317.2
659.6	319.9
662.6	318.8
667.7	317.45
670.6	316.85
672.15	317.95
677.2	317.4
675.95	324.1
672.95	319.6
802.35	383.5
806.3	373.65
807.3	373.45
802.2	378.3
796.25	375.35
801.5	372.55
801.3	372.45
807.5	376.7
810.65	371.5
812.95	370.55
814.55	371.5
811.85	376.9
807.25	379.7
805.95	380.3
803.9	380.45
805.35	376.85
804.5	376.8
804.5	375.35
525.5	260.4
530.35	253.25
534.4	257
536	259.95
537.6	265.2
540.9	264.55
512.2	179.55
504.55	192.8
510.65	197.45
515.05	201.3
509.4	197.6
515.2	195
515.1	188.85
522.35	190.55
515.3	191.9
520.15	202.65
522.05	198.35
520.25	200.25
523.55	194.55
525.85	190.15
521.1	183.85
523.75	190.15
528.7	184.4
533.6	179
537.4	182.8
534.3	186.95
540.8	181
537.1	197.5
542.3	194.9
550.85	189
550.45	188.75
555.35	183.15
552.25	184.95
557.75	177.55
557.85	193.1
565.25	190.45
568.45	189.25
575.45	189.45
570.2	192.65
572.7	188.25
577.3	183.65
565.15	188
566.25	187.35
560.15	183.25
555.7	184.75
545.75	188.1
545.75	184.45
548.4	187.7
551	186.8
540.65	190.55
564.35	201.2
564.45	198.4
562.8	202.85
552.75	201.3
562.05	198.15
555.6	201.5
552.3	204.05
548.95	198.75
544.95	198.3
542.35	193.25
540.65	186.6
535.4	188.45
536.85	186.1
536.1	183.8
536.35	188.9
540	185.35
539.55	190.9
537.65	184.05
535.05	187.35
543.9	191.95
547.9	187.85
539.7	195.85
535.05	201.6
533.3	198.9
537.85	193.75
540.15	191
534.2	197.25
541	191.35
416.2	217
434.35	214.65
438.55	215.2
439.85	209.55
450.9	213.2
460.95	215.35
466.95	210.2
464.95	210.95
467.2	211.35
472.5	208.2
468.2	210.95
462.35	206.65
465.1	208.4
466.65	207.25
471.65	206.9
487.5	213.8
471.8	214.15
473.55	210.15
488.4	203.45
487.45	203.8
479.55	207.55
500.55	197.65
504.65	204.45
505.2	206.45
521.3	201.2
524.5	197.25
524.1	201.65
531.6	191.75
529.3	198.75
530.15	200.05
535.1	197.15
523.7	196.4
522.65	199
524.65	197.15
528.3	193.3
531	185.7
524.6	186.35
527.05	183.6
531.65	186.25
523.55	184.95
527.2	179.95
527.85	177.55
537.9	168.65
531.4	182.85
529.55	175.9
529.6	181.3
544.45	180.35
544.95	180.2
538.15	180.45
540.9	180.7
541.55	183.5
540.85	178.05
499.95	169.8
502.35	173.5
502.95	172.4
508.05	166.8
513.85	167.25
503.1	165.7
503	163.7
506.85	166.75
507.3	172.6
519.45	178.65
531.9	164.25
521.9	177
526.35	178.75
527.45	180.25
534.6	185.65
535.9	181.3
535.35	175.85
531.15	181.55
538.55	173.8
539.2	168.1
544.6	167.4
539.3	170.15
539.45	162.85
534.95	156.1
535.8	145.7
533.3	138.35
520.4	151.55
525.35	142.7
519.45	148.05
519.35	149.15
515.25	144.35
534.3	140.8
535.15	140.7
515.35	154.25
534.8	149.25
529.8	157.15
534.9	155
535.05	163.5
541.85	160.1
532.2	166.4
535.45	164.3
542.65	159.55
531.55	170.8
538.9	166
527.5	172.1
525.25	175.9
529.35	177.05
536.55	177
538.05	177.95
566.8	247.15
566.95	278.65
601.15	380.9
588.95	373.65
587.45	376.8
575.8	368.5
577.85	367.4
573.5	362.6
568.55	358.55
573.35	356.2
573.5	352.4
575.3	355
542.6	338.2
551.65	335.35
550.8	333.5
548.25	333.35
547.25	330.85
547.6	329.85
550.6	329.7
548.1	329.55
552.65	327.45
557.95	322.1
558.55	317.5
561	320.3
557.4	321.65
564.45	324.05
458.25	254.65
475.7	251.9
477.05	256.85
483.4	251.5
487.7	251.55
496.75	253.95
501.75	252.2
511.15	250.95
504.1	249.75
516.65	245.15
509.05	244.6
506.3	238.85
514.85	238.75
506.4	239.85
509	239
509.75	238.5
506	238.6
512.9	238.7
512.5	239.7
512.25	246.85
519.5	240.85
513.65	245.25
513.9	244
514.7	241.45
515.4	243.65
520.7	246.05
520.75	239.65
522	240.2
528.95	238.05
522.3	239.75
528.05	238.75
538.85	231.5
534.15	241.7
542.75	243.3
540.9	244.85
545.5	243.05
549.2	245.2
541.75	234.35
547.1	227.55
549.8	228.3
463.2	258.3
500.7	262.15
507.1	255.55
502.65	262.25
503.1	259
498.95	254.5
491.95	260.6
485.15	264.55
488.9	264.6
494.7	253.4
494.05	257.05
507.85	255.7
519.4	259.55
531.35	245.9
477.55	410.7
461.35	427.1
465.4	428.8
473.85	429.65
475.5	431.05
483.65	429.75
482.8	430.75
485.05	428.5
493.25	424.4
500.4	421.65
508.85	421.9
503.1	422.45
508.95	421.5
510.5	420.5
518.05	414.65
516.55	411.55
522.15	410.75
528.05	407.45
526.9	405.3
526.35	410.75
525.25	415.45
524.05	412.7
528.45	414.05
524	412.6
526.3	407.45
525.55	406.1
515.55	410.05
517.4	404.5
516.9	402.6
516.75	401.95
519.3	399.9
519.5	399.4
520.85	397.8
522.35	399.3
448.7	365.5
469	359.6
479.4	360.9
471.95	360.95
476.2	355.65
480.85	353.8
482.1	350.2
489.4	348.4
489.75	345.95
488.75	340.75
489.65	341.05
493.4	338.15
506.95	333.05
454.85	347.9
452.7	350.75
456.6	349.35
454.3	348.95
461.6	347.05
457.75	347.5
455.7	349.5
511.5	302.9
498.75	277.2
521.6	268.7
503.55	275.2
503.45	277.15
497.5	274.6
502.9	268.8
503.25	266.8
499.55	265.05
517.65	257.9
514.9	256.1
515.7	252
476.7	266.35
475.45	263.4
489.05	257.1
484.95	255.4
498.05	248.45
488.05	252.7
494.15	242.7
485.95	248.35
490.15	244.95
495.45	245.35
496.55	243.2
498.3	248.45
497.2	249.8
502.55	248.8
511.9	252.6
514.35	247.2
514	258
0	0
0	0
0	0
0	0
537.6	199.7
525.55	202.15
512	196.55
526.55	183.65
519.8	185.45
521.2	186
523.7	183.9
527.3	184.55
527.65	190.95
524.9	177.55
521.7	181
530.3	179.25
503.65	189.25
517.6	193.7
517.7	197.6
515.65	206.15
521.35	205.95
537.8	197.1
536.2	204.9
544.55	203
546.5	205.7
548.9	211.3
561.6	282.35
558.55	277.4
555.35	271.85
558.55	265.05
562.15	265.85
559.75	268.25
565.95	257
565	252.1
558.3	249.7
563.2	249.65
475.9	220.6
517.4	218.15
518.95	214.8
520.05	217.15
519.35	217.35
512	220.3
530.6	211.5
532.6	208.25
538.4	214.3
540.45	205.8
529.85	216.55
526.2	216.9
538.35	213.35
534.3	208.5
531.3	209.2
533.3	211.1
548.25	207.35
538.2	210.05
540.85	214.15
552.8	205.7
551	199.75
542.1	204.65
553	213.2
562.1	217.5
557.45	212.15
555.85	215.75
559.8	210.8
547.65	216.55
542.85	210.4
543.2	210.05
517.55	272
526.75	264.75
520.25	269.5
522.85	268.85
520.55	271.9
525.75	270.8
521.5	268.8
516.4	271.25
528.65	277.85
544.95	270.6
536.7	266.9
532.8	266.1
529.2	276.9
539.6	262.8
541.8	262.55
551.9	244.5
543.2	248.6
545.1	243.45
554.2	244.65
553.8	238.25
550.15	242.25
555.65	239.2
557.9	233.45
561.35	239.55
555.6	239.25
562.5	241.9
558	239.2
564	241.95
561.7	238.05
558.55	236.65
563.05	233.2
557.05	238.3
561.2	238.75
560.55	234.95
438.05	223.05
474.05	217.75
478.45	214.25
484.45	211.1
470.3	214.75
475.25	210.95
486	205.95
483.4	214.15
496.5	206.95
493.2	217.2
478.45	217.85
470.05	218.05
471.25	215.6
473.2	211.4
471.6	216.3
475.1	217.95
472.1	211.25
473.75	213.9
470.5	217.25
469.85	212.25
478.4	212.9
477.7	212.4
478.8	224.8
495.65	214.1
490.9	222
495.35	224
493.75	224.15
496.5	221.85
501.1	228.8
498.8	228.45
505.25	224.75
501.7	216.4
492.85	222.55
495.5	221.9
497.15	221.45
504.5	221.3
510.7	220.4
512.05	216.8
518.35	220.7
523.25	213.6
519	220.15
523.9	217.45
529.05	214.2
527.3	225.9
542.55	216.35
537.6	210.05
547.05	203.75
501.4	197.3
513.45	183.4
519.6	177.95
526.3	183.65
524.3	186.55
522.85	185
519.45	181.45
523.05	177.4
525.75	179.3
524.25	183.55
529.8	176.45
528.7	178.1
524.75	181.4
522.95	180.9
526.3	179.2
523.9	180.35
525.5	172.05
525.1	178.95
526.05	181
526.2	184.3
523.9	181.45
529.85	181.6
525.15	180.15
521.85	187.5
523.9	183.8
517.75	190.05
514.8	188.3
517.2	186.05
511.5	185.55
520.25	178.65
424.65	219.15
416.1	237.65
421	228.9
408.6	227.9
399.25	229.8
413.65	232.6
417.1	219.8
420.4	230.75
422.55	240.25
479.7	192.1
485.15	194.4
488.6	195.8
493.6	191.3
496.8	194.8
500.7	189.55
502.2	172.9
499.4	175.3
539.5	188.75
539.95	186.3
540.95	190.85
539.95	194.1
544.25	194.45
543.9	200.9
543.35	200.1
541.75	189.6
542.35	192
548.25	190.85
539.6	200.15
547.45	185.65
528.7	202.5
287.3	331.6
312.1	308.5
291.45	324.95
293.7	318.3
295.8	320.7
303.25	328.6
297.45	318.75
299.6	314.05
304.75	321.05
311.6	308.65
321.05	355
322.3	341.2
346.35	334.85
339.25	345.8
326.55	342.9
330.4	337.45
326.2	342
328.55	347
332.5	342.55
335.4	333.65
328.85	335.35
331.1	331.65
378.35	313.6
535.8	215.45
545.85	209.95
541	209
545.45	211.45
545.25	208.4
542.05	204.45
540.75	211.4
542.55	211.15
539.2	217.4
542.95	206.45
539.85	201.25
543.6	205.15
542.4	212.1
542.85	216.4
546.55	215.7
548.75	209.25
543.45	215.1
549.6	215.2
547.6	213.4
544.95	210.55
545.5	211.5
546	212.85
536.4	218.4
532.5	220.8
526.45	221
522.45	215.05
529.4	212.7
523.3	216.05
523.15	213.5
520.75	209.95
519.6	208.05
524.45	209.2
525.3	208.5
523.45	210.8
522.45	210.7
523.3	211.95
520.2	210.7
521.15	218.05
520.55	212.1
519.6	202.7
521.85	200.2
523.1	298.45
511.65	294.9
512.45	287.8
509.6	289.05
506.85	292.25
508.55	292.65
510.25	297.8
505	294.35
512.5	293.65
0	0
0	0
0	0
0	0
0	0
0	0
0	0
605.7	287.55
449.25	188
444.4	187.25
438.95	196.3
439.7	200.8
445.55	193.7
450.1	184.4
439.4	191.9
444.85	189.75
587.4	285.75
581.75	304.55
585	304.25
581.6	311.1
582.25	314.7
583.15	313.35
587.55	308.05
632.1	300.7
686.3	294.3
687.55	291
691.05	294.8
696.95	288.3
701.85	286.35
705.05	285.2
745.2	296.6
743.15	298.7
739.1	309.5
740.75	306.45
738.4	309
749.05	308.95
515.7	218
527.1	212.8
542.55	214
542.25	215.8
543.9	210.65
552	211.15
552.65	213.45
551.65	220
556.95	217.15
558.65	214.75
560.3	216.35
560.25	221.55
564.85	218.75
563.15	184.15
557.65	187.2
559.25	186
558.45	192.7
560.35	189.25
570.5	190.4
567	187.9
566	183.15
605	168.25
605.3	166.1
602.55	173.05
604.4	172.55
600.65	170.55
602.75	170.85
604.4	177.8
602	177.4
597.6	171.8
596.7	170.55
595.9	175.55
592.8	182.3
605.05	179.25
606.9	179.4
603.75	182.75
603.35	181.1
604.05	185.3
596.05	183.9
597.6	187.95
604.65	192.45
606	198.3
606.05	197.3
604.6	202.05
601.75	201.95
601.5	201.65
602.2	200.6
605	207.4
604.05	204.65
603.8	205.6
607.35	206.6
745.8	185.5
838.3	198.85
838.2	200.3
835.45	199.55
832.65	210.2
827.9	204.45
831.75	200.35
830.8	199.95
906.05	179.9
887.05	189.95
888.25	188.9
881.95	192.55
885.6	188.55
876.75	196.25
872.4	198.1
870.3	190.95
863.6	190.7
859.05	185.25
856.9	184.5
846.7	186.7
807.95	196.5
808.35	201.65
801.75	199.7
798.8	200.4
794	194.95
789.95	197.75
552.15	248.7
441.4	253.9
435.65	259.8
436.95	258.45
438.35	252.5
400	246
269	183.55
256.4	175.5
259.6	173.2
256.15	183.25
254.5	179.05
257.05	174.35
236.85	199.15
256.2	180.1
251.9	186.85
253.1	187.5
257.15	171.75
260.05	180.15
265.35	177.15
260.8	178.95
253.5	178.95
257.05	173.7
230	151.1
258.15	146.85
258.9	157
255.95	144
238.95	167.9
237.5	165.55
234.1	166.8
252.25	147.45
247.1	143.3
235.65	160.05
255.05	143.45
250.8	141.25
248.85	140.1
231.85	156.85
237.6	159.6
235.25	166.55
533.9	236.65
530.2	257.25
525.65	263.2
524.45	258.35
516.55	263.55
513.8	260.9
512.35	263.4
517.85	264.25
516.85	269.55
522.4	265.8
513.95	274.05
346	314.8
364	304.2
366.75	299.05
368.9	297.45
376	300.05
387.95	294.1
391.7	294.05
246.35	191.85
244.85	161.15
243.4	168.9
243.65	171.35
249.5	164.4
249.25	165.85
249.2	160.05
244.05	159.15
239.1	169.6
233.1	188.75
253.85	172.25
258.05	168.5
252.7	160.15
232.6	167.5
238.55	181.2
249.35	164.65
233.5	181.15
236.6	180.55
235.05	178.7
432.3	263.95
440.55	257.55
443.85	251.75
445.85	263.65
440.7	264.9
446.9	266
464.35	258.5
441.55	268.6
441.95	273.7
444.7	271.2
442.4	272.25
444.2	278.15
321.6	279.2
334.25	270.45
334.45	275.3
360.4	270.4
329.95	274.15
334.3	275.3
337.05	271.7
334	263.85
325.85	268.2
331.05	270.85
335.6	269.65
503	244.3
503	243.85
502	246
504.9	249.05
503.15	249.35
498.05	253.2
498.9	253.3
503.65	254.65
500.55	256.55
507.6	248.45
496.05	255.9
497.05	255.2
500.8	260.95
494.2	261.85
492.95	262.85
493.3	260.8
490.05	258.85
300.05	258.5
211.9	238
218.4	230.45
215.15	228.6
216.25	230.05
235.25	225.3
255.1	213.25
258.05	218.7
242	227.05
232.5	231.45
227.7	226
235.2	232.55
241.1	227.65
248.4	222.5
264.95	213
239.6	229.95
240.25	229.05
248.25	218.15
253.05	221.4
240.9	228.15
265.5	209.2
245.25	219.05
253.65	222.4
271.6	209.5
270.85	212.45
272.75	204.3
280.45	191.4
291.75	194.35
289.5	201.3
291.15	197.1
295.15	195.65
282.95	206.5
230.45	198.6
247.85	195.1
263.85	189.7
248.6	190.65
258.25	182.65
263.75	181.55
245.4	193.35
261.55	183.45
315.65	186.95
534	296.8
546.8	284.6
545.4	282.95
543.6	283.85
548.55	287.9
551.2	285.7
521.85	248.7
530.05	248.55
532.1	242.05
548.2	246.2
551.05	247.45
550.95	253.05
554.8	255.8
563.3	253.9
568.1	259.8
575.5	264.3
575.5	261.05
578.25	263.2
589.75	260.7
592.05	254.25
595.45	250.85
630.65	231.1
644.4	235.6
646.25	238.7
666.35	177.1
0	0
0	0
0	0
0	0
0	0
694.4	280.05
694	284.45
698.6	279.35
697.2	275.5
706.9	266.6
0	0
0	0
0	0
0	0
0	0
803	220.9
804.8	229.3
807.4	226.4
812.8	220.15
819.35	218.9
767.8	241.15
772	244.2
783.05	239
782.1	232
785.95	229.2
790.85	220.95
506.2	277.8
359.4	289.8
354.75	294.95
373.95	298.5
378.65	309.7
395.7	305.1
418.5	302.75
441.1	298.95
429.9	303.7
429.25	303.1
549.35	317.7
545.8	314
551.05	304.1
561.55	296.5
570.5	283.1
574.4	282.3
574.5	277.95
583.2	272.05
587.8	262.85
494.85	248.55
488	230.5
493.25	230.6
494.95	225.65
496.4	223.95
506.95	220.2
468.35	229.2
468.7	224.35
488.5	224.9
502.45	229
503.95	230.2
438.6	294.9
459.75	288.95
473.1	279.6
495.2	273.65
516.85	273.5
518.15	264.05
534.6	259.45
550.75	246.05
569.65	238.25
587.8	235.8
593.25	235.65
597.95	243.3
608.5	246.2
608.2	248.75
610.45	249.4
610.85	240.45
606.8	245.05
602.15	241.25
593.6	237.75
589.5	229.35
588.15	229.6
570.35	227.45
640.1	279.5
628.65	267.9
610.5	260.3
600.45	249.85
584.55	252.9
584.75	250.05
576.35	242.75
427.2	193.65
421.55	182.75
418.55	179.15
413.95	183.5
408.45	188.4
415.35	184.85
419.05	185.05
426.25	181.25
428.2	182.85
433.75	190.45
441.15	189.2
450.2	185.55
465.1	182.15
472.6	182.9
492.9	177.65
509.95	176.05
515	175
533.55	172.8
543.3	181.5
560.15	172
564.9	170.05
569.8	177.9
579.95	178.45
593.35	185.2
594.7	184.8
595.35	183
305.25	303.95
315.8	301.4
309	307.05
330	288.65
304.05	308.55
194.3	350.4
248.15	316.25
202.35	340.6
249.2	317.1
237.75	332.6
249.75	322.05
241.95	322.65
247.45	315.6
217	339.3
224.75	329.95
196.75	321.05
185.5	339.75
204.7	331.45
238.5	321.65
248.95	324.45
249.9	327.8
240.1	352.4
282.9	332.95
337.5	391.9
375.75	384.15
355.45	391.05
355.4	385.5
360.15	382.65
358.25	384.65
300	226.25
307.5	248.8
279.6	269.65
283.45	267.2
285.25	265.8
291.7	259.7
295.35	256.55
296.1	251.7
307.55	244
298.4	243.9
300.7	240.45
295.35	242
296.5	232.2
296.5	235.3
302.45	221.5
295.6	226.6
289.85	223.5
291.7	227.4
284.4	225.5
280.8	216.6
290	217.15
286.8	230.85
248.75	248.65
256.85	254.6
277.55	240.95
251.9	248.15
257.2	243.1
263.15	245.1
275.7	229.55
251.55	246.3
397.45	246.6
481.3	265.4
472	274.35
468	270.75
466.8	272.5
471.55	269.8
474.55	276.75
466.8	277.7
474.4	282.8
489.9	276.3
477.3	275.2
478.3	274.7
478.25	275.8
483	281.25
488.75	275.5
276.95	317.65
262.75	337.1
282.75	326.95
295.1	319.2
268.25	329.3
291.55	314.85
247.65	226.4
251.9	236.15
246.85	237.4
265.2	223.1
242.15	240.8
258.05	252
271.85	233.6
239.25	239.9
245.7	235.9
233	218.95
222.2	224.6
196.75	246.1
191.75	245
183.35	245.75
183.2	244.25
197.2	235
188.15	241.2
205.3	237.7
219.65	233.1
229.65	226.4
227.3	225.45
198.75	243.6
199	240.55
477.85	281.55
468.15	291
463.65	295.9
458.2	292.9
454.95	287.45
450.1	290.1
455	285.05
448.4	288.2
445.35	287.45
454.4	286.35
447.85	287.4
446.45	292.15
280.5	347.6
282.2	356.85
285.95	352.6
281.65	353.85
287.95	353.95
288	355.35
281.65	359
284.35	359.8
293.55	358.55
0	0
0	0
0	0
0	0
0	0
0	0
0	0
0	0
351.35	331.05
348.45	329.3
355.25	323
355.45	320.4
355.65	323.9
349.3	328
351.1	323.4
346.8	316.35
349.4	316.6
349.7	315.4
358.95	322.7
353.35	316.55
364.55	322.7
368.25	318.4
360.4	315.35
361.5	318.3
365.5	321.8
372.65	319.4
369.1	322
371.55	319.7
369.45	316.7
368.2	315.4
368	317.2
374.2	319.6
308.95	302.25
175.7	232.6
161.55	234.95
145	251.7
162.15	235.95
188	213.85
179.85	224.85
189.45	218.5
192.5	215.65
191.05	227.55
188.9	223.2
202.9	225.8
170.85	239.6
543.15	278.8
531.05	275.15
530.55	278.4
531.1	277.05
533.8	279.65
531.2	279
533.75	273.2
526.55	274.9
526.35	276.45
665.6	313.1
665.15	326.2
663.8	331.35
666.6	331.95
667.6	326.35
668.5	331.5
675.7	336.35
714.95	221.65
713.9	222.35
710.2	215.5
712.65	211.75
705.5	213.15
710.45	213.2
712.35	215.85
704.95	215.9
708.7	215.45
704.75	216.2
700.95	219.5
699.8	223.1
703.2	217.85
704.2	224.75
708.85	222.25
707.45	219.8
709.85	217
710	216.8
711.4	217.7
707.25	216.95
711.15	211.55
710.3	216.05
713.7	216.6
708.25	208.45
714.75	209.45
715.3	211.5
723.95	214.7
726.45	214.15
532.3	237.95
197.35	272.65
186.55	264.2
195.55	255.05
184.2	265.85
193.7	257.5
190.5	267.7
206.2	248.2
217.85	236.95
231.05	235.65
231.9	224.75
217	230.55
210.95	230.85
239.4	223.1
222.6	244.7
231.9	224.05
323.45	268.4
299.05	273.15
304.05	264.35
303.2	255.9
318.75	251.05
318.35	250.3
312.45	233.4
328.85	213.55
302.75	226.7
298.5	232.9
292.95	232.8
294.15	232
290	233.95
286.55	228.3
282.95	227.7
291.3	220.3
299.7	209.2
281.4	224.3
295.6	216.5
280.85	234.35
304.55	215.5
296.15	223.55
304	225.35
311.65	232.85
320.8	215.55
293.15	236.8
292.05	232.7
282.95	229.1
278.6	221
278.65	218.8
275.4	216.6
271.9	216.15
280.25	212.5
559.7	286.8
555.35	290.95
557.85	282.25
563.7	280.5
560.45	283.95
554.95	286.45
558.9	285.15
557.35	280.4
558.95	282.75
558.05	284.25
558.4	285
555.85	283.05
551.15	284.95
568.95	272.55
556.8	273.5
555.75	279.85
549.4	281.65
546	283.35
548.5	277.1
541.35	276.7
542.85	276.45
541.5	276.8
435.2	148.95
433.25	157.45
425.6	160.75
432.15	161.2
445.05	163.95
447.35	161.55
439.85	167.4
446.05	167.55
450.95	166.55
453.9	162.7
455.9	148.65
458.1	138.75
460.35	138.05
457.4	136.55
459.5	130
461.4	128.5
454.65	130.75
459.3	118
426.8	131.55
443.05	125.05
441.35	128.45
428.9	136.95
435.55	137.2
434.75	139.45
431.65	143.15
367.3	221.15
401.8	232.3
396.9	239.55
413.2	229.9
403.4	227.9
395.35	230.1
397.15	234.05
402	231.3
408.55	218.55
631.75	294.15
633.8	293.2
635.05	287.8
635.5	292.9
635.8	294.35
635.3	289.55
636.8	291.25
642.3	290.3
641.05	287.8
0	0
0	0
0	0
661.05	337.75
657.7	330.6
650.2	329.5
648.7	324.7
641.25	323.55
494.85	250.45
512.05	254.4
507.9	247.85
511.25	249.75
521.5	249.7
521.4	243.35
530.2	247.1
526.9	244.95
532.55	239.1
0	0
0	0
0	0
0	0
0	0
0	0
0	0
586.25	258.05
583	252.2
586.15	256.05
574.9	261.65
578.9	257
579.55	255.8
582.65	252.05
576.8	259.35
764.95	196.6
746.45	208.8
738.95	207
735.6	200.45
729.85	201.45
727.4	203.9
722.75	204.05
719.95	199.65
723.2	192
716.5	196.1
716.5	194.45
723.2	193.8
717.5	196.9
718.85	197.65
715.75	195.55
714.35	190.5
721.85	185.8
721.15	189.6
720.8	186.75
725.35	188.7
727.55	192.7
725.2	189.65
729.45	179.2
724.95	178.55
721.75	190.1
720.3	182.9
716.4	174.2
713.5	175.2
710.1	183.65
702.55	182.75
699.45	186.85
692.85	184.9
695.45	183.75
474.3	200.35
487.35	228.65
495.85	223.3
506.45	207.15
502.7	223.3
498.6	227.75
523.25	217.25
521	220.55
522.25	228.9
515	219.65
526.85	207.95
527.4	186.15
590.7	205.8
584.3	214.75
591.9	212.5
595.5	216.35
585.7	206.4
570	205.35
561	198.4
559.05	180.5
573.95	155.6
573.15	138.55
576.15	119.15
572.25	118.9
570.95	119.3
575.3	124.15
558.4	130.85
583.9	141.75
583.15	149.9
590.2	141.7
591.45	142.15
594.7	171
588.25	195.9
599.45	197.1
586.7	212.55
588.95	204.15
598.2	188.45
594.65	196.35
595.85	194.3
588.1	198.9
590	199.45
572	210.95
412.25	173.3
413.7	188.95
422	188.6
428.15	200.95
420.95	217.05
423.9	227.55
545.3	345.95
551.65	395.95
556.05	400.1
562.1	399.9
563.35	401.05
565.4	395.9
569.15	398.05
570.7	395.75
569.35	397.2
571.65	395.45
578.8	393.75
664.95	286.15
645.75	297.85
648.15	299.15
646	302.35
646.4	298.45
639.6	295.9
644.95	299.95
644.6	300.95
642.15	297.2
638.8	296.95
642.5	297.55
646.3	293.5
635.9	296.65
565.45	277.85
592.3	271.7
606.05	265.45
606.65	263.9
601.9	272.25
593.35	273.2
602.3	261.75
599.95	263.15
582.75	273.95
585.35	276.2
597.5	261.9
599.5	260.75
589.75	272.8
595.7	269.25
591.8	274.4
596.8	266.75
600.55	266.4
598.25	268.65
597.9	263.5
594.7	259.15
598.55	255.3
593.35	259.05
593.4	262.65
577.65	268.35
574.55	271.3
576.05	270.1
582.6	263.8
585.45	258.55
586.45	265.8
594.35	265.25
552.1	249.1
558.45	249.8
559.8	247.5
562.1	247.2
552.25	248.85
563.45	247.65
568.3	245.75
570.45	245.35
572.5	251.5
564.5	248.15
561.6	248.85
567.6	244.95
561.25	253.55
566.2	250.75
537.05	261.1
555.25	250.55
554.45	252.1
558	247.3
563.9	250.15
561	246.65
554.95	249.55
550.4	252.4
536.55	259.75
565	246.25
566.75	242.55
560.65	249.4
559.55	256.85
580	241.9
577.5	242.4
576.25	248.25
579.9	249.95
586.55	246.4
592.05	242.45
580.05	249.25
642.55	244.9
622.9	245.55
626.25	250.15
624	241.05
623.85	246.55
619.55	247.8
615.2	235.75
614.5	237.1
618.9	250
614.15	250.2
608.8	249.8
602.85	253.5
604.75	249.15
601.2	257.35
605.65	250
598.35	247.35
588.4	260.15
597.5	246.05
584.45	251.2
586.7	256.9
583.2	258
580.65	258
576.35	258.65
588.7	252.8
583.6	257.35
574.5	255.05
568.7	252.8
576.8	246.8
575.75	253.95
588.35	256.9
584.8	249.55
584.6	251.35
589	259.35
593	252.3
582.45	254.95
585.9	254.35
585.4	254.3
586.9	254.05
586.9	255.15
580.7	301.9
571.4	314.3
560.3	323.25
570.4	321.25
574.55	445.55
585.35	454.9
585	455.35
586.4	453.5
584.45	454.25
587.25	461.6
589.15	458.45
605.7	457.7
592.85	453.6
595.2	455.95
460.25	231.35
487.7	228.45
489.5	235.85
484.5	244.95
487.05	239.8
498.3	232.85
503.55	234.65
499.75	247.8
497.7	250.85
503.8	249.05
494.1	251.5
504.55	243
501.45	245.7
505.95	240.55
502.25	247.3
505	232.8
514.2	228.75
512.3	227.35
506.95	233.15
503.05	237.3
506.6	237.85
508.7	278.1
524.75	363.7
525.8	355.9
515.6	360.1
531.85	355.15
516.45	362.15
520.2	369.6
502.9	373.55
504.95	371.65
509.7	365.15
509	363.6
507.05	366.95
523.6	359.25
512.7	359.55
503.15	367.45
502.7	366.45
508.55	367.7
522.95	359.7
521.15	359.95
515.05	366.4
510.4	363.2
511.3	362.65
502.45	369.95
509.1	365.55
512.65	368.6
515.75	366.75
465.4	221.9
484.8	214.1
486.5	215.25
484.15	216.1
480.4	216.9
485.35	211.3
459.15	228.6
456.65	232.65
454.25	231.25
457.5	230.3
453.45	234.2
450.9	230.2
452.7	229.4
444.5	233.25
676.95	202.2
672.85	190.9
669.75	196.5
666.9	198.05
668.2	195.55
0	0
0	0
0	0
0	0
0	0
0	0
0	0
556.2	173.5
495.7	146.25
448.15	128
443.95	125.75
442.8	123.4
437.45	137.95
429.3	142.55
418	154.15
410.65	145.5
421.95	136.45
418.9	153.75
447.9	140.9
452	137.75
416.9	382.75
424.7	371.3
433.7	371.2
436.45	371.75
451.2	359.45
448.4	372
445.85	367.3
445.45	363.25
445.3	365.4
446.8	361.05
462.55	359.65
478.9	351.7
460.25	360.1
457.5	367.95
458	361.75
461.2	358.25
459.45	360.1
461.3	355.95
474.5	350.85
477.35	342.05
480.15	337.85
482.7	330.85
505.05	324.6
496.85	324.4
425.35	293
461.45	257.9
450.2	250.45
462.05	230.75
472.85	229.75
681.2	228.55
658	239.55
653.65	250.35
646.55	253.9
651.9	251.05
653.3	245.65
654.35	241.5
560.35	214.75
558.4	211.2
565.7	213.85
548.95	222.65
557.05	211.15
553.6	214.05
556.85	218.95
552.05	218.05
553.75	221
554.4	219.45
548.65	217.2
556	221.15
550.2	221.2
544	226.45
544.65	225.55
545.35	224.75
551.9	223.5
550.65	224.95
547.3	232.2
558.1	226.7
561.1	231.7
485.85	214.7
483.25	212.1
486.15	209.65
479.65	208.55
482.8	209.35
482.35	209.55
482.7	218.95
479.25	224.7
480.7	222.55
482.75	221
481.7	219.3
481.3	219.4
483.1	220.9
486.4	215.1
166.55	310
179.65	308.05
182.1	311.2
184.45	312.05
186.3	314.9
190.55	310.95
196.85	306.25
195.6	305.25
200.4	302.3
201.8	297.85
209.45	294
216.5	292.85
229.6	305.7
223.4	308.4
232.8	292.2
232.6	297.7
236.2	302.1
236.85	289.5
238.45	285.95
235.6	297.9
241.05	293.5
244.55	289.15
470.35	258.65
491.3	254.55
489.65	251.6
495.75	245.75
497.4	239.8
488.65	242.05
489.55	236.95
492.3	234.4
486.8	246.8
483.8	250.65
453.2	264.6
482.35	242.3
488.2	243.4
479	242.45
485.5	240.15
461.4	265.95
468.45	258.75
476.75	253.65
457.05	264.35
483.35	245.45
479.5	248.45
489.15	245.2
484.55	247.6
483.3	253.85
482	257.15
482.8	252.8
458.15	269.1
486.9	254.25
488.15	239.4
489.45	243.5
475.8	238.85
318.2	255.5
297.8	260.6
302.75	248.35
297.75	251.15
298.3	252.3
301.05	258
323.2	239.8
311	249.05
314.8	249.15
304.7	254.1
324.45	235.65
320.35	226.5
323	239.9
329	238.1
321.6	237.6
328.75	236.85
372.9	269.8
371.55	269.25
383.35	258.25
383.75	256.6
383.25	256
395.05	251.95
385.35	260.2
373.05	267.85
406.65	244.85
402.1	253.6
409.55	246.5
405.4	252.35
410.45	241.85
413.75	238.9
416.4	240.4
419.5	236.95
419.7	240.4
424.35	242.55
426.05	250.9
436.8	240.4
437.15	234.95
436.25	239.25
443.1	238.15
439.6	239.6
441.55	234.3
447.4	236.5
450.65	233.2
460	234.5
462.05	234.65
452.5	243.75
457.25	248.55
457.2	245.9
450	242.75
453.55	240.6
449.6	239.25
449.45	235.75
445.15	241.3
434.25	242.2
419	240.6
430.45	230.15
416.3	235.05
417.95	237.1
405.9	253.55
424	228.45
427.1	224.7
423.35	242.35
410.3	256.35
426.45	244.55
428.55	234.85
649.35	197.6
635.35	196.75
640.6	200
632.75	200.85
637.45	208.65
641.7	205.05
625.3	214.9
629.45	217.35
628.3	219.35
620.85	222.4
632	224.95
627.15	231.85
624.1	237.5
625.2	240.3
626.2	242.7
622.55	242.3
624.4	239.05
610.45	246.9
624.3	249.9
548.25	313.85
560.55	312.35
555.4	319.9
558.95	320
552.6	324.6
553.45	323.5
541.6	330.95
530.3	331.4
529.55	327.1
516.8	335.35
517.35	333.65
512.95	334.4
510.15	332.7
507.6	325.25
528.15	314
511.7	316.55
491.7	323.55
502.75	313.95
524	304.15
488.85	320.65
489.3	319.85
487.35	320.5
490.05	322.65
512.35	316.5
497.75	325.95
488.8	329.05
637.7	351.05
631.55	347.95
633.35	349.25
655.3	343.45
638.65	343
636.55	344.4
640.35	346.9
638.45	346.8
637.2	345.4
635.3	354.5
632.05	357.05
630.6	355.5
628.3	353.95
546	390.05
538.75	392.3
541.45	385.35
542.35	379
535.35	380.05
533.6	382.75
537.6	380.85
547.9	373.65
480.7	380.6
405.1	387.55
400	383.95
428.45	370.5
422.85	362.95
429.55	369.15
427.65	362.15
418.6	359.6
386.4	372.65
417.3	355.6
412.75	360.4
388.8	365.05
387.55	362.25
411.95	355.45
398.35	363.95
397.95	358.25
511.5	352.75
534.35	338.55
536	329.2
537.65	330.95
523.6	335.45
536.05	339.4
800.25	390.4
861	440.3
852.55	441.2
857.4	445.05
857.5	445
862.85	392.3
0	0
0	0
0	0
450.6	326.65
449.85	333.8
457.05	333.15
457.2	330.05
459.3	332.15
461	332.65
465.15	330.15
437.2	347.5
477.35	320.3
454.3	330.55
456.5	330.7
458.65	338.9
469.95	336.85
476.55	333
501.5	326.2
485.1	335.25
485.45	329.15
495.65	325.5
515.55	323
516.75	327.65
487.2	359.35
493.85	353.5
511.6	354.05
493.8	366.85
495.65	365.8
487.5	366.05
503.1	359.8
492.6	364.95
487.25	364.5
489.1	367.6
483.7	371
479.65	373.5
260.25	367.1
242.05	366.6
245.05	368.2
244.6	370.35
235.5	369.3
229.95	363.9
232.75	366.4
240.5	376.5
251.1	367.7
238.4	368.4
240.75	375.4
246.7	365.1
256.45	361.95
288.8	340.65
297.6	335.45
510.3	253.2
591.6	241.05
591.85	242.6
584.95	242.7
582.45	240.9
581.55	242
585.2	234.4
586.85	224
577.5	222.55
572.4	221.3
564.15	220.2
560.65	222.7
559	231.4
556.05	229.95
552.7	226.1
546.5	235.7
379.7	362.5
366.4	372.55
374.75	363.65
370.7	371
367.95	370.9
368.7	364.95
365.7	368.85
368.35	367.2
395.05	353.55
406.25	354
376.95	372.5
382	370.4
386.7	358.75
410.85	348.2
397.95	359.6
390.4	360.6
459.45	407.8
485.15	454.4
496.9	445.95
491.9	443.55
499.85	443.1
499.2	447.6
502.25	445.65
510.25	452.3
514.55	452.6
512.3	449.65
507.55	448.8
509.35	448.2
505.9	446.9
503.05	447.85
507.1	449.55
506.45	447
504.2	445.6
573.1	406.05
730	272.15
738.6	278.3
742.65	275.2
738.45	276.35
713.15	266.2
717.85	269.9
714.7	273.85
718.75	274.5
718.55	277.6
708	275.5
398.35	242.15
437.6	240.4
436.15	247.35
430.15	246.4
445.4	230.05
448	230.85
434.25	242.5
444.15	233.55
425.35	242.55
448.65	236.55
415.55	257.65
421.75	253.65
430.6	256.05
448	240.4
437.1	234.7
444.05	235.15
444.4	237.3
420.45	247.2
425.55	249.55
420.45	248.05
436.1	236.4
439	236.05
430.9	246.5
402.95	258.2
433.6	241.25
434.35	239.3
402.65	250.95
395.9	255.95
392.65	258.6
401.65	256.7
396.8	260.8
397.65	270.55
397.4	268.55
413.3	254.4
420.55	252.95
418.65	252.05
389.1	269.15
391.3	259.25
392.15	259.7
418.75	239.35
392.35	262
404.2	263.7
407	265.25
426.15	246.8
419.55	251.2
426.25	248.95
425.95	253.8
567.45	253.65
552.75	263.95
553.8	253.9
575.35	250.65
580.2	249.35
565.65	247.8
574.85	253.15
567.35	256.55
565.8	252.55
559.8	253.55
566.35	244.1
564.15	243.75
563.1	243.65
566.9	241.35
568.2	238.55
218.65	280.55
233.75	284.15
233.2	283.65
231.05	287.6
0	0
0	0
0	0
0	0
0	0
0	0
0	0
0	0
285.8	318.1
288.05	329.6
293.55	333.9
286.5	331.75
288.95	327.85
285.3	326.55
290.2	328.9
286.75	325.95
288.7	330.35
292.7	328.85
299.55	329.9
298.2	333.85
305.75	328.7
310	334.25
308.45	337.9
310.1	333.1
327	333.45
315.2	332.2
311.5	327.45
316.85	333.1
360.9	324.4
677.9	223.2
666.05	223.55
660.1	229.3
655.45	226.2
654.15	229.4
654	230.25
651.45	212.05
652.95	207.05
656.85	214.7
656.1	215.6
655.85	224.85
658.3	220.45
659.4	218.65
665	158.9
0	0
0	0
0	0
0	0
0	0
0	0
0	0
0	0
0	0
0	0
531.4	217.1
520.75	237.35
503	244.15
518.15	241.9
537.2	237.45
541.6	239.75
542.65	237.55
534.1	246.15
538.25	253.75
528.05	255.6
550.8	243.75
642.8	247.3
652.6	239.25
639.5	253.95
633.9	256.25
631.4	258
651.25	250.3
644.1	250.95
655.6	251.5
629.75	255.85
622.25	264.9
645.25	255.7
0	0
0	0
0	0
0	0
0	0
0	0
0	0
0	0
629.9	293.5
610.2	304.7
664.2	261.2
661.65	260.2
662	257.35
666.35	259.9
659.4	258.85
667.8	258.4
678.15	256.95
669.9	252.6
685.2	251.1
688.9	251.3
675.1	260.3
672.15	257
757.35	214.85
745	226.7
732.8	226.15
735.6	223.95
733.1	225.15
739.95	225.75
741.7	225
740.8	231.65
736.8	231.15
731.15	236.15
738.15	229.55
731.7	231.95
641.3	236.55
652.15	235.3
641.9	234.2
641.5	223.75
637.1	224.05
638.45	229.7
637.2	231.55
642	231.7
252.05	338.5
275.35	346.2
279.7	348.35
277.6	347.05
277.15	343.35
285.25	333.1
297.15	331.25
288.3	338.6
290.3	341.55
293.15	338.25
300	336.1
298.05	338.55
301.85	335.4
726.55	291.5
719.65	285.85
717.4	284.6
715.55	280.8
717.25	286.05
715.1	289.5
710.9	289.95
712.9	281.8
709.2	281.45
719.85	284.55
719.05	289.55
721.65	282.8
735.2	284.9
740.15	279.95
735.35	284.6
747.4	281.35
761.3	280.45
769.75	282.9
780.1	282.25
464.65	269.45
498.35	269.35
483.6	285.5
507.4	278.45
500.8	278
514.15	276.6
535.7	268.75
534.75	270.65
545.3	270.3
561.2	263.85
553.15	268
552.85	265.95
555.8	271.95
0	0
0	0
0	0
0	0
617.25	193.85
626.2	202.85
618.7	208.4
627.7	205.1
623.4	200.4
626.5	194.45
628.55	188.55
625.8	186.65
628.25	183.8
628.25	184.2
620.8	186.55
624.75	183.65
621.85	179.65
623.45	180.1
628.15	181.7
626.9	179.6
619.25	184.9
627.65	182.85
624.05	183.9
618.9	190.6
607.9	198.2
608.45	199.4
738.85	191.15
720.75	197.95
723.4	198.25
724.45	200.95
719.35	207.65
714.6	203.15
714.6	204.55
714	205.15
711.9	212.3
711.15	205.4
711.55	205.55
613.95	297.9
620.85	288.45
604.75	296.95
607.45	298.15
605.3	299
604.05	291.65
608.7	290.2
604.55	287.85
603.15	291.75
604.8	290.7
602.7	293
600.2	289.55
604.6	284.7
602.25	288.95
609.1	287.35
611.4	280
607.85	272.15
602	269.8
595.95	265.2
601.75	266.2
610.5	256
613.6	249.9
611.3	244.05
607.9	246.35
608.1	242.8
611.05	240
609.3	233.95
609.5	229.75
516.45	269.6
538	257.05
540.5	254.8
550.9	240
546.9	239.45
549.5	238.3
544.3	235.6
546.5	227.8
545.7	229.65
548.45	223.25
556.05	226.15
557.7	223.45
553.4	223.4
553.25	223.5
558.15	219.85
567.45	220.15
577.3	216.75
570.95	218.5
593.1	210.1
591.75	217.9
739.4	202.4
727.7	209.5
724.75	207.4
722.75	202.9
728.1	208.5
730.7	210.05
729.65	210.45
727.4	205.45
728.1	208.7
730.4	210.25
729.75	206.4
727.85	211.8
728.5	208
725.35	207.4
723.95	205.4
726.75	202.5
726.05	211.65
726.25	211.4
726.15	209.65
724	210.25
718.75	214.8
722.6	209.8
722	211.15
485.2	346.3
512.3	339.65
509.45	337.45
524.8	331.8
522.45	335.35
531.2	328.1
528.55	328.45
526.35	336.45
776.1	180.4
766.95	186.6
767.15	182.1
758.5	176.85
761.25	183.15
760.75	187.45
751.8	188.85
752.5	187.95
752.5	189.35
759.15	186.1
757.05	185.25
759.7	183.55
758.7	186
756.15	184.65
753.8	185.9
752.7	187.15
757.1	190.5
824.45	135.95
824.7	132.45
826.05	128.8
827.7	129.2
832.65	124.75
834.35	128
836.45	131.9
837	137.95
839.35	138.45
838.75	141.25
835.55	141.2
848.4	140.3
849.45	141.75
849.2	145.85
850.35	144.05
850.45	144
566	278.6
503.9	307.05
508.7	308.25
508.15	301.8
496.7	310.15
510.7	306.75
495.95	313.2
480.1	318.3
484.85	319.55
508.85	312.85
498.7	312.5
517.05	303.9
578.6	405.55
569.7	417.2
565.75	415.1
564	419.05
565.3	415.7
568.4	417.15
568.75	406.95
572.8	404.45
582.05	400.05
580.95	399.5
459.95	289.8
464.25	272.1
472.85	275.9
475.1	271.75
476.9	270.85
474.1	272.85
474.4	273.4
478.85	272
480.4	274.4
479.7	272.55
476.3	274.75
470.2	275.3
472.85	268.65
454.5	282.35
475	267.7
477.5	274.35
485.05	265.6
483.1	267.25
478.8	272.4
475.95	271.9
475.55	281.55
455.1	290.6
478.55	277.8
442.5	291.5
463.5	280.45
477.1	267.8
481.5	269.45
483.25	266.35
485.25	264.4
487.05	262.75
486	263.1
489.25	258.65
488	260.45
489.85	257.25
486.5	259.15
492.4	260.95
498.6	260.3
500.25	262.5
495.45	263.85
501.95	257.8
501.4	257
501.65	259.2
493.8	262.05
464.7	271
492.6	270.2
482.2	271.85
486.55	269.95
472	282.1
483.95	271.75
478.6	273.5
484.7	268.9
481.3	270.25
475.8	273.75
494.6	273
492.1	274.3
494.95	271.65
516.65	255.35
493.65	268.4
489.35	271.1
490.1	263.9
496.05	260.2
495.55	258.65
500.95	260.9
499.35	259.8
502.65	262.1
516.2	257.7
531.65	254.2
529.1	256.55
534.4	254.2
521	257.05
510.15	264.85
519.5	268.9
515.8	266.5
514.75	263.9
519.6	263.8
517.95	264
523.9	260.35
520.1	260.7
520.1	261.6
522	259.25
521.05	259.2
527.1	256.85
542.65	254.3
529.65	262.4
546.4	261.1
540.4	259.65
560.2	249.2
544.45	256
532.45	263.1
539.05	261.1
548.35	258.3
550.55	262.35
556.15	256.3
558.35	257.65
564.5	257
556.15	260.6
565.1	260.35
571.65	254.9
567.9	254.8
572.75	254.5
569.3	253.8
571.75	251.9
560.75	258.25
558.85	258.7
559.1	254.7
564.25	260
563	258.65
569.3	251.9
578.25	242.15
578.5	246.8
565.45	255.3
567.1	250.65
572.45	247
572.65	248.55
584.2	233.2
572.5	243.6
563.05	242.7
563.75	245.05
563.9	245.35
567.7	237.4
572.95	232.7
579.85	229.5
572.9	234.05
575.75	232.8
569.25	240.35
576.1	236.3
576.15	231.85
595.6	229.95
580.65	227.65
583.75	223.65
584.4	222.9
586.45	219.2
592.8	216.65
597.8	216.8
597.55	218.15
560.3	219.25
554.05	212.8
544.65	217.1
550.35	222.55
548	220.7
556.8	211.7
550.3	208.6
538.35	221.95
542.2	225.7
539.8	220.35
550.8	220.7
551.8	210.2
554.85	207.85
524.4	231
546.85	215.25
556.85	204.75
553.95	208.8
548.25	212.05
546.3	214.95
552.5	209
539.45	216.4
545.4	211.75
545.05	215.4
536.85	218.55
552.4	209.15
544.35	207.05
551.45	207.45
534.5	225.2
540.3	226.45
548.65	221.5
550.75	214.35
540.55	218.95
556.95	209.05
560.6	205.45
538.95	215
538.95	218.15
547.65	215.8
544.6	220.45
567.95	203.35
551.85	218.65
563.1	216.6
570.65	216
580.85	215.65
575.5	213.45
575.25	217.15
580.15	209.3
569.65	212.6
577.7	207.3
581.7	206.9
586.75	201.45
587.75	200.15
588.1	200.45
591.9	201.55
586.2	203.1
588.35	197.6
582.3	199
582.6	202.8
575.75	205.5
592.35	197.2
590.3	203.25
589.45	199.95
591.55	198.4
594.3	199.2
590.3	207.5
582.45	212.1
572.55	218.2
565.75	220.7
569.5	219.75
585.4	209.3
597.7	205.55
587.95	202.6
563.9	204.65
574.3	203.5
596.65	192.55
594.45	201.15
0	0
0	0
0	0
0	0
0	0
0	0
0	0
570.45	207.9
564	203.5
566.55	204.7
576.2	203.35
580.55	212.9
580.95	206.8
590.1	201.25
591.2	211.35
594.9	210.95
596.7	204.2
601.6	202.75
598.25	210.65
601.1	215.2
601	207.65
603.7	204.1
600	207.15
597.4	210.35
601.95	200.4
607.4	197.25
606.05	191.3
603.85	199.25
605.55	204.95
270.3	167.6
252.9	158.65
255.2	165.65
254.25	173.4
244.65	197.9
249.95	191.5
249.6	189.25
249.1	188.5
245.1	194.6
0	0
0	0
0	0
0	0
0	0
574.85	243.3
0	0
0	0
0	0
0	0
0	0
631.8	203.85
632.4	213.85
629	210.1
630.95	206.55
618.65	216.1
631.2	211.3
635.1	210.3
632.8	205.45
632.45	208.1
627.5	213.9
344.75	242.15
382	220.9
367	228.9
370.9	231.85
361.45	229.3
382.1	218.25
387.85	206.95
531.65	222.75
537.45	223.3
559.75	221.75
563.3	207.45
563.35	203.2
562.4	198.95
563.75	196.85
569	192.95
568.35	194
567.3	201.9
558.65	205.85
562.05	209.2
557.15	208.25
578.25	194.45
572.95	191.75
579.45	187.2
581.8	187.1
570.8	190.8
576.85	183.05
565.75	187.7
565.2	189.8
566.55	177.55
570.1	173.8
566.15	176.95
568.85	182.3
563.75	186.75
564	185.25
582.85	174
569.25	174.25
561.15	174.45
564.55	170.7
578.45	164.05
583.4	166.7
573.55	171.25
492.2	179.3
501.7	173.05
482.85	182.15
479.7	184.15
475.8	167.65
443.35	140.2
444.25	142.15
450.1	141
453.65	142.25
454.55	138.8
449.75	143.85
447.85	136.4
453.65	132.4
456.3	134.05
453.95	137.45
459.15	131.7
464.2	131.4
416.95	166.75
415.2	169.35
413.9	168.55
413.35	178.35
417.65	162.8
429.05	165.3
431.05	158.05
436.65	152.4
441.7	155.05
443.35	147.2
440.4	153.95
445	150.5
448.1	149.55
451.75	138.55
457.15	138.2
452.6	141.55
458.35	143.4
467.2	140.7
460.9	143.1
462.45	146.5
655.75	189.45
640.15	214.8
634.2	214
645.15	213.9
637.8	213.1
640.1	210.4
636	210
631.15	215.5
634.35	216.3
643.25	214.4
639.85	216.65
639.7	215.9
639.95	218.8
644.25	214.45
641.1	213.85
647	210.9
641.4	210.25
645.35	207.5
647.05	202.25
645.3	202.85
640.6	198.55
645	196
639.15	194.45
634.85	188.45
638.85	189.65
638.65	185.65
349.15	224.25
359.6	240.7
356.75	242.8
363.6	239.45
362.1	238.25
370.95	234.2
366.85	232.6
366.35	232.6
346.3	252.2
346	251.55
368.6	232.5
358.05	238.7
371.15	230.45
484.2	262.2
482.5	257.25
483.5	249
488.7	246.95
481.9	246.9
488.5	228.35
491.55	229.35
491.95	217.8
493.8	214.3
494.35	211.95
491.2	212.85
491.95	213.05
486.45	220.4
489.2	216.6
487.2	213.7
489.85	215.75
494.5	211.85
495.45	217.8
488.9	214
490.05	218.65
486.4	218.7
489.85	212.1
474.35	209.2
473.35	216.9
484.9	206.55
477.55	204.8
467.15	214.5
464.3	211.65
482.15	191.75
487.9	192.85
479.85	191.55
486.15	188
480.05	195.9
481.45	194.7
467.15	205.7
479.85	204
492.7	194.8
483.6	200.6
548.9	250.55
543.05	254.45
557.7	321.45
547.2	318.95
568.05	305
559.95	308.2
582.75	303.65
576.75	295.95
569.2	299.3
566.55	296.7
570.55	294.1
574.05	292.6
581.85	287.7
580	290.55
576.3	284.95
576.05	282.7
581.4	286.6
583	284.4
465.15	218.8
474.65	223.35
481.7	218.45
474.65	222.5
480.4	223.9
484.2	226.95
491.1	220.25
494.15	216.65
495.5	220
503.3	222.95
502.35	222.05
503.3	227.25
504.15	224.05
508.15	222.95
502.75	227.45
499.95	219.2
504.4	220.85
503.35	215.4
505.1	216.45
500.9	216.65
498.85	219.4
631.3	172.6
640.9	166.65
641.3	169.55
644.15	173.2
645	178.6
645.8	173
651.3	165.5
646.7	167.1
650.6	171.4
652.55	170.95
649.8	169.8
656.7	168.7
650.95	168.05
652.8	182.85
657.3	184.25
652.3	182.05
648.7	180.6
651.35	180.3
650.85	171.1
647.5	175.75
641.45	171.9
648.4	169.15
642.65	168.25
643	170.5
638	172.05
640.5	171.1
637.45	175.3
638.6	171.2
635.65	175.45
637.65	166.8
635.2	170.65
634.05	168.7
631.35	174.55
632.9	165.4
622.75	178.1
631.95	172.6
634.6	163.25
642.75	149.8
641.45	148.75
642.75	146.3
637.85	140.9
635.6	141.8
636.35	141.3
633.3	143
633.65	139.4
633.9	139.4
625.95	142.1
625.3	139.3
627.15	137.65
621.4	135.6
621.5	139.25
609.65	147.8
623.05	139.75
628.9	130.5
630	131.65
626.85	130.65
625.5	133.5
631.4	128
332.8	223.95
363.6	215.1
361.2	213.7
366.2	211.15
366.05	210.55
375.25	211.3
375.5	211.7
477.15	221.45
471.5	222.65
482.2	208.9
477.3	215.15
479.3	211.65
479.8	207.95
489.15	209.25
485.95	211.45
486.5	210
239.85	194.2
249.85	187
256.75	185.95
257.85	186.5
260.4	184.35
233.45	208.25
257.55	183.9
239.65	200.55
261.8	186.4
525.5	183
549.75	205.3
547.1	205.05
550.85	206.05
539	213.45
549.4	203.3
548.3	199
549.95	202.35
545	197.9
553.55	201.55
549.7	198.1
552.85	201.25
555.5	204.3
549.55	183.2
553.45	182.85
557.05	181.05
550.5	185.85
555.25	185.4
552.15	190
553.65	182.35
558	178.5
558.7	185.8
551.25	184.25
556.05	185.7
550.1	185.8
551	182.35
555.4	184.3
551.9	183.05
548.75	190
552.5	192.8
412.35	196.4
421.85	193.25
416.1	205.75
426.2	197.05
425.8	201.15
427.4	200.35
428.55	206.55
428.9	202.85
560.6	220.2
619.8	219.5
623.3	220.75
633.85	215.8
628.7	212.2
631.5	208.8
501.55	157.45
492.5	156
494.35	151.25
501.4	157.1
500.55	162.45
567.8	114.65
552.55	119.4
554.6	118.9
555	116.5
552.95	112.55
555.4	121.45
557.1	114.85
553.2	125.15
552.05	126.6
560.95	126.2
559.15	126.7
450.05	213.95
455.35	224.6
454.15	206.55
453.1	204.4
455.5	205.8
454.8	207.3
451.2	208.1
452.5	210.2
454.85	210.6
449.85	213.1
543.8	272.75
531.4	271.05
510.25	283.9
522.25	275.25
524.8	277
532.45	263.35
504.35	137.85
510.7	122.75
507.95	123.25
512.85	120.1
513.95	127.85
519.9	126.15
412.9	92.7
417.9	92.8
419	95.9
424.6	92.1
420.65	97.45
529.75	367.75
527.95	443.95
525.95	443.35
525.6	443.8
517.3	448.6
520.85	441.45
517.6	445.8
520.65	394.75
524.25	396.5
537.25	390.95
521.15	393.55
515.05	392.1
519.1	389.3
515.1	395.25
522.95	394.7
515.5	405.3
517.7	403.95
517.8	396.2
516.65	393.35
513.9	397.95
515.45	393.8
517.9	399.2
518.05	397.6
525.85	393.8
531.2	391.45
521.7	397.05
523.05	401.3
521.3	398.45
540.6	235.9
536.1	236.7
529.3	244.1
533.4	234.5
535.35	235.5
516.6	244.15
513.8	250.35
520.25	247.2
523.45	254.05
522.65	253.15
522.5	252.05
477	286.4
508.4	288.8
509.05	285.95
506.5	290.65
512.2	289.1
508.9	289.45
511.05	288.45
511.7	290
408.65	136.1
419.7	148.35
420.65	147.9
420.5	156.2
422.7	152.1
424.3	105.15
424.5	102.9
427.15	103.4
425.45	100.7
425.6	97.7
427.2	101.05
426.9	102.8
427.8	109.95
589.2	88.45
571.85	109.7
569.15	112.05
571.75	112.15
570.8	113.45
573.15	109.8
572.35	109.15
570	112.1
568.6	113.7
568.7	114.7
572.2	117.45
576.1	120
578.4	120.45
583.1	116.4
580.85	114.8
581.5	115.7
581	116.55
639.65	112.8
626.5	108.3
632.65	108.1
625.95	110.4
630.55	112.85
645.6	81.3
0	0
0	0
667.05	124
659.65	119.4
654.65	116.95
654.5	118.75
653.4	115.1
544.5	278.45
515.45	380.3
534.8	376.65
528.75	367.6
523.65	349.65
540.7	327.25
540.85	302.95
540.1	278.3
541	261.6
542.5	262.25
540.6	259.7
533.4	251.55
530.8	256.75
538.25	250.05
543.85	249.25
535.45	246.3
530.75	129.8
529.15	123.65
529.95	127.8
536.3	129.4
532.8	127.05
528.5	125.35
533.6	122.95
531.75	128
532.25	135.5
534.55	129.05
534.5	126.7
537.65	125.05
534.15	132.1
533.6	132
532.95	130.65
536.25	135.85
535.2	131.15
538.1	128.55
537.9	126.45
537.95	125.65
536	126.7
539.25	130.05
541.55	126
542.9	128.65
542.5	126.7
544.85	132
543.9	132.8
542.05	133.15
543.75	132.55
542.85	139.8
550.8	135.5
550	137.95
553.65	136.85
554.65	132.25
555.45	134.1
553.2	129.15
554.95	128.95
555.75	129.6
559.2	132.95
556.2	138.5
554.6	142.45
556.5	144.55
557.9	138.95
535.4	231.7
529.35	226.15
533.8	230.6
523.75	234.55
541.35	302.3
518.4	309
529.2	299.45
524.05	296
543.4	281.9
548.85	268.8
547.5	262.8
553	255.85
555.75	239.15
554.5	228.3
562.15	223.3
557.45	231.75
568.7	211.2
570.1	205.75
572.2	205.15
552.45	120.95
549.95	121.1
553.15	119.85
558.6	124.2
558	130.4
561.7	128.95
560.35	133.45
568.15	134.65
570.8	138.65
574.6	134.4
569.2	125.9
575	125.9
579.5	126.6
587.9	131.55
583.45	133.1
464.6	139.7
461.35	142
461.95	140
462.9	139.65
464.05	137.9
466.25	138
472.65	141.3
484.1	133.7
493.2	135.3
505	138.15
582.1	161.85
597.1	160.85
597.2	160.9
603	166.1
600.75	164.55
605.25	162.25
603.45	160.25
598.85	163.3
598.05	165.3
600.5	164.8
603.8	158
599.2	166.05
602.55	163.4
601.4	162.9
598.5	155.5
602.35	157.35
596.7	159.75
594.1	166.85
597.1	168.25
506.85	187.05
492.75	180.3
498.2	175.55
505.55	181
506.55	173.4
511.55	173
515.6	167.9
521.15	166.95
525.95	172.55
537.9	173.5
539.25	171.35
541.05	166.85
540.55	171.45
546.15	169.1
554.1	161.4
542.2	170.45
554.85	160.85
560.35	150.9
567.4	151.85
569.55	155.3
571	149.8
572.3	151.9
572.35	147.65
575.75	151.7
574.1	155.3
564.95	160.45
568	165.3
571.6	155.05
560.45	157.45
562.05	152.8
566.75	148.8
565.7	153.35
565.5	147.15
571.55	152.7
566.35	161.75
569.7	161.75
567.35	162.25
573.4	157.15
570.4	162.35
573.25	163.5
563.25	165.1
572.15	161.1
574.7	161.7
567.5	162.65
570.5	153.8
554.5	163.1
560	165.05
561.45	166.55
571.05	159.7
559.1	165.3
575.6	163.1
571.1	164.65
567.75	165.75
564.65	169.5
569.4	168.45
573.9	166.65
570.25	163.25
569.8	160.35
575.1	157.8
571.85	154.6
572.9	158.85
572.9	162.7
574.8	160.25
576	163.45
560.35	173.35
574.6	163.35
570.1	167.8
570.45	166.05
563.85	162.2
558.9	160.75
571.2	155.3
552.2	171.3
566.65	164.85
552.3	162.95
564.55	164.6
560.7	174
560.9	160.7
561.25	163.45
559.15	158.9
561.95	160.45
552.45	171
559.65	169.4
565.2	172.1
560.5	177.2
557.5	174
561.95	171.45
558.75	175.5
565.85	166
562	160.55
564.15	162.1
570.65	158.7
569.65	158.45
571.05	156.9
575.25	150.7
577.8	157.25
569.9	159.25
569.7	156.5
572.05	157.3
560.3	158.55
571.4	159
576.45	156.5
578.25	155.45
577.15	155.05
560.65	163.5
570.55	161.45
570.8	155.15
571.4	156.65
572.5	155.95
575	155.45
568.15	159.6
578	159.65
577.95	157.7
573.95	159.05
569.3	162
567.1	163.85
573.35	165
575.85	160.55
576.75	162.35
575.8	164.3
573.2	163.4
573.65	154.65
428.1	161.6
463.95	150.45
464.15	148.65
470.55	153.15
470	149.15
471.2	149.15
482.35	143.6
487.9	147.35
486.8	150.6
493.1	150.55
492.9	149.25
497.65	148.25
501.4	144.95
502.65	146.75
502.95	147.75
506.65	147.95
506.6	148.15
510.25	155.15
515.3	153.4
517.5	150.65
518.4	145.5
520.6	150.05
522.55	155.05
612.95	189.65
580.25	188.3
542.8	217.35
553.85	212.2
533.3	218.05
546.15	209.25
548	201.35
553.25	197.5
554.65	195.45
548.2	190
560.6	191.25
564.15	189.75
560.5	187.65
563.2	193.45
562.15	185.75
565.15	181.95
568.7	180.65
569	176.5
566.9	174.8
544.65	176.2
481.05	187.8
479.4	182.55
486.9	179
482.6	182.85
482.65	179.4
490.85	173.55
485.1	175.9
492	172.95
498.25	173.3
507.55	169.3
514.85	168
511.1	174.65
510.45	185.65
523.4	170.45
521.85	173.25
523.4	176.05
524.35	175.45
524.95	178.55
531.1	171.85
527.45	168.8
528.2	171.2
528.85	172.45
531	169.8
526.1	169.65
533.85	168
534.2	161.55
534.55	165.75
525.8	164.25
529.5	160.6
534.25	155.3
533.35	159.3
533.7	159.7
534.05	160.75
533.45	157.25
533.05	154.35
532.45	165.25
530.45	160.3
525.35	160.15
523.45	156.55
524.75	165.75
520.75	166.7
525.55	163.45
527.3	158.55
525.5	162.75
523.15	162.45
528.15	157.5
529.9	165.85
530.4	167.9
535.7	165.75
540.65	166.1
549	161.95
550.1	159.8
554.35	152.1
560.05	149.85
571	145.3
574.05	154.65
575.6	156.65
578.4	161.25
580.4	155.5
589.15	155.05
589.7	154.65
588.3	152.3
588.8	148.95
587.25	147.65
586.85	152.9
584	154.55
529.3	159.15
488.65	140.15
492.05	137.65
497.85	139.15
505.5	142.7
510.1	143.35
519.05	140.35
527.6	145.45
531.05	158.8
534.05	158.05
533.1	156.5
542.1	152.05
535.85	144.9
538.6	149.95
537.75	148.15
539.85	145.35
537.85	150.35
542.75	158.1
539.9	156.8
537.3	164.8
541.9	162.9
538.95	164.35
538	162.3
536.8	161.1
536.9	156.45
535.45	159.35
533.3	161.15
534.55	163
535.3	160.8
528.35	166.6
530.5	168.5
529.3	166.3
531.9	164.05
526.6	163.15
535.05	161.95
526.7	159.7
524.95	164.75
530.95	164.4
533.05	170.55
533.2	165.5
530.2	167.15
534.8	162.95
531.35	161.95
532.1	160.8
532	160.45
531.85	158.45
533.15	165.85
540.7	164.55
536.2	167.05
532.4	163.7
531.45	166.2
537.25	168.65
537.15	164.35
540.9	172.65
528.45	174.55
542.8	167.7
538.1	171.05
545.6	167.35
545.7	159.55
549.4	157.65
541.35	165.25
547.45	159.35
544.7	154.85
549	168.8
550.35	161.8
549.65	154.9
550.85	163.7
555.15	160.25
539.55	173.15
546.2	163.55
556.35	160.95
523.35	153.9
525.1	152.8
525.5	151.15
523.8	157.3
521.75	145.85
528.5	148
528.55	152
533.45	146.45
531.5	153.5
531.55	153.25
0	0
0	0
0	0
0	0
0	0
0	0
602.7	174.25
601.35	178.2
603.9	176
603.25	170.95
605.25	173.2
603.95	169.35
598.3	177.05
600.9	173
601.9	174.4
600.25	170.25
601.15	179.65
600.6	184.7
601.45	176.15
605.45	181.85
531.15	201.35
527.7	197.6
527.2	196.15
527.05	204.55
525.6	203.4
522.35	204.9
525.65	201.1
0	0
0	0
0	0
0	0
0	0
503.55	228
505.55	226.85
503.25	226.25
505.5	222.9
508.1	219.9
510.35	220.35
508.25	220.05
516.7	224.5
514.6	231.7
517	229.45
516.65	232.65
514.95	232.5
513.15	228.65
514.4	226.2
513.9	225.55
516.55	225.2
417.3	211.3
436.3	209.15
437.85	204.95
438.25	207.65
450.4	203.45
450.1	202.15
453.75	203.2
456	198.05
462.1	203.65
468.15	204.35
468.9	200.7
465.8	206.6
466.05	209.2
468.5	206.65
471.85	207.75
554.25	198.55
531.35	190.35
531.5	185.65
530.25	176.15
532.55	174.2
528.65	175.2
531.85	182.7
534.65	184.15
528.45	171.65
530.6	175.1
527.95	168.6
524.75	173.35
527.25	174.85
530.05	171.75
528.15	183.5
525.55	181.95
525.2	185.5
526.15	182.45
526.35	176.45
484	176.25
484.65	174
487.1	172.15
488.1	176.95
489.8	175.85
494.2	178.55
499.35	175.7
498.75	178.5
500.45	177.95
506.05	176.25
510.05	170
512.65	172.4
512.75	175.75
509.95	181.65
508.85	179
514.4	179.8
505.7	177.05
506.9	178.5
506.4	177.25
509.25	176.6
508.55	180.3
510	176.8
511.25	178.35
513.45	179.25
503.85	196.1
512.45	184.75
509.1	185.25
513.5	183.4
513.1	181.55
521	181.55
525.6	182.4
523.4	186.3
527.7	181.8
535.1	183.5
532.3	191.1
539.45	189.5
545.65	185
546.25	184.45
545.7	180.45
550.85	181.5
554.55	182.05
554.35	181.55
554.75	179.65
553.9	186.2
555.95	182.85
560.05	182.5
555.25	177.55
553.7	172.2
555.5	178.3
561.5	175
553.35	180.05
557.8	178.25
554.8	171.85
554.8	168.3
557.15	174.35
564.6	176.25
560.3	179.2
567.95	180.05
567.25	176.75
574.9	173.35
577	172.5
574.35	178.1
584.95	175.4
581.85	178.1
584.65	180.2
587.4	180.45
586.7	181.95
584.35	187
585.4	185.85
592.6	185.3
587.9	183.65
587.1	183.9
589.95	179
540.7	191.55
555.75	180.95
548.95	173.6
545	178.95
552.3	183.55
547.5	188.4
550.75	184.4
550.9	184.85
548.1	168.2
550.85	176.45
553.9	175.85
550.3	174
549.15	171.5
547.85	176.75
546.3	177.9
543.8	185.1
545.2	176.05
546.5	174.65
544.7	170.95
544.2	168.7
545.3	173.35
546.25	172.75
546.3	184.95
556.05	184.65
556.1	187.75
554.8	183.55
559.95	185.75
562.9	181.2
561.4	189.55
556.45	188.8
565.05	191.7
564.25	185.3
560	186.6
558.15	191.2
562.8	192.3
562.1	194.45
560.6	191.2
560.2	192.6
562.25	185.1
559.3	191.3
558.5	187.2
556.4	191.2
557.55	190.8
558.55	198.9
256.75	251.15
215.5	237
213.9	242.5
216.95	241.65
215.95	247.35
208.85	249.15
208.55	239.25
211	237.05
211.45	237.4
218.25	237.35
214.5	237.7
221.75	231.35
222.3	237.15
233.75	234.6
253.4	212.45
253.5	226.85
236	240.75
245.95	230.25
180.95	208.8
188.95	219.05
215.5	197.5
192.55	214.15
185.75	224.95
189.55	223.2
193.45	217.15
190.2	220.5
186.9	223.95
187.85	224.65
189.35	224.45
190.5	222.7
189.5	219.8
188.15	218.75
191.4	223.1
191.05	223.55
194.6	221.2
198.3	220.85
204.7	207.05
202.5	215.05
205.95	215.75
208.95	206.3
207.65	210.35
210.3	207.6
211.55	211.45
226.65	193.85
230.95	193.55
220.9	208
223.7	211.85
243.4	188.7
238.7	200.95
241.3	193.7
239.1	199.8
251.35	196.2
252.6	199
253.7	198.35
165.25	340.2
176.45	405.45
173.55	402.65
170	402.75
190	383.9
165.4	401.55
165.1	396.1
163.7	398.9
162.6	395.15
160.3	389.45
160.5	397.15
538.4	375.85
678.6	354.65
675.4	355.05
681.1	359.2
679.95	356.25
678.1	359.55
687.8	357.35
679.3	361.15
739.6	321.35
752.8	323.25
746.4	323.7
746.9	324.7
754.6	322.65
757.05	319.7
758.65	321.55
757.4	316.5
760.75	322.6
759.4	320.5
760.4	329.05
763.55	318.55
768.5	325.75
766.85	319.9
780.85	323.45
779.3	323.45
780.55	318.15
779.25	317.2
776.1	314.6
340.55	244.3
275.45	235.2
278	235.25
281.9	239.95
278.4	237.8
287.2	246.15
286.3	246.6
287.35	233.55
283.55	243.6
270.1	257.85
281.25	242.5
300.95	244.7
549.05	281.2
579.05	269.7
580.95	265.65
585.9	268.4
585	270.2
583	265.55
583.45	266.45
581.4	270.1
577.4	266.8
592.5	262.9
583.45	264.15
592.7	262
594.9	259.1
594.95	269.5
597.45	254.05
594.8	266.3
591.35	262.55
589.85	266.9
581.2	270.9
579.15	266.25
587.8	259.9
596.55	255.2
588.3	258
590.25	259.25
599.4	251.75
593.35	255.9
594.4	256.3
593.5	263.1
599.4	265.15
593.5	264.9
510.4	309.95
514.5	314.55
531.15	310.2
531.9	302.3
529.75	294.45
532.25	295.55
534.1	291.15
530.95	297.7
517.1	301.9
518.9	302.15
525.35	294
498.75	298.9
530.7	284.75
506.8	294.4
496.6	301.7
492.8	304.55
499.2	290.5
488.1	301.75
485.6	296.55
478	294.6
480	293.35
481.35	302.15
496.9	293.9
469.3	301.7
469.2	305.8
468.1	307.4
461.7	303.7
454.45	302.4
461.35	305.65
456.2	301.8
462.8	308.65
466.45	303.2
470.6	301.6
477.9	307.7
478.45	306.65
482.2	300.15
484.75	307.25
488.9	309.95
492.4	315.65
490.45	302.55
494.85	306.35
494.45	298.2
496	305.8
488.85	302.65
496.55	303.55
495.7	304.1
491	307.6
494.55	307.25
499.35	305.8
498	306.25
495.5	303.25
500.6	299.7
504.25	303.55
513.5	298.9
509	302.65
509	301.35
507.25	298.8
502.5	300.55
506.1	302.45
511.5	304.4
502.9	304.25
500.4	295.35
499.5	302.4
847.2	237.85
838.05	230.6
840.9	227.1
838.95	235
843.95	233.35
846.75	231.35
845.3	231.15
845.85	232.95
846.3	234.1
841.35	229.4
837.75	230.9
560.65	283.1
563.55	278.9
562.75	278.05
569.4	279.5
563.1	281.95
559.35	275.35
560.25	279.95
564.8	279.05
567.1	274.4
566.25	281.85
566.1	281.7
569.5	276.9
566.2	280.35
563.85	284.45
837.4	295.5
824.45	297.4
819.65	300.2
820.5	294
817.95	294.45
816.9	266.3
814.55	230
811.05	227
808	227.45
806.75	223.95
808.4	223.1
807.6	222.7
811.25	226.35
806.35	220.65
806.75	217.6
799.85	218.45
802.95	218.8
798.8	214.6
795.15	217.45
798.45	217.4
792.55	218.25
716.4	182.1
624.7	190.4
613.55	188.75
615.65	190
615.8	188.4
266.95	176.55
231.9	172.9
243.6	172.85
243.8	182.05
257.8	173.25
261.5	173.15
266.85	171.55
274	171.3
269.7	178.45
275.95	174.6
529.15	230.65
519.65	238.35
521.3	237.25
526.35	243.65
533.15	231.85
521.3	238.2
524.7	231.85
524.05	233.3
525.45	227.55
535.2	222.35
529.95	223.75
538	224.75
533.45	226.05
534.3	220.15
527.4	220.6
520.85	229.2
542.1	217.05
528	228.05
521.65	223.6
522.6	227.35
522.9	226.95
532.3	224.35
526.45	227.55
522.7	231.05
526.35	223.75
0	0
0	0
0	0
0	0
0	0
400.35	211.3
403.05	202.75
402.9	210.9
395.2	217.65
404.45	213.5
402.1	214
402.3	203.5
664.4	315.6
662	315.2
660.2	319.2
665.5	320.55
664.6	319.65
663.35	316
663.05	311.5
664.5	313.3
673.95	312.05
669.45	309.05
671.65	306.95
669.15	311.7
665	319.7
720.75	322.3
730.95	318.15
731.35	324.25
731.4	324.95
734.35	318.55
734.2	320.5
734	318.45
731.15	320.15
733.05	315.85
734.45	316.45
736.2	314.55
727.95	316.2
731.4	318.95
735.05	318.1
739.55	316.95
522.7	298.55
420.65	256.9
393.55	257.75
394.25	253.55
387.25	260.3
388.05	254.55
382.8	253.4
377.6	261.9
354.1	269.2
390.15	247.75
349.7	260.25
368.9	251.25
349.95	265.6
378.65	252.15
377.7	253.3
429.05	245.2
666.7	244.75
681.8	236.9
679.15	238.3
678.7	239.45
678.95	236.7
678.25	236.6
678.3	235.5
678.75	237.05
682.85	230.7
399.05	227.35
368.4	242.7
375.95	241
371.75	248.3
376.4	246.05
370.05	247.4
368	243.5
0	0
0	0
0	0
0	0
0	0
526.6	241.35
523.25	253.85
520.25	249.95
514.75	251.3
513.45	256.1
508.7	256.1
503.85	260.9
487.7	268.7
499.4	265.05
253.6	260.15
290.2	251.65
293	242.05
308.05	236.45
316.1	231.05
309.85	246.45
318.65	236.9
655.95	195.95
665.55	197.25
661.65	199.35
661	202.1
660	199.2
661.8	210.05
672.25	192.05
0	0
0	0
0	0
0	0
0	0
564.5	179.9
564	201.1
560.95	204.3
569.8	200.25
572.5	199.15
572.6	200.6
576.85	200.75
576.3	201.3
570.7	197.1
795.75	269.2
785.25	267.7
788	269.15
784.7	272.9
782.55	272.05
781.05	273.65
781.2	273
780.3	275.15
778.65	276.2
518.2	244
447.75	257.05
441.2	253.8
441.35	256.4
442.7	254.35
442.55	251.5
450.65	249.65
448.65	255.65
441.95	259.5
448.15	260.55
440.9	261.55
448.15	259.6
439.3	256.5
447.3	252.4
450.45	251.95
458.65	244.05
452.9	246.1
454.9	254.25
454.95	248
459.8	237.05
457.95	240.65
455	247.2
448.85	249.45
454.9	248.35
461.4	238.75
464.7	240.55
470.6	231.8
465.95	236.65
470.3	235.95
467.15	244.1
468.8	243.85
464.4	244.55
463.8	248.4
464.5	248
446.75	262.45
459.6	252.05
464.8	246.55
458.9	240.5
441	247.1
454.2	247.05
452.55	242.85
446.4	244.45
449.7	249.3
448.55	247
422.3	270.65
442.8	259.1
455.1	245
427.8	257.75
452.1	247.4
443.3	254.4
445.75	249.65
445.65	252.2
455.65	244.65
448.05	243.3
451.15	238.4
434.65	247.8
425.45	253.05
409.15	265
415.2	253.5
407.85	257.8
412	261.5
412.05	266.1
411.15	262.35
409.05	260.95
425.5	247.7
403.35	261.65
437.85	246.95
411.5	264.4
413.75	268.4
418.1	258.7
413.45	260.3
413.2	256.4
423.35	247.3
410.7	253.6
429.3	240.85
410.9	253.85
416.9	252.7
438.4	240.05
438.85	236.45
443.45	239.1
450.7	233.4
445.25	238.25
448.95	237.2
452.65	236.05
453.75	235.15
454.65	228
452.65	223.8
452.9	228.95
454.1	234.5
453.2	238.55
464.65	234.8
466.45	227.8
465	228.05
469.45	234.35
470.85	240.5
453.25	251.9
452.55	253.6
475.55	243.35
477.4	234.8
474.6	239.75
478.35	242.7
485.05	233.6
482.15	235.25
467.35	245.45
482.7	242.95
486.2	236.7
486.9	240.2
469.15	254.35
487.55	240.25
491.9	242.7
492.75	240.45
492.7	233.1
478.7	242.8
481.45	244.4
483.8	242.4
493.45	237.7
508.15	230.75
491.85	245.15
500.6	240.95
506.6	239.15
500.55	241.6
508.75	239.45
502.9	244.65
513.2	238.1
509.65	249.05
511.25	229.6
507.9	232.5
510.75	242.3
515	240.3
519.1	242.2
502	252.45
520.75	246.55
517.6	237.3
522.15	243.15
519.1	240.55
520.55	257.3
525.3	241.65
531.7	239.55
524.95	245.15
506.7	256.45
528.8	245.85
523.9	239.2
519.55	241.7
527.65	233.6
534.4	232.55
528.3	236.25
531	233.5
529.65	231.4
533.85	231
535.4	236.2
525.75	233.8
526.45	232.95
532.7	236.95
525.05	234.55
526.9	229.35
527.55	238.7
528.95	240.65
522.8	243.05
531.85	235.65
527.5	240.95
527.35	240.75
532.2	239.15
531.15	230.3
528.4	226.2
531.65	231.4
528.2	235.7
531.55	228.85
527.1	232.9
532.9	235.15
527.4	241.05
529.35	249.45
534.7	244.05
527.9	235.45
523.7	240.8
523.7	240.35
519.9	249.2
526.1	249.15
528.75	246.25
523.6	246.95
527.55	236.65
528.9	234.6
526.85	232.1
523.15	238.6
535.15	233.05
538.9	229
537.8	233.15
534.65	235.1
536.15	233.7
537	236.9
534.95	241.8
538.5	243.85
510.75	260.15
522.25	252.55
540.3	241.2
525.25	250.2
525.35	257.5
544.85	244.6
555.95	238.15
554.4	239.8
559.55	239.75
559.95	235.2
562.15	237.1
566.6	232.1
559.35	242.1
528.85	258.2
559.7	257.45
562.9	256.65
564.6	251.95
563.1	252.6
547.55	259.1
546.6	262.2
546.3	261.9
561.75	252
556.85	249.8
548.25	255.65
555.5	256.5
557.35	255.95
572.3	245.9
575.85	237.8
575.7	240.7
574.5	237.85
582.6	237.9
560.1	250.95
550.55	252.5
571.5	239.95
574.8	229.1
560.5	236.45
560	238.6
564.9	232.55
576.35	234.65
582.9	226.8
585.9	224.25
587.1	228.85
590.65	228.6
580.8	232.3
583.05	239.95
583.65	236.75
585.6	239.8
572.45	241.15
597.4	233.35
591.85	241.4
580.25	236.2
604.2	222.35
605.9	223.85
614.85	222.95
615	232.3
616.55	229.55
624.85	224.7
623.15	223.3
627.7	210.25
626.9	214.95
619	215.95
633.85	215.75
636.35	211.95
643	216.1
650.5	218.55
638.25	224.05
644.05	222.15
641.85	224.8
646.7	222.35
649.8	224.85
652.5	219.25
657.65	226.25
0	0
653.1	234.15
659.1	234.85
656.9	235.6
656.05	242.85
659.3	237.45
659	236.45
660.45	236.75
661.35	236.85
664.15	243
665.2	246.3
663.2	250.7
667.3	242.15
569.9	239.85
277.15	261.4
287.15	258.05
291.75	261.7
272.5	271.3
289.05	258.9
295	255.9
287.8	256.05
288.7	257
291.15	248.65
289.5	251.25
294.1	249.85
286.35	255.75
289.95	249.4
295	249.35
295.95	247.7
296.25	250.75
288.3	256.95
297.55	251.15
301.2	259.75
307.1	253.45
283.35	276.55
308.2	263.3
305	274.7
314.8	262.75
311.55	267.35
323.15	263.35
321.9	270.45
332.55	271.85
327.65	284.45
318.9	285.6
308.65	352.1
299.45	501.45
291.45	511.95
289.1	510.7
288.9	513.4
283.8	507.65
284.45	508.7
278.5	510.7
505.3	296.4
503.25	314.4
508	314.95
486.6	327.35
511.7	318.5
519.8	316.55
516.45	315.95
524.05	312.95
501.05	324.3
506.4	318.5
504.35	325.05
504.6	321.85
511.85	323.5
510.65	321.4
504.25	319.5
510.9	318.5
527.05	303.25
522.9	309.3
501.05	316.45
520.2	305.65
521.4	305.15
518.7	302.8
507.15	306.95
510.4	302.85
509.2	310
513.9	309.45
516.1	306.45
517.6	308.55
520.45	311.9
522.95	307.3
340.75	117.25
348.2	121.8
347.9	112.9
355.9	108.3
354.45	108.35
356.7	109.6
360.75	111.8
361.85	109.9
365.95	108.05
361.45	115.5
365.9	112.05
367.3	108.35
368.85	116.15
374.25	113.75
501.7	121.6
530.6	125.25
525.75	126.35
530.85	132.7
533.35	133.4
529.3	127.05
528.35	124.2
528.75	120.4
524.9	123.9
532.6	124.1
530.4	122.05
530.6	120.35
527.25	122.25
528.35	117.95
530.3	113.5
531.2	121.9
532.5	121.35
531.45	120.25
533.1	114.15
532.6	117.1
530.95	121
530.85	119.35
531.15	118.45
528.85	122.9
527.3	111.05
530.5	114.2
518.4	101.55
516.35	99.3
514.5	99.4
516.95	101.95
516.75	110.85
515.6	112.25
512.95	113.9
513	110.5
512.65	108.65
511.55	115.7
516.85	111.2
512.25	111.8
508.6	109.95
512.9	107.8
513.1	105.15
510	110.15
510.55	117.6
532	166.65
535.8	163.65
536.65	168.95
538.15	167.35
537.6	165.55
535.35	168.55
537.45	173.85
537.3	174.7
537.1	170.85
537.55	177.05
534.35	180.35
539.2	255.25
541.9	256.7
540.1	260.2
541.95	255.7
542.7	265.3
541.7	262.95
543.3	260.35
545.3	247.3
544.35	245.6
547.85	244.8
543.25	249.95
545.1	249.7
543.75	249
547.95	247.7
544.05	250.5
541.7	247.55
542.1	248.55
541.85	247.2
539.2	250.45
540	257.8
545.7	251.75
539.7	252.05
543.4	249.7
541.85	247.6
542.75	249.4
539.05	254.3
559.85	277.45
565.35	276.2
563.25	280.85
557.3	273.65
563.45	270.4
563.7	272.15
542.15	282.95
544.45	289.25
543.65	293.3
544.45	292.7
546.8	295.15
543.85	305.7
544.85	309.4
545.6	306.65
540	312
541.35	302.7
543.3	303.4
540.85	305.65
541.25	304.8
541.35	307.4
542.25	302.4
540	303.35
542.75	305.05
542.1	301.85
539.45	303.2
541.6	303.2
541.45	298
