0	0
0	0
0	0
0	0
0	0
0	0
0	0
0	0
0	0
0	0
0	0
0	0
0	0
0	0
0	0
0	0
0	0
0	0
0	0
0	0
0	0
0	0
0	0
622.83	348.93
622.83	348.93
622.83	348.93
598.8	347.29
564.46	347.29
543.86	347.29
531.85	342.36
524.98	335.78
524.98	335.78
521.55	319.34
530.13	291.39
550.73	271.66
581.63	261.8
581.63	261.8
609.1	258.51
638.28	258.51
684.64	265.08
715.54	268.37
734.42	270.02
734.42	270.02
749.87	273.31
761.89	273.31
765.32	273.31
773.91	274.95
773.91	274.95
782.49	276.59
784.21	276.59
784.21	276.59
784.21	276.59
784.21	276.59
770.47	278.24
770.47	278.24
730.99	284.81
718.97	288.1
713.82	291.39
713.82	291.39
712.1	291.39
712.1	291.39
712.1	291.39
712.1	291.39
712.1	291.39
712.1	291.39
712.1	291.39
712.1	291.39
712.1	291.39
712.1	291.39
712.1	291.39
708.67	291.39
708.67	291.39
694.94	288.1
689.79	284.81
688.07	281.53
686.35	278.24
686.35	278.24
686.35	278.24
686.35	278.24
686.35	278.24
686.35	278.24
686.35	278.24
686.35	278.24
686.35	278.24
686.35	278.24
686.35	278.24
686.35	278.24
686.35	278.24
686.35	278.24
686.35	278.24
686.35	278.24
686.35	278.24
686.35	278.24
686.35	278.24
686.35	278.24
686.35	278.24
686.35	278.24
686.35	278.24
688.07	278.24
688.07	278.24
705.24	270.02
713.82	266.73
717.25	266.73
722.4	265.08
722.4	265.08
729.27	263.44
739.57	258.51
755.02	256.86
760.17	255.22
760.17	255.22
768.75	253.58
772.19	253.58
772.19	253.58
772.19	253.58
772.19	253.58
772.19	253.58
772.19	253.58
773.91	253.58
773.91	253.58
773.91	253.58
773.91	253.58
773.91	253.58
773.91	253.58
773.91	253.58
773.91	253.58
773.91	253.58
773.91	253.58
773.91	253.58
773.91	253.58
773.91	253.58
773.91	253.58
773.91	253.58
773.91	253.58
773.91	253.58
773.91	253.58
773.91	253.58
773.91	255.22
773.91	255.22
773.91	255.22
773.91	255.22
773.91	255.22
773.91	255.22
773.91	255.22
773.91	255.22
773.91	255.22
770.47	255.22
770.47	255.22
760.17	248.64
749.87	242.07
743	237.14
743	237.14
734.42	232.2
730.99	228.92
730.99	225.63
729.27	217.41
729.27	217.41
729.27	217.41
725.84	191.1
722.4	179.59
715.54	168.08
710.39	161.51
710.39	161.51
705.24	156.58
700.09	148.36
698.37	148.36
698.37	148.36
698.37	148.36
698.37	148.36
698.37	148.36
698.37	148.36
698.37	148.36
698.37	148.36
698.37	148.36
698.37	148.36
698.37	148.36
698.37	148.36
698.37	150
698.37	150
698.37	151.64
698.37	151.64
698.37	151.64
698.37	151.64
698.37	151.64
698.37	151.64
698.37	151.64
698.37	153.29
698.37	153.29
741.29	173.02
749.87	179.59
758.45	186.17
758.45	186.17
770.47	210.83
777.34	230.56
780.77	233.85
782.49	235.49
782.49	235.49
782.49	235.49
782.49	235.49
782.49	235.49
779.06	235.49
779.06	235.49
779.06	235.49
770.47	233.85
767.04	232.2
763.6	232.2
761.89	228.92
760.17	225.63
760.17	225.63
760.17	219.05
760.17	214.12
760.17	209.19
760.17	207.54
760.17	207.54
760.17	207.54
760.17	207.54
760.17	207.54
760.17	207.54
760.17	207.54
760.17	207.54
760.17	207.54
760.17	207.54
760.17	207.54
760.17	207.54
760.17	207.54
760.17	207.54
760.17	207.54
760.17	207.54
760.17	207.54
760.17	207.54
760.17	207.54
760.17	207.54
760.17	207.54
760.17	207.54
760.17	207.54
760.17	207.54
760.17	207.54
760.17	207.54
760.17	207.54
760.17	207.54
760.17	207.54
760.17	207.54
760.17	207.54
760.17	207.54
760.17	207.54
760.17	207.54
760.17	207.54
760.17	207.54
760.17	207.54
760.17	207.54
760.17	207.54
760.17	207.54
760.17	207.54
760.17	207.54
760.17	207.54
760.17	207.54
760.17	207.54
760.17	207.54
760.17	207.54
760.17	207.54
760.17	207.54
760.17	207.54
760.17	207.54
760.17	207.54
760.17	207.54
760.17	207.54
760.17	207.54
760.17	207.54
760.17	207.54
756.74	212.47
756.74	212.47
756.74	212.47
749.87	225.63
744.72	230.56
741.29	233.85
737.85	237.14
736.14	238.78
736.14	238.78
732.7	243.71
730.99	245.36
729.27	253.58
729.27	265.08
729.27	265.08
729.27	276.59
729.27	284.81
727.55	294.68
722.4	304.54
720.69	311.12
720.69	311.12
718.97	312.76
718.97	314.41
718.97	314.41
718.97	314.41
718.97	314.41
718.97	314.41
718.97	314.41
718.97	314.41
718.97	314.41
718.97	314.41
718.97	314.41
717.25	304.54
717.25	289.75
718.97	276.59
717.25	266.73
713.82	261.8
713.82	261.8
705.24	258.51
698.37	251.93
691.5	250.29
686.35	248.64
686.35	248.64
684.64	247
684.64	247
684.64	247
681.2	248.64
681.2	248.64
681.2	248.64
672.62	251.93
669.18	256.86
667.47	258.51
667.47	258.51
667.47	258.51
667.47	258.51
667.47	258.51
667.47	258.51
667.47	258.51
667.47	258.51
667.47	258.51
667.47	258.51
667.47	258.51
667.47	258.51
667.47	258.51
667.47	258.51
667.47	258.51
667.47	258.51
667.47	258.51
667.47	258.51
667.47	258.51
667.47	258.51
667.47	258.51
667.47	258.51
667.47	258.51
667.47	258.51
667.47	258.51
667.47	258.51
667.47	258.51
667.47	258.51
670.9	258.51
674.33	256.86
681.2	255.22
681.2	255.22
681.2	255.22
708.67	251.93
717.25	250.29
722.4	250.29
727.55	250.29
727.55	250.29
729.27	250.29
730.99	250.29
732.7	250.29
734.42	250.29
736.14	250.29
736.14	250.29
736.14	250.29
737.85	250.29
741.29	250.29
744.72	250.29
744.72	250.29
749.87	251.93
753.3	251.93
753.3	251.93
753.3	251.93
753.3	251.93
753.3	251.93
753.3	251.93
753.3	251.93
753.3	251.93
741.29	260.15
741.29	260.15
741.29	260.15
725.84	266.73
724.12	268.37
722.4	270.02
720.69	271.66
720.69	271.66
720.69	271.66
720.69	271.66
718.97	271.66
717.25	273.31
715.54	274.95
715.54	274.95
715.54	276.59
712.1	278.24
710.39	281.53
708.67	288.1
708.67	288.1
708.67	297.97
708.67	304.54
706.95	307.83
705.24	309.47
705.24	311.12
705.24	311.12
703.52	312.76
700.09	316.05
681.2	317.69
657.17	317.69
657.17	317.69
614.25	297.97
571.33	273.31
550.73	258.51
531.85	247
531.85	247
528.41	245.36
524.98	245.36
521.55	243.71
514.68	242.07
506.09	242.07
506.09	242.07
502.66	242.07
495.79	243.71
488.93	248.64
480.34	256.86
480.34	256.86
473.48	265.08
466.61	273.31
459.74	283.17
454.59	289.75
447.73	294.68
447.73	294.68
442.58	297.97
440.86	297.97
435.71	299.61
433.99	302.9
433.99	302.9
428.84	304.54
425.41	304.54
425.41	304.54
413.39	322.63
401.37	363.73
401.37	363.73
385.92	396.61
379.06	409.76
377.34	411.41
373.91	411.41
373.91	411.41
372.19	411.41
370.47	411.41
358.46	403.19
346.44	390.03
351.59	368.66
351.59	368.66
380.77	334.14
440.86	297.97
499.23	276.59
550.73	268.37
550.73	268.37
598.8	268.37
619.4	268.37
627.98	268.37
636.57	268.37
641.72	268.37
641.72	268.37
657.17	271.66
674.33	274.95
688.07	279.88
694.94	283.17
694.94	283.17
700.09	286.46
705.24	291.39
708.67	293.03
710.39	293.03
718.97	294.68
718.97	294.68
732.7	291.39
749.87	284.81
768.75	278.24
784.21	274.95
784.21	274.95
784.21	273.31
784.21	273.31
784.21	273.31
784.21	273.31
784.21	273.31
784.21	274.95
784.21	274.95
758.45	293.03
736.14	311.12
712.1	325.92
712.1	325.92
701.8	334.14
694.94	337.42
691.5	339.07
688.07	342.36
679.48	344
679.48	344
667.47	350.58
652.02	357.15
634.85	368.66
617.68	385.1
617.68	385.1
602.23	401.54
593.65	411.41
585.06	421.27
576.48	429.49
566.18	436.07
566.18	436.07
559.31	444.29
550.73	449.22
547.3	452.51
543.86	455.8
543.86	455.8
540.43	455.8
537	455.8
531.85	459.08
523.26	462.37
516.4	464.02
516.4	464.02
507.81	468.95
495.79	475.53
488.93	482.1
482.06	487.03
482.06	487.03
478.63	490.32
475.19	491.97
475.19	491.97
471.76	491.97
461.46	482.1
461.46	482.1
444.29	445.93
440.86	419.63
442.58	409.76
442.58	409.76
442.58	409.76
442.58	409.76
442.58	409.76
447.73	411.41
447.73	411.41
458.03	429.49
458.03	429.49
459.74	436.07
461.46	436.07
461.46	436.07
461.46	436.07
461.46	436.07
461.46	436.07
463.18	439.36
463.18	439.36
475.19	447.58
485.49	454.15
485.49	454.15
495.79	457.44
507.81	462.37
516.4	468.95
524.98	472.24
531.85	475.53
531.85	475.53
537	482.1
540.43	488.68
543.86	496.9
547.3	500.19
547.3	500.19
552.45	501.83
559.31	508.41
576.48	508.41
585.06	503.47
578.2	487.03
578.2	487.03
531.85	444.29
480.34	396.61
461.46	358.8
461.46	337.42
461.46	337.42
468.33	324.27
470.04	317.69
473.48	309.47
473.48	299.61
473.48	299.61
468.33	286.46
468.33	286.46
461.46	278.24
458.03	278.24
452.88	276.59
452.88	276.59
451.16	276.59
451.16	276.59
451.16	276.59
454.59	265.08
456.31	255.22
456.31	255.22
454.59	245.36
446.01	232.2
435.71	223.98
427.13	219.05
427.13	219.05
420.26	214.12
418.54	214.12
418.54	214.12
418.54	214.12
483.78	251.93
483.78	251.93
530.13	278.24
561.03	294.68
578.2	306.19
595.36	317.69
595.36	317.69
600.52	324.27
605.67	330.85
609.1	337.42
612.53	344
614.25	345.64
614.25	345.64
615.97	347.29
615.97	347.29
612.53	347.29
612.53	347.29
591.93	334.14
591.93	334.14
581.63	322.63
571.33	311.12
567.9	302.9
564.46	288.1
564.46	288.1
562.75	274.95
557.6	258.51
552.45	247
550.73	245.36
550.73	245.36
550.73	245.36
550.73	245.36
550.73	245.36
550.73	245.36
550.73	245.36
550.73	245.36
550.73	245.36
550.73	245.36
557.6	245.36
557.6	245.36
576.48	247
576.48	247
590.21	247
603.95	243.71
617.68	242.07
640	237.14
674.33	227.27
674.33	227.27
694.94	220.7
706.95	219.05
715.54	215.76
715.54	214.12
715.54	214.12
718.97	214.12
718.97	214.12
718.97	214.12
718.97	214.12
718.97	214.12
718.97	214.12
718.97	214.12
718.97	214.12
718.97	214.12
718.97	214.12
718.97	214.12
718.97	214.12
718.97	214.12
718.97	214.12
718.97	214.12
717.25	214.12
717.25	214.12
717.25	214.12
725.84	219.05
737.85	225.63
753.3	232.2
763.6	237.14
763.6	237.14
767.04	237.14
770.47	237.14
777.34	237.14
784.21	237.14
784.21	237.14
791.07	237.14
797.94	237.14
801.37	235.49
801.37	235.49
811.67	237.14
811.67	237.14
821.97	240.42
832.27	245.36
846.01	248.64
852.87	251.93
863.18	251.93
863.18	251.93
866.61	251.93
866.61	251.93
866.61	251.93
866.61	251.93
866.61	251.93
866.61	251.93
866.61	251.93
866.61	251.93
858.03	255.22
846.01	258.51
846.01	258.51
825.41	265.08
804.81	274.95
782.49	283.17
768.75	288.1
751.59	296.32
751.59	296.32
744.72	299.61
736.14	302.9
729.27	307.83
724.12	311.12
724.12	311.12
715.54	319.34
712.1	324.27
708.67	329.2
706.95	330.85
706.95	330.85
706.95	330.85
706.95	330.85
706.95	330.85
705.24	332.49
705.24	332.49
705.24	332.49
705.24	332.49
705.24	332.49
705.24	332.49
705.24	332.49
705.24	332.49
705.24	332.49
708.67	332.49
708.67	332.49
718.97	327.56
718.97	327.56
730.99	316.05
730.99	316.05
732.7	311.12
732.7	307.83
734.42	304.54
732.7	297.97
732.7	289.75
732.7	289.75
730.99	278.24
729.27	273.31
729.27	271.66
729.27	271.66
729.27	271.66
729.27	271.66
729.27	271.66
729.27	271.66
729.27	271.66
729.27	271.66
729.27	271.66
729.27	271.66
729.27	271.66
729.27	271.66
729.27	271.66
729.27	271.66
729.27	271.66
708.67	294.68
694.94	304.54
688.07	314.41
682.92	322.63
674.33	329.2
674.33	329.2
667.47	335.78
660.6	344
655.45	350.58
653.73	355.51
653.73	355.51
652.02	358.8
650.3	363.73
650.3	365.37
650.3	367.02
650.3	367.02
650.3	367.02
650.3	367.02
650.3	367.02
650.3	367.02
650.3	367.02
648.58	367.02
648.58	367.02
646.87	367.02
646.87	367.02
648.58	367.02
662.32	358.8
662.32	358.8
696.65	339.07
724.12	324.27
732.7	319.34
737.85	316.05
743	312.76
743	312.76
744.72	311.12
746.44	306.19
749.87	297.97
753.3	286.46
753.3	286.46
756.74	274.95
760.17	258.51
765.32	242.07
770.47	230.56
770.47	230.56
770.47	222.34
773.91	215.76
775.62	210.83
779.06	205.9
780.77	204.25
780.77	204.25
782.49	202.61
782.49	202.61
782.49	202.61
782.49	202.61
782.49	202.61
782.49	202.61
782.49	202.61
782.49	202.61
782.49	202.61
782.49	202.61
782.49	202.61
782.49	202.61
782.49	202.61
773.91	202.61
767.04	202.61
758.45	200.97
758.45	200.97
753.3	199.32
749.87	199.32
743	199.32
732.7	200.97
732.7	200.97
725.84	204.25
717.25	205.9
712.1	207.54
708.67	210.83
705.24	212.47
705.24	212.47
705.24	212.47
705.24	212.47
705.24	212.47
705.24	212.47
705.24	212.47
705.24	212.47
705.24	212.47
705.24	212.47
705.24	212.47
705.24	212.47
705.24	212.47
705.24	212.47
705.24	212.47
705.24	212.47
705.24	212.47
705.24	212.47
705.24	212.47
705.24	212.47
705.24	212.47
705.24	212.47
705.24	212.47
705.24	212.47
705.24	212.47
705.24	212.47
705.24	212.47
706.95	212.47
706.95	212.47
715.54	219.05
730.99	225.63
730.99	225.63
748.15	227.27
770.47	227.27
791.07	225.63
804.81	222.34
815.11	220.7
815.11	220.7
825.41	217.41
839.14	212.47
847.72	209.19
856.31	207.54
856.31	207.54
861.46	205.9
866.61	205.9
871.76	204.25
878.63	204.25
878.63	204.25
887.21	204.25
892.36	204.25
894.08	204.25
894.08	204.25
894.08	204.25
894.08	204.25
894.08	204.25
890.64	204.25
890.64	204.25
873.48	205.9
861.46	209.19
861.46	209.19
851.16	210.83
839.14	212.47
830.56	214.12
820.26	217.41
820.26	217.41
815.11	217.41
811.67	219.05
809.96	219.05
809.96	219.05
809.96	219.05
808.24	219.05
808.24	219.05
806.52	219.05
804.81	219.05
801.37	219.05
801.37	219.05
794.51	219.05
784.21	219.05
763.6	219.05
743	220.7
737.85	220.7
737.85	220.7
736.14	220.7
736.14	220.7
736.14	222.34
736.14	222.34
736.14	222.34
736.14	222.34
734.42	222.34
734.42	222.34
730.99	225.63
725.84	230.56
725.84	230.56
725.84	230.56
715.54	247
706.95	261.8
694.94	271.66
688.07	279.88
688.07	279.88
681.2	288.1
670.9	294.68
665.75	299.61
660.6	302.9
648.58	306.19
648.58	306.19
636.57	309.47
624.55	311.12
619.4	314.41
615.97	314.41
615.97	314.41
612.53	316.05
612.53	317.69
612.53	317.69
612.53	317.69
612.53	317.69
612.53	317.69
610.82	317.69
610.82	317.69
609.1	316.05
607.38	304.54
609.1	291.39
609.1	291.39
612.53	281.53
614.25	278.24
615.97	273.31
615.97	273.31
615.97	273.31
615.97	273.31
615.97	271.66
615.97	271.66
615.97	271.66
615.97	271.66
615.97	271.66
615.97	271.66
615.97	271.66
615.97	271.66
615.97	271.66
615.97	271.66
615.97	271.66
615.97	271.66
615.97	271.66
615.97	271.66
615.97	271.66
615.97	271.66
615.97	271.66
615.97	271.66
615.97	271.66
615.97	271.66
615.97	271.66
615.97	271.66
615.97	271.66
615.97	271.66
615.97	271.66
615.97	271.66
615.97	271.66
615.97	271.66
615.97	271.66
615.97	271.66
624.55	237.14
622.83	207.54
621.12	191.1
621.12	191.1
622.83	184.53
624.55	182.88
624.55	182.88
624.55	182.88
624.55	182.88
624.55	182.88
624.55	182.88
624.55	182.88
626.27	182.88
626.27	182.88
633.13	184.53
638.28	186.17
638.28	186.17
645.15	189.46
653.73	192.75
660.6	196.03
660.6	196.03
665.75	199.32
670.9	205.9
674.33	209.19
681.2	212.47
686.35	219.05
686.35	219.05
693.22	220.7
696.65	222.34
701.8	223.98
701.8	225.63
701.8	225.63
705.24	225.63
708.67	225.63
708.67	227.27
708.67	227.27
708.67	227.27
708.67	227.27
708.67	227.27
708.67	227.27
706.95	227.27
706.95	227.27
688.07	232.2
688.07	232.2
674.33	232.2
660.6	228.92
645.15	225.63
640	223.98
640	223.98
640	223.98
640	223.98
640	223.98
640	223.98
640	223.98
640	223.98
640	223.98
640	223.98
640	223.98
640	223.98
640	223.98
640	223.98
640	223.98
640	223.98
640	223.98
640	223.98
640	223.98
640	223.98
640	223.98
640	223.98
640	223.98
640	223.98
640	223.98
640	223.98
640	223.98
640	223.98
657.17	222.34
670.9	222.34
681.2	222.34
681.2	222.34
689.79	223.98
694.94	223.98
701.8	223.98
701.8	223.98
701.8	223.98
708.67	223.98
710.39	223.98
712.1	223.98
715.54	223.98
715.54	223.98
715.54	223.98
715.54	223.98
715.54	223.98
715.54	223.98
715.54	223.98
715.54	223.98
715.54	223.98
715.54	227.27
713.82	233.85
708.67	242.07
705.24	245.36
705.24	245.36
703.52	248.64
701.8	250.29
701.8	250.29
701.8	250.29
701.8	250.29
701.8	250.29
701.8	250.29
701.8	250.29
701.8	250.29
700.09	250.29
700.09	250.29
700.09	250.29
698.37	250.29
696.65	250.29
694.94	250.29
694.94	250.29
694.94	250.29
693.22	250.29
691.5	248.64
691.5	248.64
691.5	248.64
691.5	248.64
691.5	248.64
691.5	248.64
691.5	248.64
691.5	248.64
691.5	248.64
691.5	248.64
691.5	248.64
691.5	248.64
691.5	248.64
691.5	248.64
691.5	248.64
691.5	248.64
691.5	248.64
691.5	248.64
691.5	248.64
691.5	248.64
693.22	248.64
708.67	251.93
708.67	251.93
743	265.08
804.81	284.81
863.18	311.12
904.38	324.27
904.38	324.27
930.13	332.49
940.43	335.78
945.58	337.42
957.6	342.36
957.6	342.36
976.48	350.58
1009.1	365.37
1031.42	376.88
1050.3	390.03
1060.6	396.61
1060.6	396.61
1074.33	406.47
1093.22	417.98
1106.95	431.14
1129.27	454.15
1129.27	454.15
1141.29	465.66
1141.29	468.95
1139.57	468.95
1134.42	465.66
1127.55	459.08
1127.55	459.08
1120.69	454.15
1118.97	450.86
1115.53	449.22
1113.82	449.22
1113.82	449.22
1113.82	449.22
1113.82	449.22
1113.82	449.22
1113.82	449.22
1113.82	449.22
1113.82	449.22
1113.82	449.22
1113.82	449.22
1113.82	449.22
1113.82	449.22
1113.82	449.22
1113.82	449.22
1112.1	449.22
1112.1	449.22
1112.1	449.22
1112.1	449.22
1112.1	449.22
1112.1	449.22
1103.52	449.22
1103.52	449.22
1103.52	449.22
1103.52	449.22
1103.52	449.22
1103.52	449.22
1101.8	449.22
1101.8	449.22
1101.8	449.22
1101.8	449.22
1101.8	449.22
1101.8	449.22
1101.8	449.22
1101.8	449.22
1101.8	449.22
1101.8	449.22
1101.8	449.22
1101.8	449.22
1101.8	449.22
1101.8	449.22
1100.08	449.22
1098.37	449.22
1098.37	449.22
1094.93	449.22
1093.22	449.22
1093.22	447.58
1091.5	447.58
1091.5	447.58
1086.35	447.58
1086.35	447.58
1084.63	447.58
1081.2	445.93
1081.2	445.93
1081.2	445.93
1081.2	445.93
1079.48	445.93
1079.48	445.93
1079.48	445.93
1079.48	445.93
1079.48	445.93
1079.48	445.93
1079.48	445.93
1079.48	445.93
1079.48	445.93
1079.48	452.51
1079.48	452.51
1079.48	454.15
1077.77	454.15
1077.77	454.15
1077.77	454.15
1077.77	454.15
1077.77	454.15
1077.77	454.15
1077.77	454.15
1077.77	454.15
1077.77	454.15
1077.77	454.15
1077.77	454.15
1077.77	454.15
1077.77	454.15
1077.77	454.15
1077.77	454.15
1077.77	454.15
1077.77	454.15
1074.33	454.15
1072.62	454.15
1069.18	452.51
1067.47	447.58
1067.47	447.58
1065.75	439.36
1065.75	432.78
1065.75	426.2
1064.03	417.98
1064.03	417.98
1064.03	413.05
1064.03	409.76
1064.03	409.76
1064.03	409.76
1064.03	409.76
1064.03	409.76
1064.03	409.76
1064.03	409.76
1064.03	409.76
1064.03	409.76
1064.03	409.76
1064.03	409.76
1064.03	409.76
1064.03	409.76
1064.03	409.76
1064.03	409.76
1064.03	409.76
1064.03	409.76
1064.03	409.76
1064.03	409.76
1064.03	409.76
1064.03	409.76
1064.03	409.76
1064.03	409.76
1064.03	409.76
1064.03	409.76
1064.03	409.76
1064.03	409.76
1064.03	409.76
1064.03	409.76
1064.03	409.76
1064.03	409.76
1064.03	409.76
1064.03	409.76
1064.03	409.76
1064.03	409.76
1064.03	409.76
1064.03	409.76
1064.03	409.76
1064.03	409.76
1064.03	409.76
1064.03	409.76
1064.03	409.76
1064.03	409.76
1064.03	409.76
1064.03	409.76
1064.03	409.76
1064.03	409.76
1064.03	409.76
1064.03	409.76
1064.03	409.76
1064.03	409.76
1064.03	409.76
1064.03	409.76
1064.03	409.76
1064.03	409.76
1064.03	409.76
1064.03	409.76
1064.03	409.76
1064.03	409.76
1064.03	409.76
1064.03	409.76
1064.03	409.76
1064.03	409.76
1064.03	409.76
1064.03	409.76
1064.03	409.76
1064.03	409.76
1064.03	409.76
1064.03	409.76
1064.03	409.76
1064.03	409.76
1062.32	409.76
1062.32	409.76
1036.57	406.47
1036.57	406.47
1012.53	401.54
990.21	396.61
962.75	388.39
938.71	383.46
921.54	376.88
921.54	376.88
902.66	371.95
894.08	368.66
887.21	362.08
882.06	355.51
882.06	355.51
876.91	350.58
866.61	344
859.74	337.42
856.31	334.14
856.31	334.14
852.87	329.2
852.87	327.56
849.44	322.63
846.01	312.76
846.01	306.19
846.01	306.19
844.29	302.9
844.29	297.97
846.01	294.68
846.01	289.75
846.01	289.75
846.01	284.81
844.29	279.88
835.71	276.59
816.82	270.02
799.66	265.08
799.66	265.08
791.07	261.8
784.21	258.51
779.06	258.51
772.19	256.86
772.19	256.86
768.75	255.22
768.75	253.58
768.75	253.58
768.75	253.58
768.75	253.58
770.47	253.58
770.47	253.58
770.47	253.58
770.47	253.58
770.47	253.58
770.47	253.58
770.47	253.58
770.47	253.58
770.47	253.58
770.47	253.58
770.47	253.58
770.47	253.58
770.47	253.58
770.47	253.58
770.47	253.58
770.47	253.58
777.34	258.51
777.34	258.51
777.34	258.51
858.03	289.75
892.36	296.32
911.24	299.61
928.41	306.19
928.41	306.19
943.86	311.12
955.88	317.69
964.46	322.63
976.48	327.56
976.48	327.56
990.21	332.49
1002.23	337.42
1014.25	344
1022.83	347.29
1031.42	350.58
1031.42	350.58
1041.72	357.15
1046.87	358.8
1048.58	358.8
1048.58	360.44
1048.58	360.44
1048.58	360.44
1048.58	360.44
1048.58	360.44
1048.58	360.44
1048.58	360.44
1048.58	360.44
1048.58	360.44
1048.58	360.44
1048.58	360.44
1048.58	360.44
1048.58	360.44
1048.58	360.44
1048.58	360.44
1048.58	360.44
1048.58	360.44
1048.58	360.44
1048.58	360.44
1048.58	360.44
1048.58	360.44
1048.58	360.44
1048.58	360.44
1045.15	360.44
1045.15	360.44
1045.15	360.44
1045.15	360.44
1045.15	360.44
1045.15	360.44
1045.15	360.44
1045.15	360.44
1045.15	360.44
1045.15	360.44
1043.43	360.44
1043.43	360.44
1043.43	360.44
1043.43	360.44
1043.43	358.8
1043.43	358.8
1043.43	358.8
1043.43	358.8
1043.43	358.8
1041.72	358.8
1041.72	358.8
1017.68	368.66
1003.95	371.95
988.5	376.88
969.61	380.17
969.61	380.17
947.3	381.81
914.68	386.75
902.66	390.03
899.23	390.03
899.23	390.03
897.51	390.03
897.51	390.03
897.51	390.03
897.51	390.03
897.51	390.03
897.51	390.03
897.51	390.03
895.79	390.03
895.79	390.03
895.79	390.03
895.79	390.03
895.79	390.03
895.79	390.03
909.53	381.81
921.54	376.88
928.41	373.59
928.41	373.59
940.43	370.31
952.45	365.37
961.03	358.8
971.33	350.58
978.2	342.36
978.2	342.36
983.35	337.42
983.35	337.42
988.5	334.14
990.21	332.49
995.36	329.2
995.36	329.2
998.8	324.27
1003.95	319.34
1007.38	316.05
1010.81	311.12
1010.81	311.12
1014.25	309.47
1015.96	306.19
1017.68	304.54
1017.68	304.54
1017.68	304.54
1017.68	304.54
1019.4	302.9
1019.4	302.9
1019.4	302.9
1019.4	302.9
1019.4	302.9
1019.4	302.9
1019.4	302.9
1019.4	302.9
1019.4	302.9
1019.4	302.9
1019.4	302.9
1019.4	302.9
1019.4	302.9
1019.4	302.9
1019.4	302.9
1017.68	301.25
1017.68	299.61
1017.68	299.61
1015.96	299.61
1014.25	299.61
1014.25	299.61
1012.53	299.61
1012.53	299.61
1012.53	299.61
1009.1	297.97
1007.38	297.97
1005.66	297.97
1003.95	297.97
1003.95	297.97
1003.95	297.97
1000.51	297.97
998.8	296.32
997.08	296.32
997.08	296.32
993.65	296.32
991.93	296.32
990.21	296.32
988.5	296.32
988.5	296.32
985.06	296.32
981.63	296.32
978.2	296.32
969.61	296.32
954.16	294.68
954.16	294.68
942.14	293.03
931.84	291.39
919.83	291.39
900.94	289.75
900.94	289.75
880.34	289.75
854.59	288.1
825.41	284.81
797.94	278.24
772.19	270.02
772.19	270.02
729.27	253.58
698.37	240.42
674.33	230.56
670.9	228.92
670.9	228.92
670.9	228.92
670.9	228.92
679.48	232.2
688.07	237.14
694.94	242.07
694.94	242.07
701.8	251.93
706.95	265.08
712.1	288.1
712.1	307.83
712.1	307.83
708.67	324.27
706.95	337.42
703.52	344
701.8	350.58
701.8	357.15
701.8	357.15
701.8	363.73
701.8	368.66
703.52	373.59
706.95	376.88
706.95	376.88
713.82	381.81
755.02	396.61
801.37	409.76
808.24	413.05
808.24	413.05
808.24	413.05
808.24	413.05
808.24	413.05
808.24	411.41
808.24	411.41
835.71	363.73
835.71	363.73
852.87	335.78
859.74	317.69
863.18	302.9
866.61	293.03
866.61	293.03
868.33	286.46
873.48	278.24
876.91	270.02
883.78	263.44
888.93	253.58
888.93	253.58
892.36	251.93
892.36	250.29
890.64	248.64
890.64	248.64
888.93	245.36
888.93	245.36
888.93	245.36
888.93	250.29
888.93	250.29
880.34	294.68
866.61	316.05
866.61	316.05
851.16	332.49
837.42	344
825.41	355.51
816.82	363.73
816.82	363.73
811.67	370.31
806.52	371.95
803.09	371.95
794.51	371.95
794.51	371.95
773.91	365.37
756.74	352.22
743	337.42
736.14	317.69
729.27	304.54
729.27	304.54
729.27	301.25
729.27	301.25
729.27	297.97
732.7	294.68
732.7	294.68
736.14	291.39
737.85	291.39
739.57	291.39
739.57	291.39
741.29	291.39
741.29	291.39
741.29	291.39
741.29	291.39
741.29	291.39
741.29	291.39
741.29	291.39
741.29	291.39
741.29	291.39
741.29	291.39
737.85	291.39
737.85	291.39
737.85	291.39
729.27	288.1
722.4	288.1
713.82	288.1
701.8	291.39
684.64	299.61
684.64	299.61
669.18	311.12
657.17	319.34
643.43	327.56
631.42	332.49
631.42	332.49
622.83	335.78
614.25	337.42
607.38	339.07
600.52	340.71
597.08	344
597.08	344
591.93	344
591.93	344
591.93	344
591.93	344
590.21	344
590.21	344
590.21	344
590.21	344
586.78	344
585.06	344
585.06	344
579.91	339.07
578.2	330.85
578.2	322.63
579.91	312.76
581.63	307.83
581.63	307.83
583.35	302.9
583.35	299.61
581.63	297.97
576.48	297.97
576.48	297.97
571.33	297.97
571.33	297.97
502.66	325.92
430.56	348.93
396.22	357.15
396.22	357.15
385.92	358.8
370.47	360.44
360.17	360.44
355.02	360.44
355.02	360.44
353.31	360.44
353.31	358.8
353.31	358.8
358.46	352.22
358.46	352.22
358.46	352.22
440.86	332.49
497.51	322.63
543.86	316.05
578.2	314.41
600.52	314.41
600.52	314.41
619.4	317.69
633.13	320.98
638.28	322.63
640	322.63
640	322.63
641.72	324.27
643.43	324.27
646.87	324.27
646.87	324.27
653.73	324.27
653.73	324.27
665.75	324.27
676.05	324.27
696.65	322.63
717.25	311.12
717.25	311.12
734.42	299.61
743	291.39
758.45	288.1
784.21	278.24
811.67	268.37
811.67	268.37
825.41	263.44
832.27	260.15
835.71	258.51
837.42	258.51
837.42	258.51
837.42	258.51
837.42	258.51
837.42	258.51
837.42	258.51
837.42	258.51
837.42	258.51
837.42	258.51
837.42	258.51
839.14	256.86
840.86	253.58
840.86	253.58
842.57	253.58
846.01	250.29
846.01	250.29
854.59	233.85
856.31	225.63
856.31	225.63
859.74	212.47
863.18	204.25
864.89	196.03
864.89	191.1
861.46	187.81
861.46	187.81
859.74	186.17
859.74	186.17
858.03	186.17
858.03	186.17
858.03	186.17
856.31	186.17
856.31	186.17
852.87	186.17
847.72	187.81
844.29	187.81
844.29	187.81
844.29	187.81
842.57	189.46
842.57	189.46
840.86	189.46
839.14	191.1
839.14	191.1
835.71	191.1
835.71	191.1
833.99	191.1
833.99	191.1
833.99	191.1
832.27	191.1
832.27	192.75
832.27	192.75
825.41	192.75
825.41	192.75
825.41	192.75
823.69	192.75
823.69	192.75
823.69	192.75
823.69	192.75
823.69	192.75
823.69	192.75
825.41	192.75
828.84	192.75
839.14	189.46
849.44	184.53
849.44	184.53
858.03	179.59
864.89	176.31
870.04	173.02
873.48	169.73
873.48	169.73
875.19	168.08
875.19	168.08
875.19	168.08
875.19	168.08
875.19	168.08
875.19	168.08
875.19	168.08
866.61	173.02
852.87	179.59
840.86	184.53
828.84	194.39
828.84	194.39
797.94	214.12
770.47	233.85
749.87	251.93
722.4	268.37
722.4	268.37
694.94	289.75
660.6	316.05
617.68	345.64
585.06	367.02
567.9	376.88
567.9	376.88
557.6	383.46
543.86	388.39
535.28	393.32
524.98	396.61
524.98	396.61
521.55	401.54
518.11	403.19
518.11	406.47
530.13	411.41
538.71	414.69
538.71	414.69
557.6	416.34
578.2	417.98
591.93	419.63
591.93	419.63
591.93	419.63
627.98	422.92
648.58	419.63
660.6	416.34
667.47	409.76
674.33	404.83
674.33	404.83
674.33	401.54
674.33	399.9
674.33	398.25
674.33	396.61
674.33	396.61
674.33	396.61
674.33	396.61
674.33	396.61
674.33	396.61
677.77	393.32
677.77	393.32
681.2	386.75
684.64	376.88
681.2	357.15
653.73	311.12
615.97	283.17
615.97	283.17
590.21	270.02
573.05	261.8
561.03	253.58
557.6	250.29
555.88	248.64
555.88	248.64
554.16	247
554.16	247
554.16	247
554.16	247
554.16	247
554.16	247
554.16	247
554.16	247
554.16	247
554.16	247
554.16	245.36
554.16	245.36
567.9	245.36
585.06	248.64
602.23	253.58
602.23	253.58
617.68	256.86
633.13	260.15
664.03	276.59
701.8	302.9
701.8	302.9
724.12	325.92
737.85	337.42
741.29	340.71
741.29	345.64
739.57	350.58
739.57	350.58
734.42	352.22
725.84	353.86
710.39	350.58
694.94	344
694.94	344
689.79	337.42
686.35	334.14
684.64	327.56
684.64	317.69
684.64	317.69
688.07	304.54
691.5	297.97
694.94	293.03
698.37	291.39
701.8	289.75
701.8	289.75
705.24	288.1
708.67	286.46
708.67	286.46
708.67	286.46
708.67	286.46
708.67	286.46
708.67	286.46
712.1	281.53
715.54	276.59
718.97	266.73
718.97	266.73
727.55	250.29
729.27	238.78
730.99	237.14
730.99	235.49
732.7	233.85
732.7	233.85
737.85	232.2
743	228.92
749.87	228.92
758.45	228.92
758.45	228.92
768.75	232.2
777.34	232.2
784.21	233.85
784.21	233.85
784.21	233.85
785.92	233.85
785.92	233.85
785.92	233.85
785.92	233.85
785.92	233.85
785.92	233.85
785.92	233.85
785.92	233.85
785.92	233.85
785.92	233.85
785.92	233.85
785.92	233.85
785.92	233.85
785.92	233.85
791.07	237.14
791.07	237.14
803.09	245.36
803.09	245.36
804.81	247
804.81	248.64
808.24	248.64
811.67	255.22
811.67	255.22
820.26	263.44
825.41	266.73
825.41	268.37
825.41	268.37
825.41	268.37
825.41	271.66
825.41	271.66
827.12	278.24
825.41	284.81
821.97	291.39
818.54	291.39
818.54	291.39
815.11	291.39
809.96	289.75
803.09	286.46
797.94	283.17
797.94	283.17
797.94	279.88
796.22	278.24
796.22	278.24
792.79	274.95
791.07	270.02
791.07	270.02
789.36	265.08
789.36	265.08
789.36	265.08
789.36	265.08
789.36	265.08
784.21	266.73
784.21	266.73
749.87	299.61
748.15	322.63
755.02	345.64
755.02	345.64
770.47	367.02
789.36	383.46
797.94	390.03
797.94	390.03
797.94	390.03
797.94	390.03
797.94	390.03
797.94	390.03
791.07	390.03
782.49	390.03
768.75	381.81
768.75	381.81
758.45	373.59
746.44	363.73
736.14	357.15
710.39	335.78
710.39	335.78
696.65	324.27
688.07	314.41
681.2	306.19
677.77	302.9
676.05	302.9
676.05	302.9
676.05	299.61
674.33	297.97
674.33	297.97
674.33	297.97
674.33	297.97
674.33	297.97
674.33	297.97
674.33	297.97
674.33	297.97
674.33	297.97
674.33	297.97
674.33	297.97
674.33	297.97
674.33	297.97
667.47	294.68
667.47	294.68
667.47	294.68
646.87	288.1
645.15	284.81
652.02	278.24
677.77	261.8
720.69	242.07
720.69	242.07
749.87	232.2
780.77	220.7
815.11	209.19
832.27	205.9
832.27	205.9
846.01	200.97
852.87	199.32
854.59	199.32
856.31	199.32
863.18	199.32
863.18	199.32
868.33	199.32
870.04	199.32
870.04	199.32
870.04	199.32
870.04	199.32
870.04	199.32
866.61	199.32
866.61	199.32
859.74	199.32
854.59	199.32
854.59	199.32
852.87	199.32
846.01	199.32
837.42	197.68
820.26	197.68
820.26	197.68
797.94	197.68
782.49	197.68
773.91	197.68
770.47	197.68
770.47	197.68
770.47	197.68
770.47	197.68
770.47	197.68
770.47	197.68
770.47	197.68
763.6	199.32
763.6	199.32
755.02	200.97
744.72	202.61
743	202.61
743	202.61
743	202.61
743	202.61
743	202.61
743	202.61
743	202.61
743	202.61
743	202.61
743	202.61
743	202.61
743	202.61
743	202.61
743	202.61
743	202.61
743	202.61
743	202.61
743	202.61
743	202.61
743	202.61
743	202.61
743	202.61
743	209.19
743	209.19
779.06	225.63
792.79	232.2
792.79	232.2
804.81	232.2
813.39	235.49
823.69	238.78
832.27	242.07
832.27	242.07
840.86	251.93
847.72	265.08
851.16	278.24
849.44	293.03
844.29	306.19
844.29	306.19
825.41	320.98
792.79	337.42
768.75	350.58
746.44	357.15
746.44	357.15
736.14	360.44
727.55	362.08
710.39	358.8
688.07	352.22
669.18	347.29
669.18	347.29
636.57	337.42
600.52	324.27
576.48	316.05
543.86	309.47
543.86	309.47
480.34	299.61
421.97	294.68
367.04	288.1
336.14	281.53
308.67	278.24
308.67	278.24
294.94	273.31
284.64	271.66
270.9	271.66
257.17	270.02
257.17	270.02
250.3	271.66
246.87	273.31
243.43	274.95
243.43	274.95
243.43	274.95
243.43	274.95
258.89	279.88
269.19	281.53
281.2	283.17
289.79	283.17
289.79	283.17
293.22	283.17
296.65	283.17
301.8	283.17
310.39	279.88
324.12	278.24
324.12	278.24
349.87	270.02
382.49	260.15
423.69	251.93
452.88	243.71
452.88	243.71
459.74	240.42
464.89	238.78
478.63	233.85
502.66	232.2
526.7	232.2
526.7	232.2
552.45	238.78
578.2	247
598.8	253.58
612.53	260.15
612.53	260.15
626.27	271.66
646.87	281.53
660.6	289.75
665.75	291.39
665.75	291.39
665.75	291.39
665.75	291.39
665.75	291.39
665.75	291.39
665.75	291.39
665.75	291.39
665.75	291.39
665.75	291.39
665.75	291.39
665.75	289.75
665.75	289.75
665.75	289.75
665.75	289.75
665.75	289.75
658.88	279.88
658.88	279.88
648.58	255.22
648.58	255.22
645.15	247
645.15	243.71
646.87	242.07
646.87	238.78
648.58	238.78
648.58	238.78
653.73	237.14
660.6	235.49
665.75	235.49
669.18	233.85
669.18	233.85
669.18	233.85
669.18	233.85
669.18	233.85
669.18	233.85
670.9	233.85
670.9	233.85
670.9	233.85
674.33	235.49
676.05	235.49
682.92	238.78
688.07	243.71
688.07	243.71
700.09	251.93
708.67	265.08
712.1	276.59
715.54	288.1
715.54	288.1
715.54	294.68
715.54	299.61
715.54	302.9
715.54	307.83
718.97	314.41
718.97	314.41
724.12	317.69
732.7	320.98
737.85	327.56
741.29	329.2
741.29	329.2
741.29	329.2
741.29	329.2
741.29	329.2
741.29	329.2
736.14	325.92
736.14	325.92
729.27	322.63
724.12	317.69
722.4	317.69
722.4	317.69
722.4	317.69
720.69	317.69
720.69	317.69
720.69	317.69
720.69	317.69
720.69	317.69
720.69	317.69
718.97	317.69
713.82	317.69
708.67	317.69
708.67	317.69
708.67	317.69
706.95	317.69
706.95	317.69
706.95	317.69
706.95	317.69
706.95	317.69
706.95	317.69
706.95	317.69
706.95	317.69
706.95	317.69
706.95	317.69
706.95	317.69
706.95	317.69
706.95	317.69
703.52	317.69
703.52	317.69
703.52	317.69
703.52	317.69
703.52	317.69
708.67	317.69
708.67	317.69
732.7	337.42
744.72	344
751.59	350.58
751.59	350.58
756.74	352.22
760.17	353.86
760.17	353.86
761.89	353.86
761.89	353.86
761.89	353.86
761.89	353.86
761.89	353.86
761.89	353.86
761.89	353.86
761.89	353.86
761.89	355.51
761.89	355.51
761.89	355.51
761.89	357.15
761.89	357.15
761.89	357.15
761.89	358.8
761.89	358.8
761.89	360.44
761.89	360.44
761.89	360.44
761.89	360.44
761.89	360.44
761.89	360.44
761.89	360.44
756.74	363.73
755.02	365.37
755.02	365.37
749.87	367.02
748.15	368.66
748.15	368.66
744.72	370.31
744.72	370.31
743	370.31
741.29	370.31
737.85	370.31
737.85	370.31
722.4	370.31
722.4	370.31
701.8	358.8
686.35	344
681.2	332.49
679.48	324.27
679.48	324.27
679.48	317.69
679.48	316.05
679.48	314.41
679.48	314.41
679.48	314.41
679.48	314.41
679.48	314.41
679.48	314.41
679.48	314.41
679.48	314.41
679.48	314.41
679.48	314.41
679.48	314.41
679.48	314.41
679.48	314.41
679.48	314.41
679.48	314.41
679.48	314.41
679.48	314.41
679.48	314.41
679.48	314.41
679.48	314.41
679.48	314.41
667.47	304.54
667.47	304.54
641.72	286.46
634.85	279.88
633.13	274.95
633.13	274.95
629.7	273.31
627.98	271.66
627.98	271.66
627.98	271.66
627.98	271.66
627.98	271.66
627.98	271.66
627.98	271.66
627.98	271.66
627.98	271.66
627.98	271.66
627.98	271.66
627.98	271.66
627.98	271.66
627.98	271.66
627.98	271.66
627.98	271.66
629.7	271.66
629.7	271.66
640	286.46
646.87	294.68
652.02	297.97
652.02	297.97
653.73	297.97
653.73	297.97
658.88	299.61
664.03	302.9
669.18	304.54
669.18	304.54
674.33	302.9
688.07	278.24
696.65	245.36
701.8	225.63
701.8	225.63
701.8	212.47
701.8	207.54
701.8	205.9
701.8	200.97
701.8	200.97
701.8	200.97
701.8	199.32
701.8	199.32
701.8	199.32
701.8	199.32
701.8	199.32
701.8	199.32
701.8	199.32
696.65	200.97
696.65	200.97
693.22	204.25
693.22	204.25
693.22	204.25
684.64	205.9
684.64	205.9
657.17	212.47
640	219.05
640	219.05
633.13	223.98
624.55	228.92
619.4	235.49
614.25	242.07
612.53	245.36
612.53	245.36
612.53	248.64
612.53	248.64
607.38	250.29
607.38	250.29
607.38	250.29
597.08	253.58
595.36	255.22
595.36	255.22
595.36	255.22
597.08	255.22
597.08	255.22
603.95	255.22
615.97	255.22
638.28	255.22
664.03	255.22
664.03	255.22
688.07	258.51
722.4	261.8
756.74	266.73
768.75	268.37
777.34	270.02
777.34	270.02
780.77	271.66
782.49	271.66
782.49	271.66
782.49	271.66
782.49	271.66
782.49	271.66
782.49	271.66
777.34	271.66
760.17	271.66
736.14	271.66
736.14	271.66
725.84	271.66
724.12	271.66
724.12	271.66
724.12	271.66
724.12	271.66
724.12	271.66
725.84	271.66
725.84	271.66
725.84	271.66
725.84	271.66
725.84	271.66
725.84	271.66
725.84	271.66
724.12	274.95
724.12	274.95
718.97	288.1
717.25	293.03
717.25	293.03
717.25	296.32
715.54	297.97
715.54	297.97
715.54	297.97
715.54	297.97
715.54	299.61
715.54	299.61
715.54	299.61
715.54	299.61
715.54	299.61
715.54	299.61
727.55	279.88
732.7	258.51
739.57	233.85
743	220.7
743	217.41
743	217.41
741.29	212.47
741.29	212.47
741.29	212.47
741.29	212.47
741.29	212.47
741.29	212.47
741.29	212.47
741.29	212.47
741.29	212.47
741.29	212.47
741.29	212.47
741.29	212.47
741.29	212.47
741.29	212.47
741.29	212.47
741.29	212.47
741.29	212.47
741.29	212.47
741.29	212.47
741.29	212.47
741.29	212.47
741.29	212.47
741.29	212.47
741.29	212.47
739.57	212.47
739.57	212.47
737.85	212.47
737.85	212.47
737.85	212.47
737.85	212.47
737.85	212.47
737.85	212.47
737.85	212.47
737.85	212.47
737.85	212.47
737.85	212.47
737.85	212.47
736.14	212.47
734.42	215.76
732.7	219.05
732.7	219.05
729.27	222.34
725.84	225.63
717.25	232.2
712.1	240.42
712.1	240.42
706.95	251.93
701.8	260.15
696.65	266.73
689.79	271.66
686.35	278.24
686.35	278.24
681.2	284.81
677.77	288.1
674.33	293.03
674.33	293.03
674.33	293.03
667.47	299.61
664.03	302.9
660.6	304.54
658.88	307.83
657.17	309.47
657.17	309.47
657.17	309.47
655.45	311.12
655.45	311.12
653.73	311.12
653.73	311.12
652.02	311.12
652.02	311.12
652.02	311.12
655.45	304.54
655.45	304.54
655.45	304.54
665.75	289.75
667.47	284.81
667.47	284.81
660.6	283.17
655.45	279.88
655.45	279.88
646.87	276.59
631.42	274.95
614.25	273.31
602.23	271.66
602.23	271.66
591.93	271.66
585.06	271.66
579.91	271.66
576.48	271.66
574.76	271.66
574.76	271.66
573.05	271.66
571.33	271.66
571.33	271.66
569.61	271.66
569.61	271.66
566.18	271.66
562.75	273.31
557.6	273.31
550.73	274.95
545.58	274.95
545.58	274.95
542.15	276.59
537	276.59
535.28	278.24
535.28	278.24
531.85	278.24
531.85	278.24
530.13	278.24
530.13	281.53
540.43	289.75
571.33	307.83
571.33	307.83
619.4	340.71
660.6	355.51
696.65	357.15
730.99	353.86
760.17	347.29
760.17	347.29
779.06	344
799.66	342.36
833.99	342.36
863.18	339.07
863.18	339.07
887.21	342.36
907.81	344
916.39	344
921.54	345.64
921.54	345.64
921.54	345.64
921.54	345.64
921.54	345.64
921.54	345.64
906.09	350.58
906.09	350.58
906.09	350.58
827.12	347.29
779.06	342.36
741.29	339.07
718.97	340.71
718.97	340.71
710.39	344
706.95	347.29
705.24	350.58
705.24	350.58
705.24	350.58
705.24	350.58
705.24	350.58
705.24	350.58
705.24	350.58
706.95	350.58
706.95	350.58
706.95	350.58
715.54	344
722.4	337.42
730.99	330.85
737.85	324.27
737.85	324.27
746.44	312.76
751.59	307.83
753.3	304.54
756.74	302.9
756.74	301.25
756.74	301.25
756.74	299.61
758.45	297.97
760.17	296.32
763.6	293.03
763.6	293.03
770.47	288.1
784.21	281.53
791.07	271.66
767.04	289.75
767.04	289.75
729.27	311.12
727.55	311.12
727.55	311.12
727.55	311.12
727.55	311.12
727.55	311.12
732.7	301.25
732.7	301.25
743	258.51
736.14	243.71
718.97	242.07
718.97	242.07
713.82	245.36
693.22	265.08
670.9	284.81
658.88	291.39
658.88	291.39
655.45	291.39
655.45	291.39
655.45	291.39
655.45	291.39
664.03	271.66
664.03	271.66
669.18	263.44
676.05	255.22
676.05	255.22
679.48	250.29
679.48	250.29
679.48	248.64
679.48	248.64
679.48	248.64
679.48	248.64
679.48	248.64
679.48	248.64
679.48	248.64
679.48	248.64
679.48	248.64
679.48	248.64
679.48	248.64
679.48	248.64
679.48	248.64
679.48	248.64
679.48	248.64
669.18	270.02
677.77	289.75
677.77	289.75
693.22	297.97
715.54	302.9
743	302.9
763.6	302.9
780.77	304.54
780.77	304.54
792.79	306.19
797.94	309.47
792.79	317.69
779.06	325.92
779.06	325.92
743	335.78
712.1	344
698.37	345.64
693.22	347.29
682.92	347.29
682.92	347.29
672.62	348.93
665.75	348.93
665.75	348.93
662.32	348.93
662.32	348.93
662.32	348.93
660.6	348.93
660.6	348.93
655.45	350.58
658.88	355.51
658.88	355.51
676.05	365.37
684.64	376.88
686.35	385.1
686.35	393.32
686.35	393.32
684.64	396.61
681.2	403.19
676.05	409.76
674.33	409.76
674.33	409.76
674.33	409.76
674.33	411.41
674.33	411.41
674.33	411.41
674.33	411.41
674.33	411.41
674.33	411.41
676.05	381.81
681.2	358.8
686.35	339.07
689.79	329.2
689.79	329.2
691.5	317.69
694.94	306.19
694.94	293.03
694.94	283.17
694.94	278.24
694.94	278.24
694.94	274.95
694.94	274.95
694.94	274.95
694.94	274.95
694.94	274.95
694.94	274.95
696.65	274.95
696.65	274.95
703.52	278.24
706.95	288.1
706.95	288.1
713.82	306.19
722.4	330.85
724.12	350.58
724.12	365.37
724.12	375.24
724.12	375.24
724.12	381.81
722.4	388.39
720.69	393.32
718.97	398.25
718.97	398.25
717.25	403.19
715.54	404.83
715.54	408.12
715.54	409.76
713.82	414.69
713.82	414.69
713.82	416.34
713.82	416.34
713.82	416.34
713.82	416.34
713.82	416.34
701.8	416.34
655.45	399.9
633.13	371.95
626.27	350.58
621.12	337.42
621.12	337.42
609.1	325.92
585.06	317.69
537	311.12
466.61	304.54
466.61	304.54
425.41	306.19
420.26	306.19
415.11	306.19
406.52	307.83
399.66	307.83
399.66	307.83
384.21	306.19
372.19	306.19
353.31	304.54
332.7	304.54
332.7	304.54
306.95	307.83
293.22	309.47
291.5	309.47
291.5	311.12
324.12	314.41
324.12	314.41
433.99	317.69
537	314.41
593.65	311.12
652.02	309.47
652.02	309.47
682.92	307.83
693.22	307.83
701.8	307.83
715.54	307.83
736.14	311.12
736.14	311.12
753.3	317.69
761.89	320.98
767.04	327.56
770.47	332.49
770.47	332.49
772.19	337.42
755.02	357.15
743	370.31
734.42	378.53
730.99	381.81
730.99	381.81
730.99	381.81
706.95	381.81
677.77	375.24
646.87	370.31
646.87	370.31
638.28	370.31
638.28	370.31
643.43	370.31
643.43	370.31
706.95	370.31
706.95	370.31
751.59	368.66
787.64	368.66
809.96	368.66
821.97	368.66
821.97	368.66
832.27	367.02
840.86	367.02
846.01	367.02
856.31	363.73
859.74	363.73
859.74	363.73
859.74	363.73
859.74	363.73
859.74	363.73
859.74	363.73
859.74	363.73
859.74	363.73
859.74	363.73
859.74	363.73
859.74	357.15
859.74	357.15
859.74	357.15
859.74	320.98
859.74	304.54
863.18	286.46
864.89	271.66
866.61	260.15
866.61	260.15
878.63	247
895.79	232.2
907.81	215.76
914.68	209.19
914.68	209.19
919.83	205.9
924.98	199.32
935.28	191.1
950.73	179.59
976.48	161.51
976.48	161.51
990.21	153.29
993.65	151.64
993.65	151.64
995.36	150
995.36	150
997.08	146.71
1000.51	143.42
1002.23	141.78
1002.23	141.78
1002.23	141.78
1002.23	141.78
1002.23	141.78
1002.23	141.78
1002.23	141.78
1002.23	141.78
1002.23	141.78
998.8	141.78
998.8	141.78
955.88	159.86
902.66	192.75
823.69	245.36
823.69	245.36
777.34	279.88
739.57	304.54
710.39	320.98
694.94	327.56
686.35	332.49
686.35	332.49
669.18	337.42
655.45	344
645.15	345.64
634.85	348.93
634.85	348.93
631.42	350.58
629.7	350.58
627.98	350.58
622.83	350.58
622.83	350.58
622.83	350.58
593.65	353.86
571.33	357.15
537	357.15
518.11	357.15
518.11	357.15
504.38	357.15
495.79	357.15
494.08	357.15
490.64	355.51
490.64	355.51
490.64	355.51
488.93	355.51
488.93	355.51
495.79	357.15
523.26	360.44
523.26	360.44
564.46	362.08
598.8	367.02
619.4	368.66
633.13	368.66
643.43	368.66
643.43	368.66
655.45	368.66
667.47	368.66
682.92	368.66
700.09	368.66
700.09	368.66
720.69	368.66
736.14	368.66
744.72	368.66
749.87	368.66
