0	0
0	0
0	0
0	0
0	0
0	0
0	0
0	0
0	0
638.79	341.56
637.57	341.56
636.36	341.56
635.15	341.56
633.93	341.56
631.51	341.56
630.3	341.56
629.08	341.56
627.87	341.56
626.66	341.56
625.44	341.56
625.44	341.56
625.44	341.56
625.44	341.56
625.44	341.56
625.44	341.56
625.44	342.78
614.53	353.75
607.25	370.82
603.61	387.89
597.54	402.52
593.9	409.83
589.05	417.15
587.84	424.46
585.41	430.56
584.2	436.65
584.2	443.97
584.2	459.82
585.41	472.01
592.69	480.54
636.36	487.86
689.74	489.08
727.34	482.98
761.31	467.13
804.98	447.63
840.15	431.78
865.63	415.93
891.1	402.52
909.3	391.55
920.22	385.45
931.13	380.57
945.69	378.14
957.82	376.92
968.74	375.7
986.93	376.92
1000.28	378.14
1008.77	380.57
1017.26	380.57
1025.75	381.79
1035.46	381.79
1043.95	380.57
1060.93	376.92
1073.06	367.16
1074.27	344
1073.06	314.74
1065.78	278.17
1058.5	240.37
1047.59	207.46
1035.46	180.64
1030.6	164.79
1029.39	150.16
1028.18	134.31
1025.75	120.9
1024.54	108.71
1022.11	96.52
1019.69	85.55
1018.47	81.89
1018.47	80.67
1018.47	83.11
1019.69	95.3
1028.18	114.81
1036.67	144.06
1043.95	175.76
1054.87	203.8
1065.78	228.18
1081.55	251.35
1104.6	278.17
1124.01	303.77
1137.35	323.27
1142.21	333.03
1143.42	342.78
1144.63	354.97
1138.57	370.82
1127.65	381.79
1114.3	387.89
1083.98	391.55
1042.73	395.2
1007.56	398.86
978.44	403.74
952.97	404.96
928.71	406.18
906.87	406.18
883.82	404.96
869.27	404.96
857.14	402.52
841.37	398.86
834.09	395.2
830.45	393.98
829.24	392.76
829.24	392.76
829.24	392.76
830.45	391.55
849.86	390.33
908.09	390.33
957.82	395.2
990.57	402.52
1007.56	412.27
1013.62	423.24
1011.2	435.43
980.87	453.72
923.86	467.13
857.14	475.66
803.76	481.76
773.44	484.2
757.67	487.86
749.18	490.29
749.18	490.29
749.18	490.29
749.18	491.51
743.11	497.61
730.98	501.27
701.87	501.27
684.88	501.27
692.16	493.95
709.14	485.42
721.27	479.32
743.11	469.57
766.16	461.04
774.65	456.16
780.71	446.41
785.57	435.43
785.57	424.46
779.5	413.49
772.22	402.52
763.73	401.3
741.9	400.08
714	402.52
684.88	409.83
655.77	414.71
636.36	418.37
629.08	420.8
629.08	422.02
629.08	422.02
636.36	414.71
650.92	398.86
664.26	370.82
654.56	334.25
640	303.77
623.02	281.82
602.4	267.2
578.13	258.66
556.3	253.79
552.66	252.57
547.81	248.91
538.1	242.81
529.61	233.06
522.33	219.65
518.69	205.02
521.12	197.71
529.61	194.05
542.96	195.27
580.56	209.9
629.08	241.59
661.84	270.85
665.47	300.11
661.84	324.49
665.47	351.31
670.33	376.92
683.67	398.86
694.59	411.05
706.72	417.15
720.06	419.59
738.26	417.15
756.45	406.18
766.16	387.89
767.37	362.29
758.88	333.03
752.81	314.74
744.32	294.02
735.83	275.73
734.62	261.1
733.41	250.13
729.77	240.37
727.34	234.28
723.7	226.96
721.27	219.65
720.06	215.99
718.85	212.34
718.85	212.34
718.85	212.34
718.85	212.34
718.85	215.99
727.34	224.53
752.81	241.59
830.45	278.17
860.78	295.24
904.45	323.27
931.13	352.53
935.99	361.07
940.84	367.16
940.84	369.6
942.05	370.82
944.48	376.92
949.33	391.55
952.97	398.86
955.39	406.18
955.39	406.18
950.54	409.83
942.05	414.71
872.91	426.9
836.52	431.78
761.31	442.75
712.78	445.19
680.03	445.19
647.28	445.19
615.74	443.97
596.33	442.75
584.2	442.75
568.43	445.19
552.66	446.41
538.1	450.06
534.46	453.72
533.25	459.82
534.46	468.35
539.32	479.32
544.17	490.29
549.02	503.7
556.3	517.11
562.36	525.65
574.49	540.28
603.61	552.47
625.44	556.13
672.75	558.56
743.11	558.56
764.94	559.78
801.34	559.78
840.15	559.78
851.07	559.78
851.07	559.78
851.07	559.78
847.43	559.78
838.94	561
814.68	562.22
769.8	562.22
700.65	559.78
585.41	540.28
465.32	518.33
419.22	512.24
414.37	512.24
405.88	512.24
405.88	512.24
405.88	512.24
405.88	512.24
405.88	512.24
405.88	511.02
405.88	511.02
404.67	508.58
404.67	493.95
396.18	467.13
374.34	425.68
331.88	354.97
325.82	340.34
318.54	315.96
310.05	290.36
307.62	285.48
302.77	280.61
301.56	274.51
301.56	273.29
303.98	270.85
330.67	263.54
368.28	255
425.29	242.81
492.01	226.96
527.19	215.99
530.82	211.12
530.82	207.46
530.82	207.46
530.82	207.46
530.82	207.46
530.82	207.46
530.82	208.68
533.25	212.34
545.38	230.62
573.28	256.22
620.59	274.51
643.64	278.17
643.64	278.17
643.64	278.17
643.64	278.17
643.64	278.17
643.64	278.17
643.64	278.17
643.64	278.17
640	286.7
630.3	302.55
606.03	322.06
579.35	337.9
567.22	344
566	344
564.79	344
562.36	342.78
559.94	339.12
555.09	329.37
553.87	326.93
553.87	322.06
552.66	318.4
555.09	311.08
556.3	311.08
556.3	309.86
556.3	309.86
556.3	309.86
556.3	309.86
556.3	309.86
556.3	308.65
556.3	308.65
556.3	308.65
556.3	308.65
556.3	308.65
556.3	308.65
556.3	308.65
552.66	308.65
552.66	308.65
552.66	308.65
552.66	308.65
552.66	311.08
552.66	318.4
556.3	328.15
556.3	328.15
558.73	328.15
558.73	328.15
559.94	328.15
567.22	333.03
599.97	345.22
609.67	348.88
619.38	354.97
621.8	357.41
621.8	357.41
618.16	354.97
607.25	353.75
576.92	347.66
545.38	342.78
529.61	335.47
516.27	328.15
505.35	324.49
499.29	324.49
494.43	324.49
492.01	324.49
492.01	324.49
492.01	324.49
492.01	324.49
492.01	324.49
492.01	324.49
494.43	324.49
523.55	328.15
579.35	333.03
637.57	334.25
690.95	333.03
745.54	333.03
774.65	333.03
774.65	333.03
774.65	333.03
774.65	333.03
774.65	333.03
774.65	333.03
774.65	333.03
774.65	333.03
774.65	333.03
774.65	331.81
772.22	319.62
769.8	304.99
767.37	284.26
767.37	264.76
768.58	252.57
768.58	248.91
768.58	248.91
768.58	248.91
768.58	248.91
768.58	248.91
768.58	248.91
768.58	248.91
789.21	247.69
821.96	251.35
848.65	259.88
860.78	262.32
861.99	263.54
861.99	263.54
861.99	263.54
861.99	263.54
861.99	263.54
859.56	263.54
851.07	263.54
792.85	270.85
680.03	272.07
567.22	259.88
498.07	252.57
472.6	252.57
453.19	250.13
421.65	248.91
409.52	247.69
409.52	246.47
402.24	245.25
399.81	244.03
399.81	244.03
399.81	245.25
399.81	246.47
399.81	259.88
399.81	281.82
402.24	308.65
402.24	342.78
407.09	373.26
414.37	397.64
420.44	409.83
421.65	412.27
422.86	412.27
422.86	412.27
422.86	412.27
422.86	411.05
424.08	403.74
424.08	391.55
418.01	376.92
411.95	359.85
403.45	336.69
393.75	311.08
386.47	292.8
380.41	281.82
367.06	272.07
364.64	270.85
363.42	270.85
363.42	270.85
363.42	270.85
363.42	270.85
363.42	270.85
363.42	270.85
363.42	270.85
381.62	272.07
398.6	274.51
437.42	280.61
481.09	286.7
539.32	292.8
596.33	301.33
624.23	307.43
625.44	308.65
636.36	314.74
646.07	315.96
658.2	317.18
678.82	318.4
705.51	318.4
712.78	318.4
712.78	318.4
712.78	318.4
716.42	318.4
721.27	318.4
726.13	317.18
728.55	315.96
729.77	314.74
729.77	314.74
729.77	314.74
727.34	311.08
721.27	307.43
711.57	301.33
704.29	298.89
692.16	303.77
672.75	314.74
658.2	330.59
646.07	344
633.93	358.63
612.1	380.57
604.82	387.89
596.33	384.23
584.2	375.7
572.07	364.73
556.3	354.97
532.04	353.75
513.84	352.53
482.3	364.73
437.42	418.37
404.67	468.35
398.6	487.86
416.8	512.24
447.12	546.37
487.15	563.44
519.91	558.56
545.38	551.25
559.94	553.69
581.77	569.54
623.02	581.73
675.18	581.73
727.34	568.32
769.8	546.37
792.85	521.99
798.91	493.95
794.06	463.47
778.29	445.19
763.73	442.75
747.96	446.41
737.04	448.84
732.19	450.06
730.98	450.06
727.34	442.75
723.7	428.12
720.06	406.18
716.42	395.2
710.36	387.89
698.23	379.35
667.9	370.82
621.8	356.19
563.58	340.34
501.71	333.03
472.6	336.69
467.75	340.34
466.53	340.34
466.53	341.56
466.53	341.56
465.32	340.34
462.89	336.69
461.68	336.69
461.68	335.47
443.48	329.37
404.67	322.06
350.08	314.74
302.77	307.43
276.08	303.77
265.17	301.33
265.17	300.11
261.53	289.14
263.95	278.17
276.08	265.98
287	255
288.21	252.57
288.21	252.57
284.57	264.76
279.72	307.43
288.21	354.97
312.47	395.2
330.67	420.8
341.59	439.09
345.23	451.28
346.44	469.57
345.23	491.51
345.23	523.21
345.23	548.81
345.23	564.66
342.8	580.51
342.8	589.04
354.93	589.04
396.18	578.07
447.12	567.1
507.78	552.47
568.43	535.4
614.53	521.99
636.36	514.68
647.28	512.24
665.47	512.24
700.65	512.24
745.54	517.11
771.01	518.33
773.44	518.33
778.29	519.55
781.93	519.55
781.93	508.58
758.88	482.98
690.95	457.38
589.05	424.46
485.94	376.92
459.25	336.69
447.12	300.11
427.72	263.54
404.67	222.09
381.62	194.05
375.55	189.17
375.55	187.95
375.55	187.95
375.55	187.95
375.55	187.95
376.77	190.39
388.9	207.46
393.75	223.31
396.18	245.25
399.81	257.44
405.88	268.41
421.65	283.04
439.85	292.8
468.96	307.43
556.3	331.81
649.7	344
698.23	347.66
720.06	348.88
752.81	351.31
784.35	351.31
792.85	351.31
796.48	348.88
798.91	345.22
798.91	344
797.7	344
792.85	339.12
789.21	335.47
789.21	326.93
789.21	312.3
771.01	292.8
741.9	279.39
712.78	272.07
690.95	270.85
660.62	270.85
613.31	276.95
556.3	281.82
498.07	285.48
470.17	287.92
468.96	289.14
468.96	289.14
468.96	289.14
468.96	289.14
476.24	287.92
483.52	285.48
493.22	280.61
495.65	279.39
495.65	279.39
495.65	279.39
495.65	279.39
494.43	281.82
493.22	291.58
493.22	308.65
494.43	335.47
494.43	362.29
490.79	383.01
489.58	401.3
490.79	417.15
504.14	424.46
527.19	425.68
574.49	428.12
650.92	419.59
715.21	401.3
775.86	370.82
830.45	337.9
868.05	314.74
880.19	303.77
883.82	298.89
888.68	294.02
889.89	292.8
889.89	292.8
888.68	292.8
885.04	295.24
882.61	296.45
880.19	296.45
876.55	298.89
872.91	300.11
869.27	301.33
865.63	303.77
861.99	303.77
853.5	303.77
846.22	303.77
837.73	307.43
831.66	309.86
818.32	313.52
794.06	317.18
780.71	319.62
780.71	319.62
779.5	319.62
774.65	308.65
764.94	289.14
749.18	263.54
743.11	246.47
746.75	233.06
752.81	226.96
752.81	226.96
752.81	226.96
752.81	226.96
752.81	226.96
752.81	226.96
752.81	226.96
752.81	226.96
749.18	226.96
732.19	228.18
692.16	228.18
644.85	228.18
607.25	229.4
590.26	230.62
581.77	230.62
575.71	231.84
574.49	231.84
574.49	231.84
574.49	231.84
574.49	231.84
574.49	231.84
578.13	247.69
595.12	278.17
612.1	307.43
626.66	333.03
649.7	353.75
671.54	361.07
681.24	359.85
682.46	358.63
682.46	358.63
682.46	358.63
682.46	358.63
682.46	358.63
682.46	358.63
682.46	358.63
676.39	357.41
654.56	351.31
607.25	346.44
544.17	341.56
487.15	336.69
451.98	334.25
422.86	331.81
403.45	329.37
397.39	329.37
394.96	328.15
394.96	328.15
394.96	328.15
394.96	328.15
394.96	328.15
394.96	328.15
394.96	328.15
394.96	328.15
399.81	326.93
425.29	333.03
473.81	336.69
523.55	340.34
573.28	340.34
621.8	336.69
643.64	328.15
661.84	319.62
684.88	311.08
717.64	308.65
728.55	307.43
728.55	306.21
728.55	306.21
728.55	306.21
726.13	306.21
726.13	306.21
726.13	306.21
726.13	306.21
726.13	306.21
726.13	306.21
726.13	306.21
726.13	306.21
726.13	306.21
726.13	306.21
726.13	306.21
720.06	309.86
715.21	325.71
709.14	347.66
700.65	373.26
687.31	402.52
676.39	426.9
667.9	445.19
665.47	452.5
665.47	453.72
665.47	453.72
665.47	453.72
665.47	453.72
665.47	453.72
665.47	453.72
665.47	453.72
661.84	451.28
659.41	451.28
659.41	450.06
665.47	439.09
678.82	424.46
690.95	408.61
701.87	395.2
705.51	387.89
707.93	381.79
707.93	376.92
707.93	375.7
707.93	373.26
707.93	373.26
707.93	373.26
707.93	373.26
706.72	373.26
707.93	372.04
712.78	365.94
720.06	357.41
723.7	348.88
727.34	340.34
738.26	325.71
752.81	308.65
767.37	291.58
777.08	274.51
780.71	257.44
784.35	248.91
784.35	247.69
784.35	247.69
786.78	246.47
789.21	245.25
790.42	245.25
792.85	245.25
806.19	250.13
825.6	263.54
838.94	274.51
837.73	276.95
834.09	278.17
828.02	279.39
823.17	280.61
823.17	281.82
823.17	281.82
826.81	284.26
830.45	285.48
830.45	285.48
830.45	285.48
826.81	285.48
801.34	289.14
752.81	292.8
695.8	300.11
672.75	304.99
672.75	304.99
672.75	304.99
672.75	304.99
672.75	306.21
672.75	306.21
672.75	306.21
672.75	306.21
672.75	306.21
672.75	306.21
672.75	307.43
672.75	307.43
672.75	307.43
673.97	308.65
676.39	308.65
677.6	309.86
680.03	311.08
680.03	311.08
681.24	311.08
681.24	311.08
681.24	311.08
681.24	311.08
681.24	311.08
681.24	311.08
681.24	311.08
681.24	311.08
681.24	311.08
681.24	311.08
681.24	311.08
681.24	311.08
681.24	311.08
681.24	311.08
681.24	311.08
681.24	311.08
681.24	311.08
681.24	311.08
681.24	311.08
681.24	311.08
681.24	311.08
681.24	311.08
681.24	311.08
681.24	314.74
681.24	318.4
681.24	318.4
681.24	318.4
681.24	318.4
683.67	329.37
690.95	344
701.87	354.97
730.98	364.73
769.8	365.94
786.78	365.94
803.76	361.07
825.6	352.53
841.37	341.56
851.07	333.03
861.99	322.06
878.97	307.43
888.68	292.8
897.17	281.82
904.45	269.63
912.94	258.66
920.22	248.91
923.86	244.03
926.28	241.59
927.49	241.59
927.49	241.59
927.49	241.59
927.49	241.59
927.49	241.59
923.86	242.81
920.22	245.25
920.22	245.25
916.58	245.25
914.15	246.47
911.72	248.91
906.87	248.91
899.59	251.35
894.74	252.57
888.68	253.79
887.46	255
883.82	256.22
883.82	256.22
883.82	256.22
883.82	256.22
883.82	256.22
883.82	256.22
883.82	256.22
883.82	256.22
881.4	259.88
877.76	264.76
876.55	268.41
872.91	273.29
870.48	276.95
869.27	280.61
865.63	284.26
861.99	287.92
855.92	292.8
851.07	300.11
849.86	307.43
847.43	322.06
846.22	344
843.79	374.48
843.79	402.52
842.58	428.12
841.37	448.84
840.15	464.69
840.15	476.88
838.94	487.86
837.73	492.73
836.52	493.95
835.3	496.39
832.88	500.05
829.24	504.92
828.02	513.46
828.02	525.65
828.02	531.74
830.45	537.84
834.09	545.15
837.73	552.47
843.79	559.78
866.84	564.66
905.66	567.1
945.69	567.1
996.64	561
1036.67	556.13
1076.7	559.78
1107.03	564.66
1110.67	564.66
1110.67	564.66
1110.67	564.66
1109.45	565.88
1105.81	567.1
1102.17	567.1
1102.17	567.1
1099.75	567.1
1099.75	567.1
1088.83	567.1
1062.14	562.22
1052.44	559.78
1051.23	559.78
1051.23	559.78
1047.59	559.78
1040.31	559.78
1026.96	559.78
1000.28	558.56
969.95	556.13
952.97	556.13
923.86	556.13
891.1	553.69
858.35	553.69
829.24	553.69
800.12	556.13
763.73	557.35
732.19	558.56
705.51	559.78
690.95	559.78
684.88	559.78
682.46	559.78
680.03	559.78
680.03	559.78
678.82	559.78
678.82	559.78
678.82	559.78
678.82	559.78
678.82	559.78
678.82	559.78
678.82	559.78
678.82	559.78
678.82	559.78
678.82	559.78
677.6	557.35
659.41	542.72
632.72	521.99
610.89	493.95
585.41	459.82
562.36	428.12
545.38	400.08
540.53	367.16
538.1	335.47
535.68	307.43
536.89	287.92
544.17	267.2
552.66	250.13
556.3	239.16
561.15	230.62
569.64	224.53
573.28	219.65
578.13	213.55
587.84	206.24
593.9	202.58
593.9	201.36
595.12	201.36
596.33	201.36
596.33	201.36
595.12	206.24
592.69	211.12
589.05	217.21
591.48	228.18
606.03	241.59
631.51	253.79
688.52	270.85
741.9	278.17
775.86	281.82
802.55	281.82
824.38	283.04
840.15	283.04
859.56	283.04
876.55	279.39
889.89	276.95
902.02	274.51
908.09	274.51
912.94	272.07
915.36	272.07
915.36	272.07
915.36	272.07
910.51	272.07
887.46	275.73
843.79	281.82
806.19	291.58
778.29	298.89
758.88	304.99
734.62	309.86
701.87	313.52
670.33	318.4
649.7	322.06
626.66	325.71
609.67	326.93
596.33	329.37
589.05	329.37
580.56	333.03
574.49	333.03
569.64	334.25
567.22	336.69
564.79	337.9
563.58	337.9
563.58	337.9
563.58	337.9
563.58	337.9
563.58	337.9
563.58	337.9
563.58	340.34
566	341.56
567.22	344
569.64	347.66
573.28	351.31
578.13	354.97
584.2	361.07
591.48	367.16
596.33	372.04
604.82	380.57
614.53	387.89
621.8	395.2
635.15	406.18
658.2	420.8
687.31	435.43
707.93	445.19
733.41	453.72
772.22	461.04
807.4	463.47
817.11	464.69
818.32	464.69
818.32	464.69
818.32	464.69
814.68	468.35
812.25	472.01
802.55	475.66
777.08	482.98
745.54	490.29
721.27	497.61
690.95	503.7
648.49	506.14
618.16	508.58
601.18	508.58
580.56	509.8
561.15	511.02
547.81	512.24
538.1	513.46
519.91	517.11
495.65	519.55
467.75	523.21
445.91	525.65
426.5	528.09
403.45	530.53
376.77	532.96
347.65	536.62
325.82	537.84
288.21	540.28
248.18	541.5
211.79	545.15
183.89	547.59
165.7	551.25
155.99	553.69
148.71	556.13
146.29	556.13
146.29	556.13
141.43	557.35
139.01	558.56
139.01	559.78
140.22	561
153.56	563.44
181.46	567.1
197.23	567.1
197.23	567.1
197.23	567.1
197.23	567.1
196.02	563.44
186.32	556.13
170.55	548.81
159.63	541.5
147.5	532.96
134.16	519.55
120.81	502.49
114.75	493.95
112.32	493.95
112.32	493.95
112.32	493.95
113.53	497.61
126.88	507.36
163.27	519.55
225.13	526.87
318.54	537.84
421.65	548.81
512.63	554.91
586.63	556.13
636.36	553.69
667.9	550.03
703.08	548.81
741.9	545.15
783.14	543.94
824.38	543.94
860.78	543.94
883.82	543.94
904.45	543.94
931.13	541.5
952.97	537.84
974.8	532.96
997.85	526.87
1018.47	518.33
1026.96	508.58
1034.24	501.27
1039.1	489.08
1041.52	479.32
1043.95	472.01
1046.37	468.35
1047.59	467.13
1047.59	467.13
1051.23	467.13
1053.65	467.13
1056.08	469.57
1059.72	475.66
1064.57	487.86
1069.42	506.14
1076.7	529.31
1091.26	552.47
1109.45	574.41
1117.94	589.04
1124.01	598.8
1127.65	603.67
1128.86	607.33
1131.29	607.33
1133.71	608.55
1137.35	608.55
1140.99	607.33
1142.21	603.67
1144.63	591.48
1149.48	570.76
1151.91	551.25
1154.34	534.18
1159.19	515.9
1160.4	507.36
1150.7	480.54
1138.57	465.91
1127.65	453.72
1115.52	445.19
1104.6	440.31
1098.54	435.43
1094.9	434.21
1092.47	433
1092.47	433
1092.47	433
1092.47	433
1092.47	433
1092.47	433
1092.47	433
1092.47	433
1092.47	433
1092.47	433
1092.47	433
1092.47	433
1092.47	433
1087.62	433
1079.13	431.78
1070.63	431.78
1065.78	431.78
1062.14	433
1053.65	435.43
1041.52	436.65
1033.03	439.09
1022.11	441.53
1013.62	442.75
1008.77	443.97
1007.56	443.97
1007.56	443.97
1007.56	443.97
1007.56	442.75
1014.83	436.65
1023.33	428.12
1031.82	414.71
1041.52	398.86
1051.23	376.92
1062.14	351.31
1069.42	318.4
1073.06	289.14
1076.7	256.22
1076.7	230.62
1076.7	212.34
1076.7	196.49
1073.06	184.3
1065.78	176.98
1045.16	172.1
996.64	169.67
909.3	168.45
803.76	168.45
704.29	179.42
632.72	195.27
566	205.02
501.71	208.68
437.42	214.77
363.42	220.87
300.34	233.06
261.53	250.13
239.69	269.63
228.77	296.45
232.41	325.71
256.67	352.53
300.34	380.57
373.13	406.18
476.24	426.9
558.73	437.87
610.89	446.41
669.11	453.72
723.7	457.38
762.52	461.04
800.12	462.25
836.52	462.25
861.99	462.25
882.61	462.25
902.02	463.47
932.35	464.69
956.61	464.69
967.53	464.69
979.66	461.04
996.64	457.38
1007.56	456.16
1025.75	454.94
1036.67	453.72
1040.31	453.72
1040.31	453.72
1040.31	453.72
1040.31	453.72
1040.31	453.72
1040.31	453.72
1040.31	453.72
1036.67	453.72
1023.33	453.72
1018.47	456.16
1018.47	456.16
1018.47	457.38
1018.47	459.82
1022.11	461.04
1028.18	464.69
1037.88	464.69
1045.16	465.91
1050.01	465.91
1051.23	465.91
1054.87	464.69
1060.93	464.69
1070.63	463.47
1076.7	461.04
1076.7	461.04
1076.7	461.04
1076.7	461.04
1076.7	463.47
1076.7	467.13
1075.49	469.57
1074.27	470.79
1074.27	470.79
1074.27	470.79
1074.27	470.79
1074.27	470.79
1074.27	470.79
1074.27	470.79
1074.27	470.79
1074.27	470.79
1073.06	470.79
1058.5	472.01
1043.95	472.01
1034.24	472.01
1025.75	474.45
1014.83	475.66
1012.41	476.88
1008.77	478.1
1002.7	479.32
993	479.32
986.93	475.66
984.51	470.79
982.08	462.25
982.08	450.06
980.87	428.12
972.38	403.74
966.31	384.23
961.46	369.6
957.82	357.41
955.39	351.31
952.97	347.66
949.33	345.22
940.84	344
927.49	341.56
912.94	341.56
899.59	341.56
898.38	344
897.17	351.31
898.38	369.6
900.81	384.23
898.38	402.52
897.17	409.83
893.53	413.49
887.46	417.15
876.55	417.15
861.99	417.15
847.43	414.71
818.32	406.18
778.29	395.2
743.11	384.23
730.98	378.14
722.49	370.82
716.42	367.16
703.08	353.75
700.65	348.88
694.59	341.56
688.52	335.47
683.67	329.37
676.39	322.06
670.33	317.18
663.05	311.08
654.56	302.55
647.28	296.45
636.36	289.14
619.38	285.48
603.61	281.82
595.12	281.82
587.84	281.82
578.13	286.7
570.86	294.02
564.79	303.77
564.79	306.21
567.22	311.08
570.86	315.96
570.86	318.4
570.86	318.4
572.07	318.4
572.07	318.4
572.07	318.4
572.07	318.4
572.07	318.4
570.86	318.4
568.43	317.18
564.79	315.96
563.58	314.74
563.58	314.74
563.58	314.74
563.58	314.74
563.58	314.74
563.58	314.74
563.58	314.74
563.58	314.74
563.58	318.4
567.22	329.37
591.48	336.69
636.36	342.78
697.01	347.66
754.03	354.97
812.25	361.07
872.91	365.94
914.15	364.73
937.2	362.29
952.97	362.29
967.53	362.29
995.43	363.51
1033.03	363.51
1050.01	358.63
1057.29	354.97
1062.14	352.53
1067	350.1
1067	348.88
1067	347.66
1067	346.44
1067	346.44
1067	346.44
1067	346.44
1063.36	352.53
1054.87	367.16
1040.31	393.98
1033.03	417.15
1033.03	431.78
1033.03	441.53
1033.03	450.06
1033.03	452.5
1033.03	452.5
1033.03	452.5
1029.39	453.72
1007.56	457.38
960.25	459.82
895.95	462.25
813.47	465.91
716.42	469.57
654.56	476.88
612.1	482.98
572.07	490.29
535.68	493.95
501.71	496.39
458.04	498.83
426.5	501.27
401.03	503.7
368.28	506.14
322.18	508.58
302.77	508.58
257.89	512.24
225.13	514.68
200.87	515.9
187.53	515.9
176.61	517.11
165.7	519.55
159.63	519.55
159.63	519.55
158.42	519.55
158.42	519.55
154.78	520.77
152.35	520.77
151.14	521.99
151.14	521.99
149.93	521.99
148.71	523.21
147.5	523.21
145.07	523.21
145.07	523.21
145.07	523.21
143.86	523.21
142.65	523.21
142.65	523.21
142.65	523.21
149.93	526.87
196.02	534.18
288.21	535.4
391.32	536.62
513.84	532.96
631.51	524.43
712.78	503.7
771.01	475.66
802.55	450.06
823.17	426.9
837.73	406.18
863.2	387.89
889.89	367.16
902.02	350.1
910.51	336.69
916.58	325.71
917.79	322.06
919	320.84
920.22	318.4
920.22	317.18
921.43	315.96
923.86	313.52
925.07	311.08
926.28	311.08
926.28	311.08
926.28	311.08
926.28	307.43
925.07	306.21
923.86	303.77
921.43	303.77
920.22	300.11
919	296.45
919	292.8
919	289.14
920.22	286.7
922.64	283.04
922.64	279.39
922.64	278.17
922.64	278.17
922.64	274.51
922.64	274.51
923.86	273.29
923.86	270.85
927.49	269.63
929.92	267.2
934.77	265.98
937.2	263.54
939.62	261.1
942.05	259.88
943.26	259.88
945.69	256.22
949.33	252.57
950.54	251.35
951.76	248.91
952.97	248.91
954.18	248.91
954.18	247.69
954.18	247.69
954.18	247.69
954.18	247.69
954.18	247.69
952.97	247.69
945.69	252.57
934.77	264.76
927.49	274.51
926.28	278.17
925.07	278.17
925.07	278.17
925.07	278.17
920.22	279.39
916.58	280.61
912.94	280.61
905.66	281.82
899.59	281.82
895.95	281.82
894.74	281.82
894.74	281.82
894.74	281.82
894.74	281.82
894.74	281.82
894.74	281.82
894.74	281.82
894.74	281.82
894.74	281.82
894.74	281.82
894.74	281.82
891.1	281.82
888.68	281.82
886.25	283.04
885.04	284.26
885.04	284.26
885.04	284.26
885.04	284.26
885.04	284.26
885.04	284.26
885.04	284.26
885.04	284.26
881.4	289.14
877.76	294.02
872.91	300.11
865.63	306.21
849.86	313.52
815.89	323.27
778.29	331.81
757.67	333.03
744.32	333.03
730.98	331.81
727.34	329.37
727.34	329.37
727.34	325.71
727.34	324.49
726.13	322.06
726.13	320.84
726.13	319.62
726.13	317.18
726.13	314.74
724.91	313.52
723.7	311.08
720.06	307.43
720.06	301.33
720.06	292.8
723.7	281.82
723.7	270.85
717.64	257.44
710.36	248.91
705.51	245.25
704.29	244.03
703.08	242.81
703.08	241.59
703.08	241.59
703.08	241.59
703.08	241.59
701.87	242.81
701.87	256.22
698.23	281.82
698.23	318.4
707.93	353.75
718.85	381.79
724.91	403.74
728.55	419.59
730.98	424.46
730.98	425.68
730.98	425.68
734.62	433
741.9	443.97
752.81	452.5
763.73	461.04
767.37	464.69
766.16	468.35
756.45	473.23
720.06	479.32
647.28	485.42
585.41	493.95
549.02	504.92
519.91	513.46
496.86	519.55
464.11	524.43
433.78	526.87
408.31	530.53
362.21	534.18
327.03	537.84
311.26	541.5
290.64	542.72
268.8	543.94
245.76	543.94
219.07	541.5
203.3	541.5
194.81	540.28
193.6	539.06
194.81	536.62
198.45	534.18
203.3	531.74
210.58	529.31
236.05	525.65
287	518.33
352.51	508.58
419.22	497.61
484.73	480.54
551.45	457.38
598.76	436.65
618.16	428.12
633.93	420.8
649.7	415.93
653.34	414.71
653.34	414.71
653.34	414.71
654.56	414.71
663.05	414.71
672.75	413.49
684.88	411.05
689.74	407.39
694.59	401.3
700.65	389.11
701.87	372.04
693.37	351.31
682.46	330.59
672.75	314.74
669.11	301.33
666.69	296.45
666.69	296.45
666.69	296.45
666.69	296.45
670.33	297.67
678.82	311.08
683.67	334.25
680.03	368.38
671.54	403.74
667.9	434.21
667.9	453.72
667.9	464.69
667.9	472.01
669.11	472.01
669.11	473.23
669.11	473.23
669.11	473.23
670.33	474.45
676.39	474.45
689.74	475.66
706.72	472.01
723.7	464.69
741.9	453.72
757.67	435.43
766.16	422.02
771.01	408.61
777.08	397.64
781.93	387.89
790.42	384.23
797.7	380.57
808.61	376.92
818.32	372.04
819.53	365.94
818.32	362.29
808.61	356.19
792.85	347.66
761.31	340.34
732.19	336.69
701.87	342.78
654.56	364.73
582.99	396.42
538.1	422.02
501.71	442.75
455.62	453.72
405.88	456.16
376.77	453.72
351.29	450.06
339.16	447.63
339.16	447.63
339.16	442.75
341.59	440.31
344.01	437.87
363.42	437.87
403.45	435.43
468.96	431.78
556.3	428.12
632.72	418.37
672.75	402.52
703.08	380.57
723.7	359.85
738.26	347.66
749.18	339.12
754.03	334.25
758.88	330.59
761.31	329.37
762.52	328.15
762.52	328.15
766.16	330.59
769.8	333.03
773.44	334.25
789.21	335.47
807.4	335.47
819.53	336.69
828.02	336.69
836.52	334.25
840.15	329.37
846.22	320.84
854.71	309.86
860.78	300.11
863.2	289.14
863.2	278.17
863.2	272.07
861.99	268.41
861.99	267.2
861.99	267.2
860.78	267.2
860.78	267.2
861.99	272.07
865.63	289.14
861.99	311.08
853.5	333.03
848.65	347.66
843.79	361.07
840.15	372.04
836.52	376.92
836.52	376.92
836.52	378.14
836.52	378.14
836.52	378.14
836.52	378.14
836.52	379.35
836.52	380.57
836.52	380.57
836.52	380.57
836.52	380.57
836.52	379.35
830.45	376.92
818.32	373.26
797.7	370.82
785.57	372.04
768.58	376.92
741.9	384.23
718.85	389.11
704.29	392.76
689.74	395.2
680.03	397.64
676.39	397.64
672.75	397.64
669.11	397.64
667.9	397.64
661.84	397.64
656.98	398.86
649.7	398.86
646.07	398.86
642.43	391.55
636.36	379.35
630.3	363.51
629.08	346.44
629.08	331.81
625.44	323.27
629.08	312.3
638.79	300.11
647.28	291.58
654.56	281.82
661.84	272.07
670.33	261.1
680.03	253.79
692.16	247.69
709.14	241.59
735.83	236.72
774.65	230.62
808.61	224.53
836.52	217.21
854.71	213.55
878.97	209.9
909.3	206.24
934.77	201.36
952.97	200.14
962.67	197.71
978.44	197.71
996.64	197.71
1003.92	197.71
1003.92	197.71
1003.92	197.71
1003.92	197.71
1003.92	197.71
1003.92	197.71
996.64	200.14
989.36	207.46
988.15	226.96
996.64	259.88
995.43	291.58
976.02	337.9
956.61	380.57
942.05	413.49
933.56	439.09
927.49	458.6
917.79	475.66
905.66	490.29
892.32	497.61
883.82	503.7
870.48	507.36
854.71	508.58
835.3	508.58
819.53	508.58
790.42	504.92
761.31	502.49
750.39	501.27
741.9	501.27
723.7	501.27
698.23	501.27
661.84	498.83
632.72	492.73
623.02	486.64
618.16	481.76
610.89	474.45
607.25	458.6
610.89	436.65
623.02	418.37
636.36	407.39
654.56	400.08
670.33	396.42
680.03	393.98
683.67	389.11
686.1	383.01
687.31	373.26
688.52	364.73
694.59	354.97
699.44	344
699.44	336.69
699.44	331.81
699.44	326.93
699.44	322.06
700.65	320.84
705.51	322.06
709.14	324.49
718.85	340.34
722.49	358.63
721.27	379.35
723.7	390.33
730.98	397.64
749.18	411.05
754.03	418.37
744.32	423.24
712.78	424.46
652.13	423.24
589.05	419.59
544.17	409.83
505.35	387.89
477.45	363.51
472.6	342.78
468.96	315.96
473.81	298.89
483.52	286.7
493.22	278.17
498.07	272.07
508.99	253.79
516.27	241.59
530.82	224.53
541.74	208.68
549.02	196.49
552.66	186.73
552.66	185.51
552.66	185.51
551.45	185.51
549.02	191.61
547.81	208.68
556.3	226.96
581.77	241.59
623.02	253.79
689.74	265.98
745.54	274.51
758.88	274.51
771.01	274.51
790.42	274.51
803.76	274.51
830.45	273.29
855.92	272.07
877.76	274.51
894.74	276.95
905.66	280.61
916.58	283.04
920.22	284.26
927.49	289.14
928.71	292.8
917.79	298.89
883.82	303.77
821.96	306.21
752.81	303.77
703.08	298.89
688.52	296.45
687.31	295.24
687.31	294.02
687.31	294.02
687.31	292.8
688.52	292.8
689.74	292.8
695.8	290.36
705.51	289.14
710.36	289.14
710.36	289.14
711.57	287.92
711.57	284.26
703.08	269.63
683.67	255
670.33	245.25
661.84	241.59
654.56	237.94
653.34	237.94
653.34	237.94
653.34	236.72
655.77	235.5
660.62	234.28
665.47	234.28
672.75	234.28
692.16	234.28
712.78	234.28
720.06	235.5
720.06	235.5
720.06	235.5
720.06	235.5
720.06	235.5
720.06	235.5
720.06	235.5
720.06	235.5
720.06	235.5
720.06	235.5
720.06	235.5
720.06	235.5
718.85	235.5
718.85	235.5
718.85	235.5
718.85	235.5
717.64	235.5
717.64	235.5
717.64	235.5
717.64	235.5
718.85	233.06
727.34	226.96
734.62	218.43
741.9	212.34
744.32	209.9
745.54	209.9
734.62	209.9
701.87	219.65
650.92	237.94
599.97	255
556.3	257.44
522.33	256.22
512.63	253.79
507.78	250.13
501.71	245.25
495.65	240.37
494.43	237.94
494.43	237.94
494.43	237.94
494.43	237.94
494.43	237.94
492.01	234.28
483.52	220.87
472.6	208.68
468.96	198.92
466.53	186.73
462.89	175.76
450.76	164.79
441.06	158.69
433.78	156.26
433.78	156.26
433.78	156.26
433.78	156.26
433.78	156.26
433.78	156.26
433.78	156.26
432.57	157.47
432.57	161.13
433.78	168.45
441.06	179.42
448.34	190.39
461.68	207.46
479.88	225.75
501.71	241.59
533.25	261.1
570.86	280.61
618.16	302.55
664.26	325.71
699.44	351.31
730.98	375.7
756.45	397.64
773.44	415.93
789.21	428.12
808.61	437.87
826.81	441.53
837.73	441.53
840.15	441.53
841.37	441.53
842.58	440.31
842.58	440.31
841.37	439.09
840.15	437.87
837.73	437.87
837.73	437.87
836.52	436.65
832.88	435.43
829.24	435.43
825.6	434.21
823.17	434.21
821.96	433
818.32	433
817.11	433
815.89	433
814.68	433
814.68	433
814.68	433
811.04	433
811.04	433
811.04	433
811.04	433
814.68	431.78
812.25	424.46
791.63	413.49
756.45	398.86
727.34	374.48
704.29	346.44
681.24	319.62
654.56	297.67
632.72	278.17
625.44	263.54
621.8	250.13
620.59	241.59
620.59	234.28
623.02	226.96
625.44	220.87
629.08	213.55
632.72	208.68
641.21	205.02
656.98	201.36
682.46	196.49
716.42	191.61
766.16	189.17
814.68	187.95
851.07	187.95
872.91	186.73
876.55	186.73
876.55	186.73
876.55	186.73
876.55	186.73
876.55	186.73
876.55	186.73
876.55	186.73
876.55	198.92
886.25	226.96
900.81	265.98
902.02	303.77
902.02	341.56
912.94	372.04
927.49	392.76
938.41	403.74
940.84	406.18
943.26	406.18
946.9	401.3
948.12	391.55
926.28	369.6
872.91	342.78
794.06	320.84
749.18	314.74
720.06	314.74
689.74	319.62
672.75	322.06
666.69	322.06
659.41	323.27
648.49	324.49
640	324.49
626.66	324.49
610.89	325.71
581.77	329.37
552.66	335.47
523.55	342.78
494.43	347.66
488.37	348.88
488.37	348.88
488.37	350.1
488.37	350.1
488.37	350.1
496.86	350.1
510.2	348.88
530.82	348.88
547.81	350.1
553.87	351.31
556.3	351.31
559.94	351.31
569.64	350.1
597.54	345.22
652.13	333.03
706.72	318.4
749.18	300.11
781.93	276.95
789.21	256.22
791.63	245.25
785.57	234.28
785.57	231.84
784.35	230.62
784.35	230.62
785.57	230.62
800.12	230.62
814.68	229.4
858.35	235.5
920.22	245.25
960.25	252.57
993	263.54
1042.73	276.95
1063.36	281.82
1063.36	281.82
1063.36	281.82
1063.36	281.82
1063.36	281.82
1063.36	281.82
1063.36	283.04
1062.14	287.92
1047.59	296.45
1007.56	312.3
908.09	337.9
755.24	352.53
667.9	353.75
627.87	347.66
574.49	336.69
488.37	324.49
420.44	317.18
369.49	314.74
318.54	314.74
285.79	318.4
276.08	318.4
272.44	318.4
272.44	318.4
272.44	318.4
272.44	315.96
273.66	314.74
273.66	313.52
273.66	313.52
273.66	313.52
278.51	314.74
287	318.4
307.62	318.4
344.01	322.06
357.36	323.27
357.36	323.27
357.36	323.27
357.36	323.27
357.36	323.27
364.64	324.49
416.8	325.71
477.45	324.49
525.97	313.52
563.58	295.24
584.2	269.63
592.69	240.37
608.46	212.34
631.51	183.08
647.28	168.45
663.05	161.13
686.1	155.04
711.57	155.04
741.9	163.57
764.94	178.2
781.93	191.61
785.57	201.36
785.57	205.02
785.57	207.46
785.57	207.46
785.57	207.46
785.57	212.34
787.99	223.31
789.21	233.06
789.21	236.72
789.21	236.72
789.21	236.72
786.78	239.16
777.08	256.22
763.73	289.14
741.9	325.71
720.06	347.66
703.08	362.29
694.59	368.38
689.74	369.6
677.6	367.16
661.84	362.29
640	358.63
615.74	358.63
598.76	358.63
598.76	352.53
602.4	342.78
599.97	336.69
581.77	331.81
527.19	325.71
433.78	314.74
359.78	302.55
347.65	292.8
346.44	284.26
345.23	273.29
345.23	263.54
348.87	256.22
353.72	245.25
356.14	233.06
352.51	226.96
347.65	225.75
337.95	217.21
319.75	202.58
302.77	194.05
280.94	186.73
268.8	184.3
268.8	183.08
270.02	184.3
284.57	190.39
324.61	208.68
392.54	236.72
476.24	267.2
568.43	300.11
625.44	322.06
650.92	329.37
659.41	330.59
659.41	330.59
659.41	330.59
661.84	333.03
671.54	336.69
715.21	350.1
745.54	357.41
809.83	378.14
824.38	384.23
824.38	385.45
824.38	385.45
820.75	385.45
789.21	379.35
723.7	362.29
694.59	347.66
680.03	324.49
672.75	298.89
671.54	289.14
672.75	287.92
672.75	287.92
673.97	287.92
673.97	287.92
677.6	287.92
678.82	289.14
681.24	291.58
694.59	295.24
726.13	298.89
755.24	298.89
769.8	296.45
769.8	294.02
726.13	286.7
667.9	283.04
612.1	281.82
538.1	284.26
493.22	284.26
490.79	284.26
490.79	283.04
490.79	283.04
490.79	283.04
490.79	283.04
490.79	283.04
490.79	283.04
492.01	283.04
494.43	283.04
495.65	284.26
504.14	289.14
523.55	297.67
552.66	304.99
596.33	309.86
658.2	322.06
688.52	342.78
698.23	370.82
704.29	398.86
704.29	436.65
703.08	479.32
701.87	507.36
701.87	513.46
707.93	513.46
712.78	509.8
712.78	508.58
712.78	506.14
712.78	502.49
716.42	491.51
722.49	467.13
714	442.75
690.95	420.8
660.62	391.55
650.92	374.48
649.7	362.29
649.7	356.19
647.28	350.1
643.64	344
636.36	340.34
620.59	336.69
582.99	330.59
541.74	329.37
495.65	334.25
462.89	342.78
451.98	350.1
450.76	353.75
450.76	353.75
450.76	353.75
450.76	353.75
448.34	353.75
430.14	354.97
392.54	358.63
345.23	365.94
313.69	373.26
301.56	379.35
294.28	380.57
293.07	380.57
293.07	380.57
293.07	379.35
293.07	376.92
295.49	364.73
305.2	347.66
314.9	331.81
333.1	304.99
370.7	273.29
422.86	241.59
494.43	228.18
563.58	230.62
619.38	241.59
659.41	252.57
700.65	259.88
733.41	265.98
744.32	267.2
746.75	267.2
756.45	269.63
768.58	272.07
772.22	272.07
773.44	272.07
778.29	274.51
785.57	274.51
786.78	275.73
786.78	275.73
789.21	281.82
792.85	292.8
796.48	298.89
817.11	313.52
843.79	331.81
872.91	357.41
902.02	389.11
932.35	426.9
971.16	450.06
1014.83	461.04
1040.31	463.47
1046.37	462.25
1051.23	452.5
1050.01	435.43
1042.73	412.27
1041.52	406.18
1043.95	406.18
1059.72	420.8
1117.94	473.23
1190.73	542.72
1222.27	581.73
1222.27	582.95
1223.48	582.95
1218.63	579.29
1195.58	570.76
1156.76	564.66
1098.54	559.78
1011.2	540.28
880.19	491.51
803.76	457.38
789.21	431.78
767.37	389.11
737.04	334.25
723.7	298.89
721.27	270.85
712.78	245.25
703.08	231.84
697.01	226.96
684.88	217.21
663.05	205.02
653.34	201.36
650.92	201.36
648.49	215.99
658.2	251.35
664.26	292.8
665.47	329.37
661.84	363.51
658.2	380.57
654.56	390.33
650.92	393.98
647.28	395.2
641.21	398.86
631.51	402.52
620.59	409.83
612.1	417.15
608.46	420.8
608.46	420.8
607.25	422.02
604.82	422.02
596.33	425.68
584.2	431.78
567.22	439.09
546.59	442.75
541.74	442.75
522.33	429.34
493.22	411.05
460.47	386.67
438.63	344
432.57	320.84
421.65	286.7
414.37	257.44
414.37	239.16
410.73	219.65
408.31	208.68
408.31	206.24
407.09	206.24
386.47	209.9
329.46	225.75
246.97	245.25
187.53	256.22
137.79	261.1
109.89	262.32
107.47	262.32
111.11	259.88
115.96	251.35
137.79	246.47
185.1	256.22
297.92	275.73
445.91	289.14
632.72	300.11
714	300.11
749.18	292.8
771.01	279.39
779.5	259.88
783.14	253.79
784.35	252.57
789.21	248.91
794.06	245.25
800.12	242.81
807.4	241.59
818.32	241.59
829.24	247.69
840.15	252.57
845.01	253.79
834.09	253.79
800.12	253.79
729.77	248.91
629.08	245.25
538.1	250.13
504.14	262.32
500.5	263.54
505.35	267.2
534.46	270.85
580.56	278.17
643.64	285.48
724.91	295.24
781.93	309.86
781.93	318.4
756.45	328.15
720.06	342.78
683.67	354.97
667.9	359.85
665.47	361.07
665.47	361.07
664.26	361.07
643.64	359.85
589.05	356.19
500.5	347.66
398.6	334.25
324.61	320.84
276.08	312.3
265.17	306.21
261.53	287.92
266.38	279.39
289.43	270.85
356.14	265.98
466.53	268.41
604.82	270.85
721.27	265.98
781.93	253.79
809.83	248.91
817.11	245.25
818.32	240.37
818.32	236.72
817.11	231.84
814.68	228.18
809.83	225.75
806.19	222.09
797.7	217.21
783.14	215.99
773.44	219.65
757.67	235.5
741.9	261.1
739.47	291.58
740.68	322.06
735.83	351.31
720.06	376.92
707.93	393.98
701.87	397.64
698.23	398.86
695.8	395.2
692.16	384.23
678.82	359.85
640	336.69
593.9	325.71
523.55	317.18
450.76	307.43
427.72	302.55
426.5	302.55
426.5	302.55
426.5	302.55
426.5	302.55
426.5	302.55
426.5	302.55
428.93	302.55
447.12	302.55
501.71	307.43
593.9	315.96
690.95	325.71
778.29	334.25
861.99	344
914.15	351.31
921.43	352.53
921.43	352.53
921.43	352.53
921.43	352.53
921.43	352.53
921.43	352.53
921.43	353.75
920.22	358.63
914.15	364.73
908.09	370.82
899.59	384.23
891.1	398.86
870.48	418.37
834.09	439.09
781.93	456.16
729.77	463.47
681.24	464.69
644.85	461.04
616.95	454.94
592.69	447.63
581.77	443.97
576.92	442.75
576.92	442.75
576.92	442.75
575.71	442.75
568.43	441.53
555.09	437.87
534.46	433
512.63	425.68
494.43	413.49
483.52	391.55
487.15	363.51
501.71	326.93
519.91	283.04
530.82	246.47
532.04	223.31
532.04	207.46
532.04	197.71
534.46	189.17
545.38	186.73
591.48	190.39
687.31	196.49
766.16	195.27
823.17	194.05
870.48	194.05
895.95	200.14
905.66	208.68
908.09	215.99
909.3	219.65
912.94	224.53
920.22	236.72
916.58	248.91
898.38	267.2
868.05	292.8
846.22	313.52
840.15	322.06
843.79	323.27
855.92	325.71
883.82	329.37
925.07	334.25
967.53	340.34
999.06	347.66
1022.11	353.75
1039.1	354.97
1046.37	354.97
1051.23	351.31
1056.08	347.66
1062.14	340.34
1063.36	337.9
1063.36	337.9
1065.78	340.34
1075.49	354.97
1083.98	375.7
1076.7	402.52
1054.87	431.78
1048.8	443.97
1043.95	447.63
1040.31	447.63
1033.03	446.41
1014.83	435.43
982.08	422.02
933.56	411.05
887.46	408.61
829.24	404.96
738.26	398.86
609.67	386.67
483.52	380.57
425.29	379.35
394.96	378.14
361	372.04
328.24	365.94
325.82	364.73
327.03	364.73
333.1	364.73
339.16	363.51
356.14	356.19
374.34	351.31
396.18	351.31
418.01	353.75
434.99	356.19
445.91	357.41
447.12	358.63
450.76	365.94
460.47	384.23
476.24	402.52
501.71	409.83
556.3	413.49
615.74	413.49
670.33	404.96
699.44	389.11
701.87	362.29
716.42	329.37
735.83	296.45
756.45	270.85
783.14	246.47
814.68	223.31
828.02	202.58
830.45	189.17
832.88	180.64
834.09	170.89
832.88	162.35
825.6	159.91
795.27	157.47
724.91	164.79
615.74	174.54
525.97	185.51
479.88	194.05
458.04	194.05
456.83	195.27
456.83	195.27
458.04	195.27
458.04	195.27
458.04	195.27
454.4	194.05
428.93	197.71
381.62	209.9
313.69	226.96
259.1	245.25
232.41	263.54
232.41	274.51
239.69	283.04
239.69	284.26
239.69	284.26
240.9	289.14
240.9	296.45
228.77	312.3
206.94	337.9
189.96	365.94
181.46	386.67
170.55	402.52
163.27	417.15
163.27	428.12
163.27	436.65
168.12	446.41
185.1	456.16
205.73	463.47
234.84	472.01
291.85	480.54
358.57	486.64
438.63	482.98
539.32	467.13
612.1	439.09
636.36	400.08
646.07	362.29
648.49	333.03
650.92	318.4
658.2	308.65
660.62	303.77
660.62	301.33
660.62	301.33
660.62	300.11
660.62	300.11
660.62	300.11
660.62	300.11
660.62	300.11
660.62	300.11
660.62	300.11
660.62	301.33
661.84	304.99
661.84	307.43
661.84	311.08
665.47	324.49
670.33	345.22
673.97	369.6
692.16	391.55
740.68	403.74
801.34	406.18
854.71	406.18
905.66	401.3
957.82	397.64
1007.56	395.2
1050.01	393.98
1081.55	393.98
1100.96	393.98
1111.88	393.98
1119.16	391.55
1120.37	391.55
1120.37	391.55
1120.37	391.55
1120.37	391.55
1120.37	391.55
1109.45	391.55
1076.7	384.23
1064.57	369.6
1062.14	340.34
1057.29	311.08
1045.16	279.39
1034.24	252.57
1028.18	235.5
1026.96	230.62
1026.96	230.62
1026.96	230.62
1026.96	230.62
1037.88	244.03
1056.08	279.39
1073.06	329.37
1094.9	396.42
1120.37	458.6
1143.42	507.36
1157.97	540.28
1166.47	567.1
1170.11	575.63
1170.11	575.63
1168.89	574.41
1148.27	568.32
1097.32	557.35
1005.13	537.84
880.19	504.92
767.37	468.35
704.29	446.41
680.03	435.43
676.39	430.56
667.9	418.37
659.41	404.96
655.77	398.86
656.98	389.11
658.2	380.57
658.2	374.48
659.41	370.82
661.84	365.94
664.26	364.73
664.26	362.29
665.47	362.29
665.47	362.29
665.47	361.07
665.47	361.07
665.47	361.07
664.26	361.07
660.62	361.07
658.2	361.07
658.2	361.07
658.2	362.29
643.64	363.51
603.61	359.85
533.25	347.66
441.06	328.15
333.1	295.24
248.18	269.63
233.63	258.66
221.5	237.94
194.81	211.12
165.7	184.3
146.29	162.35
134.16	139.19
130.52	123.34
132.94	116.02
134.16	109.93
130.52	101.4
123.24	95.3
120.81	95.3
115.96	101.4
107.47	120.9
97.76	157.47
96.55	211.12
100.19	269.63
105.04	326.93
102.62	381.79
105.04	425.68
118.39	458.6
134.16	486.64
146.29	512.24
154.78	524.43
159.63	534.18
170.55	542.72
203.3	551.25
263.95	556.13
328.24	559.78
370.7	561
408.31	561
458.04	561
505.35	559.78
540.53	557.35
572.07	552.47
591.48	543.94
613.31	540.28
652.13	537.84
699.44	525.65
767.37	509.8
843.79	485.42
872.91	442.75
875.33	391.55
888.68	347.66
902.02	314.74
920.22	289.14
945.69	263.54
967.53	242.81
989.36	223.31
1002.7	212.34
1006.34	206.24
1006.34	205.02
1006.34	205.02
1006.34	205.02
1006.34	205.02
1006.34	205.02
1006.34	205.02
1008.77	205.02
1011.2	211.12
1007.56	229.4
997.85	267.2
978.44	312.3
933.56	362.29
875.33	408.61
806.19	440.31
749.18	451.28
740.68	452.5
740.68	452.5
740.68	452.5
741.9	451.28
749.18	446.41
764.94	440.31
780.71	430.56
784.35	418.37
787.99	401.3
800.12	365.94
814.68	325.71
830.45	292.8
851.07	256.22
887.46	222.09
915.36	198.92
931.13	183.08
946.9	172.1
952.97	164.79
960.25	157.47
967.53	153.82
978.44	148.94
989.36	146.5
1000.28	146.5
1019.69	150.16
1035.46	162.35
1043.95	172.1
1045.16	173.32
1045.16	173.32
1050.01	183.08
1057.29	197.71
1059.72	209.9
1058.5	219.65
1054.87	237.94
1047.59	264.76
1033.03	300.11
1028.18	331.81
1028.18	354.97
1028.18	373.26
1026.96	386.67
1025.75	389.11
1025.75	389.11
1025.75	392.76
1024.54	397.64
1022.11	401.3
1022.11	404.96
1022.11	404.96
1022.11	404.96
1022.11	404.96
1023.33	409.83
1033.03	424.46
1043.95	435.43
1054.87	445.19
1060.93	446.41
1067	446.41
1080.34	440.31
1091.26	434.21
1094.9	426.9
1088.83	417.15
1074.27	407.39
1042.73	395.2
978.44	376.92
898.38	358.63
826.81	347.66
781.93	340.34
733.41	336.69
664.26	335.47
609.67	337.9
557.51	339.12
504.14	337.9
462.89	333.03
438.63	329.37
430.14	326.93
427.72	326.93
425.29	326.93
416.8	328.15
407.09	329.37
394.96	329.37
381.62	330.59
367.06	333.03
365.85	333.03
365.85	333.03
382.83	335.47
428.93	335.47
513.84	335.47
621.8	336.69
704.29	339.12
744.32	336.69
777.08	333.03
814.68	331.81
845.01	330.59
853.5	330.59
858.35	330.59
866.84	331.81
877.76	333.03
882.61	333.03
882.61	333.03
882.61	333.03
880.19	333.03
877.76	333.03
877.76	334.25
876.55	334.25
869.27	336.69
847.43	336.69
800.12	339.12
735.83	345.22
703.08	350.1
677.6	352.53
653.34	352.53
636.36	351.31
621.8	351.31
607.25	351.31
591.48	351.31
582.99	351.31
582.99	351.31
582.99	351.31
582.99	351.31
582.99	351.31
582.99	351.31
582.99	351.31
