657.7	341.65
656.8	341.55
653	341.5
654.8	340.85
654.4	341.2
656.15	343.35
655.85	346.35
655.15	347.6
651	349.15
650.55	349.8
651.55	351
656.15	354.2
657.4	353.95
654.7	355.3
651.05	354.85
652.25	357.35
650.4	356.5
649.45	356.2
647.6	353.35
643	355.55
635.85	353.5
628.9	354.65
625.3	355.35
617.25	354.55
611.2	352.75
603.5	351.5
594.9	353.35
591.15	350.95
588.6	350.1
582	348.25
581.95	347.45
584.3	345.6
592.1	346
596.7	343.85
600.9	342.85
608.4	344.35
495.5	117.7
500.5	128.85
498.85	129.35
497.9	129.75
497.55	132.1
496.35	132.25
496.4	134.8
495.65	134
499.3	133.15
498.95	137.5
494.25	137.95
495.25	139.4
495.65	139.2
495.4	136.9
497.35	134.95
500.95	135.35
503.55	135.55
499.9	136.1
505.55	137.8
512.55	134.95
516.5	137.95
809.4	114.35
810.3	117.8
804.6	118.55
806.65	118.85
802.3	119.3
803.4	121.65
799.15	121.75
793.05	124.1
784.05	124.55
778.3	126
774	130.85
768.95	135.4
765.8	136.2
759.4	138.2
741.95	172.2
0	0
0	0
0	0
746.45	256.75
749	224.5
742.6	219.35
739.75	209.05
741.55	208.75
736.8	209.1
735.75	209.95
733.4	209.75
729.3	207
728.95	208.6
724.85	208.8
722.5	209.2
716.5	210.35
713.2	212.15
706.05	217.7
698.65	222.5
692.9	228.7
688.4	231.2
684.15	238.55
673.6	241.05
664.8	245.7
661.7	249.6
657.45	252.85
651.6	254.95
647.25	257.4
642.4	257.05
639.35	256.2
637.65	256.75
635.5	258.1
633.65	256.6
630.95	255
626.3	253.85
626.15	252.25
626.95	252.1
625.5	249.3
622.95	248.7
624.3	248
627.85	246.6
630.7	244.95
633.25	245.95
634.3	246.6
634.4	248.75
634.5	244.95
634.75	244.6
632.35	246
629.05	242.75
624.8	243.65
621.4	242.7
619.05	242.15
750.55	247.75
799.95	258.15
790.95	259.35
782.35	258.8
775.4	260.6
771.15	262.4
766.65	262.4
763.7	262.75
762.8	261.4
757.75	263.2
753.75	262.65
751.25	267.35
754.7	271.15
756.1	267.6
756.3	269.5
755.65	271.3
757.4	268.6
716.75	253.1
583.55	230.05
586.8	233.75
587	233.7
584.65	236.8
580.85	238.6
578.65	239.3
580.35	242
575.85	242.55
572.25	240.15
570	243.45
568.05	244.95
566.3	244.95
564.45	241.55
564.6	243.15
561.9	241.45
564.3	240.35
563.7	237.9
563.35	239.35
559.2	236.55
559.8	235.45
560.3	236.2
559.2	234.45
560.25	233.85
559.5	235.95
559	235.2
558.1	235.35
557.55	237.1
558.45	239.1
561.55	238.6
564.25	239.8
561.45	242.05
560.35	245.1
560.7	245
670.65	216.55
780.75	209.6
777.9	213.65
776.6	214.9
774.3	214.3
775.15	215.4
776.4	213.75
775.65	213.45
738.1	193.05
740.3	195.9
743.35	199.65
744.45	200.25
742.3	201
741.55	204.6
741	206
741.3	206.2
741.2	210.5
743.95	211.85
748.3	213.45
748.15	214.6
746.4	217.1
743.8	217.05
744.35	218.1
745.7	219.95
743.25	221.05
745.75	222.45
760.15	218.9
761.85	217.5
758.6	215.15
757.05	215.45
756.05	215.4
756.75	212.45
756.75	213.6
757.75	215.5
758.75	216.75
759.75	216.15
757.2	217.05
758.2	216.2
760.1	215.15
760.45	214.1
746.3	210.05
745.15	206.85
749.4	205.25
743.75	205.8
742.35	205.5
744.3	204.3
975.3	261.8
982.9	277.2
983.5	278.5
979.55	279.15
981.1	279.65
980.25	278.95
978.2	279.15
977.8	277.5
976.4	277.2
978.2	277
756.8	164.9
748.15	164
748.55	165.25
749.45	166.05
750.7	168.65
749.05	169.15
746.9	171.05
746.75	172.7
755.7	195.3
756.25	198.5
755.5	202.2
756.85	203.45
758.45	198.8
757.05	199
754.9	199.3
755.1	200.45
752.95	201.65
752.7	201.75
753.2	200.35
752.7	200.75
756.95	200
756.35	199.5
756	200.75
882.75	245.95
1010.1	327.6
1003.35	328.45
1000.25	326.85
998.4	325.5
999.2	324.05
998.7	322.75
998.75	324.85
997.85	324.3
998.05	325.8
998.45	326.6
991.85	319.25
899.75	199.75
899	193.45
900.75	195.6
900.6	194.1
900.2	194.5
901.9	195.35
902.8	198.1
898.95	199.2
899.45	199.9
902.2	200.2
0	0
766.9	156.35
769.15	160.65
764.85	158.85
0	0
765.5	158.9
764.4	157.25
756.8	182.75
757.65	183.15
756.25	179.65
751.1	180.35
743.05	183.3
737.45	182.55
735.8	183.75
737.65	189.35
737.6	189.9
738.65	195.8
705.4	207.8
480.3	319.25
468.25	327.5
472.75	334.7
472.45	334.55
468.95	340.4
468.05	347.85
470.5	352.3
469.3	351.15
639	335.4
636.65	339.4
633.15	340.3
632.05	339.4
631.8	340.55
631.75	343.75
630.25	338.45
625.9	336.6
627.6	336.75
626.7	337.35
621.85	338.5
623.5	335.9
626.75	337.25
625	337.9
622.25	336.25
622.65	333.55
621.7	334.1
620.7	334
621.55	330.05
621.4	328.3
620.6	327.5
620.55	326.05
622.05	319.1
624.7	316.55
622.85	318.1
625.55	315.55
625.3	314.75
621.7	313.15
623.25	314.6
620.4	315.4
619.6	314.05
617.4	311.7
622.9	309.6
618.85	308.7
618.4	307.9
619.9	306.1
623.2	305.6
619.7	309.35
620.15	309.4
709.25	277.25
753.5	261.45
752.25	262.05
752.2	260.85
752.35	262.15
750.85	262.35
752.7	263.05
752.15	264.7
751.2	262.8
704.7	265.95
704.1	275.3
700.15	274.2
699.25	274.8
697.65	274.5
698.7	273.9
702.3	274.2
701.6	275.45
700.3	273.2
700.25	273.6
699.1	272.1
698.05	273.1
696.25	271.6
695.25	272.05
693	271.9
692	273.85
691.95	272
692.55	272.75
693.7	272.55
692.45	271.25
691.5	274.5
873.8	194.75
891.05	176.2
887	178.5
884.85	181.4
889.55	184
891.3	186.15
890.6	187.55
888.7	186.85
888.6	187.9
887.55	189.75
886.55	187.8
885.4	188.7
880.45	189.55
879.6	189.65
881.1	190.8
881.5	189.75
883.4	187.85
823.65	187.7
418.65	213.1
433.45	217.1
436.4	219.45
436.2	218.25
436.95	219.25
415.7	239.5
332.05	327.75
331.45	329.35
336.25	328.55
336.35	325.1
338.45	324.5
336.35	323.3
341.75	319.1
345.4	315.9
350.1	313.4
350.4	313.75
355.85	312.35
361.7	310.1
365.6	310.45
367	310.85
364.4	309.4
365.8	309.25
413	221.6
415.2	224.55
415.65	228.8
418.15	229.3
421.75	229
426.85	229.75
431	232.7
433.05	234.7
434.9	236.8
435.5	236.45
434.85	238
432.65	239.15
429.75	240.75
428.8	244.4
424.95	247.8
428.95	245.85
419.2	246.05
412.75	249.3
473.9	264.4
486.6	276
483.4	276.95
479.6	278.35
478	279.5
475.6	279.65
476.2	280.5
473.1	279.85
462.85	279.7
460.3	282.3
460.45	284.5
458.55	285.3
456.15	285.15
668.1	290.25
733.35	312.8
729.95	316.15
725.45	315.1
725.7	311.7
726.65	310.5
727.25	310.9
725.95	312.9
725.35	314.35
724.95	316.9
726.95	318.15
726.7	319.7
711	307.7
666.45	238.35
667.75	235.7
667.55	235.75
665.25	237.3
664.4	237.75
666.25	239.2
665.2	238.8
664.95	238.75
0	0
0	0
706.7	354.5
704.85	355.5
0	0
704.3	356.95
704.2	354.4
703.05	354.05
700.45	357.7
701.1	361.5
701.1	366.05
611.55	320.35
0	0
0	0
0	0
585.6	339.4
585.1	341.1
582.75	343.05
580.4	342.45
578.95	348.45
576.9	351.8
577.4	352.65
577.45	353.5
578.05	353.4
573.9	351.95
574.25	349.8
572.95	346.7
573.5	346.05
570.4	339.65
573	340
571.55	340.5
572.4	341.65
573.35	338.25
571.6	335.65
571.25	335.85
568.9	339.35
569.65	339.75
569.05	339.3
569.9	336.25
572.3	332
533.3	605.5
526.75	636.55
527.55	641.6
528.7	636.6
528.7	632.75
526.4	630.35
526.75	628.75
527.8	629.75
528.45	628.9
527.9	627.2
505.9	596.95
504.25	566.85
505.9	565.7
505.85	566.3
506.75	565.4
504.65	565.45
505.4	563.75
507	560.7
507	562.35
504.4	565.4
501.6	565.75
505.45	565
506.65	566.15
506.85	567.55
506.2	566.05
503.25	566.6
502.05	565.25
503.25	564.65
502.9	564.2
502.5	564.7
505.75	566.3
506.2	565.15
508.2	560.6
541.5	518.55
543.1	511.55
542	514.15
539.5	513.3
540.85	514.8
539.6	517.9
537.8	518.35
535.5	509.3
0	0
0	0
0	0
0	0
0	0
0	0
483.35	532.4
490.25	519
494.05	512.4
498.2	509.1
499.05	508.65
500.95	505.75
505.05	504.25
503	505.15
484.75	352.55
484.2	359.95
485.5	358.1
486.45	358.9
486.8	362
489.9	364.65
510.75	365.6
1056	385.35
1039.65	386.8
1031.9	388.65
1031.35	388.55
1032	390.65
1032.05	393.45
1031.35	397.95
1033.85	398.55
1033.65	400.25
1032.95	401.05
1052.5	370.95
1055.35	358.3
1055.7	358.25
1052.2	360.6
1051.25	359.05
1055.2	358.1
1052.55	358.75
1051.65	355.1
1049.1	353.6
1046.25	353.1
1046.05	353.05
1043.1	354.9
1044.45	357.4
1044.65	357.55
738	347.05
741.8	351.6
741.9	355.15
740.3	353.5
734.8	354.75
736.05	355.45
732.9	363.25
608.65	360.95
602.95	359.4
604.55	354.85
601.35	358
593.8	353.3
588.55	354.75
588.6	351.9
583.9	349.4
578.05	347.4
579.35	344.3
576.85	338.8
567.8	328.4
762.45	274.5
803.9	282.25
798.6	281.75
794.15	282.15
793.6	286.4
792.6	287.9
793.05	283.4
789.15	286.75
793.05	285.4
793.1	287.4
793.55	285.6
793.15	278.05
791.95	274.7
790.55	271.6
793.1	277.4
794.3	281
797	279.3
791.45	272.9
792.45	272.1
795	268.3
800.15	267.1
798.2	265.7
800.5	262.25
801.75	256.45
802	247.4
803.25	245.75
808.05	247.5
806.9	240.8
804.6	241.25
804.95	238.1
801.95	237.35
801.55	236.05
798.8	234.85
797.8	234.45
796.35	238.4
796.4	239.9
794.5	240.35
793.75	241.9
791.75	243.25
791.3	239.7
787.4	236.05
791.5	239.15
792.85	241.75
790.9	244.65
791.35	241.45
790.8	236.55
785.35	236.7
789.5	234.45
791.4	235.3
787.8	240.95
790.5	238.9
786.8	235.4
787.6	178.85
785.8	176.45
786.8	176.4
787.4	176
788.05	175.3
788.6	177.8
787.35	178.35
784	176.55
784.6	177.8
784.7	179.85
785.3	176.8
782.3	178.85
786.85	179.3
787	183
782.45	180.3
781.95	177.9
894.9	250.9
886.65	259.75
884.9	258.6
886.85	259.1
884.3	258.05
873.45	251.65
847.75	232.35
848.1	230.25
849.2	233.35
844.3	229.6
845.7	228.8
746.1	330.4
746	333.5
748.15	336.3
747.2	336.1
748.9	339.75
749.8	342.4
752.1	343.75
750.55	344.4
750.95	347.3
748.75	352.1
747.4	356.9
746.2	358.15
746.6	356.35
746.7	358.5
747.05	361.6
744.6	363.05
744.45	361.1
745.25	364.6
743.8	365.4
744.9	367.5
744.55	368.5
746.4	370
743.7	371.45
744.55	369.3
742.55	368.85
740.9	370.25
740.35	372.15
740.3	372.85
738.75	373.2
739.25	373.6
736	372.65
735.4	371.8
731.2	372.05
729.5	368.3
728.2	363.1
729.5	359.85
727.6	360.7
727.1	360.1
727.45	356.75
727.25	359.7
737.2	377.65
737.15	375.2
734.15	374.4
735.15	373.25
732.7	371.25
738.95	378.35
737.25	372.95
732.45	370
733.5	377.8
733.4	377.1
729.95	369.85
729.6	372.9
723.9	382.75
722.55	372.3
683.45	304.75
679.4	300.6
684.05	304.5
683.65	304.5
681.25	306
674.8	303.9
676.95	303.4
678.85	310.5
677.8	311.9
672.6	323.5
669.2	322.45
665.9	316.25
668.35	319.2
669.5	324.05
663.55	320.95
663.6	318.25
660.8	313.5
661.85	313.85
663.3	323.1
663.8	315.35
661.15	316.6
660.5	317.95
667.15	325.4
668.3	330.45
659.85	319.45
667	329.15
666.35	331.5
665.75	332.05
665.55	333.35
662.75	328.1
662.65	327.9
659.5	327.8
663.3	330.85
659.9	326.3
736.75	353.3
735.9	356.2
736.7	355.25
739	350.1
737.75	354.2
737.75	353.9
734.35	357.45
738.95	356.6
734.45	348.3
736.2	355.6
739	353.15
736.5	233.7
733.9	233.5
731.95	231.25
730.25	230.55
732.05	231.4
733.7	231.55
736.3	237.15
733.05	234
730.25	237.25
729.05	237.7
731.2	236.7
728.55	236.85
729.2	236.7
732.6	234.55
733.5	234.55
689.15	236.9
687.55	241.55
687.75	242
685.35	241.05
684.8	238.2
681.55	238.2
684.5	235.95
684.2	234.55
683.25	233.4
682.15	231.1
684.3	231.65
679.55	230.2
683.2	229.8
685.65	240.25
0	0
0	0
0	0
0	0
0	0
0	0
676.3	299.95
677.2	256.9
684.6	242.15
683.5	231.85
675.95	230.9
679.2	233.45
681.8	233.55
679.85	233.7
677.4	233.85
677.75	234
678.2	235
677.65	234.65
676.45	235.1
676.8	234.7
673.6	234.05
675.55	236.45
671.7	239.05
673.9	241
668.35	241.85
667.1	244
664.15	244.65
663.05	246.05
662.45	250.5
660.5	255.1
660.8	256.2
661.2	256.6
655	255.5
654.85	258.55
652.7	257.55
654.8	258.6
651.95	260.8
650.45	263.2
650	256.85
653.3	261.6
829.95	197.9
893.25	202.25
889.65	198.5
890.95	201.65
889.8	206.3
887.45	214.1
901.75	227.2
926.3	239.7
931.15	249.95
927.55	251.65
923.9	248.8
922.45	249.9
927	248.95
920.65	247.95
921.85	252.35
923.25	256.85
925.6	257.25
925.3	255.35
919.2	258.55
919.35	258.9
916.45	257.7
916	260.8
918.1	259.35
915	258.3
915.05	259.25
916.95	261
918.9	263.4
919	267.25
871.6	268.2
693.1	283.1
685.35	278.5
686.45	280.95
687.95	281.45
686.95	280.15
689.95	281.5
690.5	280.15
686.95	283.05
687.35	288.35
686.75	282
686.85	271.85
689.95	282.8
682.5	274.6
685.35	278.3
682.8	277.15
684.05	278.5
687.15	280.35
687.5	283.8
673.35	447.3
672.7	455.1
667.95	458.2
678.4	456.8
674.25	458.15
671.8	451.3
669.3	447.45
665.5	454.05
669.65	459.15
673.5	460.85
664.25	454.15
625.4	472.85
535.4	517.6
536.9	519.95
535.45	519.55
533.8	519.85
537.65	520
532.2	519.15
528.35	525.9
532.15	526.85
529.35	531.15
531.6	532.3
527.4	537.1
525.85	538.65
525.95	540.15
528.1	547.7
527.3	551
904.4	463.1
1008.45	478.75
1001.8	483.9
1001.85	478.7
997.45	481.35
998.25	479.05
1034.7	496.25
1080.8	504.65
1076.95	502.25
1077.15	501.15
1078.55	505.95
1079.95	508.2
1081.55	505.65
1077.4	504.75
1080.55	504.95
1078.2	503.85
1077.85	507.3
1076.6	503.4
1074.65	503.7
1076.45	502.35
1074.05	498.85
1073.75	501.7
1074.25	504.5
1073.15	504.1
1070.6	501.6
1071.35	498.3
1069.55	499.25
1073.7	503.05
1077.4	502.85
1079.2	501.5
1077.35	498.9
1072.4	492
1073.75	492.55
1080.65	495.1
1077.65	494.05
1079.15	487.6
1075.65	488.2
1072.45	488.1
935.4	429.5
813.4	389.4
814.4	389.75
810.5	390.25
810.05	385.6
810.4	387.45
810.05	392.8
813	394.85
811.9	387.65
697.2	285.65
484.65	165.1
472.25	167.9
460.9	172.45
458.75	176.9
458.75	178.65
457.65	183.5
456.55	188.05
460.85	195.15
463.75	203.4
466.4	202.65
618.25	259.35
762.8	318.05
760.75	325.75
756.9	328.2
751.75	331.25
748.25	332.8
745.1	334.5
741.05	333.35
736.3	327.45
733.5	331.35
727.55	333.55
724.15	334.55
719.75	338.2
713.55	339.6
713.05	336.5
711.6	336.6
711.5	338.75
711.05	338.45
712.8	334.8
712.6	331.6
713.55	327.95
716	326.05
721.1	322.85
718.6	322.55
718.7	317
721.55	309.55
717.65	304.75
716.35	303.9
718	305.1
711.6	306.25
707	307.85
704.75	309.95
703.9	310.8
703.4	312.8
700.8	314.55
697.8	312.7
693.5	312
692.55	312.4
691.7	309.75
696	305.1
696.1	303.65
694.8	306.5
692.3	305.15
695.65	303.9
693.8	302.35
690.9	303.45
691.1	302.75
691.2	303
690.35	301.85
690.6	302.1
689	300.35
683.1	310.3
632	671.95
0	0
0	0
0	0
0	0
0	0
694.4	391.85
698.55	332.2
701.5	309.5
698.1	301.9
696.15	304.6
700.55	296
698.55	292.7
698.3	288.4
697.2	289.75
694.25	290.8
891.45	346.15
1039.25	426.55
1035.75	433.4
1035.9	431.2
1036.45	436.75
1033.1	438.9
1070.1	439.4
1076.2	445.2
1075.25	449.6
1074.95	454.35
1074.3	463.65
1069.85	458.1
1069.15	457.95
1070.65	456.7
1066.55	463.9
1066.25	464.2
1068.3	464.4
1067.75	469.5
1068.35	468.45
1070	473.85
1064.8	477.55
1065.05	480.5
1064.65	481.95
1066.3	478.95
1070.9	475.9
1069.55	475.3
1069.9	473.05
1069.8	479.7
1074.4	450.85
1072.1	454.05
1071.5	456.45
1073	459
1073.75	457.2
1079	458.25
1078.8	457.5
1079.8	458.75
1081.15	459.9
1080.65	460.55
1081.2	456.4
1080.65	458.55
1077.9	459.1
1077.8	458.35
1080.5	459.4
1077.5	458.65
1076.6	460.8
1076.6	461.1
1075.1	459.65
1074.8	457.25
1075.1	462.25
1073.95	460.8
1071.25	463.4
955.05	473.85
499.3	562.85
501.1	561.2
499.4	561.55
500.9	562.35
501.95	564.4
504.35	564.85
507.05	565.7
507.7	567.6
510.05	562
509.15	560.75
509.85	561
947.3	420.65
1093.25	437.1
1087.95	443.95
1084.05	445.65
1085.4	449.2
1082.65	448.9
1084.25	449.25
1083.05	450.9
1084.25	450.5
1088.95	446.15
1088.35	445
1089.6	446.55
1089.95	445.75
1090.2	446.3
1088.3	444.3
1087.6	444.8
1086.85	445.2
1085.85	444.55
1084.25	446.55
1083.65	444.6
1086.4	441.7
1088	439.75
1084.75	441.5
1087.05	440.7
1086.65	442.25
1090.75	440.05
1090.7	440.1
1089.65	442.95
1087.1	444.5
1084.8	447.15
1084.8	447.05
1085.05	445.7
1085.85	442.25
1085.45	442.1
1086.2	446.75
1072.3	442.3
950	403.5
953.05	408
957.3	407.15
951.9	410.7
1092.8	458.45
1085.95	461.15
1085.5	462.8
1085.8	461.95
1087.7	461.4
1086.6	457.45
1084.65	454.9
1086.35	453.05
1088.5	453.55
1089.3	452.1
1088.8	454.25
1086.7	417.55
1085.5	420.65
1087.9	418.05
1086.35	421.45
1085.8	420.6
1086.2	419.5
1087.5	417.7
1085.9	417.2
1086.85	415.05
1085.2	416
1083.85	416.8
1083.2	419.3
1081	419.55
1080	421.15
1077.9	423.8
1079.7	427.15
1079	430
1077.75	428.5
1076.55	428.25
1073.85	430.85
1077.4	428.75
1073.65	431.7
775.2	477.05
488.75	544.85
485.05	554.35
487	553.5
488.9	554.6
487.9	556.4
488.3	554.8
486.45	552.7
486.6	555.1
486.65	555.25
486.3	555.7
485.75	556.9
484.5	556.45
488.1	558.2
490.35	560.15
884.6	363.9
1053.55	398
1046.05	403.3
1045.55	404.05
1043.4	406.75
1043.65	409.45
1082.35	419.5
1084.25	422.55
1082.95	420.15
1083.45	421.5
1081.3	420.35
1081.1	418.95
1082.9	416.15
1083.5	414.9
1082.9	415.2
1083.3	414.55
1083.15	414.15
1083.45	415.15
1081.4	414.6
1081.8	415.35
1084.2	416.15
1082.7	414.95
1082.15	414.4
1086.7	412.45
1085.15	411.8
1084.25	413.4
1084.9	414.4
1087.3	413.5
1087.1	414.1
1089.3	411.65
1089.6	407.55
1088.8	408.65
1090.05	409.05
1088.45	408.4
1089.75	407
1090.85	407.7
1089.2	406.5
1089.65	403.3
923.25	431.45
674.45	540.65
673.8	538.55
675.45	532.35
673.15	532.4
677.1	530.4
673.4	530.8
677.9	534.05
675.45	529.7
850.65	440.7
1101.05	359.1
1100.1	362.4
1099.1	361.65
1094.1	363.55
1094.15	367.45
1092	368.85
1093.3	370.85
1093.95	369.15
1092.95	371.85
1092.65	374.9
1073.2	383.8
1078.5	387.5
1081.85	388.25
1079.9	391.2
1078.55	392.4
1080.2	389.55
1082.7	386.15
1081.8	388.9
1077.95	390.1
1075.7	393.25
1073.4	392.1
1073.25	393.05
1073.4	390.8
1074.85	390.65
1075.3	389.3
1077.4	385.35
1073.8	387.95
1074	392.2
1072.7	387.5
1074.25	384.45
1073.25	381.1
1072.65	383.5
1070.95	380.6
1072.45	383.7
1068.9	386.8
1070.05	388.6
1068.9	391.6
1069.1	388.95
1071.15	390.9
1071.45	390.1
1079.75	378
1076	376.75
1077.35	375.3
1077.95	375.05
1075.8	376.9
1077.55	376
1075.8	375.3
1075.7	375.45
1075.3	374.95
1077.85	374.85
1078.8	375.65
1077.65	377.6
1076.05	379.75
1075.3	380.35
1076.45	381.2
1074.25	381.15
1074.2	383.75
1074.5	382.5
914.05	234.85
863.05	228.4
858.65	236
860.9	243.4
863.6	248.05
859.6	249.05
857.65	247.85
855.3	248.1
853.65	248.4
853.55	249.25
853.35	247.45
852.4	250.65
850.2	249.8
846.9	250.05
838.1	248.95
833.3	250.75
832.65	252.15
833.5	251.65
803.55	255.85
441.55	356.5
449.85	361.95
446.9	364.3
446.15	363.25
447.8	367.05
449	367.4
457.95	367.45
726.9	298.3
732	295.9
725.25	294.15
723.4	295.75
716.6	295.8
711.1	301.45
706.35	302.05
704.95	300.7
699.65	301.35
695.9	305.2
692.1	313.25
687.8	314.35
688.45	312.75
689.15	314.45
686.4	314.9
684.9	314.5
682.9	316.15
684.45	315.35
436.45	325.3
444.85	324.1
453	326.75
453.5	327.05
454.7	323.45
454.4	319.1
455.15	318.45
454.2	306.8
0	0
0	0
0	0
0	0
0	0
648.35	264.05
647.05	269.6
648.05	273.55
646.25	273.2
646.9	272.3
645.05	271.8
643.05	273.25
643.6	270.15
646.55	268.7
647.05	265.5
645	265.15
639.3	267.85
640.25	269.25
639.45	269.35
642.75	267.15
640.35	267.35
642.9	269.3
1031.5	353.25
1079.35	391.75
1074.9	390.45
1068.45	388.05
1066.8	389.15
1067.35	390.9
1069.8	392.35
1067.15	397.8
1065.35	398.3
1065.35	398.6
1065.15	402.8
1061.95	406.6
1061.6	406.6
1066.15	402.3
1072.5	375.25
1069.15	357.6
1068.75	357.9
1065.8	356.5
1064.4	357.6
1061.6	356.95
1061.05	358.45
1066.4	360.1
1062.5	359.15
1061.7	359.9
1060.6	360.45
1060.65	359.7
1060.4	359.1
1061.5	357.95
1062	355.9
1059.8	354.25
1060.3	356.55
1062.65	355.55
1062.65	351.05
1059.95	351.65
1059.5	351.55
1058.65	349.15
1057.8	350.5
1060.65	349.95
1061	350.65
1061.35	352.55
1059.65	353.85
1056.75	356.15
1058.95	352.4
1059.6	351
1059.5	352.3
1060.55	351.95
1058.7	353.45
1058	354
1059.1	354.15
1060.25	355.75
1063.8	354
1059.85	353.6
1063.25	349.7
1051.95	579.1
0	0
0	0
0	0
0	0
0	0
1041.85	375.55
1044.25	325.25
1041.2	304.3
1042.5	304.8
1080.2	324.3
1082.35	330.35
1084.55	330.65
1083.25	330.2
1081.15	330.5
1079.2	330.35
1078.25	328.9
1077.95	329.1
1077.1	328
1073.45	329.75
1072.35	336.1
1072.1	335.85
1075.1	335.85
1072.05	339.05
1067.9	343.15
1069.45	340.3
1067.9	339.95
1069.35	338.5
1070.4	337.75
1068.35	330.95
1065.35	329.8
1064.8	326.25
938.9	380.5
937.95	378.85
935.7	378.45
934.65	377.95
932.75	375.65
931.05	369.35
929.15	365.3
930.05	366.2
929.55	369.35
930.8	367.55
929.6	365.7
930.75	365.6
918.7	341.05
919.95	333.3
921.6	328.65
918.1	328.35
917.8	324.2
919.55	321.45
921.1	317.65
920.55	316
920.75	312.5
921.55	310.2
919.9	306.15
921.45	309.65
925.1	309.3
924.4	306.75
922.8	305.65
921.65	306.7
924.45	301.45
926.7	300.7
923	301.95
926.1	300.05
926.5	300.9
925.65	299.9
923.9	300.15
921.3	303.15
921.5	302.45
922	305.2
922.1	304.9
918.35	304.75
916.8	303.6
914.6	301.65
912.65	302.25
912.05	301.95
913.25	299.85
910.7	298.15
909.9	299.25
908.7	300.15
910.4	300.5
906.55	299.9
906.65	301.9
903.6	300.75
902.15	300.3
902.5	302.9
904	302.15
903.6	305.2
900.95	306.4
901.55	305.35
901.85	308.3
901.85	306.2
900.5	305.15
899.5	305.85
900.5	308.65
900.35	310.65
898.65	310.2
897.25	311.4
895.1	310.65
894.1	308.35
895.25	307.5
893.45	306.45
890.75	304.5
889.05	302.5
888.3	304.4
888.35	303.5
889.05	303.55
888.45	303.1
889.4	301.15
888.75	300
887.9	302.85
888.55	301.65
887.35	302
849.05	293.55
760.75	320.9
764.65	319.45
762.85	318.2
762.55	319.25
760.55	321.5
759.8	318.35
761.55	321.6
762.1	320.65
760.75	322.2
757.6	323.4
754.5	324.4
757.4	323
755.8	320.8
716.5	222.4
707.7	222.3
708.25	220.15
707.05	219.6
704	219.6
701.5	224.2
704.55	221.5
703.7	222.35
704.55	224.15
726.75	254.5
728.75	257.1
729.1	257.15
730.85	257.9
730.1	259.25
734.25	261.4
737.3	261.6
738.8	263.45
739.05	263.5
739.25	264.8
737.5	261.75
733.75	263.1
734.75	262
750.45	332.8
749.3	355.55
746.4	356.65
745.75	357.35
745.85	358.05
745.4	360.15
745	357
744.45	358.65
748.2	358.25
747.55	358.55
745.55	360.1
743.85	362.35
742.1	362.65
741.3	364.15
741.6	363.75
745.15	360.9
745.8	360.95
742.7	361.55
737.45	366.15
741.2	365.25
702.75	366.15
262.4	451.1
234.35	472.9
238.95	475.75
231.75	476.1
231	482.25
205.9	533.15
207.8	539.15
207.2	539.75
207	541.4
204.2	538.9
203.25	536.2
204.25	535.35
206.9	533.35
203.8	530.8
328.75	460.9
709.3	308.95
710.25	320.55
711.25	320.1
716.7	320.5
716.7	321.15
719.55	322.05
718.5	325.15
717.75	325.7
717.45	325.95
718.65	326.3
716.15	326.3
715.2	332.75
712.25	336.65
710.5	338
711.15	339.9
708.4	347.35
709.2	363.3
706.75	370.9
763.65	378
772.5	393.7
768.05	401.85
759.45	402.15
752.05	397.1
752.7	398.15
750.35	394.9
754.25	399.5
752.35	402.6
748.5	401.25
747.1	403.45
682.45	473.55
677.75	480.15
673.95	487.2
666.85	490.5
664.65	494.9
663.7	497.2
657.75	503
651.7	510.75
644.55	516.1
638.8	517.2
632.3	524.3
627.6	526.9
622.5	530.3
615	530.5
615.8	527.25
610.05	527.4
603.05	523.5
596.7	516.8
593.5	511.7
591	513.1
588.2	506.6
582.95	503.5
579.35	503.5
574.8	499.55
571.1	498.45
568.05	496.2
564.75	494.7
564.35	496.65
566	491.05
566.15	487.65
566.1	486.6
563.5	484.45
694.65	324.3
750.8	233.6
747.4	233.8
744.85	241.9
745.9	241.95
738	249
729.95	256.95
728	261.35
594.8	283.95
257.85	405.55
255.95	417.15
255.55	432.75
253.55	435.9
254.35	440.1
257.7	444.65
263.8	452.4
262.8	453.75
262.55	454.8
258.85	455.05
278.65	448.05
792.7	300.15
787.5	304.7
786.6	310.05
782.35	309.6
777.6	309.5
774.55	311.3
771.3	312.4
770.2	316.7
770.3	318.1
767.15	319.05
771.95	320.25
771.05	317.35
767.6	317.85
760.2	317.65
760.55	322.65
764.4	323.15
767.1	318.55
770.2	317.2
766.15	314.85
766.15	308.65
763.2	308.65
758.5	309.15
870.45	300.6
868.55	313.7
864	320.15
861.65	320.95
861	320.65
857.4	315.35
853.4	305
850.8	295.2
849.2	289.05
849.9	290.45
847.85	287.85
848	286.75
852.8	290.4
853.75	291
670.3	284.1
572.95	321.05
578.35	321.5
597	327.4
606.1	336.55
620.75	341.25
625.6	342.4
628.15	343.15
628	347.35
628.75	347.6
628.85	348.3
628.5	346.65
626.05	346.05
627.6	346.15
625.1	343.35
848.25	259.25
852.5	258.25
840.85	253.5
833.6	258.45
833.4	264.4
827.5	272.4
828.9	276.45
830.05	275.1
831.25	272.5
827	273
823.45	273.75
824.05	274.65
823.35	273.5
725.85	354.1
598.75	530.55
603.4	537.7
611.35	534.5
612.95	534.15
615.8	525.95
623.5	519.4
630.4	516.35
633.75	512.2
640.7	510.75
658.7	503.75
667.85	494.75
671.05	491.95
674.15	482.55
680.1	479.35
680.45	478.5
682.4	476.05
680.5	471.3
682.95	473.45
683	284.5
685.3	276.45
682.85	267.7
679.4	264.8
681.05	262.8
684.45	264.35
685.6	261.8
925.15	207.3
1016.7	207.55
1006.25	205.7
1002.25	203.7
1003.9	202.5
996.3	208.75
993.7	212.25
998.05	216.7
997.95	219.5
993.8	226.05
992.9	225.75
990.8	228.85
993.45	235.3
992.75	235.4
990.15	234.3
984.6	238.65
982.85	237.25
978.25	240.2
974.6	248.45
971.7	255
967.6	260.7
963.85	265.85
957.85	268.9
947.35	271.5
936.55	268.95
922.1	268.75
921.4	270.65
916	270.85
892.8	273.1
648	468.3
645.7	464.35
645.35	459.85
645.15	457.75
645.7	454.85
645.3	454.9
643.75	453.6
644.45	451.65
643.35	449.15
643.3	448.8
638.45	448.5
541.75	401.65
517.8	385.65
517.75	381.45
523.45	381.75
527.4	380.15
530.35	378.1
528.4	373.45
687.7	396.75
794.75	423.65
792.9	425.85
790.6	424.95
782.75	426
777.05	421.75
776.75	420.85
774.2	421.15
770.5	424.95
773.2	427.35
773.85	425.15
787.25	242.6
788.6	242.95
784.85	246.2
782.85	254.3
779.5	255.95
777.95	255.85
778.75	255.3
774.75	258.05
771.45	260.3
772.05	258.1
772.65	263.95
772.3	272.3
770.2	275.15
761.35	266.45
0	0
0	0
0	0
0	0
0	0
509.75	363.75
522.9	352.9
527.05	344.7
533.5	334.2
535.8	334.2
540.9	332.7
540.3	326.95
544.9	320.75
629.5	296.3
629.3	296.45
626.3	288.75
625.1	283.2
627.35	281.1
629.35	276.95
628.7	276.5
631.3	276.1
637.7	275.4
646.4	277.8
463	315.95
482.55	319.9
494.1	320.55
507.05	325.5
531.75	334.65
550.2	341.4
577.2	347.55
596.45	354.9
615.25	359.5
642.2	365.05
653.35	365.75
661.55	365.1
675.5	365.8
684.55	366.7
683.75	364.65
682.5	366.65
678.35	370.5
675.45	371.05
664.75	366.55
649.7	366.6
645.05	367.6
644.15	367.65
644.75	365.3
733.2	368.95
729.25	372.15
732.4	373.2
732.35	372.15
729.15	367.25
726.15	364.8
728.2	363.85
729.65	364.6
728.1	363.4
727.15	365.45
729.8	366.85
733.25	369.3
738.6	373.35
632.8	232.7
630.85	230.95
640	240.35
643.95	246.05
650.1	255.1
649.65	261
650.15	262.85
655.4	268.55
660.9	267
663.65	268.65
665.3	269.2
667.8	271.25
672.95	276.95
680.6	276.65
687.75	275.9
690.9	274.35
694.85	273.75
696.65	273.3
702.1	272.1
704.05	271.35
703.25	273
705.15	271.9
706.45	272.5
708.65	276.4
711.75	272.45
711	271.8
711.9	271
709.85	272.7
705.2	275.2
704	273.1
703.35	271.3
705.25	273.55
707.5	275.4
702.05	270.6
700.7	269.9
699.95	270.1
698.5	266.8
697.85	266.3
699.15	267.15
697.55	264.05
697.1	263.15
696.9	261.65
696.15	263.75
698.2	259.35
593.05	193.3
590.1	194
594.25	194.55
593.35	195.95
593.3	196.7
593.75	197.95
593.35	199.6
591.5	201.3
592.1	202.35
451.5	252.05
239	399.05
235.9	400.05
239.5	397.3
239.45	397.75
239.15	396.8
235.9	396.6
237.2	389.5
237.5	389.1
231	389.45
534.85	231.7
651.05	220.6
645.9	222.9
647.1	224.55
649.85	227.25
644.6	226.9
645.45	225.95
645.1	226.1
586.45	195.25
586.3	191.3
586.45	191.25
588.65	192.4
587.7	193.15
590.6	201.65
596.2	210.55
606.55	207
681.75	337.15
688.8	410.05
691.2	421
688.4	428.4
688.8	427.85
681.45	425.6
678.1	428.6
679.55	439.35
675.25	443.35
676.2	446.1
674.55	447.45
674.3	444.85
673.55	441.05
671.15	439.25
668.8	440.65
666.55	440.8
666.35	437.1
665.5	435.35
663.8	432.55
660.75	426.5
664.55	425.6
666.3	421.85
666.65	422.3
663.35	422.2
663.3	420
662.35	418.7
661.85	417
659.3	416.45
658.3	413.9
655.05	416.1
650.8	416.25
664	403.75
727.55	302
722.8	303.15
722.95	302.75
722	303.55
720.15	306
720.2	303.45
628	216.3
626.1	211.65
625.85	212.6
625	214.25
651.25	219.45
712.3	231.5
711.45	233.2
710.7	235
712.1	235.85
711.5	234.5
710.65	235.1
707.85	236.7
707.35	238.35
708	239.4
707.5	241.75
700.95	240.65
699.15	241.4
697.35	241.6
763.25	253.75
759.7	256.05
760.8	256.2
760.25	256.65
758.95	259
714.45	252.85
710.2	260.85
711.6	261.65
713.3	262.8
713.05	262.15
712.8	262.35
711.15	261.25
712.95	257.5
715.65	255.85
714.2	253.25
714.7	250.6
717.1	252.95
714.7	253.8
714.7	252.8
719.1	252.2
646.45	148.6
645.4	152.55
647.4	150.75
644.15	155.8
644.75	154.85
646.9	156.2
548.95	215.55
341	381.6
0	0
0	0
0	0
0	0
0	0
458.55	247.85
458.15	249.1
459.05	248.55
456.85	246.85
457.25	245.6
455.8	246.95
452.9	249.75
572.7	280.15
711.25	336.95
707.95	336.85
710.4	331.7
708.2	327.35
708.25	327.05
707.45	326.65
701.6	326.8
700.3	328.95
703.6	332
702.25	333.45
700.3	335.65
701	333.6
705.1	330.65
702.8	330.35
702.3	330.6
702.65	330.5
699.4	333.25
700.05	337.85
782.3	366.15
776.8	364.35
776.05	367.75
776.95	366.6
687.75	355.25
277.45	379
276.65	381.1
279.95	386.9
279.3	391.05
281.7	394.3
492.65	369.15
761.85	391.2
756.75	397.3
750.85	399.75
752.75	398.1
752.35	396.15
753.05	395.9
753.5	395.35
753.35	394.7
752.25	395
750.95	393.55
751.3	394.85
751.4	395.4
751.5	396.1
751.9	392.15
753.25	392.15
750.5	253
754.75	254.7
753.25	259.7
752.6	259.35
751.3	262.5
752.1	264.15
752.9	265.7
753.4	269.05
753.05	268.3
754	270.95
425.15	268.8
274.35	317.4
278.35	313.55
278.4	311.95
278.6	310.9
279.45	311.9
279.7	312.9
281.5	314.8
281	313.05
281.95	315.5
525.8	302.9
611.15	302.45
608.05	312.6
609.75	309.1
608.85	309.15
609.35	309.95
610.8	312.9
607.65	317.3
607.5	315.45
609	312.25
612.45	309.25
669.95	207.9
719.75	141.6
724.55	140.75
722.8	141.55
728.15	139.95
728.95	138
733.45	145.4
732.1	160.55
731.45	174.1
732.95	185.15
733.3	193.15
733.6	203.1
735.1	205.05
734.3	206.3
736.4	206.35
735.9	208.45
735.25	208.8
732.15	204.5
734.7	204.2
732.8	208.95
734.75	209.55
732	212
730	213.75
634.8	236.6
627.65	264.85
632.75	269.55
640.1	266.9
644.15	262.85
644.35	259.2
645.3	261.2
638.45	271.4
635.55	277.3
636.75	275.95
635.8	273.4
632.55	268.35
627.15	266.5
629.85	261.85
637.8	261
644.8	257.75
653.3	255
668	256.4
681.55	256.1
689.95	254.9
718.95	251.65
726.9	252.15
749.25	248.55
764	248.4
776.1	241.25
0	0
788.15	247.6
796.4	252
799.85	256.1
799.45	256.35
798.2	258.9
796.9	260.7
798.95	263.95
804.15	265.6
808.15	261.65
659.9	299.5
650.35	313.9
660.4	320.7
673.6	327.5
676.8	327.95
679.1	328.75
679.9	331.4
681	337.85
682.5	341.5
684.7	341.65
683.7	342.75
685.2	350.8
687.4	355.5
695.1	366
699.5	366.1
701.05	364.7
704.65	371.55
704.55	373.55
704.8	371.9
662.25	333.25
557.2	231.7
559.95	235.9
563.95	237.7
567.25	244.55
566.4	252.9
568.2	254.65
690.1	303.05
687.25	304.75
682.1	306.95
679.3	308.35
677.55	312.7
674.8	316.15
674.75	318.85
678.75	318.25
676.35	322
676.95	320.75
677.9	317.65
684.3	311.2
686.7	303.8
684.95	308.2
682.8	306.95
681.2	305.95
681.1	308.35
675.85	314.85
677.5	322.3
676.85	323.8
679.85	326.95
678.25	330.15
676.9	336.2
677	335.3
678.25	338.05
677.9	340.5
677.5	343.55
677.05	346.6
676.75	346.2
677.65	344.6
799.1	282.85
1037.85	187.85
1029.9	198.95
1026.2	196.1
1025.65	197.3
1019.8	202.1
898.5	212.3
532.35	374.15
536.65	378.8
537.35	382.25
536.65	383.2
539.2	376
532.2	370.9
529.5	369.15
529.8	364.15
523.15	357.75
512.1	348.15
506.5	348.55
500.95	348.95
604	252.4
611.2	251.55
610.2	264.75
612.75	272.2
618.45	278.3
613.5	283.85
612.4	291.05
610.8	294.3
605.55	293.4
606.7	296.5
609	299.15
612.75	302.9
612.65	312.35
614.4	317.05
613.95	315.1
609.6	312.45
612.75	312.75
625.5	308.55
636.2	309.6
637.1	311.3
637.5	312.9
641.55	313.75
643.75	321.6
646.8	327.55
646.6	329.85
647.15	331.35
646.65	331.6
643.65	331.65
641.25	329.5
642.65	329.8
643.45	331.45
641.7	333.35
636.95	335.55
632.6	338.6
632.1	339.1
626.45	340
618.5	337.55
608.65	337.6
598.45	338.25
592.4	336.05
586.2	335.5
578.95	337.35
571.8	336.65
564.55	338.1
563.3	336.3
561.95	341.1
557.75	342.85
556.65	349.9
555.7	351.85
555.5	354.25
552.25	358.05
550.5	362.45
548.8	364.3
547.05	372.6
545.25	381.2
542.1	387.2
536.8	389.25
532.8	388.3
530.9	391.35
528.45	392.45
526.5	393.55
524.8	395.3
525.8	394.55
525.2	395.1
524.95	396.5
521.2	395.95
520.05	396.85
522.05	401.4
522.05	402.05
523.9	399.85
522.25	399.25
527.85	393.6
535.65	388.4
548.85	375.75
554.95	368.9
559.05	364.5
562.6	352.75
574.3	335.9
582.1	325.75
590.65	318.15
600.2	313.5
608.9	308.2
610.85	306.65
613.3	301.55
617.8	297.25
621.75	293.9
639.45	226.35
644.95	227.95
650.15	235.9
653.25	240.5
658.95	244.3
663.4	242.1
669.3	237.4
672.25	233.15
671.35	231.1
674.4	221.65
674.6	217.05
683.7	188.7
682.75	187.8
679.4	187.45
681.55	191.2
683.3	196.25
683.15	202.8
679.7	197.85
678.15	195.3
676.65	194.5
676.4	195.3
672.55	197.25
608.6	374.5
602.9	386.95
598.95	394.35
599.5	401.3
592.55	412.4
596.9	409.3
598.75	404.75
623.45	262.6
620.9	268.65
622.55	266.2
622.7	268.5
618.25	269.95
617.4	269.05
618.95	266.25
610.85	267.9
606.25	270.65
602.75	277.75
600.9	280.45
596.65	283.7
589.25	286.25
581.25	282.55
580.7	287.05
581.2	288
578.65	288
579.75	288.95
576.95	284.85
575.85	285.85
621.35	286.2
810.95	288.65
817.55	289.4
826.85	287.85
828.55	286.55
835.55	290.35
840.3	290.7
841.9	290.3
843.55	289.15
844.5	289.65
844.8	286.35
868.95	277.05
865.6	273.6
860.6	273.95
763.85	211.45
599.5	156.7
585.5	159.4
582.6	161.55
572.65	170.75
563.95	172.7
547.8	177.15
532.9	183.85
517.75	195
515.4	199.25
511.45	202.85
786.6	315.95
777.05	318.15
776.6	316.8
777.95	313.2
776.85	312.55
775.95	313.95
774.1	315.4
770.95	317.1
768.15	317
765.9	317.85
763.8	318.7
760.7	319.4
758.5	319.2
759.05	322.15
756.35	323.2
748.5	326.65
742.2	328
739.15	332.1
731.45	329.9
724.95	329.5
717.05	326.3
714.65	325.05
714.4	325.6
787.1	214.9
787.7	209.65
786.3	212.2
784.2	211.95
787.1	212.2
786.5	215.6
804.05	499.25
800.05	501.35
804.6	497.7
804.8	495.25
803.5	498.55
803.75	499.75
808.35	498.55
808.35	500.4
808.5	515.5
803.15	517.4
801.75	528.65
798.25	541.15
796.1	551.55
794.05	548.45
760.55	469.85
676.85	187.45
672.6	187.1
671.95	189.8
667.5	189.8
665.4	191.25
665.95	191.95
663.5	193.25
660.7	195
658.85	194.75
662.4	201.25
661.45	202.45
658.25	204.6
660.7	213.4
667.6	222.6
673.15	228.5
677.3	235.75
686.3	242.4
688.55	241.9
696	252.85
701.9	257.85
705.85	259.75
716.55	264
725.25	267.45
743	277.6
748.25	283.1
753.95	284.1
764.65	289
776.8	294.95
779.4	293.35
781.25	294.2
786.4	295.8
787.85	298.7
788.65	303.65
793.2	299.7
788.85	301.5
787.55	299.15
786.6	299.45
787.95	302.9
786.4	302.75
785.05	303.6
785.15	303.15
784.55	303.45
784.55	303.65
784.35	305.3
785.2	306.25
786	307.2
789.95	307.6
792.85	309.2
791.2	306.6
790.4	306.15
789.9	304.85
791.6	304.35
792.1	306
799.45	312.55
799.3	319.4
801.65	320.9
717.65	284.35
462.55	228.4
467.75	235
471.1	242.7
471.45	250.15
479	252.9
483.8	253.3
481.9	251.7
485.7	252
489.85	250.75
498.65	249.6
506.3	249.65
512.2	253.65
508.5	253.1
516.95	248.7
520.3	243.7
527.65	248.75
565	267.7
681.1	322.45
688.05	325.8
691.8	322.4
696.9	323.55
700.55	326.9
705.05	330.75
0	0
0	0
0	0
0	0
0	0
595	374.2
600.85	358
606.75	358.7
617.05	359.1
622.9	361.2
626.35	368.7
643.2	371.25
653.15	368.8
655.8	367.75
663.35	366.85
664.1	367.5
659.5	379.55
653.75	381.9
651.15	381.45
654.2	377.6
654.2	367.5
929.45	378.25
942.35	377.85
935.25	379.45
928	381.2
921.6	379.35
909.45	367.4
910.2	359.65
1016.15	261
1017.65	267.45
1018.9	271.65
1020.7	289.4
1021.8	301
1016.7	301.95
1011.95	298.1
1009.5	296.5
935.65	289.85
489	363.3
488.4	366.95
491.4	369.6
490.55	373.7
488.95	371.3
495	366.55
493.95	368.15
497.9	366.05
496.2	362.55
502.1	368.75
502.5	368.45
508.65	368.6
515.95	361.7
519.25	355.95
525.05	354.7
529.1	352.25
531.7	353.05
531.3	354.65
547.9	350.85
561.15	357.8
837.05	430.15
841.5	442.6
846.35	441.7
857.15	439.6
868.4	438.05
878.6	436.95
876.5	439.3
876.5	430.45
879.75	429.1
601.6	378.15
589.35	380.25
582.05	382.2
578.05	381.55
575.95	376.55
577.5	377.35
581.5	383.45
579.25	380.65
581.25	378.7
585.7	381.35
594.2	384
595.75	385.4
595.95	386.85
598.6	389.6
598.65	386.85
597.7	383.75
597.2	380
594.5	377
593.9	376.1
594.75	373.1
596.05	371.65
595.55	367
595.55	365.35
674.75	254.5
671.5	242.2
671.1	229.9
668.5	220.5
665.5	217.4
661	217.85
654.15	224.2
655.3	227.45
655.3	227.9
652.4	229.25
651.8	230
660	230.85
671.45	227
667.8	218.9
664.85	216.25
664.45	218.3
667.9	220.75
670.75	222.6
662.95	220.85
605.4	231.95
599.9	237.2
598.1	240.65
596.35	240.8
597.1	241
595.4	242.65
595.8	244
598.3	246.8
599.85	248.85
596.25	251.3
593.7	252.95
593.3	257.5
596	263.45
593.95	271.2
594.1	273.1
596.15	275.45
599.15	277.65
599.75	281.95
619	296.9
749.35	350.9
748.45	351.75
748.15	350.5
748.45	352.3
745.5	351.15
739.95	350.45
802.7	342.45
1030.15	294.8
1031.6	298.7
1028	300.4
1027.95	298.8
1030.15	290.15
1025.75	293.7
1028.05	291.75
1029.15	292.3
1026.5	293.1
1026.95	294.7
1022.9	297.5
1041.25	254.45
1041.9	254.4
1040.05	256.9
1038.2	260.8
1036.2	260
1036.2	259.75
1039.35	258.75
1040.15	253.35
0	0
0	0
0	0
0	0
0	0
0	0
0	0
698.75	402.25
697.05	374.65
697.4	357.25
695.45	352.15
694	352.7
693.85	348.9
692.25	343.3
693.3	341.45
695.15	341.8
695.25	345.6
692.75	344.85
695.2	340.25
696.1	341.1
695.7	341.85
690.9	347.25
689.85	352.85
689.95	353.8
689.85	355.85
689.7	360.15
689.4	361.75
691.2	366.65
690.35	369.8
689.3	372.9
692.5	376.65
689.5	376.2
686	376.35
685.5	376.65
689.6	374.9
686.05	373.15
685.5	373.35
685.8	374
685.35	374
686.2	378.65
687.1	380.65
687.95	376.4
1044.1	251.85
1034.35	249
1033.95	254.5
1031.55	255.05
1030.5	252.05
1030.25	253.05
1037.6	225.05
1037.95	225.85
1039.1	223.25
1041.45	218.55
1040.45	218.2
1038.85	218.5
1036.8	218.65
1037.5	220.1
1036.3	220.8
1033.75	221.1
1032.55	217.5
1031.3	215.45
1030.25	214.25
1030.45	211.45
1032.65	205.2
1031.8	204.7
1030.05	204.4
1023.7	211.65
773.9	398
774.9	394.8
773.4	397.8
773.25	399.75
770.75	399.15
743.75	386.05
378.15	294.25
381.8	296.6
382.8	301.4
385.65	302.8
385.6	304.05
383.1	305.1
498.1	311.4
550.95	310.6
549.4	313.35
546.3	312.5
546.05	311.8
544.7	314.3
615.35	319.5
615.6	317.85
614.2	318.45
617.6	319.65
572.55	317.2
389.7	309.7
394.15	316
394.75	319.1
394.95	318.4
395.5	322.15
395.45	323.85
547.15	328.85
579.15	325.45
578.45	329.25
576.45	329.95
576.55	332.4
690.75	346.2
712.65	371.85
710.8	372.9
712.25	374.35
712.4	374.8
709.75	373.3
708.35	373.5
707.7	373.7
707.9	373.55
707.05	372.95
705.95	372.45
701.75	372.5
700	373.6
703.6	369.55
777.45	379
779.85	376.35
778	377.65
778.7	377.5
777.05	375.45
777.6	381
775.7	379.95
778.25	378.35
774.65	377.35
710.1	422.5
707.25	423.9
709.15	420.9
707	416.15
703.6	415.25
701.7	415.95
701.65	415.5
700.95	413.75
698.85	408.8
677.25	354.45
677.05	351.8
674.85	348.2
672.7	349.6
675.75	350.3
673.05	354.2
671.65	353.55
672.6	352.8
675.6	352.55
679.45	347.2
570.85	300.6
458.5	295.4
459.35	296.05
462.4	294.9
461.15	294.25
461.15	295.65
459.65	296.85
458.1	300.75
457.45	304.6
619.55	292.65
701.55	307.75
696.3	307.6
692.25	308.25
693.7	308.05
692.65	308.25
694.4	307.85
691.45	308.45
696.35	310.15
796.15	353.65
795.2	355.65
792.25	355.85
788.5	357.3
787.55	358.05
790.55	357.95
788	358.65
785.65	362.05
782.85	363.75
783.9	364.85
784.25	364.65
831.15	344
1042.05	219.05
1048.05	219.9
1044.1	215.9
1046.55	214.9
1045.1	218.75
1040.9	218.75
1043.85	217.1
656.75	395.95
657.15	395.5
659.1	392.45
661.9	395.9
663.3	390.6
662.65	389.4
664.95	388.85
665.4	385.95
666.15	386.2
664.8	385.25
661.7	380.95
663.75	381.85
662.6	382.1
660.85	386.4
659.85	385.8
659	382.75
657.95	381.75
656.9	383.45
652.55	385.55
650.6	386.25
648.1	387.45
644.8	385.2
638.25	372.15
621.55	353
617.9	354.75
616.1	357.35
619.25	357.6
618.4	358.3
616.7	357.65
614.55	358.7
612.65	359.05
611.6	361.35
612.85	362.3
613	361.65
611.05	360.2
611.2	353.75
609.95	354
605.2	360.65
613.2	360.65
613.8	362.8
612.6	363.9
613.95	361.15
614.5	360.95
607	364.1
657.4	341.5
653.85	344.4
654.6	346.8
654.1	347.25
654.25	349.4
652.75	347.75
654.3	350.75
653.1	349.9
653.7	350.45
650.45	347.85
648.15	344.55
649.75	343.45
769.8	342.2
764.9	346.05
765	348.15
766.55	349.15
764.65	350.25
764.5	350.95
756.45	351.45
729.8	357.75
729.6	356.15
729.75	357.85
