0	0
0	0
0	0
687.7	304.45
687.45	302.2
692	297.95
692.6	298.6
690.1	295.5
694.6	293.85
694.9	292.75
686.5	296.9
685.25	293.65
682.4	292.65
680.55	288.25
676.85	283.1
678	289.6
684.25	288
866.1	267.8
984.75	217.4
999.15	213
998.75	214.55
991.75	219.6
993	215.75
991.9	214.85
987.3	215.35
889.4	220.85
656	237.15
683.45	233.55
673.7	228
671.45	225.05
659.5	226.65
653.95	226.75
652.35	223.15
644.3	226.15
637.75	229.9
634.05	225.75
632.3	223.8
632.3	229.5
630.7	231.05
624.15	230.25
625.15	229.4
620.6	230.5
624.05	247.7
0	0
0	0
0	0
0	0
0	0
473.4	143.45
464.05	132.3
458.45	126.55
454.45	120.05
458.45	115.35
455.15	112.8
459.3	114.5
459.85	117.5
0	0
0	0
0	0
0	0
0	0
0	0
593.85	142.25
592.35	128.55
587.55	130.4
587	123.5
588.7	127.1
584.9	124.25
581.25	121.7
581.75	121.95
582.6	128.15
575.8	118.7
583.2	124.1
572.2	113.85
623.05	141.05
655.6	185.5
654.25	184.65
649.4	199.05
654.5	202.65
648.7	215.35
643.95	222.6
638.15	219.95
629.15	225.8
906.9	186.35
996.95	201
990.45	204.95
979.25	201.75
971.15	196.35
728.8	180.95
776.05	186.5
758.95	184.55
759.35	186.1
761	186.5
751.1	179.6
743.1	205.15
0	0
0	0
0	0
0	0
0	0
540	244.25
532.6	238.95
528.05	232.8
523.1	233.05
527.95	226.5
522.35	218.9
524.8	209.85
521.65	213.7
525.8	212.35
523.65	207.45
527.3	207.05
528.5	213.1
531.05	208.6
529.35	213.15
530.5	211.75
536.2	220.65
0	0
0	0
0	0
0	0
0	0
0	0
0	0
656.05	227.4
1017.9	274.2
994.75	242.35
985.25	244.3
971.4	238.2
957.2	236.15
949	232.25
946.3	230.5
943.75	227.2
943.6	250.95
928.75	257.2
926.65	254.45
927.8	260.05
919.2	264.25
0	0
0	0
0	0
0	0
0	0
0	0
0	0
0	0
0	0
0	0
725.1	234.45
726.85	237.55
722.8	225.8
724.5	226.75
724.65	219.6
720.7	219.65
722.9	209.95
717.1	210.8
717.9	212.65
716.8	216.8
708.95	214.05
700.5	215.7
699.15	219.2
0	0
0	0
0	0
0	0
0	0
0	0
0	0
642.7	208.55
646.05	202.1
643.55	204.05
638.95	199.9
636.9	197.3
637.65	200.8
633.6	199.7
632.35	197.35
630.5	199.8
709.2	149.7
704.2	146.55
703.35	149.1
701	146.6
701.2	144.4
699.65	142.5
703.9	143.4
702.1	144.7
701	144.45
709	150.5
709.1	160.6
709.5	167.6
733.4	149.15
736.25	159.85
737.6	170.3
741	174.95
746.9	180.05
748.6	183.6
747.3	180.1
747.15	184.15
749.75	180.05
747.7	184.6
754.5	184.65
753.3	177.6
759.6	175.7
758.8	178.15
759.15	178.55
758.7	176.9
760.05	174.85
763.35	174.1
764.05	170.95
767.8	166.2
767.65	168.95
765.6	168.9
767.4	171.75
765.4	169.5
765.45	170.35
763.4	168.65
762.85	161.35
760.4	162.2
761.15	159.9
757.55	152.2
755	154.45
756.8	152.35
757.15	153.05
754.95	151.35
750.5	149.25
748.9	148.1
749.7	147.75
0	0
0	0
0	0
0	0
0	0
0	0
0	0
763.8	161.6
761.9	151.3
763.2	156.45
764.55	154.95
760.7	151.1
0	0
0	0
0	0
0	0
0	0
0	0
724.9	167.4
716.35	162.35
715.25	161.85
724.15	162.95
722.2	166.05
720.5	161.55
718.8	161.4
721.65	160.35
725	162.15
726.9	157.65
727	157.45
726.8	155.35
724.3	155.95
727.8	159.55
735.8	159.9
0	0
0	0
0	0
0	0
0	0
0	0
700.95	264.3
695.3	262.55
695	258.25
691.5	254.9
694.95	252.15
692.35	251.9
511.55	263.9
364.95	258.45
356.25	255.45
355.35	253.95
354.2	251.25
353.6	245.35
0	0
0	0
0	0
0	0
0	0
0	0
0	0
0	0
752.05	172.95
750.45	173.3
748.15	174.05
751.3	176
749.85	176.2
747.9	172.1
746.1	175.45
748.65	180
750.7	182.65
750.35	183.85
752.5	190.85
754.35	196
753.45	195.3
593.9	267.65
593.15	259.8
601.3	252
594.2	247.4
590.65	244.95
595.8	243.2
600.85	239.35
602.85	237.8
604.35	231.4
605.15	235.45
605.7	230.1
605.4	228.85
607.85	226.1
608.35	227.45
605.9	231.8
607.05	230.15
606.75	230.2
606.95	232.6
601.85	230.55
606.3	223.55
608.2	222.2
606.55	224.2
605.15	221.2
602.7	224.2
597.35	237.55
0	0
0	0
0	0
0	0
0	0
0	0
0	0
648.45	331.25
644.1	331.4
644.05	328.8
645.9	324.6
645.45	323.8
647.75	326.5
642.8	328
642.75	322.6
643.2	317.75
649.25	315.75
647.5	316.7
648	293
639.3	306.6
701.6	281.45
693.65	280.35
692.75	282.7
689.35	284.45
690.6	281.9
692.9	275.75
697.8	277.6
692.8	290.15
696	282.7
696.35	276.5
702.8	273.1
698.15	278.6
695.45	282.65
692.25	286.5
695.5	278.15
700.95	273.5
700.95	273.1
698.35	279.55
697.05	282.1
698.85	277.25
700.7	280.1
701.5	281.7
696.45	282.15
692.05	283.05
681.1	286.15
0	0
0	0
0	0
0	0
0	0
0	0
0	0
499.85	287.05
498.05	286.55
499.25	277.15
501.55	280.85
498.6	284.9
502.1	283.95
504.2	285.45
502.65	281.95
555.85	291.3
670.8	292.6
678.6	291.85
685	286.8
681.95	283.6
685.65	281.8
688.7	279.4
690.2	282.65
685.75	280.75
684.7	278.5
427.8	264.95
451.1	260.15
449.75	261.2
445.15	261.75
446.1	256.6
318.65	267.95
354.5	271.75
353.75	269.25
355.2	256.75
354.9	251.35
359.9	244.7
359.2	237.35
360.45	233.05
361.55	238.85
363.4	231.8
367.5	233.1
369.2	233.7
368	237.8
367.6	235.8
368.5	238.7
371.05	236.95
371.2	229.95
374.45	227.2
373	223.8
374.65	223
377.85	225.75
386.2	234.15
386.15	236.25
384.45	220.85
390.2	233.3
384.9	231.55
392.2	231.8
390.05	230
381.75	228.15
384	232
389.65	236.85
383.25	243.7
0	0
0	0
0	0
0	0
0	0
0	0
108.75	101.1
406.7	223.8
408.65	212.95
407.1	196.6
401.1	199
393.45	205.45
426.5	212.8
640.1	128.65
671.15	133.35
665.7	136.3
671.35	136.65
667.05	140.45
665.1	145
582	176.85
583.5	165.55
588.95	172.35
584.5	164.9
586.55	171.85
585.65	160.55
589.45	156.05
596.9	162.2
598.5	159.65
609.75	177.1
0	0
0	0
0	0
0	0
0	0
0	0
698.8	202.65
693.5	194.8
689.65	188.15
0	0
681.65	186.8
681.6	190
682.45	186.2
688.8	190.35
700.7	207.35
703.25	214.25
707.15	213.25
708.5	218.4
712.6	223
713.1	231.1
679.6	253.6
536.3	393.5
541.45	375.75
547.6	383.8
547.4	393.15
554.95	388.05
553.5	395.65
554.15	401.6
0	0
0	0
0	0
0	0
0	0
537.1	521.4
539.4	519.7
551.15	509.65
548.45	511.15
541	504.7
538.6	502.8
555.8	478.85
558.85	493.3
552.55	495.05
559.9	478.55
548.7	493.5
549	470.75
563.4	475.8
563.55	463.5
558.4	468.95
633.3	419.1
632.65	406.05
634.9	408.9
638.1	396
638.35	387
643.4	377.7
643.6	375.6
645.05	385
632.2	399.85
640.1	390.1
650.85	379.2
644.5	393.7
646	387.45
649.65	382.6
644.05	373.4
644.8	385.35
643.9	375.05
634.95	384.75
639	381.95
644.5	377.2
650.2	378.3
603.6	610.15
602.35	620.25
603.4	619.4
602.4	620.6
603.8	602.95
610.05	597.95
604.05	613.85
595.95	609.85
377.3	596.3
404.2	606.5
399.65	619.75
403.05	615.15
404.5	598.65
405.4	596.55
401.65	593.6
403.35	600.55
412.45	588.4
414.9	581.35
416.25	579.1
615.25	557.85
610.85	552.95
611.45	542.2
620.2	535.9
621.85	529.2
621	525.95
620.55	520.75
552.9	355.6
550.05	357.4
537.45	353.95
534.4	359.5
539	351.5
537.65	328.8
530.15	341.6
531.35	337.95
452.3	249.65
468.75	260.35
470.45	262.15
465.8	264.4
473.2	273.25
1024.85	269.9
997.35	253.6
1003.85	254.25
996.7	264.45
999.9	259.6
996.55	259.65
1007.05	251.8
1024.9	238.85
1027	238.2
1022.85	231
1016.1	221.95
1015.5	209.9
1015.85	205.25
1021.05	202.2
1013	207.25
1014.95	197.95
1012.8	211.9
1015	201.25
1005.15	217.6
1003.1	205.75
656.85	330.6
708.25	313.9
709.9	328.3
711.7	328.9
710.4	342.65
712.1	367.9
0	0
0	0
0	0
0	0
0	0
0	0
619.45	354.2
617.65	342.85
611.75	338.7
605.3	337.7
611.25	333.4
564.55	333.55
568.6	318.15
561.7	317.15
559.9	303.7
559.05	298.55
558.3	303.4
555.3	303.65
552.75	293.45
549.6	293.1
552.3	288.45
753.45	244.75
752.1	248
752.6	244.15
759	231.15
753.05	229.95
757.5	222.4
761.95	227.55
761.4	229.05
752.5	227.2
752.95	225.9
757.85	222.9
753.3	232.25
755.2	232.6
761.9	230.95
759.7	231.25
772.7	227.5
782.35	215.1
784.25	208.8
781.85	215.1
790.55	202.75
796.6	194.65
790.25	198.85
787.45	201.1
797.3	190.7
799.4	193.6
792.5	199.9
795.25	187.2
793.2	183.6
799.85	183.65
798.2	188.75
795.35	205.2
780.35	204.4
684	633.25
0	0
0	0
0	0
0	0
0	0
669.2	315
668.75	298.45
663.15	290.8
661.05	287.55
657.65	286.5
660.15	270.55
672.1	259.4
797.45	186.3
799.7	182.5
807.85	181.9
815.75	181.95
808.5	175.35
809.9	174.65
793.65	172.05
754.95	141.75
746.85	134.05
748.25	139.85
749.25	134.45
748	130.9
751.9	129.75
750.8	129.4
751.85	123.95
752.7	118.95
762	122.45
816.7	174.9
817.05	176.8
816.05	173.4
814.5	172.5
816.7	168.9
814.4	165.55
717.7	334.45
735.5	303.8
727.65	299
732.3	293.25
727.85	309.4
726.75	304.4
722.15	286.3
672.45	235.9
674.25	226.35
675.95	223.75
674.35	227.45
682.15	222.8
680.7	231.25
0	0
0	0
0	0
0	0
0	0
0	0
705.95	260.1
705.65	256.3
704.15	242.65
696	242.3
696.75	242.45
699.75	250.45
704.55	259.7
708.6	253.95
706.05	264.25
709.6	286.7
0	0
0	0
0	0
0	0
0	0
0	0
700.65	303.8
697.4	298.65
696.75	290.95
696.15	297.05
697.55	295.6
699.8	287.05
703.4	284.3
702.65	281.25
700.1	281.95
697.7	278.35
697.65	276.25
695.95	269.35
698.7	268.65
699	273.5
699.25	270.15
693.7	269.4
699.25	270.25
702.5	275.25
706.65	287.75
705.65	285.35
705.05	277.55
702.5	272.65
197.4	560.35
107.95	608.2
98.9	623.8
96.95	627.55
95.4	629.7
93.1	631.6
92.65	631.65
97.8	634.7
93.85	630.6
98.55	631.7
92.8	628.3
92.65	625.95
142.3	623.85
683.95	319.95
657.6	334.55
659.35	328.9
658.95	324.55
657.3	323.05
660	318.75
662.1	312.45
664.35	316.2
668.45	319.35
668.75	318.35
666.45	317.55
670.3	317.2
660.55	311.45
664.95	317.3
0	0
0	0
0	0
0	0
0	0
0	0
0	0
682.85	268.45
677.65	272.3
673.5	273.3
673.5	271.8
672.2	273.45
672.4	273.55
694.05	232.65
692.1	247.85
691.7	253.8
688.75	253.6
694.65	252.25
699.35	256.6
695.8	260.3
696.65	264.95
700.15	265.5
701.4	265.05
697.9	265.5
699.65	256.65
697.9	248.8
698.1	251.35
699.25	249
699.45	246.35
700	246.95
700.4	244.7
699.05	247.05
694.15	246.75
695.1	242.7
693.45	250.65
695.75	243
771.65	254.2
761	248.35
764.05	247.45
764.1	244.85
762.65	247.65
764.15	244.3
761.9	245.05
762.4	240.75
762.7	242.45
763.15	236.3
760.05	238.2
757.85	239.85
757.1	234.25
671.2	258.95
684.35	250.9
682.5	251.9
680.8	243.15
680.65	241.95
677.05	242
678.6	235.2
676.5	239.45
677.8	232.65
679.45	240.6
674.65	241.9
677.55	238.5
676.4	237.4
676.55	232.15
675.5	230.95
671.95	231.75
671.5	236.3
671.35	236.55
674.5	234.2
0	0
0	0
0	0
0	0
0	0
0	0
0	0
655.65	320.95
658.5	314.25
662.15	314.15
658.4	301.45
653.6	298.1
650.4	297.9
656.55	302.3
655.3	307.5
652.35	306.75
655.3	315.95
652.75	317.75
653.9	319.95
652.3	322.55
652.1	320.95
654.95	323.35
906.5	233.3
882.55	230.8
891.85	228.95
898.3	238.05
903.5	233.95
903.65	230.8
909.25	238.3
948.8	216.35
950.4	213.05
956.95	201.8
957	198.4
953.05	198.7
951.35	201.05
953.1	209
953.95	210.05
955.8	206.9
955.95	206.4
959.1	205.55
957.35	203.05
954.85	207.6
954.8	203.05
952.55	215.25
951.9	459.75
0	0
0	0
0	0
0	0
0	0
0	0
0	0
804.55	253.25
803.85	256.45
806.85	254.65
806.75	264.95
805.85	269.65
811.5	329.85
0	0
0	0
0	0
0	0
0	0
0	0
0	0
919.95	308.35
923.05	296.2
923.75	285.45
920.5	293.1
916.3	296.2
917.6	284.65
587.9	536.85
572.75	563.3
574.1	562.25
571.95	563.7
569.65	563.35
565.8	571.55
561.2	578.65
560	586.65
564.25	586.65
569.8	590.8
574.5	596.4
572.8	622.2
0	0
0	0
0	0
0	0
0	0
0	0
700.9	544.7
694.35	550.5
692.65	545.6
690.8	545.15
694.9	548.6
692.75	546.05
694.85	550.2
692.35	545.75
885.95	548.85
1054.75	519.25
1053.65	521.25
1058.2	522.6
1056.7	520.4
1057.6	516.15
1113.15	543.55
1116.65	548.3
1115.7	543.65
1116.85	546.3
1112.8	541.15
1108.85	537.15
1107.75	539.5
1108.4	535.45
1103.5	534.8
1109	526.4
1097.8	518.45
1100.4	518.75
1103.5	520.3
1101.55	520.7
1106.25	530.85
1111.75	525.85
1117.95	530.15
1097.25	498.1
1107.85	528.65
0	0
0	0
0	0
0	0
0	0
0	0
0	0
1024.15	445.55
1022.45	437.35
1021.65	424.55
1018.95	408.7
1017.2	402.7
1018.75	396.75
1017.55	394
1012	391.35
1010.3	382.75
1008.55	381.7
1005.85	384.1
1005	383.5
944.9	384.9
582.15	323.25
604.95	316.7
602.2	305.6
599.75	298
596	298
599.7	297.4
593.55	301.75
597.55	293.45
598.5	289.75
605.25	279.7
604.75	276.75
601.7	277.35
602.6	277.7
605.7	275.7
610.6	274.95
610.55	275.4
613.15	273.35
612.25	279
615.75	278.15
615.35	273.45
614.15	274.2
614.5	278.35
614.45	278.65
614.25	286.15
610.1	293.85
612.55	291.8
610.75	291.2
607.75	289.85
610.35	285
612.95	286.85
613.05	287
611.05	287.6
612.5	287
611.9	283.3
613.4	279.45
612.4	280.2
614.1	278.4
617.6	274.75
619.9	271.15
621.35	266.15
619.25	269.3
619.8	266.7
613.25	270.1
653.8	271.8
654.3	276.1
656.3	265.75
656.85	266.95
658.35	267.65
654.65	273.7
651.65	271.15
649.6	268.25
650.6	276.4
649.4	273.3
648.8	270.15
648.4	269
649.6	265.6
650	272.45
663.4	553.9
0	0
0	0
0	0
0	0
0	0
0	0
0	0
734.75	315.55
735.8	296.5
733.7	302.6
727.05	305.9
725.4	309.3
723.6	310.85
717.7	308.5
721.7	304.8
721.7	310.55
724.65	310.8
735.85	313.5
1030.85	465.65
1043.15	452.1
1046.35	462.4
1049.85	472.4
1050.2	478.9
1059.75	490.35
1064.1	499.45
1083.75	501
1058.35	485.75
1069.35	483.4
1071.9	485.15
1075.5	486.4
1075.75	490.9
1080.1	483.3
1080.9	457.85
1076	468.35
1080.55	468.4
1075	467.5
1073.35	471.3
1086.7	463.4
1094.1	463.4
1090.1	458.8
1080.05	464.7
1088.6	470.15
1089.65	471.15
1087.75	474.9
1081.25	476.9
0	0
0	0
0	0
0	0
0	0
0	0
1110.15	488.85
1113.3	486.45
1120.15	469.35
1121.85	472.1
1119.2	478.2
1115.5	481.8
1114.35	477.55
1115.25	474.3
1118.45	466.6
1114.9	476.55
1116.3	478.05
1122.95	465.5
1117.55	458
1115.9	457.05
1116.75	456.05
1120.7	460.95
1119.2	474.55
1115.45	478.6
1113.5	478.1
1114.2	477.9
1112.85	478.9
1113.9	477.9
1115.35	476.85
1113.9	475.4
1114.05	476.7
1112.2	480
1057.6	485.4
0	0
0	0
0	0
0	0
0	0
0	0
585.9	274.05
585.35	280
591.9	284.2
591.1	266.45
591.7	269.4
594.1	272.15
588.55	283.25
580.8	292.1
585.45	323.65
0	0
0	0
0	0
0	0
0	0
1016.6	406.7
1013.4	394.7
1017.2	389.8
1010.55	387.8
1009.1	381.2
1013.15	382.8
1094.45	384.45
1092.3	377.2
1091.35	376
1103.5	384.65
1105.8	386.45
1106.95	385.3
1110.7	389.35
1095.1	364.75
1103.55	387.35
1100.6	372.45
1103.2	381.15
1097.1	411.6
0	0
0	0
0	0
0	0
0	0
0	0
642.65	439.3
643.4	433.5
647.8	436
644.75	433.05
645.2	435.1
644.85	427.2
493.7	348.65
489.45	339.8
489.3	340.4
492.75	334.35
486.8	346.2
523.8	667.3
0	0
0	0
0	0
0	0
0	0
788	616.05
791.5	616.15
791.4	612.55
788.5	607.5
790.1	604.8
659.15	569.1
666.1	576.4
665.4	572.55
662.8	574.95
665.1	571.6
662.45	570.45
659.85	560.75
664	561
662.65	568.4
659.3	571.75
658.75	573.6
659.1	566.5
662.55	556.25
678.6	551.75
776.3	418.85
769.85	428.85
768.5	430.9
775.6	417.55
688.7	391.15
578.8	299.8
587.1	298.1
584.05	294
584.65	292.7
586.35	296.5
576.65	301.6
573.55	310.75
575.8	313.9
826.45	321.7
0	0
0	0
0	0
0	0
1078.25	435.3
1079.55	440.1
1082.3	433
1078.3	436.65
1077.7	433.2
1118.85	395.05
1105.6	405.9
1103.25	410.9
1106.2	403.1
1102.95	400.7
1103.25	399.45
1100.7	395.75
1105.05	394.3
1103.85	386.6
1103.95	385.95
1104.25	383.65
1104.2	382.8
1104.9	381.9
1075.75	523.6
1076.8	509.25
1075.5	508.15
1079.95	504.65
1079.9	503.85
1083.7	504.45
1084.65	500.9
1081.25	498.85
1081.45	498.6
1077.3	496.2
1078.8	497.6
1082.65	495.25
1084.2	497.35
1084.55	494.1
1086.5	495.6
1089.15	487.5
1089.05	488.4
1089.15	481.4
1086.6	483.4
1083.65	483.6
1081.15	482.1
1080.45	480
1082.65	466.8
1082.2	463.55
1081.3	460.8
1087.2	454.9
1089.1	456.3
1090.05	466.55
0	0
0	0
0	0
0	0
0	0
0	0
0	0
720.3	481.5
720.9	528.3
724.8	514.2
725.35	520.95
726.85	517.35
725.9	514.7
726.7	512.7
723.35	523.9
721	523.05
718.15	529.35
720.35	530.75
721.5	526.9
733.85	528.5
1124.35	411.7
1132.1	380.2
1129.2	383.45
1126.9	384.4
1127.45	387.45
1127.75	384.4
1105.7	362.2
1101.55	347.1
1101.2	348
1100.2	347.7
1101.8	343.55
1103.35	346.15
1104.95	339.65
1102.4	338.3
1102.75	330.05
1104.25	329.5
1103.15	329.15
1103.3	326.4
1101.25	325.7
1069.65	501.05
1071.2	482.8
1075.9	477.8
1070.3	484.35
1064.25	490.3
1061.5	485.6
1061.75	488.1
1059.85	481.8
1057.5	479.95
1054.4	479.85
1035	519.8
1033	503.35
1038.6	499.45
1038	499.05
1039	496.4
1032.85	496.15
917.2	240.85
908.05	187.05
904.9	168.7
903.5	164.9
901.35	164.7
902.8	156.3
899.95	163.15
900.4	164.7
900.25	166.8
899.9	166.1
898	164.85
898.45	166.15
900.6	168.2
898.8	167.45
897.5	169.25
625.5	218.45
633.45	212.4
633.75	210.95
633.25	213.4
635.15	213
634.55	216.45
631.85	215
630.6	211.45
631.15	210.4
630.95	208.3
632.15	204.45
636.25	198.05
635.55	199.65
643.4	198.1
641.15	197.85
644.05	193.2
647.45	190.3
648.5	191.5
650.9	194.6
651	193.2
653.15	190.3
648.15	194.45
646.05	198.8
644.15	200.7
640.9	203.1
639.45	198.6
639.35	199
638.65	190.55
637.8	194
634.85	188.15
633.95	189.35
632.95	184.8
634	187.6
630.3	187.1
631.55	182.5
634	180.25
631.95	181
630.45	184.1
630.15	183.85
630.55	190.75
719.8	197.5
0	0
0	0
0	0
0	0
0	0
0	0
0	0
0	0
0	0
0	0
0	0
0	0
0	0
0	0
623.75	233.4
616.35	258.4
0	0
0	0
0	0
0	0
0	0
0	0
822.85	364.3
820.1	350.05
842.9	336.65
1009.65	305.15
1021.1	311.15
1029.1	320.35
1038.2	323.7
1045.15	330.85
1054.85	330.2
988.85	502.3
1014.8	492.45
1018.8	497.9
1024.05	501.05
1026.9	496.75
1031.4	493.2
1035.9	491.3
1042.4	492.25
1039.3	485.8
1039.4	482.35
1038.15	483.3
1039.85	480.25
1040.5	479.65
1044.45	482.2
1046.3	483.05
1047	477.25
1047.35	477.65
1047.3	484.1
1049.15	482.4
1051.6	487.2
1044.4	488
1045.35	491.9
1047.65	481.9
1048.3	481
1045.3	484.65
1043.9	487.15
1047.45	479.9
1040.4	482.75
1041.5	480.3
1039.2	475.7
1043.35	480.2
1039.65	478.75
1038.25	484.1
1035.1	479.25
1033.15	476.25
1030.65	474.6
1027.75	472.6
1025.2	463.05
1021.8	463.95
1019.75	452.35
1017.75	456.7
1011.3	460.75
1004.9	454.25
1005.75	444.95
1001.35	447.25
1007.85	442.2
1009.45	435.05
1007.3	432.6
1006.7	436.5
1003.75	438.7
1000.3	441.65
1000.85	442.95
997	440.7
996.85	434.3
993.75	435.55
986.75	432.15
981.1	427.4
979.8	423.95
979.95	420.9
977.5	420.4
972.8	411.15
970.45	410.25
968.2	403.8
967.9	400.6
965.4	395.35
921.7	363.15
923.65	360.65
917.6	358.25
920.75	362.2
925.05	359.4
923.8	352.2
929.8	354
928.55	354.15
925.25	359.2
927.95	351.4
932.85	339.15
933.9	330.2
937.2	327.35
938.1	328.3
941.85	324.9
940.05	323.4
953	317.5
976.3	302.6
978.05	300.25
979.05	298.05
975.25	299.55
971.65	304.65
973.25	302.5
977.15	309.25
977.7	301.3
978.05	302.75
977.2	295.35
977.75	292.4
982.65	282.95
979.25	280.05
972	292.5
972.25	286.45
978.5	284.8
1002.25	271.85
1023.5	259.2
1021.65	258
1020.95	260.5
1020.65	257.75
1021.75	264.45
1021.9	260.7
1023.3	257.55
1023.25	259.4
1024.05	258
1026.4	261.05
1029.25	257.8
1032.05	255.1
1035.85	257.8
1031.6	281.9
0	0
0	0
0	0
0	0
0	0
0	0
0	0
0	0
751.1	399.25
759.5	384.2
763.25	371.7
759.35	380.1
753.95	384.3
748.85	382.1
743.45	376.65
745.4	374.7
746.5	374.2
748.1	372.45
826.9	455.9
1090.45	524.3
0	0
0	0
0	0
0	0
0	0
0	0
0	0
0	0
0	0
0	0
0	0
0	0
0	0
0	0
0	0
604.15	322.5
601.3	322.9
604.65	318.5
609.15	314.4
610.3	311.45
608.25	304.05
612.45	305.15
608.5	305.25
694.35	284.4
707.7	285.35
710.35	281.45
720.4	279.25
720.05	281.65
726.65	261.35
726.45	262.6
726.45	259
727.75	259.65
726.7	255.45
723.55	261.95
705.55	232.05
709.6	238.85
701.75	244.85
705.9	248.2
705.4	252.3
701.15	251.9
699.9	250.5
702.85	251.8
701.9	246.15
698.3	245.6
698.15	252.35
700.35	251.3
698	250.45
698.4	249.35
697.45	245.05
700.85	242
700.95	241.6
696.45	248.5
695	244.5
696.3	243.4
694.35	246.15
692.7	242.95
692.2	240.75
684.3	237.1
685.2	234.45
684.3	227.85
682.65	230
680.55	236.05
677.55	232.05
686.2	221.1
685.1	218.6
683.9	216.3
684.05	214.8
683.1	217.6
684.3	214.45
686.1	211.4
687.45	208.05
689.15	212.3
686.1	210.8
685.6	210.35
688.65	209.95
685.05	215.2
659.95	342.7
0	0
0	0
0	0
0	0
0	0
0	0
0	0
732.2	256.25
729.8	259
730.8	257.55
730	259.8
726.5	260.75
723.45	260.25
724.8	265.6
725.05	267.3
724.45	267.15
721.6	262.55
723.05	257.8
723.7	257.1
694.05	355.75
696.1	334
694.3	334.85
690.1	339.75
691.95	338.25
687.3	338.3
686.9	343.6
687.45	345.2
689.1	358.3
693.1	373.3
696.7	378.75
697.2	377.3
695.5	392.35
699.55	397.3
702.45	401.75
699.6	412.35
705.9	416.05
711.7	408.2
719.75	406.2
717.8	409.2
719.15	410.2
719.45	406.85
717.85	598.45
717.45	573.25
712.5	559.65
710.35	555
704.95	560.2
698.7	552.5
695.2	548.55
692.35	543.4
691.55	538.05
690.7	530.75
691.55	526.5
686.1	528.55
682.9	533.3
675.05	534.3
672.75	542.1
670.85	542.95
658.5	549.15
659.9	554.5
650.85	550.75
647.15	555.1
649.1	551.6
650.45	551.55
646.6	551.25
643	552.9
640.55	554.75
634.95	555.2
636.35	548.85
636.95	541.15
634.75	537.15
631.6	545.7
631.65	544.3
630.2	550.45
631.2	547.95
621.55	545.3
626.85	542.65
627.85	536.25
624.6	528.9
662.5	458.35
742.95	305.9
742.95	300.4
746.65	295.3
744.5	299.15
747.3	299.55
744.25	299.25
742.9	304.35
730.65	314.15
334.25	472.45
347.85	477.55
347.2	478.3
347.9	479.85
348.75	480.75
349.3	483.15
350.8	484.05
308.1	441.1
264.85	343.5
265.05	336.7
308.7	359.75
644.55	341.9
677.05	325.45
680.45	325.9
686.55	320.7
688.2	315.25
689.5	314.65
689.45	318.7
698.7	308.75
707.9	303.05
710.05	289.85
699.3	296.55
701.75	293.35
705.05	294.9
707.65	299
0	0
0	0
0	0
0	0
0	0
0	0
718.25	329.3
714	331.7
714.6	324.25
871.55	279.45
859.55	273.35
856.8	267.4
853.6	267.6
848.65	258.7
846.3	251.25
845.3	244.8
842.6	241.05
843.95	232
845.85	233.85
845.25	230.45
846.8	235.8
845.45	241.5
853.15	235.45
858	232.25
857.35	230.55
859.2	240.45
859.6	245
858.25	248
862.25	246.75
857.65	248.15
706.1	285
712.6	281.95
713.7	288.8
712.9	283.7
715.6	284.85
713.2	285.45
712	285.4
709.65	290.6
705.85	288.75
706.7	293.5
701.8	297.65
697.15	305.05
690.55	303.8
689.25	308.2
689.6	300.9
701.2	298.85
704.2	288.65
703.5	289.2
699.45	293.05
694.45	284.95
690.4	286.65
698.45	273.6
706.8	261.15
708.45	253.95
709.6	257.35
709.55	255.3
709.65	251
705.8	256.2
702.95	261.65
704.35	259.55
700.05	259.35
705.2	254.25
701.75	257.3
697.55	264.7
693.2	258.7
696.2	256.55
694.95	257
696.75	258.85
696.5	257.8
698.3	257.2
699.9	250.5
700.9	248.9
702.15	245.95
701.15	245.5
701.25	248.55
701.9	248.75
696.8	245.35
954.15	230.5
954.7	212.75
958.75	213.2
962.3	213.75
964.45	215.85
966.85	212.8
961.3	214.1
963.3	213
966.55	214.4
969.55	220.35
974.8	216.8
981.65	208.35
985.9	203.3
763.25	246.85
702.15	272.25
703.8	267.8
706.85	268.6
703.5	269.3
698.35	270.85
694.65	274.65
698.5	272.9
699.8	268.3
699.45	264.1
719.05	254.05
0	0
0	0
0	0
0	0
0	0
0	0
0	0
698.55	347.85
698.7	333.1
697.4	338.35
698.25	339.9
694.9	338.55
694.8	339.95
694.1	342.55
697.25	338.75
699.45	337.1
697.95	339.2
698.8	339.1
696.8	342.05
695.85	343.75
696.5	339.6
696.25	338.8
696.75	340.6
697.25	343.7
697.3	343.25
697.4	347.8
692.6	359.7
693.7	364.6
697.9	356.55
700.8	351.7
698.7	347.8
699.05	350.95
698.8	346
694.9	349.1
694.2	345.45
694.45	354.4
687.9	362
685.6	368.35
680.05	369.9
685.05	368.1
680	369.45
682.9	368.85
679.1	364
679.35	363.2
680.4	360.6
680.3	361.5
681.55	358.85
674.15	353.7
578.05	395.85
576.2	397.85
573.85	392.5
574.8	387.95
575.9	387.4
577.65	382.2
577	384.85
583	376.65
582	377.65
584.9	375.4
586.4	366.9
586.55	363.7
586.55	359.75
591.15	346.45
594	345.65
591.05	346.1
590.5	349.35
586.25	349.4
586.85	349.25
582.6	349.9
586.85	345.45
436.8	358
446.35	358.7
453.55	359.3
456.15	359.55
460	356.85
469.6	353.45
480.3	340.85
499.5	321.85
508.1	319.65
515.6	317.5
525.25	321.55
535.35	310.5
540.7	311.45
542.1	304.65
547.7	311.45
547	310.6
551	305
547	313.85
547.8	313.2
550	304.75
553	294.3
550.45	295.55
674.2	300.25
676.7	287.8
674.35	293.9
678.45	276.45
679.8	281.75
681.7	277.45
681.65	276.1
678.6	285
684.4	274.7
685.8	275.35
688.1	273.25
687.45	269.4
690.65	271.55
691.95	271.35
696	266.85
698.3	264.25
701.3	262.7
701.3	263.3
709.3	260.65
713.65	256.7
715.55	260.65
648.4	262.1
654.05	266.65
656.75	264.25
659.25	268.95
661.7	261.75
662.05	261.4
663.1	262.1
668.65	275.2
0	0
0	0
0	0
0	0
0	0
0	0
0	0
716.45	287.6
713.9	286.4
712.5	285.9
715.9	281.65
713.1	285.15
714.5	278.85
700.9	423.7
0	0
0	0
0	0
0	0
0	0
0	0
699.7	311
699.3	313.15
701.9	306.65
704.35	301
702.75	303.85
702.15	303.95
698.95	310.95
699.3	312.6
701.2	312.2
703.2	314.3
627.55	184.45
644.05	189.75
637.75	193.95
630.05	197
630.05	201.55
631.95	198.75
629.5	194.1
630.25	194.65
622.6	155.05
618.8	139
616.6	142.8
609.1	145.4
611.45	147.1
609.8	168.25
0	0
0	0
0	0
0	0
0	0
0	0
0	0
661.3	163.8
660.75	168.55
658.8	168.5
659.9	168.15
661.25	160.7
661.1	167.1
657.1	165.7
659	164.25
662.4	160.05
662.45	146
578.45	217.7
570.9	297.6
566.3	301.15
572.2	292.3
575.95	291.5
589.95	273.6
592.25	268.35
598	260.05
609	269.2
605.95	265.8
601.8	259
600.4	260.35
609.15	256.4
612.2	253.15
611.3	252.35
611.55	252.25
612.1	249.55
611.75	246.75
614.1	239.2
618.5	240.75
615.55	234.25
611.95	236.75
608.7	237.4
608.65	237.7
607.65	238.35
605.4	241.2
604.95	243.8
602.65	239.1
604.35	241.8
605.45	250.4
606.4	287.75
0	0
0	0
0	0
0	0
0	0
0	0
0	0
574.95	281.65
571.25	275
567.95	269.45
556.4	268.05
556.7	275.65
556.75	286.7
759.75	114.65
763.15	137.15
766.2	130.15
770.95	128.05
772.9	129.65
774.75	132.9
776.45	135.7
776.3	137.25
774.6	137.65
773.65	131.95
769.8	125.2
827.65	127
831.8	133.4
831	134.15
837.4	130.85
839.5	131.4
839.6	128.2
841.3	126.9
839.25	125.1
835.85	121.45
692.35	156.1
688.6	156.1
686.8	155.5
694.1	158.55
688.05	152.8
694.75	147.6
695.45	149.5
697.7	157.95
695.25	161.2
695.3	154
691.3	151.2
695.25	141.05
695.7	136.75
694.25	140.5
689.65	140.65
687.4	140.8
692.6	138.7
704.75	138.75
708.25	147.6
693.7	162.65
692.25	149.4
702.55	143.75
706.65	137.55
709.4	139.8
710.4	142.9
710.5	137.95
710.7	140.2
708.55	141.75
709.2	146.55
709.45	147.95
714.25	151.9
712.8	148.4
709.65	148.1
710.05	152
705.15	170
0	0
0	0
0	0
0	0
0	0
0	0
0	0
0	0
687.3	240.05
692.55	240.75
697.85	232.7
693.35	229.35
658.4	458.05
0	0
0	0
0	0
0	0
0	0
0	0
0	0
0	0
846.85	221.05
854.3	225.2
850.2	232.25
325	286.2
319.9	283.2
290.5	286.8
284.55	289.2
287	279.65
287.05	275.1
283.15	264.4
278.1	256.5
277.1	276.55
282.75	281.75
272.05	271.5
0	0
0	0
0	0
0	0
0	0
0	0
831.25	206.1
826.45	203
822.5	195.65
822.15	192.95
825.95	185.85
819.7	192.2
819.1	196.35
825	201.8
826.3	201.2
832.1	196.85
828.35	201.75
829.7	208.45
825.4	210.15
744.6	235.55
741	245.05
734.75	241.4
747.4	239.1
738.95	238.15
738.35	239.05
743.95	229.7
740.75	228.65
744.3	245.55
738.25	237.75
736.05	238.2
741.65	227.45
733.35	232.95
724.6	250.05
718.25	441.5
0	0
0	0
0	0
0	0
0	0
0	0
630.45	283.55
627.75	271.55
632.2	270.25
636.15	262.1
629.4	259.8
632.7	274.25
634.7	275.35
629.1	268.4
630	275.05
630.8	280.45
636.9	285.25
627.6	305.35
634.35	304.45
625.35	313.65
631.65	308.15
626.4	310
626.85	310.9
629.6	307.2
618.65	311.95
619.95	312.5
622.1	309.45
626.6	305.95
622.6	318.15
611.85	584.25
0	0
0	0
0	0
0	0
0	0
0	0
641.5	296.5
638.1	287.9
636.85	279.6
641.45	275.05
639.8	274.5
626.55	271.7
632.3	267.65
633.05	264.9
635.1	266.85
633.55	271.9
633.2	271.45
631.35	267.15
630.7	259.4
627.2	258.25
629.05	250.55
627.95	243.3
638.45	237.25
638.25	244.05
639.95	248
646.8	239.95
0	0
647.85	238.5
649.25	239.95
648.7	236.9
655.35	231.1
653.5	228
657.6	224.3
657.85	229.75
661.25	218.9
663.2	230.9
668.75	214.15
678.75	218.35
681.15	224.5
608.35	264.1
622.7	270.6
632.15	265.5
631.7	266.75
628.75	276
638.2	270.35
636.9	271.15
635.9	283
634.95	291.45
631.3	298.4
638.2	296.95
638.7	300.5
647.45	300.7
530.45	333.7
528.6	336.4
531.4	343
540.5	326.55
528.7	348.8
572.5	207.4
573.6	205.6
576.4	209.15
577.05	211.8
578.15	215
585.65	212.75
590.9	202.8
591.3	197.6
589.15	219.8
0	0
0	0
0	0
0	0
0	0
0	0
682.45	283.55
693.15	287.6
683.2	291.9
680.95	293.6
682.2	291.4
688.25	280.55
689.35	282.4
689.65	284
690.1	286.75
690.65	294.25
693.9	298.55
692.2	303.55
694.8	299.45
695.8	295.75
694.3	300.85
691.15	302.35
688.05	300.3
689.65	299.6
681.75	304.55
554.9	362.5
579.2	349.35
576.5	348.3
576.2	351.9
575.15	353.45
573.35	350.55
573.9	353.4
959.95	127.1
941.95	135.05
942.25	139.9
942.9	140.3
946.75	139.7
951.8	133.8
947.25	134
946.9	125.9
843.7	216.2
728.4	316.3
720.6	317.6
717.35	309.6
714.05	303.1
709.15	309.4
709.3	314.25
705.6	318.95
706	314.4
705	315.25
706.15	312.35
704.9	311.5
706.6	307.05
708.5	303.8
706.8	301.35
708.9	298.4
706.9	299.15
702.45	302.8
703.15	304.1
701.05	298.35
704.05	293.85
699.75	290.6
702.25	290.05
702.15	294.05
699.7	292.6
696.95	291.25
699.2	296.05
696.55	298.25
695.95	298.15
694.5	299.5
696.75	301.8
697.25	300.9
699	293.1
698.55	291.3
697.8	292.8
697.3	292.55
694.25	291.2
695.45	292.15
698.2	284.65
698.4	283.7
695.45	278.75
690.85	282.5
685.6	280.75
678.95	281.3
672.3	280.25
673.45	281.5
674.6	283.1
665.3	296.8
0	0
0	0
0	0
0	0
0	0
0	0
639.5	365.9
638.25	374.95
636.9	374.7
637.55	374.55
645.8	373
643.15	363.75
639.25	367.15
642.75	373.7
642.6	369.75
643.55	358.8
646.6	353
638.75	372.6
643.55	367.5
639	373.85
637.05	372.95
633.6	372.95
629.95	369.7
633.65	359.2
637.2	359.7
634.75	361.05
638.05	358.5
641.2	359.5
648.65	349.15
649.8	348.1
652.5	342.6
656.6	334.25
660.9	330.55
661.65	329.15
659.95	326.7
659.75	321.8
657.6	318.15
660.3	313.6
654.1	326.65
647.2	329.5
647.4	320.95
645.35	321.5
646.3	321.6
646.8	315.7
659.85	309.05
663.1	307.7
662.05	305.5
663.65	197.7
666.45	198.8
667.35	201.1
673.9	197.8
674	195.55
676.45	191
680.1	184.5
682.85	177.35
683.2	175.55
702.25	151.55
700.55	157.95
702.15	157.7
701.25	161.85
700.75	169.45
701.7	168.3
703.15	165.7
706.45	164.55
707.4	168.45
702.85	210.6
0	0
0	0
0	0
0	0
0	0
658.05	395.75
655.9	375.75
658.85	368.55
658.3	366.25
659.65	366.5
658.4	370.9
657.35	370.15
649.45	371.05
648.8	372.25
649.6	367.5
649.45	361.75
647.65	356.7
648.65	356.8
648.35	360.55
646.5	367.9
644.55	360.35
644.05	360.35
645.75	361.5
646.05	361.6
649.2	365.45
649.75	363.45
654.3	363.4
650.25	363.25
651.9	357.8
658.6	354.3
825	258.1
829.55	269.8
834.75	262.95
843.7	259.1
847.2	251.55
848.4	236.2
848.7	242.5
848.2	243.7
847.4	235.65
847.65	241.15
846.55	242.45
847.65	242.35
845.25	245.15
595	281.85
598.45	284.8
594.85	287.2
594.95	285.55
596.65	288.75
592.8	294.4
591.75	300.1
781.7	290.55
737.25	295.5
741.9	289.35
744.15	283.65
747.9	281.25
745.85	281.4
745.45	280.75
745.45	281.1
747.25	280
748.7	275.05
746	273.55
744.35	276.95
741.6	281.85
738	277.9
742.45	280.2
740.35	285.3
744.95	275
743.2	272.95
744.1	273.65
747.35	269.8
743.25	269.05
741.6	269.5
741.85	265.45
738.75	264.45
737.6	264.2
737.65	261.45
736.95	262.5
736.55	266.9
735.8	266.55
734.75	266.85
754.7	279
801.7	339.85
805.45	332.55
806.55	331.2
805.8	331.3
805.3	335.3
803.85	335.3
799.25	338.7
799.85	343.15
796.8	349.55
794.8	356.45
793	362.7
790.65	369.45
785.8	373.55
787.8	372.7
788.8	373.2
788.6	378.45
784.2	381.7
785.25	381.3
674.85	289.75
674.4	308.4
667.5	317.75
669.8	307.4
666.5	306.65
669.2	307.25
666.75	301
666.6	302.1
665	303.6
667.25	301.6
665.05	303.85
662.5	315.8
665.8	310.75
664.1	322.35
663.6	320.3
673.8	315.85
676.95	315.7
676.1	318.2
672.6	319.5
672.55	318.45
686	308.45
690.85	303.9
691.95	304.4
696.1	297.35
699.65	296.4
699	297.35
701.85	300.6
705.9	299.9
710.95	303.4
714.9	302.3
716	299.8
717.35	301.65
718.15	299.55
718.25	300.55
718.85	303.15
723.35	296.95
726.65	295.55
729.95	298.05
732.35	298.25
731.05	300.75
730.35	299.55
737.2	297.15
736.55	298.05
739.9	296.65
741.75	298.1
743	301.75
743.15	307.05
743.15	309.3
747.9	312.75
748.45	310.4
754	309.85
756.4	314
760.45	310.5
759.75	311.35
763.25	307.65
703.25	322.1
360.2	333.45
0	0
0	0
0	0
0	0
0	0
0	0
0	0
535.25	348.25
540.45	352.7
546.1	351.5
555.4	347
558.35	338.2
559.35	343.4
555.75	342.1
561.15	340.55
565.35	348
565.35	347.75
570.25	343.5
574.8	342.55
569.15	341.35
565.55	346.5
568.45	342.6
567.25	351.2
577.3	342.5
573.8	343.35
567.65	340.75
572.5	338.9
575.35	337.05
578	334.9
584.6	334.05
584.95	326.45
584	327.35
585.05	327.65
585.2	326.25
586.45	329.25
585.9	329.35
587.3	326.35
587.7	329.9
590.8	330.1
590.85	322
586.65	326.95
588.2	322.85
586.3	325.65
586.75	327.4
583.2	322.5
583.9	317.35
587.45	319.15
590.8	329.3
593	332.85
595.15	330.85
593.05	330.6
594.6	329.45
594.95	328.7
591.95	330.75
596.95	330.9
595.2	325.75
598.7	324
601.8	320.75
599.7	322.15
601.35	324.75
604	322.45
605.2	325.65
605.8	323.75
607.3	323.6
605.55	322.35
607.85	318.75
608.75	312.7
607.8	310.45
611.65	312.1
613	307.05
616.1	305.3
617.2	301.85
616.7	298.75
618.55	292.4
620.45	298.15
622.4	298.85
623.45	298.5
624.95	301.35
626.4	304.35
629.7	302
628.3	306.05
627.95	309.2
627.95	302.85
627.55	304.1
630	308
628.5	306.7
625.5	307.3
626.4	310.35
627.15	302.35
631.95	300.45
629.55	302.25
632	298.65
633.55	302.55
631.3	302.75
631.25	303.6
631.7	301.95
633.15	298.6
634.45	300.05
635.1	303.45
633.9	302.8
631.9	308.9
630.7	307.45
627.5	303.85
624.65	298.6
624.05	302.6
619.95	305.3
622.45	304.85
621.45	304.6
619.65	303.1
621.5	303
621.1	302.7
622.45	290.15
621.35	293.65
623.9	289.1
622.5	295.35
623.65	297.5
622.3	295.2
626.55	291.1
626.05	300.8
628.35	301.7
629.8	300.3
629.75	302.5
0	0
0	0
0	0
0	0
0	0
0	0
648.75	316.9
649.25	311.05
647.5	306.8
645.45	308.4
642.85	313.2
644.15	314.4
639.4	318.15
639.9	317.8
642.35	316.1
644.7	318.45
645.55	315.1
648.55	315.65
648.7	313.25
648	315.1
648.5	313.3
648.05	310.9
648.25	310.8
648.5	306.35
647.4	304.35
653.2	303.5
653.65	305.3
649.95	309.65
654.85	303.65
651.7	305.8
650	304.1
654.2	307.95
652.9	311.8
654.1	307.95
649.3	311.05
655.4	309.35
656.25	313.15
654	318.7
652	316.4
653.75	320.4
657.15	313.7
655.95	318.65
653.15	322
652.15	326.15
653.05	326.9
652.3	321.75
650.25	324.85
651.5	320.45
650.55	321.15
651.3	327
651.5	324.65
652.3	325
651.45	333.9
653.7	332.8
654.95	336.95
654	335.7
648.85	341.55
645.85	344.25
652.7	339.55
651.9	334
655	330.3
655.45	329.4
662	332.55
663	335.45
661.75	331.55
659.75	334.2
658.25	336.15
658.85	335.35
660.7	336.3
665.8	339.9
667.35	340.8
666	341.5
667.05	345.7
664.6	348.3
661.55	350.5
660.75	352.1
663.15	348.35
659.9	346.25
660.7	347.15
659.05	350.3
654.75	349.15
657.8	350.4
656.95	350.1
654.4	350.95
647.9	353.75
645.8	355.25
651.1	356.7
654.1	353.55
654.45	349.6
655.4	350.85
657.05	353.65
653.5	356.4
653.45	358.6
652.65	359.85
653.4	360.2
654.55	361.2
655.05	357.75
649.2	360.05
647.8	361.2
647.95	359.25
646.7	359.25
646.3	355.5
645	355.45
643.8	352.85
649.1	353.05
647.3	353.45
647	352.9
648.4	347.7
647.05	348.55
644.35	343.1
734.9	366.55
743.1	362.35
740.65	359.8
619.8	340.9
637.05	344.2
485.05	325.45
402.25	312.95
397.6	321.45
389.35	323.6
388.2	320.95
388.6	330.3
387.05	334.4
387.2	335
385.85	337.05
389.35	333
389.85	335.4
393.6	339.45
356.75	346.3
409.15	345.15
660.25	326.85
645.65	323.6
649.8	324.25
649.15	330.35
652.6	329.4
652.25	326.7
654.7	325.35
650.8	325.15
645.25	328.25
650	357.7
0	0
0	0
0	0
0	0
0	0
658.05	398.7
655.1	390.4
655.1	390.65
646.75	396.15
650.2	394.75
659.3	407
1009.95	166.7
994.35	179.95
996.85	183.75
1001.6	177.8
1004.15	172.6
1005.1	165.5
1027.75	124.95
1032.3	119.45
1033.6	117
1027.85	121.35
1028.7	121.4
1029.2	116.1
1030.85	112.9
1029.65	114.65
1030.2	110.05
1030.55	113.7
1027.8	122.1
819.9	158.75
0	0
0	0
0	0
0	0
0	0
0	0
567.5	336.2
567.35	331.6
565.15	328.15
565.8	333.5
644.25	314.95
644.9	312.5
638.9	315.65
643.55	311.6
644.4	313.75
643.95	313.25
643.3	314.05
645.4	315.9
376.5	347.2
392.25	345.6
392.3	341.5
393.4	343.55
391.5	343.65
391.6	347.55
392	347.3
392.8	350.55
393.15	349.3
395.65	343.9
453	352.8
459.15	355.1
463.6	350.15
464.8	356.15
572.3	408.55
636.3	386.15
641.55	390.2
640.3	392.8
641.6	398.65
643.9	397.4
639.4	405.1
634.85	405.95
638.15	407.25
641.1	403.3
640.45	403.15
639.15	404.4
642.95	396.55
643.65	400.15
642.85	396
644.55	393.6
642.3	397.6
643.35	393.85
639.3	405.75
643.4	402.75
643.35	406.1
642.85	403.15
645.2	395.85
642.05	394.9
647.15	390.95
648.45	389.1
637.05	395.2
633.5	400.35
634.6	398.75
630.8	398.45
630.3	400.9
629.15	403.4
629.95	404.1
627.85	404.05
629.35	406
626.35	408.8
628.25	410.95
628.8	411.75
581.9	402.8
529.65	375.5
526.65	382.1
528.25	376.35
530.25	375.15
530.55	371.3
532.15	368.4
613	397.5
588.85	387.05
595.9	380.75
600.35	376.8
596.7	379.9
588.9	387.75
590.4	385.6
594.65	377.45
597.95	376.6
597.35	377.3
591.5	380.05
589	382.75
593.15	377.5
592.9	376.05
674.45	370.1
655.9	369.65
654.85	373.7
653.95	368
649.85	385.75
0	0
0	0
0	0
0	0
0	0
0	0
641.1	394.25
681.7	398.8
683.4	392.1
684.85	385.4
683.25	389.25
682.7	381.15
701.65	358.25
704.7	370.7
699.25	367.85
700.5	371.2
701.25	369
701.65	372.05
696.85	368.6
699.4	369.8
0	0
0	0
0	0
0	0
0	0
0	0
0	0
0	0
0	0
0	0
0	0
