653.1	354.4
651.65	350.35
650.65	356.85
656.3	359.75
650.25	358.2
653.95	357
653.25	358
657.75	357
653.3	357.3
655.45	358.95
651.65	361.8
653.4	355.65
653.25	351.15
588.95	333.4
582.8	313.35
585.75	315.5
583.1	318.35
585.7	316.1
582.95	315.35
585.05	315.55
585.4	314.9
584.05	313.15
642.2	236.5
650.2	248.25
649.65	249.25
647.35	248.2
640.35	244.35
640.45	240.35
652.4	244.45
652.05	253.1
652	254.35
656.5	247.65
757	382.45
951.35	562.55
953.55	571.7
956	572.1
953.4	574.75
975.9	589.45
1075.25	653
1089.45	661.8
1086.3	656.85
1087.65	657.1
1089.05	662.3
1088.85	664.25
1165.9	677.7
1162.9	670.95
1163.9	674.45
1163.65	668.5
1165.8	672.75
1164.4	674.3
1120.9	669
1132.95	673.35
1129.75	677.45
1131.3	676.95
1130	675.55
1015.65	614.4
533.2	348.35
485.05	315.4
489.75	322.2
488.4	324.75
487.95	326.55
492.7	323.6
492.95	324.55
494.9	326.7
493.75	325.4
496.8	327.15
492.9	326.75
635.5	328.2
655.7	327.35
656.4	324.25
659.75	333.6
660.7	334.6
663.3	332.15
660.9	334.8
657.25	323.95
653.3	320.6
656.7	326.15
542.95	324.6
539.05	320.65
538.5	319.5
541.6	320.1
542.5	321.4
543.5	320.5
541.65	320.75
541.25	325.15
543.7	324.6
720	319
755.6	323.15
750.55	322.35
753.2	320
757.95	318.9
754.4	317.2
756.45	316.9
760.8	319.05
0	0
0	0
0	0
0	0
0	0
0	0
582.25	393.2
585.1	389.3
583.05	385.4
580.5	386.8
581.25	387.25
579.45	383.95
585.05	383.35
584.5	380.15
580.05	343
577.6	342.85
579.75	342.65
580.25	342.2
579.45	341.2
579.05	339.35
575.9	347.55
579.45	341.85
719.15	314.45
767.4	313.95
776.6	316
774.45	321.2
773.3	318.35
773.35	316.1
773.2	315.45
775.05	312.35
775.15	314.2
775.35	312.1
774.35	313.6
554.8	346.35
542.2	357.55
542.1	357.7
544	360.85
545.95	363.75
547.2	360.9
544.7	359.65
545.8	359.4
749.4	334.5
769	341.45
771.7	339.2
772.45	339.05
769.05	337.8
770.75	338.35
771.9	338.65
773.8	334.05
614.2	388.45
616.7	383.9
613.35	375.15
609.4	374.9
612.25	375
612	373.6
612.6	377.7
617.7	383.5
620.1	385.35
619.05	387.95
618.6	385.6
617.6	383.8
618.25	383.35
618.05	385.6
621.7	386.85
621.1	387.15
620.8	385.05
619.85	383.9
617.45	381.05
616.4	379.75
613.65	380.1
610.85	378.65
611.65	380.25
610.8	380.1
612.45	384.15
612.65	384.95
614.35	384.65
609.4	380.85
606.85	379.55
605.95	379.8
607.65	381.25
607.95	379.9
608.85	377.4
609.05	379.6
612.95	383.95
614.15	386.7
612.1	384.7
613.95	386.5
611.65	389.3
611.8	382.15
612.1	384
611.15	381.7
610.5	382.55
611.3	383.8
612.85	385.5
610.9	383.55
615.65	389.25
614.8	389.3
616.45	389.75
618.6	390.7
618.5	388.95
619.2	387.35
620.35	387
618.7	384
617.65	383.9
617.25	387.6
617.1	390.95
617	388.65
618.85	387.95
618.1	383.35
616.15	379.5
617.45	381.35
618.05	381.85
620.85	384.45
621.55	386.2
620.7	385.6
620.7	385.85
623.55	386.1
627.1	383.15
629.7	384.3
573.6	378.6
365.2	371.6
367.1	372.3
372.9	371.95
380.15	372.75
386.25	372.3
393.8	373
399.55	370.1
608.3	356.4
614.9	362
617.35	366.45
623.3	365.95
625.1	367.7
624.6	367.05
628.65	365.6
628.5	366.25
627.95	366.85
627.25	368.25
632.75	367.7
634.15	366.9
633.95	368.25
635.4	369.7
638.2	367.2
638.55	367.45
638.6	367
639	367.8
641.65	370.05
556.3	348.55
542.65	348.65
543.05	346.2
540.05	345.9
541.85	346.65
0	0
542.5	350.25
543.2	349.15
542.2	349.65
628.45	342.55
691.5	339.25
692.45	339.25
692.75	339.55
691	338.75
688.85	337.9
688.4	338.85
687.4	347.2
614.65	366
518.3	400.7
499.35	402.55
504.25	404.4
500.85	404.55
504.6	402.55
503.9	406.4
505.5	406.8
505.35	406.45
506.5	401.65
506.7	403
505.3	404.75
679.4	385.9
716.2	376.45
716.95	377.6
716.3	374.9
721.1	375.9
719.75	381.25
720.2	385.1
718.6	382.15
716	380.45
717.4	377.15
738.8	383
1088.9	676.65
1097.7	671.8
1097.45	667.65
1095.35	668.5
1088.05	665.95
1092.4	663.1
853.65	453.4
715.2	362.65
704	359.25
703	360.35
701.9	361.15
703.85	356.25
700	354.45
698.25	357.4
698.95	359.35
700	361.15
703.35	360.6
704.55	357.35
516.6	352.1
497.35	351.7
499	351.7
501.7	352
498.95	350.35
498.55	348.9
498.4	351.05
500.1	352.4
498.95	355.1
512.25	364.45
0	0
0	0
0	0
0	0
0	0
738.8	367.95
739.35	361.1
742	360.25
742.8	358.7
744.9	361.75
744.8	362.65
745.55	362.65
747.6	363.3
739.2	363.05
518.05	356.25
523.3	360.7
523.05	357
524.45	358.55
524.95	358.1
523.95	361.5
522.95	364.4
523.95	364.9
523.75	364.85
663.35	364.85
660.8	368.5
663.6	366.7
661.8	366.65
660.55	367.75
663.5	369.9
664.3	371.35
664.45	370.2
664.7	368.5
662.75	368.05
662.85	365.8
663.5	368.3
661.15	365.45
665.25	362.85
665.2	363.25
663.6	363.75
665.05	362.3
666.8	363.5
541.75	349.9
535.15	340.9
533.8	340
531.4	342.8
531.85	341.55
534.9	335.8
539.3	336.85
539.4	337.8
540.65	340.35
541.1	339.7
545.9	339.9
547.1	339.95
544.95	341.9
631.2	310.55
654.8	323.8
657.9	323.4
658.35	323.45
657.35	321.05
659.05	318.4
656.55	318.2
657.2	318.85
660.4	318.35
660.35	319.3
659.65	320
655.05	325.8
659.2	330.5
657.1	326.3
656.6	326.35
657.1	326.95
658.4	324.15
655.25	325.45
659.8	326.6
657.45	326.5
596.2	296.5
596.7	297.45
597.7	296.6
598.55	292.85
597.75	294.5
599.35	294.4
599.5	294
601.3	293.5
601.15	292.4
601.85	294.65
602.4	297.7
604.45	297.75
605.05	294.85
605.95	297.1
606.55	297.2
609.6	301.65
611.8	299.75
615.6	299.15
620.8	296.35
592.15	300.35
429.95	309.1
432.15	314.5
435.65	314.3
439.4	313.95
445.1	314.75
510.9	320.7
604.55	340.5
612.65	339.95
611.9	342
613.45	340.3
615.15	342.65
618.75	352.4
623.25	350.45
624.95	348.65
622.9	350
623.75	350.5
624.65	349.45
627.9	347.4
629.3	345.35
626.95	345.8
632.3	349.85
633.3	349.5
633.9	354.35
556.6	331.4
557.65	333.95
561.05	335.45
563.85	336
560.1	336.9
561.7	337.15
569	330.6
590	328.9
727.6	329.3
734.05	329.6
736.2	327.9
735.55	326
736.8	326.9
739.4	325.55
737.8	322.95
671.5	363.55
608.4	397.3
600.95	405.95
606	403.85
607.15	397.85
608.3	398.65
606.9	398.5
607.15	398.9
716.75	389
714.65	390.15
716.3	396.6
717.5	395.1
0	0
0	0
0	0
0	0
0	0
0	0
0	0
627.9	317.05
627.3	317.25
628.9	319.7
629.35	317.95
633.15	318.5
635	310.75
635.8	312.35
632.05	312.2
636.25	317.2
644.95	323.4
638.7	325.25
512.05	338.55
522.1	340.85
524.6	350.6
519.6	339.6
527.6	349.1
516.35	344.95
520.7	342.4
523.9	351.7
527.05	358.85
528.35	354.55
675.45	362.4
686.25	364.2
685.15	361.25
685.65	366.15
685.5	362.35
687.1	363.5
692.95	362.5
693.3	364.7
696.85	368.2
690.1	363.3
597.05	330.2
604.35	333.95
604.25	332.3
604	328.6
601.45	327
599.35	323.7
601.5	325.5
351.7	331.9
346.55	332.25
347.9	331.7
348.25	333.5
350.5	332.75
351.25	333.6
353.7	335.8
356.6	335.65
358.55	338.6
360.25	342.15
458.05	325.55
602.35	322.8
616.15	325.7
617	326.5
617	326.65
615.35	326.8
616.2	323.1
613.75	326.05
612.65	328.3
616	326.35
617.65	327.2
616.55	329.15
614.55	333.6
614.25	334.8
615.35	334.15
615.95	335.7
616	334.35
619.4	335.55
619.7	336.9
616.1	336.05
880.2	322.85
919.5	328
919.1	328.95
919.5	326.9
919.75	326.1
959.95	324.8
1211.05	325.65
1227.3	329.95
1226.85	327.95
1228.05	329.9
1227.85	329.6
1227	331.45
1226.25	331.05
1226.75	330.05
785.3	298.1
745.45	297.5
745.5	297.2
742.15	297.1
739.25	295.6
738.35	295.6
515	256.45
396.2	234.55
387.2	229.7
382.15	226.35
383.2	228.7
382.75	225.6
379.75	221.9
377.45	220.1
379.35	221.65
381.25	224.1
382.1	226.7
224.45	168.75
209.8	162.35
209.8	164.1
208.75	162.3
211.95	161.55
212.4	163
212.8	162.8
212.5	163.6
214.55	163.7
214.05	166.2
212.5	168
525.5	289.8
633.85	416.2
634.45	424.5
637.4	425
635.7	424.25
636.1	424.55
636	424.55
544.25	573.75
529.5	614.15
527.85	617.3
528.65	619.05
529.4	615
527.95	617.8
526.65	613.95
526.15	614
523.85	613.5
523.35	614
524.9	614.45
540.95	444.85
557.2	349.3
565.8	344.1
571.9	346.65
578.35	348.4
585.9	346.55
606.95	352.35
689	356.65
702.65	365.55
710.8	366.6
525.55	311.2
504.9	313.45
510.2	316.6
519.9	321.15
527.95	317.85
533.65	314.55
535.25	315.8
539.4	316.7
570.25	299.15
634.3	258.6
640.2	252.85
642.05	251.9
648.05	254.85
649.9	253.55
655.85	255.55
659.55	254.45
770.4	307.55
884	419.8
901.15	426.7
905.25	423.3
908.4	420.7
910.9	417.15
912.9	416.9
917.05	414.85
917.4	411
788.85	383.9
797.45	391.65
793.5	382.75
795.65	378.6
798.75	375.4
766.45	362.85
634.15	292.8
621.7	286.35
626.5	283.65
629.9	281.6
631.8	281.65
634.75	277.8
720.35	205.85
725.9	200.75
722.35	206.9
724.4	203.4
719.95	201.3
718.65	196.7
736.2	173.65
737.65	181
735.7	183.5
731.35	179.95
731.2	181.4
726.55	181.25
814.9	237.7
894.75	362.65
901.65	376.15
896.55	379.1
887.6	379.7
884	376.55
875.8	377.25
645.35	260.95
647.35	267.75
650.65	268.6
650.8	262.3
646.5	267.5
647.05	265.7
644.3	264.85
631.9	208.65
631.05	207.25
632.2	206.8
631.1	208.25
630.5	209.8
601.55	478.55
620.7	601.65
627.45	613.35
624.35	617
625.8	618.9
626.65	615.55
628.5	612.7
627.1	616.1
623.6	618.6
625.9	618.85
626.2	615.35
625.15	610.65
620.3	607.75
619.3	605.9
621.15	607.6
624.6	609.6
583.15	498.9
580.75	480.3
580.2	482.65
582.7	483.6
585	479.75
584.2	477.35
586.1	475.1
586.35	474.65
611.45	292.55
616.65	288
616.7	293.55
619.6	292.55
619.05	288.95
618.3	285
618.65	285.65
621.6	285
557.55	228.15
555.75	231.6
557.45	234.2
563.8	232.95
565.65	232.45
563.6	236.7
683.4	363.25
712.35	416.2
708.45	404.65
710.05	405.65
708.65	402.35
711.1	400.15
629.3	229.3
631.85	224.45
630.05	230.8
632.15	229.45
630.4	228.1
628.25	231.1
628.1	226.55
628.1	227.45
610.85	199.55
617.85	203.7
617.4	203.3
619.45	202.3
619.6	201.8
621.05	199.85
620.05	195.3
560.4	330.45
542.35	574.8
544.95	596.85
547.85	596.9
550.4	597.85
551	597.2
554.6	599.25
554.35	599.2
556.85	598.45
559.9	598.7
555.3	599.95
555.9	597.9
557.4	601.3
559.2	600.45
557	604.45
555.25	600.95
556.2	602.1
560	602.15
557.6	604.05
675.95	649
680.3	658.45
678.85	653.95
678.3	654.4
683.7	652.35
605.55	657.9
583.65	656
579.8	660.85
578.05	663.7
579.6	661.1
581.1	658.5
642.65	459.8
643.95	188.6
642.6	201.8
643.6	205.2
639.7	190.85
637.75	190.7
640.3	194.25
639.85	193.7
638.1	195.4
640	193.1
635.65	602.85
647.1	651.95
650.75	649.35
650.95	649.7
650.7	650.5
652.2	650.65
594.05	362.6
576.4	290.5
577.15	296.35
578.55	298.5
576	306.3
579	319
580.45	328.05
618.5	297.1
776.3	292.45
793.85	303.95
798.25	317.95
798.95	324
800.4	332.55
761.3	259.3
732.65	161.8
733	159.15
727.75	170.45
727.2	172.3
728.2	174.2
729.85	184.6
729.6	193.5
731.2	196
729.3	204.7
658.35	243.4
480.8	334.15
469.6	336.45
469.25	338.8
468.2	345.9
470.45	349.9
630.75	271.6
761.9	232.9
766.65	235.15
766.5	239.25
769.75	243.55
770.6	247.3
774.35	250.4
772.75	254.6
774.2	260.8
773.5	268.6
773.2	274.1
775.25	273.85
776	274.3
759.7	298.8
702.45	390.15
700.15	399.65
707.55	395.9
710.7	392
715.5	390
738.25	383.4
834.9	346.8
852.65	345.1
865.8	344.7
883.15	342.8
893.45	347.25
910	342.35
919.05	341.3
653.05	386.1
664.35	385.15
664.15	382.3
665.9	377.8
667.05	376.4
670.65	377.5
670.8	377.3
674.25	379.5
677.55	375.45
676.45	373.6
676.4	370.85
678.55	367.85
684.15	369.25
715.45	360.7
722	357.5
723.5	360.3
730.05	361.05
734.9	360.2
735.05	362.4
743.35	361.8
743.65	360.85
750.3	359.95
761.4	356.7
766.15	360.95
773	360.15
781.4	356.85
788.8	354.45
794.8	354.55
804	355.25
816.05	358
821.65	362.7
825.9	352.35
557.15	394.1
533.35	411.45
537.15	413.05
541.1	410.8
538.8	410.15
539.7	406.05
544.85	410.4
528.9	367.5
529.9	368.85
532.65	373.45
535.35	373.1
536.55	371.55
535.4	369.5
539.65	368
541.1	369.6
540.3	368.55
538.3	368.5
542	367.65
546.15	361.95
552.3	361.45
553.8	361.6
556.45	361.35
557.95	363.7
557.75	363.95
550.25	402.3
556.75	419.7
557.3	427.35
555.05	427.15
560.35	423.55
564.65	421
566.9	420.6
567.6	381.2
566.65	383.85
568	385
568.5	384.9
564.75	381.75
562.85	383.65
561.1	383.4
661.6	307.8
655.95	310.95
644.7	311.1
636.05	316
630.55	317.45
627.05	315.1
623.95	314.2
612.75	314.75
692.3	421.05
700.1	417.05
698.85	417.85
706.2	422.8
713.05	428.3
721.25	429.8
727.3	432.1
627.45	339.75
627.5	336.95
630.6	337.8
632.3	332.65
637.3	343.7
643.5	344.15
641.3	345.8
600.85	262
605.45	259.95
608.35	262.4
608.95	262.15
612.65	256.1
616.8	257.4
618.95	261.85
602.95	135.9
608.2	138.85
612.25	139.65
618.75	137.25
619.15	141.6
619.7	147.2
415.65	177.8
218.8	234.25
208.25	233.3
212.65	238.7
213.2	240.05
216.85	243.2
222.45	245.2
227.05	242
460.15	442.6
475.35	471.4
473.1	469.8
474.8	468.8
476.7	469.95
476	472.2
474.65	474.85
475.8	475.55
472.3	474.5
355.55	456.7
349.6	456.65
347.3	457.95
346.65	459.5
348.9	459.95
326.5	430.9
321.25	424
314.05	418
312.15	418.05
308.85	417.2
308.95	416
300.3	401.8
296.25	404.7
293	405.15
293.7	401.05
293.8	400.25
566.6	410.45
570.85	410.65
569.65	417.7
577.3	417
580.75	419.95
578.7	420.15
635.7	351.25
635.3	348.35
635.55	351.2
638.3	344.3
640.65	338.4
641	330.95
645.85	321
650.6	320.05
653.8	321.8
655.75	322.05
659.3	322.4
663.15	322.75
666.2	324.15
451.75	435.9
457.35	437.1
457.2	434.9
455.25	433.15
453.65	425.8
449.5	424
450.85	422.6
585.05	403.45
582.25	405.5
581.5	405.05
577.85	407.3
576.55	407
574.75	413.05
575.9	413.85
576.35	416.45
576.15	418.5
573	419.7
577.2	414.1
577.45	412.6
577.2	410.55
579.45	407.45
579.95	406.05
579	406.2
579.35	408.8
580.15	413.5
577.25	416.6
577.35	415.55
580.35	416.25
577.25	423.2
584.1	418.45
585.55	415.6
585.8	414.15
583.2	412.55
581.85	411.55
581.9	408.95
581.05	407
581.7	405.8
582.45	406.8
584.55	411.85
583.35	414
584.85	412.6
589.1	411.15
586.45	411.05
584.5	416.1
828.8	280.65
825.05	287.2
825.35	290.2
825.85	290.65
824.45	289.85
824	288.8
824.8	287.4
824.3	286.6
824.35	291.7
825.3	301.5
824.75	306.25
827.85	297.65
829.55	296.3
828.65	303.25
829.8	303.5
830.25	307.8
835.8	307.25
839.8	307.65
838.25	311.3
839	309.65
834.3	318.8
798.25	423.2
797.25	426.85
803.35	425.3
800.05	425.65
800.65	423.5
797.9	423.1
795.95	425.05
800.2	420.85
799.15	420.7
510.5	396
303.65	404.95
299.6	411.8
300.45	413.15
302.8	407.8
296.05	415.25
300.2	412.5
297.55	413
300.2	412.7
300.4	417.6
301	417.05
381.5	413.15
900.4	395.35
907.25	394.6
902	395.9
900.9	396.4
903.7	393.05
906.65	391
903.4	388.9
905	390.1
900.45	391.1
900.4	392.9
898.95	394.05
897.55	392.7
746.3	313
713.95	295.1
704.8	289.85
707.8	285.35
707.7	284.95
710.65	286.2
718.15	286.75
727.35	284.85
733.3	282.7
736.15	285.4
738	283.85
739	285.6
743.6	283.65
743.05	294.3
513.6	338.9
416.9	332.65
417.1	335.1
417.25	337.4
416.35	338.15
415.85	332.65
416.1	330.95
892.15	342.4
996.85	360.2
997.1	365
995.65	366.55
996.2	366
994.35	366.2
994.1	361.2
991.45	357.55
990.9	356.45
1019.75	355.35
1024.35	358.3
1024.85	358.65
1024.8	355.75
1024.15	356.2
1025.95	355.45
1047.65	318.4
1051.95	318.35
1057.95	318
1062.2	316.95
1066.5	318.6
1067.75	318.9
1070.1	320.8
1070.85	318.35
1069.8	316.9
1069.7	316.25
1070.3	319
1068.85	320.85
1067.2	323.4
855.75	318.25
693.85	328.4
681	326.2
675.35	324.85
673.4	319.1
673.6	320.85
674.9	318.7
677.65	318.4
683.75	318.7
686.85	319.1
828.5	289.4
895.55	277.25
918.65	274.75
933.3	275.55
947.1	267.65
965.15	267.15
983.2	260.65
1002.6	262.85
1008.85	266.15
738.7	346.95
712.15	365.25
712.4	370.7
712	372.8
713.7	371.4
716.95	367.7
720.75	367.25
726.35	369.65
729.7	370.3
659.05	368.95
507.8	356.65
493.4	344.45
490.85	346.55
492.65	349.7
499.7	354
526.35	417.5
529.8	417.45
530.4	415.5
534.15	417.8
535.25	409.95
534.65	415.15
534.45	410.85
535.65	417.2
537.15	411.5
535.15	413.95
536.7	414.75
537	410.1
541.4	408.85
545.3	403.35
547.65	398.6
548.9	389.7
547.65	384.95
550.1	379.05
553.1	377.05
553.5	378.2
556.95	371.05
561.9	364.2
563.4	364.75
562.4	365.4
565.05	364.6
566.65	364.75
568.7	362.25
571.55	360.1
572.85	359.6
574.25	359
574	358.4
580.35	348.3
688.55	329.3
690.25	324.55
689.3	325.2
691.2	326.7
429.3	258.5
299.05	246.65
296.2	253.45
294.25	253.25
293.55	254.3
296.7	249.95
297	242.75
297.5	243.2
277.95	199.35
282.15	192.65
283.1	189.8
283.55	189.7
283.9	198.6
288.7	196.4
286.5	193.85
286.6	186.85
287.9	183.1
292.6	189.35
295.4	188.2
304.1	183.35
691.45	272.35
798.5	322.3
794	327.3
790.95	331.55
790.6	329.3
790.8	330.85
751.5	334.7
739	343.55
738.6	345.3
740.1	347.3
740.55	349.7
741.45	348.05
744.8	349.55
744.85	348.55
744.05	348.2
741.85	345.95
740.7	342.35
472.65	426.9
479.85	432.9
477.85	435.65
478	432.4
475.25	432.6
475.3	429.95
478.25	431.2
480.65	431.75
484.45	430.6
486.3	431.4
484.55	429.95
481.2	426.6
485.3	425.3
886.65	321.45
914.15	319.2
912.6	320.15
915.3	318.1
914.25	318.3
915.55	316.5
912.35	315.05
938.9	299.1
1008.5	261.25
1017.4	255.5
1018.8	257.75
1020.3	261.35
1023.2	256.25
1025.25	256.55
1027.6	258.45
1030.85	255.45
908.1	293
590.65	402
591.45	400.5
592.55	402.2
592.25	403.1
591.7	403.25
592.3	402.3
263	412.25
267.4	417.05
270.5	418.55
273.75	419.6
272.8	418.1
272.15	417.35
273.25	416.55
275.35	418.6
645.25	350.65
821.7	329.85
826.6	333.5
826.25	332.85
829.35	330.05
829.55	329.45
829.7	328.7
831.15	327.95
832.65	326
1103.2	358.65
0	0
0	0
0	0
0	0
0	0
787.35	338.7
784.85	340.35
780.75	338
779.6	341.6
778.4	340.05
778.55	339.35
781.15	340.85
778.95	342.8
779.8	343.7
777.9	342.8
778.25	342.35
777.45	344.5
777.65	341.9
774.45	340.65
771.7	337.2
763.6	337.75
702.85	309.2
692.65	306.4
686.6	306.1
683.25	311.1
675.9	312.05
670.7	312.5
667.2	310.45
661.75	312.15
659.5	311.65
659	311.5
658.05	314.8
656.05	313.7
655	314.9
655.65	314.85
655.4	314.2
655.75	313.15
809.85	316.4
872.65	309.55
876.6	307.7
876.8	309.35
878.95	309.8
879.15	311.2
880.95	311.3
881.6	319.35
883.45	319.75
884	319.85
881.7	318.9
885.1	321.6
883.8	323.85
883.3	323.95
886.25	326.35
888	325.45
889.3	322.9
889.2	322.85
888.45	318.1
887.85	322.3
887.75	325.95
889.5	324.35
889.8	324.05
889.7	323.5
892.3	323.5
892.5	320.25
892.4	320
892.4	320.45
890.25	321.95
892.2	319.65
890.2	318.2
890.55	318.25
891.3	318.75
889.75	319.8
892.2	316.6
896.2	323.35
895.9	322.95
897.8	322.05
896.05	322.25
895.1	322.7
895.25	322.9
897.3	321.1
898.5	318.85
898.75	318.45
894.05	319.1
731.3	366.7
717.2	364.7
718.1	359.6
715.05	359.8
713.9	355.2
711.7	352.7
714.5	343.75
715.95	339.1
707.3	250.9
697.45	180.6
697.35	177.15
699.7	170.9
700.15	163.6
701.85	156.8
704.75	144.95
703.15	143.8
700.95	141.45
705.35	134.05
705.6	133.1
708.2	125.7
710.1	121.15
710.35	120.4
713.05	120.1
710.25	115.9
709.95	111.05
711.15	111.1
710.7	108.2
711.5	108.5
713.35	101.45
715.15	94.9
716.1	94.25
719.15	94.35
715.55	95.5
716.05	95.2
717.85	96.35
567.3	336.15
587	532.35
590.65	540
588.45	546.9
592.4	559.2
593.65	410.6
587.9	390.25
587.6	399.45
592.55	407.5
591.8	410.35
593.8	416.55
597	430.2
594.15	435.7
595.1	438.15
593.45	440.7
594.75	445.05
594.15	456.15
598.15	468.1
602.2	474.4
603.45	485.15
671.55	334.85
672.25	341.45
670.5	348.25
671.3	352.25
671	350.05
669.4	348.2
666.8	351.1
670.4	346.8
673.05	347.9
646.85	343.45
529.85	284.9
528.85	278.8
532.4	278.2
530.15	276.1
510.35	196.95
515.65	184.1
515.25	181.35
511	189.9
508.9	189.05
509.55	190.2
473.35	223.7
420.65	441.2
426.7	462.55
425.9	452.65
430.4	456.25
436.3	461.95
437.9	454.95
436.6	452
436.25	449.05
443.3	458.95
442.5	458.15
444.55	462.65
512.25	361.4
561.5	324.75
567.75	322.95
570.2	322.85
569.8	321.45
571.05	320.85
570.9	313.85
572.25	316.3
576.05	327.2
571.95	321.5
569.1	320.35
569.25	325.8
569.1	326.95
571.05	328.45
571.05	322.25
572	334.95
575.85	331.35
569.55	315.75
570.4	313.85
578.2	325.4
576.6	322.85
576.3	326.85
454.45	413.65
449	406.9
447.55	407.2
448.8	410.9
446.2	405.85
452.1	402.45
489.4	386.95
781.3	379.1
790.15	373.9
785.3	370.35
780.3	366.7
782.3	366.65
783.3	367.85
647.9	240.55
610.6	225.1
604.9	217.7
606.8	220.55
606.55	223.5
607.6	230.6
602.75	225.05
607.7	231.6
605.85	227.85
611.45	171.2
615.35	174.85
615.6	177.3
612.8	173.3
611.6	172.1
613.05	178.45
765.35	363.1
773.1	374.4
778.1	370.7
778.85	376.25
779.3	373.8
786.25	369
932.15	302.25
937.9	300.9
938.6	305.45
938.8	307.95
948.1	301.5
948.65	308.95
957.95	310.95
958.85	313.2
958.3	312.05
959.45	312.8
964.95	313.15
962.8	313.75
964.95	315.1
965.95	315.1
966.6	313.4
965.3	312.85
968.45	310.7
967.65	312.7
968.15	315.5
970.3	315.4
784.55	356.95
668.7	413.8
666.95	416.75
668.9	417.65
670.6	414.6
670.6	414.8
690.45	385.2
760.35	216.15
768.45	213.55
771.9	216.45
777.6	218.65
780.65	216.95
783	216.5
783.85	218.25
785.2	220.2
790.35	222.25
787.55	222.85
800.4	364.75
800.7	368.6
801.4	366.65
804	363.55
804.25	362.55
810.35	356.7
813.5	353.75
815.3	352.75
817.35	351.8
822.45	350.9
824.8	349.85
830.5	346.7
832.15	346
836.65	348.4
837.1	349.35
838.95	349.35
843.45	349.95
846	348.05
851.5	355.45
852.75	358.25
852.45	356.6
853.35	357.9
856.55	355.85
855.35	355.6
641.5	314.75
626.15	313.8
623.25	316.5
626.6	314.2
629.35	320.8
631	321.55
635.4	323.05
635.85	325.55
638.9	324.9
506.65	399.6
512.1	405.2
512.25	399.55
514	401.65
517.1	402.45
517.6	400.95
622.3	221.25
636.75	220.95
637.25	224.9
637.4	220.8
636.15	219.65
634.75	218.95
635.7	219.05
635.6	215.2
637	213.2
638.65	213.55
637.25	215.15
636.3	217.75
639.15	221.35
642.9	223.55
644	222.75
642.1	219.3
580.5	361.75
584.05	370.2
580.9	358.85
576.2	357.45
574.35	366.55
576.35	371.05
576.1	372.9
575.15	373.7
607.35	404.75
0	0
0	0
0	0
0	0
0	0
0	0
0	0
616.45	402.05
614.15	401.8
614.05	404.85
615.45	406.05
615.75	403.7
617.4	403.45
613.3	407.85
613.65	407.8
615.45	408.8
677.2	339.15
726.25	233.4
723.95	240.55
724.4	244.5
725.25	243.8
726.55	250.35
722.5	255.6
719.65	257.35
718.55	261
717.05	258
714.45	259.1
714.1	262.95
715.3	265.9
647.35	222.65
647.2	223.3
645.55	234.55
646.6	240.55
653.05	242.1
656.7	239.5
657.1	237.5
652.75	240.7
651.45	242.55
652.85	242.9
652.65	240.6
652	236.8
651.6	236.75
558.6	361.15
552.15	366.35
552.35	366.4
555.55	360.3
555.65	359.8
554.25	360.5
554.8	362.55
555.05	361.1
557.2	363.7
558.65	365.9
604.7	344.75
633.8	334.55
636.7	329.8
638.35	331.55
636	334.55
637.1	335.05
635.95	333
635.6	332.8
635.75	333.15
636.95	329.65
640	327.65
638.25	327.1
635.65	326.05
636.55	327.75
639.05	327.05
640.35	329.7
636.85	332.7
635.25	331.65
635.7	328.4
638.95	321.2
573.9	322.25
571.4	333.45
572.25	330.7
568.85	331.2
571.8	330.9
575.05	337.65
576.75	337.05
575.35	338.7
575.6	338.55
571.7	337
569.25	337.95
570.8	337.75
531	289.85
531.3	292.85
530.05	295
528.05	295.45
528.35	291.8
526.85	289.25
520.15	282.9
557.9	225.75
556.05	235.65
557.25	239.85
559.1	243.05
563.4	247.55
562.8	249.35
562.8	242.6
561.45	241.05
560.1	242.55
561.35	244
562.15	247.45
580.3	243.4
631.8	233.75
634.15	236
635.35	235.7
634.2	238.8
635.4	238.1
638	235.65
635.2	237.35
632.65	233.3
630.95	231.55
633.15	231.8
634.3	234.35
631.8	234.7
637.3	240.45
662.1	330.9
666.65	338.45
670.25	340.8
661.85	340.75
664.45	332.7
647.7	253.9
650.45	246.85
651.65	246
649.2	242.5
652.4	246.95
650.95	246.4
651.2	244.75
652.55	246.4
650.3	244.4
648.5	245.05
649.4	244.7
648.3	246.45
586.75	235.65
581.95	241.2
586.3	241.25
583.5	239.4
585.3	239.75
585.15	240.25
583.8	240.4
590.2	237.15
654.3	288.7
660.8	298.45
661.35	296.45
657.9	298.85
475.1	371.7
474.45	369.4
476.25	366.6
478.85	367.4
474	366.25
537.5	337.2
641.4	298.15
645.85	292.95
642.9	303.9
642.5	306.3
635.4	300.65
632.5	299.65
630.05	304.7
612.5	225
613.8	234.6
614.45	237.35
610.35	240.85
611.95	237.85
608.05	236.55
601.15	236
647.6	194.3
651.4	195.95
645.1	202.9
649.1	196.8
645.3	197.85
647.15	199.3
650.7	198.35
650.05	200.8
648.2	204.2
654.4	219.7
654.3	227.55
652.95	227.15
654.7	221.65
653.15	225.8
652.05	229.05
651.15	225.65
650.8	225.85
651.85	226.95
652.15	225
654.2	225.05
695.65	228.3
696.4	222.95
697.55	221.55
695.8	219.2
695.15	219.65
696.6	215.6
697.05	213.85
700	212.9
704.25	210.1
707.8	207.8
707.35	205.8
705.65	203.1
700.85	204.35
699.1	201.55
685.35	307.6
681.3	313.8
677.3	311.5
675.55	308
673.15	302.1
669.05	299.5
601.75	411.7
594.15	416.65
592.6	413.75
592.15	408.85
593.25	404.15
591.8	399.45
591.55	401.3
636.6	372.35
636.3	371.55
636	367.85
633.95	367
634.95	367.8
637.45	370.5
709.95	359.35
715.3	359.95
717.35	361.75
716.4	361.1
717.4	362.85
716.65	359.35
716.8	356.45
712.75	357.7
714	356.7
716.45	360.5
609.95	267.65
609.95	267.65
616.4	267.5
617.6	268.35
610.7	267.9
611.3	262.25
613.15	261.8
610.2	263.15
609.9	265.65
578.55	281.65
549.65	324.95
545.95	329.3
544.4	329
544.9	328.75
542.95	331.4
546.55	328.1
541.55	330.75
541.95	328.75
526.3	215.6
523.4	205.95
525.25	203.95
526.4	200.45
524.75	201.2
525.6	203.85
521.5	205.2
521.2	201.8
521.55	205.1
520.85	212
519.05	213.2
519.65	213.55
518.35	215.8
521.9	217.75
522.4	211.5
525.2	208.15
525.35	207.7
526.55	205.9
524.85	212.1
450.95	216.05
447.25	217.7
450	215.45
449.7	215.25
452.2	212.55
455.3	212
454.95	214.3
457.45	217
459.25	217.25
458.75	218.1
459.35	218.6
633.65	352
647.4	378.9
649.05	391.2
649.85	384.6
648.7	383.45
645.9	382.6
647.05	382.3
650.65	377.55
648.15	383.8
649	383.45
648.55	379
648.2	382.55
647.25	384.05
648.8	385.3
648.6	383.95
650	383.3
649.65	384.55
649.3	384.7
649.75	385.1
649.7	384.35
649.45	381.5
650.5	380.4
648.65	386.1
648.6	387.95
647.15	385.85
646.75	382.3
645.25	383.8
646.3	381.95
645.6	381.3
647.2	381.35
645.9	382.15
644.95	380.5
645.3	378.95
646.3	380.95
646.05	379.15
645.25	378.65
645.45	377.6
644	380.05
640.7	387.8
643.45	383.65
642.45	381.45
637.4	382.4
637.7	384.8
638.25	386.85
638.65	391.7
643.65	387.8
640.35	389.55
635.55	389.4
632	384.65
629.9	383.2
632.45	378.05
635.15	375.65
635.5	381.25
638.4	384
636.3	378.65
635.95	378.6
635.2	376.05
634.5	377.4
634.45	377.9
634.7	383.8
635.4	382.9
635.95	380.75
638.8	383.45
639.8	380.95
646.45	380.5
646.95	380.5
646.2	380.95
648.1	380.85
646.15	381.65
645.95	380.85
646.1	381.05
646.2	382.7
645.45	382.95
646.05	380.95
646.2	379.75
646.4	381.3
643.7	384.75
643.8	388.65
643.7	387.75
643.15	388.1
643.15	389.55
644.3	381.45
641.65	378.9
638.55	373.65
641.55	374.4
638.95	375.35
638.5	378.3
638.9	380.95
637.25	381.1
637.45	380.4
638.1	384.15
637.4	381.6
636.7	381.1
635.75	377.25
634.55	375.45
633.4	377.35
635.7	378.45
625.4	365.9
561.65	215.3
563.8	217.6
562.9	216.25
564.65	217.2
563.25	219.8
564.45	204.65
570.05	163.5
569.45	162.45
568.75	164.25
568.6	166.65
562.85	169.45
559	164.9
534.25	177.1
521.75	192.8
513.35	192.5
505.2	189.85
500.55	189.1
507.6	190.65
967.3	172.25
1008.8	173.75
1007.35	173.9
1007.3	173.7
1009.25	175.5
1011.2	171
1012.9	165.75
1025.3	159.85
1023.9	160.45
1031.85	156.5
918.2	162.15
400.5	180.55
394.35	176.85
393.4	184.8
384.15	185.5
378.4	182.5
370.1	181.45
365.2	176.55
342.05	166.1
335.45	162.45
329.65	165.15
327.3	162.65
323.1	166.5
320.05	170.85
319.4	170.95
317.4	170.85
543.9	291
604.9	371.75
601.55	373.85
602.55	373.3
602.95	372.95
598.95	370.65
381.95	374.25
377.7	373
380.55	373
434.9	352.55
909.35	124.85
925.5	117.3
915.8	124.75
914.4	126.05
913.7	126.45
912.5	128.45
912.95	129.75
913.75	129.3
913.35	131.05
912.95	129.2
911.7	125.7
912.6	124.95
911.15	125
889.9	110.15
888.2	108.3
884.15	112.05
882.05	116.4
876.45	120.65
874.4	123.05
789.7	407.95
776.75	536.8
777.4	547.45
774.25	545.7
769.05	543.25
769.75	541.05
772	537.15
769.4	540.15
765.95	540.7
766.95	543.25
764.05	543.45
752.7	352.55
762.45	302.1
757	299.4
756	296.2
756.65	302.35
757.9	299.6
765.05	306.3
833.25	337.75
836.75	340.95
837.3	337.35
836.7	337.1
837.55	333.85
839.05	333.1
804.05	312
807.85	312.7
810.1	316.95
814.15	315.7
811.4	318.25
813.45	319.5
813.7	316.45
814.95	312
813	309.55
811.95	310.15
810.5	307.3
810.45	307.6
811.25	317.4
771	369.7
780.8	372
785.55	373.25
792.2	375.95
793.8	374.55
797.05	368.15
803.9	361.5
824.15	336.35
848.9	306.65
850.35	304.55
850.65	302.25
851.65	303.15
854.1	302
857.25	300.25
861	298.55
861.55	300.95
859.4	299.35
858.75	297.55
926.7	281.9
926.5	280.8
926.6	279.9
927.75	278.7
928.25	276.1
928.3	275.95
930.25	276.5
927.7	279.85
923.8	282.25
921.8	284.3
877.9	274.05
876.45	272.25
878.8	273.3
878.95	276.25
880.4	276.4
880.85	281.9
885.85	360.55
888.15	363.15
891.3	359.05
889.65	357.1
890.45	354.85
891.75	351.85
891.6	347.8
891	343.6
882.85	335.45
847.4	329.65
843.2	329
845.45	327
846.6	326.6
488.55	329.6
350.1	335.25
347.65	340.45
350.55	341.6
350.9	340.65
348.25	338
348	344.3
351.5	339.55
350.9	337.8
348.95	337.2
346.55	325.3
349.1	320.8
348.5	324.7
459.2	410
585.65	545.45
596.3	538.1
597.7	533.15
602.8	532.55
599.4	529.5
362.5	591.45
334.9	608.7
336.25	610.5
335.05	608.4
339.8	609.5
351.45	608.5
784.75	413.65
805.2	411.75
802.05	414.35
803.15	410.85
799.25	410.2
797.85	408.1
794.65	406.7
795.4	403.4
793.35	397.8
784.05	390.5
779.7	388
779.95	388.1
774.9	382.35
745.8	353
737.9	341.1
738.65	338.35
739.95	340.4
737.55	341.05
739.5	336.7
743.35	331.2
744	331.95
670.3	254.4
669.25	249.2
668.6	251.9
667.3	252.3
668.7	253.1
669.65	255.65
665.7	259.95
637.05	243.65
645.85	249.45
644.15	249.3
644.5	248.05
645.5	244.45
646.55	239.95
645.35	242.1
644.3	249.4
645.1	247.45
644.05	247.3
707.65	337.5
705.75	350.1
706.95	354.65
708.8	355.25
710.2	354.15
710.55	351.55
714.05	350.5
713.4	350.25
715.3	351.4
717	351.6
659.8	255.45
660.4	254.15
662.5	254.05
664.45	251.4
664	250.1
669.15	250.55
672.7	252.05
672.3	253
675.15	250.95
675.05	248.2
674.05	241
680	246.7
674.1	251.15
668.65	244.1
675.45	249.55
679.1	247.85
681.95	246.25
677.5	251.95
676.95	252.5
675.15	254.55
676.45	256.9
565.05	217
538.85	211.5
535.1	212.9
535.75	207.5
534.25	209.65
404	163.05
404.3	161.7
402.4	162.25
402.45	160.3
651.35	310.15
780.35	403.2
791.35	424.9
795.7	417.75
797.2	417.35
796.25	414.9
813	395.85
898.65	321.15
902.65	314.3
910.15	313.1
915.55	316
928.4	311.3
937.75	305.8
941.25	307.9
943.55	309.25
943.05	310.5
940.35	310.8
938.35	310.85
823.2	317.9
768.1	326.8
765.4	323
764.6	326.95
763.3	330.75
763.8	333.8
763.15	334.6
765.4	331.5
764.25	333
770.65	331.5
776.65	329.25
774.85	321.25
775.15	323.85
775.7	323.45
778.95	323.1
777.25	327.95
781.5	329.4
783.35	331.5
782.75	328.8
783.35	336.5
779.95	348.4
780.5	349.2
779.45	350.9
779.8	352.65
780.7	353.15
782.25	354.4
704.85	336.65
703.45	339.6
705.1	340.3
704.55	343.7
707	342.05
701.2	346.9
703.55	335.6
701.15	341.5
706.7	341.3
701.8	343.6
702.35	340.3
702	341.35
704.9	340.45
697.7	334.15
646.4	287.7
647.85	285.2
648.35	284.65
648.95	286.1
645.9	288.35
621.8	267
622.1	262.3
593.45	512.6
611.7	583.25
612.65	587.6
614.35	589.9
609.65	582.25
608.4	577.95
610.55	579.4
622.4	423.45
624.35	203.7
625.8	199.75
624	203.9
623.1	207.1
624.85	208.7
626.1	204.85
621.35	198.35
622.4	237.3
617.85	245.8
619.8	245.6
620.35	248.85
619.85	251.15
618.15	251.1
619.85	250.85
619.5	248.65
619.65	247.3
620.5	242.6
618.85	236.4
622.3	244.9
623.35	239.3
617.2	230.75
620.4	232.35
623.65	236.85
619.85	242.5
603.6	317.25
598.95	325.45
601.7	342.55
602.75	330.2
668.5	292.95
676.75	287.15
675.15	287.9
668.7	289.4
671.8	281.95
671.1	289.2
674.45	288.8
671.6	288.25
671.65	281.7
719.85	296.75
984.3	371.85
1000.2	370.45
990.7	366
995.45	366.95
992.85	366.35
988.85	361.25
987.95	362.8
990	366.25
819.35	299.35
648.1	266.75
642.6	259.9
645.5	269.2
647.5	270.95
644.8	266.1
645.95	267.35
641.6	266.45
949.95	394.65
969.6	410.05
971.1	411.55
972.05	415.3
971.75	411.2
965.5	410.5
967.65	404.75
971.05	405.2
951.5	314.4
950.05	307.75
945.7	307.25
936.65	298.1
941.6	307.45
944.1	312.65
938.55	329
935.75	325.8
932.55	333.8
931.35	332.65
928.7	330.6
921.95	327.2
923.95	331.65
925.45	332.75
924.45	333
918.45	326.25
919	325.5
916.3	326.8
916.5	336.75
909.15	324.55
888.85	320.7
887.4	325.75
887.7	320.7
890.15	325.4
884.65	321.2
882.6	320
885.7	321.7
884.95	313.6
886.9	317.95
888.9	314.5
889.95	317.7
886.75	323.65
887.6	320.25
889.1	324.95
889.05	324.35
883.15	320.05
889.9	329.4
891.4	324.95
890.6	322.95
889.4	325.7
580.45	350.5
435	375
438.3	374.05
434.35	375.25
434.8	381.4
438.3	375.35
437.2	378.8
345.4	377.85
349.85	379.65
355.15	394.65
356.9	395.45
358.3	397.45
362.85	395.75
360.15	384
280.3	431.55
278.85	425.3
284.3	435.95
288.85	433.55
284.75	428.55
289.3	435.5
291.85	435
289.1	422.45
371.3	410.35
655.85	399.05
664.65	396.35
668.8	395.95
665.55	387.45
674.45	394
668.2	393.45
677.35	392.7
858.2	333.6
868.4	332.35
871.95	337
871.4	339.35
868.5	341.55
867.75	330.35
873.8	334.45
654.45	421.3
530.5	458.15
524.3	464.25
521.9	464.25
522.9	460.35
524.15	458.25
524.4	458.4
525.05	459.8
726.15	444.95
747.7	439.5
748.75	442.5
747.5	445.1
748.3	443.25
750.7	439.5
752.4	442.9
754.2	448.6
746.1	444.35
503.5	418.05
510.4	421.75
513.45	417.7
512.5	413.35
514.4	410.05
514.3	405.5
516.5	416.6
517.2	408
515.9	411.45
516.15	417.6
660.25	206.1
659.5	212.6
657.9	216.35
654.75	220.45
656.45	213.35
654.95	216
653.4	215.25
659.65	212.1
657.65	205.6
657.9	216.65
659.25	219
658.7	221.05
660.05	217.65
659.55	219.85
659.15	218.45
661.5	211.95
607.35	190.25
604	188
603.9	188.35
603.95	191.2
605.65	183.95
375.8	368.75
381.7	369.6
385.3	364.45
381.9	361.9
381.7	362.75
289.7	414.35
289.2	417.85
292.2	419.5
292.45	416.1
293.45	416
294.15	412.95
295.85	417.15
317.4	414.6
823.85	302.7
877.95	308.9
870.6	310.7
870.2	306.75
872.35	305.15
869.25	305.85
871.5	306.15
871	307.25
863.95	306.7
831.8	314.5
832.7	313.35
831.8	314.5
829.3	313.7
829.7	314.8
827.55	314.8
827.55	314.15
825.95	311.4
825.75	306.45
824.75	306.1
824.1	306.4
825.8	306.9
828.2	313.1
825.8	313.7
823.05	312.8
823.35	313.7
820.95	315.45
570.4	407.85
386.75	465.25
377.25	471.45
378.75	464.95
379.85	466.15
379.8	464.35
373.15	415.5
375.25	426.5
377.7	422.95
376.5	420.9
377.3	418.95
378.5	419
375.95	420.1
374.5	420.1
376.35	420.7
379.5	430.45
379.2	413.15
381.8	410.3
382.6	406.6
381.75	400.8
716.65	313.9
754.3	310.65
753.25	313
750.7	314.9
749.1	313.15
750.6	309.8
748.7	309.35
526.3	277.25
523.4	278.5
526.95	277.1
527.6	274.5
528.25	275
530.35	273.7
533.15	269.15
434.2	277.65
417.6	276.3
417.05	273.7
416.25	276.05
414.35	276.25
412.5	276.6
411.55	275.1
413.7	278.7
413.3	280.05
415.45	279
404.4	264.85
400.5	264.8
405.4	264.15
407.8	263.1
410.5	261.95
412.7	271.2
419.7	274.95
435.45	302.4
436.1	297
438	289.3
441.6	289.3
451.15	292.9
460.15	293.45
468.75	298.05
472.6	302.65
481.1	298.9
491.55	297.05
496.6	295.4
503.3	293.25
508.2	294.4
518.45	294.75
535.15	243.9
536.6	241.35
539.15	241
546.35	240.3
550.95	239.35
556.85	241.1
561.95	236.85
566.2	238.05
568.8	237.65
574.05	237.15
579.2	237.5
584.1	239.35
589.8	241.85
594.8	246.55
600.6	254.7
604.85	255.15
612.45	254.7
620	255.65
655.35	313.25
0	0
604.3	262.05
607.35	255.75
609.6	251.6
616.5	249.85
621.7	258
627	257.1
630.3	258.2
640.6	254.15
643.45	255.5
725.9	220.6
733.9	219.4
741.35	219.15
749.9	217.1
761.55	220.75
773.1	220.55
785.15	222.55
794.05	224.25
805.25	223.5
812	224.45
823.85	226.45
840.05	227.95
852.8	230.8
862.8	231.9
873.55	232.5
883.15	233.25
889.45	233.5
710.95	281.3
669.55	311.1
676.65	313
674.5	313.15
676.9	311.75
676.6	310.25
676.7	310.25
674.75	314.05
675.7	318.8
676.6	319.1
681.3	319.7
681.05	323.75
681.3	328.2
676.85	333.7
680.25	340.95
574.05	282.1
546.6	260.9
548.35	263.1
548.1	267.3
551.25	275.25
552.95	277.8
554.7	281.75
560.55	288.95
559.6	295.85
561.85	302.4
560.35	316.15
562.05	309.55
563.45	313.3
566.55	321.6
568.9	325.8
570.45	331.65
571.7	342.75
574	348.95
574.2	357.85
574.95	362.85
546.5	379.25
430.25	457.75
422.65	464.8
427.4	465.4
429.65	468.25
430.05	470.55
432.3	469.8
435.55	472
327.2	606.95
334.6	610.55
339.45	612.05
347.25	618.25
354.05	622.85
360.2	623.3
362.5	624.4
366.95	626.4
370.25	625.1
554.7	523.6
588.75	477.7
592.45	473.35
594.9	471.6
596.45	473.95
0	0
0	0
0	0
0	0
0	0
0	0
607.7	406.3
608.2	405.95
606.2	405.75
595.3	366.75
580.7	192.65
579.35	190.9
575.6	195.95
579.1	199.9
582.45	201.65
582.6	201.35
554.5	464.6
578.2	716.65
0	0
0	0
0	0
0	0
0	0
574.2	669.8
566.75	643.15
564.25	638.05
564.05	632.95
567	626.1
568.4	621.7
571.45	618.6
678.05	599.95
675.1	603.6
676.55	599
679.2	595.5
680.35	592.55
679.1	596.45
681.75	595.4
682.15	597.25
648.9	504.8
597.55	234.95
596.15	229.4
593.55	239.35
594.8	235.85
594.85	236.55
595.8	234.9
595.05	237
700.95	609.25
718.5	632.5
718.2	628.15
718.1	629.1
714.5	625.3
708.15	627.2
716.9	629.7
787.05	599.35
794.4	598.25
792.4	596.8
790.35	599.4
787.4	593.95
787.65	590.3
786.75	591.8
785.65	590.7
782.45	595.65
786.2	591.6
783.8	585.15
783.6	581.3
692.75	566.95
687.3	567.25
683.2	563.85
684	561.45
680.65	560.35
688.5	564.05
684.6	563.45
684.35	559.95
684.3	561.45
603.75	287.35
601.05	273.8
603.3	284.55
605.4	286.1
602.65	276.85
601.05	280.25
609.7	287.15
603.9	275.5
605	277.55
605.65	280.9
608.75	511.5
611.9	560.95
606.6	558.1
606.25	562.05
605.1	565
602.7	556
452.95	575.55
462.85	575.2
465.45	574.25
467.05	572.75
467.9	567.25
472.95	570.7
471.1	566.85
643.35	604.6
665.25	611.45
660.25	610.15
666.5	612.7
664.65	612.95
662.5	611.25
664.55	611.3
618.05	615.15
603.25	613.95
601.2	616.75
599	617.5
601.25	617.35
607	618.45
606.2	620.65
604.25	621.35
605.35	620
600.8	614.55
600.45	615.9
601.65	615.6
600.75	615.05
605	613.15
603.3	614.25
603.8	615.4
604.05	610.4
602.85	610.1
606.65	608.9
606.05	608.9
605.8	610
605.65	603.15
607.5	609.5
616.05	581.5
730.25	374.4
729.2	381.65
731	376.4
727.1	367.15
725.3	370.3
725.05	366.75
717	283.05
718.45	282.3
714.95	285.3
719.75	289.4
723.3	289.7
719.15	291.65
689	289.55
692.75	291.7
694.55	294.8
693.1	294.95
690.6	293.5
694.45	296.35
692.85	299.3
695.2	299.5
692.55	300.05
690.4	300.1
710.3	387.55
712.6	379.2
707.55	374.65
708.1	381.3
717.1	382.25
713.95	377.7
685	330.45
685	317.6
683.1	318
682.2	327.7
679.1	317.75
678.15	317.65
678.5	315.75
681.55	321.05
687.75	321.2
695.35	324.9
695.75	326.8
701.3	321.65
699.8	324.85
699.75	322.4
701.25	321.9
701.5	327.2
700	425.5
659.15	718.2
0	0
0	0
0	0
0	0
0	0
0	0
0	0
0	0
0	0
0	0
0	0
0	0
0	0
0	0
0	0
0	0
0	0
0	0
0	0
532.65	188.75
528.65	197.3
532.8	201
527.9	199.45
531.25	205.65
537.75	203.55
540.45	204.5
586.2	201.5
667.85	208.55
677.1	207.65
674.05	214.7
675.95	215.15
675.85	208.9
680.85	212.55
648.6	251.4
539.1	450.45
524.35	460.8
523.8	456.5
528.05	448.75
529.55	445.75
534.95	454.6
0	0
0	0
0	0
0	0
0	0
548.75	390.2
552.15	388.1
552.2	382.25
550.9	377.5
551.3	378
549.75	384.8
549.5	383.55
550.75	386.65
548.4	387.85
548	387.1
550.5	385.45
442.75	475.75
417.15	483.35
417.95	483.6
416	486.6
417.7	488.2
414.35	490.85
413.9	489.7
486.7	463.15
611.75	446.6
626.55	447.2
625.4	448.15
622.95	452.4
622.55	452.5
623	453.4
609.6	395.25
605.75	404.5
606	405.55
604.1	405
604.55	403.05
606.05	401.4
605.55	398.1
447.6	408.9
446	413.95
447.9	416.25
447.55	413.75
445.65	414.8
445	415.8
570.55	387.25
576.7	389.4
577.95	389.4
579.45	391.8
579.2	383.45
617.65	129.6
617.35	136.5
616.65	136
617.15	135.25
616.9	136.45
615.05	135
617.5	145.35
606.95	94.9
609.3	100.35
609.8	99.1
612.4	100.85
612.8	102.1
609.55	103.55
672.1	337.7
664.15	428.3
658	441.4
662.9	447.65
664.95	449.1
657.6	451.75
662.05	447.25
660.5	442.3
663	446.05
658.75	445.85
659.65	447.2
665.6	446.8
664.3	446.4
664.2	445.55
663.6	445.2
663.05	443.55
661.7	443.7
659.85	441.95
656.8	441.3
654.65	440.9
655.9	441.15
651.1	381.35
656.2	385.35
657.6	387.55
657.75	390.65
656.55	392.45
629.55	339.5
552.5	266.75
545.45	260.75
548.25	261.15
549.85	265.55
547.2	261.55
547.2	261.05
548	261.55
545.9	267.3
546.55	265.55
545.2	263.05
541.8	264.35
541.8	271.7
612.95	307
607.3	312.2
607.15	310.7
607.2	310.6
606	310.45
605.35	309.65
600.8	195.85
596.7	135.1
598.55	125.45
596.8	124.9
596.6	123.8
597.15	124.6
598.35	124.85
597.95	127.35
590.95	93.1
587.15	103.75
591.15	104.1
591.65	103.95
590.8	106.6
590.25	108.15
591.8	108.95
593	110.75
594.15	84.3
594.4	89.25
595.95	87.1
597.5	87
599.6	86.2
599.15	87.65
600.25	87.3
598.2	86.35
599	91.35
594.7	94.65
598.45	92.2
598.8	92.5
600.3	90.95
600.3	89.7
599.2	88.85
599.25	86.5
601.15	86.15
603.45	87.1
601.1	88.05
599.7	89.35
599.55	89
599.55	89.85
599.65	89.85
602.7	85.4
605.55	85.25
605.55	84.5
606.35	86.8
533.3	289.25
527.2	408.3
525.9	423.25
528.9	420.15
531.1	416.7
528.45	416.8
528.05	413.8
529.25	413.65
616.15	351.85
620.45	350.3
620.7	348
621.5	349.9
624.4	352.5
619.1	356.3
619.35	349.75
619.3	345.35
618.05	346.65
617.8	344.05
618.5	345.75
