651.3	379.4
651.7	379.05
651.6	376.9
651.3	376.05
652.35	376.3
653.1	378.4
654	375.35
651.9	373.2
653.6	371.7
653.45	373.8
651.55	374.6
649.3	376.15
722.05	477.2
0	0
0	0
0	0
0	0
0	0
0	0
0	0
699.1	253.65
699.2	267.7
696.65	269.4
697.6	271.8
699.25	271.1
694.75	273.25
696.55	274.25
699.3	278.35
704.5	276.65
702.15	279.25
705.35	278.75
706.55	279.85
712.45	277.35
713.4	274.55
716.5	274.3
1041.7	603.5
1072.4	651.4
1074.85	670.35
1075.8	670.05
1080.55	674.95
1081.45	675.6
1081.15	676.05
1080.65	674.4
1079.3	673.45
1084.5	671.9
1040.75	666.8
731.1	324.7
716.1	328.25
716.45	330.75
717.6	329.6
723.05	325.3
722.5	323.5
721.35	324.6
716.45	326.9
942.7	297.05
940.65	301.55
943.8	301.65
947.7	303.05
949.75	307.4
612.75	318.15
514	313.8
511.1	315.45
512.05	317.4
510.7	317.15
509.9	321.55
506.7	318.4
507.7	316.15
514.8	326.55
460.65	546.9
0	0
0	0
0	0
0	0
0	0
0	0
618.1	296.55
617.7	302.05
618.6	309.65
620.4	314.1
614.3	305.25
616.55	317.5
683.55	317.35
709.55	322.6
710.8	324.2
706.3	324.25
709.15	326.45
711.15	327.25
711.15	330.6
712.65	334.5
713.5	331.5
716.15	328.1
719	332.55
574.5	409.05
565.05	401.15
561.2	406.45
564.4	414.35
559.4	413.95
555.45	411.15
557.45	418
552.3	423.75
441.8	359.6
439	352.2
442.05	346.6
444.65	339.9
462.85	336.35
471.75	342.15
1022.9	606.95
1065.75	653.55
1057.15	651.6
1058.45	648.4
1055	648.4
1057.1	642.6
1063.75	650.35
1118.1	644.7
1117.85	645.65
1116.4	653.35
1115.3	655.3
1047.2	645.7
522.05	313.2
511.8	307.2
516.95	312.15
515.45	303.15
517.1	304.5
507.7	298.8
518.2	303.55
512	300.75
513.1	303.45
713.45	325.25
733.95	317.15
737.3	322.55
733.75	326.3
731	320.9
733.95	326.1
737.45	319.85
733.95	324.2
735.1	325.9
731.75	317.65
577.2	321.25
589.15	313.9
587.55	309.95
587.3	308.45
590.1	308.4
580.95	308.4
583.7	308.9
584.9	315.85
573.55	307.85
574.9	308.7
580.9	312.75
570.35	312.65
580.8	316.15
579.65	315.45
570.65	312.55
572.55	322.65
567.3	319.75
562.95	320.5
564.2	316.2
561.75	315.65
560.3	320.2
566.45	320.4
566.15	321.1
565.65	321.95
565.7	313.7
560.05	314.8
574	322.9
571.15	322.1
569.7	316.95
567.85	314.1
569.3	317.15
570.15	315.35
564.25	300.65
567	304.55
572.15	308.2
567.45	309.7
566.5	309.5
567.25	304.85
578.75	285.45
580.85	274.65
576.25	276.4
575.4	274.9
584.35	277.95
527.1	571.15
0	0
0	0
0	0
0	0
0	0
575.85	276.35
573.7	292.4
572.85	289.35
569.35	291.55
571.2	287
569.45	280.5
568.35	284.45
566.75	278.1
567.7	278.1
571.35	280.45
567.7	283.8
570.1	284.35
572.95	284.5
569.7	276.9
573.65	279.7
577.45	284.3
580.5	282.1
580.1	282
580.85	280.25
582.05	281.3
583	279.75
585.55	282.45
596.5	285.35
591.1	284.8
593.75	288.6
599.85	289.6
605.75	291.9
610.15	281.95
614.15	290.95
621.8	290.3
624.2	295.55
632.9	296.05
633.15	300
637	295.75
642.15	300.9
642.6	300.75
653.25	297.25
647.65	298.85
0	0
0	0
0	0
0	0
0	0
457.3	312.55
447.8	302.65
453.85	303.45
452.9	301.7
454.85	301.3
459.15	298.75
457.05	296.55
457.25	302
453.05	301.1
452.75	294.3
454.4	296.8
454.45	303.4
528.05	307.65
558.85	301.55
565.6	311.95
562.1	306.65
0	0
0	0
0	0
0	0
0	0
0	0
722.25	315.6
0	0
721.35	312.75
722.65	312.45
725.75	312.5
721.55	311.75
715.05	312.5
716.75	310.55
717	310.5
718.45	311.1
577.85	316.3
580.85	316.3
578.15	317.25
577.65	316.75
583.5	316.9
581.8	326.35
518.8	371.2
511.85	384.55
511.9	384.05
512.25	383.3
517.05	394.55
0	0
0	0
0	0
0	0
0	0
0	0
725.6	305.55
724.1	315.1
723.05	312
723.1	312.75
715	317.05
714.45	315.25
716.75	315.4
716.45	317
719.9	315.85
603.15	327.15
563.4	330.8
558.9	333.55
556.25	332.65
553.5	327.75
552.5	326.45
551.5	326.35
553.4	325.1
918.85	513.55
1004.7	588.05
1017.05	607.05
1022.05	610.8
1026.5	610.85
1028.3	608.6
1024.05	609.75
1076.25	632.4
1086.2	639.65
1091.55	641
1094.9	638
1096.1	638.55
1143.9	641.3
1135.85	639.75
1135.25	640
1138.25	640.95
1136.65	642.4
1185.05	624.2
1170.75	631.15
1171.4	630.25
1172.5	629.55
1176.75	629.05
1177.45	630.5
1173.85	634.5
1176.1	640.65
1164.5	615.6
776.2	439.85
598.2	348.55
567.35	331.05
566.05	328.45
568.7	330.05
569.15	334.35
572.65	337.2
571.7	336.85
563.6	335.1
560.95	332.05
564.65	334.5
562.1	338.3
568.85	336.5
562.35	334.75
564.65	333.5
564.75	332.7
563.3	334.05
567.6	335.1
520	304.2
532.15	266.8
533.5	267.6
535.2	268.1
539	266.8
535.6	266.7
539.9	266.9
539.85	268.7
537.55	269.95
536.55	269.95
538.6	271.55
536.55	272.65
535.45	267.45
537.25	269.55
534.4	267.9
538	269
538.05	268.15
588.2	271
613.15	259.5
621.05	259.25
621.7	261.2
618.55	261
620.7	261.15
620.65	260.05
618.9	261.6
622.35	259.2
623.7	257.2
623.7	257.65
622.6	255.4
621.05	259.95
620.7	258.3
620.4	258.65
624.95	261.15
624.05	260.35
621.35	258.85
624	259.65
625.2	259.85
625.35	261.8
624.25	262.3
624.75	265.05
587.15	235.75
586.95	234.25
587.3	238.2
589.4	236.55
589.1	236.55
590.7	236.45
589.25	235.4
588	235.85
668.8	220.75
653.55	222
654.55	219.55
654.3	216.15
649.6	218.15
649.05	220.15
652.3	221.85
651.7	224
647	225.8
652.15	225.9
653.3	227.35
548.25	265.3
552.85	269.45
555.7	272.05
557.15	272.05
564.55	278.6
571.75	280.7
577.1	283.95
585.05	287.3
588	289.9
591.1	291.75
593.25	293.25
603.5	295.1
605.5	296.15
610.8	297.45
615.6	295.7
616.15	297.7
620.9	297.25
625.5	299.85
484.35	313.1
493	317.6
489.65	321.35
489.15	322.15
489.95	321.2
492	320.6
491.25	321.1
491.4	319.1
493.9	321.3
494.4	319.65
494	319.8
497.35	318.55
497.35	317.15
493.7	316.85
498.5	322.3
500.5	325.1
534.8	324.35
636.65	322.6
648.5	325.1
649.45	324.15
649.45	324.7
652.3	323.75
651.1	322.85
653.1	323.4
650.9	324.45
653.75	324.7
654.2	325.6
649.85	325.5
653	324.3
653.05	325.3
654.1	325.65
621.05	327.3
595.8	343.8
510.6	389.85
580.2	378.35
570.85	387.95
569.85	390.25
576.4	413.25
0	0
0	0
0	0
0	0
0	0
0	0
0	0
492.1	277.25
497.2	311.3
495.55	308.7
497.75	306
499.45	299.15
503.3	293.4
505.3	297.25
503.95	304.5
502.8	306.9
504.85	305.25
507.8	311.55
511.35	312.55
745.25	305.9
782.8	297.25
785.3	295.65
789.4	297.5
795.5	299.4
796.8	298.7
797.45	301.1
567.3	263.7
342.2	229.05
350.4	213.75
351.1	212.95
355	209.15
356.45	214.5
358.25	218.45
362.55	216.5
370.05	215.05
372.65	217.15
374.15	217.7
375.95	218.05
378.6	217.8
383.05	220
387.6	217.45
392.15	221.5
399.05	217.7
396.9	217.7
403.15	216.5
405.1	216.15
409.6	216.95
415.7	215.1
417.85	209.75
614.3	178.95
618.55	177.65
626	177.65
630.05	180.4
632.8	180.8
636.9	181.6
675.05	308.25
694.25	305.9
689.45	307
689	307.75
687.75	305.4
687.8	305.45
690.15	304.15
690.7	303.6
691.6	303.05
688.7	299.85
687.9	298.95
689	298.05
685.75	294.5
684.4	290.9
682.9	288.55
683.7	284.7
684.9	283.85
681.2	283.6
678.25	287
647.45	235.05
648.15	231.1
640.95	232.9
643.35	233.15
644.95	234.15
645.65	239
645	239.7
644.15	241.4
643.65	241.2
647.55	240.35
645	243.05
646.85	242.65
645.55	243.4
644.15	243.15
647.2	244.25
587.7	579.55
0	0
0	0
0	0
0	0
0	0
650.85	248.4
653.7	249.75
651.3	247.9
650.25	249.45
648.15	248.2
647.25	245.6
648	243.6
643.3	244.05
642.1	245.1
645.65	243.65
682.2	211.9
683.9	213.9
684.25	216.75
682.6	215.85
682.3	218.6
684.55	219.1
689.75	215.6
689.1	217.8
686.55	220.15
687	218.2
594.8	248.55
603	245.55
603.7	243.6
605.55	245.4
606.1	242.8
604.4	242.6
603.35	242.7
603	243.55
605.5	240.85
609.25	237.3
608.2	234.8
605.85	235
607.6	233.05
602.1	233.7
600.75	235.1
599.95	237.3
601.6	238
601.2	241.35
603.55	243.6
605.65	249
639.5	296.9
676.1	336.25
674.1	341.45
679.6	344.55
687.55	351.75
693.45	352.75
697.15	356
700.4	354.65
699.25	358.35
549.35	222.4
550.5	235.5
556.2	242.45
565.8	247.85
567.8	246.35
579.6	251.6
584.05	253.1
588.4	260.4
594.25	257.05
539.05	274.3
547.4	277
549.85	271.35
555.45	270.35
560.45	269.55
563.75	268.65
567.3	269.15
807.85	374
809.15	370
811.7	368.25
817.8	364.85
818.1	364.65
820.15	362.85
822.4	363.5
819.45	365.2
818.4	366.35
820.25	361.25
930.05	342.95
941.4	337.8
943.05	335.75
940.6	330.05
939.5	326.7
944.9	325.1
947.5	319.95
945.1	316.8
944.8	318
942.05	316.95
812.5	350.4
801.6	345
794.25	340.05
792.05	337.85
789.9	338.9
788.15	335.9
786.85	337.05
783.7	335.95
779.55	331.25
852.65	401.25
848.8	397
844.6	395.7
839.75	394.85
837.6	392.4
834.4	387.65
830.3	387.25
824.45	385.15
818.15	387.75
817.8	388.05
636.25	251.85
627.05	224.45
624.6	221.4
625.25	219.45
627.85	218.2
629.35	223.65
632.05	221.85
631	222.75
633.2	225
636.85	224.35
637.45	228.25
636	226.65
613.9	379.85
615.8	432.85
614.8	443.1
611.15	441.55
608.5	439.2
609.25	440.4
611.55	440.25
614.9	439.65
612.45	440.3
611.25	442
611.9	185
608.25	194.05
607.5	192.2
610.95	196.45
611.35	195.7
602.05	195.6
607.8	195.25
612	194.4
609.95	196.4
609.35	188.4
607.9	183.4
610	186.65
612.5	186.75
608.85	185.1
609.6	184.95
607.5	183.4
607.45	178.5
600.4	178.05
600.35	182.15
605.35	180.65
607.45	188.75
610.55	197.2
607.85	197.5
609.05	201.7
609.1	202.05
608.85	205.6
608.7	206.75
605.95	200.3
606.55	201.4
607.65	203.8
611.45	209.7
609.9	206.5
612.85	208.7
609.55	202.1
616.7	207.45
612.65	205.2
615.9	206.65
607.9	194.85
612.45	204.65
608.75	208.3
608.8	206.9
613.05	212.9
611.8	213.85
609.65	208.55
608.3	212.2
606.75	210.4
604.85	209.25
608.65	209.25
607.6	210
607.45	207.55
611.65	206.1
609.7	207.15
651.85	327.3
682.8	580.4
705.85	587.65
697.35	582.85
703.8	591.95
697.1	585.1
701.15	587.15
699.9	587
698.3	580.65
703.05	587.8
702.25	585.2
696.7	581.9
699.2	578.75
700.2	584.2
576.15	648.5
525.9	628.85
522.5	633.55
523	635.55
525	635.4
525.6	634.5
529.6	634.1
526	635.8
621.6	174.7
614.85	149.25
618.75	152.45
619	154.1
618.15	152.85
622.95	153.6
624.35	153.3
622	156.5
622.6	153.6
627.15	156.75
625	152.7
626.1	150.85
626.4	151.2
634.4	158.55
639.3	153.85
627.55	145.35
634.1	155.5
636.65	155.75
637.5	156.6
638.2	160.65
636.55	169.95
639.05	179.75
636.4	187.2
637.05	197.95
634.8	210.6
639.4	223.7
642.95	243.1
643.5	257.3
647.55	267.7
724.75	156.1
730.7	97.15
731.35	104.25
737.9	116.7
737.8	123.8
734.65	130.05
737.55	138.5
738.35	146.35
729.6	146.35
736.85	160.8
728.65	164.45
732.45	166.6
735.8	176.25
728.35	171.9
725.7	182.65
723.65	188.9
723.5	191.3
726.4	201.6
725.85	215.65
722	221.35
723.95	229.65
724.15	236.8
723.6	244.8
718.7	250.3
721.3	257.3
724.55	264.15
723.45	271.7
724.7	281.35
723	288.1
720.5	290.7
719.35	299.35
717.1	297.8
713.7	304.9
715.9	310.35
717.05	301.3
720.2	305.2
726.8	305.95
731.7	307.75
734.45	308.8
737.4	306.6
737.75	305.8
737.45	299.05
744.2	297.3
744.85	293.6
750.35	292
757.75	291.05
761.7	293.1
768.2	295.05
642.6	332.45
641.05	330.15
642.4	328.85
644	327.7
648.4	327.3
652.15	329.9
656.4	329.25
656.95	332.55
662.35	330.05
668.9	327.65
666.3	330.25
670.7	330.25
678.8	330.5
681.4	324.85
685.55	325.05
688.05	323.3
693.9	321.8
697.4	328.35
700.55	330.45
710.45	333.45
715.65	331.85
720.1	333.95
723.45	332.65
731.25	326.5
737.85	325.35
747.75	323.4
755.65	322.05
765.85	322.45
775.6	324.65
783.15	324.4
790.35	322.7
555.3	373.6
522.7	369.9
525.8	365.2
525.1	366
525.5	365.05
523.35	364.6
522.9	362.9
524.55	365
528.3	363.3
529	361.9
527.2	359.95
531.6	359.85
534.5	359.95
537.35	356
537.2	353.1
537.45	353.55
541.75	351.35
543.6	347.95
544.05	348.05
545.55	344.2
549.65	343.7
554.4	344.3
558.35	343.35
561.75	343.2
520.45	337.6
534.55	338.05
534.55	339.05
532.35	337.4
535.9	334.65
537.45	336.3
538.15	332.55
538.85	331.95
537.75	331.9
540.3	331.4
541.05	330.85
541.15	334.65
539.25	336.7
539.65	338.7
538.8	337.7
540.1	340.85
537.95	341.25
534.05	340.25
532.9	336.5
526.25	335.2
523.35	334.85
516.9	331.8
506.75	333.4
498.1	332.05
486.2	332.1
479.65	331.3
471.15	332.85
518.05	333.85
973.45	319.15
965.7	321.05
961.35	324.95
953.8	324.75
947.65	321.8
940.5	320.8
935.9	317.55
926.9	317.15
922.55	317.25
940.4	294.55
941.25	299.4
933.95	301.5
927.75	299.8
922.25	300.4
919.8	301.15
913.3	299.95
910.8	300.75
903.6	301.55
901.1	301.65
893.95	301.2
889.15	302.25
888.2	300.95
886.25	303.4
880.2	308.15
875.45	309.85
873.8	310.85
875	308.85
874.05	308.1
868.55	309.85
866.95	308.75
868.6	309.55
506.05	354.6
523.25	365.65
523.65	370.95
520.25	376.7
520.9	376.95
522.85	378.85
523.6	379.5
524.7	382.2
621.95	345
622.65	340.85
628.2	341.95
628.7	342.85
626.95	341.95
627.45	344.65
628.8	345.85
627.65	347.4
628.35	347.95
627.8	349.75
626.65	351.6
628.35	353.05
623.9	352.75
620.7	353.6
619.75	354.05
618.45	354.4
617.4	354.1
617.1	354.15
617.65	357.65
618	357.75
620.9	359.6
623.55	354.15
622.85	349.9
624.7	351.7
627.05	350
658.1	303.25
660.9	301.1
663.9	302.5
670.75	305.95
674.45	309.85
677.75	312.3
681.8	312.55
681.7	313.9
680.55	313.95
679.95	312.4
680.1	316.3
683.85	317.85
684.1	316.35
683.95	314.65
685.15	312.4
584.7	351.05
608.7	343
607.8	346.1
604.55	348.45
600.95	352.25
603.25	350.8
602.5	350.75
598.9	353.25
605.75	356.6
608.25	365.5
606.3	362.85
610.15	364.45
614	360.65
614.7	361.25
616.05	357.25
613.3	349.25
610.2	341.75
610.35	340.9
608.45	345.8
607.45	351.05
606.7	354.75
608.9	358.5
610.35	357.3
610.5	356.55
612.9	353.95
611.2	349.85
608.8	348.3
612.5	348.05
611.5	347.75
613.8	353.4
618.75	361.5
617.95	364.9
620.85	370.6
622.25	369.2
622.35	368.65
624.15	370.95
625.35	373.4
622.5	370.65
625.1	371.45
620.85	371.3
621.15	371.95
620.15	369.95
852.35	268.45
924.9	223.55
928.95	226.55
929.05	230.7
928	231.85
929.15	233.35
926.95	236.4
928.65	238.2
929.05	237.5
930.55	238.6
930.4	240.05
929.35	239.15
932.95	237.85
933	237.6
934.4	236.85
931.3	238.85
931.35	236.25
931.35	236.75
929.95	237.85
890.45	356.45
894.6	371.05
894.7	369.6
891.9	368.05
889.2	368.65
886.05	367.2
885.15	367.3
882	365.2
879.35	365.6
877.35	363.3
873.65	362.9
874.3	362.55
873.3	361.4
873.5	359.55
873.65	361.85
874.95	357.25
475.15	389.3
407.45	401.7
413.25	405.5
415.1	404.4
415.7	408.35
413.7	408.35
411.95	406.75
411	405.5
408.45	403.85
412.15	407.2
410.6	405.1
434.8	396.3
748.55	337.3
768.1	335.3
768.35	334.1
767.95	334.2
766.85	332.35
762.3	330.6
762	328.55
761.2	328.25
762.3	330.7
761.95	329.05
765.1	324
767.3	322.65
766.95	323.15
767.8	323.25
765.9	321.8
764.25	319.25
770.75	320.55
771.9	320.85
772.85	320.05
770.15	320.2
769.2	319.6
698.35	328.65
391.5	325.15
379.75	323.7
376.75	324.2
376.15	324.05
374.5	325.25
374.8	329.3
378.4	330.3
377.5	331.05
376.8	326.3
379.05	322.6
659.05	362
963.75	341.4
979.2	335.1
979.6	331.5
980.6	329
980.7	328.2
977.45	328.35
983.4	333.5
982.75	336.45
981.2	339.85
1106.5	337.7
1088.25	336.6
1086.3	339.15
1086.5	332.7
1088.45	334
1087.4	335.35
1088.1	340.3
1089.25	339.55
1089.3	339.75
1090.4	343.3
1089.45	346
1090.75	345.6
860.6	337.15
690.15	307.4
692.7	306
689.95	302.05
691.35	302.95
691.1	298.95
690.65	297.6
693.5	297.2
692.4	295.45
693.55	296.3
693.85	294.95
693.1	292
697.3	293
694.95	290.85
695.55	290.5
699.3	292.8
696.15	287.75
701.55	290.8
702.3	288.35
704.05	291.95
704	298.55
706.7	300.6
709	309.15
713.25	310.75
713.35	312.65
714.65	310.95
718.25	315.7
724.15	314.65
722.2	316.3
540.35	356.05
554.95	357.3
553.85	357.45
552.05	358.35
551.8	358.95
553.9	356.55
554.6	360.2
557.6	364.95
559.2	364.7
559.5	362
557.75	362.65
555.9	362.25
554.4	361.05
556.2	359.85
557.85	359.4
560.75	358.8
558.7	355.25
556.95	349.5
560.8	345.3
565.5	347.2
569.2	345.6
566.35	346.3
570.95	344.25
577.55	340.6
577.9	339
580.45	335.9
581.3	335.5
586.15	335.8
588.35	333.05
585.15	332.75
585.4	332.7
587.4	330.05
587.1	328.25
585.95	324
587.15	320.9
590.15	319.1
598.2	315.3
597.5	315.4
597.4	314.75
598.9	313.4
590.75	310.05
783.85	307.6
772.5	305.45
768.45	306.8
770.25	307.05
771.6	309.35
772.7	305.95
774.8	306.85
771.05	310.3
770.25	312.15
769.1	311.8
772.4	309.1
772.25	311.3
770.2	309.85
771.5	305.9
770.55	306
769.4	304.4
770.7	305.25
768.15	304.7
769.4	303.5
770.5	305.1
767.65	305.5
769.2	301.75
767.1	301.8
766.95	301.5
765	304.65
766.7	301.95
374.4	237.15
387	233.1
384.75	231.9
385.6	229.05
387.35	227.65
385.45	227.35
386.65	227.3
387.6	226.3
389.1	225.6
385.65	225.4
385.05	226.45
389.2	225.65
392.35	228.1
545.35	267.9
924.85	324
927.55	310.85
927.4	311.85
927.55	317.1
927.95	321.75
929.95	319.95
931.3	323.2
932.55	325.85
937.4	333.65
935.35	336.05
938	331.5
940.85	333.7
943.95	333.6
944.85	335.5
946.1	335.3
948.85	334.95
952.1	339.2
495.65	392.55
483.6	409.35
489.4	404.2
487.35	403.3
492.05	406
491.15	404.25
493.15	403.4
490.65	402.45
492.6	403.85
495.65	406.95
493.55	406.85
492.65	404.6
493.65	402.15
495.6	402.25
494.35	402.65
496.45	402.3
776.15	343.05
833.65	313.35
826.7	317.35
832.55	320.85
835.55	320.55
838.05	322.5
833.55	314.05
833.2	310
832.85	308.3
831.2	309.85
833.35	309.8
833	311.25
834.6	311.65
833.6	312.4
838.95	313.35
846.75	320.8
852.3	320.95
848	320.75
847.6	319
847.05	317.9
847.8	319.9
845.8	316.4
835.65	305.5
838.75	306.3
838.35	314.2
839.2	317.25
831.05	338.45
0	0
0	0
0	0
0	0
0	0
0	0
316.15	322.05
318.45	321.1
651	328.15
730.55	323.8
718.2	320.4
708.15	320.2
699.05	324.1
691.3	321.1
683.65	325.45
568.3	289.15
551.6	295.2
546.45	301.45
544.85	303.85
543.85	309.15
541.45	312.85
540	315.7
540.45	313.9
545.5	314.7
546	312.75
548.3	314.55
550.05	314.7
548.7	314.5
547.4	316.95
548.8	315.4
549.95	313.55
548.4	316
756.8	339.85
963.35	342.25
967.5	337.1
966.4	334.5
962.55	337
962.2	332.8
962	330.45
962	328.65
966	327.45
966.5	327.4
959.8	324.75
961.55	323.7
912.95	314.45
905.55	316.85
909.85	316.55
908.4	312.65
906.4	312.75
905.85	310.3
904.9	311.05
905.4	311.85
908.55	309.7
905.3	307.8
906.2	305.45
907.05	303.05
902.55	295.65
902.6	293.5
902.6	296
902.75	294.85
903.3	299.5
900.55	302.5
901.45	305.4
901.3	304.6
903.1	306.15
910.5	307.6
908.6	308.1
911.55	307.4
912.8	304.3
911.35	304.65
910.2	301.95
909.3	299.45
910.55	295.05
813.3	331.4
758	329.85
752.9	330.65
751.85	329.65
753.55	325.15
747.75	321.25
744.4	316.95
741.75	313.75
741.8	304.9
739	301.95
734.05	293.7
730.2	291
729.6	283.6
729.75	274.6
725.65	268.3
727.3	257.15
728.85	247.8
729.4	242.9
733.4	235.7
733.9	231.8
734.95	231.4
739.05	228.7
739.7	224.6
741.55	220.8
743.05	220.55
744.1	216.2
744	213.9
744.05	209.95
748.05	207.8
750.05	206.75
752.3	208.45
754	210.55
753.2	211.55
752.95	214.8
750.8	216.15
753.55	227.8
754.45	240.7
753.85	252.45
752.4	263.95
736.95	295.25
656.05	356.8
644.4	374.25
646.35	382.4
646.9	392.25
646.95	400.6
651.1	412.05
648.15	418.5
648.35	426.25
650.85	436.05
643.65	442.15
644.4	447.4
641	452.6
637.6	459.5
635.5	469.6
633.9	476.75
633.6	489.2
630.25	494.2
626.25	494.9
627.35	499.25
628.75	501.85
629.6	502.45
632.8	500.3
634.35	498.7
640.7	497
644.25	499.3
644.6	497.55
648.85	491.95
649.15	489.25
649	487.55
651.05	488.6
654.1	490.85
655.75	492.95
664.5	501.45
670.8	505.05
671.1	511.4
671.7	515.45
670.95	517.1
671.3	520.3
672	521.45
671.25	521.6
675.15	518.9
674.9	520.95
678.25	519.7
677.2	520.25
677.15	519.65
677.4	519.15
678.55	519.1
680.1	516.65
681.95	515.95
683.05	514.4
694.65	309.4
688.65	274.45
691.1	272.3
688.25	273.85
687.1	276
691	277.85
688.85	278.6
683.9	277.6
681.8	277.45
680.2	283.05
682.8	286.85
683	285.25
680.6	282.05
683.8	280.9
598.55	345.95
593.45	352
591.55	353.35
589.95	349.95
588.95	351.05
584.35	350.1
583.85	352.2
584	351.35
584.7	350.7
584.05	354.2
577.8	349.95
580.05	350.65
580.2	352.05
546.7	359.9
393.1	377.05
383.45	380.9
385.3	385.6
382.65	387.5
382.3	387.65
638.3	398.35
768.1	381.05
783.25	382.2
780.45	383
779.8	383.15
779.9	382.25
778	380.5
777.85	382
780.6	382.05
778.65	380.25
779.8	380.45
779.65	380.75
782.75	380.75
782.5	380.25
781.3	381.7
778.2	380.7
778.2	380.95
772.6	379.35
773.85	374.75
778.5	375.6
780	376.6
778.45	374.9
779.15	373.3
780.95	370.5
779.95	371.65
782.05	368.9
782.75	366.65
785.6	363.95
785.75	364
788.8	362.75
789	362.6
790.15	360.2
793.7	358.55
789.5	355.25
870.8	339.75
949.2	293.25
957.2	291.35
959.3	289.2
965.15	288.8
965.7	290.05
967.35	290.05
967.65	291.65
691.5	364.7
702.85	362.35
702.7	365.9
698.1	365.5
697.7	369.85
700.5	371.1
704.05	372.8
706.45	377.65
709.75	379.3
708.1	378.65
707.5	382
708.55	380.45
712.4	378.8
712.1	374.2
715.9	371.15
716.05	369.95
719.45	368.7
720.5	361.05
722.05	358.5
728.1	355.55
730.95	354.3
731.1	353.15
735.9	350.1
737.3	348.9
743	347.45
746	348.15
744.9	349.2
748.7	351.45
747.25	354.85
751.7	356.45
750.4	355.8
750.55	354.5
749.35	356.7
753.25	357.1
754.8	361.65
759.8	361.75
759.25	362.8
761.15	362.25
765.65	362.4
763.8	361.75
763.05	364.2
633.7	308.05
635.45	306.05
636.6	301.4
633.15	301.15
634.1	300.45
633.4	300.4
634.4	300.25
631.05	298
647.05	389.7
0	0
0	0
0	0
0	0
0	0
610.85	303.2
602.8	310.6
597.7	298.95
599.2	309.1
599.35	312.55
598.75	308.3
601.8	308.15
601.95	306.95
581.95	335.05
541.85	359.95
539.55	359.8
540.6	359.8
543.8	360.15
544.85	362.6
546.8	364.2
546.5	364.6
632.35	285.05
634	286.75
635.65	287.95
637.9	286.75
636.75	289.95
639.5	290.5
640.75	291.1
637.05	285.65
640.95	283.1
642.6	285.75
642.75	287
642.4	289.6
645.65	292.35
430.6	389.05
439.25	396.25
438.25	397.4
434.25	402.85
431.65	401.05
433.5	403.7
431.9	404.65
721.95	396.35
716.3	398
707.35	397.35
707	397.55
704.65	400.6
706.8	401
706.65	401.7
701.1	406
699.3	408
697.75	405.85
694.75	401.2
696.35	400.75
692	399.9
691.45	403.8
692.45	403.75
696.25	409.8
699.65	412.35
701.7	414.75
701.55	419.5
707.1	420.55
708.25	424.05
711.3	419.5
710.05	420.05
713.85	418.35
716.2	416.05
716.05	415.15
717.2	410.1
715.1	411
700.75	285.5
701.75	281.25
701.15	281.25
702.95	281.05
698.7	279.95
702.3	336.2
0	0
0	0
0	0
0	0
0	0
609.7	263.15
603	250.95
604.25	266.45
603.5	267.2
600.9	261.2
664.7	385.65
668.8	386
663.75	383.65
661.3	382.95
663.45	385.15
660.75	385.7
664.4	384.05
668.65	384.05
508.7	349.65
521.25	347.3
525.45	350.7
525	358.9
531.25	353.85
527.7	350.4
529.05	344.8
526.7	346.65
524.1	343.1
524.8	341.3
527.65	341.55
525.2	343
526.4	342.35
521.55	337.85
522.1	338.7
480.4	395.85
482	383.8
482.35	388.2
482.15	385.75
484.75	387.9
487	388.15
489.9	390.6
488.6	319.8
518.9	223.1
520.55	212.35
524	212
521.55	209.1
526	213.6
526.25	215.9
525.7	215
527.45	217.1
524.4	215.1
581.7	209.8
567.35	211.6
569.95	208
563.95	206.35
561.95	208.1
563.1	207.8
649.05	202.25
631.75	201.55
628.9	202.65
629.95	202.9
626.45	205.9
627.1	206.85
628.75	207.35
675.75	209.55
668.1	209.9
664.55	206.9
669.75	206.55
667.35	208.6
667.55	210
667.4	206
667.85	208.85
670.85	206.55
671.8	209.2
672.95	210.95
672.05	208.75
671.6	210.3
671.4	213.35
671.15	211.65
670.05	210.75
669.2	210
664.85	211.15
665.3	211.3
664.45	212.35
660.1	210.2
663.8	210.95
578.55	259.15
597.95	256.55
597.2	255.45
596.1	258.5
592.8	259.25
596.25	256.8
591.85	259.45
591.15	260.2
589.4	263.35
589.05	264.55
593.95	271.85
0	0
0	0
0	0
0	0
789.25	200.8
783.35	190.4
781.1	198.7
778.55	198.05
777.65	197
777.95	200.85
776.3	201.45
770.65	200.85
765.85	203.05
732.6	195.55
690.8	167.65
687.2	173.25
682.45	176.35
688.35	179.65
679.95	181.25
681.35	185.75
683.3	192.8
681.95	191.65
677.85	198.2
674.95	199.1
673.8	198.05
673.1	202.85
675.2	204.95
674.45	206.1
672.4	206.35
672.3	210.65
669.45	212
667.45	212.8
666.85	214.7
667.65	215.25
666.15	215.65
666.25	218.95
431.6	396.25
417.25	405.9
418.5	403.9
417.95	405.95
423.4	406.1
427.15	410.6
426.65	414.1
429.25	419.65
433.9	418.2
430.3	423.9
430.9	421.85
727.7	338.85
749.5	329.3
746.85	322.7
750.9	319.7
752.4	315.4
751.35	314.4
753.65	313.45
754.7	305.8
751.85	304.7
751.1	300.55
751.65	305.05
752.6	302.05
638.2	310.15
631.9	329.55
631.4	322.3
625.95	309.5
624.9	302.9
621.35	295.3
621.65	285.55
621.2	279.9
615.65	279.45
621.2	283.35
618.75	284.35
617.15	284.65
620.35	286.3
686.35	337.3
689.85	337.2
689.05	336.7
690.1	339.55
688.95	338.15
687.45	339.1
686.35	339.3
686.4	338.75
687.6	337.1
689.2	333.75
686.45	333.95
685.15	331.1
588.85	334
590.3	333.7
591.75	333.9
587.9	334.4
766.35	336.35
754.8	336.5
752.9	337.9
751.9	337.5
749.3	334.6
753.15	338.3
749.75	335.05
749.45	335.6
748.9	334.85
747.5	334.65
745.25	335.2
746.2	336.9
744.3	339.55
747.6	341.3
746.65	345.8
743.2	347.4
606.2	216.55
571.4	187.7
575.35	186.6
573.6	186
573.85	185.45
573.15	185.95
572.75	187.7
571.1	189
574	186.6
575.8	186.45
574.85	190.1
572.45	191.1
572.5	190.75
579.2	197.7
577.6	198.45
579.7	201.55
579.6	205.45
778.25	374.35
781.5	380.45
781.75	380.3
783.7	377.65
785.35	378.4
783.85	377.7
786.3	376.65
785.1	373.15
784.9	373.05
788.65	374.45
785.95	373.95
780.75	371.5
780.4	373.15
782.5	370.5
781.8	374.95
786.7	378.25
786.65	374.8
788.8	376.8
795.3	383.4
718.15	365.1
721.25	364.3
717.05	364.6
713.5	366
713.1	365.55
713.45	367.25
715.15	367.4
714.85	369.65
719.65	371.55
719.5	374.25
718.5	376.6
718.85	378
720.5	375.65
716.7	372.65
715.45	373.15
715.05	372.6
716	370.9
719.4	372.95
712.95	371.3
719	375.6
717.55	371.7
717.4	372.45
718.25	377.55
713.95	371.2
716.15	371.2
718.55	372.25
714.55	367.5
717.6	371.35
717.45	374.65
715.3	367.45
720.4	371.75
718.05	367.85
715.65	365.1
717	365.25
715.6	362.8
713.2	358.45
714.65	357.1
711.85	357.75
710.65	356.35
709.9	352.7
707.65	349.4
704.75	348.05
703.6	347.55
705.8	350.75
708.5	349.65
708.55	345.35
709.35	345.75
709.6	344.65
707.95	345.35
706.7	343.6
707.55	346.15
707.25	342.1
709.75	345.7
711.45	348.65
713.8	342.45
714.85	341.8
712.35	346.4
714.6	343.95
714.35	343.75
711.45	341.7
716.55	342.6
715.8	342.8
710.65	342.2
711.8	339.05
714.6	340.4
714.7	340.25
712.9	339.05
714.15	335.7
709.4	339.2
712.2	337.15
718.3	340.7
709.5	337.05
736.45	237.45
739.6	228.65
741.5	233.25
738.1	229.7
739.8	226.4
733.4	217.8
734.35	217.95
737.35	226.05
740.6	235.7
745.45	235.1
747.2	237.8
744.15	234.8
738.95	233.35
734.6	232.55
730.9	227.75
732.4	227.35
731.8	228.65
729.35	232.5
731.7	237.55
729.15	241.05
730.7	245.85
618.75	149.9
622.05	153.15
621.75	152.8
619.85	151.5
621.25	149.75
616.55	152.55
611.35	151.9
617.45	159.35
710.1	142.55
719.75	142.7
716.1	144.4
710.55	149.05
705.5	151.8
705.45	151.95
702.75	152.25
699.65	151.65
697.1	160.3
691.05	157.5
686.55	159.2
683.65	157
681.75	157.55
679.2	158.5
676	155.75
673.55	158.1
874.05	164.8
1002.3	149.15
996.8	147.55
998.8	150.75
996.75	150.05
996.7	150.95
999.1	155.75
996.55	154.9
996.35	155.15
998.55	154.3
1000.4	158.95
1028	145.2
1034.6	146.75
1036.45	146.05
1040.9	150.05
1043.5	146.5
1042.85	151.85
1045.5	150.15
1048.1	153.3
733.05	321.4
725.65	329.75
728.9	322.6
726.35	324.2
728.55	321.85
654.45	356.7
421.8	353
418.8	353
417.6	354.1
411.5	356.1
410.15	353.65
411.75	355.3
416.2	358.65
621.25	288.6
883.35	165.6
911.55	154.4
912.2	151.65
912.4	149
909.35	145.05
909.9	138.55
913.25	147.05
922.3	95.85
923.65	96.1
922.45	95.7
918.9	99.65
916.45	102.25
918.85	111.95
918.75	113.7
871.5	122.25
877.6	115.55
876.8	115.2
871.8	109.8
871.1	102.8
866.6	103.6
860.35	103.35
861.8	115.35
857.95	119.15
857.9	122.05
755.85	272.5
750.65	431.95
750.5	427.65
753	426.7
750.4	426.9
752.8	426.25
749.4	425.05
751.4	423.75
750.75	423.95
852.25	368.6
835.1	352.5
843.8	351
838.95	346.6
839.2	346.45
839.65	342.55
840.3	340.45
839.35	338.7
838.4	335.05
839.5	335.55
841.65	335.65
838.85	332.85
703.3	354.6
342.7	338.3
328.2	334.2
326.55	334.3
332	334.55
331.75	332.7
329.7	333
780.85	327.05
814.5	330.2
812.45	328.25
813.85	330
819.75	330.5
827.3	325.55
832.45	324.85
831.85	324.15
833.3	324
923.75	364.95
914.6	355.1
917.55	351.5
919.05	353.55
920.4	352.1
917.75	352.35
915.25	352.45
901.75	336.75
887.45	271.75
888.8	267.55
887.15	267.2
885.55	269.1
891.4	270.9
889.95	270.65
887.9	270.3
890.65	270.55
885.4	272.75
883	271.1
885.35	272.65
891.1	272.6
887.9	275.2
884.2	290.55
0	0
0	0
0	0
0	0
0	0
0	0
340.55	322.15
344.1	328.7
343.8	329.1
346.65	321.75
347.25	319.65
340.6	334.15
286	410.2
282.8	424.6
280.05	422.95
279.9	428.65
285.8	429.3
286.65	427.75
287.55	429.75
289.5	429
290.25	431.3
289.1	433.65
291.85	431.8
288.9	432.05
292.85	430.8
680.85	352
804.75	324.9
799.35	317.85
797.2	321.75
800.5	317
798.55	315.5
795.15	315.75
794.75	318.35
796.05	323.15
829.4	481
816.45	477.9
813.8	477.45
815	472.35
814.3	470.75
812.85	464.6
811.45	457.85
811.35	456.25
812.75	453.75
807.1	447.25
804.15	442.75
801.9	435.9
797.85	432.1
796.75	427.8
793.05	417.9
786.75	409.9
773.1	405.05
746.9	330.35
746.2	324.35
745.1	316.85
742.8	306.05
741.1	297.9
737.8	291.3
736.8	295.65
738.4	294.3
741.5	295.05
740.25	296
738.4	296.5
700.1	232.6
696.3	233.7
695.8	230.25
692.45	230.45
685.95	228.7
685.9	229.95
691.95	231.75
690.15	232.05
723.05	341.75
716.25	323.65
715.45	322.3
711.1	320.75
712	320.55
710.9	323.55
788.45	252.6
786.8	241.95
789.5	238.25
787.8	239.9
788.65	240
792.1	240.05
785.45	241.3
816.1	241.75
811.95	243.7
817.55	244.8
817.85	243.35
821.25	243.55
820.2	243.55
822.8	241.7
823.15	242.5
823.8	241.95
824.05	243.4
827.7	242.65
820.95	260.6
751.3	363.4
750.85	364.9
751.95	363.7
751.5	365.45
751.95	364.45
751.5	364.9
752.65	364.25
756.55	365.25
754.45	365.2
756.2	367.8
753.6	367.45
755.2	372.8
758.75	370.65
756.8	371.65
756.75	374.35
756.3	380.25
759.65	379.7
763.85	381.7
765.9	382.95
766.2	382
769.25	385.6
772.4	383.4
765.25	377.4
766.35	375.25
766.45	375.55
771.6	372
774.45	368.65
780.4	365.85
785.45	367.45
784.9	366
793.2	361.6
656.85	300.1
477.45	163.15
460.25	158.5
457.6	149.6
454.85	148.1
302	133.45
293.05	139.9
296.25	137.3
289.1	136.35
654.35	170.8
743.3	162.6
731.9	168.2
730.25	169.75
730.1	168
747.7	308
757.65	341.2
753.15	337
754.45	333.45
755	334.8
756.05	334.65
758.25	334.9
759.75	337.7
802.7	331.5
798.1	333.05
799.2	330.6
799.7	332
797.75	328.8
796.5	328
795.55	329.7
793.2	329.85
804.65	326.5
802	325.7
802.6	324.1
801.4	324.35
801	324
802.45	322.8
802	319.9
804.85	319.7
804.1	318.65
803.5	320.85
804.55	320.6
806.3	321
805.55	321.55
803.75	323.2
804.7	323.25
804.4	324.55
801.15	319.6
799.05	320
797.95	319.55
796.9	315.4
792.9	315.6
654.55	212.35
648.7	186.65
640.1	180.95
634.4	174.55
634.05	172.4
631.5	174.1
628.5	176.6
632.3	177.3
528.45	496.4
551.3	552.85
553.3	559.5
553.2	553.6
556.4	554.55
560.9	553.35
560.55	554.1
555.55	555.85
885.85	544.8
938.7	551.75
934.4	557.15
938.85	561.7
937.55	565.45
936.2	563.95
797.7	507.75
622.4	260.9
623.05	252.6
622.3	255.4
621.7	255.95
618.9	252.7
618.2	253.2
620.25	252.35
619.35	249.8
620.55	251.45
619.3	251.85
621.55	251.85
620.15	250.8
620.55	250.2
622.6	249.55
621.3	251.75
618.35	253.35
688	294.7
671.55	285.3
671.15	285.35
673.4	282.75
672.35	284.1
668.6	282.15
666.9	280.75
668.15	279.3
665.2	278.7
664.45	285.2
664.75	286.1
664.8	283.1
985.85	329.7
1016.35	322.6
1014.5	325.15
1012.45	329.8
1013	327.8
1014.3	324.95
1012	328.85
1010	330.55
1010.5	332.2
1009.95	332.15
1008.6	335.65
984.8	369.5
982.7	379.85
979.85	379.05
980.55	379
979.5	376.85
979.55	375.4
978.1	376.1
974.95	369.7
973.95	365.45
970.9	359.95
972.3	351.3
979.75	590
0	0
0	0
0	0
0	0
0	0
0	0
923.75	304.25
925.75	326.3
925.25	326.8
926.75	324.45
927.35	326.85
926.25	330.65
926.5	329.95
925.95	321.1
925.1	324.85
923.65	326
944.1	323.3
944.1	322.05
942.45	329.35
944.65	331.3
941.9	333.15
938.7	333.55
898.55	316.05
904.1	320
901.75	322.05
901.5	320.9
902.85	318.8
578.9	266
339.6	156.55
329.9	148.95
329.8	150.9
329.55	152.2
330.1	152.8
328.9	149.15
329.2	148.05
324.8	149.85
325.05	144.65
417.5	194.95
539.95	240.5
551.65	257.6
550.6	259.5
552.55	261.5
553.4	265.2
552.35	288.65
557.65	342.15
559.55	349.5
560.3	349.9
556.3	352.85
555.05	357.55
555.85	354.65
555.05	355.1
554.9	356.05
556.05	353.8
556.05	353.9
556.85	353.15
613.2	351.95
870.55	338.8
875.7	337.2
873.45	334.8
870.5	338.25
867.8	338.25
866.85	339.1
867.1	338.85
871.05	337.6
875.9	340.15
873	342.15
867.6	339.8
869.2	337.6
870.9	336.1
873.6	338.8
878.1	340.35
882.65	340.25
881.1	340.6
881.9	340.8
884.6	340.45
889.4	339.5
889.1	341.75
887.35	343.45
890	341.6
862	346.8
556.85	417.75
541.65	423.15
542.9	422.85
546	418.3
550.2	415.65
554.6	419.9
555.05	417.5
558.45	415.85
552.7	419.6
554.5	421.05
560	418.85
558.95	418.4
557.55	417.7
556.5	413.25
557.3	415.05
563.55	413.65
698.2	173.7
695.45	177.9
694.45	172.3
696.4	170.1
690.2	174.95
692.65	177.9
692.8	177.2
694	178.85
692	176.3
691	177.4
695.7	170.8
695.75	170.05
693.25	173
692.15	172.05
693.95	173.05
693.55	175.35
690.6	171.05
690.75	173.2
685.65	171.75
685.05	173.25
686.45	176.05
688.8	173.15
690.3	177.2
694.3	177.5
695.3	181.1
696.05	183.6
695.4	182.4
691.3	186.05
696.85	186.45
694.45	186.6
691.1	190.15
697.1	187.1
837.1	292.45
913.8	333.8
911.65	343.6
912.95	341.75
913.35	339.45
909.75	342.1
909.05	342.1
906.85	344.1
707.65	398.9
370.2	426.2
356.45	418.3
358.7	414.7
358.25	416
356.95	415.3
356.6	414.95
359.3	415.5
354.4	415.3
758	315.45
862.15	314.1
856.9	318.75
856.8	314.9
856.8	313.05
859.5	314
857.35	314.65
858.05	315.4
858.9	314.65
859.35	318.65
856.95	318.8
854.8	315.5
855.2	315.05
857.75	314.25
854.55	319.55
854.1	320.05
852.45	317.55
850.65	317.2
847.75	316.35
844.3	315.95
840.55	315.35
841.4	315.6
840.1	315
836.8	314.9
835.4	313.55
833.6	311.85
520.75	399.9
417.6	414.45
407.8	416.6
410.1	411.65
408.4	413.55
413.8	414.2
411.95	412.9
409.35	411.6
402.8	416.3
405.35	413.4
402.1	415.5
398.35	414.75
398.7	413.6
397	413.25
394.9	413
718.4	338.4
806.45	319
801.15	320.3
797.8	316.1
796.05	312.15
798.15	311.35
796.15	312.2
798.3	313.4
800.1	311.15
801.3	313.55
667.9	287.9
538	217
535.25	213.1
539.25	204.15
537.9	202.3
540.9	201.55
473.9	225
408.65	245.65
405.2	244.85
403.2	240.95
400.45	236.35
398.8	235.1
398.3	239.95
399.2	240.8
404.5	243.95
403.9	243.3
404.55	245.35
402.6	248.05
410.1	252.2
416.2	256.7
432.55	266.65
449.95	260.45
454.5	264.7
462.4	264.85
467.15	269.35
466.3	263.7
470.1	259.25
476	257.7
481.3	254.75
484.9	257.05
493.5	256.4
499	258.3
503.9	256.7
509.2	253.15
517.2	248.35
529.35	242.25
533.85	238.55
537.15	238
543.5	237.4
550.3	236.15
554.85	234.6
559.6	233.95
564.9	234.7
578.5	182.25
579.95	182.05
586	185.5
592.95	185.15
595.85	187.6
599.95	188.4
609	194
609.7	200.75
617.1	200.7
623.9	201.9
630.6	207.25
656.05	244.15
653.7	244.1
658.1	242.5
656.6	242
660.75	243.7
661.45	240.1
668.5	238
671.35	239.05
679.2	236.55
678.15	233.35
690.35	240.7
702.6	240.8
711.05	237.2
717.3	237.8
727.1	237.1
773.65	181.45
784.35	183.95
794.9	183.8
802.2	187.65
808.85	190.85
811.4	193.6
301.7	221.45
314.85	230
311.6	220.85
317.2	230.85
321.7	230.95
319.4	224.55
324.8	232.3
329.85	234.55
336.1	239.45
335.45	247
369.75	243.95
647.25	271.45
640.95	276.55
637.65	274.75
640.65	276.8
638.9	280.7
632.35	281.45
639.95	289.25
638.6	293.55
636.95	297.25
632.95	301.5
629.9	307.55
632.25	322.9
634	325.3
0	0
0	0
0	0
0	0
0	0
567.6	142.3
571	158.05
578.55	156.9
579.45	162.75
581.55	166.55
586.05	174.9
592.8	187.45
591.1	207.1
595.6	222.15
594.4	235.1
594.25	241.95
595.8	253.6
596.25	266.75
601.8	282.75
602.8	293.85
607.5	301.35
610.3	306.65
610.3	307.4
613.3	308.1
612.85	310.25
612.95	311.45
607.2	315.35
333	624
360.75	669.45
364.2	676
370.65	680.3
373.95	685.1
372.25	684.35
372.9	675.65
372.1	675.45
374.25	677
376.65	672.55
383.6	673.3
400.2	675.9
922.3	667.35
934.6	684.65
923.5	680.4
919.75	681.75
915.4	681.5
913.85	681.8
909.2	681.65
903.45	676.8
898.85	674.75
717.2	653.35
720.85	648.9
722.4	646.5
720.65	639.65
719.5	636.6
720.35	631.55
722.2	629.3
719.9	624.5
722.6	621.9
723.15	618.5
722.25	614.9
722.5	612.25
718.65	607.45
720.05	604.25
717.4	602.4
714.7	602.15
712.7	598.65
714.1	594.2
710.1	591.9
708.2	587.05
707.3	587.55
709.65	586.8
616.45	294.7
602.2	217.6
603.45	210.2
607.25	214.3
608.3	214.95
605.65	211.6
609.25	211.1
637.6	263.25
790.7	577.65
803.95	583.45
807	582.1
803.5	584.3
801.35	576.4
802.45	580.45
799.8	576.75
795.25	581.75
648.65	183.3
628.6	192.8
634.8	201.85
633.95	198.25
631.6	194.25
632.7	194.35
630	196.35
632.4	200.3
633.05	207
631.9	207.45
633.75	208.1
634.25	206.35
634.45	205.9
637	205.25
627.45	159.4
632.15	162
634.35	167.55
632.8	166.55
633.95	166.9
636.7	168.65
680.3	468.15
671.45	578
671.15	577.55
675.9	585.7
676.6	591.5
678.1	589.25
674.35	585.3
0	0
0	0
0	0
0	0
0	0
0	0
649.1	206.4
653.65	212.5
647.15	216.5
646.1	209.1
642.15	204.75
644.6	199.55
642.75	201.05
642.55	201.9
649.8	207.05
648.6	214.55
458.45	459.55
477.15	540.8
484.65	560.25
482.3	556.05
482.7	554.95
483.95	552.4
477.15	549.05
481.1	548.3
483.75	552.3
490.85	562.7
607.75	613.5
611.95	624.95
612.8	621.95
610.9	625.15
618.35	621.25
615.45	619.15
619.25	621.55
728.5	616.95
723.8	610.6
725.45	604
727.25	613.8
725.6	611.4
728.9	610
729.25	612
725.85	611.4
632.15	497.55
618.3	228.6
616.05	216.6
610.4	216.25
610.75	210.45
611.4	212.8
609.45	210.3
615.05	211.05
614.15	213.8
613.25	216.6
613.05	216.5
617.5	219
614.5	221.65
727.25	279.2
746.85	284.3
744.85	286.75
746.5	287.25
746.6	288.35
747.6	290.85
746.45	293.45
783.15	370.2
776.7	371.35
779	370.9
774.55	372.3
774.55	370.25
783.2	368.15
770.85	304.15
766.35	302.9
770.55	301.1
771.45	295.15
769.65	292.7
824.7	297.4
821.65	296.5
825.7	296.4
825.5	296.8
822.2	297.15
823.45	297.3
824	296.6
824.7	300.4
826.95	295.9
823.25	297.75
823.95	300.6
827.05	300.25
828.95	300.8
827.75	300.3
825	300.3
821.7	299.65
820.05	300.95
824.35	304.6
753.25	333.7
751.15	332.6
753.95	333.35
753.75	334.55
751.85	334.45
751.25	332.75
742.4	330.35
766.15	441.1
773.9	444.15
768.4	444.9
766.4	446.25
770.85	444.45
765.55	443.6
763.4	443.1
763.85	443.6
761.5	441.95
762.1	442.8
763.75	446.75
760.7	449.1
581.5	222.65
575.75	217.35
582.9	222.55
585.95	223.95
594.45	227.9
604.25	231.05
613.8	233
621.8	235.5
629.35	236.25
632.9	234.65
636.95	233.9
641.7	234.6
591	357.5
568.4	467.45
570.35	490.55
575.1	492.55
577.05	495.55
578.4	496.35
578.95	496.8
585.3	496.9
583.6	498.05
588.2	497.05
588.65	498.5
590.95	498.2
594.4	496.25
593.8	493.3
596.5	487.1
596.05	484.6
596.25	476.25
596.95	467.25
596.25	464.1
597.7	458.85
595.55	450.95
593.75	446.75
594.55	441.05
593.3	437.3
592.7	433.7
593.4	429.65
593.05	428.3
593.4	427.1
641.65	422.8
761.55	352.65
781.9	351.75
782.4	352.5
785.75	351.95
783.6	350.05
786.2	349.85
787.75	352.75
581.4	469.7
562.2	465.55
560.35	470.6
557.3	470.1
554.95	469.45
557.05	468.25
553.75	470.9
549.9	469.05
421.05	421.1
418.7	421.2
416.05	416.8
415.2	417.5
412.5	416.15
412.7	417.45
411.55	418.35
608.1	149.15
631.3	109.3
631.2	114.25
634.5	112.6
639.25	114.8
638.95	116.1
636.7	115
639.7	119.8
629.7	249.3
569.25	303.15
543.95	327.8
544.5	330.25
550.35	329.05
545.8	329.7
545.4	327.1
547.35	326.4
743.5	287.3
742.05	284.15
743.75	285.35
745.95	284.6
743.85	282.55
745.8	284.55
743.95	286.35
742.6	281.75
743	282.1
741.65	278.95
738.85	279.05
739.35	280.15
737.4	277.05
735.7	275.9
735.55	277.15
737.25	277
735.45	273.6
735.25	270.8
653.85	255.4
659.75	258.25
660.55	256.95
659.95	259.5
662.3	260.2
659.2	259.9
453.45	317.95
462.7	326.4
458.45	328
457.15	329.55
460.35	328.75
456.6	328.3
457.65	328.65
553.25	261.15
615	87.7
602.9	63.1
605.95	62
607.05	69.2
603.7	66.35
604.95	83.05
376.25	447.05
350.6	447.1
353.45	444.8
357.05	450
356.65	453.55
354.6	455.55
357.8	458.1
359.5	457.35
358.75	454
356.95	455.5
413.05	559.35
411.7	531.35
411.7	526.8
409.2	528.6
408.3	527.15
408.25	527.15
485.55	539.45
906.45	481.2
896.5	484
896.9	487.75
898.3	489.4
896.95	492
898.4	493.35
954.9	492.75
1053.65	445.8
1068.75	441.3
1071.7	442.85
1070.4	443.6
1072.1	445.45
1072.2	444.4
1072.65	444.6
1084.95	448.85
1085.15	449.4
1088.15	447.9
1089.2	447.8
936.05	437.9
926.45	438.8
928.5	440.15
931.4	439.75
933.7	441.35
933.05	442.5
934.85	444.8
837.8	429.6
832.6	437.25
831.6	439.95
635.6	418.35
620.95	424.05
620.4	425.9
621.35	429.7
623.9	424.7
621.8	422.95
619.65	423.3
687.6	431.65
695.35	433.65
698.25	432.4
695.05	430.6
696.7	432.05
694.45	433.2
692.9	436.1
691.1	439.15
693	445.1
694.3	447.3
694.75	446.6
699.3	445.9
694.25	446.1
624.45	204.6
623.5	193.95
626.45	198.35
626.55	195.7
629.25	193.7
630.2	195
629.85	194.35
631.15	197.05
628.15	196.65
625.9	196
624.15	196.75
623.75	197.15
623.85	199.05
627.55	198.55
623.9	200.4
620.55	193.8
624.9	196.3
