613.55	359.5
614.55	361.1
608.85	362.85
606.55	368.45
607.95	364.5
611.85	363.35
613.9	360.85
613.3	360.2
607.7	363.9
610.65	364.95
606.2	366.35
606.75	366.75
602.65	370.75
605.3	369.5
601.55	362.6
602.9	360.95
605.1	359.25
601.85	358.45
601.75	363.1
617.4	361.75
649.05	321.15
656	322.9
655.1	319.6
652.1	321.4
653.9	319.65
654.75	323.05
653.15	321.4
655.7	320.55
655.65	318.9
586.7	343.75
586.35	350.25
588.1	352.9
595.35	351.6
601.4	351.65
942.3	547.7
976.4	601.55
979.05	602.35
976.5	606.4
970.15	610.8
970	609.3
828.75	551.75
550.5	427.05
554.3	435.35
555.15	426.1
559.05	431.4
561.1	437.4
569.35	434.8
572.1	438.8
575.8	440.4
368.3	380.4
351	368.1
352.5	369.4
360.15	368.2
361.05	367.2
366.15	364.35
368.85	364.95
452.25	353.85
457.5	352.95
457.8	352.55
460	351.45
463.7	346.75
461.2	344.05
463.4	349.5
496.1	348.2
619.2	331.25
621.6	338.75
623.35	337.25
623.7	336.35
624.35	335.05
433.2	332.8
435.55	328.45
437.4	330.9
437.65	329.85
441.6	330.65
440.1	333.4
440	333.7
445	332.05
524.05	332.4
527.15	333
530	329.85
528.45	327.8
526	331.85
496	331.95
383.1	333.15
383.6	334.4
385.2	335.25
384.25	331.3
687.95	312
701.35	319.65
705.55	317.85
702.05	319.7
704.05	319.55
705.05	319.8
703.8	321.55
639.65	340.15
515.8	397.85
516.95	399.9
510.2	405.55
512.45	404.8
513.9	405.35
873.9	574.4
1015.1	631.7
1007.8	656.4
1003.5	661.25
1009.1	655.85
1006.6	652.9
1004.9	656.25
1005.25	658
1007.15	657.75
1008.4	654.7
1004.3	653.85
685.15	424.35
654.85	397.95
660.15	394.05
661.9	395.1
671.15	391.9
672.7	388.65
673.25	387
678.7	386.9
498.8	365.6
506.15	365.35
510.6	363
512.2	363.35
512.7	364.6
517.85	363.65
519.45	362.3
639.2	360.8
635	352.5
637.2	350.45
638.1	348.55
634.75	351.95
640.55	348.6
643.4	349.05
643.15	347.4
645.15	347.7
644.3	348.7
633.05	348.65
540.15	373.8
539.85	375.35
537.65	374.05
536.4	370.5
541.65	369.25
542.4	362.65
542.75	362.6
543.3	361.4
545.2	358.95
545.75	362.75
546	361.65
548.1	361
555.5	360.3
555.25	362.55
550.35	363.4
547.35	366.2
550.45	365.15
550.55	365.95
553.85	366.3
556.45	362.4
553.9	367.4
549.95	364.5
554.35	362.55
553.8	366.25
553.15	365.6
557.1	367.55
559.15	363.35
558.75	363.4
562.3	360.75
562.25	359.8
565.6	355.8
567.65	354.15
566.55	354.65
566.7	357.3
564.75	355.1
564.6	354.55
564.3	353.05
563.35	352.5
561.9	351.05
563.25	349.75
562.8	351.45
560.75	349.9
559.55	353.9
560.4	354.55
561.15	351.25
563.3	350.7
562.5	349.4
565.15	350.05
564.05	353.3
563.65	356.35
567.25	416.4
0	0
620	454.45
619.5	310.25
612.55	376.75
611.1	379.5
612.95	377.75
610.3	377.3
611.4	375.8
610.75	375.15
614.7	370.9
615.8	370.2
935.5	531.3
998.45	583.45
991.35	587.45
992.35	585.9
989.85	586.15
990.9	577.65
990.7	579.65
992.95	580.1
0	0
0	0
0	0
653.15	373.55
647.9	381.85
652.55	381.85
656.3	383.25
659.2	383.7
661.7	383
666.2	383.9
667.95	382.4
536.8	401.35
537.95	395.4
544.05	392.8
549.25	394.9
547	397.8
550.3	395.6
553.3	397.05
557.4	396.2
561	398.1
559.5	400.8
498	393.15
467.85	374.35
474.1	370.35
470.55	368.65
468.1	368.7
471	370.3
472.45	374.85
472.45	371
471.35	372
470.55	372.9
470.45	372.25
466.5	374.55
517.75	357.65
524.6	358.5
527.65	355.9
529.75	356.2
531.8	358.3
0	0
0	0
0	0
676.65	335.55
679.15	335.05
665.3	333.35
482.55	331.65
482.4	331.35
485.1	330.8
483.35	334.55
480.95	337
480.5	338.4
705.25	350.35
714.8	331.6
713.5	330.65
714.65	335.95
714	337.35
710.9	339.3
466.3	406.65
449	393.8
451.05	393.4
451.5	394.05
455.05	394.8
455.4	396
684.4	354.85
731.65	348
730	352.55
731.8	352.75
730.75	352.85
729.1	355.15
728.15	353.3
728.6	356.5
0	0
0	0
0	0
0	0
0	0
0	0
979.9	510.45
980.8	526.55
1030.35	597.7
1010.85	642.45
1008.5	654.35
1009.95	662.8
1011.8	662.2
1013.75	659.45
1013.2	659.2
1011.35	657.65
1068.85	667.4
1072.25	673.6
1069.3	673.35
1066.15	675.2
1069.45	674
1071.5	674.7
1073.1	676.85
1075.45	674.2
1076.45	673.6
1077.8	676.7
1087.05	670.05
1130.85	671.5
1128.55	674.7
1130.1	675.45
1133.2	676
1129.55	682.65
1053.65	686.05
1065.75	683.55
1064.6	684
1062.55	685.15
1063.9	681
1066.15	676.65
1064.45	676.7
1066.35	675.7
1065.9	676.05
1065.25	678
1061.85	676.4
1060.4	674.35
1062.25	669.6
1061.4	667.5
784.4	575.3
402.05	407.45
364.45	386.1
369.3	391.8
370.55	383.5
372.55	381.4
373.6	379.85
373.05	381
375.7	374.5
918.35	560.65
1100.4	639.45
1094.9	649.4
1092	650.95
1097.45	650.05
1098	649.55
1101.8	648.1
1122.6	652.7
1134.25	661.65
1133.1	660.75
1130.75	660.3
1130.4	661.2
1133.5	654.65
1133.7	654.3
1131.25	657.7
1132.05	658.15
1131.9	660.75
1133	657.8
1129.45	662.35
1133.85	665.35
1024.4	652.5
1014.35	658.85
1017.1	657.95
1017.2	657.85
1016.1	665.55
639.35	458.9
535	407.7
535.35	410.6
533.7	415.75
535.55	413.7
535.25	411.8
536.25	413.55
539.45	408.9
539.8	406.6
539.2	409.5
540.8	404
536.25	406.25
538.35	408.15
536.05	410.15
537.15	406.3
536.3	408.15
562.35	350.8
559.6	352.15
559.95	349.1
561.1	348.5
560.6	349.1
561.5	350.35
564.35	349.45
569.9	350.4
571.5	347.95
572	347.45
646.4	351.75
652.35	358.2
657.6	359.25
656.5	356.5
651.9	354.6
652.5	357.45
0	0
0	0
0	0
0	0
0	0
552.7	258.85
555	320.15
558.05	326.55
558.05	329.55
556.8	334.15
554.7	338.95
558.5	340.65
563.3	342.25
572.15	340.8
570.9	331.2
580.3	328.3
581.9	332.3
505	376.15
505.9	383.8
505.6	384.7
510.85	383.7
512.7	384.85
516.7	383.65
520.2	378.8
521.2	382.6
525.95	384.9
527.3	382.9
525.6	385.1
528.4	380.15
527.55	377.05
529.95	377.4
530.6	373.55
534.05	371.65
535.05	367.85
516.6	369.25
512.65	361.3
510.8	361.05
513.65	362.1
519.1	357.4
522.9	358.05
522.6	355.6
522.85	354.05
520.2	358.55
518.75	357.4
519	357.85
563.45	349.25
560.05	348.3
559.7	348.15
561.5	348.55
561.25	345.3
564.85	344.6
559.7	346.9
677.1	334.95
669.3	337.55
669.05	336.65
665	336.1
561.1	388.85
530.7	416.65
530.85	414.7
529.8	409.7
530.8	411.2
531.7	408.95
529.5	408.95
531.6	408.55
532	410.7
528.15	411.95
647.05	366.55
643.15	372.25
644.55	370.45
644.05	371.85
644	373
644	373.95
644.05	368
647.1	370.3
0	0
0	0
0	0
0	0
0	0
0	0
485.85	288.85
487.85	337
488.8	349.25
491.4	351.9
490.2	362.6
491.45	360.7
493.05	361.2
495.2	358.95
547.8	360.95
577.65	362.9
583.9	361.05
585.5	357.2
585.8	355.8
588.85	359.9
592.25	359.25
592.7	359.45
593.65	362.3
596.15	359.9
598.5	356.2
604.3	350.35
520	370.1
528.95	365.35
533.05	364.8
536.6	360.45
536.6	361.95
541.1	358.2
543.25	355.6
547.3	352.9
550.25	351.4
550.5	352.7
550.7	353.9
622.85	343.1
625.8	346.1
631.2	341
632.6	341.15
630.35	342.15
632.5	337.4
631.35	335.1
631.2	336.65
629.95	338.7
537.7	339.75
546.7	347.25
547.7	347.45
553.55	340.6
555.3	334.55
555.9	335.1
558.45	340.35
554.8	343.45
561.95	331.6
559.35	340.95
557.6	341.65
558.25	338.7
556.45	343.05
557.85	339.65
557.7	338.35
555.6	329.5
555.55	330.7
556.55	332.5
552.75	333.2
553.1	332.4
554.65	329.9
551.55	329.15
550.2	326.7
548.95	326.15
548.3	323.6
548.1	323.95
547.85	325.15
545.8	322.3
548.2	323.2
550.65	319.75
575.5	333.75
578.5	333.75
578.25	335.6
577.4	337.25
578.7	334.2
577.45	334.8
577.6	334.65
578.9	330.8
576.5	330.3
577.45	333.35
579.25	332.65
578.55	333.95
579.85	332.75
582.35	332.35
581.95	332.2
582.9	330.75
584.7	332.8
583.65	335.8
578.85	338.9
575.6	341.45
575.7	346.3
578.8	276.9
576.6	313.95
574.75	350.1
572.4	354
570.4	355.2
569.75	356.5
571.3	354.1
568.35	353.55
571.75	353.05
569.4	350.95
565.05	351.2
563.3	350.2
565.75	344.75
565.05	347
566.75	347.05
566.6	347.1
567.7	347.4
566.65	354
568.4	354.65
562.65	359.05
562.15	355.65
563.05	357.1
563.65	364
561.7	366.3
563.4	365.4
564.5	366.05
569.4	368.25
575.2	367.3
576.55	367.55
467.35	348.15
479.65	337.3
480.5	339.45
484.1	343.95
483.15	345.85
488.85	346.3
487.65	346.6
448.2	324.35
453.45	328.95
454.2	324.1
454.9	327.5
465.7	332.85
475.85	331.8
481.15	338.15
483.8	335.45
491.5	334.4
496.8	342.85
684.15	409.85
699.3	419.45
701.9	416
703.55	409.5
709.4	411.5
714.5	412.35
719.1	409.25
720.05	411
722.85	412.55
727.65	411.75
729.9	406.1
734.9	403
737.75	402.95
569.55	327
571.05	330.45
567.3	326.05
572.1	322.95
576.4	318.8
579.25	316.9
583.55	313.55
586.65	311.45
588.15	312.15
794.5	445
809	451.65
808.4	453.55
810.1	449.75
812.05	443.1
814.4	439.55
810.8	438.1
814.8	430.55
805	428.65
803.15	427.35
736.95	392.3
737.1	387.85
736.5	385.8
731.7	379.45
729.45	377.7
726.05	378.5
724.5	375.95
719.25	379.25
721	378.5
715.8	379.8
720.05	642.45
0	0
0	0
0	0
0	0
0	0
606.35	337.6
604.75	341.5
559.3	301.85
565.3	297.35
564.35	296.85
561.9	295.05
559.65	293.1
563	287.45
576.9	233.35
576.75	234.65
575.2	235.15
576.1	235.6
575.95	234.5
578.5	232.4
580.5	228.55
579.8	226.85
577.8	225.2
578.2	220.55
576.35	221
574.1	219.15
571.95	215.55
569.1	213.35
561.3	212.9
567.1	205.6
565.3	203.65
563.8	204.85
562.05	206.9
556.2	208.4
638.95	287.3
638.2	385.3
642.8	393.55
639.15	392.95
639.85	390.6
637.1	392.55
639.35	398.7
636.15	401.75
633.35	405.05
631.8	403.7
614.65	389.05
553.3	338.05
555.85	333.65
555.4	332.25
555.05	332.55
557.4	331.7
562.55	325.8
568.45	322.45
570.5	320.65
571.2	317
572.05	318.05
575.75	316.35
578.7	316
582.5	313.2
584.25	305.8
583.1	307.45
589.8	299.6
586.75	303.85
585.55	304.5
584.05	305.75
584.7	306.65
582.3	307.8
736.7	413.2
729.2	406.6
732.5	405.85
732.4	406.95
729.1	409.35
788.85	483.85
795.75	488.45
794.7	489.7
797.4	491.8
795.6	492.75
796	492.9
794.75	494.5
796.55	494.8
796.55	494.75
796.9	492.65
591.85	596.1
579.7	607.15
583.25	602.15
582.85	595
581.2	601.7
579.35	601
578.45	599.4
578.25	600.8
579.45	596.9
578.8	598.85
580.85	596.45
580	596
578.5	596.4
585	649.8
580.8	636.5
582.65	635.9
581.6	638.05
584.15	640.9
583	640.9
585.9	645.95
691.75	642.95
693.55	646.8
691.9	644.65
694.9	645.05
695.05	646.1
617.5	656.15
617	656.65
614.05	657.05
614.2	658.15
614.3	654.45
614.8	654.45
630.75	654.65
718.05	636.3
728.55	642.3
723.9	645.45
725.55	645.55
725.7	644.35
725.95	644
727	648
625.7	378.5
632.35	376.95
635.8	381.3
634.25	389.15
639.1	390.65
642.1	397.35
641.45	409.2
640.45	421.05
637.3	431.2
636.3	242.85
641.35	187.2
644.5	189.9
643.3	197
646.7	208.15
644.4	217.5
641.25	229.3
642.5	237
643.5	244.05
643.9	248.5
644.7	254.95
642.2	265.3
644.8	272.9
649.2	274.65
648.85	280.35
649.2	285.35
648.85	291.75
755.2	267
764.1	273.35
762.2	274.9
766.45	280.75
769.9	280.45
770.15	287
771.4	292.6
765	301.1
764.15	307.65
767.25	311
770.4	315.15
457.85	347.7
471.05	358.6
472.8	360
472.5	365.95
475.15	376
476.15	375.65
473.2	376.55
640.95	370.45
649.5	378.2
652.45	379.45
655.1	375.05
658	372.9
656.6	367.9
664.7	370.5
665.5	372.2
665.25	372.8
669.05	371.75
671.5	372.35
675.35	370.15
672.7	368.4
656.65	372.4
605.2	390.45
607.2	388.95
608.85	389.25
608.7	390.8
609.45	388.15
611.15	390.2
613.45	387.05
615.05	387.5
617.9	381.75
614.1	384.7
611.4	386.9
612.7	384.85
613.25	382.5
613.4	386.2
615.55	386.7
615.3	385.05
617.45	378.75
561.45	404.45
545.6	430.45
549.85	432.55
548.6	434
546.15	438.45
548.95	438.15
548.5	437.15
546.8	433.35
546.4	432.7
545.65	430.95
547.05	430.55
546.4	426.75
547.55	425.75
545.75	423.5
542.1	421.15
539.1	420.25
541.55	421.2
506.8	298.7
507.35	293.35
505.9	295.75
506.15	295.1
504.85	299.45
506.15	298.6
506.2	292.85
504.6	295.05
506.5	291.55
508.5	291.75
503.2	293.9
507.8	292.05
509.15	293.35
508.1	294.15
507.3	295.2
519.85	394.75
524.1	402.7
524.75	400.3
525.65	397.45
528.15	398.25
527.75	395.9
532.8	395.1
534.25	393.55
535.7	394.35
536.5	391.2
539.95	390.5
543.15	388.45
545	389.05
548.85	388.85
554.45	390.6
550.4	386.8
550.95	389.8
548.25	389.6
550.95	381.55
549.8	382.9
549.65	382.8
548.35	378.2
546.1	379.8
541.35	351.4
529.35	336
523.6	331.75
521.05	329.35
513.95	333.05
511.75	330.5
510.35	327.5
506.75	331
503.85	330.4
539.6	340.75
584.25	367.35
585.3	366.4
588.7	366.65
592.75	365.95
594.8	372.9
598.65	372.1
605.4	373.25
602.5	371.85
607	369.7
606.3	370.1
873.85	358
877	355.65
870.8	355.7
862.8	356.2
858.15	356.4
850.95	354.1
845.35	359.8
846.15	361.75
840.55	361.5
839.5	359.9
836.9	359.4
835.65	358.7
832.8	356.7
828.3	355.25
601.35	492.5
603.65	485.95
606	482.4
609.3	479.8
611.45	477.45
616.4	479.3
615.95	476
617	473.25
617.35	442.9
619.9	410.3
620.2	411.95
621.7	409.25
617.9	409.95
623	405.35
622.55	407.8
621.2	405.4
622.6	407.25
622.2	410.35
622.45	410.1
624.5	404.5
629.85	402.9
631.55	399.75
629.95	398.2
627.65	399.8
627.55	397.45
625.9	398.1
624.1	400.6
622.8	400.85
620.7	401.45
616.2	398.7
619.6	402.15
617.4	399.7
618.45	400.3
617.4	396.8
615.2	396.2
618.3	397.6
621.6	398.3
618.85	401.1
618.95	401.15
620.4	403.2
620.65	406.85
621.7	406
627.4	408.4
630.1	410.3
633.45	411.4
637.2	412.4
640.2	415
639.65	415.45
639.6	419.65
641.75	420.5
640.85	418.75
637.15	424.9
636.4	427.4
637.6	426.65
638.8	427.55
639.05	426.9
636.4	431.8
638.6	433.6
637.4	435.75
636.75	442.8
634.95	444.5
638.1	443.55
636.45	443.75
639.25	439.3
637.85	440.5
635.7	442.4
636.95	440.5
638.85	435.95
640.4	432.95
639.95	431.4
640.15	426.15
645.5	424.4
646.05	419.05
644.8	416.7
640.95	416.25
636	417
636.5	410.6
635.35	408.15
635.25	406.05
634.5	402.85
637.1	395.45
636.3	397.6
639	392.45
647	389.9
645.2	391.55
645.3	391.5
646.4	387.15
643.5	391.95
640.3	399.1
642.9	396.95
644.5	394.6
644	392.9
644.05	392.05
639.05	394.55
635.75	392.65
641.4	389.6
638.1	389.6
637.1	387.75
635.9	385.75
638.45	386.25
639.15	386.05
639.5	385.35
637.4	388.75
638.9	388
635.45	390.35
635.85	390.95
636.55	391.25
635.45	391.65
636.75	388.8
637.6	387.95
634.25	387.25
633.9	385.6
636.85	383.9
633.7	382.95
633.65	385.2
631.75	382.55
627.25	385.2
626.9	383.05
625.3	384.05
627.85	380.65
625.1	382.6
625.8	387.45
622.5	383.25
623.85	381.35
623.8	380.3
823.6	411.65
800.8	403.05
795.3	404.7
791.1	404.05
792.6	404.8
792.9	399.75
787.35	396.8
781.65	394.55
790.6	388.3
784.95	388.5
787.4	391.6
787.15	396.9
792.05	397.8
793.55	394.4
791.4	394.55
792	394.55
790.65	394
794.75	391.15
796.05	389.75
789	393.1
792.1	396.5
793.45	392.9
795.6	393.45
791.55	388.5
787.4	387.8
788.45	388.55
793	388.65
793.5	390.3
797.85	391.8
802.3	391.75
806.7	391.2
809.3	392.9
811.75	392.65
811.4	390.2
808.1	390.65
810.15	393.45
810.9	394.9
805.9	393.9
799.75	392.2
799.1	390.2
798.4	389.4
795.8	393.35
795.85	393.7
797.4	392.8
798.05	393.6
799	395.5
796.8	395.95
799.65	394.95
796.75	393.05
794.65	393.4
796.35	391.85
795.25	389.15
793.5	389
798.95	387.95
800.85	386.65
800.65	383.2
801.6	383.05
797.7	383.15
795.45	386.25
795.4	388.2
797.95	386.2
793.7	387
799.75	386.35
798.4	384.3
798.1	384.2
795.6	385.5
794	386.9
795	387.85
794.65	384.9
791.25	385.85
791.6	385.85
795.85	379.35
800.6	376.5
805.05	376.35
808.9	376
807.75	375.15
808.25	371.25
808.55	370.1
811.15	373.2
813.55	372.55
814.45	372.2
816.95	373.2
818.6	371.5
823.1	372.15
827.4	372.35
830.75	370.45
830.95	377.2
836.2	374.95
832.6	380.35
836.65	378.6
838.7	375.2
845.75	374.35
845.75	372.7
845.7	373.5
845.5	377.2
849.85	374.6
851.8	380.5
854.65	380.35
857.3	380.15
862.5	379.15
861.65	377.4
743.15	382.45
565.7	394.65
569.9	396.9
569.35	394.1
571.95	390.3
574.45	387.2
574.5	385.35
574.55	384.35
577.55	388.3
570.2	383.9
573.1	386.25
575.65	386.5
581.6	387.05
574.05	389.25
578.05	387
577	385.4
573.3	387.55
575.05	386.75
573.6	382.3
582.05	376
583.8	370.65
589.55	367.9
589.35	365.2
588.85	358.7
590.75	357.75
590.2	354.85
593.25	352.95
586.6	346.05
586.3	343.7
590.55	338.55
590.95	333.45
596.65	332.95
599.35	329.4
600.5	327.35
603.25	325.6
601.9	322.8
599.55	326.55
602.65	325.55
611.2	328.9
686.1	325.9
688	327.45
690.6	329.7
690	328.1
686.2	331.75
722.25	331.8
719.6	330.55
720.3	329.25
720.15	327.2
719.3	331.2
727.1	330.7
720.4	331.95
720.65	331
721.75	331.8
721.15	333.4
720.85	333.55
721.4	335.75
718.95	336
717	337.8
716.15	339.85
716.5	337.75
715.4	342.05
715.4	341.35
717.5	343.3
715.7	339
713.35	341.75
711.35	344.55
712.15	340.4
713.15	340.2
673.3	350.35
679.55	344.55
681.7	344.6
682.25	343.55
682.1	343.05
683.5	343.45
681.25	340.95
679.95	341.55
678.85	344.35
680.95	341.9
678.4	342.5
677.35	340.3
677	338.5
676.15	336.55
676.55	333.05
678.55	335.65
676.3	335.7
672.7	338.7
672.55	339.55
672	340.95
670.5	341.95
669.6	339.95
672	332.8
669.15	337
669.35	332.3
669.95	333.9
666.75	333.3
669.15	332.75
669.05	337.15
668.9	336.25
668.75	335.45
646.95	344.15
468.7	403.95
470.15	396.75
472.2	392.8
470.5	392.05
470.95	390.95
471.65	390.25
472.9	390
473.15	390.2
472.15	393
468.65	392.65
472.25	392.45
473.4	390.4
549.65	404.15
684.05	384.75
681.45	388.55
686.55	386.95
686.2	379.15
686.95	379.8
685.3	381.65
684.35	378.5
682.75	377.8
686.3	374.55
682.1	376.55
681	376.4
794.7	360.2
775.4	353.2
780.5	349.35
783.65	344
783.15	340.7
784	341.2
786.55	340.7
788.8	341.15
790.4	340.9
789.3	341.35
790.3	339.9
787.95	340.75
786.9	341.3
786.85	342.1
787.25	343.95
785.8	344.55
782.55	347.7
782.6	347.9
781.85	352.45
783.75	350.4
783.5	354.6
785.15	353.85
786.85	355.25
789.4	353.9
788.05	356.35
741.45	351.3
723.8	346.25
717.95	342.05
711	341.6
703.9	339.3
697.6	339.25
691	341.3
684.45	342.85
670	341
600.9	341.4
595.4	341.4
590.4	341.25
588.9	342.85
588.6	342.25
588.3	344.9
589.75	343.4
589.15	344.8
585.45	344.45
586.5	345.7
585.05	344.75
583.4	348.15
583.95	346.45
678.8	351.65
814.7	348.15
816.4	355.95
812.05	361.15
813.85	360.25
814.8	357.6
811.85	350.7
816.65	348.35
817.95	356.3
815.55	360.55
816.95	359.5
818.65	356.1
823.2	354
849.75	353.3
858.45	352.8
863.8	349.25
863.3	347.45
863.1	347.2
864.1	343.85
864.5	341.65
863.95	339.05
864.3	337.35
863.15	332.9
869.1	325
870.95	323.5
868.2	321.9
869.25	322.2
868.65	323.9
865.7	324.8
862.95	326.8
864.35	327.75
862.3	332.05
863.05	333.5
865.95	331.3
862	334.35
863.2	331.65
862.9	331.95
865.05	331.35
860.3	329.95
861.65	328.3
862.3	326.85
861.25	329.05
857.85	337.05
854.05	335.85
738.3	353.7
730.25	363.55
727.7	359.15
725.9	355.9
723.35	352.85
719.25	350.25
716.25	347.85
720.8	341.35
722.4	339.5
686.75	289.1
685.9	285
685	279.5
686.3	273.6
689.25	269.3
682	265.65
686.05	262.35
683.7	258.75
690.9	252.45
688.3	251.3
692.5	246.3
694.55	241.9
695.4	237.95
698.05	236.9
698.6	233.4
698.95	227.95
699.1	225.6
703.7	224.85
703.7	225.6
702.2	227.4
705.25	226.4
704.9	223.65
704.6	222.1
699.4	237.85
661.3	341.9
661.75	350.4
654.85	356.5
653.65	359.4
651.7	365.25
650.75	367.85
653.6	375.7
657.2	381.45
654.85	393.95
657	401.05
656.2	401.1
649	408.1
649	415.65
647.15	421.1
644.1	428.2
641.25	433.3
644.1	440.25
644.2	445.6
641.05	451.6
644.45	455
642.05	465.4
643.2	468.85
618.45	355.75
621.7	317.45
618.05	326.35
616	329.2
620.5	332.15
616.95	333.1
619.25	332.35
623.45	332.6
627	330.3
631.35	330.8
629.55	330.35
633.75	327.35
636.8	326
636.65	329.7
636.35	329.25
637.05	329.75
634.15	333.35
636	330.95
634.55	329.65
637.8	328.8
640.4	326.7
639.45	325.75
642.35	327.1
647.1	326.7
646.75	327.5
645.95	326.65
646.4	326.9
648	326.05
647.05	329
646.8	327.65
648.25	328.45
651.7	330.2
651.4	329.95
657.05	327.35
655.8	329.3
658.1	332.3
658.3	329.7
656.55	327.45
560.1	314.5
577.25	313.2
577.6	312.05
573.2	313.8
576	308
575.3	306.45
574.65	307
573.75	307.95
711.1	319.5
692.85	314.3
694.05	312.95
694.55	312.25
694.7	309.6
695.05	308.5
485.45	351
439.95	367.35
440.55	369.7
441.35	375.3
438.7	373.05
440.65	371.45
438.9	370.55
439.7	370.45
436.75	370.05
438.75	371.15
434.55	363.7
652	356.4
657.45	357.5
657.65	357
656.15	355.4
657.7	353.9
660.15	354.8
660.65	352.35
659	351.6
660.3	351.6
509.95	380.1
505.25	383.95
503.75	382.65
506	382.15
504.5	377.9
507.5	375.25
507.1	372
508.25	370.95
508.3	368.5
511	369.45
512.2	366.4
510.15	369.2
845.65	329.55
853.9	323.55
857.35	319.15
850.7	325.2
855	322.2
857.25	322.45
862.95	319.75
864.4	320.5
913.5	314.35
912.65	316.65
916.95	314.1
921.4	311.8
923.15	310.95
924.4	309.7
923.15	316.6
922.15	318.9
925.7	320.1
929	316.65
924.5	319.5
924.5	318.8
921.75	315.6
925.1	315.1
926.6	315.2
931.95	315.7
725.3	345.75
710.1	349.7
709.75	352.75
710.95	354.7
715.75	360.8
717.25	360.95
719.6	358.3
719.8	359.25
721.2	353.4
755.65	265.25
758.95	263.8
763.1	262.6
766.8	264.15
768.6	265
770.05	267
772.75	264.8
777.55	263.9
779.45	263.55
782.95	260.95
754.75	398.05
764.1	388.3
768.85	383
769.85	379.95
773.3	378.75
772.35	378.2
775.15	373.65
778.65	374.85
783.05	372.65
785.75	369.85
789.45	369
786.35	371.55
790.7	369.3
792.55	368.8
792.9	367.95
795.2	364.8
798.55	366.2
801.25	366.8
805.6	366.05
806.45	364.9
802.6	370.75
803.9	370.5
803.2	368.75
621.75	346.25
609.95	337.95
610	340.4
608.7	343.05
611.35	340.1
612.2	342.6
612.05	342.15
610.7	343.05
609.2	341.9
608.15	344.5
611.05	348.25
610	348.15
610.95	348.9
610.7	351.8
609.6	350.85
609.9	348.2
609.45	351
608.1	348.3
607.15	348.7
608.4	343.6
610.15	341.15
609.75	339.5
611.4	341.3
611.3	344.6
611.25	344.55
609.5	336.85
606.65	337.75
607	339.4
608.3	340.65
606.15	344.15
559.35	333.25
553.4	330.1
555	332.2
553.9	333.7
552	330.45
553	331.9
554.6	330.4
555.45	325.65
553.05	327
616.3	310.75
612.55	313.4
611.35	310.95
613.15	312
612	311.75
616.9	316.2
617.05	321.9
623.7	317.2
620.85	319.7
618.65	321.4
619.05	321.7
754.6	378.65
764.95	373.8
761.45	371.65
758.4	372.6
756.5	373.8
759.4	375.6
759.55	374.05
676.6	319.8
689.1	319.95
695.65	321.15
692.95	328.7
690.7	330.85
690.75	333.25
688	333.95
689.35	334.4
689.15	335.6
690.1	337.1
691.55	338.15
689.15	340.3
691.9	344.2
686.85	346.95
683.65	352.75
685.5	349.7
686.1	349.8
689.55	346
683.5	344.05
684.25	345.1
683.9	344.6
685	345.2
687.65	343.35
686.5	343.75
687.6	344.3
571.35	321.25
586.1	323.65
590	325.65
588.65	324.3
587.3	326.75
587.75	326.4
587.15	326.2
586.7	324.1
565.2	699
0	0
0	0
0	0
0	0
585.7	291.7
578.6	261.9
569.65	299.9
571.9	320.85
567.85	335.8
568.8	340.5
563.95	338.4
564.9	341
562.35	343.75
568.05	341.1
566.25	334.6
596.55	341
682.3	325
682.9	323.1
682.1	323.3
683.55	325.4
683.1	328.45
690.65	321.6
688.95	327.4
691.3	325.35
601.25	320.45
600.2	324.35
601.9	322.65
601.4	324.4
602.95	323.45
602.45	326.5
599.15	327.2
597.85	328.1
598.1	330.35
596.5	331.65
497.8	311.05
494.35	311.85
493.3	308.2
493.1	309.5
492.15	317.85
487.6	315.9
538	271.2
523.3	277.15
525.85	278.15
525.8	278.85
527.35	278.95
527	280.4
525.85	281.45
522.55	280.95
526.9	278.1
562.85	260.3
569	261.35
572.45	261.8
573.75	260.9
574.3	258.5
577	253.8
578.5	253.4
634.3	251.75
640.8	257.4
639.15	255.45
642.3	253.85
642.3	252.45
641.9	250.65
644.3	247.75
640.7	250.35
646.4	247.3
643.05	249.1
631.05	242.05
632.85	241.3
631.45	240.05
636.1	242.6
634.2	238.7
635.25	238.6
634.1	239.25
636.2	237.7
637	234.25
657.6	242.1
658.75	249.65
660.4	249.5
658.65	250
662.55	249.25
662.85	249.95
666.7	250.9
668.8	250.7
665.5	254.4
666.85	253.4
662.45	253.35
659.4	253.85
662.15	253.75
659.5	252.75
649.2	258.4
649.65	256.05
648.75	253.4
647.8	253.2
641.75	255.65
635.6	254.35
628.8	253.7
624.7	255
617.6	254.35
613.65	253.85
609.5	255.7
606.2	255.6
607	254.9
606.3	257.15
601.35	260.5
602.1	264.9
603.5	265.25
602.35	263
596.6	263.75
595	264.2
593.1	263.4
591.9	263
589.25	266.1
588.5	265.45
588.2	265.75
589.7	271.3
589.8	269.8
589.1	275.85
591.4	274.85
589.65	272.95
587.35	274.85
591.6	272.5
591.1	272.85
588.45	275.2
588.1	276.05
588.55	275.05
584.5	272.3
582.8	273.5
581.35	271.2
578.85	270.3
580.8	270.45
574.95	273.25
574.45	271
578.15	268.65
582.4	269.35
581.2	270.35
581.2	272.3
582.55	271.7
584.7	269.65
585.7	265.4
586	264.45
584.75	260.2
586.55	254.65
586.3	252.2
588.05	250.95
584	249.8
583.85	246.85
584.95	244
583.35	241.25
585.35	236.3
586.35	233.8
584.1	228.5
583.05	226.55
536.85	299.95
544.3	309.1
547.4	305.2
547.7	298.55
550	293.55
547.9	291.6
544.25	291.55
544.4	290.3
545.5	289.15
547.6	283.7
547.4	286.25
549.45	287.95
549.7	295.35
543.8	314.9
541.05	318.15
539.3	321.1
541.5	319.3
541	318.9
539.3	320.95
542.4	323.65
540.35	324.6
541.9	325.3
542.5	326.15
538.05	325.85
541.45	322.25
539.15	324.3
539.65	324.15
540.05	322.35
540.3	322.2
538.3	322
535.45	326.15
535.15	329.75
535.35	326.35
537.65	324.25
537.75	323.65
537.5	322.2
539	320.3
542.35	313.25
541.55	309.25
540.4	306.05
541.55	308.85
541.7	307.6
539.9	307.2
539.55	307.05
537.95	313.35
536.2	312.7
537.2	302.8
538.65	301.05
535.35	300.1
538.65	297.65
539.45	299.3
540.65	297.65
537.2	297.3
538.45	296
541	294.8
545.5	290.45
545.3	290.2
545.45	290.45
548.25	290.4
546.2	295.25
543.05	295.4
542.6	295.25
544.6	296.95
550.35	291.45
542.25	296.75
544.5	297.9
550.15	292.85
547	294.05
547.3	295.6
546.1	293.4
545	293.75
546.4	294.05
547.55	295.4
548.6	295.55
547.25	291.45
547.15	291.9
549.05	292.55
633.6	350.55
640.8	357.6
639.85	359.6
639.35	360.8
637.3	359.4
637.1	357.95
635.55	359.9
637	361.75
638.9	360.7
642.85	358.5
643.4	357.3
642.9	355.15
645.95	355.75
644.4	355.5
643.4	351.45
643.6	352.35
641.65	351.7
638.75	355.9
640.65	351.25
641.85	352.2
643.15	351.95
641.85	349.95
640.2	351.3
640.15	353.6
638	351.8
637.9	351.45
641.2	349.7
636.75	344.15
635.05	341.15
632.35	343.25
633.6	342.55
635.15	343.9
639	343.8
638.7	342.7
638.3	344.75
635.8	343.85
637.95	342.85
637.45	340.25
637.25	343.05
638.75	340.45
637.95	338.45
635.5	337.2
631.65	343.5
634.35	337.75
631.85	334.6
631.65	335.9
632.4	340
631.5	337
630.8	339.5
590.05	293.15
589.3	298.85
589.85	296.5
590.75	299.55
594.9	297.8
597.6	296.15
602.65	294.15
599.15	300.7
602.95	298.05
600.9	301.2
599.25	300.95
598.95	303.25
598	304.25
598.95	303.45
599.85	303.25
599.45	303.05
597.6	303.85
598.8	302.8
596.9	301.15
594.85	304.5
552.3	291.6
562.7	288.3
564.1	286
560.55	283.45
560.05	284.4
560.25	282.65
559.6	278.6
584.35	281.95
633.75	276.45
634.1	280.3
633.55	280.05
632.25	278.55
629.2	280.15
626.3	281.35
625.4	282.35
625.4	282.85
628.5	281.6
629.15	281.85
629.2	280.95
625.3	281.7
626.55	282.35
622.1	284.2
617.2	287.4
619.4	290
566.1	233.45
567.4	228.85
565.15	231.2
562.7	237.95
534.85	184.8
545.1	183.45
542.65	182.65
541.1	183.25
538.5	186.3
609.4	188.8
677.95	166.6
675.6	166.45
672.75	165.85
671.15	170.3
668.45	173.45
670.25	176.1
666.6	179.35
663.3	178.95
658.05	179.2
651.85	177.3
651.5	177.65
649.75	178.65
652.1	174.8
648.75	175.1
648.85	171.25
701.1	170.3
956.25	185.65
963.7	186.15
957.45	183.05
953.9	179.55
949.1	182.15
952.5	190.3
678.5	156.45
620.8	158.65
621.65	159.1
619.55	160.5
620	154.5
618.55	153.25
616.6	155.2
615.65	157.7
614.9	156.95
610.55	155.1
606.6	156.35
681.35	277.95
679.35	285.2
680.15	284.15
679.35	287.45
678.85	292.15
665.5	288.4
376.15	319.45
381.05	323.15
384.4	319.1
388	322.6
387.25	323.05
735.65	219.85
852.15	149
848	152.35
850.95	153.6
849.75	155.65
851.75	159.35
852.55	155.9
853.1	155
864.6	152.25
855	152.1
856.1	152.35
856	146.55
852.85	146.55
847.9	144.1
840.85	144.9
840.4	146.3
840.15	148.7
840.05	150.95
836.1	155.05
819.25	152.95
535.4	226
534.95	211.6
538.25	209.25
540.15	207.45
539.6	210.15
540.8	210.3
541.8	211.4
542.9	212.75
690.1	217.25
702.25	217.3
703.6	214.6
704	211.8
704.65	210.9
707.55	213.05
716.8	222.15
798.3	289.55
806.05	294.4
809.25	295.25
807.05	295.8
806.45	295.25
781.75	325.5
789.85	319.45
785.9	321.25
786.95	318.55
785.5	319.3
786.15	318.15
786.4	317.15
788.8	315.85
464.6	324.1
379.65	330.15
372.3	336.7
372.05	335.05
368.05	335.45
369.65	334.3
371.2	334.05
512.2	329.8
722.1	321.5
727.25	317.1
726	317.7
728.75	316.3
722.85	316.8
726.7	317.3
731.25	315.45
733.7	315.9
784.75	317.9
784.65	317.4
787.55	317.8
787.25	316.6
788.4	314.55
788.4	316.45
790.1	317.4
788.05	316.3
788.7	315.95
789.3	313.85
790.65	313
788.65	312.15
790.2	310.7
796	306.55
797.55	305.55
796.35	304.65
793.2	309.6
796.85	309.7
381.6	309.3
378.8	304.9
381.95	304.75
385.1	302.5
383.95	300.65
387.8	299.5
788.4	336.2
782.5	334.05
785.35	332.55
786.4	332.55
782.75	331.9
778.45	330.5
779.5	332.8
778.5	328.75
775.3	326.3
779	324.7
780.35	321.3
776.5	323.25
776.15	321
776.2	320.45
775.15	319.6
840	311.8
841.5	311.7
846.15	309.5
841.6	309.35
838.95	312.7
842.05	310.75
841.5	310.75
840.65	306.45
841.2	310.45
839.65	310.05
837.45	306.3
838.25	301.5
836.25	301.55
839.05	296.4
651.15	434.3
646.5	441.4
649.4	438.6
646.6	443.25
644.7	445.9
639.25	445.9
637.95	444.3
638.55	444.65
747.3	466.6
750.7	470.85
750.35	470.7
754.75	468.45
758.9	466.7
627.05	506.05
339.8	624.35
328.55	617.6
327.25	619.55
322.5	615.75
324.7	620.95
322.65	625.65
322.7	624.3
0	0
0	0
0	0
0	0
0	0
0	0
687.15	351.95
686.15	356.85
680.05	355.8
680.85	353.95
678.95	354.15
677.55	349.7
642.2	282.85
639.85	285.2
638.95	283.2
644.35	286.15
645.7	278.5
623.05	248.9
620.7	254.75
624.3	253.45
624.4	246.9
622.2	246.4
622.35	247.05
685.6	237.3
711.35	237.6
713.75	239.05
710.2	241.55
712.75	244.7
713.85	250.25
582.45	254.7
615.7	247.05
605.75	248.55
611.05	248.3
612.8	247.85
613.3	249.35
614	247
612.8	245.05
612.9	245.5
616.85	244.6
618.05	243.2
656.25	253.1
689.75	262.35
689.85	260.65
689.4	256.45
694.1	257.4
695.45	253
696.75	256.85
696.4	256.75
615.95	260.1
615.5	262.4
615.1	267.25
616.9	266.3
619.6	265.8
620.25	268.55
619.95	270
621.55	268.05
621.15	270.9
618.8	271.35
622.2	264.75
624.9	265.95
624.4	268.35
625.85	266.2
628.5	264.55
628.8	260.15
280.85	183.65
278.35	172.95
277.85	174.8
277.6	175.2
278.1	172.9
278.75	174.35
277.15	172.6
638.35	188
629.1	188.6
633.75	191.3
635.2	191
634.85	189.55
356.55	157
319.95	156.5
318.95	159.45
322.35	160.1
322.8	160.05
353.4	157.05
816.05	235
795.2	237.4
791	243.7
791.6	240.6
790.95	241.65
790.4	237.85
745.05	320.55
750.55	298.3
748.4	297.15
745	296.75
743.05	297.6
740.3	297.45
739.1	297.75
707.3	323.55
717.1	313.4
717.1	313.75
716.65	312.2
717	313.4
717.9	314.35
718.9	315.15
746.95	328.9
746.95	335.85
748.45	331.65
750.4	329.55
747.8	331.6
746.5	331.95
748	328.25
746.3	330.6
750.25	326.85
748.3	331.7
745.1	334.25
742.15	331.85
739.4	332.7
748.1	319.95
743.55	333.8
741.65	330.35
746.85	327.4
745.55	328.1
734.85	337.2
736.95	336.85
743.15	335.85
738.7	332.85
738.95	338.6
738.3	335.75
616.8	551.45
597.95	586.7
603.15	583.3
607.45	579.8
607.4	579.65
606.65	577.85
602.75	580.3
604.65	577.2
663.4	583.25
834.5	575.55
831.65	576.6
830.35	575.5
835.1	571.6
833.55	573.55
839.6	571.4
608.2	591.6
607.45	593.6
608.35	591.5
609.75	591.25
603.15	293.75
584.85	278.55
583.6	281.05
582.8	282
582.9	284.4
585.45	277.9
584	278.45
584.7	282.6
580.45	287.75
587.7	237
587.15	254.75
590.5	250.9
588.25	245.95
585.7	244.55
584.85	243
584.05	241.55
584	239.35
582.55	241.75
583.65	241.6
585.7	240.1
586.15	239.2
626.1	268.35
634.2	265
632.35	266.2
634.2	268.25
632.1	270.3
630.7	272.7
628.85	272.25
627.45	273.2
624.1	270.3
950.75	329.25
982.65	341.9
974.7	345.2
969.85	342.55
966.7	346.55
963.75	345.5
960.4	343.85
962	342.85
955.6	344.45
958.15	343.85
953.25	345.85
944.7	368.3
938.9	371.75
940.45	375.45
937.6	373.1
936.2	371.85
935.15	374.4
934.5	370.65
934.4	365.9
932.45	363.1
930.5	364.75
934.15	361.95
929.95	362.7
928.15	359.7
930.1	356.75
930.35	356.9
928.25	354
864.45	384.95
860.6	392.35
859.55	392.35
856.55	392.05
853.05	391.2
850.6	392.75
848.75	392.35
849.85	393.85
844.7	393.55
842.1	393.35
841	391.6
874.5	340.75
874.15	329.75
873.15	329.9
873.75	329.4
872.7	329.25
871.55	326.4
870.25	323.9
869.35	326.85
866.4	324.25
866.6	324.15
867.95	323.85
865.4	324.75
863.05	324
863.9	321.8
867.7	318.35
867.8	316.85
864.25	319.3
863.45	316.4
864.55	315.1
866.65	310.25
867.55	310.5
866.85	309.5
866.05	307.3
866.85	305.05
863.3	305.1
857.85	305.95
849.7	304.65
518.1	317.35
522.9	320.35
522.3	318.65
519.5	321
522.2	316.5
522.6	315.35
521.45	314.55
527.3	313.25
530.75	316.05
535.25	313.75
534.35	313.95
536.55	317.45
539	312.25
651.65	490.2
655.1	492.45
653.05	491.15
650	490.05
651.3	486.7
650.55	487.1
650.1	484.75
650.7	483.55
649.2	480.1
646.25	479.95
648.1	480.65
650.65	474.15
653.05	471.7
659.75	471.05
663.25	465.15
662.3	464.5
664.2	469.25
659.9	471.3
661.7	470.25
661.35	471.55
661.65	469.8
660.6	469.25
661.15	468.15
662.9	464.4
663.6	463.55
659.1	470.75
653.45	472.15
655.4	472.85
656	472.75
655.6	471.95
653.2	468.25
653.85	452.3
637.15	328
643.4	330.85
641.7	327.25
641.85	325.8
639.25	325.75
640.2	325.55
627.15	278.45
627.6	223.25
624.6	211.8
621.25	208.6
619.05	210.15
621.6	210
623.6	213.45
628.8	216.6
627.65	213.1
628.5	209.5
628.95	210.2
628.3	211.7
626.65	210.25
625.8	209.15
627.7	207.15
627.75	208.35
630.25	212.25
630.65	211.85
626.7	215.15
627.3	212.15
629.3	212.95
627.75	211.5
630.9	211.5
608	191.25
609	196.9
611.35	195.6
612.75	193.25
610.9	195.7
610.75	193.75
609.9	192.9
610.85	193.95
609.4	195.95
609.05	196.85
608.7	195.8
610.95	196.35
613.35	193
610.15	193.95
702.9	264.2
709.2	267.95
709.5	268.15
708.35	267.7
861.05	314.9
843.4	308.45
843.7	304.45
841.6	303.8
843	304.85
840.45	305.35
840.45	307.45
828.25	311.85
309.3	361.75
313.1	376
312.65	372.6
314.2	372.55
315.1	370.4
314.5	372.25
314.9	367.35
319.15	366.45
318.65	367.25
317.8	368.15
674.25	338.05
787.35	319.25
783	316.5
782.5	318
780.95	318.5
778	321.3
780.7	318.55
778.75	319.25
776.95	315.85
781.2	312.75
777.85	315.4
542.4	322.5
385.4	350.55
382.2	354.75
382.05	356
385.35	355.85
386.35	351.05
390.85	348.9
390.85	348.9
391.65	350.75
394.8	349.1
407.5	355.1
768.35	330.8
755.95	314.45
757.35	312.3
758.9	311.85
756.25	317.1
754.1	318.8
752.8	317.15
749.3	317.15
748.15	316.2
744.35	315.1
744.75	313.85
743.75	315.1
745	313.35
740.9	313.3
743.65	306.55
746.45	304.2
742.25	308.2
738	306.8
736.6	303.85
734.2	302.3
735.7	301.8
711.75	309.65
508.35	278.55
505	275.9
507.35	272.65
513.85	272.55
515.4	270.25
519.3	270.4
525	267
526.3	270.7
411.4	268.6
404.8	272.45
402.9	271.35
400.6	269.8
399.6	267.15
401.55	260.25
400.9	256.7
394.35	261.85
396.65	263.1
376.95	258.5
380.25	253.6
375.1	250.75
375.4	250.55
380.35	252.4
381.05	261.9
382.55	259.85
411.35	258.5
417.3	262
417.15	260.4
428.95	259.65
425	262
430.75	255.55
433.15	255.2
437.15	256.45
449.25	256.3
458.8	258.7
467.1	262.8
470.35	260.55
476.8	257.25
486.85	258.65
490.45	255.15
778.65	243.25
796.4	243.25
798.3	245.45
803.65	246.55
748.55	237
544.85	219.65
537.75	225.45
543.25	223.15
550	221
546.65	224.15
551.8	225.65
551.4	225.85
555.45	223.2
559.4	224.25
562.15	224.05
561.65	231.4
564.75	229.15
566.85	231.75
570.75	232.2
570.55	231.9
573.35	231.55
580.7	227.05
584.25	221.95
590.85	224.55
598.4	220.4
605.1	217.65
616.65	214.8
624	217.8
712.9	211.75
696.4	207.25
704.4	211.7
712.35	217.4
722.2	219.05
734.7	221.3
749.05	223.55
760.5	223.7
765.3	222.35
778.6	224.75
788.75	226.5
803.85	233.15
808.3	237.85
818.3	233.55
822.7	229.7
826.8	233.55
828.1	237.25
832	239.35
825.35	239.75
509.85	337.2
524.35	361.8
522.35	356.6
527.4	359.15
532.8	362.95
535	355.85
536.15	352.4
539.5	353.1
539.2	351.2
543.85	357.8
545.75	357.75
547.15	365.65
548.85	368.5
549	372.9
553.2	374.3
555.9	374.35
557.45	379.7
558	380.25
560.2	382.8
562.55	385.55
560.7	389.6
565.25	395.3
568.3	399.8
567.8	402.8
568.65	404.8
569.6	406.65
567.45	408.95
566.95	412.3
568.25	416.35
567.7	422.8
573.5	420.75
573.75	425.85
576.4	433.9
576.95	442.6
574.85	448.3
572.25	455.45
573.65	456.65
577.25	457.65
576.9	455.15
579.6	456.15
581.9	453.65
580.95	448.8
580.1	452.3
577.1	452.85
578.3	450.95
576.95	448
578.2	449.75
579.45	449.6
582.35	448.85
580	449
582.95	446.2
585.55	276.8
583.85	232.7
582.6	230
586.45	228.3
586.4	226.85
587.9	227.95
586.65	226.4
584.4	226.85
586.6	227.1
586.1	232.15
585.1	226.65
582.7	227.75
584.6	228.65
582.9	231.75
582.75	232.7
580.45	229.7
582	232.1
583.35	232.65
584.55	229.5
585.65	226.15
588.1	228.55
565.45	177.5
568.65	174.8
571.55	176.85
567.65	170.95
568.9	165.5
565.05	166.2
562.15	168.35
560.75	171.65
562.9	173.4
561.65	176.95
577.2	220.75
549	570.95
540.35	555.6
542.2	551.9
545.95	548.85
548.55	547.7
547.75	546.8
552	546.65
656.65	571.65
659.15	577.3
655.5	576.25
657.15	571.5
653.6	577.1
655.1	567.25
654	565.15
726.95	574.8
730.9	579.85
729.7	578.65
729.7	578.4
728.15	575.1
735.1	572.1
733.2	569.45
734.8	570.1
785.95	584.95
771.75	581.1
779.7	575.65
781.55	571.95
783.05	567.1
787.35	560.95
636.15	376.85
596.7	279.95
598.15	275.05
596.1	273.5
595.4	270.15
596.7	271.5
596.75	271.55
595.1	272.15
594.55	271.5
574.9	207.95
573.95	194.55
572.65	197.5
570.65	200.55
572.15	199.4
572.8	198.9
575.3	198.65
571.85	200
576.7	197.95
573.6	195.05
574.7	196.7
580.9	237.1
0	0
0	0
0	0
0	0
0	0
535.3	173.05
533.85	180.2
533.05	178.9
532.05	178.55
531.95	179.2
534.25	176.7
535.45	178.4
533.1	182.4
532.9	182.15
533.1	184.4
542.65	499.8
542.25	511.05
542.45	513.5
546.2	510.8
547.05	509.35
549.9	510.45
542.9	600.85
556.1	585.6
557.55	580.75
557.15	584.4
561.95	581.85
558.8	585.65
557.6	587.9
558.05	587.1
556.4	587.75
585.6	601.8
606.5	625.75
604.2	629.9
604.75	627.8
604.1	626.7
604.9	628.05
562.6	303.35
565.75	275.8
567.05	280.3
565.4	281.25
564.1	279.1
566.8	277.6
566.05	275.65
565.85	276.9
572.4	214.6
570.35	213.1
573.2	215.75
572.65	213.3
570.35	211.3
573.2	206.35
679.45	276.45
683.35	278.9
683.95	278.85
685.4	278.45
686	276.4
684.9	274.8
683.95	273.6
680.9	272.6
701.75	295.65
704.55	347.9
714.85	599.4
705.55	288.25
694.45	260.45
691.9	298.45
689.3	301.1
680.65	301.25
686.6	299.6
669.5	302.9
663.4	314.35
660	312.4
661.05	312.5
658.25	313.95
659.55	304.35
650.95	313.6
656.35	311.85
654	308.75
655.8	302.95
656.1	307
648.35	308.85
660.15	303.65
662.05	306.6
656.8	316.65
646.5	319.5
649.9	314.6
651.9	315
658.35	313.55
655.4	318.8
655.45	318.75
657.1	313.25
659.3	312.5
659.55	312.15
653.15	316.5
661.1	324.6
662.9	325.7
663.6	322.3
668.85	323.45
667.1	322.15
664.4	323.45
666.8	322.05
668.5	320.65
668.45	319.2
669.45	318.2
667.45	318.45
673.4	318.1
673.5	318.3
676.7	318.05
559.1	260.5
558.45	261.15
562.05	260.75
569.85	257.25
583.75	256.55
594.7	260.5
607.5	262.7
617.55	262.5
626.75	261.45
633.6	262.4
635.4	222.05
638.15	221.8
635.55	222.2
636.9	224.2
646.65	221.2
645.2	224.45
652.1	224.3
658.8	219.45
653.6	224.15
651.55	219.15
658.65	217.9
656.55	219.05
656.4	219.6
655.6	218.1
663.4	217
663	215.1
662.95	214.65
662.05	208.65
663.15	202.45
665.2	193.6
661.2	188.9
658.9	185.35
658.75	183.85
656.45	183.8
656.8	180.3
661.95	177.2
658.75	176.15
659.6	177.2
658.3	175.5
658.15	173.1
548.6	206.05
466.6	260.05
466.4	267.7
461.8	265.75
462.3	266.55
464.1	263.1
468.5	261
467.75	264.7
471.45	260.55
466.65	266.6
466.5	266.2
468.2	269.85
526.85	326.4
531.05	329.15
529.75	328.05
530.7	329.85
533.05	331.9
540.75	330.5
536.1	337.05
649.55	339
693.35	328.4
691.9	328.15
692.3	328.75
692.45	327.9
690.25	331.35
700.25	326.45
591.55	204.3
592.8	193.25
589.25	197.1
593.5	195.35
593.15	194.65
725.1	409.45
743	456.15
737.55	454.4
740.05	451.1
746.75	450.45
742.4	450.15
739.35	453.45
739.35	453.4
685.15	405.75
571.95	406.7
0	0
0	0
0	0
0	0
553.2	135.2
554.15	140.25
558.6	139.5
557.45	136.9
557.85	136.35
691.05	327.4
724.75	368.65
716.75	387.2
715.25	380.15
714.75	374.15
713.65	378.4
710.8	382.25
710.1	385.95
708.65	386.3
775.65	510.6
771.9	528.65
774.6	524.5
776.45	518.1
771.35	520.45
778.85	516.5
775.75	515.75
780.85	516.35
463.25	531.5
433.9	529.8
436.7	529.25
439.5	535.2
439.4	530
444.75	524.55
444.95	523.05
405.7	537.3
327.1	549.25
329.15	549.15
330.35	548.75
333.4	544
335.45	539.05
335.1	541
481.7	337.7
542.35	262.45
550.8	264.1
546.65	257.75
549.55	257.1
545.4	258.85
550.2	257.95
560.05	261.25
807.15	471.5
793.15	487.45
791.85	485.35
789.85	484.75
788.55	484.65
787.7	487.4
787.2	487.15
726.3	505
717.6	525.5
716.85	526.8
719.55	520.25
719.2	521.1
711.55	530.7
710.7	532.25
711.45	529.15
716.6	533.15
825.8	574.9
822.75	573.25
824.55	570.75
820.55	570.5
820.45	569.25
821.05	568.4
822.1	567.5
768.85	561.3
778.7	556.5
780.75	553.35
779.4	556
779.65	555.8
780.5	553.5
662.9	362.55
661.45	356.4
657.6	357
658.9	355.95
659	353.6
658.05	356.9
658.25	352.35
658.75	355.5
653.2	358.5
836.7	467.9
878.9	480.9
874.2	491.1
874.95	490.15
872.9	491.85
869.95	490.55
870	490.3
869.45	488.8
872.55	487.4
874.25	485.45
874.4	487.2
871.15	487.25
868.4	488.2
869.25	488.55
875.1	487.25
875.3	486.05
873.4	490.45
873.1	490.4
830.95	488.2
610.4	489
619.15	482.8
618.9	483.35
619.8	479.9
618.3	482.85
618.25	480.7
620.45	479.65
620.5	478
621.25	477
621.35	478.05
642.7	453.5
689.2	379
693.45	386.4
