608	401.95
607.2	401.6
606.55	398.75
608.75	395.25
610.2	393.45
609.45	394.7
612.95	392.15
617.2	388
615.45	396.6
616.4	393.05
615.15	392.65
620.9	400.5
619.15	391.95
619.85	399.6
620.05	393.8
621.5	402.75
625.55	398.1
565.3	353.15
555.6	338.55
556.1	342.2
556.2	342.05
561.7	343.4
558.9	344.95
563.5	343.45
562.2	340
558.75	337.55
561.25	340.4
562.9	343.75
563.95	342.35
560.5	342.3
562.1	356.2
569.35	362.65
564	365.5
562.6	370.15
634.05	424.8
992.9	651.15
1014.2	681.9
1004.95	684.65
1004.75	678.2
1004.25	677.45
1004.8	675.65
1077.3	685.5
1075.9	686.65
1076.65	686.55
1074.55	689.5
1074.3	698.1
1073.4	707.85
1068.1	719.4
0	0
0	0
0	0
0	0
0	0
0	0
0	0
0	0
0	0
0	0
0	0
0	0
0	0
0	0
0	0
0	0
0	0
0	0
790.65	607.8
429.25	415.55
400.1	392.05
413.4	397.35
417.2	400.2
419.95	394.7
420.45	398
423.45	399.6
427.05	399
428.05	399.05
430.85	399.9
536.1	391.5
627.65	364.35
624.7	366.9
621.6	369.95
621.55	368
623.2	365.1
618.6	375.75
464.35	337.15
472.2	339.2
474.2	343.7
475.15	345.25
475.05	347.1
474.45	346.3
711.35	349.1
712.9	352.8
712.3	364.65
715.75	368.1
719.25	372.6
716.5	372.1
715	370.2
722.8	372.35
724.4	374.35
669.35	386.2
569	397.95
575.4	407.75
581.95	404.9
580.55	400.05
586.6	405.7
583.45	413.3
582.6	405.4
0	0
0	0
0	0
0	0
0	0
599.6	406.2
589.7	394.45
592.95	410.35
586.65	405.15
578.05	398.8
580.75	406.05
572.2	397.7
570.65	406.85
574.6	400.3
571.35	404.1
528.3	394.65
487.7	372.8
490.6	375.45
489.25	378.95
493.9	376.35
496	381.5
497.4	374.8
500.8	378.9
505.7	381.2
505.7	387.25
404	373.35
445.15	576.75
475.75	405.9
517.9	277.5
531.65	285.8
600.35	366.85
602.05	371.25
600.75	365.5
602.6	363.55
604.25	357.3
606.5	357.55
607.45	356.85
605.55	354.45
605.6	353.15
608.1	348.5
569.75	330.1
486.25	317.8
492.7	302.7
497	300.8
503.95	297.55
509	291.2
505.2	284.9
499.2	276.35
493.05	285
495.75	301.4
491.4	312.25
485.95	312.4
483.2	310
482.2	305.4
478.6	302.8
476.45	298.7
482.15	283.35
477.35	266.95
476.2	259.95
471.5	258.95
468.2	257.55
462.4	258.15
458.55	269.9
457.65	282.9
464	288.75
456.05	288.85
460	293.2
459.1	292.85
457.9	294.2
452.4	294.5
451.65	288.8
450.3	288.15
454	286.7
422.7	343.7
0	0
0	0
0	0
0	0
0	0
0	0
571.95	162.35
591.1	152.55
615.8	209.65
624.5	251.2
627.8	246.8
628.3	236.5
635.5	248.05
629.5	240.9
630.55	242.15
634.05	246.1
633.85	243.65
636.25	242.3
632.85	237.95
636.95	243.7
630.95	239.25
630.45	258.9
629.7	250.9
629	254.7
622.4	256.5
618.6	251.95
615.55	252.05
618.2	263.05
612	260.35
607	263.3
607.3	261.7
604	267.95
606.75	272.85
605.5	275.9
608.95	273.65
606.25	274.7
610.8	271.95
611.5	276.45
472.4	266.15
411.45	245.25
417.4	247.75
425.8	252.65
442.75	250.95
450.95	260.85
451.35	254.25
469.35	259.9
470.3	258.55
475.55	254.15
482.75	262.05
480.55	267.45
482	263.8
482.9	267.3
485.7	271.7
481.15	270.9
487.75	270.3
485.75	269.9
487.8	271.6
488.1	275.6
459.3	227.45
466.35	225.45
461.15	221.55
463.25	232.8
457.2	222.7
458.4	229.55
0	0
455.3	228
456.9	237.85
460.7	244.75
0	0
0	0
0	0
0	0
0	0
0	0
0	0
0	0
505.9	250.7
502.5	265.1
535.85	258.7
706.95	223.35
696.05	224.65
696	233.3
693.6	230.5
701.3	241.85
692.95	241.45
701.3	261.9
563.25	299.8
479.9	326.15
480.4	331.6
485.4	338.85
489.45	353.2
491.35	360.95
488.65	369.25
487.65	367.4
485.25	368.25
621.55	376.05
729.6	380.95
727.5	376.75
725.65	382.8
730.5	387.6
723.65	377.4
730.7	385.95
544.9	338.4
498.25	318.15
506.7	320.5
504.5	309.55
507.35	313.95
506.35	312.3
508.3	312.85
587.25	323.25
746.85	331.55
733.05	328.3
735.3	335.7
733.8	335.5
734.7	332.5
736.8	339.7
731.7	337.1
729.9	330.05
723.4	333.3
1005	620.5
1041.1	661
1028.7	659.95
1031.4	654.7
1033.8	662.15
1036.5	660.3
1034.9	649.75
1036.5	651.7
1044.2	661.95
745.25	472.9
557.5	299.4
572.6	315.3
581.45	327.55
580.5	325.25
582.4	334.15
580.25	334.8
578.8	333.95
586.9	342.9
580.35	335.95
580.35	338.45
580.75	330.9
582	343.7
578.9	329.8
579.7	339
582.65	343.4
576	331.75
574.9	330.95
570.9	325.1
657.15	351.65
765.95	362.3
762.3	362.1
759.05	358.55
760.2	363.35
1039.2	614.85
1094.35	621.4
1085.95	601.3
1080.4	601.25
1082.4	602
1082.4	602.35
1081.05	602.65
1079.1	603.6
1079.9	605.65
1075	601.85
1070.55	599.15
1068.3	603.4
1068.2	608.7
1072.95	615.4
1071.8	612.5
1068.85	610.25
1071.7	611.55
1071.1	608
1073.6	604.8
1075.9	598.7
1070.2	597.5
874.8	545.55
590.65	414.05
435.55	295.1
439.5	288.05
445.6	286.9
447.55	296.95
452.3	300.05
449.1	295.65
427.4	266.2
0	0
0	0
0	0
0	0
0	0
0	0
0	0
0	0
0	0
0	0
481.2	268.95
488	264.55
491.05	265.4
491.3	268.35
497.05	272.6
495.55	275.25
495.7	270.65
495.15	264.05
496.15	261
494.2	262.6
493.85	268.45
495.9	273
494.8	276.3
495.55	281.3
494.6	285.3
496.7	290.4
496.95	293.25
443.85	279.95
438.75	281.75
439.6	285.55
438.9	284.65
435.65	280.95
439.05	278.1
446.65	288.1
441.05	284.55
439.4	285.75
442.75	292.35
451.8	292.4
457.05	296.55
463.1	298.7
471.9	297.4
475.9	299.8
488.75	296.55
490.7	299.35
498.55	298.25
492.25	290.95
497.6	294.35
497.15	286.2
492.75	284.65
491.75	291.9
493.35	289.45
494.3	291.35
495.9	293.6
500	290.55
493.55	285.9
499.55	289.65
502.05	293.3
501.4	287.65
435.15	288.1
423.4	286.15
423.85	292.35
427.3	287.1
429.95	291.5
424.25	281.4
425	289.15
578.3	260.95
585.1	254.85
575.95	256.4
488.1	259.1
491.3	257.6
493	261.05
493.6	259.4
493.8	270.6
490.75	272.95
485.55	270.2
485	268.6
598.2	280.25
638.4	274.5
643.3	277.35
637.65	281.6
643	293.85
646.2	296.05
641.5	295.5
539.65	309.35
542.2	313.6
549.25	314.8
552	321.15
550	322.1
553.7	323.9
552.15	319.8
560.85	328.1
563.25	334.6
613.5	379
607.2	372.2
606.95	372.8
612.55	377.4
610.75	375.8
604.55	391.45
0	0
0	0
0	0
0	0
0	0
0	0
469.4	274.2
496.1	244.6
585.05	346.3
587.05	347.4
586.75	353.5
585.8	350.85
578.3	345.95
577.2	335.65
575	341.75
573	335.75
572.5	341.8
572.7	353.45
571	353.95
571.55	351.15
573.8	359.5
523.6	354.5
473.85	331.65
473.05	339.1
474.95	345.2
473.35	343.25
475.75	338.6
476.5	349.2
475.85	347.6
474.95	342.75
479.75	343.55
484.15	345.2
485.55	351.55
488.3	347.6
489.6	348.95
492	346.3
493.3	352.2
492.55	350.8
493.25	349.7
491.2	349.25
491.45	347.9
523.15	347.05
610.2	372.25
607.05	369.8
598.65	366.7
598.1	365.5
602.4	363.3
596.6	359.75
598.4	365.45
601.05	364.1
602.2	359.1
605.6	364.5
603.1	359.9
603.95	365.5
608.7	371.2
603.05	374.35
609.25	374.95
602.55	381.5
603.95	383.1
602.95	391.4
0	0
0	0
0	0
0	0
0	0
0	0
0	0
0	0
0	0
503.35	234.05
566.65	326.2
567.95	322.3
557.1	325.8
556.95	326.25
555.65	327.05
558.55	323.15
556.15	326.4
559.7	332.1
557.35	328.65
556.65	331.35
559.75	339.45
558.05	340.25
562.9	341.45
564.1	344.7
564.35	349.7
564.4	349.8
563.2	349.9
560.8	352.85
562.85	353.55
564.2	354.6
560.55	351.8
557.9	347.9
526.1	334.9
529.05	336.9
530.2	335.75
529.55	340.55
530.25	338.65
527.9	335.05
524	330.3
525.85	327.7
528.15	326.15
526.1	324.6
526.4	323
528.3	314.45
525.75	313.2
525.5	313.4
526.75	311.5
527	314.75
526.75	317.4
527.4	323.9
523.3	325.1
524.55	323.5
521.85	323.05
522.05	323.4
522.15	323.2
520.95	319.85
522.1	316.8
523.55	317.3
527.3	320.75
528.2	320.25
530.05	321.4
528.9	325.05
529.1	322.15
530.1	322.45
534.95	318.7
531	317.7
533.65	315.8
536.9	315.45
544.4	317.9
552.45	331
556.7	343.6
592.9	330.85
598.65	329.8
599.85	347.7
607.4	355
611.65	365.25
613.45	370.3
455.2	317.25
439.65	310.1
451	317.5
467.9	324.3
477.25	329.75
488.85	336.35
495	337.25
498.15	337.1
504	335.45
507.2	335.7
517.15	329.85
723.7	413.95
728.25	419.95
732.35	417.35
737.65	415.65
740.05	416.9
746.35	416.35
750.7	416.4
756.9	416.3
757.65	414.75
759.65	411.65
759.55	409.4
765.9	405.5
740.55	387.4
738.4	385.6
745.25	381.75
749.6	378.75
752.8	376.55
755.45	372.4
758.1	371.15
761.05	369.35
757	370.25
761.15	366.45
765.8	360.7
764.75	360
766.45	359.15
765.7	358.1
767.45	353.35
766.5	351.6
765.7	352.2
766.6	350.25
765.1	341.1
759.05	334.95
756.1	329.55
758.25	327.85
754.6	323.9
749.85	323.9
702.55	311.5
583.9	252.65
582.65	244.5
584.55	249.1
584.55	252.15
584.3	255.55
586.25	257.1
582.6	260.55
583.05	262.4
582.45	267.35
585.55	278.3
705.3	231.4
844.05	173.85
835.45	191.35
832.75	201.95
830.5	211.85
830.05	220.55
830.05	220.45
824.5	223.55
822.1	226.25
822.75	229.7
826.9	233.05
822.6	232.7
821.4	234.25
606	255.6
573.1	256.95
580.6	250.25
584.25	259.35
586.85	256.65
583.4	250.75
586.85	242.3
584.9	245
585.05	243.85
0	0
0	0
0	0
0	0
0	0
0	0
0	0
453.5	352.5
556.3	435.55
555.1	437
550.8	429.45
548.7	421.05
551.55	421
547.35	419.95
552.15	429.9
544.05	283.45
546.7	271.2
544.4	277.4
548.95	291.6
545.4	305.6
547.25	309.35
546.6	313.75
545.2	316.4
546.85	320.95
552.8	321.9
551.35	321.4
556.4	326.05
558.95	327.45
558.35	325.05
560.4	319.2
565.8	317.4
560.45	315.7
561.75	313.25
564.2	311.05
567.4	309.85
566.65	298.15
574.75	219.5
574.7	211
574.85	208.1
576.4	209.5
576.75	204.4
577.1	204.15
578.4	201.4
577.1	199.1
574.5	193.45
573.7	187.7
570.3	184.5
571.35	183.9
571.3	185.5
568.05	208.55
541.1	631.3
538	609.8
536.05	607
534.1	605.75
532.05	597.5
532.4	592.8
532.2	590.3
530.95	587.3
531.95	588.8
532.55	591.3
534.8	590.8
533.45	591.15
541.75	596.2
542.55	598.5
546.6	602.75
545.05	602.1
559.85	666.35
557.15	668.7
557.75	668.75
556.55	664.75
557	661.65
556.2	660.95
557.7	657.15
631.25	664.65
644.7	664.35
639.85	659.7
638.6	652
640.1	650.1
639.95	654.3
639.45	655.4
643.1	647.25
641.55	647.35
641.25	645.7
646.1	650.85
665	658.9
742.2	657.3
741.7	656.05
744.55	662.2
739.25	666.55
739.4	668.8
740	663.5
741.1	662.15
744.75	668.8
741.55	488
735.45	271.25
742.75	295.8
742.65	323
746.5	338.4
735.35	340.7
738.3	358.85
735.65	373.7
736.2	381.2
723.7	386.35
0	0
0	0
0	0
0	0
0	0
662.4	284.65
662.05	296.35
660.15	298.25
656.8	306.05
657.7	310.5
658.35	321.3
662.05	323.7
661.8	337.7
664.5	349.5
663.1	363.45
664.6	369.55
666.4	376.6
664.4	385.15
662.65	390.05
664.05	395.2
663.1	398.85
661.2	397.95
658.95	404.4
663.2	410.4
663.95	418.1
660.05	424.95
655.3	437.3
654.3	442.7
652.5	451
653.75	456.55
652.95	458.7
652.1	459.25
655.95	462.55
657.05	466.15
662.05	465.95
662.55	459.6
663.5	458.65
671.85	460.75
677.95	460.5
685.9	456
687.95	453
690.05	455.3
697.15	453.5
706	453.35
709.35	451.15
692.55	450.8
622.15	406.05
621.45	407.75
625.7	406.75
628.55	406.4
629.85	404.15
634.6	406.35
640	407.1
638.35	406.4
641	400.95
639.05	400.65
638.25	400.25
641.8	402.4
649.3	401.9
656.6	406.5
654.55	407.2
656.15	401.7
660.1	411.95
664.1	414.4
673.75	416.2
673.7	414.65
679.45	409.6
681.35	405.5
681.3	402.8
686.45	403.7
688.15	402.9
688.4	407.1
692.7	408.4
696.35	414.5
697.9	405.95
704.8	404.65
708.35	407.5
710.55	417.65
0	0
0	0
0	0
0	0
0	0
0	0
0	0
435.9	307.75
505.1	397.6
505.5	394.85
505.2	392.65
505.85	396.55
505.75	397.1
507.15	400.85
513.35	410
519.05	415.45
523.85	420.45
522.4	419.45
524.35	420.85
528.55	426.25
530.3	427.85
531.45	427.05
535.2	429.35
538.35	433.2
543.1	434.85
543.35	436.6
545.55	438.1
554.15	436.3
557.4	434.45
560.4	436.6
565.1	436.5
569.3	439.5
570.9	438.45
573.4	443.8
570.55	444.8
576.7	441.5
565.35	447.65
559.95	442.25
557.9	441.45
550.7	441.3
545.85	441.45
535.25	436.3
529.25	429.55
526.55	425.3
522.15	422.35
519.25	425.05
520.7	423.05
522.2	422.75
519.4	419.3
522.55	418.2
525.05	417.6
532.55	411.8
532.15	411.7
533	399.9
540.25	393.6
541.95	397.45
549.15	402.4
545.4	399.95
545.1	400.1
552.3	397.8
765.55	371.4
807.65	362.45
793.6	365.25
787.6	367.05
784.55	365.6
783.6	366.25
781.85	363.5
776.45	364.05
775.9	364.4
776.9	364.65
768.15	368.85
713.55	302.7
0	0
0	0
0	0
0	0
0	0
0	0
0	0
0	0
0	0
681.05	342.05
680.5	349
680.4	352.6
684.15	350
684.45	353.3
694.95	364.8
730.25	364.75
959.1	282.6
952.05	303.35
948.2	315.15
947.5	323.75
952.4	325.15
949.1	340.65
950.55	352.8
943.1	358.2
939.6	358.9
942.1	368.9
942.75	373.15
658.3	463.7
617.25	469.5
632.1	466.1
630.65	462.65
629.65	463.15
626.3	458.45
627.45	459.85
624.8	465.55
624.55	469.7
626.2	473.65
627.15	475.95
626.4	476.35
628.2	470.55
611	440.9
606.05	388
612.85	381.5
623.25	384.2
629.7	384.9
633.05	378.45
637.3	376.4
645.85	379.2
658.05	381.35
659.6	382.45
657.1	371.05
653.25	365
496.3	400.05
500.65	397.9
501.45	397.05
507.95	389.9
507.7	381.7
508.75	380.15
510.7	378.85
515.75	379.65
514.8	384.65
510.6	389.75
512.6	385.85
512.3	388.35
519.05	392.9
515.4	393.8
515.95	392.75
519.1	384.3
519.4	381.45
523.85	379.2
522.9	377.8
526.65	375.25
530.05	367.25
531.35	362.3
527.55	356.2
523.7	354.7
525.25	360.45
526.75	362.75
527.9	359.6
524.65	357.2
531.4	354.7
532.85	351.1
530	349
531.65	346.85
533.1	342.05
536.15	344.9
541.9	353.1
546	373.15
549.45	382.8
549.3	402.2
553.9	413.35
554.25	422.2
554.25	437.45
552.6	448.05
555	455.55
557.1	458.65
554.5	462.7
555.4	463.5
552.75	469.2
553.15	472.3
770.6	370.9
874.8	316.2
854.5	321.25
853.5	331.65
854.25	335.05
850.9	335.3
856.25	333.7
853.65	337.35
853.9	337.95
858.55	338.2
858.25	341.65
859.25	342
858.6	343.4
857.15	345.4
681.45	390.4
544.6	442.4
548.95	435.75
550.4	433
552.2	430.35
557.55	431.25
556.2	428.65
551.9	431.2
553.35	440.8
556.65	447.75
556.2	455.5
554.05	455.8
550.65	457.1
555.25	462.65
556.95	466.75
554.65	471.6
594.7	467.65
832.85	447.8
831.05	446.35
824.95	446.3
824.75	446.3
828	439.6
825.15	433.25
830.1	427.4
828.65	429.55
833.5	432.95
834.8	429.9
829.9	421
831.85	419.2
829.35	419.95
827.8	417.05
827.75	418.35
828.3	422.95
828.65	424.45
830.25	427.45
828.3	434.95
829.25	436.95
832.75	439.4
834.25	443.4
838	446.55
752.7	359.25
748.65	333.35
761.15	333.6
768.3	335.35
769.6	332.65
776.15	325.6
781	327.25
779.75	324.7
776.6	324.65
778.3	326.5
789	323.2
787	322.65
781.9	326.9
781.2	325.35
790.05	322.1
789.25	324.4
789.15	324.65
789.9	327.25
792.85	327.25
794.25	329.35
794.65	328.65
621.35	338.55
361.75	350.2
374.15	349.55
381.3	354.3
386.45	356.65
390.3	358.75
390.1	358.2
384.7	351.95
386.2	354.15
389.65	358.15
390.25	366.65
396.6	371.3
407.7	365.1
749.15	368.6
845.6	365.85
832.25	372.35
831	374.5
830.45	377.65
830.35	376.75
829.6	384.85
828.75	389.2
830.65	392.4
831.7	404.1
829.55	399.4
827.15	403.85
827.4	406.7
830.7	413.95
635.35	397.2
608.1	394.45
613.45	397.45
616.1	398.4
616.75	399.4
618	399.15
620	397.6
619.75	395.95
621.5	397.05
626.95	394.2
626.3	395
626.7	394.85
629.45	394.4
628.2	397.75
631.4	400.35
635.55	404
633.65	407.05
635.4	408.8
634.55	409.8
635.6	409.25
645.2	410.35
646.8	404.7
644.85	401.85
645.95	403.1
648.5	403.05
651.2	418.3
0	0
0	0
0	0
0	0
0	0
0	0
0	0
0	0
0	0
390.95	436.7
392.7	436
394.1	432.5
397.25	432.2
398.3	433.7
400	436.35
398.8	431.15
405.2	431.65
410.8	434.45
413.75	440.65
419.9	448.6
425.4	454.5
426.55	455.3
500.5	417.2
502.8	414.65
503	416.65
504.45	415.2
509.85	412.25
514.9	412.2
522.25	413.55
523.95	422.1
529.7	416.4
531.5	419.1
533.9	409.7
534.95	406.05
537.1	402.9
542.65	399.85
545.1	400.6
546.2	396.95
550.35	393.95
550.9	390.45
543.6	386.15
283.5	327.6
257.4	318.05
268.25	320.55
271.95	318.45
272.55	322.1
275.85	321.3
279	323.8
621.75	371.45
769.2	391.6
759.4	391.55
755.7	392.3
754.8	391.4
758	383
757.55	384.65
759.7	384
758.55	378.45
757.7	377.65
757.75	378.75
756.5	378.9
756.3	378.8
757.1	377.85
758.75	378.95
758.55	378.7
720.5	366
705.65	350.25
707.45	349.6
704.15	348.8
706.55	353.55
708.4	352.95
704.05	349.85
705.1	344.95
705.05	346.6
701.7	352.2
703.5	349.1
701	349.65
700.75	346.4
698.6	341.25
697.8	342
698.3	343.75
697.85	348.75
700.7	359.2
702.35	365.8
701.1	369.9
698.9	376.25
688.2	388.35
446.4	432.85
454.9	430.85
459.25	429.35
457.2	431.35
458.55	435.75
459	435.3
457	432.95
464.75	434.65
460	439.8
461.55	442.4
462.2	442.1
624.15	428.5
795.8	382.1
782.15	394.85
773.9	396.75
774.75	396.25
768	398.5
768.3	398.2
767.7	397.6
770	396.65
769.75	397.4
770.7	397.8
691.05	387.1
540.75	403.6
542.85	408.55
549.3	411.85
551.4	413.55
554.2	415.35
551.35	419.25
553.35	419.7
559	422.95
786.5	411.85
783.2	415.8
778.75	415
776.6	414.5
776.2	412.85
778.35	411.7
776.85	409.1
775.75	410.7
776.1	411.8
775.75	412.7
774.95	415.5
775.35	417.05
776.25	418.15
775.85	421.35
776.15	421.8
777.55	418
776.55	421.9
776.4	416.6
779.35	413.8
777.55	411
779.65	408.55
778.05	404.9
776.15	404.05
774.2	398.3
773.75	398.35
772.2	398.75
770.55	399.65
768.7	399
768.45	395.65
700.25	372
672.4	359.05
671.9	359.9
673.85	365.65
676.45	370.35
674.75	376.15
671.1	381.15
663.15	390.15
660.45	402.2
654.05	409.25
644.1	406.35
628.15	404.9
625.9	411.5
622.7	415.1
621.8	415.8
621.25	412.45
622.65	409.95
623.6	407.05
621.9	405.75
621.9	402.6
624.05	403.6
623.5	400.15
620.1	400.7
617.9	405.9
616.7	405.05
616.25	406.85
617.25	408.75
620.6	417.65
617.6	430.15
616.1	444.05
0	0
0	0
0	0
346.6	406.65
352.45	406.7
356	410.2
354.9	406.25
350.4	405.6
354.8	405.9
353.85	405.1
354.45	404.4
455.1	407.95
888.65	414.75
879.95	422.3
875.7	422.25
877.55	424.85
877	424.3
876.8	424.8
875.85	424.75
876.35	423.85
873.85	424.35
870.1	426.3
864.75	430.9
867.1	436.05
865.1	436.9
862.65	436.75
860.45	438.5
856.45	440.15
862.3	437.75
863.35	438.15
863.45	438.05
625.25	423.5
385.65	387.15
401.15	389.15
412.7	392.25
411.25	393.75
416.15	390.05
416.35	389.85
413.2	389.1
621.45	379.7
628.55	370.6
627.8	371.95
623.6	376.3
626.3	379.4
625.95	380.8
624.8	378.35
626.6	374.6
632.15	370.95
632.45	365.9
631.35	363.2
632.75	357
637.85	350.1
636.7	340.05
635.9	335
635.95	323.5
641.15	311.65
641.35	306.45
648.7	293.7
648.9	287.55
650.7	280.8
654.85	274.25
657	271.6
658.1	268.8
660.7	266.05
664.15	265.6
664.65	263.45
663.15	258.6
660.1	257.95
662.05	259.35
664.4	261.8
663.15	264.7
664.95	269.35
664.35	273.4
666.15	278.9
667.65	288
596.95	355.35
594.3	392.4
599.9	400.8
597.45	414.3
0	0
0	0
0	0
0	0
0	0
0	0
0	0
595.9	517.75
599.8	525.6
600.35	539.75
604.7	541.3
604.25	543.15
603.8	552.95
606	561.55
606.05	577.4
556.65	469.8
557.1	454
558.4	460.7
558.8	465.85
559.7	466.75
561.6	469.1
561.75	472.2
559.25	477.85
560	479.65
564.45	483.25
567.9	484.7
569.25	485.35
573.45	486.6
473	477.25
471.8	479
474.9	479.7
476.55	486.35
474.55	497.9
475	506.75
472.85	506.95
470.8	515.35
472.05	516.45
476.85	523.7
479.6	522.95
478.8	513.35
478.25	515.7
477.65	514.65
486.75	519.6
487.55	520.75
489.15	520.5
488.8	519.4
486.25	524.8
585.9	446.15
592.65	429.65
584.85	433.6
578.95	436.7
578.35	435.25
510.25	410.85
479.7	404.25
479.85	401.95
479.95	402
477.65	403.2
476.5	401.95
629.45	416.05
677.05	400.3
673.6	397.6
674.2	398.6
678.5	404.1
621.55	413.3
513.25	414.2
519.95	416.3
521.9	416.3
523.2	410.75
523.4	407.2
525.4	405.9
529.1	404.3
536.35	400.15
425.15	398.8
427.05	401.05
573.15	407.85
820.05	415.9
796.5	419.65
791.3	415.05
790.65	412.45
787.35	410.5
790.95	411.95
791.9	410.6
620.05	376.05
571.25	361
576.95	368.95
592.6	374.95
585.1	375.5
583.2	371.95
579.4	375.15
581.3	380.65
580.15	385.65
577.95	386.2
577.6	389.55
576.1	389.9
574.5	391.7
575	390.45
575.85	388.75
579.25	391.8
574.35	397.35
575.75	391.65
575.75	392.8
569.65	402.85
570.2	405.7
571.45	403.35
816.85	467.45
875.65	464.65
867	464.55
865	462.6
868.65	463.3
875.75	458.25
877.5	458.35
878.55	459.05
876.95	459
878.55	462.1
879.3	462.1
875.1	464.05
872.1	466.5
877.5	462.75
884.95	460.05
884	471.55
884.15	474
885.15	472.6
833.05	467.85
632.55	442.85
642.65	443.2
649.35	440.4
652.2	440.1
654.35	440.45
653.8	437.55
660.15	439.7
665.2	436.65
707.65	387.9
769.8	297.85
771.1	302.95
768.15	301.6
771.95	302.2
773.6	302.45
773.8	301.5
773.05	301.1
777.4	306.65
778.9	310.35
780.9	314
779.75	314
783.6	312.55
781.9	311.25
762.6	443.05
768.6	446.15
766.5	444.2
766.65	441.75
768.45	439.25
770.95	434.75
773.65	432.85
777.75	432.05
779.35	432.25
780.8	434.2
779.25	435.6
778.15	434.85
781.05	437.65
781.1	439.1
779.6	441.7
779.25	445.45
776.3	449
780.6	444.9
692.35	391.95
606.2	356.35
611.85	353.2
610.8	359.5
620.9	361.65
626.1	372.15
626.75	379.45
552.9	401.05
516.35	410.25
517.7	413.85
522.25	420.1
519.85	420.75
517.5	423.7
519.2	422.25
562.35	425.3
714	440
704.05	432.3
695.35	426.95
694.25	433.5
694.45	437.2
698.1	431.8
693.55	428.85
690.85	428.25
610.85	408.85
537.6	406.9
540.75	401.9
546.7	404.55
546.75	406.95
576.8	412.85
765.6	425.45
759.1	429.6
751.9	429.5
750.8	429.15
752.05	425.3
751.6	432.4
0	0
0	0
0	0
0	0
0	0
0	0
0	0
514.55	369.85
510	369.65
508.3	370.05
514.35	364.3
509.65	363.5
510.95	366.1
515.25	364.4
550.2	387.7
651.25	458.85
649.85	468.7
650.1	468.85
650.3	467.75
651.15	469.9
653.95	469.85
652.55	468
651.95	467.5
654.25	476.15
661.15	482.1
658.2	488.75
660.35	495.95
662	493.35
660.5	496.8
660.05	500.3
659.15	502.2
658.9	506.95
656.15	510.85
655	515.55
654.3	522.25
655.05	526.8
652.15	530.95
650.4	535.6
650	539.95
648.95	543.8
651.55	542.05
647.65	542.05
645.15	541.15
647.75	532.6
616.25	379.3
617.1	347.6
623.35	348.6
626.8	357.05
536.85	348.6
533.5	347
537.55	347
539.75	351.5
540.05	353.5
540.25	357.4
540.95	363.55
543	367.6
544	372.6
545.7	374.2
547.7	375.45
547.5	372.8
547.2	373.15
640.65	404.7
641.85	402.6
644.95	404.95
643.95	400.75
639.15	391.8
640	394.45
641.2	387.15
636.8	386.55
591.15	348.2
565.75	319.9
564.05	322.05
565.35	327
566.7	328.9
566.5	330.8
565.45	335.8
565.45	339.45
565.5	345.25
565.85	348.25
563	351.35
569.2	352.9
571.35	352.6
568.2	352.2
565.9	356.1
569.8	361.5
568.95	364.3
567.8	362.7
573.6	360.65
573.55	361.7
565	355.5
495.05	294.75
493.55	290.7
493.95	290.7
495.75	291.75
492.75	290.1
492.7	288.15
493.6	287.3
492.25	286.4
491.65	287.4
528.3	271.15
533.15	265.45
532.75	268.35
532.05	274.05
536.75	282.4
535.75	285.35
550.3	281.5
569.85	273.05
573.5	274.25
572	273.65
572.6	272.9
571.7	272.7
570.3	269.05
573.8	266.5
612	261.95
612.45	263.45
614	263.4
613.65	262.4
612.65	261.3
614.05	264.55
615.4	266.6
614.5	266.75
614.1	264.6
614.25	260.3
614	260.05
615.05	266.7
615.6	269.8
616.7	269.65
613.45	273.15
617	331.05
614.6	332.6
613.45	332.8
613.35	329.2
612.45	329.8
612.5	328.8
663.05	326.1
675.9	322.55
676.8	322.1
676.15	324.65
675.75	327.85
678.7	330.1
678.4	344.85
518.9	298.8
0	0
0	0
0	0
527.45	438.85
527.5	438.9
532.9	448.35
538.6	460.45
540.65	466.65
542.55	463.35
542.55	460.5
544.9	463.85
547.7	466.95
610.9	397.5
616.95	381.7
615.25	390.2
613	393.45
613.8	395.3
613.35	396.7
615.6	398.8
612.8	405.1
612.35	409.9
611.9	405.2
605.25	413.55
598.5	414.7
599.65	422.15
560.4	369.3
556.5	367.1
555.5	375.1
558.15	382.75
559.3	385.9
559.1	385.65
557.9	383.65
560.2	386.25
584.05	365.15
622	318.45
624.55	314.85
620.25	317.7
622.3	324.15
622.15	325
622.1	323.15
622	323.15
623.9	319.95
625.3	321
628.1	321.4
629.5	321.35
630.05	323.1
630.25	324.45
629.25	325.75
629	329.35
634.05	328.2
633	325.75
627.6	318.05
626.65	315.2
625.35	314.4
625.85	314.25
626.85	316.85
627.25	327.9
631.75	336
625.75	342.85
623.8	348.65
628.15	347.7
623.75	349.35
626.1	349.45
626.4	354.25
618.95	357
617.05	356.1
617	351.75
612.2	345.95
610.65	343.3
609.2	340.95
607.75	334.9
606.8	334.4
605.7	331.75
601.6	329.1
546.65	387.35
538.85	397.95
534.95	407.4
534.75	416.45
539.1	431.5
0	0
0	0
0	0
0	0
0	0
669.7	441.6
667.9	437.3
671.25	440.35
667.25	437.3
672.95	431.9
612.95	434.7
551.7	411.85
549.55	415.6
553.7	419.15
552.45	422.05
550.55	424.55
548.95	424.3
551.05	424.55
552.75	425.2
552.65	428
551.3	426.7
554.05	425.8
553.1	425.55
552.05	425.4
554.15	423.15
548.35	422.95
548.55	419.15
550.1	416.4
549.9	422.95
546.85	426.75
548.4	430.6
550.2	434.7
553.4	436.15
552.5	435.8
549.2	434.95
547.05	431.5
547.25	429.85
545	428.2
548.35	427.4
549.85	425.65
551.7	420.3
553.6	415.75
555.1	413.6
557.55	411.55
558.8	408.2
564.4	405.35
554.95	393.65
503.3	301.65
505.75	297.1
511.05	295.8
509.2	297.05
512.9	295.05
512.85	293.05
514.55	297.95
514.45	301.8
518.35	304.35
490.8	270.9
0	0
0	0
0	0
0	0
0	0
0	0
0	0
582.45	422.35
582.25	431.8
585.45	431.4
583.5	427.4
587.4	429.85
591.1	427.75
590.8	432.3
703.25	429.6
749.2	421.55
747.9	425.45
742.5	432.3
740.4	438.8
737.5	439.85
733.95	448.55
733.1	449.6
731.15	451.8
728.9	457.1
723.1	461
727.4	464.95
719.65	466.55
721.2	465.35
716.9	472
720.85	478.1
718.45	478.8
715.4	477.35
714.8	478.2
713.85	475
711.65	479.35
712.25	481.85
714.75	483.85
714.45	484.4
712.55	489.4
710.6	494.7
709.8	496.05
711.5	503.35
709.75	506.5
707.25	513
708.4	515
707.7	512.5
704.1	515.3
706.5	519
704.7	521.15
709.7	522.7
706.25	521.65
675.5	494.8
549.4	410.45
545.2	406.5
557.9	406.15
552.9	401.85
552.2	399.45
554.1	401
556.7	403.9
554.85	406.45
552.3	411.3
550.9	414.25
558	417.8
0	0
0	0
0	0
0	0
0	0
0	0
592.2	381.15
589.75	389.65
593.75	392.95
599.8	394.75
597.2	392.35
595.7	386.55
595.1	384.7
594.5	383.15
594.3	384.35
600.5	387.75
601.25	389.75
598.5	398.4
597.35	401.3
598.95	401.9
596.25	402.15
594.8	405.25
595.1	406.25
591.85	406.85
587.75	406.3
588.15	404.85
586.85	400.7
587.35	402.3
587.5	401.95
590.9	403.25
587.45	405.6
588.7	406.9
588.6	405.45
586.55	398.4
585.85	399.65
585.8	399.3
588.1	401.3
456.35	329.95
0	0
0	0
0	0
0	0
0	0
0	0
591.8	333.7
593.5	331.55
590.8	335.85
592.75	336.6
585.3	337.75
589.35	338.4
643.65	306.4
661.2	289.9
658.1	286.25
650.75	288.8
653	290.95
643.55	297.7
644.65	294.05
635.4	299.4
630.6	300.8
629.85	301.45
629.3	305.1
627.6	306.5
623.15	308.65
620.35	309.3
546.05	312.2
390.35	277.4
386	276.75
385.55	270.7
383.7	273.8
381.5	280.3
384.95	279.7
377.85	284.2
372.7	287.35
371.05	283.05
370	284.25
364.5	286.05
517.85	258.1
560.4	246.95
555.55	251.2
553.2	257.05
552.15	262.2
555.75	266.45
555.4	267.9
555.1	272.3
643.8	387.75
638.5	396.3
468.35	408.85
398.8	415.55
407.5	412.2
412.2	408.55
409.7	408.3
412.1	405.45
410.95	406.95
412.75	407.7
521.35	406
663.7	398.9
654.35	402.6
653.6	400.4
655.55	403.3
777.2	320.5
866.3	218.55
857.85	223.15
855.9	224.5
855.65	227.1
859.25	226.35
859.3	223.85
858.8	222
851.65	227.75
846.7	231.95
845.55	231.55
840.8	232.9
835.9	233.95
834.8	231.2
828.95	229.85
827.45	227.7
824.35	222.85
819.15	223.1
811.5	221.75
809.15	222.35
698.7	329.1
619.5	389.05
628.45	385.85
624.7	380.6
625.35	376.4
628.25	374.95
629.8	375.75
634.2	374.75
740.2	382
779.9	383.3
775.8	387.95
778.7	387.3
780.45	390.9
776.35	397.15
775.15	398.8
776.9	399.45
779.6	401.3
834.2	373.8
843.45	363.7
845.35	361.8
847.9	361.35
852.65	360.3
853.55	360.65
855.15	359.9
849.4	363.25
849.15	367.05
687.9	404.75
689.45	407.65
696.85	404.8
699.85	404.65
697.15	410.1
706.65	406.4
708.9	404.85
706.1	404.55
711.95	407.7
546.4	407.4
274.95	415.1
283.95	405.65
290.5	404.4
292.7	404.45
291.25	406.75
293.1	409.75
689.05	397.2
801.4	380.7
791.15	385.2
788.05	384.9
784.9	384.6
785.85	383
784.6	383.95
789.2	384.1
781.85	385.5
848.75	331.5
845.6	333.4
843.4	338.8
835.55	346.3
830.35	347.7
825.6	348.4
824.55	346.8
827.35	349.25
828	352.4
829.35	357.15
828.65	361.8
829.3	362.25
803.7	432
796.5	438.45
795.9	433.85
797.75	431
795.9	430.05
795.75	424.1
795.95	422.45
795.9	423
793.5	420.15
798.3	421.1
797.6	420.4
795.85	420.95
795	421.2
792.7	420.2
816.4	367.8
818	372.55
820.1	374.35
819.95	376.85
822.75	378.45
822.3	380.65
823.9	378.5
822.75	378.45
821.45	375.45
824.65	375.2
829.35	376.85
829.65	379.95
828.95	381.3
577.55	513.15
535	583.95
545.4	587.8
550.5	589.15
550.1	586.9
350.25	647.3
298.2	656.1
304.1	652.15
310.15	651.15
314.65	650.1
314.3	651.35
315.35	654.3
317.55	663.9
0	0
0	0
0	0
0	0
0	0
0	0
0	0
715.1	483.7
707.7	483.75
706.8	479.3
705.65	477.1
706.55	468.45
703.5	465.7
687.25	420.8
680.85	388.95
681.9	386.75
681.55	395.4
680.65	400.45
676.2	408.7
677.75	413.1
678.75	418.65
652.8	377.85
643.3	351.05
649.1	346.45
645.3	345.3
645.6	346.9
645	342.45
642.4	338.65
640.95	335.4
609	317.75
600.6	309.05
600.9	305.9
601.9	304.85
600.5	299.2
598.7	301.6
599.05	296.9
598.5	298.05
599.3	295.1
603.25	295.3
720.55	309.8
750	307.2
747.9	309.9
749.95	301.5
750.4	298.7
749.35	293.3
752.7	286.75
753.25	289.6
756	291.95
759.7	291.75
760.9	287.85
763.4	286.1
655.2	269.15
636.6	263
641.25	264.4
640.9	265.95
642.05	268.1
642.2	268.05
639.8	267.05
643.05	264.75
640.95	266.6
646.1	266.5
648.2	262.3
651.5	267.95
651.25	266.5
648.35	265.95
649.4	261.65
647.8	258.75
650.65	265.8
649	270.75
653	273.85
648.85	279.95
390.55	186.2
340.1	168.35
350.7	174.25
348.5	183.05
351.7	187.5
353.7	193.25
353.7	192.2
354.8	192.3
359.7	195.85
732.3	360.2
804.8	369.45
799.65	364.3
802.65	360.75
801.25	362.3
808.6	365.05
817.65	365.05
816.6	364.35
820.4	364.4
816.45	366.5
813.55	371.85
814.15	376.5
811.65	387.15
809.5	394.35
807.95	396.25
805.5	400.15
804.25	405.85
800.95	409.05
735.4	391.2
716	385.95
717.35	381.75
721.7	385.95
721.3	385.2
722.8	383.6
721.55	384.15
718.2	379.75
715.35	381.35
712.1	372.35
717.3	382.85
623	295.55
0	0
0	0
0	0
705.2	378.6
705.05	380.05
708.15	376.4
700.95	380.95
699.75	382.95
699.5	382.75
702	382.85
702	382.85
702.4	386.1
705.6	387.45
703.15	394.7
698.1	392.1
699.7	392.25
700.6	393.65
698.4	394.3
701.2	391.15
695.2	391.3
696.85	383.45
691.05	380.35
690.05	381.35
692.9	383
567.3	533.75
567.9	585.2
570.8	576.95
572	575.55
567.45	577.05
747.5	616.1
784.75	623.45
780.55	624.35
776.85	624.4
773.1	619.5
772	614
769.75	629.2
571.1	641.9
568.5	639
576	642.7
579.5	640.1
581.25	641.35
585.1	512.2
582.5	287.3
583.45	300.1
586.3	307.45
585.25	310.65
587.85	312
589.35	312.8
590.8	309.45
591.6	309.45
589.8	312.2
590.55	319
592.4	323.4
590.1	317.05
594.4	315.35
595.25	316.05
589.55	315.4
586.65	316.95
732.05	501.4
741.3	508.8
740.55	502.7
737.45	497.8
738.75	493.8
737.65	493.3
631.65	299.95
640.55	304.4
644.05	310.05
641.5	312.25
639.6	314.2
640.95	314.4
639.9	318.55
635.15	324.3
629.95	325.35
629.7	324.3
628.75	326.3
626.2	327.4
629.85	335.1
626.65	335.15
625.8	329.1
619.65	326.15
622	325.75
619.4	322.05
620.4	318.65
619.35	314.7
616.7	312.2
615.25	308.45
612.1	309.35
611.05	307.7
613.75	305.25
612.25	308.15
617.2	320.55
751.2	301.9
937.6	364.2
947.15	423.4
906.2	421.25
904.35	416.05
901.85	412.65
896	415.25
897.1	418.65
896.2	417.4
895.25	420.05
894.55	422.45
897.65	424.2
894.5	425.75
894.6	431.2
890.9	435.75
888.75	440.25
886.8	439.65
880.55	412.5
879.9	391.25
877.8	392.2
875.35	395.6
874.8	395.9
872.1	396
864.6	393.3
860.75	395.2
861.95	397.7
862.4	396.8
858.4	396.05
853.55	398.05
850.3	395.95
842.2	398.45
839.75	400.1
840.75	402.3
838.85	400.35
838.4	396
840.9	399.05
842.2	400.9
846.2	397.1
843.5	392.15
843.35	389.8
840.55	386.45
838.3	387.5
839.35	383.05
834.85	384.6
832.05	387.05
827	383.6
811.65	387.35
507.3	327.6
513.7	330.45
517.35	338.4
521.1	345.4
520.85	354.3
522.95	364.4
522.8	372
520.8	378.85
521.4	385.2
519.25	388
519.75	390.3
522.3	390.85
523.5	393.75
665.9	517.15
667.5	525.35
663.35	517.9
658.6	513.55
660.1	513
661.4	512.5
661.45	510.65
660.85	504.9
658.6	501.3
659.9	505.7
659.9	512.8
661	519.6
662.2	525.95
661.2	528.5
658.3	530.25
657.8	534.4
655.8	538
658.1	538.95
659.4	541.9
659.6	544.9
659.25	540.1
659.6	544.2
660.3	541.1
664.95	538.3
665.4	537.15
658.75	528.85
658.3	529.6
665.1	538.45
660.3	538.75
662.65	533.7
634.15	528.8
508.6	500.1
510.55	506.05
518.2	509.6
515.85	514.95
516	514.5
513.7	516.85
509.6	517.15
510.65	516.95
540.5	468.75
578.1	383.05
576.85	385.25
575.65	392.3
578.5	397.25
577.55	399.95
578.85	405.8
578.4	405.85
578.05	405.1
580.7	407.7
587.35	404.65
579.2	401.8
581.6	399.95
582	403.35
580.4	405.8
583.25	405.3
582.4	402.95
584.4	402
585.75	402.45
585.6	401.3
583.8	400.3
579.2	396
581.2	390.3
582.3	389.15
580.35	390.2
579.3	393.8
580.7	399.15
579.85	403.2
582.55	401.3
581.45	403.3
598.25	373.8
598.6	376.85
596.3	376.1
599.75	374.55
596.2	379.35
598.55	380.15
603.5	381.8
603	380.75
824.75	386.6
837.25	390.15
832.15	393.7
825.65	395.85
822.05	396.15
822.85	396.7
820.25	394.5
816.35	395.05
867.6	482.1
909.65	610.9
906.8	620.65
906.15	603.8
900.7	600.2
905	599.85
874.95	466.25
861.1	362.95
859.25	369.25
858.75	370.6
856.3	374.05
855.4	379.3
607.4	398.05
233	466.25
269.2	461.1
278.5	461.7
282.95	463.05
284.35	462.2
285.5	459.25
287.65	459.95
288.85	465
296.35	475.4
0	0
0	0
0	0
0	0
0	0
0	0
757.9	399.75
757.35	405.25
755.9	404.4
756.05	403.9
758.1	402.25
756.7	401.6
757.55	397.7
753.2	402.35
752.45	404.85
753	402.9
0	0
0	0
0	0
0	0
0	0
0	0
0	0
0	0
359.6	459.7
360.15	463.55
362.65	463.55
365.8	454.9
364.45	454.4
634.35	409.7
703.8	380.6
694.25	382.4
692.6	381.35
687.55	380.65
686.05	383.65
689.7	382.9
535.1	350.25
459	311
470.9	313.5
480.05	315.1
484.85	315.75
493.8	319.55
501.2	322.1
504.35	322.9
506.9	322.8
460	312.95
380.25	305.15
383.1	305.1
386.35	304.9
382.2	305.55
389.4	308.45
384.95	306.95
381.2	303.95
381.8	301.25
385.05	298.6
382.35	297.3
386.65	298.7
386.35	297.4
395.85	288.8
396.3	286.05
399.7	285.5
402	287.15
410.35	283.2
416.45	276.05
419.8	271.2
425.55	263.6
429.85	261.6
438.05	258.75
444.6	256.4
451.1	251.3
456.4	248.55
460.85	243.95
479.15	232.85
506.1	206.95
506.75	206.25
510.7	206.95
514	206.4
518.9	203.7
520.8	199.65
530.2	198.05
529.5	195.55
530.95	197.6
536.85	200.05
544.4	205.1
543.4	207.05
549.1	210.75
555.9	214.7
563.6	220.55
572.7	224.35
576.25	227.6
582.25	230.7
585.3	235.05
590.7	233.1
598.5	232.75
600.75	219.7
602.65	217.8
611.6	215.9
632.55	214.15
638.05	213.55
647.05	205.65
652.85	205.3
667.1	201.2
681.5	206.65
703.65	187.4
705.45	185.4
710.35	188.75
725.4	195.65
740.25	199.5
757.55	207.75
769.2	210.6
783.75	215.05
797.35	215.6
813.2	212.85
828.25	223.95
841.6	231.2
849.7	234.95
859.4	233.2
864.5	239.3
869.7	246.75
755.25	271.7
589.05	346.3
601.6	363.7
607.6	376.5
603.7	390.1
604.9	396
603.4	404.45
598	414.65
594.3	416.2
592.6	419.45
593.7	427.25
591.6	438.2
593.15	450.2
588.2	460.85
589.15	469.1
589.7	478.55
596.15	503.25
478.5	422.55
0	0
461.5	356.2
480.1	366.15
475.65	368.2
478.95	374.25
484.05	387.85
486.05	395.85
487.25	400.5
487.45	405.85
489.95	413.45
493.65	420.35
495.65	427.9
498.45	437.9
497.95	446.75
500.75	456
501.1	468.95
502	478.8
502.2	473.85
507.9	486.15
507.2	495
509.25	500.55
510.8	502.95
512.45	506.7
511.3	505.35
510.45	507.55
517.6	513.1
519.9	519.7
519.65	521.75
526.1	519.6
528.55	517.65
529.4	515.85
529.95	511.35
532.25	508.2
532.55	507.85
531.6	509.35
530.2	509.1
531.1	508.9
530.1	509.35
532	506.4
533.05	508.2
535.8	511.3
539.8	510.85
542.25	510.9
542.5	509.95
540.75	508.15
539.55	507.85
539.9	507.4
539.75	507.1
540.2	506.05
542.35	503.35
545.35	502.6
546.55	501.45
547.75	506.8
548.25	509.65
551.15	510.6
0	0
0	0
0	0
0	0
0	0
554.15	330.35
555.9	334
554.1	335.45
559.3	336.3
559.05	333.6
560.75	334.45
554.1	378.8
568.3	625.2
561.75	627.15
561.05	620.65
562.2	622.1
564.95	623.3
566.5	626.15
564.7	625.65
565.8	621.35
566.35	617.05
565.2	618.65
569.1	623
572.35	625.5
571.9	625.7
567.9	614.3
568.1	613.55
569	619.65
568	613
568.8	610.8
568	614.7
572.15	613.8
573.9	611.9
577.65	608.95
579	605.35
579.4	598.05
640	634.8
663.4	632.65
663.95	635.2
665.05	625.65
660.05	620.7
662.5	623.55
667.35	627.95
667.15	631.8
664.85	634.4
668.6	625.6
668.2	628.15
667.85	634
674.75	640.45
666.25	645.7
563.5	544.75
0	0
0	0
0	0
0	0
0	0
0	0
0	0
0	0
0	0
0	0
579.2	388.35
574	270.8
575.8	274.15
576.55	272.7
574.55	276.1
577.45	280.4
581.2	285.2
578.5	297.15
582.1	297.55
582.65	300
580.75	308.9
578.8	314.95
579.55	319.4
578.25	324.8
568.5	676.45
570.15	683.65
568.5	664.4
568.15	658.7
567	646.45
568.7	648.3
566.35	650.7
565.6	646.85
567.35	650.65
565.9	644
0	0
0	0
558	715.4
559.7	706
561.3	706.3
559.85	702.35
561.05	701.55
559.9	699.1
0	0
676.3	716.95
677.95	712.45
677.8	710.45
675.8	715.45
677.15	714.2
672.8	712
672.35	716.35
671.35	713.55
672.55	707.8
668.45	699.9
666	689
666.55	689.4
665.3	689.25
666	705.55
674.8	700.75
664.85	689.9
628.7	460.25
636.25	422.6
638.05	438.85
724.15	369.65
722.6	376.2
723.75	384.75
721	396.2
716.4	401.3
712.1	405.85
713	410.4
711.55	410.7
708.2	412.5
709.7	416
710.3	409.75
703.8	405.8
706.65	401.75
706	405.45
705.8	402.25
705.2	399.15
0	0
0	0
0	0
0	0
0	0
0	0
0	0
0	0
0	0
0	0
690.25	398.05
686.6	399
687.85	393.7
691.2	390.2
690.9	387.95
671.4	359.5
676.55	360.75
677.2	364.8
679.35	368.8
679.6	375.55
678.35	379.7
677.15	385.3
675.85	390.25
678.65	398.5
679.55	398.35
681.3	401.6
682.8	401.5
678.8	401.8
679.9	400.8
675.1	400.2
673.5	397.6
672	395.05
673.1	395.05
671.5	395.4
678	400.2
676.55	397.9
616.1	380.4
536.05	324.65
540.3	325.1
552.05	332.5
560.95	337.8
566	338.85
579.25	341.9
589.35	339.45
598.8	342.9
586.95	274
596.5	244.7
602	246.3
611.55	241.45
618.8	241.45
622	242.15
626	242.3
633.65	239.25
633.35	251
642.95	257.65
641.55	260.3
641.05	254.75
641	254.5
640.8	268.15
579.4	503.05
576.55	482.85
576.4	480.15
578.35	478.15
580.1	473
578.35	470.3
579.2	463.3
577.75	461.4
579.15	456.75
580.95	457.4
580.9	460.55
573.15	434.45
521	366.35
520.6	367.95
522.55	360.1
523.3	364.1
530.15	376.95
534.8	379.2
537.45	388.85
538	396.9
565.95	398
666.55	411.35
663.9	415.25
658.2	418.25
659.85	414.25
662.15	415.1
660.4	410
659.25	408.95
513.85	429.1
505.5	431.4
510.05	428.65
514.5	422.3
510.8	425.2
511	425.8
517.55	429.8
520.1	433.7
510.7	437.75
514.55	433
516.4	435.75
640.05	449.05
690.35	439
687	439.2
681.3	442.75
679.05	442
678.75	443.6
679.65	444.1
680.25	439.8
678.7	435.9
679.7	434.2
679.25	436.55
578.45	377.75
0	0
0	0
0	0
0	0
0	0
0	0
0	0
523.85	440.25
551.9	427.05
655.8	534.4
653.4	538.6
652.55	540.4
712.7	504.25
714.9	509.05
715.75	511.2
717.95	531.25
0	0
0	0
0	0
0	0
0	0
0	0
0	0
0	0
0	0
0	0
0	0
0	0
0	0
0	0
0	0
0	0
0	0
0	0
0	0
0	0
0	0
0	0
0	0
0	0
0	0
0	0
0	0
647.2	466.1
644.6	472.65
607	421.55
557	400.2
553.65	399.75
558.8	397.6
561.05	401.95
559.85	408.7
559.75	415.05
438.5	409.8
439.85	417.3
448.3	422.45
444.9	426.3
456.4	418.1
715.85	425.3
708.55	422.2
701.5	423.2
698.1	421.5
698.4	418.7
698	421.05
702.55	418.35
519.25	446.9
510.4	446.9
516.6	442.8
516.6	443.45
519.45	439.5
513.55	441.25
513.15	436.6
511.45	433.5
513.45	430.5
513.6	427.75
653.2	430.45
674.65	427.9
671.95	425.1
667.15	417.05
667.95	417.05
668.55	413.45
671.4	416.65
673.2	418.5
677.9	419
680.75	420.75
682.6	417.4
684.25	415.25
680.85	420.05
683	412.6
683.5	412.6
682.1	414.2
677.85	410.2
676.3	405.75
675.75	403.85
673.8	404.8
499.85	395.55
477.1	394.2
481.7	395.3
483.25	398.9
481.15	400.5
481.35	401.7
479.5	402.1
410.8	325.5
0	0
0	0
0	0
0	0
0	0
0	0
0	0
0	0
0	0
0	0
0	0
0	0
0	0
370.5	495.9
402.5	426.3
418.1	390.95
427.3	363.55
444.7	362.75
451.1	391.7
453.15	400.9
458.25	412.5
518.65	492.95
558.55	505.8
577.1	503.2
