0	0
0	0
0	0
0	0
0	0
0	0
0	0
0	0
0	0
0	0
0	0
0	0
0	0
0	0
509.99	286.99
503.96	280.9
497.94	271.78
493.92	267.72
486.89	259.61
483.87	255.55
483.87	255.55
481.86	255.55
481.86	254.54
481.86	254.54
481.86	254.54
481.86	254.54
481.86	254.54
481.86	254.54
479.85	251.49
479.85	251.49
437.66	227.16
415.56	214.99
407.52	210.93
388.44	198.76
376.38	189.64
373.37	186.6
371.36	182.54
371.36	180.51
371.36	179.5
372.36	178.48
469.81	210.93
493.92	227.16
524.05	256.56
533.1	267.72
538.12	277.86
543.14	284.96
543.14	284.96
553.19	296.11
553.19	296.11
564.24	304.22
566.25	306.25
566.25	306.25
566.25	306.25
566.25	306.25
566.25	306.25
566.25	306.25
566.25	306.25
566.25	306.25
566.25	306.25
566.25	306.25
566.25	306.25
566.25	306.25
566.25	306.25
540.13	290.03
524.05	278.87
520.04	276.85
515.01	273.8
508.99	271.78
507.98	271.78
503.96	270.76
502.96	270.76
499.95	269.75
499.95	269.75
499.95	269.75
499.95	269.75
498.94	269.75
498.94	269.75
498.94	268.73
498.94	268.73
498.94	268.73
498.94	268.73
500.95	267.72
500.95	267.72
500.95	267.72
500.95	267.72
500.95	267.72
500.95	267.72
500.95	267.72
500.95	267.72
500.95	267.72
492.91	262.65
387.43	195.72
387.43	195.72
335.19	167.33
335.19	167.33
331.18	166.32
331.18	166.32
331.18	166.32
331.18	166.32
331.18	166.32
331.18	166.32
331.18	166.32
331.18	166.32
331.18	166.32
331.18	166.32
295.01	141.98
270.9	125.75
270.9	125.75
265.88	124.74
265.88	124.74
262.86	124.74
262.86	123.73
263.87	122.71
263.87	122.71
351.27	138.94
351.27	138.94
420.58	171.39
470.81	206.88
470.81	206.88
495.93	224.12
500.95	227.16
500.95	227.16
500.95	227.16
500.95	227.16
500.95	227.16
500.95	227.16
500.95	227.16
500.95	227.16
500.95	227.16
500.95	227.16
500.95	227.16
500.95	227.16
500.95	227.16
500.95	227.16
500.95	227.16
500.95	227.16
500.95	227.16
500.95	227.16
500.95	227.16
500.95	227.16
500.95	227.16
500.95	227.16
500.95	227.16
500.95	227.16
500.95	227.16
500.95	227.16
503.96	234.26
508.99	242.37
512	248.45
513	251.49
513	252.51
514.01	252.51
514.01	252.51
515.01	253.52
515.01	253.52
526.06	261.63
526.06	261.63
540.13	269.75
544.15	271.78
548.16	271.78
557.21	273.8
566.25	273.8
575.29	274.82
581.32	274.82
585.33	274.82
601.41	279.89
613.46	283.94
620.49	286.99
634.56	298.14
644.6	316.39
647.62	324.51
652.64	336.67
659.67	348.84
668.71	362.02
668.71	362.02
675.75	371.15
680.77	376.22
687.8	383.32
688.81	387.38
690.81	390.42
691.82	392.45
691.82	392.45
691.82	392.45
691.82	392.45
691.82	392.45
691.82	392.45
691.82	392.45
691.82	392.45
691.82	392.45
691.82	392.45
691.82	392.45
691.82	392.45
691.82	392.45
691.82	392.45
691.82	392.45
691.82	392.45
695.84	398.53
695.84	398.53
696.84	402.59
697.85	404.61
697.85	404.61
697.85	405.63
697.85	405.63
697.85	405.63
697.85	405.63
697.85	405.63
697.85	405.63
697.85	405.63
697.85	405.63
697.85	405.63
697.85	405.63
697.85	405.63
697.85	405.63
697.85	405.63
697.85	405.63
697.85	405.63
697.85	405.63
698.85	405.63
698.85	405.63
698.85	405.63
698.85	405.63
698.85	405.63
698.85	405.63
699.86	405.63
699.86	404.61
699.86	404.61
710.91	402.59
710.91	402.59
717.94	401.57
720.95	401.57
720.95	401.57
720.95	401.57
720.95	401.57
720.95	401.57
720.95	401.57
720.95	401.57
720.95	401.57
720.95	401.57
720.95	401.57
720.95	401.57
720.95	401.57
720.95	401.57
720.95	401.57
720.95	401.57
720.95	401.57
720.95	401.57
720.95	401.57
720.95	401.57
720.95	401.57
720.95	401.57
720.95	401.57
747.07	377.24
747.07	377.24
793.28	150.09
822.41	77.08
822.41	77.08
831.46	65.93
836.48	64.91
837.48	64.91
841.5	64.91
842.51	64.91
845.52	64.91
848.53	65.93
849.54	66.94
849.54	68.97
852.55	102.43
852.55	117.64
852.55	117.64
852.55	141.98
852.55	144.01
852.55	144.01
852.55	144.01
853.56	144.01
853.56	144.01
853.56	144.01
852.55	144.01
844.52	142.99
844.52	142.99
598.39	113.59
443.69	128.8
367.34	140.96
311.08	146.03
303.05	146.03
301.04	146.03
271.91	151.1
262.86	152.12
226.7	161.24
223.69	162.26
222.68	162.26
226.7	162.26
530.08	131.84
530.08	131.84
829.45	153.13
958.03	168.34
1002.23	171.39
1009.27	170.37
1013.28	170.37
1014.29	170.37
1014.29	170.37
1014.29	170.37
1018.31	170.37
0	0
0	0
0	0
0	0
1022.33	168.34
957.03	125.75
937.94	118.66
931.91	117.64
930.91	117.64
929.9	117.64
922.87	117.64
921.87	117.64
910.82	115.61
905.79	114.6
903.79	114.6
898.76	114.6
895.75	115.61
885.7	118.66
882.69	119.67
881.68	120.68
867.62	121.7
849.54	122.71
849.54	122.71
638.58	101.42
600.4	104.46
333.19	146.03
319.12	149.08
297.02	153.13
297.02	153.13
297.02	153.13
297.02	153.13
297.02	153.13
297.02	153.13
297.02	153.13
297.02	153.13
297.02	153.13
297.02	153.13
297.02	153.13
292	153.13
254.83	166.32
186.52	202.82
175.47	210.93
169.44	216
164.42	220.06
161.4	221.07
159.39	222.09
152.36	220.06
151.36	219.05
144.32	205.86
132.27	168.34
130.26	155.16
130.26	148.06
132.27	132.85
134.28	125.75
134.28	125.75
135.28	124.74
138.3	121.7
155.38	114.6
166.43	113.59
239.76	130.82
287.98	166.32
329.17	203.83
356.29	238.31
383.41	305.24
384.42	332.62
381.4	395.49
379.4	407.66
379.4	414.76
373.37	424.9
364.33	434.02
358.3	438.08
333.19	455.32
324.14	460.39
319.12	464.44
307.07	466.47
306.06	466.47
303.05	465.46
286.97	446.19
283.96	443.15
269.9	431.99
264.87	428.95
250.81	421.85
243.78	417.8
235.74	410.7
235.74	410.7
229.71	401.57
229.71	398.53
232.73	396.5
232.73	396.5
257.84	403.6
272.91	421.85
294.01	450.25
319.12	474.58
340.22	485.74
403.51	507.03
440.68	510.07
446.7	510.07
507.98	502.98
513	500.95
556.2	481.68
572.27	474.58
583.32	470.53
618.49	466.47
644.6	465.46
666.7	462.41
666.7	462.41
666.7	462.41
666.7	462.41
666.7	462.41
666.7	462.41
666.7	462.41
666.7	462.41
666.7	462.41
666.7	462.41
692.82	462.41
757.12	464.44
827.44	470.53
854.56	470.53
867.62	470.53
883.69	470.53
903.79	467.49
913.83	465.46
922.87	462.41
928.9	461.4
933.92	460.39
955.02	451.26
962.05	449.23
962.05	448.22
963.06	446.19
965.06	446.19
970.09	442.13
974.11	438.08
974.11	438.08
987.17	420.84
990.18	406.64
990.18	389.4
990.18	373.18
990.18	366.08
990.18	365.07
990.18	361.01
989.17	358.98
989.17	358.98
989.17	358.98
989.17	358.98
988.17	358.98
988.17	358.98
986.16	358.98
986.16	358.98
974.11	365.07
914.84	400.56
894.74	407.66
761.14	409.68
713.92	404.61
702.87	404.61
686.8	403.6
684.79	403.6
680.77	403.6
680.77	403.6
680.77	403.6
677.76	403.6
675.75	402.59
675.75	402.59
672.73	401.57
672.73	401.57
669.72	398.53
663.69	387.38
656.66	366.08
656.66	361.01
658.67	344.79
661.68	335.66
663.69	333.63
665.7	331.6
668.71	331.6
669.72	330.59
676.75	328.56
680.77	327.55
688.81	327.55
698.85	332.62
701.87	336.67
704.88	340.73
704.88	340.73
710.91	348.84
711.91	351.88
712.92	355.94
713.92	360
716.93	373.18
718.94	383.32
718.94	389.4
718.94	401.57
715.93	405.63
713.92	406.64
707.89	410.7
701.87	413.74
700.86	413.74
689.81	417.8
680.77	421.85
672.73	423.88
657.66	425.91
652.64	425.91
652.64	425.91
643.6	426.92
625.52	425.91
625.52	425.91
592.37	411.71
573.28	401.57
561.22	389.4
555.2	381.29
552.18	379.26
549.17	373.18
544.15	366.08
538.12	354.93
536.11	349.86
532.09	340.73
526.06	324.51
522.05	314.37
519.03	303.21
517.02	286.99
517.02	267.72
516.02	259.61
514.01	250.48
514.01	248.45
514.01	247.44
513	246.42
513	245.41
513	245.41
513	245.41
513	245.41
513	245.41
513	245.41
513	245.41
513	245.41
513	245.41
513	245.41
513	245.41
521.04	246.42
618.49	242.37
660.68	240.34
684.79	242.37
751.09	244.4
777.21	245.41
828.44	243.38
856.57	234.26
867.62	229.19
890.73	219.05
894.74	219.05
895.75	219.05
895.75	219.05
895.75	219.05
895.75	219.05
895.75	219.05
895.75	219.05
895.75	219.05
895.75	219.05
895.75	219.05
895.75	219.05
895.75	219.05
890.73	194.71
888.72	168.34
886.71	158.2
885.7	150.09
882.69	141.98
878.67	133.87
877.67	132.85
877.67	129.81
876.66	123.73
876.66	117.64
876.66	116.63
876.66	110.54
876.66	108.51
876.66	107.5
876.66	105.47
876.66	105.47
876.66	105.47
876.66	105.47
876.66	105.47
876.66	105.47
876.66	105.47
876.66	105.47
876.66	105.47
876.66	105.47
876.66	105.47
877.67	103.44
881.68	87.22
881.68	81.14
881.68	65.93
877.67	61.87
872.64	58.83
829.45	52.74
771.18	52.74
720.95	61.87
619.49	92.29
569.26	103.44
562.23	104.46
560.22	105.47
560.22	105.47
560.22	105.47
560.22	105.47
560.22	105.47
560.22	105.47
560.22	105.47
560.22	105.47
560.22	105.47
560.22	105.47
560.22	105.47
463.78	88.23
418.57	73.02
385.42	64.91
321.13	77.08
308.07	83.16
307.07	85.19
307.07	85.19
307.07	85.19
307.07	85.19
307.07	85.19
307.07	85.19
307.07	85.19
307.07	85.19
257.84	81.14
233.73	81.14
178.48	83.16
156.38	85.19
134.28	85.19
121.22	87.22
117.2	87.22
106.15	89.25
92.09	97.36
87.06	104.46
84.05	129.81
96.11	171.39
122.22	229.19
147.34	274.82
246.79	350.87
305.06	360
439.67	300.17
601.41	146.03
659.67	97.36
699.86	90.26
713.92	93.3
736.02	94.32
753.1	91.28
769.17	86.21
785.25	84.18
801.32	81.14
809.35	80.12
837.48	73.02
857.57	71
861.59	73.02
862.6	73.02
862.6	73.02
862.6	73.02
862.6	73.02
862.6	73.02
862.6	73.02
862.6	73.02
862.6	73.02
862.6	73.02
862.6	73.02
862.6	73.02
862.6	73.02
877.67	92.29
888.72	107.5
892.73	117.64
893.74	120.68
894.74	127.78
896.75	141.98
896.75	146.03
896.75	155.16
895.75	172.4
894.74	179.5
892.73	193.69
892.73	201.81
892.73	206.88
892.73	210.93
892.73	227.16
892.73	227.16
892.73	253.52
891.73	304.22
890.73	328.56
889.72	345.8
889.72	345.8
889.72	345.8
889.72	345.8
889.72	345.8
889.72	345.8
889.72	345.8
889.72	345.8
889.72	345.8
881.68	319.44
886.71	244.4
888.72	234.26
900.77	198.76
900.77	186.6
900.77	184.57
900.77	183.55
899.77	178.48
897.76	175.44
893.74	167.33
893.74	162.26
886.71	147.05
881.68	138.94
878.67	135.89
877.67	133.87
877.67	133.87
877.67	133.87
877.67	133.87
877.67	133.87
877.67	133.87
877.67	133.87
877.67	133.87
877.67	133.87
877.67	133.87
877.67	133.87
877.67	133.87
877.67	133.87
877.67	133.87
877.67	133.87
877.67	133.87
877.67	133.87
877.67	133.87
877.67	133.87
877.67	133.87
877.67	133.87
877.67	133.87
877.67	133.87
877.67	133.87
877.67	133.87
885.7	134.88
894.74	137.92
894.74	137.92
905.79	142.99
905.79	142.99
911.82	142.99
917.85	142.99
920.86	142.99
924.88	142.99
931.91	141.98
936.94	141.98
941.96	140.96
946.98	138.94
950	137.92
957.03	136.91
966.07	137.92
968.08	139.95
974.11	149.08
978.12	156.17
990.18	199.78
993.19	217.02
997.21	251.49
998.22	258.59
1000.22	273.8
1000.22	275.83
1001.23	275.83
1001.23	275.83
1001.23	275.83
1001.23	275.83
1001.23	275.83
1001.23	275.83
1001.23	275.83
1001.23	275.83
1001.23	275.83
1000.22	272.79
982.14	221.07
969.08	186.6
958.03	166.32
957.03	162.26
956.02	166.32
956.02	166.32
946.98	209.92
945.98	273.8
950	336.67
959.04	391.43
965.06	421.85
967.07	430.98
968.08	438.08
968.08	454.3
965.06	470.53
964.06	472.56
964.06	472.56
964.06	472.56
964.06	472.56
964.06	472.56
964.06	472.56
964.06	472.56
964.06	472.56
964.06	472.56
964.06	472.56
964.06	472.56
958.03	484.72
958.03	484.72
933.92	487.77
857.57	472.56
829.45	468.5
782.23	468.5
759.13	472.56
748.08	474.58
736.02	474.58
733.01	474.58
733.01	474.58
733.01	474.58
733.01	474.58
733.01	474.58
733.01	474.58
733.01	474.58
733.01	474.58
733.01	474.58
728.99	474.58
681.77	454.3
681.77	454.3
662.69	428.95
659.67	417.8
659.67	411.71
660.68	384.33
660.68	384.33
661.68	366.08
662.69	351.88
663.69	348.84
664.7	345.8
672.73	337.69
686.8	330.59
694.83	326.53
710.91	320.45
717.94	319.44
723.97	319.44
727.98	320.45
728.99	320.45
728.99	320.45
728.99	320.45
728.99	321.46
728.99	321.46
719.95	323.49
719.95	323.49
617.48	322.48
475.84	360
381.4	379.26
359.3	380.28
353.28	380.28
353.28	380.28
353.28	380.28
353.28	380.28
353.28	380.28
353.28	380.28
353.28	380.28
353.28	380.28
353.28	380.28
347.25	380.28
311.08	375.21
286.97	369.12
263.87	367.1
238.75	373.18
238.75	373.18
219.67	377.24
212.64	377.24
208.62	377.24
195.56	380.28
182.5	386.36
182.5	386.36
170.44	397.52
170.44	397.52
165.42	408.67
165.42	417.8
171.45	428.95
193.55	463.43
203.59	480.67
206.61	487.77
214.65	498.92
224.69	512.1
224.69	512.1
234.74	525.29
246.79	538.47
253.82	544.55
266.88	553.68
283.96	555.71
283.96	555.71
307.07	553.68
322.13	551.65
322.13	551.65
346.24	548.61
349.26	547.59
363.32	547.59
383.41	548.61
394.46	547.59
400.49	547.59
416.57	546.58
424.6	546.58
435.65	548.61
445.7	550.64
447.71	551.65
461.77	551.65
461.77	551.65
463.78	551.65
463.78	551.65
458.76	551.65
458.76	551.65
323.14	508.05
288.98	493.85
263.87	477.63
261.86	474.58
259.85	474.58
254.83	470.53
253.82	470.53
252.82	470.53
252.82	470.53
252.82	470.53
252.82	470.53
252.82	470.53
252.82	470.53
252.82	470.53
252.82	470.53
252.82	470.53
252.82	470.53
252.82	470.53
252.82	470.53
180.49	425.91
125.24	387.38
97.11	361.01
63.96	301.18
61.95	293.07
57.93	227.16
74	176.46
87.06	146.03
110.17	111.56
114.19	106.49
115.19	105.47
119.21	101.42
121.22	98.37
123.23	97.36
126.24	93.3
127.25	89.25
129.26	87.22
138.3	81.14
142.32	78.09
158.39	73.02
170.44	68.97
182.5	65.93
241.77	66.94
262.86	69.98
272.91	71
290.99	74.04
302.04	76.07
319.12	77.08
327.16	80.12
335.19	82.15
355.29	88.23
359.3	89.25
383.41	91.28
392.46	91.28
400.49	91.28
415.56	90.26
419.58	91.28
424.6	94.32
430.63	101.42
431.63	104.46
431.63	104.46
431.63	104.46
431.63	104.46
431.63	104.46
431.63	114.6
424.6	133.87
424.6	133.87
395.47	195.72
391.45	221.07
390.45	226.14
387.43	239.33
387.43	242.37
387.43	242.37
387.43	242.37
389.44	243.38
399.49	243.38
399.49	243.38
552.18	237.3
660.68	235.27
686.8	235.27
686.8	235.27
686.8	235.27
686.8	235.27
686.8	235.27
686.8	235.27
686.8	235.27
686.8	235.27
686.8	235.27
686.8	235.27
698.85	232.23
749.08	214.99
755.11	214.99
765.15	217.02
769.17	217.02
769.17	217.02
755.11	216
677.76	223.1
677.76	223.1
556.2	266.71
535.11	277.86
525.06	283.94
524.05	285.97
524.05	285.97
524.05	284.96
524.05	284.96
624.51	255.55
675.75	247.44
699.86	244.4
765.15	238.31
785.25	238.31
793.28	238.31
804.33	240.34
804.33	240.34
789.26	242.37
789.26	242.37
608.44	275.83
562.23	282.93
534.1	283.94
506.98	285.97
503.96	288
494.92	290.03
483.87	291.04
477.84	291.04
470.81	292.06
469.81	292.06
468.8	292.06
468.8	292.06
468.8	292.06
468.8	292.06
468.8	292.06
468.8	292.06
468.8	292.06
468.8	292.06
468.8	292.06
468.8	292.06
471.82	292.06
472.82	292.06
484.88	291.04
516.02	285.97
524.05	285.97
528.07	285.97
528.07	285.97
528.07	285.97
529.08	285.97
536.11	284.96
561.22	279.89
576.29	277.86
652.64	255.55
715.93	234.26
749.08	220.06
798.3	202.82
825.43	196.74
838.49	193.69
845.52	190.65
845.52	190.65
845.52	190.65
845.52	190.65
845.52	190.65
845.52	190.65
845.52	190.65
845.52	190.65
845.52	190.65
859.58	177.47
892.73	142.99
922.87	107.5
928.9	99.39
936.94	92.29
942.96	85.19
943.97	78.09
944.97	73.02
948.99	64.91
967.07	50.71
981.14	44.63
981.14	44.63
1008.26	43.62
1017.3	44.63
0	0
0	0
0	0
0	0
0	0
0	0
0	0
0	0
1021.32	141.98
1017.3	146.03
1015.29	148.06
1004.24	146.03
976.11	133.87
961.05	128.8
904.79	130.82
853.56	150.09
824.42	159.22
792.28	170.37
781.23	174.43
775.2	176.46
761.14	178.48
740.04	178.48
727.98	178.48
700.86	180.51
684.79	180.51
678.76	180.51
660.68	182.54
656.66	183.55
654.65	184.57
642.6	188.62
631.54	196.74
624.51	202.82
601.41	226.14
582.32	245.41
560.22	271.78
553.19	280.9
548.16	291.04
547.16	294.08
549.17	296.11
564.24	296.11
637.57	292.06
660.68	292.06
715.93	304.22
735.02	320.45
741.04	333.63
747.07	344.79
749.08	353.91
764.15	385.35
770.18	395.49
771.18	397.52
771.18	399.54
771.18	403.6
768.17	411.71
764.15	419.83
758.12	426.92
751.09	431.99
737.03	439.09
715.93	442.13
698.85	437.06
666.7	426.92
644.6	422.87
639.58	421.85
633.55	421.85
632.55	419.83
632.55	417.8
634.56	413.74
684.79	377.24
732	360
771.18	352.9
853.56	347.83
899.77	347.83
913.83	350.87
962.05	368.11
978.12	374.19
981.14	375.21
995.2	373.18
1008.26	364.05
1013.28	356.95
0	0
0	0
0	0
0	0
0	0
0	0
0	0
1022.33	335.66
1022.33	335.66
1005.25	358.98
993.19	381.29
990.18	389.4
978.12	417.8
970.09	436.05
968.08	444.16
967.07	455.32
966.07	467.49
962.05	485.74
962.05	490.81
962.05	496.89
961.05	498.92
958.03	503.99
950	519.2
948.99	521.23
945.98	523.26
938.95	524.27
920.86	527.31
912.83	530.36
906.8	530.36
899.77	529.34
878.67	523.26
838.49	518.19
830.45	516.16
819.4	515.15
813.37	515.15
811.36	515.15
800.31	513.12
789.26	511.09
771.18	505
750.08	490.81
733.01	474.58
728.99	470.53
724.97	464.44
724.97	463.43
724.97	462.41
723.97	458.36
722.96	442.13
722.96	442.13
724.97	425.91
741.04	369.12
752.09	343.77
781.23	279.89
811.36	194.71
817.39	171.39
833.46	121.7
848.53	93.3
850.54	86.21
855.57	78.09
861.59	64.91
863.6	60.85
868.62	56.8
885.7	44.63
889.72	41.59
904.79	36.52
910.82	36.52
910.82	36.52
910.82	36.52
910.82	36.52
910.82	36.52
