0	0
0	0
0	0
0	0
0	0
0	0
0	0
520.45	209.68
520.45	209.68
520.45	209.68
520.45	209.68
520.45	209.68
524.07	233.06
524.07	233.06
524.07	233.06
524.07	233.06
524.07	233.06
524.07	233.06
601.3	372.16
601.3	372.16
601.3	372.16
601.3	372.16
601.3	372.16
601.3	372.16
601.3	372.16
601.3	372.16
601.3	372.16
601.3	372.16
601.3	372.16
601.3	372.16
601.3	372.16
601.3	372.16
601.3	372.16
601.3	372.16
601.3	372.16
601.3	372.16
601.3	372.16
601.3	372.16
601.3	372.16
601.3	372.16
601.3	372.16
601.3	372.16
601.3	372.16
601.3	372.16
601.3	372.16
601.3	372.16
601.3	372.16
601.3	372.16
604.92	373.33
604.92	373.33
604.92	373.33
604.92	373.33
604.92	373.33
604.92	373.33
583.2	337.1
583.2	337.1
583.2	337.1
583.2	337.1
583.2	337.1
583.2	337.1
583.2	337.1
567.51	316.05
567.51	316.05
567.51	316.05
567.51	316.05
561.48	314.89
561.48	314.89
561.48	314.89
561.48	314.89
561.48	314.89
561.48	314.89
561.48	314.89
528.89	288
528.89	288
528.89	288
528.89	288
528.89	288
528.89	288
528.89	288
527.69	286.83
527.69	286.83
527.69	286.83
527.69	286.83
527.69	286.83
527.69	286.83
524.07	283.32
524.07	283.32
524.07	283.32
524.07	283.32
524.07	283.32
524.07	283.32
524.07	283.32
524.07	283.32
524.07	283.32
524.07	283.32
524.07	283.32
524.07	283.32
518.03	266.96
518.03	266.96
518.03	266.96
518.03	266.96
518.03	266.96
518.03	266.96
518.03	266.96
518.03	266.96
518.03	266.96
518.03	266.96
518.03	266.96
518.03	266.96
518.03	266.96
518.03	266.96
518.03	266.96
518.03	266.96
518.03	266.96
518.03	266.96
518.03	266.96
518.03	266.96
518.03	266.96
518.03	266.96
518.03	266.96
518.03	266.96
518.03	266.96
518.03	266.96
518.03	266.96
518.03	266.96
518.03	266.96
518.03	266.96
518.03	266.96
518.03	265.79
518.03	265.79
518.03	265.79
518.03	265.79
518.03	265.79
518.03	265.79
518.03	265.79
518.03	265.79
518.03	265.79
518.03	265.79
518.03	265.79
518.03	265.79
518.03	265.79
518.03	265.79
518.03	265.79
518.03	265.79
518.03	265.79
518.03	265.79
518.03	265.79
518.03	265.79
518.03	265.79
518.03	265.79
518.03	265.79
518.03	265.79
518.03	265.79
518.03	265.79
518.03	265.79
518.03	265.79
518.03	265.79
518.03	265.79
518.03	265.79
518.03	265.79
518.03	265.79
518.03	265.79
518.03	265.79
518.03	265.79
518.03	265.79
518.03	265.79
518.03	265.79
518.03	265.79
518.03	265.79
518.03	265.79
518.03	265.79
518.03	265.79
518.03	265.79
518.03	265.79
518.03	265.79
518.03	265.79
518.03	265.79
518.03	265.79
518.03	265.79
518.03	265.79
518.03	265.79
518.03	265.79
518.03	265.79
518.03	265.79
518.03	265.79
518.03	265.79
518.03	265.79
518.03	265.79
518.03	265.79
518.03	265.79
518.03	265.79
518.03	265.79
518.03	265.79
518.03	265.79
518.03	265.79
518.03	265.79
518.03	265.79
518.03	265.79
518.03	265.79
518.03	265.79
518.03	265.79
518.03	265.79
518.03	265.79
518.03	265.79
518.03	265.79
518.03	265.79
518.03	265.79
518.03	265.79
518.03	265.79
518.03	265.79
518.03	265.79
518.03	265.79
518.03	265.79
518.03	265.79
518.03	265.79
518.03	265.79
518.03	265.79
518.03	265.79
518.03	265.79
518.03	265.79
518.03	265.79
518.03	265.79
518.03	265.79
518.03	265.79
518.03	265.79
518.03	265.79
518.03	265.79
518.03	265.79
518.03	265.79
518.03	265.79
518.03	265.79
518.03	265.79
518.03	265.79
518.03	265.79
518.03	265.79
533.72	245.92
533.72	245.92
533.72	245.92
533.72	245.92
533.72	245.92
533.72	245.92
539.75	233.06
539.75	233.06
539.75	233.06
539.75	233.06
539.75	233.06
539.75	233.06
551.82	203.84
551.82	203.84
551.82	203.84
551.82	203.84
551.82	203.84
551.82	203.84
551.82	203.84
556.65	178.12
556.65	178.12
556.65	178.12
556.65	178.12
556.65	178.12
556.65	178.12
559.06	169.94
559.06	169.94
559.06	169.94
559.06	169.94
559.06	169.94
559.06	169.94
559.06	169.94
561.48	169.94
561.48	169.94
561.48	169.94
561.48	169.94
561.48	169.94
561.48	169.94
577.16	173.44
577.16	173.44
577.16	173.44
577.16	173.44
577.16	173.44
577.16	173.44
577.16	173.44
577.16	173.44
577.16	173.44
577.16	173.44
578.37	174.61
578.37	174.61
578.37	174.61
578.37	174.61
578.37	174.61
578.37	174.61
578.37	174.61
578.37	174.61
578.37	174.61
578.37	174.61
578.37	174.61
578.37	174.61
578.37	174.61
578.37	176.95
578.37	176.95
578.37	176.95
578.37	176.95
578.37	176.95
578.37	176.95
539.75	180.46
539.75	180.46
539.75	180.46
539.75	180.46
539.75	180.46
539.75	180.46
495.11	179.29
495.11	179.29
495.11	179.29
495.11	179.29
495.11	179.29
495.11	179.29
495.11	179.29
448.04	165.26
448.04	165.26
448.04	165.26
448.04	165.26
448.04	165.26
448.04	165.26
428.74	159.42
428.74	159.42
428.74	159.42
428.74	159.42
428.74	159.42
428.74	159.42
428.74	159.42
417.88	159.42
417.88	159.42
417.88	159.42
417.88	159.42
417.88	159.42
417.88	159.42
397.36	151.23
397.36	151.23
397.36	151.23
397.36	151.23
397.36	151.23
397.36	151.23
397.36	151.23
373.23	134.87
373.23	134.87
373.23	134.87
373.23	134.87
373.23	134.87
373.23	134.87
357.54	122.01
357.54	122.01
357.54	122.01
357.54	122.01
357.54	122.01
357.54	122.01
357.54	122.01
357.54	122.01
345.47	105.65
345.47	105.65
345.47	105.65
345.47	105.65
345.47	105.65
345.47	105.65
335.82	92.79
335.82	92.79
335.82	92.79
335.82	92.79
335.82	92.79
335.82	92.79
324.96	76.42
324.96	76.42
324.96	76.42
324.96	76.42
324.96	76.42
324.96	76.42
324.96	76.42
311.69	60.06
311.69	60.06
311.69	60.06
311.69	60.06
311.69	60.06
298.41	47.2
298.41	47.2
298.41	47.2
298.41	47.2
298.41	47.2
298.41	47.2
293.58	44.86
293.58	44.86
293.58	44.86
293.58	44.86
293.58	44.86
293.58	44.86
292.38	44.86
292.38	44.86
292.38	44.86
292.38	44.86
292.38	44.86
292.38	44.86
292.38	44.86
292.38	44.86
292.38	44.86
292.38	44.86
292.38	44.86
292.38	44.86
292.38	44.86
292.38	44.86
292.38	44.86
292.38	44.86
292.38	44.86
292.38	44.86
292.38	44.86
292.38	44.86
292.38	44.86
292.38	44.86
292.38	44.86
292.38	44.86
292.38	44.86
292.38	44.86
292.38	44.86
292.38	44.86
292.38	44.86
292.38	44.86
292.38	44.86
292.38	44.86
292.38	44.86
292.38	44.86
292.38	44.86
292.38	44.86
292.38	44.86
292.38	44.86
292.38	44.86
292.38	44.86
292.38	44.86
292.38	44.86
292.38	44.86
292.38	44.86
292.38	44.86
292.38	44.86
292.38	44.86
292.38	44.86
292.38	44.86
292.38	44.86
292.38	44.86
292.38	44.86
292.38	44.86
292.38	44.86
292.38	44.86
292.38	44.86
292.38	44.86
292.38	44.86
292.38	44.86
292.38	44.86
292.38	44.86
292.38	44.86
292.38	44.86
306.86	49.54
306.86	49.54
306.86	49.54
306.86	49.54
306.86	49.54
306.86	49.54
306.86	49.54
332.2	64.73
332.2	64.73
332.2	64.73
332.2	64.73
332.2	64.73
332.2	64.73
343.06	65.9
343.06	65.9
343.06	65.9
343.06	65.9
343.06	65.9
343.06	65.9
343.06	65.9
344.27	67.07
344.27	67.07
344.27	67.07
344.27	67.07
344.27	67.07
344.27	69.41
344.27	69.41
344.27	69.41
344.27	69.41
344.27	69.41
344.27	69.41
344.27	69.41
344.27	69.41
344.27	69.41
344.27	69.41
344.27	69.41
344.27	69.41
344.27	69.41
344.27	69.41
344.27	69.41
344.27	69.41
344.27	69.41
344.27	69.41
344.27	69.41
344.27	69.41
344.27	69.41
344.27	69.41
344.27	69.41
344.27	69.41
344.27	69.41
344.27	69.41
344.27	69.41
344.27	69.41
344.27	69.41
344.27	69.41
344.27	69.41
344.27	69.41
344.27	69.41
344.27	69.41
344.27	69.41
344.27	69.41
344.27	69.41
344.27	69.41
344.27	69.41
344.27	69.41
344.27	69.41
344.27	69.41
344.27	69.41
344.27	69.41
344.27	69.41
344.27	69.41
344.27	69.41
344.27	69.41
344.27	69.41
344.27	69.41
344.27	69.41
344.27	69.41
344.27	69.41
344.27	69.41
344.27	69.41
347.89	69.41
347.89	69.41
347.89	69.41
347.89	69.41
347.89	69.41
347.89	69.41
362.37	79.93
362.37	79.93
362.37	79.93
362.37	79.93
362.37	79.93
362.37	79.93
362.37	79.93
390.12	99.8
390.12	99.8
390.12	99.8
390.12	99.8
390.12	99.8
390.12	99.8
393.74	103.31
393.74	103.31
393.74	103.31
393.74	103.31
393.74	103.31
393.74	103.31
396.16	103.31
396.16	103.31
396.16	103.31
396.16	103.31
396.16	103.31
396.16	103.31
421.5	124.35
421.5	124.35
421.5	124.35
421.5	124.35
421.5	124.35
421.5	124.35
434.77	137.21
434.77	137.21
434.77	137.21
434.77	137.21
434.77	137.21
434.77	137.21
448.04	146.56
448.04	146.56
448.04	146.56
448.04	146.56
448.04	146.56
448.04	146.56
448.04	146.56
468.56	158.25
468.56	158.25
468.56	158.25
468.56	158.25
468.56	158.25
468.56	158.25
469.76	160.59
469.76	160.59
469.76	160.59
469.76	160.59
469.76	160.59
469.76	160.59
469.76	160.59
469.76	160.59
469.76	160.59
469.76	160.59
469.76	160.59
469.76	160.59
469.76	160.59
458.9	162.92
458.9	162.92
458.9	162.92
458.9	162.92
458.9	162.92
458.9	162.92
404.6	172.28
404.6	172.28
404.6	172.28
404.6	172.28
404.6	172.28
404.6	172.28
404.6	172.28
365.99	195.65
365.99	195.65
365.99	195.65
365.99	195.65
365.99	195.65
365.99	195.65
356.33	219.03
356.33	219.03
356.33	219.03
356.33	219.03
356.33	219.03
349.09	221.37
349.09	221.37
349.09	221.37
349.09	221.37
349.09	221.37
349.09	221.37
339.44	222.54
339.44	222.54
339.44	222.54
339.44	222.54
339.44	222.54
339.44	222.54
334.61	222.54
334.61	222.54
334.61	222.54
334.61	222.54
334.61	222.54
334.61	222.54
322.55	229.55
322.55	229.55
322.55	229.55
322.55	229.55
322.55	229.55
322.55	229.55
317.72	258.78
317.72	258.78
317.72	258.78
317.72	258.78
317.72	258.78
317.72	258.78
317.72	258.78
317.72	258.78
317.72	258.78
317.72	258.78
317.72	258.78
317.72	258.78
317.72	258.78
317.72	258.78
317.72	258.78
317.72	258.78
317.72	258.78
317.72	258.78
317.72	258.78
317.72	258.78
317.72	258.78
317.72	258.78
317.72	258.78
317.72	258.78
317.72	258.78
317.72	258.78
317.72	258.78
317.72	258.78
317.72	258.78
317.72	258.78
317.72	258.78
317.72	258.78
317.72	258.78
317.72	258.78
317.72	258.78
317.72	258.78
317.72	258.78
317.72	258.78
317.72	258.78
317.72	258.78
317.72	258.78
317.72	258.78
317.72	258.78
317.72	258.78
317.72	258.78
317.72	258.78
317.72	258.78
317.72	258.78
317.72	258.78
317.72	258.78
317.72	258.78
317.72	258.78
317.72	258.78
318.93	259.95
318.93	259.95
318.93	259.95
318.93	259.95
318.93	259.95
318.93	259.95
318.93	259.95
318.93	259.95
318.93	259.95
318.93	259.95
318.93	259.95
318.93	259.95
318.93	259.95
318.93	259.95
318.93	259.95
318.93	259.95
318.93	259.95
318.93	259.95
318.93	259.95
318.93	259.95
318.93	259.95
318.93	259.95
318.93	259.95
318.93	259.95
318.93	259.95
318.93	259.95
318.93	259.95
318.93	259.95
318.93	259.95
318.93	259.95
318.93	259.95
318.93	259.95
318.93	259.95
318.93	259.95
318.93	259.95
318.93	259.95
318.93	259.95
318.93	259.95
318.93	259.95
318.93	259.95
318.93	259.95
318.93	259.95
318.93	259.95
318.93	259.95
318.93	259.95
318.93	259.95
318.93	259.95
318.93	259.95
318.93	259.95
320.13	259.95
320.13	259.95
320.13	259.95
320.13	259.95
320.13	259.95
320.13	259.95
320.13	259.95
320.13	259.95
320.13	259.95
320.13	259.95
320.13	259.95
320.13	259.95
320.13	259.95
320.13	259.95
320.13	259.95
320.13	259.95
320.13	259.95
320.13	259.95
320.13	259.95
312.89	123.18
312.89	123.18
312.89	123.18
312.89	123.18
312.89	123.18
312.89	123.18
276.69	2.78
276.69	2.78
276.69	2.78
276.69	2.78
276.69	2.78
276.69	2.78
0	0
0	0
0	0
0	0
0	0
0	0
0	0
0	0
0	0
0	0
0	0
0	0
0	0
0	0
0	0
0	0
0	0
0	0
0	0
0	0
0	0
0	0
0	0
0	0
0	0
0	0
0	0
0	0
0	0
0	0
0	0
0	0
0	0
0	0
0	0
0	0
0	0
0	0
0	0
0	0
0	0
0	0
0	0
0	0
0	0
0	0
0	0
0	0
0	0
0	0
0	0
0	0
0	0
0	0
0	0
0	0
0	0
0	0
0	0
0	0
0	0
0	0
0	0
0	0
0	0
0	0
263.42	9.79
263.42	9.79
263.42	9.79
263.42	9.79
263.42	9.79
263.42	9.79
264.62	19.14
264.62	19.14
264.62	19.14
264.62	19.14
264.62	19.14
264.62	19.14
268.24	23.82
268.24	23.82
268.24	23.82
268.24	23.82
268.24	23.82
273.07	28.5
273.07	28.5
273.07	28.5
273.07	28.5
273.07	28.5
273.07	28.5
273.07	28.5
273.07	28.5
274.28	29.66
274.28	29.66
274.28	29.66
274.28	29.66
274.28	29.66
291.17	40.19
291.17	40.19
291.17	40.19
291.17	40.19
291.17	40.19
291.17	40.19
323.75	58.89
323.75	58.89
323.75	58.89
323.75	58.89
323.75	58.89
323.75	58.89
358.75	83.44
358.75	83.44
358.75	83.44
358.75	83.44
358.75	83.44
358.75	83.44
393.74	110.32
393.74	110.32
393.74	110.32
393.74	110.32
393.74	110.32
393.74	110.32
420.29	126.69
420.29	126.69
420.29	126.69
420.29	126.69
420.29	126.69
420.29	126.69
428.74	134.87
428.74	134.87
428.74	134.87
428.74	134.87
428.74	134.87
428.74	134.87
428.74	134.87
428.74	134.87
428.74	134.87
428.74	134.87
428.74	134.87
428.74	134.87
428.74	134.87
428.74	134.87
428.74	134.87
428.74	134.87
428.74	134.87
428.74	134.87
428.74	134.87
428.74	134.87
428.74	134.87
428.74	134.87
428.74	134.87
428.74	134.87
428.74	134.87
428.74	134.87
428.74	134.87
428.74	134.87
428.74	134.87
428.74	134.87
428.74	134.87
428.74	134.87
428.74	134.87
428.74	134.87
428.74	134.87
428.74	134.87
428.74	134.87
428.74	134.87
428.74	134.87
428.74	134.87
428.74	134.87
428.74	134.87
428.74	134.87
428.74	134.87
428.74	134.87
428.74	134.87
428.74	134.87
428.74	134.87
428.74	134.87
428.74	134.87
427.53	134.87
427.53	134.87
427.53	134.87
427.53	134.87
427.53	134.87
427.53	134.87
427.53	134.87
427.53	134.87
427.53	134.87
427.53	134.87
427.53	134.87
427.53	134.87
427.53	134.87
427.53	134.87
427.53	134.87
427.53	134.87
427.53	134.87
427.53	134.87
427.53	134.87
427.53	134.87
427.53	134.87
427.53	134.87
427.53	134.87
427.53	134.87
427.53	134.87
427.53	134.87
427.53	134.87
427.53	134.87
427.53	134.87
427.53	134.87
427.53	134.87
427.53	134.87
427.53	134.87
427.53	134.87
427.53	134.87
427.53	134.87
427.53	134.87
427.53	134.87
427.53	134.87
427.53	134.87
427.53	134.87
427.53	134.87
427.53	134.87
427.53	134.87
427.53	134.87
427.53	134.87
427.53	134.87
427.53	134.87
427.53	134.87
427.53	134.87
427.53	134.87
427.53	134.87
427.53	134.87
427.53	134.87
427.53	134.87
427.53	134.87
427.53	134.87
427.53	134.87
427.53	134.87
427.53	134.87
427.53	134.87
427.53	134.87
427.53	134.87
427.53	134.87
427.53	134.87
427.53	134.87
427.53	134.87
427.53	134.87
427.53	134.87
427.53	134.87
427.53	134.87
427.53	134.87
427.53	134.87
427.53	134.87
427.53	134.87
427.53	134.87
427.53	134.87
427.53	134.87
427.53	134.87
427.53	134.87
427.53	134.87
427.53	134.87
427.53	134.87
427.53	134.87
427.53	134.87
427.53	134.87
427.53	134.87
427.53	134.87
427.53	134.87
427.53	134.87
427.53	134.87
427.53	134.87
427.53	134.87
427.53	134.87
427.53	134.87
427.53	134.87
427.53	134.87
427.53	134.87
427.53	134.87
427.53	134.87
427.53	134.87
427.53	134.87
427.53	134.87
427.53	134.87
427.53	134.87
427.53	134.87
427.53	134.87
427.53	134.87
427.53	134.87
427.53	134.87
427.53	134.87
427.53	134.87
427.53	134.87
427.53	134.87
427.53	134.87
427.53	134.87
427.53	134.87
427.53	134.87
427.53	134.87
427.53	134.87
427.53	134.87
427.53	134.87
427.53	134.87
427.53	134.87
427.53	134.87
427.53	134.87
427.53	134.87
427.53	134.87
427.53	134.87
427.53	134.87
427.53	134.87
427.53	134.87
427.53	134.87
427.53	134.87
427.53	134.87
427.53	134.87
427.53	134.87
427.53	134.87
427.53	134.87
427.53	134.87
442.01	138.38
442.01	138.38
442.01	138.38
442.01	138.38
442.01	138.38
442.01	138.38
462.52	140.71
462.52	140.71
462.52	140.71
462.52	140.71
462.52	140.71
462.52	140.71
481.83	140.71
481.83	140.71
481.83	140.71
481.83	140.71
481.83	140.71
481.83	140.71
508.38	138.38
508.38	138.38
508.38	138.38
508.38	138.38
508.38	138.38
508.38	138.38
536.13	130.19
536.13	130.19
536.13	130.19
536.13	130.19
536.13	130.19
536.13	130.19
569.92	125.52
569.92	125.52
569.92	125.52
569.92	125.52
569.92	125.52
569.92	125.52
630.26	119.67
630.26	119.67
630.26	119.67
630.26	119.67
630.26	119.67
630.26	119.67
671.29	116.17
671.29	116.17
671.29	116.17
671.29	116.17
671.29	116.17
671.29	116.17
706.28	115
706.28	115
706.28	115
706.28	115
706.28	115
706.28	115
734.04	115
734.04	115
734.04	115
734.04	115
734.04	115
734.04	115
770.24	115
770.24	115
770.24	115
770.24	115
770.24	115
770.24	115
807.65	110.32
807.65	110.32
807.65	110.32
807.65	110.32
807.65	110.32
849.88	105.65
849.88	105.65
849.88	105.65
849.88	105.65
864.36	100.97
864.36	100.97
864.36	100.97
864.36	100.97
864.36	100.97
864.36	100.97
888.5	100.97
888.5	100.97
888.5	100.97
888.5	100.97
888.5	100.97
888.5	100.97
901.77	97.46
901.77	97.46
901.77	97.46
901.77	97.46
901.77	97.46
901.77	97.46
901.77	97.46
901.77	97.46
901.77	97.46
901.77	97.46
901.77	97.46
901.77	97.46
901.77	97.46
901.77	97.46
901.77	97.46
901.77	97.46
901.77	97.46
901.77	97.46
901.77	97.46
901.77	97.46
901.77	97.46
901.77	97.46
901.77	97.46
901.77	97.46
901.77	97.46
904.18	97.46
904.18	97.46
904.18	97.46
904.18	97.46
