0	0
0	0
0	0
0	0
0	0
0	0
0	0
0	0
0	0
0	0
0	0
0	0
0	0
0	0
0	0
0	0
0	0
0	0
0	0
0	0
0	0
0	0
0	0
0	0
0	0
0	0
0	0
0	0
0	0
0	0
0	0
0	0
0	0
0	0
0	0
0	0
0	0
0	0
0	0
0	0
0	0
0	0
0	0
0	0
0	0
558.52	354.81
558.52	354.81
558.52	354.81
558.52	354.81
558.52	354.81
522.5	329.6
522.5	329.6
522.5	329.6
522.5	329.6
522.5	329.6
522.5	329.6
522.5	329.6
463.98	266.57
463.98	266.57
463.98	266.57
463.98	266.57
463.98	266.57
448.98	175.81
448.98	175.81
448.98	175.81
448.98	175.81
448.98	175.81
448.98	175.81
448.98	175.81
448.98	172.03
448.98	172.03
448.98	172.03
448.98	172.03
448.98	172.03
451.98	172.03
451.98	172.03
451.98	172.03
451.98	172.03
451.98	172.03
453.48	156.9
453.48	156.9
453.48	156.9
453.48	156.9
453.48	156.9
423.47	96.4
423.47	96.4
423.47	96.4
423.47	96.4
423.47	96.4
402.46	56.06
402.46	56.06
402.46	56.06
402.46	56.06
402.46	56.06
400.96	54.8
400.96	54.8
400.96	54.8
400.96	54.8
400.96	54.8
400.96	54.8
400.96	54.8
400.96	54.8
400.96	54.8
400.96	54.8
379.95	62.36
379.95	62.36
379.95	62.36
379.95	62.36
379.95	62.36
325.93	74.97
325.93	74.97
325.93	74.97
325.93	74.97
325.93	74.97
250.91	90.1
250.91	90.1
250.91	90.1
250.91	90.1
250.91	90.1
181.88	93.88
181.88	93.88
181.88	93.88
181.88	93.88
181.88	93.88
133.87	92.62
133.87	92.62
133.87	92.62
133.87	92.62
133.87	92.62
109.86	88.84
109.86	88.84
109.86	88.84
109.86	88.84
91.85	82.53
91.85	82.53
91.85	82.53
91.85	82.53
91.85	82.53
91.85	82.53
66.34	80.01
66.34	80.01
66.34	80.01
66.34	80.01
66.34	80.01
66.34	80.01
66.34	80.01
66.34	80.01
66.34	80.01
66.34	80.01
66.34	80.01
66.34	80.01
66.34	80.01
66.34	80.01
132.37	90.1
132.37	90.1
132.37	90.1
132.37	90.1
132.37	90.1
205.89	96.4
205.89	96.4
205.89	96.4
205.89	96.4
205.89	96.4
205.89	96.4
211.89	96.4
211.89	96.4
211.89	96.4
211.89	96.4
219.4	100.18
219.4	100.18
219.4	100.18
219.4	100.18
219.4	100.18
219.4	100.18
219.4	100.18
297.42	114.05
297.42	114.05
297.42	114.05
297.42	114.05
297.42	114.05
370.95	121.61
370.95	121.61
370.95	121.61
370.95	121.61
370.95	121.61
424.97	127.91
424.97	127.91
424.97	127.91
424.97	127.91
424.97	127.91
478.99	138
478.99	138
478.99	138
478.99	138
478.99	138
536.01	144.3
536.01	144.3
536.01	144.3
536.01	144.3
536.01	144.3
588.53	153.12
588.53	153.12
588.53	153.12
588.53	153.12
588.53	153.12
627.54	163.21
627.54	163.21
627.54	163.21
627.54	163.21
627.54	163.21
627.54	163.21
708.57	169.51
708.57	169.51
708.57	169.51
708.57	169.51
708.57	169.51
782.09	172.03
782.09	172.03
782.09	172.03
782.09	172.03
782.09	172.03
782.09	172.03
909.64	174.55
909.64	174.55
909.64	174.55
909.64	174.55
909.64	174.55
987.67	174.55
987.67	174.55
987.67	174.55
987.67	174.55
1010.17	174.55
1010.17	174.55
1010.17	174.55
1010.17	174.55
1010.17	174.55
1010.17	174.55
0	0
0	0
0	0
0	0
0	0
0	0
0	0
0	0
0	0
0	0
0	0
0	0
0	0
0	0
0	0
1010.17	168.25
1010.17	168.25
1010.17	168.25
1010.17	168.25
1010.17	168.25
951.65	252.71
951.65	252.71
951.65	252.71
951.65	252.71
951.65	252.71
951.65	252.71
951.65	252.71
854.12	363.63
854.12	363.63
854.12	363.63
854.12	363.63
854.12	363.63
824.11	388.84
824.11	388.84
824.11	388.84
824.11	388.84
824.11	388.84
824.11	388.84
797.1	407.75
797.1	407.75
797.1	407.75
797.1	407.75
797.1	407.75
756.59	426.66
756.59	426.66
756.59	426.66
756.59	426.66
756.59	426.66
738.58	432.96
738.58	432.96
738.58	432.96
738.58	432.96
738.58	432.96
738.58	432.96
738.58	432.96
738.58	432.96
738.58	432.96
738.58	432.96
738.58	432.96
738.58	432.96
738.58	432.96
738.58	432.96
738.58	432.96
737.08	432.96
737.08	432.96
737.08	432.96
737.08	432.96
737.08	432.96
734.08	420.36
734.08	420.36
734.08	420.36
734.08	420.36
734.08	420.36
731.08	395.15
731.08	395.15
731.08	395.15
731.08	395.15
731.08	395.15
731.08	395.15
722.07	371.2
722.07	371.2
722.07	371.2
722.07	371.2
722.07	371.2
717.57	342.2
717.57	342.2
717.57	342.2
717.57	342.2
717.57	342.2
714.57	328.34
714.57	328.34
714.57	328.34
714.57	328.34
714.57	328.34
701.07	328.34
701.07	328.34
701.07	328.34
701.07	328.34
701.07	328.34
624.54	366.15
624.54	366.15
624.54	366.15
624.54	366.15
624.54	366.15
624.54	366.15
530.01	402.71
530.01	402.71
530.01	402.71
530.01	402.71
530.01	402.71
530.01	402.71
492.49	426.66
492.49	426.66
492.49	426.66
492.49	426.66
492.49	426.66
451.98	440.52
451.98	440.52
451.98	440.52
451.98	440.52
451.98	440.52
396.46	446.83
396.46	446.83
396.46	446.83
396.46	446.83
396.46	446.83
318.43	465.73
318.43	465.73
318.43	465.73
318.43	465.73
318.43	465.73
276.42	465.73
276.42	465.73
276.42	465.73
276.42	465.73
276.42	465.73
253.91	464.47
253.91	464.47
253.91	464.47
253.91	464.47
253.91	464.47
222.4	459.43
222.4	459.43
222.4	459.43
222.4	459.43
222.4	459.43
204.39	458.17
204.39	458.17
204.39	458.17
204.39	458.17
204.39	458.17
192.39	455.65
192.39	455.65
192.39	455.65
192.39	455.65
192.39	455.65
192.39	455.65
192.39	455.65
192.39	455.65
192.39	455.65
192.39	454.39
192.39	454.39
192.39	454.39
192.39	454.39
192.39	454.39
192.39	454.39
193.89	432.96
193.89	432.96
193.89	432.96
193.89	432.96
193.89	432.96
186.39	411.53
186.39	411.53
186.39	411.53
186.39	411.53
186.39	411.53
184.89	410.27
184.89	410.27
184.89	410.27
184.89	410.27
184.89	410.27
174.38	391.36
174.38	391.36
174.38	391.36
174.38	391.36
174.38	391.36
171.38	388.84
171.38	388.84
171.38	388.84
171.38	388.84
171.38	388.84
171.38	388.84
171.38	388.84
171.38	388.84
171.38	388.84
171.38	388.84
171.38	388.84
171.38	388.84
171.38	388.84
171.38	388.84
171.38	339.68
171.38	339.68
171.38	339.68
171.38	339.68
171.38	339.68
171.38	339.68
171.38	328.34
171.38	328.34
171.38	328.34
171.38	328.34
171.38	328.34
166.88	284.22
166.88	284.22
166.88	284.22
166.88	284.22
166.88	284.22
153.37	221.19
153.37	221.19
153.37	221.19
153.37	221.19
153.37	221.19
153.37	221.19
144.37	178.33
144.37	178.33
144.37	178.33
144.37	178.33
144.37	178.33
144.37	178.33
138.37	144.3
138.37	144.3
138.37	144.3
138.37	144.3
138.37	144.3
136.87	127.91
136.87	127.91
136.87	127.91
136.87	127.91
136.87	127.91
136.87	96.4
136.87	96.4
136.87	96.4
136.87	96.4
136.87	96.4
132.37	74.97
132.37	74.97
132.37	74.97
132.37	74.97
132.37	74.97
132.37	67.41
132.37	67.41
132.37	67.41
132.37	67.41
132.37	67.41
132.37	67.41
132.37	67.41
132.37	67.41
132.37	67.41
132.37	67.41
132.37	67.41
132.37	67.41
132.37	67.41
132.37	67.41
192.39	102.7
192.39	102.7
192.39	102.7
192.39	102.7
192.39	102.7
298.93	139.26
298.93	139.26
298.93	139.26
298.93	139.26
298.93	139.26
298.93	139.26
417.47	158.17
417.47	158.17
417.47	158.17
417.47	158.17
417.47	158.17
536.01	201.02
536.01	201.02
536.01	201.02
536.01	201.02
536.01	201.02
536.01	201.02
605.03	228.76
605.03	228.76
605.03	228.76
605.03	228.76
605.03	228.76
647.05	289.26
647.05	289.26
647.05	289.26
647.05	289.26
647.05	289.26
659.05	310.69
659.05	310.69
659.05	310.69
659.05	310.69
659.05	310.69
659.05	310.69
659.05	310.69
659.05	310.69
659.05	310.69
659.05	310.69
659.05	310.69
659.05	310.69
659.05	310.69
659.05	310.69
659.05	310.69
632.04	313.21
632.04	313.21
632.04	313.21
632.04	313.21
632.04	313.21
620.04	320.77
620.04	320.77
620.04	320.77
620.04	320.77
650.05	338.42
650.05	338.42
650.05	338.42
650.05	338.42
650.05	338.42
650.05	338.42
689.06	344.72
689.06	344.72
689.06	344.72
689.06	344.72
689.06	344.72
689.06	344.72
689.06	344.72
689.06	344.72
689.06	344.72
689.06	344.72
696.56	388.84
696.56	388.84
696.56	388.84
696.56	388.84
696.56	388.84
696.56	405.23
696.56	405.23
696.56	405.23
696.56	405.23
696.56	405.23
699.57	409.01
699.57	409.01
699.57	409.01
699.57	409.01
704.07	416.57
704.07	416.57
704.07	416.57
704.07	416.57
704.07	416.57
719.07	430.44
719.07	430.44
719.07	430.44
719.07	430.44
719.07	430.44
734.08	448.09
734.08	448.09
734.08	448.09
734.08	448.09
734.08	448.09
734.08	448.09
861.62	449.35
861.62	449.35
861.62	449.35
861.62	449.35
861.62	449.35
963.66	446.83
963.66	446.83
963.66	446.83
963.66	446.83
963.66	446.83
0	0
0	0
0	0
0	0
0	0
0	0
0	0
0	0
0	0
0	0
0	0
0	0
0	0
0	0
0	0
0	0
0	0
0	0
0	0
0	0
0	0
0	0
0	0
0	0
0	0
0	0
0	0
0	0
0	0
0	0
0	0
0	0
0	0
0	0
0	0
0	0
0	0
992.17	195.98
992.17	195.98
992.17	195.98
992.17	195.98
992.17	195.98
992.17	195.98
993.67	143.04
993.67	143.04
993.67	143.04
993.67	143.04
993.67	143.04
1007.17	109
1007.17	109
1007.17	109
1007.17	109
1007.17	109
1008.67	73.71
1008.67	73.71
1008.67	73.71
1008.67	73.71
1008.67	73.71
1004.17	69.93
1004.17	69.93
1004.17	69.93
1004.17	69.93
1004.17	69.93
986.17	64.89
986.17	64.89
986.17	64.89
986.17	64.89
986.17	64.89
984.67	63.63
984.67	63.63
984.67	63.63
984.67	63.63
981.66	63.63
981.66	63.63
981.66	63.63
981.66	63.63
981.66	63.63
981.66	63.63
981.66	63.63
981.66	63.63
981.66	63.63
981.66	63.63
978.66	71.19
978.66	71.19
978.66	71.19
978.66	71.19
978.66	71.19
978.66	71.19
917.14	106.48
917.14	106.48
917.14	106.48
917.14	106.48
917.14	106.48
872.13	124.13
872.13	124.13
872.13	124.13
872.13	124.13
872.13	124.13
852.62	131.69
852.62	131.69
852.62	131.69
852.62	131.69
852.62	131.69
791.1	155.64
791.1	155.64
791.1	155.64
791.1	155.64
791.1	155.64
791.1	155.64
708.57	187.16
708.57	187.16
708.57	187.16
708.57	187.16
708.57	187.16
659.05	195.98
659.05	195.98
659.05	195.98
659.05	195.98
659.05	195.98
534.51	195.98
534.51	195.98
534.51	195.98
534.51	195.98
534.51	195.98
534.51	195.98
319.93	193.46
319.93	193.46
319.93	193.46
319.93	193.46
319.93	193.46
237.4	190.94
237.4	190.94
237.4	190.94
237.4	190.94
237.4	190.94
237.4	190.94
196.89	188.42
196.89	188.42
196.89	188.42
196.89	188.42
196.89	188.42
175.88	184.64
175.88	184.64
175.88	184.64
175.88	184.64
175.88	184.64
175.88	184.64
162.38	226.23
162.38	226.23
162.38	226.23
162.38	226.23
162.38	226.23
162.38	226.23
138.37	354.81
138.37	354.81
138.37	354.81
138.37	354.81
117.36	392.62
117.36	392.62
117.36	392.62
117.36	392.62
117.36	392.62
117.36	392.62
102.36	436.74
102.36	436.74
102.36	436.74
102.36	436.74
102.36	436.74
96.35	483.38
96.35	483.38
96.35	483.38
96.35	483.38
96.35	483.38
96.35	483.38
115.86	506.07
115.86	506.07
115.86	506.07
115.86	506.07
115.86	506.07
192.39	514.9
192.39	514.9
192.39	514.9
192.39	514.9
192.39	514.9
235.9	514.9
235.9	514.9
235.9	514.9
235.9	514.9
235.9	514.9
253.91	512.37
253.91	512.37
253.91	512.37
253.91	512.37
253.91	512.37
333.44	514.9
333.44	514.9
333.44	514.9
333.44	514.9
333.44	514.9
333.44	514.9
379.95	517.42
379.95	517.42
379.95	517.42
379.95	517.42
379.95	517.42
379.95	517.42
379.95	517.42
379.95	517.42
474.49	518.68
474.49	518.68
474.49	518.68
474.49	518.68
474.49	518.68
474.49	518.68
531.51	514.9
531.51	514.9
531.51	514.9
531.51	514.9
569.02	506.07
569.02	506.07
569.02	506.07
569.02	506.07
569.02	506.07
569.02	506.07
569.02	504.81
569.02	504.81
569.02	504.81
569.02	504.81
587.03	495.99
587.03	495.99
587.03	495.99
587.03	495.99
587.03	495.99
648.55	421.62
648.55	421.62
648.55	421.62
648.55	421.62
648.55	421.62
648.55	421.62
648.55	421.62
684.56	344.72
684.56	344.72
684.56	344.72
684.56	344.72
684.56	344.72
696.56	319.51
696.56	319.51
696.56	319.51
696.56	319.51
696.56	319.51
704.07	310.69
704.07	310.69
704.07	310.69
704.07	310.69
704.07	310.69
707.07	308.17
707.07	308.17
707.07	308.17
707.07	308.17
707.07	308.17
707.07	308.17
707.07	308.17
707.07	308.17
707.07	308.17
707.07	308.17
639.54	309.43
639.54	309.43
639.54	309.43
639.54	309.43
639.54	309.43
639.54	309.43
500	262.79
500	262.79
500	262.79
500	262.79
500	262.79
500	262.79
370.95	172.03
370.95	172.03
370.95	172.03
370.95	172.03
370.95	172.03
306.43	98.92
306.43	98.92
306.43	98.92
306.43	98.92
306.43	98.92
306.43	98.92
253.91	51.02
253.91	51.02
253.91	51.02
253.91	51.02
253.91	51.02
214.9	30.85
214.9	30.85
214.9	30.85
214.9	30.85
214.9	30.85
208.89	23.29
208.89	23.29
208.89	23.29
208.89	23.29
208.89	23.29
208.89	23.29
208.89	23.29
208.89	23.29
208.89	23.29
208.89	23.29
208.89	23.29
208.89	23.29
208.89	23.29
208.89	23.29
208.89	23.29
208.89	23.29
208.89	23.29
208.89	23.29
208.89	23.29
208.89	37.15
208.89	37.15
208.89	37.15
208.89	37.15
208.89	37.15
208.89	63.63
208.89	63.63
208.89	63.63
208.89	63.63
208.89	63.63
166.88	80.01
166.88	80.01
166.88	80.01
166.88	80.01
166.88	80.01
166.88	80.01
0	0
0	0
0	0
0	0
0	0
0	0
0	0
0	0
0	0
0	0
0	0
0	0
0	0
0	0
0	0
13.83	43.46
13.83	43.46
13.83	43.46
13.83	43.46
13.83	43.46
117.36	90.1
117.36	90.1
117.36	90.1
117.36	90.1
117.36	90.1
117.36	90.1
228.4	145.56
228.4	145.56
228.4	145.56
228.4	145.56
328.94	140.52
328.94	140.52
328.94	140.52
328.94	140.52
328.94	140.52
451.98	130.43
451.98	130.43
451.98	130.43
451.98	130.43
451.98	130.43
584.03	126.65
584.03	126.65
584.03	126.65
584.03	126.65
584.03	126.65
707.07	132.95
707.07	132.95
707.07	132.95
707.07	132.95
707.07	132.95
707.07	132.95
794.1	131.69
794.1	131.69
794.1	131.69
794.1	131.69
794.1	131.69
860.12	130.43
860.12	130.43
860.12	130.43
860.12	130.43
860.12	130.43
920.14	131.69
920.14	131.69
920.14	131.69
920.14	131.69
935.15	132.95
935.15	132.95
935.15	132.95
935.15	132.95
935.15	132.95
939.65	132.95
939.65	132.95
939.65	132.95
939.65	132.95
939.65	132.95
939.65	132.95
939.65	132.95
939.65	132.95
939.65	132.95
939.65	132.95
939.65	132.95
939.65	132.95
939.65	132.95
939.65	132.95
939.65	132.95
887.13	153.12
887.13	153.12
887.13	153.12
887.13	153.12
887.13	153.12
852.62	158.17
852.62	158.17
852.62	158.17
852.62	158.17
852.62	158.17
806.1	194.72
806.1	194.72
806.1	194.72
806.1	194.72
806.1	194.72
797.1	208.59
797.1	208.59
797.1	208.59
797.1	208.59
797.1	208.59
797.1	227.49
797.1	227.49
797.1	227.49
797.1	227.49
797.1	227.49
804.6	294.3
804.6	294.3
804.6	294.3
804.6	294.3
804.6	294.3
845.12	409.01
845.12	409.01
845.12	409.01
845.12	409.01
851.12	458.17
851.12	458.17
851.12	458.17
851.12	458.17
851.12	458.17
842.12	489.68
842.12	489.68
842.12	489.68
842.12	489.68
842.12	489.68
842.12	489.68
830.11	522.46
830.11	522.46
830.11	522.46
830.11	522.46
827.11	530.02
827.11	530.02
827.11	530.02
827.11	530.02
827.11	530.02
827.11	530.02
827.11	530.02
827.11	530.02
827.11	530.02
827.11	530.02
827.11	530.02
800.1	502.29
800.1	502.29
800.1	502.29
800.1	502.29
800.1	502.29
786.6	441.78
786.6	441.78
786.6	441.78
786.6	441.78
786.6	441.78
783.6	398.93
783.6	398.93
783.6	398.93
783.6	398.93
783.6	398.93
777.59	363.63
777.59	363.63
777.59	363.63
777.59	363.63
777.59	363.63
776.09	338.42
776.09	338.42
776.09	338.42
776.09	338.42
776.09	338.42
776.09	335.9
776.09	335.9
776.09	335.9
776.09	335.9
776.09	335.9
774.59	335.9
774.59	335.9
774.59	335.9
774.59	335.9
774.59	335.9
764.09	372.46
764.09	372.46
764.09	372.46
764.09	372.46
764.09	372.46
764.09	372.46
678.56	403.97
678.56	403.97
678.56	403.97
678.56	403.97
678.56	403.97
591.53	424.14
591.53	424.14
591.53	424.14
591.53	424.14
591.53	424.14
591.53	424.14
512	432.96
512	432.96
512	432.96
512	432.96
426.47	424.14
426.47	424.14
426.47	424.14
426.47	424.14
426.47	424.14
366.45	415.31
366.45	415.31
366.45	415.31
366.45	415.31
366.45	415.31
366.45	415.31
312.43	402.71
312.43	402.71
312.43	402.71
312.43	402.71
312.43	402.71
261.41	391.36
261.41	391.36
261.41	391.36
261.41	391.36
261.41	391.36
249.41	388.84
249.41	388.84
249.41	388.84
249.41	388.84
249.41	388.84
235.9	385.06
235.9	385.06
235.9	385.06
235.9	385.06
213.4	386.32
213.4	386.32
213.4	386.32
213.4	386.32
213.4	386.32
211.89	390.1
211.89	390.1
211.89	390.1
211.89	390.1
211.89	390.1
211.89	390.1
211.89	391.36
211.89	391.36
211.89	391.36
211.89	391.36
211.89	372.46
211.89	372.46
211.89	372.46
211.89	372.46
211.89	372.46
211.89	372.46
274.92	319.51
274.92	319.51
274.92	319.51
274.92	319.51
274.92	319.51
438.47	235.06
438.47	235.06
438.47	235.06
438.47	235.06
438.47	235.06
438.47	235.06
527.01	177.07
527.01	177.07
527.01	177.07
527.01	177.07
527.01	177.07
561.52	146.82
561.52	146.82
561.52	146.82
561.52	146.82
