512.2	302.9
514.15	301.15
512.65	295.3
513.95	302.2
517.55	307.15
519.5	308.9
521	311.15
520.4	305.35
515.15	251.45
512.5	247.95
513.35	249.8
512.6	252.4
512.3	256.35
515.15	261.4
513.6	264.7
515.1	267.6
513.85	265.7
515.35	265.15
520.55	169.8
0	0
0	0
0	0
0	0
0	0
0	0
0	0
0	0
0	0
0	0
537.35	169.4
538.5	170.25
527.6	198.25
516.1	235.8
511.25	261.1
507.9	284.5
509.4	282.65
507.5	279.45
512.5	285.8
513	294.7
510.55	295.05
512.1	287.3
511.95	288.85
512.7	290.4
511.3	289.1
511.8	294.1
511.65	297.2
510.2	299.25
511.1	301.65
507.4	306
501.3	308.35
517.3	281.25
513.8	281.35
512.25	275.9
512.5	284.75
516.85	283.5
0	0
0	0
0	0
0	0
0	0
0	0
512	279.75
0	0
518.8	270.75
515.2	271
515.85	274.85
515.2	273.7
515.05	276.95
509.4	289
514.15	287.55
513.75	291.3
509.6	288.35
510.2	284.25
508.55	285.1
511.85	274.75
514.85	281.75
513.85	287.6
510.65	282.95
511.9	285.95
508.3	284.95
509.85	291.15
519.2	286.85
517.7	282.75
517.05	284.75
517.5	290.3
513.65	293.85
518.35	296
520.55	291.5
517.9	293.45
518.7	291.7
517.2	293
520.6	294.05
513.8	294.8
517.6	297.65
518.05	295.9
521.15	300.05
522.15	304.5
520.35	304.5
517.4	306.55
519.05	306.9
513.2	293.95
522.8	296.6
708.55	368.6
707.4	378.15
708.9	383.9
714.6	390.4
721.3	388.3
724.9	386.9
722.35	393.8
719.55	387.95
721.75	392.6
721	393.2
723.15	397.45
728.4	399.85
729.7	400.55
728.8	392.7
722.55	389.55
722.9	392.2
719.7	395.7
718.85	399.3
724.55	394.5
723.05	400
722.15	403.35
717.5	409.05
714.6	410.75
714.55	408.1
714.15	405.9
719.25	403.35
714.05	397.1
713.6	401
715.1	403.5
713.05	402.45
714.9	404.6
715.6	412.1
717.9	415.6
632.85	271.55
623.45	210.1
617.1	214.25
621.4	214.45
617.4	216.75
616.15	220.2
611.55	228.7
612.3	230.6
607.65	239.35
604.4	242.6
608.6	255.65
609.6	253.85
615.5	263.35
616.75	272.35
614.45	279.4
614.4	286.15
617.55	285.15
620.05	290.75
621.6	289.55
622.85	287.55
624.1	285.55
620.35	290.3
618.3	286.15
616.4	287.55
616.8	285.9
615.6	283
615.45	286
614.2	285.85
614.4	287.75
614.3	286.85
613.2	291.75
613.45	289.1
616.4	293.8
613.5	297.3
611.8	296.65
610.9	297.8
606.8	300.1
605.3	306
607.95	304.1
608.2	301.45
610.4	298.75
612.45	300.6
613	295.55
613.8	300.3
611.85	299.45
604.1	306.15
602.5	299.8
600	300.5
595.35	298.3
595.2	298.6
598.05	298.05
600.45	296.15
597.85	296.55
599.25	298.35
595.15	305.1
597.8	304.7
600.55	304.1
603.8	302.95
606.8	306.35
603.25	312.25
600.7	309.75
597.7	313.15
599.15	310.1
599.25	299.95
601.65	299.15
601.05	300.65
597.25	301.15
601.1	300.35
597.25	298.95
594.7	301.7
597.25	300.4
602.3	298.4
602	298.3
602.85	303.3
603	303.4
600.85	301.7
600.05	301.15
597.55	297.55
599.75	298.35
600.7	299.3
599.25	295.75
602.25	295.2
600.45	296.25
599.55	298.35
599.9	298.2
600.8	295.9
600.15	295.4
601.05	293.6
601.1	294.4
597.7	297.05
600.55	299.2
599.35	301.15
602.5	298.2
603.8	300.35
601.8	301.95
604.05	299.9
605.45	303.55
606.3	301.85
607.65	304.1
607.2	306
609.7	303.75
609.9	301.05
611.8	300.4
612.3	306.15
612.1	308.9
608.95	312.65
609.6	316.65
612.5	320.45
612.15	321.45
613.5	318.6
616.85	313.45
615.6	312.95
616	314.55
617.15	314.3
615.5	313.2
617.15	317.75
617.95	321.1
614.5	322.15
619.85	324.9
620.9	320.8
617.15	327.45
620.8	326.45
620.95	327.25
620.25	333.4
0	0
615.9	338.05
613.6	335.6
614.2	331.1
613.05	333.1
618.15	331.45
619	333.65
618.25	333.3
616.6	332.85
617.8	335.6
614.1	332.95
616.65	334.65
615.3	332.25
617.35	331.7
618.8	331.15
613.9	335.95
611.95	339.95
613.9	332.3
613.6	329.1
613.85	326.25
610.95	327.4
611.2	326.35
612.85	324.9
612.1	324.65
617.1	323.7
617.45	326.55
614.1	337.2
617	332.55
616.9	338.65
613.45	338.5
615.55	338.5
617.05	329.75
615.8	332.8
614.05	332.45
614.55	334.2
614.7	331.55
615.1	326.7
613.5	326.95
614.1	337.3
612.3	332.9
609.15	333.3
608.1	328.8
609.15	326
608.4	325.9
607.15	326.7
608.05	327.8
609.95	325.5
608.35	323.85
608.9	323.2
608.6	328.6
607.25	335.2
612.65	337.55
611.3	336.7
616.7	335.3
614.55	336.95
612.25	337.8
613.25	338.1
613.35	337.3
616.1	337.5
615.35	343.85
617	343.75
620.65	343.2
623.6	343.85
627.1	343.5
628.45	339.25
626.5	343.45
625.6	338.35
621.85	334.6
621	342.05
624.85	342.15
628.2	351.75
627.95	354.5
627.45	354.3
624.6	355.45
626.75	360.05
627.8	358.1
630	355
627.3	351.55
627.4	352.85
630.8	350.4
627.7	347.85
621.8	352.75
619.8	351.45
619	346.05
616.25	346.15
615.25	351.1
620.05	342.2
617.65	340.35
616.25	338.9
617.9	338.95
616.25	336.95
610.6	339.75
608.25	339.55
610.1	345.75
609.4	341.85
610	343.55
611.05	339.4
610.85	341.4
609.3	337.75
610.45	339.35
614.2	336.55
613.75	339.65
613.25	342.1
613.05	343
612.4	343.9
610.1	347.85
609.1	354.95
611.5	356.7
612.35	362.25
614.3	359.25
613.55	357.3
612.45	356.6
618.2	348.1
621.55	344.9
621.6	343.85
619.05	341.65
620.6	346.25
616.1	356.4
617.45	350.95
618.4	346.45
620.35	341.8
620.5	341.7
622.8	341.15
625.9	342.8
623.75	344.35
622.95	347.9
623.4	350.3
622.45	351.95
623	354.15
625.5	356.65
627.45	356.1
624.65	354.2
625	354.45
626.3	351.1
625.3	355.6
620	363.7
620.7	366.6
620.4	363
617.9	362.95
618.85	362.8
619.65	364.5
616.85	359.8
618.55	360.05
616.55	358.05
620.05	359.1
620.45	359.45
618.1	354.85
620.9	360.85
620.2	364.1
616.5	359.85
615.5	360
615.15	361.6
614.65	352.95
611.75	355.65
610.65	351.2
612.55	354.9
611.6	354.95
609.65	355.7
610.85	353.2
607.5	353.4
607.6	357.65
610.3	357.8
608.25	360
605.9	360.55
610.9	364.7
606.2	370.5
609.75	369.7
607.15	371.75
609.05	372.55
609.5	372.8
610.25	374.75
609.15	376.85
609.25	373.25
606.05	374.65
609.6	376.15
608.45	379.55
609.05	377.75
604.25	379.9
604	379.7
605.55	374.25
607.25	369.3
609.45	368.45
594.55	372.45
175.5	342.65
0	0
0	0
0	0
0	0
0	0
0	0
0	0
280.6	346.2
286.6	330.9
252	321.45
258.1	345.85
258.25	363.7
253.75	371
253.6	375
256	378.3
255.8	373.7
252.15	375.2
249.65	377
245.7	381.85
245.35	383.85
257.6	388.95
254.05	392.15
251.85	385.15
250.55	389.75
251.5	395.2
255.05	398.3
256.45	405.2
261.6	397.15
263.5	396.4
264.45	399.5
263.3	404.6
263.5	408.25
268.95	411.95
336.9	383.85
341	385.25
343.25	387.45
340.75	388.35
341.3	395.35
434.25	325.2
489.2	261.15
488.7	262.4
485.3	269.4
489.25	277.7
488.15	291.75
332.45	320.25
253.3	374.65
246.95	390.65
242.45	389.15
244.95	387.8
245	391.75
313.3	382.35
302.7	387
302.3	389
307.85	381.85
309.8	380.2
311.85	376.3
309.75	375.8
311.15	376.8
291.8	385.85
293.25	391.35
293.1	394
295.95	395.25
293.75	400.9
296.9	397.2
297.1	393.05
298.45	388.75
297.85	389.15
296.95	385.95
294.35	389.85
293.05	398.35
293.75	400.65
286.5	405.55
286.9	409.25
291	411.4
288.8	409.65
286.25	414.9
394.05	353.9
452.9	288.35
454.75	288.95
455	294
456.55	285.35
453.75	292.7
453.35	297.75
458.85	296.55
456.05	295.25
459.5	283.55
460.95	289.7
464.45	290.9
469.5	292.65
475.3	299.75
619.55	321.25
620.05	319.05
615.95	322.6
616.65	320.1
618.45	316.95
620.5	321.5
624.95	325.35
625.5	381.2
628.15	410.1
631.95	414.75
642.45	414.05
646.15	416.75
658.1	418.85
693.9	429.35
705.5	437.2
713.6	431.7
718.8	427.2
720.75	428.8
719.45	428.55
721.1	430.6
719.85	436.45
726.1	436.25
800.3	439.45
839.65	415.4
842.45	406.95
846.65	409.75
843.8	402.7
848.55	398.1
850.05	392.05
880.8	214.95
877.2	199.5
885.05	201
885.7	194.85
885.15	204.9
888.85	207.5
887.7	198.9
683.1	210.85
513.45	249.55
499.05	261.7
501.35	266.1
497.1	283.55
493.95	284.3
491.15	290.3
493.7	227.25
491.55	234.55
489.5	243.55
487.15	247.05
485.5	245.7
482.45	245.55
340	129.3
331.45	105.7
329.1	103.9
329.85	103.95
330.15	106.2
328.1	106.4
326.9	117.05
322.5	122.2
321.4	127.5
323.15	129.45
323.2	125.5
324.85	124.25
324.05	121.9
327.35	117.45
325.45	122.55
445.75	179.8
493.05	218.8
492.1	227.75
491.6	230.55
490.4	231.1
490.15	226.7
490.25	223.55
489.3	215.35
490.55	218.15
490.55	223.8
458.2	195.9
459.9	203.4
455.7	212.45
455.9	209.65
454.35	212.3
455.8	212.6
656.25	144.35
853.7	88.3
868.45	103.8
860.7	112.15
862.75	118.4
862	119.8
862.45	122.95
863.5	119.05
862.7	120.85
860.45	122.75
861.75	127.9
860	132.1
858.7	129.85
858.15	129.85
862.6	121.85
863.75	120.1
554	209.7
373.45	285.05
362.6	304.15
358.3	311.3
354.85	314.6
353.4	315.25
353.55	317.3
833.65	50.05
856.1	27.15
837.95	52.9
836.15	67.7
833.2	81.65
833.15	86.1
830.95	89.3
829.05	93.9
828.55	95.5
830.7	89.2
830.35	93.65
830.85	89.45
828.7	87.25
829.7	79.75
831.75	81.45
875	86
871.25	82.9
869.85	89
863.65	99.8
868.8	96.5
867.45	108.05
870.05	103.8
866.25	119.05
867.2	117
864.3	122.1
862.75	126.5
863.6	128.6
864.6	126.55
861.7	129.7
842.95	117.2
840.85	127.2
838.3	134.35
844.6	140.65
845.25	140.85
844.35	147.45
845.35	145.9
847.95	150.7
773.1	162.95
763.15	170.9
766.7	167.1
767.3	175.5
764.4	178.35
770.55	182.9
769.45	186.6
772.3	190.9
771.6	184.05
610.85	150.95
231.65	107.65
174.65	123.55
179.15	129.3
177.9	127
179.65	122.9
181.25	134.75
181.8	135.3
183.3	139
183.25	130.45
232.1	134.3
834.55	111.8
819.25	127.5
818.05	145.05
814.3	158.4
820.65	155.3
822.05	148.3
824.2	156.15
821.65	153.4
825.2	153.5
822.95	165.25
828.1	162.65
823.95	166.85
841.4	160.05
862.6	157.6
863.95	154
860.05	165.3
860	164.2
860.55	162.35
863.4	159.45
864.95	153.65
866.2	157
869.95	153.9
870.75	151.35
870.05	156.45
655.15	109.6
312.1	58.6
318.4	64.65
320.2	65.45
319.35	60.5
319.75	64.7
319.9	61.95
321.8	61.95
321.45	69.4
320.65	66.5
322.7	70.95
320.95	68.65
323.3	70.7
671.4	121.75
830.85	151.65
840.25	157.75
843.85	162
842.95	161.05
846.15	154.4
844.75	155.35
844.65	157.5
854.3	159.35
928.1	152.25
927.25	156.1
928.35	162.55
926.3	164
929.3	163.5
929.7	165.45
930.2	165.95
933.6	162.35
935.75	166.15
935.35	167.05
937.7	164
937.8	161.1
937.75	161.15
869.05	167.95
349.85	57.15
301.35	51.8
314	187.35
335.6	1.80000000000001
0	0
339.1	60.5
337.7	79
341.45	81.45
338.4	87.55
335.6	84.1
338.75	73.55
336.95	75
332.55	74.8
335.6	77.4
389.5	91.75
862.05	128.1
877.15	141.5
874.15	147.75
871.55	147.6
868.45	150
867.8	147.9
868.1	155.1
940.8	167.2
936.55	167.65
939.95	165.45
940.75	165.3
941.15	163.55
940.7	165.15
942.9	168.9
942.45	177.2
944.35	176.85
739.65	140.7
459.85	79.1
453.35	81.85
455.4	80.35
454.45	85.75
454.4	89.9
455.25	89.45
453.55	89.1
452.1	90.95
451.75	87.45
339.65	109.65
248.3	100.55
243.1	106.7
243.05	103.3
243	111.35
242.85	115.3
240.95	111.75
562.65	231.4
574.05	238.55
573.25	232.6
569.85	233.45
569	230.85
565.55	231
566.3	228.25
459.05	261.65
239.65	349.7
233.95	354.45
236.85	341.7
237.1	339.35
237.25	347.6
238.15	344.35
238.8	342.3
239.5	344
242.55	342.4
241.8	347.15
206.5	372.05
211.95	402.25
210.05	412.05
209.25	413.8
208.4	409.6
209.75	405.15
503.9	269.85
580.75	253
579.85	254.55
577.6	258.5
575.5	261.6
573.1	268.95
574.6	276.65
574.75	278.9
576.25	282.2
578.95	282.45
689.4	354.95
693.75	353.75
698.3	354
697	360
693.65	353.15
695.9	350.65
696.5	348.8
689.95	347.1
378.7	349.15
216	304
217	312.35
219.5	344
221.9	363.85
225.35	368.4
227.45	372.15
226.25	378.8
291.3	316.8
0	0
536.2	37.6
528.1	60.75
525	68.65
524.45	74.8
525.25	77.05
524.85	80.2
522.8	80.7
523.7	80.55
521.25	81.8
421.9	95.1
243.9	106.85
236.6	112.05
235.45	111.15
236.15	114.25
234.6	113.05
235.7	113.85
232.95	110.3
536.4	204.45
534.1	232
533.3	227.95
534	229.75
536	236.6
537.35	233.85
496	258.95
495.35	258.4
495.45	257.9
497.45	262.05
498.8	257.75
500.45	268.1
508.6	266.1
506.1	257.15
508.55	260.5
510.45	265.75
506.35	266.6
504.65	273.35
507.75	272.45
505.65	271.2
504.8	268.75
603.25	225.1
858.3	115.3
853.15	141.1
852.25	146.75
852.55	153.2
850	148.7
847.9	150.7
847.85	149.1
849.7	147.8
848.7	151.1
852.35	154.65
556.5	128.8
463.1	135.9
459.5	133.85
455	135.95
452.8	132.95
453.3	134.5
450.45	137.05
443.9	133.1
448.75	131.35
444.85	135.4
441.85	133.9
443.4	132.4
448.15	138.25
412.05	145.5
117.65	194.65
120.9	202.55
119.9	202.7
121.9	207.15
120.95	200.3
124.25	191.85
126.55	193
127.2	197.75
127.85	197.2
126.1	197.35
126.95	200.75
124.05	208.45
123.35	210.6
262.65	381.7
269.8	381.85
266.05	384.9
268.35	388.65
267.5	389.5
266.3	390.95
266.95	390
269.2	386.4
233.45	408.05
231.45	409.25
232.95	409.5
234.1	407.4
235.65	401.9
407.8	387.8
637.45	357.4
656.3	358.8
654.7	366.15
655.35	365.8
652.65	369.3
654.25	374.15
652.5	377.05
661.05	370.6
832.15	154.45
842.7	138.7
836.4	156.55
835.4	166.45
835	174.65
829.65	185.5
834.55	182.7
833	180.55
594.4	125.95
559.85	120.45
559.5	125
561.3	120.25
562.05	129.9
562	125.95
559.25	130.6
559.5	131.5
556.55	140.35
485.5	256.4
483.95	264.95
484.1	274.15
484.65	283.65
484.45	279.65
483.2	282.35
483.5	281.2
485.6	278.15
485.55	280.55
483.25	278.7
484.75	269.15
491.5	266.75
512.9	284.45
514.2	284.35
515.05	281.95
516.95	279.45
517.25	280.3
517.05	285.45
226.1	374.8
240.3	383.2
241.6	386.9
243.35	385.8
243.15	381.75
240.9	388.8
238.1	396.65
234.85	390.9
234.85	391.9
257.45	381.2
660	339.5
656.3	342.75
651.05	352.85
653.55	347.9
653.25	349.55
652.6	350.1
654.9	355.8
655.65	356.55
655.75	360.9
593.05	108.45
584.5	70.2
577.4	90.25
580.7	96.95
578.35	97.15
578.65	100.25
582.2	93.4
578.65	98.95
579.25	100.05
582.2	96.85
584.2	99.05
585.65	104.45
588.15	104.8
688.55	128.15
812.7	117.45
822.75	127.25
824.85	132.8
826.25	136.8
826.45	136.25
826.8	135.45
826.7	142.3
829.6	150.15
831.1	148.55
831.95	151.6
830.5	155.9
671.95	133.4
450.95	99.9
449.15	110.3
453.05	114.25
452.9	117.35
449.4	114.2
454.2	112.55
452.5	114.05
452	113.7
454.5	111.05
454.15	115.5
453	113.25
454.45	117.7
453.4	118.45
620.7	112.25
834.85	108.6
840.5	112.85
841.2	112.7
841.15	112
840.7	120.35
838.3	115.2
837.25	117.4
834	122.6
834.55	121.25
670.9	316.3
675.3	325.9
676.2	324.35
676.55	331.6
674.4	339.45
676.05	337.75
674.3	338.4
674.5	332.1
675.15	334.25
678.6	331.2
677.9	325.55
676.3	330.65
676.65	324.95
675.5	324.25
677.15	310.05
695.85	285.5
694.1	287.3
696.55	290
690.7	290.5
691.75	293
689.85	286.05
687.4	278.25
695.35	287.75
698.1	286.75
695.85	290.55
694	290.85
692.3	286.45
687.55	282.7
688.8	286.65
566.85	231.75
543.05	217.05
538.8	221.75
540.2	243.35
540.05	233.55
543.35	238.95
540.25	244.05
541.05	245.1
540.45	250.4
516.4	206.5
511.6	215.7
514.2	215.75
512.55	220.65
513.3	232.75
513.2	234.1
518	234.35
515.6	235.1
516.05	242.4
516.55	243.6
512.7	247
512.75	253.85
515.6	259
514	268
503.45	264.1
447.55	204
440.85	210.65
437.65	218.1
439.05	221
441.2	225.35
444.55	228.65
442.95	238.8
360.85	159.3
342.9	160.95
341.9	164.65
341.15	164.95
340.75	151
336.95	159.75
339.2	147.1
338.1	152.1
338.2	153.5
335.75	155
336.5	156.45
337.2	152.55
338.6	155.85
340	157.35
342.65	148.9
344.85	153.2
346.55	158.05
459.45	154.1
458.55	149.4
460	146.4
455.6	108.15
516.95	423.8
529.15	392.5
512.45	231.25
518.4	73.9
538.3	26.5
538.1	44.9
538	65.75
531.45	101.35
528.65	112.7
524.7	126.15
523.45	135.35
523.15	137.9
524.4	136.65
408.3	145.95
408.8	150.25
407.95	148.8
410.35	149.15
409.1	149.6
413.2	143.05
412.9	148.15
409.9	148.4
409.65	150.85
410.5	155.8
409.85	155.35
411.6	150.3
511.9	204.1
521.35	219.75
521.2	229.25
522.2	233.75
525.2	233.2
520.85	244.95
524.2	249.6
522.75	254.8
523.05	259.4
520.9	257.45
520.1	264.05
492.75	267.8
490.95	266.45
491.5	264.3
489.25	268.35
489.75	266.4
490.35	263.95
488.9	258.75
492.15	252.25
489.45	248.45
273.7	356.75
261.25	348.7
265	362.4
266.05	379.4
268.6	387.8
264.75	384.1
266.9	386
267.1	394.55
267.45	398.25
269.3	397.95
272.2	410.6
271.9	414.75
275.95	410.45
275.05	413.8
275.25	417.05
280.8	414
283.5	415.7
285.5	411.3
282.65	413.3
285.35	412.9
283.95	415.85
283.7	423.95
281.05	420.7
284.6	423.4
284.8	427.25
287.35	426.9
286.5	427.15
288.5	428.95
287.05	428.6
363.35	418.1
755.25	314.75
733.65	320.55
733.35	342.1
730.6	352.1
729.8	359.7
729.4	353.25
