0	0
0	0
0	0
0	0
0	0
0	0
0	0
0	0
0	0
0	0
0	0
0	0
0	0
0	0
0	0
478.27	364.93
478.27	364.93
396.96	387.94
396.96	387.94
362.36	394.51
320.84	397.8
293.16	397.8
253.38	399.44
253.38	399.44
213.59	399.44
182.45	399.44
168.61	397.8
168.61	397.8
166.88	397.8
161.69	397.8
159.96	396.16
159.96	396.16
154.77	392.87
151.31	391.23
149.58	387.94
149.58	387.94
151.31	384.65
158.23	379.72
165.15	374.79
165.15	374.79
168.61	373.15
168.61	373.15
168.61	373.15
168.61	373.15
168.61	373.15
168.61	373.15
175.53	369.86
178.99	368.22
178.99	368.22
182.45	366.57
192.83	364.93
218.78	361.64
218.78	361.64
239.54	361.64
256.84	364.93
281.05	369.86
281.05	369.86
300.08	374.79
313.92	383.01
322.57	386.3
322.57	386.3
331.22	391.23
341.6	392.87
348.52	394.51
348.52	394.51
376.2	396.16
424.64	396.16
467.89	396.16
467.89	396.16
488.65	397.8
500.76	397.8
516.33	399.44
516.33	399.44
531.9	399.44
547.47	404.37
559.58	406.02
559.58	406.02
569.96	406.02
575.15	407.66
582.07	407.66
588.99	409.3
588.99	409.3
590.72	409.3
592.45	409.3
592.45	409.3
592.45	409.3
585.53	412.59
585.53	412.59
556.12	415.88
556.12	415.88
514.6	415.88
473.08	414.23
409.07	412.59
409.07	412.59
379.66	412.59
364.09	410.95
362.36	410.95
362.36	410.95
362.36	410.95
362.36	410.95
362.36	410.95
362.36	410.95
362.36	410.95
362.36	410.95
362.36	410.95
362.36	410.95
362.36	410.95
362.36	410.95
365.82	409.3
365.82	409.3
365.82	409.3
371.01	406.02
372.74	406.02
372.74	406.02
372.74	406.02
372.74	406.02
372.74	406.02
376.2	406.02
376.2	406.02
376.2	406.02
398.69	404.37
523.25	401.09
684.14	401.09
684.14	401.09
713.54	399.44
713.54	399.44
713.54	399.44
713.54	399.44
710.08	399.44
703.16	402.73
696.25	406.02
696.25	406.02
696.25	406.02
694.52	406.02
694.52	406.02
680.68	407.66
680.68	407.66
678.95	407.66
670.3	409.3
659.92	409.3
659.92	409.3
646.08	409.3
582.07	409.3
528.44	409.3
528.44	409.3
499.03	407.66
474.81	406.02
473.08	406.02
473.08	406.02
471.35	406.02
471.35	406.02
471.35	406.02
471.35	406.02
471.35	406.02
471.35	406.02
471.35	406.02
471.35	406.02
471.35	406.02
471.35	406.02
471.35	406.02
471.35	406.02
471.35	406.02
471.35	406.02
478.27	404.37
478.27	404.37
478.27	404.37
500.76	401.09
519.79	401.09
533.63	401.09
533.63	401.09
552.66	401.09
568.23	401.09
576.88	399.44
576.88	399.44
583.8	399.44
590.72	399.44
592.45	399.44
592.45	399.44
592.45	399.44
592.45	399.44
592.45	399.44
592.45	399.44
592.45	399.44
592.45	399.44
592.45	399.44
592.45	399.44
592.45	399.44
592.45	399.44
590.72	399.44
590.72	399.44
590.72	399.44
590.72	399.44
590.72	399.44
590.72	399.44
590.72	399.44
590.72	399.44
580.34	401.09
563.04	404.37
540.55	406.02
540.55	406.02
514.6	407.66
485.19	409.3
462.7	412.59
462.7	412.59
454.05	412.59
454.05	412.59
454.05	412.59
454.05	412.59
454.05	412.59
454.05	412.59
454.05	412.59
454.05	412.59
454.05	412.59
454.05	412.59
454.05	412.59
454.05	412.59
454.05	412.59
454.05	412.59
455.78	412.59
480	412.59
480	412.59
514.6	412.59
533.63	412.59
544.01	412.59
552.66	412.59
552.66	412.59
557.85	412.59
563.04	412.59
564.77	414.23
564.77	414.23
566.5	414.23
566.5	414.23
566.5	414.23
566.5	414.23
566.5	414.23
566.5	414.23
566.5	414.23
566.5	414.23
566.5	414.23
566.5	414.23
566.5	414.23
566.5	414.23
566.5	414.23
566.5	414.23
566.5	414.23
566.5	414.23
566.5	414.23
566.5	414.23
566.5	414.23
566.5	414.23
566.5	414.23
566.5	414.23
566.5	414.23
566.5	414.23
566.5	414.23
566.5	414.23
566.5	414.23
566.5	414.23
566.5	414.23
566.5	414.23
566.5	414.23
566.5	414.23
566.5	414.23
566.5	414.23
566.5	414.23
566.5	414.23
566.5	414.23
566.5	414.23
566.5	414.23
566.5	414.23
566.5	414.23
566.5	414.23
566.5	414.23
566.5	414.23
566.5	414.23
566.5	414.23
566.5	414.23
566.5	414.23
566.5	414.23
566.5	414.23
566.5	414.23
566.5	414.23
566.5	414.23
566.5	414.23
566.5	414.23
566.5	414.23
566.5	414.23
566.5	414.23
566.5	414.23
566.5	414.23
566.5	414.23
564.77	414.23
564.77	414.23
542.28	414.23
516.33	415.88
516.33	415.88
493.84	415.88
471.35	415.88
447.13	415.88
447.13	415.88
412.53	412.59
390.04	410.95
369.28	409.3
369.28	409.3
364.09	409.3
367.55	409.3
371.01	407.66
371.01	407.66
376.2	406.02
377.93	406.02
377.93	406.02
377.93	406.02
379.66	406.02
379.66	406.02
384.85	406.02
384.85	406.02
396.96	406.02
436.75	410.95
469.62	412.59
493.84	412.59
493.84	412.59
519.79	410.95
531.9	410.95
542.28	410.95
542.28	410.95
549.2	410.95
550.93	410.95
556.12	409.3
556.12	409.3
556.12	409.3
556.12	409.3
556.12	409.3
556.12	409.3
556.12	409.3
556.12	409.3
511.14	412.59
511.14	412.59
481.73	412.59
464.43	412.59
448.86	412.59
438.48	410.95
438.48	410.95
414.26	410.95
398.69	410.95
362.36	410.95
362.36	410.95
345.06	412.59
345.06	412.59
345.06	412.59
345.06	412.59
346.79	412.59
346.79	412.59
355.44	412.59
355.44	412.59
360.63	412.59
384.85	414.23
445.4	420.81
445.4	420.81
483.46	424.09
507.68	424.09
524.98	424.09
545.74	422.45
545.74	422.45
563.04	422.45
576.88	420.81
585.53	419.16
585.53	419.16
590.72	419.16
590.72	419.16
590.72	419.16
590.72	419.16
592.45	419.16
592.45	419.16
592.45	419.16
592.45	419.16
585.53	419.16
585.53	419.16
559.58	419.16
528.44	419.16
528.44	419.16
497.3	419.16
467.89	417.52
450.59	417.52
450.59	417.52
438.48	417.52
417.72	417.52
405.61	417.52
405.61	417.52
396.96	419.16
395.23	419.16
395.23	419.16
395.23	419.16
395.23	419.16
395.23	419.16
395.23	419.16
395.23	419.16
395.23	419.16
395.23	419.16
405.61	419.16
405.61	419.16
405.61	419.16
486.92	419.16
521.52	419.16
540.55	419.16
540.55	419.16
554.39	419.16
566.5	419.16
583.8	420.81
583.8	420.81
592.45	420.81
599.37	422.45
602.83	422.45
602.83	422.45
604.56	422.45
604.56	422.45
604.56	422.45
604.56	422.45
604.56	422.45
566.5	425.74
505.95	427.38
505.95	427.38
454.05	427.38
431.56	425.74
410.8	425.74
396.96	424.09
396.96	424.09
383.12	422.45
376.2	420.81
369.28	420.81
369.28	420.81
362.36	420.81
358.9	420.81
358.9	420.81
358.9	420.81
358.9	420.81
358.9	420.81
364.09	419.16
364.09	419.16
364.09	419.16
377.93	419.16
384.85	419.16
384.85	419.16
403.88	419.16
443.67	424.09
474.81	427.38
519.79	432.31
519.79	432.31
538.82	433.96
552.66	435.6
563.04	435.6
563.04	435.6
571.69	435.6
578.61	435.6
582.07	435.6
582.07	435.6
582.07	435.6
583.8	435.6
583.8	435.6
583.8	435.6
583.8	435.6
583.8	435.6
583.8	435.6
583.8	435.6
583.8	435.6
583.8	435.6
561.31	433.96
524.98	432.31
524.98	432.31
454.05	430.67
410.8	427.38
379.66	425.74
379.66	425.74
351.98	425.74
327.76	424.09
313.92	422.45
313.92	422.45
308.73	420.81
307	420.81
307	420.81
307	420.81
312.19	420.81
312.19	420.81
353.71	424.09
353.71	424.09
403.88	425.74
455.78	429.03
480	429.03
480	429.03
493.84	429.03
504.22	429.03
514.6	427.38
528.44	425.74
528.44	425.74
542.28	424.09
556.12	422.45
576.88	419.16
576.88	419.16
590.72	419.16
604.56	419.16
614.94	417.52
614.94	417.52
616.67	417.52
616.67	417.52
616.67	417.52
616.67	417.52
616.67	417.52
616.67	417.52
611.48	422.45
611.48	422.45
620.13	425.74
639.16	425.74
668.57	419.16
697.98	412.59
697.98	412.59
708.35	409.3
699.71	407.66
611.48	419.16
611.48	419.16
388.31	438.89
196.29	438.89
135.74	438.89
135.74	438.89
123.63	438.89
121.9	437.24
120.17	432.31
120.17	432.31
109.79	419.16
49.24	392.87
37.13	387.94
37.13	387.94
37.13	386.3
37.13	386.3
78.65	379.72
78.65	379.72
102.87	379.72
114.98	378.08
120.17	376.43
120.17	376.43
125.36	374.79
130.55	373.15
134.01	371.5
137.47	366.57
137.47	366.57
140.93	361.64
140.93	360
142.66	360
142.66	360
144.39	358.36
146.12	358.36
147.85	358.36
147.85	358.36
147.85	358.36
147.85	358.36
147.85	358.36
147.85	358.36
147.85	358.36
147.85	358.36
147.85	358.36
147.85	358.36
147.85	358.36
149.58	356.71
161.69	356.71
180.72	356.71
180.72	356.71
246.46	358.36
336.41	368.22
371.01	373.15
371.01	373.15
386.58	376.43
431.56	384.65
466.16	389.58
466.16	389.58
483.46	391.23
497.3	392.87
509.41	392.87
509.41	392.87
521.52	392.87
530.17	394.51
547.47	394.51
547.47	394.51
573.42	392.87
588.99	392.87
590.72	392.87
590.72	392.87
573.42	399.44
552.66	404.37
521.52	407.66
460.97	412.59
460.97	412.59
390.04	412.59
320.84	407.66
272.4	406.02
272.4	406.02
248.19	406.02
243	406.02
243	406.02
243	406.02
243	406.02
243	406.02
243	406.02
243	406.02
243	406.02
243	406.02
277.59	406.02
277.59	406.02
327.76	406.02
348.52	406.02
422.91	407.66
473.08	412.59
473.08	412.59
500.76	414.23
512.87	415.88
518.06	415.88
518.06	415.88
519.79	415.88
519.79	415.88
519.79	415.88
519.79	415.88
519.79	415.88
519.79	415.88
519.79	415.88
519.79	415.88
519.79	415.88
519.79	415.88
519.79	415.88
519.79	415.88
519.79	415.88
509.41	419.16
509.41	419.16
478.27	427.38
478.27	427.38
445.4	432.31
403.88	435.6
324.3	438.89
324.3	438.89
234.35	438.89
210.13	440.53
210.13	440.53
210.13	440.53
210.13	440.53
210.13	440.53
210.13	440.53
225.7	438.89
225.7	438.89
270.67	438.89
319.11	438.89
379.66	438.89
379.66	438.89
415.99	440.53
445.4	445.46
464.43	445.46
464.43	445.46
474.81	445.46
483.46	447.1
490.38	447.1
490.38	447.1
497.3	447.1
502.49	447.1
505.95	447.1
505.95	447.1
505.95	445.46
505.95	445.46
505.95	445.46
505.95	445.46
504.22	445.46
504.22	445.46
504.22	445.46
502.49	445.46
502.49	445.46
500.76	445.46
500.76	445.46
474.81	443.82
474.81	443.82
436.75	438.89
414.26	438.89
402.15	437.24
388.31	435.6
388.31	435.6
374.47	432.31
362.36	432.31
346.79	432.31
346.79	432.31
327.76	430.67
307	430.67
258.57	430.67
258.57	430.67
239.54	430.67
237.81	430.67
236.08	430.67
236.08	430.67
236.08	430.67
236.08	430.67
236.08	430.67
236.08	430.67
236.08	430.67
236.08	430.67
236.08	430.67
236.08	430.67
236.08	430.67
286.24	425.74
346.79	425.74
395.23	430.67
395.23	430.67
428.1	433.96
450.59	435.6
474.81	438.89
474.81	438.89
490.38	438.89
500.76	438.89
511.14	440.53
516.33	440.53
516.33	440.53
521.52	442.17
528.44	442.17
531.9	442.17
531.9	442.17
535.36	442.17
535.36	442.17
535.36	442.17
533.63	442.17
533.63	442.17
514.6	445.46
486.92	445.46
486.92	445.46
462.7	442.17
443.67	438.89
422.91	437.24
422.91	437.24
403.88	435.6
383.12	432.31
364.09	430.67
364.09	430.67
353.71	430.67
348.52	429.03
343.33	429.03
343.33	429.03
332.95	429.03
326.03	429.03
319.11	430.67
310.46	432.31
310.46	432.31
307	432.31
307	432.31
307	432.31
307	432.31
307	432.31
307	432.31
319.11	432.31
319.11	432.31
319.11	432.31
398.69	438.89
429.83	440.53
429.83	440.53
447.13	440.53
459.24	440.53
466.16	440.53
466.16	440.53
469.62	440.53
474.81	440.53
481.73	440.53
481.73	440.53
486.92	440.53
493.84	440.53
499.03	440.53
500.76	440.53
500.76	440.53
500.76	440.53
500.76	440.53
500.76	440.53
500.76	440.53
500.76	442.17
500.76	442.17
500.76	445.46
500.76	445.46
500.76	445.46
500.76	445.46
500.76	445.46
500.76	445.46
500.76	445.46
500.76	445.46
493.84	453.68
493.84	453.68
493.84	453.68
490.38	484.9
502.49	512.84
516.33	530.92
516.33	530.92
550.93	550.64
594.18	555.57
630.51	545.71
630.51	545.71
644.35	530.92
639.16	512.84
632.24	507.91
632.24	507.91
630.51	506.27
628.78	504.62
623.59	504.62
623.59	504.62
618.4	504.62
618.4	506.27
616.67	506.27
614.94	506.27
614.94	506.27
604.56	507.91
597.64	507.91
583.8	507.91
583.8	507.91
564.77	507.91
549.2	506.27
530.17	504.62
530.17	504.62
507.68	499.69
486.92	496.41
467.89	493.12
467.89	493.12
452.32	491.48
436.75	489.83
424.64	486.55
424.64	486.55
410.8	483.26
396.96	478.33
388.31	475.04
388.31	475.04
386.58	473.4
386.58	468.47
396.96	460.25
396.96	460.25
429.83	445.46
474.81	429.03
509.41	419.16
509.41	419.16
531.9	412.59
542.28	407.66
556.12	406.02
571.69	404.37
571.69	404.37
590.72	404.37
604.56	401.09
604.56	401.09
614.94	399.44
618.4	399.44
623.59	399.44
623.59	399.44
628.78	397.8
635.7	397.8
637.43	397.8
637.43	397.8
637.43	397.8
637.43	397.8
637.43	397.8
637.43	397.8
637.43	397.8
637.43	397.8
625.32	397.8
625.32	397.8
625.32	397.8
454.05	410.95
431.56	412.59
431.56	412.59
431.56	412.59
431.56	412.59
431.56	412.59
431.56	412.59
415.99	412.59
415.99	412.59
403.88	410.95
384.85	410.95
367.55	407.66
367.55	407.66
365.82	407.66
365.82	407.66
365.82	407.66
365.82	407.66
365.82	407.66
365.82	407.66
365.82	407.66
365.82	407.66
365.82	407.66
371.01	407.66
371.01	407.66
391.77	406.02
391.77	406.02
407.34	406.02
415.99	406.02
417.72	406.02
417.72	406.02
417.72	406.02
417.72	406.02
424.64	404.37
424.64	404.37
426.37	404.37
445.4	401.09
466.16	399.44
466.16	399.44
483.46	399.44
499.03	399.44
524.98	401.09
524.98	401.09
559.58	402.73
592.45	406.02
611.48	407.66
611.48	407.66
623.59	407.66
632.24	409.3
635.7	409.3
635.7	409.3
639.16	410.95
639.16	410.95
639.16	410.95
639.16	410.95
639.16	410.95
639.16	410.95
639.16	410.95
639.16	410.95
639.16	410.95
639.16	410.95
639.16	410.95
639.16	410.95
639.16	410.95
639.16	410.95
639.16	410.95
639.16	410.95
639.16	410.95
639.16	410.95
632.24	410.95
620.13	409.3
620.13	409.3
620.13	409.3
563.04	399.44
537.09	396.16
514.6	392.87
514.6	392.87
500.76	391.23
492.11	391.23
488.65	391.23
488.65	391.23
464.43	391.23
415.99	391.23
372.74	392.87
372.74	392.87
362.36	392.87
362.36	392.87
362.36	392.87
362.36	392.87
360.63	392.87
360.63	392.87
358.9	392.87
358.9	392.87
358.9	392.87
358.9	392.87
358.9	392.87
358.9	392.87
358.9	392.87
358.9	392.87
358.9	392.87
358.9	392.87
358.9	392.87
358.9	392.87
358.9	392.87
358.9	392.87
358.9	392.87
358.9	392.87
358.9	392.87
364.09	392.87
364.09	392.87
367.55	392.87
367.55	392.87
369.28	391.23
371.01	391.23
371.01	391.23
371.01	391.23
372.74	391.23
374.47	391.23
381.39	389.58
381.39	389.58
390.04	389.58
409.07	391.23
424.64	392.87
424.64	392.87
441.94	392.87
466.16	394.51
486.92	396.16
486.92	396.16
528.44	399.44
554.39	404.37
563.04	404.37
563.04	404.37
566.5	404.37
566.5	404.37
566.5	404.37
566.5	404.37
566.5	404.37
566.5	404.37
566.5	404.37
566.5	404.37
566.5	404.37
566.5	404.37
566.5	404.37
566.5	404.37
566.5	404.37
566.5	404.37
566.5	404.37
566.5	404.37
566.5	404.37
566.5	404.37
566.5	404.37
566.5	404.37
566.5	404.37
566.5	404.37
566.5	404.37
566.5	404.37
566.5	404.37
566.5	404.37
564.77	404.37
564.77	404.37
535.36	401.09
507.68	401.09
507.68	401.09
473.08	404.37
452.32	404.37
445.4	404.37
445.4	404.37
433.29	404.37
419.45	404.37
403.88	404.37
403.88	404.37
388.31	404.37
371.01	401.09
362.36	401.09
362.36	401.09
355.44	399.44
353.71	399.44
353.71	399.44
353.71	399.44
353.71	399.44
353.71	399.44
351.98	399.44
351.98	399.44
351.98	399.44
346.79	399.44
346.79	399.44
346.79	399.44
346.79	399.44
346.79	399.44
346.79	399.44
348.52	399.44
348.52	399.44
348.52	399.44
351.98	399.44
355.44	399.44
355.44	399.44
355.44	399.44
355.44	399.44
357.17	399.44
362.36	397.8
362.36	397.8
365.82	397.8
367.55	397.8
376.2	397.8
376.2	397.8
390.04	397.8
409.07	399.44
424.64	399.44
424.64	399.44
445.4	402.73
459.24	404.37
474.81	406.02
474.81	406.02
488.65	406.02
500.76	406.02
516.33	409.3
516.33	409.3
524.98	410.95
528.44	410.95
528.44	410.95
528.44	410.95
528.44	410.95
528.44	412.59
528.44	412.59
507.68	415.88
507.68	415.88
497.3	415.88
485.19	415.88
473.08	414.23
473.08	414.23
466.16	414.23
464.43	412.59
464.43	412.59
464.43	412.59
464.43	412.59
464.43	412.59
464.43	412.59
464.43	412.59
464.43	412.59
462.7	412.59
462.7	412.59
462.7	412.59
462.7	412.59
462.7	412.59
462.7	412.59
462.7	412.59
462.7	412.59
466.16	412.59
467.89	412.59
464.43	412.59
464.43	412.59
436.75	409.3
403.88	406.02
390.04	406.02
390.04	406.02
384.85	406.02
383.12	406.02
377.93	406.02
372.74	406.02
372.74	406.02
367.55	406.02
358.9	406.02
355.44	406.02
355.44	406.02
355.44	406.02
353.71	406.02
351.98	406.02
351.98	406.02
350.25	406.02
346.79	406.02
346.79	406.02
346.79	406.02
346.79	406.02
345.06	406.02
345.06	406.02
345.06	406.02
341.6	406.02
339.87	406.02
336.41	406.02
336.41	406.02
336.41	406.02
336.41	406.02
334.68	406.02
334.68	406.02
334.68	406.02
331.22	406.02
329.49	406.02
329.49	406.02
329.49	406.02
329.49	406.02
329.49	406.02
329.49	406.02
329.49	406.02
329.49	406.02
329.49	406.02
329.49	406.02
329.49	406.02
329.49	406.02
329.49	406.02
329.49	406.02
329.49	406.02
329.49	406.02
329.49	406.02
329.49	406.02
329.49	406.02
329.49	406.02
329.49	406.02
329.49	406.02
343.33	407.66
343.33	407.66
343.33	407.66
474.81	402.73
556.12	399.44
