0	0
0	0
0	0
0	0
0	0
476.53	358.88
476.53	358.88
474.21	358.88
473.06	357.76
473.06	357.76
473.06	357.76
473.06	357.76
473.06	357.76
473.06	357.76
473.06	357.76
473.06	357.76
473.06	357.76
471.9	357.76
471.9	357.76
471.9	357.76
471.9	355.52
471.9	355.52
471.9	355.52
471.9	355.52
471.9	355.52
471.9	355.52
471.9	355.52
471.9	355.52
471.9	355.52
471.9	355.52
471.9	355.52
471.9	355.52
482.31	351.05
488.1	349.93
488.1	349.93
488.1	349.93
488.1	349.93
488.1	349.93
488.1	349.93
473.06	345.45
439.49	344.33
338.81	347.69
257.8	347.69
257.8	347.69
181.42	347.69
172.16	347.69
172.16	347.69
172.16	347.69
172.16	347.69
167.53	347.69
166.37	342.09
166.37	342.09
166.37	342.09
166.37	342.09
166.37	342.09
166.37	342.09
166.37	342.09
166.37	342.09
166.37	342.09
166.37	342.09
166.37	342.09
166.37	342.09
166.37	342.09
166.37	342.09
166.37	342.09
166.37	342.09
166.37	342.09
166.37	342.09
166.37	342.09
166.37	342.09
166.37	342.09
166.37	342.09
166.37	342.09
166.37	342.09
179.1	342.09
179.1	342.09
209.19	342.09
230.02	340.97
276.32	337.62
339.97	335.38
339.97	335.38
386.26	327.54
418.66	321.95
429.08	321.95
431.39	321.95
468.43	317.47
468.43	317.47
473.06	317.47
476.53	315.23
476.53	315.23
533.24	297.33
548.28	295.09
548.28	295.09
550.59	289.49
551.75	288.37
551.75	288.37
555.22	283.9
570.27	274.94
571.43	273.82
599.2	252.56
630.45	231.29
630.45	231.29
630.45	231.29
630.45	231.29
642.02	221.22
644.34	220.1
644.34	220.1
644.34	220.1
648.96	218.98
655.91	218.98
655.91	218.98
655.91	218.98
662.85	218.98
703.36	223.46
704.52	223.46
704.52	224.58
707.99	234.65
707.99	234.65
718.4	243.61
718.4	245.84
724.19	253.68
724.19	253.68
731.13	258.15
731.13	258.15
732.29	258.15
742.71	259.27
742.71	259.27
789	245.84
800.57	244.72
800.57	244.72
800.57	244.72
800.57	244.72
800.57	244.72
800.57	244.72
800.57	244.72
800.57	244.72
800.57	244.72
800.57	244.72
805.2	251.44
813.3	259.27
819.09	262.63
819.09	262.63
819.09	262.63
819.09	262.63
819.09	262.63
819.09	264.87
816.77	268.23
795.94	282.78
750.81	301.8
750.81	301.8
668.64	325.31
583	351.05
539.02	357.76
537.86	357.76
537.86	357.76
537.86	357.76
537.86	357.76
537.86	357.76
537.86	357.76
545.97	357.76
566.8	354.4
596.89	343.21
650.12	327.54
650.12	327.54
657.07	320.83
655.91	314.11
643.18	299.56
629.29	282.78
610.77	260.39
610.77	258.15
610.77	258.15
610.77	246.96
609.62	225.7
604.99	218.98
588.79	204.43
565.64	189.88
558.7	188.77
556.38	187.65
556.38	187.65
552.91	183.17
544.81	168.62
533.24	152.95
528.61	151.83
528.61	151.83
528.61	151.83
528.61	151.83
528.61	151.83
527.45	150.71
519.35	140.64
515.88	137.28
515.88	137.28
515.88	137.28
515.88	137.28
515.88	137.28
515.88	137.28
515.88	137.28
515.88	137.28
515.88	137.28
515.88	137.28
515.88	137.28
515.88	137.28
515.88	137.28
515.88	137.28
515.88	137.28
515.88	137.28
515.88	137.28
515.88	137.28
515.88	137.28
515.88	137.28
515.88	137.28
515.88	137.28
515.88	137.28
515.88	137.28
515.88	137.28
515.88	137.28
515.88	137.28
515.88	137.28
515.88	137.28
515.88	137.28
508.93	135.05
484.63	131.69
437.18	135.05
437.18	135.05
412.88	137.28
405.93	137.28
381.63	136.16
329.55	136.16
262.43	136.16
245.07	132.81
213.82	130.57
213.82	130.57
203.41	128.33
202.25	127.21
195.31	124.97
184.89	123.85
182.58	122.73
181.42	120.5
177.95	118.26
177.95	118.26
175.63	114.9
171	108.18
164.06	104.83
164.06	104.83
157.11	103.71
147.86	99.23
136.28	95.87
130.5	94.75
127.03	92.52
123.55	89.16
123.55	89.16
123.55	84.68
123.55	81.32
123.55	81.32
117.77	80.21
107.35	76.85
103.88	75.73
103.88	75.73
103.88	75.73
103.88	75.73
103.88	75.73
103.88	75.73
101.56	70.13
98.09	69.01
98.09	69.01
95.78	69.01
95.78	69.01
95.78	69.01
95.78	69.01
93.46	69.01
88.83	69.01
88.83	69.01
85.36	69.01
83.05	69.01
83.05	69.01
83.05	69.01
83.05	69.01
83.05	69.01
83.05	69.01
83.05	69.01
83.05	69.01
83.05	69.01
87.68	69.01
150.17	69.01
291.36	75.73
486.94	75.73
486.94	75.73
545.97	75.73
545.97	75.73
565.64	75.73
594.57	75.73
599.2	76.85
599.2	76.85
602.67	76.85
617.72	75.73
638.55	75.73
675.58	74.61
690.63	74.61
690.63	74.61
698.73	74.61
739.23	74.61
748.49	74.61
748.49	74.61
749.65	74.61
767.01	73.49
773.95	73.49
773.95	73.49
773.95	73.49
773.95	73.49
773.95	73.49
773.95	75.73
777.42	80.21
777.42	80.21
780.9	80.21
797.1	80.21
826.03	77.97
841.08	77.97
841.08	77.97
841.08	77.97
842.23	79.09
842.23	79.09
842.23	80.21
842.23	81.32
846.86	88.04
854.96	89.16
860.75	90.28
883.9	82.44
893.15	80.21
893.15	80.21
893.15	80.21
893.15	83.56
893.15	96.99
888.52	114.9
887.37	150.71
887.37	150.71
887.37	180.93
882.74	232.41
883.9	273.82
885.05	316.35
886.21	355.52
886.21	355.52
892	405.89
895.47	436.1
897.78	456.25
902.41	474.16
903.57	477.51
908.2	479.75
909.36	479.75
909.36	479.75
909.36	479.75
909.36	479.75
909.36	479.75
909.36	479.75
909.36	479.75
909.36	479.75
905.88	490.94
903.57	509.97
900.1	535.71
900.1	535.71
900.1	555.86
900.1	565.93
900.1	587.19
900.1	591.67
900.1	591.67
900.1	595.03
898.94	608.46
896.63	614.05
896.63	614.05
896.63	615.17
895.47	620.77
895.47	620.77
894.31	621.89
894.31	621.89
894.31	623.01
893.15	625.25
893.15	625.25
893.15	625.25
893.15	625.25
893.15	625.25
889.68	625.25
878.11	623.01
836.45	634.2
800.57	635.32
743.86	642.03
743.86	642.03
718.4	646.51
713.77	646.51
707.99	646.51
703.36	646.51
699.89	646.51
699.89	646.51
687.16	645.39
675.58	645.39
669.8	645.39
668.64	644.27
667.48	644.27
667.48	644.27
667.48	644.27
667.48	644.27
667.48	644.27
667.48	644.27
662.85	644.27
654.75	644.27
621.19	647.63
613.09	647.63
611.93	647.63
611.93	647.63
608.46	644.27
593.41	629.72
587.63	623.01
581.84	618.53
576.06	616.29
576.06	616.29
570.27	614.05
549.44	610.7
540.18	610.7
539.02	609.58
537.86	609.58
535.55	607.34
535.55	607.34
534.39	603.98
529.76	590.55
523.98	581.6
520.51	574.88
520.51	574.88
515.88	572.64
510.09	572.64
500.83	568.17
493.89	564.81
488.1	561.45
483.47	559.21
483.47	559.21
481.16	559.21
481.16	559.21
473.06	562.57
446.44	569.29
424.45	572.64
423.29	572.64
423.29	572.64
423.29	572.64
423.29	572.64
420.98	572.64
416.35	573.76
410.56	574.88
404.78	574.88
401.3	574.88
390.89	574.88
390.89	574.88
371.21	578.24
348.07	582.72
327.24	584.95
293.68	588.31
293.68	588.31
270.53	589.43
258.96	591.67
254.33	592.79
239.28	596.15
202.25	603.98
202.25	603.98
188.36	605.1
188.36	605.1
188.36	605.1
188.36	605.1
188.36	605.1
188.36	605.1
188.36	605.1
188.36	605.1
188.36	605.1
188.36	605.1
188.36	605.1
188.36	605.1
188.36	605.1
188.36	605.1
188.36	605.1
188.36	605.1
188.36	605.1
188.36	605.1
188.36	605.1
188.36	605.1
188.36	605.1
188.36	605.1
188.36	605.1
188.36	605.1
188.36	605.1
188.36	605.1
188.36	606.22
191.83	608.46
192.99	608.46
192.99	608.46
192.99	608.46
192.99	608.46
192.99	608.46
192.99	608.46
192.99	608.46
192.99	608.46
192.99	608.46
192.99	608.46
192.99	608.46
192.99	608.46
192.99	608.46
194.15	608.46
198.78	608.46
213.82	607.34
213.82	607.34
213.82	607.34
216.14	605.1
216.14	605.1
228.87	591.67
235.81	589.43
242.75	586.07
242.75	586.07
242.75	586.07
254.33	577.12
254.33	577.12
272.84	567.05
272.84	567.05
272.84	567.05
265.9	567.05
238.13	571.52
213.82	581.6
204.56	583.84
204.56	583.84
191.83	584.95
191.83	584.95
191.83	584.95
191.83	584.95
191.83	584.95
191.83	584.95
191.83	584.95
191.83	586.07
191.83	586.07
191.83	586.07
191.83	586.07
191.83	586.07
191.83	586.07
191.83	586.07
191.83	586.07
191.83	586.07
191.83	586.07
191.83	586.07
191.83	586.07
191.83	586.07
191.83	586.07
191.83	586.07
190.68	586.07
183.73	592.79
183.73	595.03
183.73	595.03
191.83	602.86
192.99	602.86
192.99	602.86
192.99	602.86
192.99	602.86
192.99	602.86
192.99	602.86
192.99	602.86
192.99	602.86
192.99	602.86
192.99	602.86
192.99	602.86
192.99	602.86
192.99	602.86
192.99	602.86
192.99	602.86
192.99	602.86
192.99	602.86
192.99	602.86
192.99	602.86
192.99	602.86
192.99	602.86
192.99	602.86
192.99	602.86
186.05	602.86
186.05	602.86
183.73	602.86
183.73	602.86
176.79	603.98
169.85	606.22
153.64	611.82
138.6	614.05
135.13	614.05
135.13	614.05
130.5	614.05
128.18	614.05
128.18	614.05
128.18	614.05
121.24	612.93
110.82	616.29
110.82	616.29
107.35	619.65
103.88	625.25
99.25	633.08
99.25	633.08
99.25	633.08
95.78	637.56
85.36	645.39
85.36	645.39
80.73	646.51
74.95	650.99
72.63	650.99
72.63	650.99
72.63	653.22
72.63	653.22
72.63	656.58
72.63	657.7
72.63	662.18
72.63	666.66
73.79	667.77
74.95	667.77
74.95	667.77
76.1	668.89
81.89	667.77
101.56	653.22
135.13	612.93
155.96	572.64
164.06	548.02
164.06	548.02
174.47	509.97
174.47	501.02
174.47	499.9
174.47	499.9
174.47	497.66
174.47	489.82
175.63	486.47
175.63	486.47
175.63	486.47
175.63	486.47
182.58	485.35
213.82	484.23
236.97	484.23
243.91	484.23
243.91	484.23
254.33	483.11
264.74	480.87
256.64	478.63
256.64	478.63
256.64	478.63
256.64	478.63
256.64	478.63
256.64	478.63
256.64	478.63
256.64	478.63
264.74	470.8
264.74	467.44
264.74	465.2
264.74	461.85
264.74	461.85
264.74	458.49
262.43	452.89
262.43	449.53
262.43	449.53
262.43	449.53
262.43	449.53
262.43	448.42
262.43	446.18
262.43	446.18
262.43	446.18
265.9	440.58
284.42	428.27
297.15	423.79
315.66	419.32
315.66	419.32
327.24	417.08
334.18	417.08
360.8	415.96
387.42	410.36
403.62	408.12
403.62	408.12
403.62	408.12
401.3	408.12
401.3	408.12
401.3	408.12
401.3	408.12
401.3	408.12
401.3	408.12
401.3	408.12
401.3	408.12
408.25	405.89
430.24	398.05
451.07	389.1
453.38	380.15
454.54	374.55
455.7	374.55
455.7	374.55
455.7	374.55
455.7	374.55
455.7	374.55
455.7	374.55
459.17	372.31
468.43	368.95
468.43	368.95
468.43	368.95
468.43	368.95
476.53	363.36
485.79	360
485.79	360
485.79	360
485.79	360
485.79	360
486.94	356.64
489.26	354.4
490.42	353.28
490.42	353.28
490.42	352.17
490.42	352.17
491.57	352.17
491.57	352.17
491.57	352.17
491.57	352.17
491.57	352.17
491.57	352.17
491.57	352.17
491.57	352.17
491.57	352.17
491.57	352.17
495.04	352.17
495.04	352.17
498.52	352.17
512.4	346.57
512.4	346.57
512.4	346.57
512.4	346.57
512.4	346.57
513.56	346.57
514.72	346.57
514.72	346.57
518.19	346.57
522.82	346.57
522.82	346.57
521.66	345.45
521.66	345.45
521.66	345.45
522.82	354.4
522.82	354.4
523.98	366.72
523.98	382.38
521.66	383.5
520.51	383.5
520.51	383.5
534.39	360
539.02	344.33
541.34	317.47
542.49	279.42
542.49	269.35
542.49	268.23
542.49	268.23
542.49	261.51
542.49	257.04
542.49	253.68
537.86	239.13
537.86	239.13
532.08	229.06
525.13	211.15
521.66	205.55
520.51	204.43
520.51	204.43
520.51	198.84
520.51	192.12
520.51	189.88
519.35	186.53
513.56	176.45
511.25	174.22
511.25	174.22
511.25	174.22
511.25	174.22
511.25	174.22
511.25	174.22
511.25	174.22
511.25	174.22
511.25	174.22
511.25	174.22
511.25	174.22
511.25	174.22
511.25	174.22
511.25	174.22
511.25	174.22
511.25	174.22
511.25	174.22
511.25	174.22
511.25	174.22
511.25	174.22
511.25	174.22
511.25	174.22
511.25	174.22
511.25	174.22
511.25	174.22
511.25	174.22
511.25	174.22
511.25	174.22
510.09	183.17
510.09	183.17
510.09	192.12
510.09	207.79
510.09	220.1
510.09	229.06
510.09	249.2
510.09	264.87
510.09	273.82
511.25	288.37
511.25	288.37
512.4	301.8
512.4	310.76
513.56	320.83
512.4	332.02
511.25	340.97
510.09	342.09
510.09	342.09
510.09	342.09
510.09	342.09
510.09	342.09
510.09	342.09
510.09	342.09
510.09	342.09
510.09	342.09
510.09	342.09
510.09	342.09
510.09	342.09
510.09	342.09
510.09	342.09
510.09	342.09
510.09	353.28
510.09	353.28
510.09	361.12
510.09	370.07
510.09	379.03
510.09	384.62
510.09	386.86
507.78	394.69
507.78	403.65
507.78	403.65
507.78	408.12
507.78	418.2
507.78	432.75
507.78	457.37
507.78	462.96
507.78	462.96
507.78	462.96
507.78	462.96
507.78	462.96
507.78	462.96
507.78	462.96
507.78	462.96
507.78	462.96
507.78	462.96
507.78	462.96
506.62	471.92
506.62	474.16
506.62	474.16
506.62	481.99
506.62	487.59
506.62	487.59
506.62	490.94
506.62	503.25
501.99	513.33
499.67	521.16
488.1	536.83
485.79	541.31
485.79	541.31
485.79	541.31
484.63	541.31
484.63	541.31
484.63	541.31
484.63	541.31
484.63	541.31
484.63	541.31
484.63	541.31
484.63	541.31
484.63	541.31
467.27	542.43
454.54	543.55
431.39	543.55
431.39	543.55
420.98	544.66
420.98	544.66
417.51	545.78
411.72	546.9
410.56	546.9
410.56	546.9
410.56	546.9
410.56	546.9
407.09	546.9
401.3	546.9
386.26	546.9
381.63	546.9
381.63	546.9
381.63	546.9
381.63	546.9
381.63	546.9
381.63	546.9
381.63	546.9
381.63	546.9
381.63	546.9
381.63	546.9
381.63	546.9
381.63	546.9
381.63	543.55
381.63	543.55
381.63	542.43
381.63	541.31
381.63	534.59
381.63	534.59
381.63	521.16
381.63	511.09
381.63	489.82
380.47	479.75
380.47	476.39
380.47	476.39
380.47	473.04
379.32	469.68
378.16	467.44
375.84	461.85
372.37	452.89
372.37	451.77
372.37	451.77
372.37	449.53
371.21	443.94
370.06	440.58
367.74	436.1
366.59	432.75
365.43	431.63
365.43	431.63
365.43	431.63
365.43	431.63
365.43	431.63
365.43	431.63
365.43	431.63
365.43	431.63
364.27	431.63
364.27	431.63
363.11	430.51
363.11	430.51
363.11	430.51
363.11	430.51
363.11	430.51
363.11	430.51
363.11	430.51
363.11	430.51
363.11	430.51
363.11	430.51
363.11	430.51
363.11	430.51
363.11	430.51
363.11	430.51
363.11	430.51
363.11	430.51
361.96	430.51
361.96	430.51
361.96	430.51
361.96	430.51
361.96	430.51
361.96	422.67
361.96	422.67
360.8	419.32
360.8	415.96
360.8	413.72
360.8	412.6
360.8	411.48
360.8	408.12
360.8	408.12
360.8	407.01
360.8	405.89
360.8	402.53
360.8	399.17
360.8	399.17
360.8	396.93
359.64	394.69
359.64	393.58
359.64	393.58
359.64	393.58
359.64	393.58
359.64	393.58
359.64	393.58
359.64	393.58
359.64	393.58
359.64	393.58
359.64	393.58
359.64	393.58
358.48	393.58
358.48	393.58
357.33	393.58
357.33	393.58
357.33	393.58
357.33	393.58
357.33	393.58
357.33	393.58
357.33	393.58
373.53	391.34
385.1	391.34
394.36	391.34
394.36	391.34
422.14	390.22
474.21	389.1
490.42	387.98
510.09	386.86
510.09	386.86
521.66	385.74
528.61	385.74
534.39	384.62
541.34	383.5
543.65	383.5
547.12	383.5
547.12	383.5
551.75	383.5
551.75	383.5
557.54	383.5
578.37	380.15
581.84	380.15
581.84	380.15
581.84	380.15
581.84	380.15
581.84	380.15
581.84	380.15
581.84	380.15
581.84	380.15
581.84	380.15
581.84	380.15
581.84	380.15
581.84	380.15
583	377.91
585.31	373.43
585.31	372.31
585.31	372.31
585.31	372.31
585.31	372.31
585.31	372.31
586.47	372.31
588.79	372.31
589.94	372.31
589.94	372.31
589.94	375.67
589.94	375.67
589.94	375.67
589.94	375.67
589.94	375.67
589.94	375.67
589.94	375.67
589.94	375.67
589.94	375.67
593.41	376.79
593.41	376.79
599.2	379.03
608.46	379.03
632.76	379.03
655.91	380.15
655.91	380.15
655.91	380.15
655.91	382.38
661.7	386.86
665.17	390.22
666.32	390.22
666.32	390.22
668.64	395.81
669.8	396.93
669.8	396.93
669.8	396.93
669.8	398.05
669.8	401.41
669.8	402.53
669.8	402.53
669.8	402.53
669.8	403.65
669.8	403.65
669.8	403.65
669.8	403.65
670.95	403.65
670.95	403.65
670.95	403.65
662.85	391.34
653.59	373.43
629.29	337.62
615.4	316.35
607.3	298.45
607.3	290.61
607.3	290.61
601.52	274.94
596.89	262.63
594.57	254.8
594.57	242.49
594.57	230.18
589.94	216.75
589.94	216.75
583	208.91
574.9	202.2
572.58	199.96
567.95	194.36
567.95	194.36
557.54	187.65
552.91	185.41
551.75	184.29
543.65	182.05
539.02	179.81
535.55	178.69
535.55	178.69
529.76	175.34
525.13	171.98
523.98	169.74
522.82	166.38
521.66	160.79
519.35	155.19
518.19	152.95
518.19	150.71
518.19	150.71
518.19	150.71
518.19	150.71
518.19	150.71
518.19	149.59
518.19	145.12
518.19	142.88
518.19	138.4
518.19	138.4
518.19	133.93
518.19	132.81
518.19	129.45
518.19	128.33
518.19	128.33
518.19	128.33
518.19	128.33
518.19	128.33
518.19	128.33
518.19	128.33
518.19	139.52
518.19	148.48
518.19	148.48
518.19	154.07
518.19	155.19
518.19	155.19
518.19	156.31
518.19	158.55
518.19	158.55
518.19	158.55
518.19	158.55
518.19	160.79
518.19	164.14
518.19	164.14
518.19	169.74
518.19	174.22
518.19	175.34
518.19	175.34
518.19	183.17
518.19	192.12
518.19	198.84
518.19	202.2
518.19	206.67
518.19	206.67
518.19	207.79
518.19	208.91
518.19	208.91
518.19	213.39
518.19	217.86
518.19	221.22
518.19	221.22
518.19	223.46
518.19	223.46
518.19	225.7
518.19	227.94
518.19	230.18
518.19	230.18
518.19	230.18
518.19	233.53
518.19	233.53
517.03	234.65
517.03	239.13
517.03	240.25
517.03	244.72
517.03	248.08
517.03	250.32
517.03	251.44
517.03	251.44
515.88	257.04
515.88	257.04
