515.1	344.8
514.3	344.9
512.4	346.95
518.15	345.85
518.7	344.4
516.25	345.25
519.6	347.4
522.4	350.45
521.6	351
521.15	345.4
522.4	347.8
522.95	347
522.75	349.85
473.9	350.5
226.5	330.05
229.95	335.3
232.1	331.4
232.2	331.45
230	332.8
229.15	330.75
230.2	330.25
573.35	313.1
578.2	317
577.1	316.25
576.2	319.55
577.4	317.3
574.75	322.4
578	316.85
0	0
0	0
0	0
0	0
0	0
640.2	389.4
633.55	399.85
631.75	402.85
639.45	397.15
644.9	396.15
643.65	393.75
640.1	393.7
639.3	399.55
633.65	399.25
478.8	395.45
472.75	400.5
473.75	405.35
471.05	405.6
470.9	406.85
471.85	411.25
469.6	412.05
470.25	410.95
464.8	410.7
465.35	409.15
0	0
0	0
465.1	403.05
465.6	402.85
466.9	400.95
468	403.8
473.65	405.15
472.5	411.25
581.8	399.65
571.3	400.5
571	399.4
574	396.05
573	393.7
569.3	395.4
571.05	393.45
573	394.8
572.65	388.4
575.1	390.85
575.8	393.45
572.3	387.8
569.55	385.35
571.75	394.95
571.35	398.2
571.5	395.35
568.8	399.55
462.65	402.75
462.95	397.55
462.55	400.7
459.95	399.1
459.5	398.85
459.75	399.35
330	377.85
206.9	366.2
213.6	367.2
212.35	367.15
215.6	363.7
215.8	362.1
212.7	371.35
214.3	369.5
211.2	367.2
304.2	407.35
303.5	408.4
304.45	411
308.6	413
305.9	412
305.4	413.35
305.55	418.1
301.85	413
235.9	380.4
235.25	381.75
234.3	387.6
239.7	382.2
243.55	388.85
246.05	388.85
247.2	389.45
249.9	391.2
253.35	387.65
596.25	423
0	0
0	0
690.85	547.1
687.05	448.15
689.4	411.1
690.45	390.5
689.55	386
692.8	382
704.7	428
0	0
0	0
0	0
0	0
0	0
0	0
0	0
717.6	409.8
719.5	373.1
720.05	355.7
718.1	348.6
716.05	357.4
713.85	359.2
712.95	364
712.15	368.1
709.75	367.25
703.6	370.4
701.35	371.65
691.7	373.35
682.65	373.3
438.85	398.4
431.2	390
431.6	390.15
425.5	390.15
421.05	387.15
417.95	384.85
412.85	385.95
231.85	388.7
251.85	399.15
258.2	387.3
260.45	387.45
259.35	388.25
256.55	384.7
253.65	385.75
252.25	386.2
251.55	389.05
247.2	388.1
245.05	391.9
169.5	347.05
166.25	343
170.15	345.6
171.7	350.6
175.9	349.1
179.55	346.65
189.45	348.3
192.65	341.5
326.45	354.8
482.15	393.05
485	398.35
491.3	397.15
494.75	396.2
500.15	397.8
505.8	398.3
510.15	394.3
515.55	393.45
513.4	392.95
650.6	405.15
651.4	409.1
652.7	411.25
653.6	410.6
651.8	405.85
653.75	405.4
650.95	406.5
656.15	404.1
695.75	354.8
693.6	353.55
692.95	354.75
695.95	357.1
694.6	363.2
691.75	365.55
682.8	366.55
680	366.8
675	367.85
670.5	366.7
661.65	365.95
653	364.3
480.45	403.75
476	403.4
476.85	406.75
473.55	407.95
468.8	404.9
464	408.4
467.9	402.65
385.2	391.55
229.3	378.2
229	383.35
229.7	383.75
228.95	382.4
223.9	384.6
222.35	385.95
224.3	382.8
225.9	382.05
245.85	385.25
324.1	408.75
323.35	408.65
325.4	406
326.5	403.65
325.45	402.9
326.95	403.25
327.2	403.4
327.2	402.05
327.5	403.25
328.15	401.55
484.55	401.4
497.3	409.45
502.05	404.85
498.45	404.4
497.3	405.7
497.55	408.9
501.75	407.3
495.65	407.05
700.85	432.45
698.9	435.9
705.95	432.15
703.8	431.75
703.7	427.8
700.8	428.8
703.75	425.4
706.1	424.55
703.95	424.5
702.75	422.35
704	419.55
704.7	419.5
704.25	418.75
703.95	418.6
703	419.8
703.95	420.4
703.65	422.7
707.55	421.55
0	0
0	0
0	0
0	0
0	0
753.75	380.1
757.7	377
750.35	383.8
741.8	383.95
743.35	384.55
741.5	385.65
746.75	385.8
750.6	385.75
753.85	390.95
758.35	391.3
805	359.7
799.2	347.8
800.85	348.6
799.05	350.4
800.7	349.65
798.95	354.15
803.1	353.9
803.5	353.3
803.3	354.05
799.1	353.2
773.5	300.5
772.4	303.45
773.35	304
768.6	305.2
768.6	306.25
769.05	305.45
769.75	306.45
765.25	306.75
762.45	308.4
761.45	310.25
757.25	303.75
639.4	383.35
640.95	405.85
639.75	409.25
635.2	408.25
629.55	407.2
626.95	400.45
621.35	400.25
611.6	400.15
475.55	382.2
423.15	369.1
420.6	367.75
415.5	362.55
408.3	364.95
406.25	364.75
403.25	367.1
401.15	370.5
396.8	371.95
394.05	376.65
382.8	375.05
287.85	409.75
289.6	409.25
291.5	409.65
292.65	405.35
294.1	406.75
294.4	407.4
292.8	410.4
298.15	406.35
297.8	401.85
303.2	395.55
313.75	400.3
572.8	398.75
574.15	395.1
576.7	394.65
578.95	395.25
578.7	396.15
582.35	393.1
587.1	401.2
591.7	400.05
596	401.8
597.05	402.65
680.65	410.55
675.1	404.5
679.3	402.65
681.35	402.05
677.45	401.45
678.55	401.25
673.45	398.7
671.5	398.95
666.8	398.1
660.85	397.7
649.95	398.7
634.45	397.85
479.9	394.45
475.15	387.65
470	390.7
467.25	391.35
464.75	385.3
460.15	390.5
453.9	388.05
278.9	388.75
288.85	395.25
294.2	394.8
292.75	390.45
292.5	390.35
295.35	391.95
296	390.75
295.75	392
295.95	391.6
297.85	394.3
302.45	393.3
530.5	393.8
583.1	389.65
589.45	391
590	389.3
591.45	388.25
592.35	387.7
596.95	387.25
598.7	388.35
620	395.6
698.2	410.3
704.7	413.3
704.15	414
704.7	415.5
704.85	414.55
707.25	413.55
706.35	414.65
707.25	412.85
701.95	411.75
702.95	411.1
703.8	410.85
701.55	409.05
481.05	384.4
483.15	388.6
483.25	386.8
480.45	386.15
478.05	382.95
476.75	381.65
475.85	382.95
475.65	380.4
473.3	380.25
472.6	380.65
470.45	380.8
466.9	381.7
458.5	376.8
454.4	377.15
448.15	371.4
452.9	372.65
291.1	372.45
288.7	373.35
285.5	374.05
285.35	373.6
287.55	373.5
288.5	374.8
292.85	386.7
0	0
0	0
0	0
0	0
0	0
539.25	377.7
541.3	368.2
545.7	367.05
548.85	365.85
549.95	364.8
549.5	364.65
550.65	370.7
554.65	379.8
609.5	389.8
640.5	405.05
641.6	401.6
647.7	399.15
645.75	401.9
645.4	403.65
648.05	404.45
651.9	399.05
648.1	399
648.75	401.05
647.2	398.6
647.45	395.35
496.75	395.25
495.8	392.15
495.15	393.35
494.05	393.85
493.25	397.5
491.95	399.3
490.1	396.75
488.25	396.55
492.05	396.55
489.05	395.55
484.3	394.65
468.55	394.3
341.65	413.65
340.6	414
339.7	412.3
340.35	411.75
338.35	409.6
337.05	405.25
336.6	403.8
336.2	405.45
338.1	401.55
339.2	401.4
473.15	390.7
512.8	389
516.45	388.65
521.55	388.75
519.8	390.35
522.75	389
527	387.4
656.45	388.3
699.6	388.1
700.35	387.75
698.8	387.05
698.8	389.1
697.85	390.15
697	388.15
696.1	388.85
693.75	386.05
692.2	385.65
690.8	384.6
688.8	385
686.75	386.4
686.7	384.85
684.7	388.7
685	387.05
681.65	388.9
687.35	382.9
686.9	378.35
683.2	380.25
681.9	380.3
683.15	375.1
682.1	374.05
680.7	375.75
679.75	375.6
755.3	371.15
0	0
0	0
0	0
0	0
0	0
0	0
729.5	354.65
727.95	357.1
724.45	358.75
725.2	360.4
727.8	360.95
727.35	363.1
729.1	366.6
771	380.4
764.95	376.2
772.5	376.9
771.6	379.75
776.9	377.75
780.3	375.8
785.05	372.6
784.6	375.45
786.45	375.35
787.25	374.55
786.25	374.75
788.6	378.05
788.25	380.45
789.05	376.8
812.2	367.3
831.55	339.4
829.35	343.6
830.15	337.85
832.2	334.2
833.05	330.35
834.3	330.05
836.4	330.85
835.7	329.8
834.75	330.45
836.5	331.3
835.9	331.3
837.15	330.55
836.8	329.5
838.45	335.8
834.75	389.9
836.6	389.7
838.45	386.6
844.15	379.6
839.25	382.6
840	384.9
838.55	382.35
838.15	383.95
839.8	383.65
841.75	381.9
838.9	382.65
842.1	378.1
835.95	382.45
837.95	380.4
831.15	380
839.3	331.55
835.35	331.4
832.25	327.4
829.7	326.95
827.8	325.95
824.95	327.55
823.1	326.3
821.65	327.9
820.75	327.9
817.3	327.35
816.2	327.25
812.6	325.3
814	323.4
809	321.4
810.25	326.2
807.75	327.75
810.3	324.85
819.95	271.6
814.55	275.45
814.2	272.3
812.2	275.25
808.9	275.7
808.15	272.05
806.9	272.65
809.65	277.4
808.4	277.95
808.25	274.4
804.8	268.35
803.05	270.8
800.95	272.65
801.35	273.8
755.6	305.35
677.55	385.7
675.55	384.25
676.4	385.25
674.95	386.5
675.25	388.05
675.05	387.3
674.6	387.3
672.2	388.05
668.6	389.85
662.3	392.75
563.1	390.85
521.25	390.95
520.35	391.95
523.25	392.9
0	0
0	0
0	0
0	0
0	0
359.95	418.85
358.8	404.55
357.45	402.55
349.65	407.35
348.9	403.7
351.65	407.05
350.4	412.15
352.05	414.65
348.2	414.45
346.95	413.6
348.05	414.6
350.7	414.5
353.35	416.55
353.4	414.65
357.1	415
359.45	414.2
511.1	415.95
517.1	411.05
519.85	408.5
527.1	408.9
531.55	410.5
532.9	414.85
564.55	410.6
687.6	406.1
692.35	409.15
690.95	408.5
691.75	408.95
693.1	410
691.55	409.75
691.2	411.45
690.85	411.65
688.55	412.65
687.45	408.95
687.85	412.05
688.2	416.35
685.45	415.35
679.75	414.25
674.25	410.75
670.3	406.9
658.25	406.55
477.45	401.35
490.3	396.6
488.45	403.55
479.65	407.1
473.8	410.9
468.4	409.8
466.35	409.75
280.6	404.85
283.85	404.15
281.4	403.05
286.35	407.45
284.65	402.3
284.7	402.8
286.2	400.2
288	402.9
286.65	399.1
289.95	399.45
287	397.25
288.05	400.2
290.2	402.95
291.2	404.35
292.5	404.45
298.55	399.6
475.85	392.8
552.3	396.35
552.75	401.95
550.5	397.1
554.2	397.6
558.1	396.95
564.45	398.95
577.4	396.5
703.75	411.2
702.3	408.55
699	405.2
698.35	408.85
699.7	404
697.95	403.2
701.1	403.75
696.85	406.6
699.8	403.8
700.8	403.35
703.5	400.1
703.4	399.9
686.4	358.45
685.3	355.5
683.65	356.65
683.75	352
683.5	351.95
680.1	351.1
674.05	349.8
671.05	350.4
660.6	352.25
649.8	352.15
641.55	353
465.85	384.75
463.95	376.15
456.05	378.75
448	384.2
447.85	379.75
447	379.5
438.85	385.25
0	0
0	0
0	0
0	0
0	0
357.55	405.15
347.95	399.7
351.6	404.65
353	405.3
354.85	407.05
352.5	404.9
354.3	403.3
357.3	405.1
361.5	409.05
478.5	402.95
511.05	409.6
514	410.2
517.05	406.55
520.95	405.1
526.75	407.8
527	406.6
532.8	403.8
685.75	402.9
713.8	399.7
714.45	401
712.4	399.45
710.7	403.2
709	402.2
708.35	400.75
708.05	400.8
709.8	398.35
711.35	398.65
711.65	399.75
715.6	397.25
715.05	394.95
718.45	395.9
714.9	392.5
719.05	392.3
713.95	393.3
705.75	392.15
701.8	390.55
518.35	379.1
511.15	377.45
502.95	379.6
501.4	379.95
498.1	379.8
501	377.1
499.45	377.75
481.75	375.8
269.15	386.9
273.9	385.15
276.5	389.1
282.2	386.65
283.5	390.25
286.75	389
289.8	388.15
489.55	411.5
502.1	420.2
503.8	422.55
504.25	423.3
506.25	424.7
506.2	424.95
508.6	422.5
510.15	423.05
512	423.2
0	0
0	0
0	0
0	0
0	0
0	0
525.3	462.65
520.35	445.75
521	448.65
524.65	446.1
525.55	445.15
526.4	443.3
523.55	447.05
524	449.55
523.4	453.25
524.55	455.65
525.6	456.05
526.8	456.85
527.75	458.3
527.95	455.15
529.9	454.75
530.7	455.45
530.45	457.6
530.6	456.2
531.9	455
532.45	455.8
532	458.95
551.95	574
557.4	581.3
555.65	579.15
556.85	579.7
547.7	578.55
551.1	580.85
546	582.8
542.65	580
545.45	578.7
544.7	577.15
545.6	576.4
493	459.15
491.6	390.9
495.8	391.5
495.2	389.8
493	393.2
491.5	395.2
490.6	395.55
488.75	396.35
487.3	397.5
489.55	397.55
490	400.3
488.85	398.3
486.65	396.75
486.95	395.7
486.85	395.6
486.3	397.25
487.95	395.65
488.85	394.6
490.6	395.6
342.75	395.6
329.7	396.85
330	398.25
330.85	395.8
329.3	392.8
331.85	395.95
331.8	393.4
334.35	388.65
338	388.15
518.55	397.55
525	397.95
524.05	399.1
527	400.35
535.35	401.45
539.8	397.25
543.9	399.4
544.1	398.35
550.55	401.15
554.2	394.25
556.4	391.6
631.95	396.5
649.65	399.5
649.05	397.6
660.5	403.3
0	0
0	0
0	0
0	0
0	0
696.5	404.9
688.85	370
682.2	373.15
679.25	374.45
682.1	376.3
677.25	381.75
666.5	384.6
566.35	387.7
446.6	400.1
452.25	405
451	404.3
449.15	404
442	406.8
441.4	409
444.25	405.8
446.15	400.1
447.1	399.8
445.4	402
444.9	403.4
445	402.8
443.85	402.9
444.3	402.05
440.55	403.4
440.55	404.15
438.15	405.3
436.2	402.8
364.45	382.75
367	388.45
366.2	387.05
368.1	383.35
367.65	379.15
366.1	381.35
364.45	377.45
356.55	379.35
354.55	377.45
357.8	375.7
356	374.1
336.3	361.9
316.5	336.5
316.25	339.7
318.8	340.6
317.8	337.2
317.3	333.9
318.35	338.4
315.75	339.65
316.15	341.3
316.2	341.65
317.65	342.35
320	342.85
323	342.2
326.15	341.7
332.55	337.25
343.65	327.55
352.45	329.5
369.4	316.85
537.7	325.4
546	326.05
548.9	324
554.7	321.5
555.6	321.35
556.9	324.65
561.1	326.95
567.8	323.45
568.9	327.15
573.15	323.85
549.9	393.45
553.05	390.4
559.5	390.7
572.35	383.75
573.1	387.3
578.65	386.2
586.8	380.9
591.25	379.25
597.45	376.9
643.7	347.35
635.6	341.9
634.15	341.35
633	344.65
635.55	343.85
636.5	342.2
636.4	345.9
636.8	345.25
636.4	345.1
638.75	344.75
635.75	344.4
637.25	346.65
635.25	346.3
633.7	346.9
630.95	345.5
626.9	345.95
621.85	345.85
614.7	350.05
614.05	340.25
609.2	342.2
605	342.85
555.35	343.45
482.3	318.25
480.7	318.5
475.7	325.95
470.25	327.3
467.65	329
465	330.05
458.05	335.95
458.9	333.2
455.75	338.4
447.05	346.55
348.15	361.45
347.05	401.7
343.85	405.6
345.55	400.95
343.25	400.5
344.85	401.75
336.45	400.7
336.7	399.4
336.2	396.8
332.55	395.1
331.15	392.35
328.95	391.4
328.45	383.75
316.45	374
302.85	355.65
304	354.55
304.8	355.4
301.9	357.65
301.3	357.35
300.75	357.7
299.25	359.45
293.2	357.15
290.4	358.75
292.85	358.2
297.4	360.65
299.45	356.05
304.35	354.15
308	351.6
316.1	353.25
319.8	352.6
336.4	345.05
518.25	349.85
534.7	352.35
541.2	350.25
552.75	346.7
566.25	342.15
579.2	343.2
591.6	346.6
603.45	345.5
607.9	345.55
612.9	345.25
618.65	347.25
697.2	408.55
693.15	413.45
694.9	411.4
702.1	410.1
702.2	408.75
701.8	409.2
701.85	407.05
703.85	406.75
703.35	404.95
706.75	395.95
692.15	347.1
690.6	347.45
687.5	349.25
687.3	347.75
688.7	347.8
687.9	349.65
688.3	347.3
687.65	349.75
685	351.2
679.3	351.4
677.7	348.55
675.4	348.05
669.55	346.6
665.05	347
659	344
653.95	343.3
647.2	341.3
645.3	339.75
640.6	339.25
628.15	339.7
620.9	338.35
480.25	299.1
479.6	283.7
476.7	288.2
485.8	293.55
477.6	293
481.55	294.05
475.55	296.1
480.85	288.3
478.5	289.2
470.8	295.35
466.45	295.7
467.3	292.35
457.75	299.25
440.05	325.35
388.7	416.15
388.45	416.7
390.15	413.7
388.35	410.45
387.45	405.4
385.75	403.15
384.25	398.35
381.2	395.75
378.45	394.1
376.5	393
376.25	386.95
328.25	313.35
332.3	310.55
329.95	308.15
328.9	312
329.1	311.9
326.8	310.9
320.8	309.3
317.75	312.5
319.6	314.2
317.9	317.55
316.8	316.25
316.5	317.2
322.25	321.75
322.3	321.8
328.6	320.05
332.65	318.1
340.55	320.45
359.5	314.3
397.75	320.25
564.5	354.2
568.3	354.85
571.8	354.35
579.4	359.25
587.65	356.8
593.25	355.1
597.35	359.75
604.2	361.05
607.2	358.6
610.05	358.25
669.1	391.9
671.65	390.75
674.55	388.2
680.55	384.4
689.4	385.25
688.5	383.55
691.55	386.2
692.15	388.3
692.3	392.3
692.15	389.2
692.9	391.35
690.05	390.35
690.5	383.15
684.7	388.8
684.85	387.55
678.45	393.85
678.2	394.15
671.4	393.25
672.2	390.6
665.15	390.2
658.8	388.65
657.45	387.6
649.65	384.05
545.4	371.4
492.65	345.85
489.65	349.1
487.3	350.55
486.9	347.1
485.5	350.45
486.2	350.25
485.95	347.85
485.95	353.35
478.85	362
482.9	354.1
481.4	357
482.55	355.4
481.95	354.55
224.7	365.25
220.2	369.3
221.05	370.3
219.45	366.2
221.65	370.5
222.2	371.5
220.75	368.7
290	392.05
351.2	400.8
352.5	401.45
351.4	398.05
350.35	398.35
348.35	398
346.6	393.85
348.35	391.9
269.2	347.8
267.25	343.45
268.3	342.65
269.3	341.4
272.95	339.05
273.8	337.3
274.2	341.9
273.7	336.75
274.65	344.05
273.5	344.05
268.45	339.1
273.5	342.05
274.25	342.25
273.45	341.7
270.65	341.05
270.05	342.9
254.45	384.7
255.6	382.15
257.95	383.9
257.4	388.25
259.9	387.1
262.1	385.55
260.1	381.9
258.1	381.25
255.55	380.15
253.65	379.15
255.05	380.95
253	384.25
250.25	389.55
171.7	341.55
170.45	325.5
170.1	327.15
177.3	335.85
0	0
0	0
0	0
0	0
0	0
0	0
404.55	486.25
404.5	443.1
405.85	417.85
403.75	405.25
405.6	401.95
403.2	401.95
402.05	408.95
