512.1	407.65
513.7	397.15
512.5	388
510.95	387.35
510.85	394.5
510.3	400.05
515.2	400.75
514.5	403.55
515.75	401.4
510.35	398.85
511.55	398.55
0	0
0	0
178.3	330.7
179.2	339.45
0	0
0	0
0	0
0	0
0	0
0	0
0	0
0	0
0	0
0	0
0	0
0	0
0	0
0	0
0	0
763.05	301.65
757.85	293.9
0	0
0	0
0	0
302.5	407.3
0	0
0	0
0	0
243.45	190.8
0	0
0	0
0	0
0	0
0	0
174.6	325.45
0	0
0	0
0	0
193.55	346.15
0	0
0	0
0	0
0	0
754	318.85
754.75	319.6
751.6	322.1
747.8	322.85
743.05	318.2
737.9	319.85
736.45	321.1
0	0
728.65	322.3
729.65	328.15
733.9	331.55
563.2	444.5
0	0
0	0
0	0
0	0
0	0
0	0
0	0
0	0
0	0
0	0
0	0
0	0
0	0
0	0
0	0
0	0
0	0
0	0
0	0
0	0
0	0
0	0
0	0
328.25	409.4
328.6	411.3
0	0
0	0
0	0
0	0
0	0
183.75	362.2
0	0
0	0
0	0
0	0
0	0
0	0
0	0
0	0
0	0
0	0
0	0
0	0
0	0
0	0
0	0
517.2	479.45
0	0
0	0
0	0
0	0
521.6	471
527.1	480.2
532.85	489.4
541.05	518.35
0	0
0	0
0	0
0	0
0	0
0	0
0	0
630.4	435.4
0	0
0	0
0	0
623.2	417.4
622.85	420.8
408.1	431.5
392.25	446.7
393.95	444.5
401.9	452.9
403.6	457.1
406.65	459.1
403.25	459.1
0	0
0	0
0	0
0	0
0	0
0	0
395.75	460.2
390.6	460.35
393.05	461
390.75	456.65
390.35	457.7
389.3	460.3
391.2	458.85
387.8	459.15
0	0
0	0
0	0
393.3	483.85
0	0
0	0
0	0
0	0
0	0
0	0
0	0
517.2	441.3
509.45	429.1
509.95	425.75
515.15	426.35
751.65	416.1
513.65	424.65
507.45	426.15
501.6	420
503.6	423.35
503.1	425.35
504.75	425.6
508.35	427.35
506.15	428.7
514.9	440.05
536.15	700.5
0	0
0	0
0	0
0	0
0	0
0	0
0	0
536.95	442.05
536	439.4
532.4	435.95
531.25	440.25
0	0
0	0
0	0
0	0
0	0
0	0
0	0
0	0
0	0
0	0
0	0
0	0
0	0
0	0
0	0
342	530
0	0
0	0
0	0
0	0
0	0
572.2	523.3
572.2	516.2
0	0
578.8	511.35
0	0
0	0
653.35	480.65
0	0
0	0
0	0
0	0
0	0
0	0
0	0
800.1	337.55
781.25	316.25
780.05	309
778.2	318.3
771.85	319.6
767.45	313.5
673.85	447.4
0	0
0	0
0	0
0	0
677.05	471.3
673.4	476.8
408.15	683
0	0
316.15	444.75
322.4	617.2
0	0
0	0
0	0
0	0
0	0
0	0
136.7	367.25
140.8	364.75
135.2	376.5
85.45	342.4
85.25	337.45
79.15	343.45
76.45	341.35
81.1	339.15
89.85	333.75
92.55	344.8
0	0
0	0
792.45	350.25
798.3	368.9
799.3	368.8
795.95	370.75
795.1	364.75
0	0
798.55	372.7
794.1	351.65
0	0
800.5	368.75
797.35	365.45
0	0
785.85	366.85
784.85	365.05
790.1	364.65
794.15	364.45
797.3	369.85
641.25	465.35
634.3	478.9
0	0
0	0
0	0
636.65	474.6
628.3	474.1
637.4	463.4
748.7	336.8
0	0
638.4	466.2
0	0
0	0
0	0
0	0
0	0
0	0
0	0
0	0
0	0
0	0
0	0
0	0
0	0
352	450.45
341.6	439.95
340.45	441.35
0	0
0	0
345.25	450.2
348.4	443.8
347	440.15
347	451.4
356.4	448.85
0	0
0	0
0	0
0	0
681.5	435.45
681.15	433.5
676.15	430.75
673.65	427.9
672.95	430.35
669.35	434.75
664.8	433.9
668.8	436.4
673.7	435.95
671.9	431.8
667.9	430.05
667.55	432.6
665.5	438.45
663	435.85
0	0
0	0
432.85	333.7
436.85	341.8
438.05	338.8
0	0
0	0
0	0
0	0
431.15	327.35
434.9	330.15
0	0
0	0
0	0
0	0
438	350.15
436.8	352.85
441.55	347.25
439.65	347.85
436.75	345.45
435.15	346
442	351.8
0	0
0	0
0	0
0	0
0	0
0	0
435.55	342.85
436.55	339
443.3	342.65
444.35	336
444.7	335.4
443.6	337.9
442.05	338.6
439.45	342.55
442.85	335.85
440.05	336.35
440.4	340.45
439.6	337.7
431.95	328.35
447.3	390.95
0	0
0	0
0	0
0	0
0	0
0	0
0	0
509.4	488.9
501.45	468.9
497.05	455.55
494.15	458.45
500	703.7
0	0
0	0
0	0
0	0
0	0
0	0
0	0
0	0
508.15	375.25
0	0
0	0
257.2	392.75
245.75	384.1
252.7	396.25
251.25	379
173.15	354.3
0	0
176.5	350.45
181.65	350.6
189.45	353.05
184.35	341.6
0	0
0	0
0	0
0	0
0	0
0	0
0	0
785.2	379
0	0
0	0
0	0
0	0
0	0
0	0
0	0
0	0
0	0
0	0
0	0
0	0
0	0
0	0
0	0
0	0
352.85	399.4
0	0
0	0
354.65	396.6
353.15	398.5
0	0
0	0
0	0
364.9	406.85
0	0
365.5	394.8
0	0
0	0
374.95	410.55
0	0
0	0
0	0
0	0
0	0
379.8	393.6
0	0
0	0
0	0
0	0
374.6	388.3
0	0
0	0
367.35	389.65
368.85	387.1
366.95	381.7
0	0
0	0
0	0
343.1	373.4
356.95	389.1
0	0
0	0
343.65	368.4
347.55	372.25
348.05	372.1
353.05	378.7
0	0
0	0
0	0
0	0
0	0
0	0
0	0
0	0
354	381.1
0	0
344.05	366.8
347.5	387.55
353.7	373.05
0	0
0	0
0	0
0	0
339.6	359.15
342.05	360.95
343.75	358
345.1	359.75
344.95	361.1
348.15	363.4
347.6	363
348.9	376.4
352.45	374.5
353.05	371.7
351.55	373.6
349.55	369.2
0	0
346.3	370.7
353.75	375.5
0	0
353.6	372.9
0	0
0	0
0	0
0	0
346.25	371.55
345	366.9
0	0
0	0
0	0
0	0
0	0
0	0
0	0
843.7	333.1
844.15	328.9
842.75	327.7
835.8	325.25
861.55	405.65
0	0
0	0
0	0
0	0
0	0
0	0
566	530.65
550.2	457.75
544.7	403.95
541.3	396.85
0	0
0	0
0	0
523.45	358.25
522.85	356
525	350.95
522.15	352.4
527.85	355.25
531.85	363.3
536.65	370.05
539.5	372.95
529.35	360.9
0	0
0	0
540.25	375.25
537.7	373.65
533.9	374.7
534.75	367.65
534.15	356.9
534.75	386.45
527.2	343.95
541.6	378.05
539.5	369.4
539.5	368.1
0	0
0	0
0	0
0	0
0	0
0	0
0	0
0	0
0	0
541.45	273.7
537	264.85
536.1	264.55
534.65	262.9
537.85	265.85
537.45	268.35
542.2	265.1
541.5	266.8
544.35	276.5
542.35	279.85
543.55	276
538.6	273.7
539	276.7
543.85	281.4
0	0
0	0
0	0
0	0
0	0
0	0
0	0
0	0
0	0
277.45	367.85
270.6	360.1
273.65	357.8
275.15	362.85
275.2	405.85
0	0
0	0
0	0
0	0
0	0
0	0
0	0
0	0
0	0
0	0
0	0
0	0
0	0
0	0
0	0
0	0
0	0
0	0
0	0
0	0
587.95	409.55
592.75	417.7
621.7	500.65
0	0
0	0
0	0
0	0
0	0
0	0
0	0
479.35	576.95
470.35	559.2
468.55	547.95
467.9	544.85
465.2	538.25
501.15	449
500.55	451.35
495.6	453.4
498.75	449.75
494.45	452.3
493.9	456.65
497.85	459.75
0	0
0	0
0	0
0	0
0	0
258.95	333.4
239.55	332.65
203.6	342.7
205.05	347.2
207.55	343.6
212.95	341.85
205.85	291.85
206.8	338.1
208.15	330.75
0	0
0	0
0	0
0	0
0	0
0	0
775.65	381.55
769.6	378.45
760.6	377
759.15	369.05
758.5	366.85
757.2	368.3
0	0
766.7	391.85
765.7	391.15
748.45	386.5
651.1	413.55
644.8	419
645.2	417.15
646.6	413.75
643.1	421.35
646.85	413.8
0	0
0	0
374.75	447.6
375.55	444.55
376.95	445.55
382.7	439.55
383.7	440.4
385.2	444.5
382.15	442.7
382.6	449.45
381.4	452.65
387.4	443.45
386.9	446.3
386.1	448.05
389.75	444.5
384.5	449.8
386.3	444.7
385.3	441.6
387	444.8
393.5	444.1
390.05	444.05
391.45	442.95
388.2	443.15
383.6	443.2
385.35	442.5
386.2	436.25
390.1	440.95
395.3	432.8
0	0
0	0
383.75	431.35
386.15	430.8
386.05	437.75
385.55	426.4
0	0
760	419.55
757.5	424.8
773.25	527
0	0
0	0
0	0
0	0
0	0
0	0
0	0
711.25	422.15
707	410.3
703.05	407.95
702.2	405.75
699.85	400.15
701.65	401.95
701.3	403.45
0	0
455.9	431.35
458.45	441.35
459.05	441.85
460.35	445.65
458.75	447.3
461.1	444.6
467.9	447.4
0	0
0	0
0	0
465	449.2
464.1	455.95
460.35	460.4
459.7	458.6
463.9	453.35
465.85	455.4
474.7	461.3
0	0
469.55	462.65
467.1	459.9
464.75	457.6
466.85	455.3
0	0
0	0
456.25	450.45
459.35	447.65
461.45	449.25
464.45	449.3
465.1	451
463.2	455.55
460.5	454.2
459.15	451.25
459.15	448.2
458.75	449.55
460.65	455.3
455.55	457.45
457.4	454.3
454.5	451.8
455.4	452.8
452.55	452
455.6	458
0	0
0	0
0	0
0	0
0	0
0	0
474	470.3
473.9	467.25
465.45	455.65
461.2	447.15
462.7	446.5
465.5	443.4
466.6	449.4
462.15	448.95
467.45	452.05
472.95	453.35
474.75	458.35
477.5	458.6
477.25	458.7
474.9	462.05
477.05	458.7
474.1	461.9
0	0
0	0
0	0
0	0
0	0
0	0
481.75	460.55
480.5	456.15
473.75	451.1
472.8	444.5
471.8	447.65
476.5	450.6
473.1	454.9
479.4	451.85
483	450.05
476.85	457.7
0	0
0	0
0	0
477.15	454.2
475.75	454.05
475.1	453.3
474.8	454.55
477.2	461.7
479.7	460.45
487	457.5
484.2	456.05
481.6	463.95
480.85	463.8
481	464.35
471.9	461.35
472.95	461.15
470.55	459.5
479.1	459.6
478.35	461.05
483.7	460.9
0	0
0	0
0	0
0	0
0	0
0	0
0	0
0	0
0	0
0	0
0	0
0	0
0	0
0	0
0	0
0	0
464.55	520.5
457.95	505.15
458.2	501.4
459.4	494.65
0	0
0	0
0	0
0	0
0	0
445.6	485
443.9	480.6
443.95	487.5
446.15	494.75
446.3	493.45
443.35	489.55
445.65	489.45
449.2	495.7
442.9	499.65
448.15	496.55
446.2	500.55
443	496.8
447.3	496.4
443.7	499.7
446.9	500.85
448.2	501.4
449.9	499.6
451.75	501.7
454	503.3
453.85	504.8
458.3	487.35
0	0
0	0
435.6	487.65
434.25	497.95
438.45	492.15
404.7	486.85
0	0
0	0
0	0
0	0
357.85	385
223.95	333.3
0	0
0	0
0	0
242.05	335.1
244.2	328.9
242.75	325.85
240.65	331.7
236.95	338.05
243.5	340.5
243.15	334.2
250.5	330.85
0	0
0	0
0	0
592.6	469.7
587.05	463.75
587.1	466
584.05	472.85
587.3	466.1
605.65	719.45
0	0
0	0
0	0
0	0
0	0
0	0
0	0
0	0
0	0
0	0
401.35	491.6
393.35	437.65
396.2	397.55
0	0
395.75	420.95
391.4	416.85
386.95	409.9
386.2	409.8
384.75	403.55
0	0
0	0
689.55	357.45
693.65	348.25
692.7	348.5
690.65	350.1
690.1	348.05
691.15	350.95
693.3	353.95
0	0
0	0
0	0
0	0
0	0
0	0
0	0
0	0
0	0
0	0
0	0
0	0
0	0
0	0
0	0
0	0
0	0
0	0
0	0
0	0
74.4	666.55
0	0
0	0
0	0
0	0
0	0
0	0
104.65	393.35
0	0
0	0
0	0
151.6	351.7
154.7	347.3
156.8	356.25
0	0
0	0
0	0
0	0
152.75	346
155.9	347.65
158.05	347.3
156.1	332.05
0	0
0	0
0	0
0	0
0	0
0	0
0	0
0	0
0	0
0	0
600.85	447.4
601.2	445.9
0	0
594.45	439.65
600	444.1
597.35	438.2
595.25	440.2
0	0
0	0
602.25	455.3
0	0
0	0
0	0
0	0
0	0
0	0
0	0
333.95	555.3
332.5	504.3
320.9	474.35
319.05	458.9
0	0
0	0
0	0
0	0
0	0
0	0
0	0
0	0
0	0
0	0
325.85	453.95
324.75	446.2
325.05	445.75
328.1	447.6
0	0
0	0
0	0
0	0
0	0
0	0
0	0
0	0
0	0
0	0
0	0
0	0
0	0
0	0
338.2	448.55
335.35	445.95
333.8	446.45
328.85	439.5
330.2	439.15
328.75	439.3
330.85	441.45
337.1	443.1
336.65	402.3
0	0
0	0
323.6	435.05
322.8	435.45
321.85	433.9
320.1	429.55
311.25	430.65
312.75	423.5
314.7	429.1
321.4	431.5
323	435.45
321.65	436.85
321.35	411.3
319.85	439.6
0	0
318.15	426.45
0	0
0	0
0	0
317.35	422.45
318.75	420.4
0	0
319.25	434
0	0
0	0
0	0
0	0
0	0
0	0
0	0
0	0
0	0
0	0
0	0
573.25	449.5
574.9	449.25
568.5	446.2
567.95	448.3
565.65	444.25
565.45	448.2
575.6	452.8
0	0
0	0
0	0
0	0
565.35	457.75
568.5	453.25
569.15	451.8
572.05	455.65
574.75	451.1
572.25	453.15
575.15	456.7
600.55	532.4
0	0
0	0
0	0
0	0
0	0
0	0
0	0
0	0
482.35	571.9
471.75	517.95
467.45	481.65
458.85	458.75
454.4	440.3
451.7	441.35
448.75	440.5
453.1	433.1
447.7	428.3
447.05	422.55
0	0
466.2	446.2
469.7	447.95
0	0
0	0
0	0
0	0
0	0
0	0
0	0
0	0
478.65	467.3
480.15	467.1
475.6	464.5
476.8	463.7
477.05	461.75
477.75	465.3
476	455.6
0	0
0	0
0	0
0	0
0	0
0	0
0	0
453.2	433.05
451.1	432.2
452.85	431.55
450.85	435.75
448.9	434.9
445.85	435
442.75	429.05
0	0
0	0
0	0
440.45	431.5
0	0
0	0
0	0
438.45	441.4
444.95	449.1
452.15	456
459.85	451.8
0	0
443.5	441.85
445.1	460.45
0	0
0	0
0	0
0	0
0	0
447.95	456.9
450.3	460.3
450.75	460.15
448.6	461.9
450.1	451.65
446.25	454
0	0
