494.75	379.4
496.65	378.5
501.5	377.45
504.05	376.25
504.45	371.2
503.25	367.6
505.25	366.2
612.2	328.65
595.35	329.8
596.3	330.45
598.35	335.55
598	338.45
600.2	335.25
672.8	313.35
666.2	309.25
669.75	308.95
671.3	308.9
671.25	303.25
362.9	256.2
382.05	255.5
382.7	254.9
379.1	252.45
379.5	248
378.3	249.4
375.6	250.5
375	251.3
375	248.3
375.95	247.65
375.75	249.9
373.75	255
374.55	254.95
374.65	253.8
372.45	253
374.7	257.6
375.85	253.05
375	257.25
373.7	257.65
372.9	257.15
375.2	259.7
375	260.15
373.75	255.9
376.05	256.85
378.2	253.4
381.5	249.15
667.75	404.6
673.65	403.2
668.7	403.45
676.8	399.75
674.1	398.9
677.75	400.05
673.65	406.2
679.25	404.7
680.25	406.35
679.1	410.6
674.65	414.35
674.15	411.9
0	0
683.1	407.35
685.1	403.9
686.35	404.1
685.2	401.65
685.6	404.85
687.85	400.15
688.3	401.4
688.8	400.65
691.9	398.65
689	399.6
688.1	400.9
686.4	401.95
683.3	404.95
685.35	406.8
686.05	402.25
688.5	402.6
692.8	396.45
694.1	397.65
699.7	398.35
702.75	400
702.9	403.35
705.8	404.85
708.35	406.1
711.15	409.85
712.2	409.2
712.5	409.1
500.95	314.7
393.05	281.1
384.1	273.8
382.9	271.7
381.15	275.45
376.05	277
376.85	280.25
376.15	280.5
375	280.75
374.45	281.95
372.05	284
374.7	284.1
376.4	283.55
377	281.9
376.15	283.8
377.35	285.1
376.25	285.75
378.85	285.8
377.55	287.65
376.9	294.7
377.1	292.7
377.5	289
376.15	291.3
374.85	289.35
374.65	289.65
375.15	288.3
373.9	286.05
373.8	288.4
375.75	291.8
372.8	291
370.8	288.1
389.15	294.2
398.8	311.1
393.55	313.5
396.35	312.15
396.5	314.2
396.55	313.3
397.6	318.45
396.95	321.5
396.35	321.55
398.1	322.2
397.2	322.65
397.4	320.85
398.85	325.5
399.6	323.65
398.35	324.7
398.95	325.35
398.5	325.85
398.7	321.2
398.25	322.55
397.35	324.2
377	245.5
377.4	262.35
378.35	264.6
381.55	259.55
377.4	263.95
373.85	266.1
373.65	265.6
373.6	268.8
372.45	269.95
375.65	268.55
375.05	272.1
374.15	272
371.45	271.5
370.7	272.6
370.8	275.4
368.4	274.95
369.15	274.5
366.25	272.5
367.75	268.95
365.9	270.4
366.4	269.8
366.15	271.95
365.85	268.15
364.85	270.5
367.8	269.4
371.15	267.7
372.5	270.45
373.2	269.55
375.05	272.55
376.85	267.85
373.5	270.55
374.45	271.6
377.25	274.5
380.1	272.1
380.1	272.15
378.2	274.95
380.45	277.4
379.95	278.25
378.25	282.6
379.7	283.55
379.55	285.1
381.25	287.6
382.3	293.2
382.45	293.7
381.45	296.95
481.25	327.1
459.2	334.85
459.55	330.95
456.75	336.8
458.35	335.3
459.4	339.7
458.65	339.4
461.7	337.55
464.25	340.9
466.9	336.55
470.8	337.65
473.3	337.6
474.65	335.3
479.7	336.4
481.2	335.4
485.65	333.4
480.95	331.1
301.3	291.05
291.7	295.35
295.65	293.6
298.6	298.6
299.7	298.55
300.4	301.55
299.65	298.35
303.05	296.6
302.4	300.6
303.4	304.25
307.55	307.65
311.2	303
310.25	309.1
307.2	312.7
308	313.45
310.1	312.9
313.3	307.7
313.7	309.75
312.75	310.25
312.7	311.4
311.9	310
311.65	305.45
310.3	305.55
313.55	307.1
310.55	310.4
309.85	312.45
313.05	314.75
315.25	314.1
316.25	317.15
318	320.65
318.55	326.6
316.4	326.55
315.65	329.05
312.65	487.3
309.6	465.05
311.85	464.85
316.2	467.45
311.55	471.5
310.05	470.7
302.1	317.9
298.55	333.35
295.75	337.6
298.9	334.85
297.5	334.7
295.6	335.85
292.3	338.1
293.75	339.35
294.25	339.1
292.5	339.35
294.55	339.55
290.8	343.5
285	346.35
283.15	347.9
285.35	350.25
287.7	348.9
285.95	347.8
283.25	351.35
280.75	352.65
282.15	353.75
285.3	351.9
286.65	353.3
285.9	355.6
285	357.75
285.25	359.65
280.95	362.45
285.6	358.9
284	360.4
281.85	360.15
279.05	358.8
283.4	361.25
283.9	361.35
279.4	327.2
289.05	276.3
292.9	275.2
292.95	270.5
290.4	272.05
289.65	269.2
292.5	272.75
294.55	266.4
269.2	234.3
268.55	231.45
269.45	226.8
271.8	225.35
273.25	224.5
274	230.2
273.9	229.25
272.15	228.9
570.2	317.2
577.85	318.7
572.8	319.35
573.9	319.1
571.95	319.95
574.8	322.7
577.6	324.15
574.55	324.7
572.9	329.3
574.45	332.4
570.2	358.2
570.4	356.95
570.35	357.75
572.85	357.1
573.35	361.15
574.35	361.75
576.45	360.4
579.2	362.9
576.85	362.15
577.8	364.2
581.85	367.75
579.55	368.25
581.25	368.55
581.6	368.2
583.35	370.25
583.65	368.7
584.95	369.35
585.7	370.65
585.65	367.15
585.6	369.3
583.15	370.85
583.45	371.5
581.5	372.55
580.7	373.4
578.05	375.4
582.2	375.45
582.35	375.95
580.4	375.85
582.3	372.45
581.45	374.05
583.3	377.1
585.4	375.2
585.35	374.3
585.9	374.8
582.85	377.85
585.1	378.05
585.25	376.8
587	379.9
590.65	380.55
418.3	351.75
390.2	358.45
388.7	360.75
388.2	362.55
389.25	362.75
384.6	364.95
339.05	376.5
337.6	382.35
338.35	386.15
339.9	386.4
341.4	388.85
340.65	393.25
339.7	398.65
340.75	400.35
339.5	404.3
338.3	407.9
340.3	406.8
310.95	408.3
306.75	410
308.25	407.2
309.45	407.2
307.65	406.2
307	402.85
309.3	402.25
309.7	401.35
312.05	405
312.65	402.85
313.7	403.25
314.5	406.3
317.35	409.5
331.05	422
356.15	439.45
0	0
0	0
0	0
0	0
0	0
0	0
0	0
0	0
0	0
0	0
640	387.2
629.7	381.6
633.3	375.65
624.35	379.55
621.6	374.85
622.8	380.45
622.75	377.6
601.4	389.35
545.15	399.6
534.25	399.05
403.65	396.45
398.75	406.75
400.65	406.1
396.6	414.35
348.35	418.9
355.5	425.25
354.55	422.85
354.9	426.1
354.35	428.15
357.5	426.65
355.85	426.5
357.75	423.9
354.85	416.5
354.3	415.55
355.95	413.5
357.55	413.6
357.1	414.5
354.6	411.5
352.4	413.9
349	415
347.9	412.2
348.95	412.75
350.75	412.4
353.7	412.25
352.6	417.1
350	414.65
360.55	413.6
440.15	390.85
445.7	392.15
541.65	378.15
525.2	382.35
528.25	382.2
531	385.8
545.5	383.45
559.75	383.95
560.85	389.35
558.7	390
552	387.25
376.2	367.7
312.4	358.1
301.85	362.75
301.05	360.6
290.05	358.45
251.1	354.3
244.8	353.65
244.9	350.7
244.2	353.55
244.5	351.6
247.55	349.8
249.05	348.65
253.75	342.6
257.55	298.35
264.2	204.2
260.8	199.3
262.75	203.85
263.15	202.85
265.05	202
264.05	202.1
263.75	201.5
262.35	200.1
264.25	199.95
266.3	198.35
266.1	199.1
268.2	199.75
270.9	199.6
270.25	198
277.5	197.95
280.95	197.75
282.2	195.8
287.1	196.15
289.85	198
363.95	328.2
337.55	340.05
345.3	336.15
346.4	338.1
349.35	341.05
348.25	342.3
350.2	343.4
637.55	385.65
620.4	385.35
622.3	387.85
621.8	386.6
624.45	384.9
624.85	383.65
627.2	383.3
625.5	384.45
629.4	384.45
627.9	385.95
628.65	386.85
631.2	387.4
698.25	365.65
679.75	368.65
685.6	368.15
687.1	368.3
684.3	368.95
688.45	368.6
691.15	367.5
689.9	368.55
689.5	372.25
688.1	372.8
692.75	369.6
695.3	370.05
696.2	368.65
698.35	372.85
697.6	373.5
694.65	370.8
695.35	374.25
403.9	346.15
398.95	346.1
397.9	349.5
399.25	348.1
398.6	348.95
399.8	351.65
399.85	353.7
400.15	351.45
398.05	351.7
399.8	352.3
402.25	354.75
402.65	356.7
627.85	395.4
689.55	394.8
700.15	404.8
701.7	405.5
703.05	407.05
703	406.8
704.35	408.2
703	412
701.3	411.6
701.25	411.15
700.8	411.3
697.45	414.35
695.2	415.8
692.95	418.15
692.5	417.35
694.65	412.85
696.95	411.5
696.5	410.6
696.8	411.2
696.55	409.6
695.55	408.85
695.65	408.2
693.85	409.9
690.45	413.35
693.75	409.65
694.2	410.7
694	409.2
690.55	405.4
689.3	407.35
687.65	406.35
688.85	405.25
689.4	404
686.25	406.8
687.75	405.25
689	404.9
685.2	401.1
686.4	404.75
688.45	404.55
686.8	405.4
687.3	403.45
687.5	402.8
686.4	408.3
685.05	409.5
687.5	408.05
683.25	412.55
685.2	412.25
684.55	413.85
683.55	409.45
683.8	413.2
684.5	412.55
683.1	416.15
681.75	413.1
685.55	408.6
684.1	411.3
684.85	409.3
682.4	405.95
680.2	382.5
678.5	381.25
678.75	382.85
678.4	384.5
678.75	384.45
676.1	384.3
673.6	384.8
671.1	388.1
675.2	385.4
673.7	384.55
674.25	385
672.95	388
671.25	392.8
672.7	393.7
672.55	396.15
671	397.9
673.6	400.15
676.65	402.6
678.25	405.7
678.55	405.95
679.65	405.55
680.9	410.95
680.5	412.35
679.2	410.35
684	410.05
427.85	343.95
317.85	304.8
310.7	304.85
314.15	305.2
314.35	307.3
306.6	309.55
297.05	309.85
296.95	312.75
300.1	321
306.85	328.5
347.55	353.05
0	0
0	0
0	0
0	0
0	0
0	0
0	0
0	0
0	0
328.25	310.25
326.15	313.05
325.6	310.85
326.25	303.75
317.6	300.3
317.75	287.35
316.35	287.05
316.8	288
318.75	293.75
317.9	304.05
314.85	313
315	311.1
316	315.3
315.75	313.3
317.75	313.7
319.45	315.1
314.85	317.8
313.55	320.8
314.45	321.6
312.85	324.15
314.8	325.7
317.05	329.25
319.25	329.2
323.3	329.95
325	328.7
325.45	331.4
325.2	329.65
327.9	327.7
325	329.6
327.05	331.15
327.6	331.8
328.55	330.65
331.35	333.6
331.75	330.45
331.9	330.25
333.05	332.05
333.35	329.45
335.75	326.3
334.75	330.15
336.65	331.4
336.35	331.3
336.45	333.1
330.1	291.4
328.6	282.7
328.8	284.65
327.75	284.55
325.25	283.65
327.25	285.75
325	285.8
325.25	286.7
327.6	288.15
371.25	268.5
378.85	266.45
381.85	269.2
381.65	269.55
383.6	271.05
383.55	269.55
383.05	271.75
384.35	271.85
384.55	274.35
385.15	273.55
386.6	271.4
391.55	272.95
394.05	266.8
394.1	265.45
396.15	265.05
396.45	270.2
399.2	272.25
399.9	272.2
399.35	275.9
400.2	276.95
397.8	276.95
342.45	317.35
356.65	327.3
358.4	333.1
361.7	332.05
362.4	334.25
362.2	333.95
364.9	335.05
365.45	333.45
366.4	334.75
365.45	332.55
367.9	333.4
367.15	332.2
369.75	329.2
368.1	329.1
353.85	313.8
350.85	267.3
351.2	258
350.45	260.5
351.05	259.95
351.55	259.2
352.05	259.5
352.95	259.2
353.9	257.7
355.25	258.3
355.6	259.3
352.75	260.9
352	262.3
351.5	263.45
356.95	261.6
407.8	249.9
406.7	248.95
410.3	250.35
412.9	246.7
410.4	249.9
407.6	250.9
410.35	252.65
411.3	251.05
412.05	251.4
413.95	253.6
413.85	253.25
415.3	253.8
412.65	252.8
412.35	251.35
415.3	256.1
418.9	252.25
416.75	252.3
417.55	253
417.65	251.05
418.2	253.5
419.15	252.4
418.55	253.55
421.25	253.2
421.3	251.75
422.7	253.25
423.65	255.25
423.9	256.4
425.9	256.1
383.5	267.3
374.7	267.35
376.5	268.6
378.45	269.15
382.85	267.4
380.8	264.7
383.3	262.5
383.4	262.45
382.3	264.45
383.15	267.5
381.05	270.2
381.75	270.75
385.15	272.95
386	269
387.7	266.9
386.6	267.15
387	271.35
382.75	274.05
382.95	276.85
383.7	278
381.7	276.5
381.95	272.95
380.6	268.8
384.2	265.35
385.75	264.85
386.1	264.8
385.35	264.65
385.75	264.15
384	266.4
386.75	265.4
385.25	264.75
387.2	266.35
378.6	285.15
377.95	291.55
377.15	295.65
378.6	291.25
380.5	290.95
383.15	288.2
384.75	290
387.3	287.2
385	292.4
382.6	296.55
382.9	295.05
381.65	295.15
383.5	297.85
382.2	292.55
378.35	279.55
384.65	203.1
385.25	195.9
384.65	201.45
382.9	199.6
382.65	199.9
384.3	202
384	199.55
385	200.85
384	198.15
381.3	201.3
383.85	198.6
384.4	201.65
383.65	202
381.1	203.8
381.45	204.55
382.65	204.25
382.25	205.95
381.85	207
378.6	205.75
379.5	209.5
379.95	210.75
687.6	338.95
693.15	359.5
693.9	358.2
694.25	357.8
693.05	358.3
697.1	360.7
697.9	357.6
657.55	340.8
658.05	347.05
658.25	346.3
657.7	341.4
657.05	347.75
560.35	301.25
363.75	206.05
360.05	208.05
363.2	210.55
362.9	212.9
364.6	215
365.05	212.45
366.55	215.35
369.7	218.85
368.85	219
373.65	218.5
371.7	222.4
371.35	223.55
372.6	227.7
375.55	227.7
376.6	232.7
377.3	233.65
381.2	236.2
380.65	240.3
382.05	242.25
385.45	244.35
387.75	248.6
392.4	250.35
391.75	250.75
392.65	253.1
394	255.5
397.85	257.4
397.05	258.35
398.2	260.8
394.35	259.05
392	259.8
392.7	264.1
400.75	309.25
0	0
0	0
0	0
385.95	309.7
383.5	311.55
384.25	313.8
386.7	317.4
390.55	319.1
391.8	318.65
390.95	320.5
394.75	323.45
396.05	322.15
399.5	325.4
402.45	324.95
400.5	326.3
404.8	324.6
403.85	326.8
405.65	327.25
409.05	328.95
410.3	330.85
411.15	331.45
411.5	328.95
408	262.45
410.75	248.2
411.85	251
412.95	255.55
413.3	258.3
413.4	260.45
412.95	263.95
415.85	263.75
415.45	265
418.95	270.75
728.05	369.65
719.2	366.1
723.6	369.45
728.75	374.45
731.35	372.85
734	377.2
736.9	378.7
737.4	378.45
771.5	389.95
769.65	393.35
770.9	394.75
770.65	396.7
770.95	398.5
771.1	402.2
774.5	402.3
771.9	406.75
771.2	406.7
768.95	409.35
733	401.75
407.6	257.7
408.4	257.85
405.65	256.15
403.4	257.9
404.95	258.1
406.45	259.45
407.5	261.75
404.85	266.45
401.9	267.45
401.85	270.6
402.35	272.9
405.8	272.05
404.45	274.25
404.9	276.55
405.8	277.35
408.1	280.9
409.25	281.9
412	281.5
412.75	282.7
415.6	279.9
416.4	283.9
418.2	284
417.85	289.2
416.85	287.7
417.5	289.45
418.05	292.85
695.25	389.9
687.4	407.85
689.95	405.2
695.25	406.8
695.2	407.35
696.75	406.55
693.95	408.35
392.2	297.9
384.45	300.4
385.2	301.1
382.2	302
382.1	303.8
383.15	302.5
384	305.65
386.8	305.4
385.55	310.55
390.2	312.15
390.65	314
388.5	316.8
393.2	314.9
394.2	313.65
397.35	315.4
398.65	318.95
400.1	321.05
448.5	332.85
452.8	336.95
453.2	336.4
455.2	340
456.8	337.4
454.55	338.25
454.8	339.35
451.2	337.8
452.85	340.5
454.6	337.65
454.15	333.7
454.8	334.7
455.15	332.65
453.4	333.25
457.85	332.85
457.4	332.8
456.15	331.7
456.65	332.4
452.35	331.8
419.95	299.1
429.05	309.1
427	307
429.45	304.5
429.7	305.35
427.1	307.55
427.75	308.8
428.8	307.6
427.3	309
427.75	310.5
424.2	305.15
425.35	304.75
425.25	301.25
425.75	301.95
426.3	300.25
425.75	298.65
430.5	289.45
426.1	286.3
427.2	288.45
427.05	288.85
428.55	288.8
428.8	288.1
427.75	288.3
425.9	287.85
424.3	288.05
427.3	283.9
427.1	284.9
426.4	277.8
425.7	277.25
429.45	277.9
427.05	274.65
430	274.35
431.85	272.5
430.7	271.7
389.5	261.9
381.75	263.8
381.25	268.4
383.95	269.8
386.05	269
384.25	270
385.3	271
382.55	273.3
383.6	275.95
383.15	275.3
734.3	295.55
721.45	298.5
721.45	299.3
723.65	299.55
725.75	299.9
725.5	301.85
724.75	306.35
724.25	305.7
418.25	249.2
355.45	239.8
353.8	240.85
350.95	241.65
349.25	241.1
343.75	243.15
341.3	247.55
341.8	249.8
336.1	251
338.25	254.3
339.7	255.55
337.05	254.35
336.9	254.1
335.8	256.3
335.05	257
336.05	255.5
333.6	259.4
310.95	283.8
303.7	288.3
301.65	298.8
300.45	294.4
305.7	299.35
307.15	298.05
305.4	297.5
305.6	305.25
308.1	310.3
308.15	304.55
311.5	305.95
311.25	314.3
313.55	312.3
313.1	318.8
316.35	319.25
315.35	314.2
318.75	317.5
319.7	308.15
322	310.25
322.65	316.3
324.1	243.95
324.05	235.85
327.15	237.95
327.95	240.8
331.7	239.55
338	243.35
340.95	244.55
346.45	246.65
352.15	247.5
352.85	249.1
354.7	253.4
355.85	253
360.8	252.65
364.3	252.2
362.55	254.95
359.5	255.75
362.8	254.05
361.5	255.85
360.5	255.85
365.25	261.65
412.2	258.8
416.15	255.75
415.25	262.15
416.4	261.7
414.85	261.9
412.85	264.15
413.85	266.1
417.65	265.1
414.65	264
698.85	312.75
690.35	312.35
690.95	313.2
696.15	312.55
697.3	310.7
698.05	309.8
699.95	309.4
697.25	312.15
695.95	315.1
695.25	315.15
693.7	316.5
697.5	310.75
694.6	311.75
691.95	316.4
689.35	317.75
689.85	315.65
687.85	318.1
680.75	325.45
643.2	310.8
637.9	310.35
636.45	311.95
638.65	315.25
640.05	315.35
636.4	314.5
636.1	316.6
516.95	312.8
358.8	310.95
355.95	314.9
353.45	317.05
355.55	319.4
354.5	318.45
354.8	311.65
355.7	317.1
357.15	317.45
356.7	320.65
355.65	322.55
307	306.95
316.65	307.2
316.8	311.6
313.15	316.75
314.75	318.15
314.35	319.25
313.2	322.65
315.3	326.35
316.9	330.65
315.7	332.25
315.05	335.85
317.3	336.75
314.9	340.05
313.45	341.65
312.5	342.85
314.8	344.05
318.7	351.25
337.4	395.35
0	0
0	0
0	0
0	0
0	0
0	0
0	0
0	0
0	0
384.05	336.45
381.15	339.75
379.5	343.45
344.55	339.6
342.35	345.05
340.3	338.75
338.3	338.35
333.95	336.4
333.55	335.15
333.7	338.9
333.65	338.2
337.1	339.3
338.35	339.5
395.8	351.2
544.25	349.75
558.5	358.3
559.5	360.05
562.1	358.75
566.1	362.75
567.15	363.25
567.25	364.5
569.85	368.2
571.5	367.9
580.2	370.5
587.1	372
650	379.2
647.8	374.05
654.7	371.05
657.3	374.75
659.6	377.85
659.9	379.35
665.1	377.8
665.25	378.2
665.2	377.65
666.65	377.25
664.55	378.5
664.7	374.5
664.6	377.75
665.65	377.95
661.7	382.15
661.3	382.75
658.25	383.6
662.9	378.4
661.6	379.15
664.65	378.4
661.2	380.85
658.4	381.15
662.7	382.7
659.95	380.45
658.8	379.5
664.4	382.75
665.75	384.9
646.5	364.5
626.6	343.9
627.05	345.55
629.6	346.95
630.85	345.8
632.1	345.85
634.4	344.9
633.65	344
635.25	344.5
634.75	345.2
633.35	345.55
635.5	340.25
638.4	339.4
640.9	339.3
643.6	340.45
647.95	338.3
645.9	343.3
647.8	341.05
650	340
651.25	342.5
653.25	346.05
653.65	348
657.1	352.1
661.15	355.1
657.4	357.85
658.45	360.25
659.55	358.35
660.3	356.1
659.35	360.4
660.9	358.35
659.05	354.65
662.2	360.1
659.1	359.45
661.1	353.35
659	357.3
662.55	350.85
661	354.35
657.4	357.6
659.5	358.1
660.75	356.95
659.05	355.4
660.75	354.6
661.95	355.55
661.25	354.7
659.8	356.45
569.05	343.2
589.75	344.35
585.85	346.85
585.2	348.75
584.15	348.55
582.55	349.85
578.9	351.6
579.35	357.45
583.1	351.9
585.65	354.35
588.95	354.75
590.8	354.45
596.2	351.9
597.8	354.85
598.65	355.35
598.15	358.65
598.55	361.8
600.7	359.35
605.95	360.5
609.45	360.1
612.65	358.15
619.2	357.9
619.25	360.5
621.1	361.4
624.25	363.5
628.3	359.15
631.15	362.35
387.15	308.9
390	309.35
389.65	310
388.7	310.05
390.5	308.75
387.45	310.95
389.05	307.75
388.05	306.7
387	309.55
386.3	309.6
384.6	312.25
604.25	319.45
601.3	321.8
604.1	319.45
605.6	320.75
601.15	318.6
601.7	319.45
601.45	319.1
600.95	318.85
594.25	309.85
574.45	279.25
576.35	280.25
577.2	284.3
573.2	280.75
578.2	282.25
579.4	278.8
579.35	277.3
581.95	277.9
586.2	279.4
607.15	250.05
615.2	252.65
617.45	255.9
618.65	255.8
613.05	255.2
612.6	259.05
611.05	256.7
610.45	259.65
609.95	264.05
611.15	263.6
611	267.2
616.25	267.65
617.45	268.25
547.6	286.35
356.35	312.9
340.05	318.8
343.9	315.55
343.5	317.55
344.6	315.85
344.6	317.95
346.45	320.65
345.75	323.65
346.05	328.1
346.65	330.95
344.25	332.9
349	330
347	331.6
347.55	328.05
351.7	326.6
351.25	328.4
351.55	328.35
352.5	324.05
351.95	325.25
353.75	330
350.2	326.55
352.85	323.05
354.1	325.4
351.3	327.65
352.65	331.8
351.2	332
350.9	334.4
350.65	337.45
348.95	338
349.4	335.25
348.95	338.25
348.45	338.9
349.7	340.9
296.95	331.45
285.2	336.65
285.75	336.3
289.4	335.05
291.55	334.2
294.1	334.35
294.1	334.65
297.3	333.35
298.25	337.5
300.25	336.65
305.7	335.7
305.3	338.8
305.2	340.6
306.3	342.8
309.55	342.45
277	374.1
287.45	374.7
286.95	371.6
289.2	372.8
291.5	373.15
294.6	371.6
296.1	374.55
296.25	375.55
299.8	374.7
300.4	375.3
300.55	375.95
299.1	376.95
301.25	376.5
304.35	376.95
306.1	374.85
308.9	375.65
310.4	374.3
316.45	370.45
318.45	371.6
335.35	311.3
338.45	317.6
339.75	321.2
338.6	318.8
340.35	318.65
340.65	319.65
341.05	316.5
343.75	317.15
343.7	315.95
344.15	319.6
344.1	320
344.45	322.25
345.7	325.5
348.2	322.85
347.75	326.15
349.65	327.5
351.1	323.2
351.4	321.8
353.4	320.5
355.3	320.2
351.2	329.5
352.1	326.75
352.95	327.15
355.95	329.3
357.45	329.2
357.4	327.4
360	331.45
357.35	332.45
358.55	206.1
361.65	217.15
361.25	220.65
363.4	221.75
363.5	224.55
364.2	228.55
364.55	230.65
365.25	231.4
365.25	237.15
364.3	233.85
362.2	234.6
363.95	237.05
361.85	239.55
495.55	287.6
831.5	380.1
827.75	373.9
830.95	374.5
832.3	379.75
830.5	382.95
835.65	381.65
839.3	382.95
838.55	388.45
840.55	386.6
883.7	387.4
883.65	393
883.05	389.6
886.4	392.45
888.05	390.5
887.45	392.95
885.35	393.3
886.7	392.65
887.25	394.95
886.6	394.45
884.6	395
883.6	397.9
771.8	402.9
384.2	355.4
382.25	351.5
389.6	353.05
395.5	353.1
396.25	352.45
394	357.35
396.4	359.75
399.45	362.1
403.8	365.9
411.55	360.65
412	355.05
412.6	363.55
414.85	359.3
411.85	365.9
414.35	369.85
362.65	411.6
375.05	403.55
378.5	405.1
374.85	411.1
378.2	414.9
382.8	414.45
394.05	455.25
0	0
0	0
0	0
0	0
0	0
394.05	378.75
394.45	379.7
393.7	385.7
392.7	389.05
394.1	392.8
393.8	394.5
393.5	396.5
391.5	393.1
388	392.6
389.05	388.5
385.65	390.55
382.75	390.65
322.35	389.85
324.1	387.9
322.15	385.85
321.6	384.75
321.3	384.15
319.4	383.8
320.05	385.25
319.2	384.6
320.85	383.85
322.75	385.65
321.5	385.65
324.1	383.2
322.55	381.25
317.75	383.2
320.2	381.65
317.75	381.7
319.45	379.65
318.65	380.15
320.5	380.4
320.05	379.05
320.6	378.2
320.1	378.15
318.3	375.75
318.1	374.25
315.9	374.65
314.8	373.15
311.65	374.65
310.6	372.2
307.6	370.7
306.55	372.1
306.25	370.55
306.95	368.45
305.6	370.95
304.1	368.4
304.45	372.25
304.85	367.2
306.2	370.3
304.3	369.65
289	364.55
252.5	358.45
253.95	357.3
254.45	361.7
253.65	362.25
254.75	361.15
256.25	362.95
255.1	359.25
254.55	362.7
258.1	360.45
255.45	366.6
256.75	371.15
257	368.3
259.2	371.5
258.3	371.05
260.2	374.55
261.4	372.8
262.95	369.45
263.7	372.05
269.4	370.05
268.75	375.1
271.7	374.85
525.35	491.25
533.25	490.15
531.85	489.85
541.4	493.55
539.7	494.15
540.05	493
542.6	491.75
542.95	489.05
543.15	488.15
543.1	484.55
539.65	483.95
537.15	481.45
517.1	442.05
516.3	435.4
515.35	434.85
516.1	437.5
514.7	435.7
509.4	437.1
509.95	434.05
507.4	437.3
505.65	432.5
502.55	431.4
503.6	429.25
503.7	430.55
503.4	425.1
504.85	424.35
504.2	424.05
226.25	294.7
227.85	294.4
233.45	296.8
231.35	292.7
230.65	293.85
231.5	291.8
230.9	294.1
231.65	295.95
232.75	295.25
231.4	294.75
230.9	293.85
227.55	289.9
226.15	290.6
227.25	290.1
226.3	291.05
226.25	290.55
227.7	287.55
230.2	287.7
228.45	288.15
227.9	287.5
229.5	292
231.5	287.75
230.65	288.65
232.3	288.85
230.55	291.1
235.1	294
236.55	294.5
239.25	296.9
237.2	296.65
237.2	295.6
239.65	296.35
241.4	298.65
248.85	298.25
253.35	298.55
258.15	299.2
259.05	297.1
263.25	292.35
269.9	284.7
274.1	282.85
275.25	284.8
277.9	284.2
280.8	283.95
283.1	283.5
287	284.6
287.05	283.6
285.3	285.6
285.9	288.8
287.9	287.45
288.9	287.05
289.35	288.35
291.95	289.25
294.2	291.75
294.15	292.55
296.7	295.65
457.9	401.3
480.45	405.8
478.25	407.85
483.6	406.7
482.3	406.3
482.7	404.6
479.9	403.65
480.35	406
477.5	408.05
476.15	411.05
475	410.4
474.75	410.8
470.15	411.4
425.4	420.95
428.35	424.85
425.05	431.2
428.7	433.65
434.75	434.5
439.15	436.25
439.9	437
444.9	440.05
447.15	440.2
447.9	440.55
448.2	441.2
450.85	440.15
453.05	442
449.85	443.35
451.1	440.4
457.8	432.9
327.8	266.7
320.15	267.9
322.75	267.65
320.85	269.95
319.05	269.2
320.25	269
