438.05	368.45
432.55	374.9
432.85	360
435.45	364.8
436.3	373.35
434	381.45
586.5	357.25
579.65	355.4
579.55	358.45
580.9	351.95
584.05	356.65
614.2	361.85
613.3	364.8
615.95	362.15
613.2	367.05
620.75	366.9
617.75	358.15
618.55	356.65
620.55	354.05
617.15	356.55
609.35	349.2
0	0
0	0
0	0
0	0
0	0
0	0
331.3	257.6
335.8	255.3
338.75	266.7
337.05	282.6
337.25	286.4
338.85	278.55
337.9	285
336	288.45
334.55	291.75
335	296.1
334.1	303.7
333.65	305.65
335.2	309.35
394.8	317.65
572.3	316.1
575.3	315.75
572.75	320
569	323.9
570	327.75
566.4	329.1
568.5	315.15
569.35	334.5
568.65	325.15
572.95	312.85
570.1	328.9
576.4	326.8
578.5	338.35
583.35	351.35
583.7	355.3
0	0
353.55	355
355.35	356.45
347.9	346.75
344.95	361.45
346.25	371.05
344.05	388.3
340.2	390.55
343.6	370.15
343.9	466.7
0	0
0	0
0	0
0	0
0	0
0	0
0	0
0	0
0	0
0	0
0	0
0	0
348.05	388.15
355.95	390.25
358	396.8
353.45	400.3
357	405.4
354.35	416.55
358.15	467.65
351.85	469.45
347.7	466.25
347.6	471.15
345.8	465.35
347.45	474.95
344.95	478.45
342.3	456.55
340.95	464.7
340.3	470.85
337.2	477.7
343.3	480.6
345	474
366.65	501.95
360.8	490.25
360.7	497.55
361.5	506.55
360.7	499.85
363.25	502.75
365.8	503.55
360.3	500.65
363.4	500.6
367.65	499.15
675.35	543.55
661.4	528.95
661.45	526
661.5	533.65
663.55	541.65
664.75	545.5
664.9	545.35
663.25	543.5
663.1	546.55
666.6	539.95
661.25	538.25
664.1	535.75
660.75	539.1
666.5	536.2
592.9	542.25
348.6	456.65
363.55	450.35
362.25	442.65
364.85	443.45
365.05	447.6
363.55	446.4
364.2	454.95
363.75	451.1
363	456.45
364.8	448.8
365.5	459.8
368.1	462.75
367.85	468.5
362.3	476.65
365.35	475.75
365.25	473.85
364.45	473.7
364.45	477.4
361.1	478.55
360.3	478.35
356.7	476.95
345.35	475.85
348.25	483.05
347.8	480.35
347.4	478
349.3	479.05
346.3	473.75
466.05	467
539.2	469.2
540.55	455.7
543.45	448.85
542.1	438.25
547.4	434.95
554.65	425.9
605.1	431.9
608.45	446.4
608.45	430.2
608.25	420.1
606.85	421.8
606.6	428.05
608	432.2
607.45	431.2
607.05	440.15
604.85	445.9
551.55	453.45
555.5	453.05
552.1	453.8
549.5	461.8
551.45	453.55
548.95	442.3
541.7	448.8
537.05	453.45
535.35	459.4
451.6	490.95
452.55	482.8
449.85	491.7
447.25	485.05
444.35	484.4
445.3	482.4
445.1	480.55
444.15	483.9
255.6	498.65
266.15	479.25
265.1	486.6
265.75	485.6
267.5	485.55
265.2	490.15
267.55	496.5
270.2	491.25
269.25	497
270.35	495.05
275.2	492.6
281.35	488.95
279.8	494.15
286.15	489.5
287.9	483.75
288.3	474.7
291.85	476.6
290.5	476.8
294.4	473.1
292.75	469.25
295.85	478.05
298.1	475
298.1	474.8
300	464.15
303.25	463.9
303.85	457.9
300.7	459.7
301.1	459.65
302.5	456.15
305.6	462.3
306.7	462.15
304.85	460.05
307	452.35
306.65	452.6
306.55	456.5
304.25	466
302.05	474
304.75	466.45
302.85	468.2
304.95	462.05
302.3	472.1
304.4	469.55
307.15	466.75
330.9	478.5
578.55	424.8
579.4	420.2
580.9	425.15
580.5	423.1
580.45	436.05
579.35	423.7
579.9	426.7
575.4	438.65
569.55	437.55
546.55	469.25
546.05	472.1
548.55	466.7
545.25	462.8
549.6	453.55
551.9	457.5
553.65	463
550.95	461.8
551.75	460.75
550.5	457.3
553.9	449.9
548.7	462.4
548.8	462.45
547.55	469.8
547.75	473.25
548.45	470.3
546.1	478.65
547	474.3
548.75	466.8
544.8	482.9
545.35	472.7
541.25	477.65
543.55	484.15
543.6	485.75
538.9	485.6
540	492.4
548.4	494.5
567.45	488
564.9	502.4
567.25	491.9
564.3	499.45
564.85	499.2
565.25	497.3
568.65	501.4
567.05	499
568.8	494.75
564.35	504.1
570.5	497.75
573.45	498.65
574.1	489.2
360.4	484
298.35	453.55
295.75	471.6
297.95	465.25
297.55	471.75
296.3	472.9
297.05	468.3
299.55	463.8
299.25	455.5
292.75	448.95
283	439.15
279.75	441.7
281.45	450.3
284.25	425.55
285.3	430.35
289.7	446.2
288.85	438.75
289.85	448.1
289.55	424.85
286.95	429.25
303.55	418.9
0	0
0	0
0	0
0	0
0	0
552.5	451.95
545.9	460.35
545.05	477
546.4	476.15
545.55	491.75
545.4	493.8
544.25	499.95
543.25	502.1
543.15	492.15
551.6	489.8
564.7	503.15
563.1	501.9
563.15	492.85
562.35	494.8
565.1	473.2
563.85	478.85
559.35	461.75
556.35	474.2
557.1	473.25
560.2	466.5
559.05	475.85
558.75	466.7
559.45	464.8
562.3	458.75
554.6	466.2
558.3	459.4
557.75	461.1
559.35	468.85
560.8	465.85
566.3	473.85
566	467.75
563.9	464
566.75	455.6
568.1	461.25
567.6	470.95
561.4	487.4
560.2	484
561.75	482.65
560	492.9
433.7	518.95
404.85	521.1
404.25	526.7
249.65	311.95
233.05	188.1
233.5	203.75
231.55	207.6
225.15	195.75
229.4	191.05
229.6	189.9
230.5	188.95
229.9	187.8
228.75	188.9
286.2	277.7
309.8	350.5
312.9	358.95
316.2	360.05
318.05	349.9
319.7	354.95
312.85	482.4
311.85	469.35
314.6	474.35
316.5	473.6
317.6	476.6
316.55	480.6
317.5	474.9
313.75	480.3
316.85	476
317.8	473.65
316.2	469.8
328.5	533.3
327.6	517.05
331.1	522.95
328.9	526.8
327.5	531.8
328.8	524.05
326.25	515.1
322.35	515.25
320.25	515.05
319.9	514.65
317.15	509.05
731.75	531.1
0	0
0	0
0	0
0	0
521.4	562.5
519.85	570
520.6	559.9
520.15	557.35
520.45	556
519.4	560.05
518.9	561.15
573.5	563.5
568	551.65
567.7	555.75
568.4	549.4
566.85	540.65
569.1	539.5
569.45	540.65
569	538.3
570.25	533.5
565.4	533.65
562.4	534.65
558.3	539.6
558.55	528.2
558.3	532.2
559.85	528.35
554.8	535.15
557.65	523.4
558.85	519.5
279.6	527.25
289.45	510.95
285.2	512.95
283	513.75
280.65	509.9
280.75	504.5
278.25	501.05
271.35	497.85
267.2	504.25
264.6	504.2
264.4	496.15
262.7	510.9
237.6	507.25
228.55	478.5
225.5	474.7
227.05	481.15
224	487.95
227.25	484.85
230.4	482.2
231	463.7
232.5	464.9
230.95	469.2
232.15	464.75
234.6	461.2
234.45	461.4
238.5	477.2
241.6	475.7
240.2	482.05
243.25	477.4
242.05	466.45
229.1	464.45
220.15	478.35
223.35	483.55
221.95	486.25
223.7	488
220.75	476.95
218.1	464.7
275.35	518.8
297.3	549.1
297.9	549.95
297.9	546.05
298.55	539.85
299.75	540.3
302	536
299.8	530.85
303.05	520.35
322.95	509.65
0	0
0	0
0	0
0	0
0	0
0	0
0	0
0	0
0	0
0	0
0	0
0	0
0	0
0	0
0	0
0	0
0	0
0	0
0	0
0	0
0	0
0	0
0	0
0	0
0	0
0	0
0	0
0	0
0	0
0	0
0	0
0	0
0	0
0	0
0	0
0	0
0	0
0	0
0	0
0	0
0	0
0	0
0	0
0	0
0	0
0	0
0	0
0	0
0	0
0	0
0	0
0	0
0	0
0	0
0	0
0	0
0	0
0	0
0	0
0	0
0	0
0	0
0	0
0	0
0	0
0	0
0	0
0	0
0	0
0	0
0	0
0	0
0	0
0	0
0	0
0	0
0	0
0	0
0	0
0	0
0	0
0	0
0	0
0	0
0	0
0	0
0	0
0	0
0	0
0	0
0	0
0	0
0	0
0	0
0	0
0	0
0	0
0	0
0	0
0	0
0	0
0	0
0	0
0	0
0	0
0	0
0	0
0	0
0	0
0	0
0	0
0	0
0	0
0	0
0	0
0	0
0	0
0	0
0	0
0	0
0	0
0	0
0	0
0	0
0	0
0	0
0	0
0	0
0	0
0	0
0	0
0	0
0	0
0	0
0	0
0	0
0	0
0	0
0	0
0	0
0	0
0	0
0	0
0	0
0	0
0	0
0	0
0	0
0	0
0	0
0	0
0	0
0	0
0	0
0	0
0	0
0	0
0	0
0	0
0	0
0	0
0	0
0	0
0	0
0	0
0	0
0	0
0	0
0	0
0	0
0	0
0	0
0	0
0	0
0	0
0	0
0	0
0	0
0	0
0	0
0	0
0	0
0	0
0	0
0	0
0	0
0	0
0	0
0	0
0	0
0	0
0	0
0	0
0	0
0	0
0	0
0	0
0	0
0	0
0	0
0	0
0	0
0	0
0	0
0	0
0	0
0	0
0	0
0	0
0	0
0	0
0	0
0	0
0	0
0	0
0	0
0	0
0	0
0	0
0	0
0	0
0	0
0	0
0	0
0	0
0	0
0	0
0	0
0	0
0	0
0	0
0	0
0	0
0	0
0	0
0	0
0	0
0	0
0	0
0	0
0	0
0	0
0	0
0	0
0	0
0	0
0	0
0	0
0	0
0	0
0	0
0	0
0	0
0	0
0	0
0	0
0	0
0	0
0	0
0	0
0	0
0	0
0	0
0	0
0	0
0	0
0	0
0	0
0	0
0	0
0	0
0	0
0	0
0	0
0	0
0	0
0	0
0	0
0	0
0	0
0	0
0	0
0	0
0	0
0	0
0	0
0	0
0	0
0	0
0	0
0	0
0	0
0	0
0	0
0	0
0	0
0	0
0	0
0	0
0	0
0	0
0	0
0	0
0	0
0	0
0	0
0	0
0	0
0	0
0	0
0	0
0	0
0	0
0	0
0	0
0	0
0	0
0	0
0	0
0	0
0	0
0	0
0	0
0	0
0	0
0	0
0	0
0	0
0	0
0	0
0	0
0	0
0	0
0	0
0	0
0	0
0	0
0	0
0	0
0	0
0	0
0	0
0	0
0	0
0	0
0	0
0	0
0	0
0	0
0	0
0	0
0	0
0	0
0	0
0	0
0	0
0	0
0	0
0	0
0	0
0	0
0	0
0	0
0	0
0	0
0	0
0	0
0	0
0	0
0	0
0	0
0	0
0	0
0	0
0	0
0	0
0	0
0	0
0	0
0	0
0	0
0	0
0	0
0	0
0	0
0	0
0	0
0	0
0	0
0	0
0	0
0	0
0	0
0	0
0	0
0	0
0	0
0	0
0	0
0	0
0	0
0	0
0	0
0	0
0	0
0	0
0	0
0	0
0	0
0	0
0	0
0	0
0	0
0	0
0	0
0	0
0	0
0	0
0	0
0	0
0	0
0	0
0	0
0	0
0	0
0	0
0	0
0	0
0	0
0	0
0	0
0	0
0	0
0	0
0	0
0	0
0	0
0	0
0	0
0	0
0	0
0	0
0	0
0	0
0	0
0	0
0	0
0	0
0	0
0	0
0	0
0	0
0	0
0	0
0	0
0	0
0	0
0	0
0	0
0	0
0	0
0	0
0	0
0	0
0	0
0	0
0	0
0	0
0	0
0	0
0	0
0	0
0	0
0	0
0	0
0	0
0	0
0	0
0	0
0	0
0	0
0	0
0	0
0	0
0	0
0	0
0	0
0	0
0	0
0	0
0	0
0	0
0	0
0	0
0	0
0	0
0	0
0	0
0	0
0	0
0	0
0	0
0	0
0	0
0	0
0	0
0	0
0	0
0	0
0	0
0	0
0	0
0	0
0	0
0	0
0	0
0	0
0	0
0	0
0	0
0	0
0	0
0	0
0	0
0	0
0	0
0	0
0	0
0	0
0	0
0	0
0	0
0	0
0	0
0	0
0	0
0	0
0	0
0	0
0	0
0	0
0	0
0	0
0	0
0	0
0	0
0	0
0	0
0	0
0	0
0	0
0	0
0	0
0	0
0	0
0	0
0	0
0	0
0	0
0	0
0	0
0	0
0	0
0	0
0	0
0	0
0	0
0	0
0	0
0	0
0	0
0	0
0	0
0	0
0	0
0	0
0	0
0	0
0	0
0	0
0	0
0	0
0	0
0	0
0	0
0	0
0	0
0	0
0	0
0	0
0	0
0	0
0	0
0	0
0	0
0	0
0	0
0	0
0	0
0	0
0	0
0	0
0	0
0	0
0	0
0	0
0	0
0	0
0	0
0	0
0	0
0	0
0	0
0	0
0	0
0	0
0	0
0	0
0	0
0	0
0	0
0	0
0	0
0	0
0	0
0	0
0	0
0	0
0	0
0	0
0	0
0	0
0	0
0	0
0	0
0	0
0	0
0	0
0	0
0	0
0	0
0	0
0	0
0	0
0	0
0	0
0	0
0	0
0	0
0	0
0	0
0	0
0	0
0	0
0	0
0	0
0	0
0	0
0	0
0	0
0	0
0	0
0	0
0	0
0	0
0	0
0	0
0	0
0	0
0	0
0	0
0	0
0	0
0	0
0	0
0	0
0	0
0	0
0	0
0	0
0	0
0	0
0	0
0	0
0	0
0	0
0	0
0	0
0	0
0	0
0	0
0	0
0	0
0	0
0	0
0	0
0	0
0	0
0	0
0	0
0	0
0	0
0	0
0	0
0	0
0	0
0	0
0	0
0	0
0	0
0	0
0	0
0	0
0	0
0	0
0	0
0	0
0	0
0	0
0	0
0	0
0	0
0	0
0	0
0	0
0	0
0	0
0	0
0	0
0	0
0	0
0	0
0	0
0	0
0	0
0	0
0	0
0	0
0	0
0	0
0	0
0	0
0	0
0	0
0	0
0	0
0	0
0	0
0	0
0	0
0	0
0	0
0	0
0	0
0	0
0	0
0	0
0	0
0	0
0	0
0	0
0	0
0	0
0	0
0	0
0	0
0	0
0	0
0	0
0	0
0	0
0	0
0	0
0	0
0	0
0	0
0	0
0	0
0	0
0	0
0	0
0	0
0	0
0	0
0	0
0	0
0	0
0	0
0	0
0	0
0	0
0	0
0	0
0	0
0	0
0	0
0	0
0	0
0	0
0	0
0	0
0	0
0	0
0	0
0	0
0	0
0	0
0	0
0	0
0	0
0	0
0	0
0	0
0	0
0	0
0	0
0	0
0	0
0	0
0	0
0	0
0	0
0	0
0	0
0	0
0	0
0	0
0	0
0	0
0	0
0	0
0	0
0	0
0	0
0	0
0	0
0	0
0	0
0	0
0	0
0	0
0	0
0	0
0	0
0	0
0	0
0	0
0	0
0	0
0	0
0	0
0	0
0	0
0	0
0	0
0	0
0	0
0	0
0	0
0	0
0	0
0	0
0	0
0	0
0	0
0	0
0	0
0	0
0	0
0	0
0	0
0	0
0	0
0	0
0	0
0	0
0	0
0	0
0	0
0	0
0	0
0	0
0	0
0	0
0	0
0	0
0	0
0	0
0	0
0	0
0	0
0	0
0	0
0	0
0	0
0	0
0	0
0	0
0	0
0	0
0	0
0	0
0	0
0	0
0	0
0	0
0	0
0	0
0	0
0	0
0	0
0	0
0	0
0	0
0	0
0	0
0	0
0	0
0	0
0	0
0	0
0	0
0	0
0	0
0	0
0	0
0	0
0	0
0	0
0	0
0	0
0	0
0	0
0	0
0	0
0	0
0	0
0	0
0	0
0	0
0	0
0	0
0	0
0	0
0	0
0	0
0	0
0	0
0	0
0	0
0	0
0	0
0	0
0	0
0	0
0	0
0	0
0	0
0	0
0	0
0	0
0	0
0	0
0	0
0	0
0	0
0	0
0	0
0	0
0	0
0	0
0	0
0	0
0	0
0	0
0	0
0	0
0	0
0	0
0	0
0	0
0	0
0	0
0	0
0	0
0	0
0	0
0	0
0	0
0	0
0	0
0	0
0	0
0	0
0	0
0	0
0	0
0	0
0	0
0	0
0	0
0	0
0	0
0	0
0	0
0	0
0	0
0	0
0	0
0	0
0	0
0	0
0	0
0	0
0	0
0	0
0	0
0	0
0	0
0	0
0	0
0	0
0	0
0	0
0	0
0	0
0	0
0	0
0	0
0	0
0	0
0	0
0	0
0	0
0	0
0	0
0	0
0	0
0	0
0	0
0	0
0	0
0	0
0	0
0	0
0	0
0	0
0	0
0	0
0	0
0	0
0	0
0	0
0	0
0	0
0	0
0	0
0	0
0	0
0	0
0	0
0	0
0	0
0	0
0	0
0	0
0	0
0	0
0	0
0	0
0	0
0	0
0	0
0	0
0	0
0	0
0	0
0	0
0	0
0	0
0	0
0	0
0	0
0	0
0	0
0	0
0	0
0	0
0	0
0	0
0	0
0	0
0	0
0	0
0	0
0	0
0	0
0	0
0	0
0	0
0	0
0	0
0	0
0	0
0	0
0	0
0	0
0	0
0	0
0	0
0	0
0	0
0	0
0	0
0	0
0	0
0	0
0	0
0	0
0	0
0	0
0	0
0	0
0	0
0	0
0	0
0	0
0	0
0	0
0	0
0	0
0	0
0	0
0	0
0	0
0	0
0	0
0	0
0	0
0	0
0	0
0	0
0	0
0	0
0	0
0	0
0	0
0	0
0	0
0	0
0	0
0	0
0	0
0	0
0	0
0	0
0	0
0	0
0	0
0	0
0	0
0	0
0	0
0	0
0	0
0	0
0	0
0	0
0	0
0	0
0	0
0	0
0	0
0	0
0	0
0	0
0	0
0	0
0	0
0	0
0	0
0	0
0	0
0	0
0	0
0	0
0	0
0	0
0	0
0	0
0	0
0	0
0	0
0	0
0	0
0	0
0	0
0	0
0	0
0	0
0	0
