519.5	321
518.6	317.5
520.4	318.4
523.8	325.45
522.35	323.25
521.9	322.05
522.1	324.15
459.8	311.9
415.9	298.2
415.35	296.55
418.6	292.35
418.6	289.45
418.45	287.95
419.4	285.6
418.55	288.95
415.75	289.5
652.05	298
653.3	287.7
654.2	286.8
652.7	287.65
652.45	289.5
651.8	293.8
649	290.05
649.5	289.4
648.6	289.25
648.8	289.25
649.2	289.55
650.5	287.6
651.75	285.3
651.8	283.3
655.6	282.85
654.85	283.35
652.65	285.95
652.5	289
652.65	288.9
657.6	302.25
0	0
0	0
0	0
0	0
0	0
609.45	258.75
612.6	263.1
617.4	271.1
616.65	275.45
616.75	279.5
617.6	278.65
614.75	285.35
616.1	287.8
619.45	289.9
620.3	292.05
620.65	294.05
619.9	298.85
622.7	300.05
627.55	298.05
631.7	296.5
629.95	288.3
630	288.4
631.75	291
418.25	293.75
412.2	287.05
408.7	290.65
409.95	291.3
410.25	292.9
411.8	295.95
413.55	296.85
414.5	298.25
415.9	297.2
385.4	307.7
388.15	319.1
387.85	321.2
389.05	322.55
390.65	326.5
392.95	326.9
599.2	371.35
726.75	424.35
752.6	440.65
752.95	444.1
758	442.05
760.25	441
762.9	441.25
768.35	442.7
766.05	447.2
765.15	449.2
765.45	449.35
761.95	449.7
759.55	451.45
750.9	457.7
0	0
0	0
0	0
0	0
0	0
0	0
713.8	388.75
712.45	399.55
714.4	399.95
715.95	394.75
714	396.3
710	401.5
702.6	407.15
699.65	412.55
703.5	414.1
731.05	341.35
731.85	355.8
730.15	359.55
729.95	359.75
730.85	358.65
732.5	360
734.45	361.7
733.85	361.9
733.05	363.3
731.25	364.1
732.95	366.25
736.35	365.4
738.75	368.05
732.9	373.4
730.5	378.75
726.65	379.4
731.8	378.45
748.65	395.05
745.8	396.05
744.65	395.45
744.6	397.05
745.15	394.35
746.55	393.35
748.8	394.1
745.3	395.25
745.1	394.9
559.8	355
450.1	323.3
448.9	320.35
450.15	323.1
448.35	325.75
448.9	325.4
446.05	327.1
444.6	327.35
441.2	329.4
372.55	330.75
365.7	327.35
364.45	324.35
356.2	326.65
354.3	328.85
357.2	329.3
358.6	331.35
365.75	334.05
577.95	322.25
600.45	320.45
598.25	323.55
598.45	323.25
599.7	323.5
600.35	320.55
600.9	317.1
602.6	318.7
602.3	315.4
602.65	314.4
633.9	317.45
642.65	316.95
643.6	318.15
645.1	313.7
648.9	313.4
651.35	313.3
652.75	319.05
392.7	334.65
413.3	345.75
426.45	352.15
428.4	350.35
428.4	357.6
426.3	355.7
421.15	348.15
421.25	347.45
419.25	348.3
417.75	347.6
382.8	350.5
375.8	351.7
369.25	349.2
364.15	350.7
365.3	351.05
369.15	351.7
502.35	402.75
509.45	393.7
513.5	392.1
518.45	393.9
519.4	399.25
516.95	396.1
517.9	396.45
515.8	395.65
516.05	393.7
513.6	366.8
513.1	361.75
516.3	368.4
518.45	368.2
522.35	366.95
527.6	363.5
528.7	359.35
531.85	358.5
539.85	354.6
541.4	354.3
541.85	354.7
548.6	353.85
544.65	358.7
543.35	362.4
545	366.55
542.1	366.9
419.7	348.1
355.3	353.8
356.85	357.5
359.9	359.5
361.65	355.1
363.95	355.95
364.8	354
362.35	354.7
360	354.3
362.5	355.25
366.05	358.6
368.6	559.45
0	0
0	0
0	0
0	0
370.45	367.7
362.6	371.7
361.65	378.35
363.15	379.85
362	381.7
361.35	383.35
364.7	478.6
368.05	492.35
372.75	489.35
369.35	493.35
374.9	491.55
375.05	493.2
375.9	495.65
373.8	498.5
368.95	494.6
360.6	499.65
361.2	501.9
311.05	357.9
316.85	370.6
314.15	379.8
319.4	382.75
321.95	384.45
323.2	383.7
324.75	385.6
324.65	385.95
324.35	384.3
323.15	385.45
347.1	371.35
350.5	373.6
347.45	372.5
349.3	371.5
348.7	368.85
342.4	371.65
350.65	375.4
349.3	377.55
323.45	375.95
329.75	371.85
323	370.6
325.35	368.7
325.5	370.55
326.9	370.85
325.95	374.05
325.45	374.85
591.5	377.3
585.35	380.65
587.2	377.8
588.7	376.1
589.2	376.55
587.65	381.1
585.85	385.85
586.85	386.95
587.75	387.3
587.65	386.35
589.25	388.35
588.75	382.75
611.55	364.05
607.7	367.5
611.15	370.6
615.75	367.45
620.8	369.5
623.25	368.1
623.8	368.25
626.75	366.75
628	365.4
600.6	367.65
583.6	355.3
588.7	353.25
589.95	356.2
592.2	355.9
593.3	356.2
596.3	353.3
594.9	353.9
513.3	364.8
272.8	360.8
272.25	362.5
274.75	363.3
272.05	369.25
274.85	367.65
279.05	362.55
278.25	363.1
313.9	381.6
303.65	387.85
304.4	390.5
302.9	390.95
305.75	392.85
304.05	392.5
302.3	392.2
302.3	390.95
587.5	360.6
594.05	369.6
593.35	368.25
595.7	365.85
594.4	367.5
589.5	366.9
589.8	362.7
585.2	362.5
582.95	363.95
585.2	365.05
584.2	361.85
586.3	363.85
591.3	365.55
595.05	374.65
595.75	374.55
612.1	386.4
610.45	385.1
609.55	390.1
0	0
0	0
0	0
0	0
0	0
0	0
0	0
573.85	339.65
569.2	338.7
569.8	348.8
564.65	356.15
562.1	361.95
619.5	393.45
622.65	406.85
624.15	409.6
619.25	416.6
621.5	426.2
623.15	434.1
623.4	444.35
625.5	443.15
619.3	450.8
617.75	463.2
620.35	471.2
623.5	472.45
624.05	469.85
626.8	461.25
460.4	426.55
382.85	408.2
371.55	402.55
372	399.25
372.1	396.85
376.4	394.35
378.9	393.65
380.2	394.95
379.75	399.8
382	405.9
347.85	424.3
357.85	423.5
358.6	421.55
358.95	422.45
358.75	426.55
358.7	425
358.35	422.6
357.5	415.75
357.2	414.5
357.75	413.9
358.5	409.6
359.95	406.85
361.1	406.95
364.15	404.65
359.3	403.5
595.4	424.5
616.8	424.45
617.8	424.6
614.2	429.9
615.1	432.85
619.4	434.7
619.8	438.25
613.9	438.55
614.35	436.25
614.35	441.4
615	441.05
617.05	434.3
617.6	433.5
618.2	426.75
619.15	425.6
617.3	423.3
615.05	422.3
616.85	420.85
616.55	417.7
618.05	418
618.05	418.7
619.3	418.85
617.1	416.45
609.5	443.5
609.1	441.5
606.05	437.5
604.8	437.2
604.75	437.15
605.3	433.3
603.2	430.2
601.9	428
603.5	429.85
601.85	427.65
572	402.1
573.85	392.9
571.5	388.75
569.65	387.4
572.05	392.25
571.85	389.35
574.1	391.75
575.65	395.05
575.15	398.15
575.9	399.25
574.7	401.15
574.45	402.5
571.35	402.6
570.4	401.45
570.85	402.15
570.7	402.85
620.75	403.7
622.3	407.65
622.1	407.95
624.9	412.35
624.6	409.5
625.25	413.45
627.1	414
628.25	415.45
628.45	414.95
628.65	413.5
628.75	411.65
630.1	412.7
632.3	414.05
633.4	413.4
632.5	415.55
647.7	440.1
649.8	436
650.25	435.2
655.9	435.8
659.5	439.7
660.65	438.05
662.25	437.95
664.8	436.35
666.7	435.3
674.85	435.7
676.2	431.95
639.5	404.3
640.95	404
643.5	400.8
648.55	400.3
653.55	397.5
659.05	394.1
667.25	428.05
0	0
0	0
0	0
0	0
0	0
0	0
685.65	373.65
685.85	383.3
687.5	384.55
694.85	380.9
695.85	384.4
693.8	385.05
690.15	390.55
690.5	388.25
693.65	384.7
695.8	387.05
696.45	392.3
696.55	394
703.05	393.1
716.65	353.45
719.5	360.55
720.3	362.15
722.8	359.5
725.5	357.9
729.35	354.7
731.55	355
730.2	355.7
732.15	356.15
729.35	355.85
726.25	356.25
727.5	358.2
428.55	338.9
361.4	356.75
361.8	360.85
363.15	360.15
363.95	359.05
367.1	358
368.6	357.85
373	361.8
376.95	366.2
643.35	414.1
656.85	421.95
658	421.45
656.6	419.2
656.45	421.85
689.15	427.75
729.65	433.5
726.6	435.8
725.05	435.1
727.3	433.65
725.8	435.05
729	435.35
731.1	433.15
731.15	432.2
729.3	431.75
730.35	430.45
730.75	433.35
731.6	429.65
714.5	377.9
725.55	391
729.45	390.35
728.6	387.95
729.45	387.35
728.45	388.55
726.15	389.1
724.5	390.2
726.05	388.35
722.85	390.95
742.95	419
741.05	422.3
743.55	422.9
742.9	423.3
740.7	422.95
737.7	424.8
736.65	425.35
736	425.8
736.1	424.2
734.15	424.05
731.2	428.35
728.1	431.05
729.8	435.2
729.4	435.25
728.55	435.55
725.05	436.15
725.3	435.7
724.15	437.1
722.8	438.35
720.35	440.05
720.2	438.3
720.35	438.45
716.8	440.35
714.45	441.8
714.65	441.5
718.15	442.85
717.4	441
715.95	439.95
713.2	438.6
709.85	436.45
692.75	427.6
692.8	415.05
692.45	411.1
691.85	413.75
692.25	408.25
690.65	406.45
686.3	406.35
686.75	404.65
685.3	405.15
681.25	408.9
680.9	407.3
679.4	409.75
676.15	410.15
677.45	410.55
678.7	410.05
675.95	409.45
676.8	410.3
676.45	411.55
675.7	414.05
675.5	417
690.9	395.35
688.55	401.05
691.6	401.05
693.85	402.35
694.6	400.5
696.75	400.05
691.3	403.55
681.8	428.75
681.45	426.25
679.5	423.65
678.45	423.85
673.45	426.6
674.3	428.4
670.45	375.8
665.25	363.25
660.8	365.7
661.75	362.9
662.6	359.95
662.7	360.3
665.8	360.35
666	361.05
663.55	364.05
663.05	362.15
661.1	362.95
695.8	356.05
689.5	356
693	355
693.2	354.5
692.65	355.45
675.85	354.35
351.2	323.75
350.1	323.85
349.25	322.35
350.75	322.8
352.9	321.9
354.9	321.5
357.55	320.5
357.6	321.05
357.9	321.95
357.1	320.5
359.15	318.55
361.45	318.9
338.65	326.35
331.65	326.2
329.9	327.7
327.5	326.15
326.8	323.5
329.1	324.9
330.45	326.25
334.25	333.3
347.3	363.7
348.55	369.65
351.95	370.55
353.9	370.4
353.65	370.05
354.55	369.2
356.25	373.95
358.35	369.8
360.5	364.15
361.3	356.9
361.6	360.95
361.65	363
340.75	322.4
354.2	313.4
353.5	315.9
354.6	316.1
356.5	317.15
355.95	315.6
356.2	306.75
356.2	308.2
358.65	308.8
356	303.95
353.75	301.35
355.9	303.2
355.5	302.15
354.9	303.4
356.05	304.2
355.75	306.9
387.75	286.4
386.9	287
385.65	291.45
384.85	290.9
385.55	291.2
385.75	290.05
386.4	290.25
383.05	289.85
385.35	293.75
390.75	293.4
393.65	301.65
341.95	305.45
342.65	319.45
342.05	324.6
343.1	327.7
342.6	326.9
341.4	327.6
341.75	327.6
340.85	329.2
341.55	328.8
344.05	323.25
339.55	319.55
338.4	318.2
337.95	318.75
338.45	315.85
339.05	318.45
341.65	316.3
345.2	314.65
368	353.3
366.55	348.55
367.8	350.35
367.4	349.8
368.95	349.75
371.95	356
0	0
0	0
0	0
0	0
367.3	288.1
364.6	292.55
362.2	297.45
366.85	301.8
370.1	301.9
368.75	305.25
364.45	307.25
365.7	308.85
369.6	309.35
373.25	307.15
373.7	307.15
383.45	373.1
382.5	368.3
380.45	370.95
382.3	368.25
384.95	366
381.85	367.1
382.45	369.3
383.85	370
383.7	371.75
385.6	373.9
386.45	375.6
362.4	298.9
365.9	319.8
366.05	319.05
367.6	318.3
370.9	319.5
372.1	317.75
372.25	318.1
373.35	317.75
373.8	317.5
375.4	317.45
377	319.15
379.4	319.25
385.75	325.3
396.15	356.25
397.7	362.55
401.55	362.3
403.3	363.9
404.8	362.85
406.45	365.6
406.45	362.45
409.15	365.4
410.6	367.15
414.2	366.9
418.05	361.85
410.05	360.85
406.2	360.8
682.45	399.45
669.9	400.35
669.9	400.65
670.25	403.35
671.35	405.85
674.5	407.9
677.45	408.1
681.25	406.45
682.75	409.85
691.3	410.1
704.2	433.45
707.55	436.15
709.6	438.4
711.3	437.85
709.75	438.7
712.5	435.4
716.65	430.2
718.55	432.8
717.85	432.35
713.85	436.65
713.05	441.85
713.1	419.1
716.95	431.05
721	434.45
722.7	596.15
0	0
0	0
0	0
435.4	342.7
438.65	347.7
436.55	346.4
434.2	346
435.45	344.7
417.9	338.15
381.15	303.95
384.45	299.8
383.95	301.45
382.65	299.65
390.45	301.55
389.45	303.8
386.3	300.1
383.05	300
381.15	301.7
379.35	301.7
377.9	301.1
378.55	300.9
380.7	301.65
389.55	309.65
0	0
0	0
0	0
0	0
388.55	318
385.95	322.55
385.75	327.5
383.65	329.9
386.45	326.85
388.3	327.75
388.1	327
383.7	325.75
381.2	326.25
380.15	325.5
371.05	285.9
373.35	279.55
373.25	283.9
373.65	282.2
373.5	282.45
372.2	281.05
373.75	280.7
374.2	278.95
375.3	279.15
374.2	279.2
373	280.55
372.75	276.25
376	278.8
377.5	278.6
383.2	279.5
382.6	281.25
386.2	280.9
386	281.75
386.35	286.25
388.2	286.4
382.15	286.8
383.2	286.75
382.9	288.3
366.2	333.1
369.2	339
370.05	337.95
372.7	339.4
691.65	392.55
670.6	393.15
674.5	391.8
679.75	389.7
682.05	390.75
682.75	394
679	395.1
675	391.4
676.25	392.5
677.9	394.15
681.05	397.1
680.3	394
680.95	391.2
682.95	396.05
685.1	398.5
681.65	400.25
682.35	401.15
632.25	392.5
431.7	292.65
421.65	291.1
421.35	296.15
420.5	297.15
421.55	297.25
420.65	297.4
640.6	437.4
665.2	431.5
665.65	429.95
670.6	431.4
673.15	429.8
674.85	428.65
676.85	427.25
677.1	427
676.9	426.4
680	428.75
681.55	428.75
685.2	427.15
408.55	279.15
402.4	292.15
412.05	299.35
411.85	302.45
410.85	299.9
410.75	299.45
409.85	298.6
410.35	300.5
409.3	303.45
411.6	301.3
413.65	302.5
418.35	305.3
422.3	304.35
423.1	306.55
424.35	310.65
419.9	310.6
420.8	311.55
425.5	312.7
426.9	314.15
473.1	293.9
495.95	307.45
713.5	334.25
732.35	357.6
729.5	359.3
732.15	359.2
731.85	362.65
734.4	361.6
735.5	359.9
717.85	375.9
717.65	411.3
716.3	412.8
714.8	411.65
711.9	409.1
709.55	407.75
710.85	408.5
680.8	383.9
678.25	373.35
674.65	373.65
669.05	368.85
669.9	367.65
428.35	297.8
417.65	302.4
421.1	304.15
421.5	304.15
426.9	312.6
0	0
0	0
0	0
0	0
719.25	435.05
720.2	441.75
720.95	446.15
723.7	447.6
724.55	444.6
721.1	446.65
719.6	447.25
715.3	446.4
712.4	445.45
712.9	446.05
714.35	447.3
718.15	450.3
719.85	456.5
372.2	306.35
386.7	311.45
383.15	313.95
378.4	314
383.55	313.05
382.5	315.7
383.55	319.6
382.2	356.25
387.3	350.5
392	355
392.6	351.45
390.5	352.8
388.4	354.95
392.1	357.4
392.1	357.15
391.95	358.05
435.1	362.4
576.8	386.9
590.1	385.85
591.8	383.85
592.75	382.35
593.75	383.5
578.7	305.35
583.55	330.75
582.6	331.6
582.6	332.55
587.25	334.15
590.35	337.3
590.15	335.8
590.9	336.7
590.2	340.2
592.55	339.1
593.85	340.3
595	341.4
595.7	342.9
598.7	343.4
601.95	347.5
603.6	350.55
605.2	352.75
498.7	372.45
417.45	391.3
419.55	391.95
420.85	393.65
420.7	394.3
423.45	395.75
425.05	397.05
423	396.55
424.15	396.5
425.75	397.1
422	395.3
421.85	394.25
423.15	394.95
422.15	392.55
421.85	390.55
428.3	394.85
429.7	393.9
428.95	396.5
430.25	394
430.5	394.7
431.25	393.2
430.9	388.35
433.05	385.3
431.4	381.55
430.3	380.75
415.7	384.5
365.6	375.1
363.5	371.35
364.85	368.85
366.15	367.4
366.15	363.45
368.4	361.8
369.05	361.9
373.85	362.95
415.9	346.65
414.65	349.4
414.1	352.15
411.7	695.85
0	0
0	0
0	0
0	0
406.15	356.7
406.95	359.35
401.6	356.7
754.3	368.05
732.65	370
730.9	373.2
728.8	374.5
729.5	375.05
729.8	374.55
726.3	372.15
725.55	370
727.85	372.5
732.25	370.6
436.95	363.95
341.8	375.1
340.25	380.95
338.7	379.15
339.1	381.65
345.05	385.45
344.7	387.3
346.7	391.15
347.05	395
346.9	399.1
345.1	402.95
347.3	407.4
348.2	407.3
321.5	449.55
327.2	445.2
325.15	442.45
329.05	442.2
331.95	443.3
333.35	442.75
334.3	420.8
332.1	417.2
335.45	418.6
338.95	420.85
340.55	421.55
342.95	420.3
342.95	418.2
343.6	418.7
344.7	420.65
347.6	420.1
347.3	421.65
348.1	423
349.7	423.85
351.45	426.6
354.25	427.55
356.05	427.6
356.25	426.85
361.55	426.3
362.65	425.1
366.6	422.3
400.7	382.75
398.6	362.45
402.15	361.85
402.9	362.45
405.4	362.5
404.8	361.2
403.25	360.85
400.4	361.15
400.4	363
406.75	361.2
408	361.7
407.55	363.65
408.45	362.95
461.25	338.5
484.2	342.05
478.6	342.55
481.2	342.5
483.4	345.7
750	388.45
740.9	395
745.45	395.4
745.9	393.15
748.7	391.65
747.05	389.3
748.4	389.1
748.25	388.3
749.25	390.8
751.1	392.2
744.05	384.1
735.75	380.3
740.95	376.6
740.55	373.8
731.75	375.6
670.6	369.25
678.2	372.15
676.8	373.25
676.95	367.75
680.7	366.35
683	365.25
683.7	364.25
653	363.5
665	360.75
667.45	361.6
666.35	362.2
665.4	360.9
663.3	360.15
655.2	365.35
653.5	367.5
683.15	366.4
713.4	363.95
716.65	360.9
716.3	357.3
717.15	356.6
718.85	356.25
714.4	359.65
714.2	365.45
717.25	364.65
720.05	362.95
718.65	364.2
713.7	365.4
405.1	366.9
404	366.25
397.85	364.1
395.5	367.3
392.7	370.9
392.25	373.7
394.45	373.95
397.2	373.05
395.1	370.55
394.35	371.7
319.45	390.25
311.55	390.05
313.55	385.95
313.25	381.85
309.95	382.65
311.45	381.75
311.55	376.8
311.45	380.1
316.55	386.15
319.85	385.2
314.6	387.95
341.25	376.1
349.55	372.9
347.7	373.1
343	371.4
343.55	370.2
349.25	371.95
346.4	374.15
347.95	375.6
348.85	376.4
404.75	361.7
394.5	365.15
394.35	366.2
397.05	363.85
396.85	366.25
397.3	370.55
398.4	373.5
396.05	374.75
392.55	373.7
391.9	373.6
550.75	382.25
571.45	382.15
573.1	382.85
572.5	382.7
571.3	383.1
569.95	384.05
571.1	380.2
576.4	381.6
581.05	384.8
670.75	365.9
648.6	362.45
653.55	364.9
660.85	365.45
664.7	365.6
668.25	365.05
670.5	365.55
675.75	367.25
678.7	368.95
681.5	373.1
630.05	383
626.7	383.75
629.65	382.9
633.6	380.8
634.4	379.3
634	378.5
634.95	382.25
636.65	382.5
636.1	381.85
636.65	382.65
635.95	385.3
682.8	427.4
685.15	427.4
688.2	428.85
691.35	425.75
690.1	429.05
690.9	430.35
693.15	431.3
697.7	431.7
698.9	432.85
697.25	434.9
678.05	349.05
683.15	363.3
685.55	364.2
684.9	364.75
686.5	365.35
684.7	364.4
684.65	363.75
683.75	363.4
682.85	363.7
682.45	364.7
680.4	364.6
684.1	363.95
685.8	360.6
687.8	358.85
688.15	359.2
688.9	358.1
686.2	359.85
688.2	359.75
686.3	361.5
687.9	362.3
691.1	363.85
691.2	364.4
694.1	365.6
694.35	364.6
693.95	365.85
695.05	366.7
695.4	370.1
680.8	375.25
670.1	409.9
668.45	413.8
668.55	414.4
670.2	411.9
670.3	412.25
668.3	413.1
670.7	413.65
670.5	412.15
647.85	393.15
648.95	389.8
648.55	387.65
648.1	386.35
647	385.35
646.65	386.3
647.55	387.15
647.05	388
644.1	389.95
642.65	391.95
638.4	394.4
636.45	395.3
629.3	396.9
604.35	441.5
605.25	447.35
607.2	446.9
609	445.2
608	442.35
607.05	439.5
611.3	439.4
613.6	443.5
616.65	441.8
617.2	442.35
620.5	444.15
643.25	441.95
652.15	419.95
655.7	414.95
656.25	414.2
655.7	412.7
656.15	413.1
658.2	410.7
327.8	379.2
334.5	380.1
333.2	381.05
329.35	377.75
329.25	377.25
329	377.3
328.3	376.1
327.15	376.7
325.8	376.15
324.95	373.45
324.35	372.4
326.55	371.45
327.45	369.9
325.75	367.5
327.3	367.6
324.75	366.9
322.65	368.85
319.75	366.4
318.65	364.55
315.55	364.75
313.45	362.45
313.35	363.75
312.9	362.85
310	363.25
311.4	362.3
312.85	365.65
313.2	365.15
0	0
0	0
0	0
0	0
0	0
313.7	345.3
321.1	340.5
319.25	339.4
319.15	344.5
323.65	349.75
323.25	353.2
324.4	352.85
327.35	351
330.35	355.25
335.45	356.95
334.75	359.75
337.3	363.8
335.45	364.05
335.15	367.3
339.4	384.05
349.5	402.45
347.85	401.75
348.45	402.45
349.05	403.25
347.6	405.65
347.65	407.9
344.9	408.05
346.55	407.6
350.25	407.6
351.95	404.65
352.25	403.5
353.15	402.45
351.85	399.55
351.8	402.5
353.65	402.55
357.15	400.85
358.85	399.25
358.25	400.6
361.15	399
321.6	365.45
326.05	368.65
326.3	367.5
323.1	369.6
323.75	371.85
326.6	372.15
330	373.3
330.25	374.7
330.6	376.05
336	375.1
335.65	376.15
328.75	378.55
328.8	383.85
327.05	383.75
324.95	381.65
323.1	379.4
323.1	377.95
326.3	376.4
327.45	374.4
325.8	371.05
330.2	373.8
333.25	374.25
334.6	375.7
502.95	374
677.1	395.8
697.25	400.15
701.75	397.15
703.05	396.45
705	394.95
709.75	396.05
349.8	364.7
276.2	371.7
283.5	378.25
280.5	380.1
276.25	377.3
277.05	377.35
279.65	379.3
277.05	377.1
286.05	382.05
288.25	382.6
295.8	426.2
299.7	428
303.65	423.2
307.2	422.25
310.5	426.55
310.85	430.2
317.85	363.6
320.8	365.6
321.05	365.2
322.75	365.7
323.1	366.55
322.35	366.9
349.45	342.4
346.8	345.1
345.7	346.85
349.25	351.05
351.5	351.4
350.4	351.35
351.25	348.8
351.55	349.35
352.9	349.8
354.95	351.25
354.3	352.45
356.55	351.25
358.85	347.9
358.8	349.85
357.8	351.25
358.7	350.2
357.1	349.55
354.6	349.55
353.8	349.7
353.8	351.1
354.5	351.85
355.25	350.55
355.8	347.9
351.7	335.9
351.5	338.85
349.35	337.4
350.45	335.6
352.75	335.1
378.1	340.15
858.6	427.05
834.85	432.6
838.3	429.5
837.4	434.15
837.75	435.95
838.75	437.1
841.25	436.25
843.25	438.2
844.65	439.45
839.85	441.75
803.5	407.1
807.5	415.1
808.65	415.65
811.2	415.25
810.95	412.65
810.25	411.9
810.05	410.65
813.95	409.35
815.9	409.15
815.15	409.5
812.9	409.5
813.05	412.7
819.4	418.9
837.55	454.85
838.35	458.1
837.35	458.95
840.1	458.45
360.2	381.1
370.05	388.7
369.9	392.85
377.45	392.65
380.55	391.5
381.1	394.65
381.1	398.6
387.7	401.2
390.4	400.9
391.9	402.55
394.8	401.95
395.2	398.45
400.4	395.35
399.15	396.15
398	394.1
406.05	421.8
0	0
0	0
0	0
0	0
0	0
0	0
355.8	441.45
355.2	422.35
0	0
0	0
0	0
0	0
0	0
0	0
0	0
369.35	367.95
368.45	371.25
365.55	370.45
364.25	373.55
362.7	372.05
362.3	370.35
361.5	369
361.2	371.3
358.3	373.25
360.2	379.35
364.75	382.75
364.15	382.75
363.2	383.9
358.8	383.95
359.3	382.4
347.1	383.3
319.25	415.2
318.95	420.25
320.9	421.15
321.85	424
325.25	422.9
329.6	424.45
334.25	421.5
333	419
317.4	404.15
312.85	358.95
312.3	347.8
312.55	343.25
315.2	343
318.1	348.5
308.5	344.2
732.7	401.05
714.2	396.25
711.15	394.95
714.3	398.7
710.95	397.7
708.35	394.85
652.75	360.05
655.45	359.3
659.8	361.8
659.9	362.25
657.1	363.45
658.8	365.05
659.45	370.1
660.05	368.9
660.3	370.6
662	372.2
663.45	371.15
664.7	371.2
666	371.5
475.15	372.9
310.3	382.15
298.8	380.6
300.55	381
299.65	381.7
299.55	380.75
298	374.75
301.6	372.45
302.8	377.95
308.35	382.65
311.3	383.65
310.75	387.2
310.9	393.05
511.3	423.15
548.05	442.35
547.6	442.95
545.4	442.85
546.25	445.65
540.15	450.65
535.9	455.35
533.45	461.3
639.3	497.2
603.4	496.95
603.3	497.45
606.6	493.1
609.9	491.4
615.35	488
591.65	435.1
598.5	444.65
599.85	442.95
599.8	439.85
599.85	436.85
598.9	436.5
596.1	434.75
595.7	433.25
593.65	434.5
560.4	429.4
551.7	428.65
549.05	430.4
548.75	432.7
548.65	435.2
544.35	434.5
530.7	434
524.55	428.65
526.8	429.9
525.05	430
525.15	429.35
527	425.15
525.8	425.2
525.65	422.6
272	342.4
263.4	340.9
267.65	342.05
272.65	340.7
271.5	340.2
270.45	344.4
270.95	345.6
270.4	346.1
273.45	345.65
273.25	344.35
274.55	341.9
275.05	341.4
277.25	343.85
261.05	525.4
0	0
0	0
0	0
0	0
0	0
0	0
276.6	268.65
277.95	271.65
278.3	277.8
279.35	282.7
283.3	280
285.5	277.15
589.15	330.75
597.05	324.55
600.65	318.45
595.85	317.9
596.25	320.9
599.6	323.25
602.7	327.65
607.7	329.6
617.3	336.4
624.55	372.5
627.75	375.35
630.45	379.4
634.95	385.45
637.5	388.25
640.55	393.25
643.9	398.25
644.7	402.05
646.35	407.2
646	412.2
646.95	414.55
641	423.55
641.9	427.9
594.35	418.05
573.4	412.75
573.4	414.25
573.5	415.1
569.05	416.25
565.95	418.25
564.75	418.75
561.65	423.9
507.2	454.4
497	457.5
490.1	456.55
488.6	457.2
489.25	457.95
488.95	458.85
490.5	459.95
489.5	463.55
489.7	465.75
492.15	468.45
468.45	538.2
481.85	538.8
482.4	542.85
484.3	544.8
487.85	548.1
490.05	546.6
492.85	547.8
494.4	548.7
498.4	551.75
501.3	552.35
504.35	550.9
503.4	549.1
504.25	547.05
508.7	543
582.5	556.8
574.1	556.35
584.55	547.7
597	537.65
606.75	526.35
620.8	518.45
638.2	506.9
