487.35	367.2
486.35	369.85
486.3	372.25
483.9	364.6
486.35	362
480.3	369.15
483.25	371.9
487.6	366.5
503.95	359.95
636.2	325.45
635.85	321.4
631.8	324.05
633.9	321.7
639.95	325.3
641.95	326.95
640.65	327.55
642.7	327.05
642.35	322.95
642.2	325.95
645.55	322.5
649.05	322.4
651.1	320.6
653.3	316.25
657.15	307.5
653.75	304.55
654	304.1
655.2	302.85
657.7	303.85
654.6	303.05
654.85	303.85
655.1	302.55
658.3	304.3
657.75	303.15
658	301.35
658.2	300.9
657.15	301.6
654.2	299.2
654.45	299.9
650.9	298.95
651.7	296.8
646.8	296.2
646.75	291.95
641.45	292.9
421.8	311.65
403	318.3
406.05	319.6
403.7	315.6
401.15	318.3
399.35	321.85
399.15	324.55
400.7	323.75
404.45	323.4
404.55	323.8
403.25	327
414.9	323.3
650.95	331.75
652	330.95
659.65	330.5
660.95	333.25
665.1	332.75
672.15	333.3
661.25	384.85
661	387.8
659.85	388
662.4	384.95
663.45	383
665.75	384.1
663.4	386.8
665.4	387.75
670.75	388.75
674.7	385.75
672.65	385.4
676.35	381.6
678.5	385.4
681.85	386.25
716.9	403.15
714.95	412.55
716.85	416.25
723.6	417.1
728.25	420.7
732.15	420.6
729.9	427.1
733.55	426.6
733.6	428.15
731.3	429.5
727.35	427.55
726.05	424.55
722.3	421.85
719.75	418.55
718.1	410.6
715.05	407.3
710.05	406.85
707.6	405.25
700.3	405.75
696.65	403.5
696.65	398.2
666.45	373.6
665.05	359.45
666.7	358.8
664.9	358.75
673.5	367.2
668.25	369.8
670.15	355.75
675.55	357.3
674.45	360.8
672.15	362.9
671	358
672.25	357.05
671.7	355.5
668.15	351.45
670.6	355.75
668.55	364.75
669.75	364.4
673.75	362.95
668.65	364.65
669.1	354.45
669.6	360.4
673.95	358.35
675.1	361.55
527.6	342
416.8	327.8
417	329.2
420.5	331.95
420.65	333.5
419.25	328.2
417.85	330.65
419.85	324.1
423.65	327.1
422.05	322.55
419.25	326.8
419.6	333.9
418.25	335.65
417.6	337.7
420.75	336.1
421.65	328.8
421.85	334.05
419.95	337.9
420.45	338
422.5	328.4
424.45	328.2
423.2	328.85
428.25	327.8
623.2	309.6
631.25	300.5
624.2	305.45
624.35	303.65
623.15	302.55
618.25	302.55
620.25	307.8
617.25	312.45
614.1	354.05
0	0
0	0
0	0
385.95	338.7
383.95	334.6
390.35	333.2
391.5	343.6
391.75	344.65
394.8	349.6
394.85	351.5
401.9	351.4
399.6	350.2
0	0
601.25	335.6
601.7	332.55
609.05	329.9
606.8	332.35
600.95	334.95
600.1	330
602.95	334.7
604.3	330.4
593.8	330.95
587.45	334.25
588.55	333.6
592.05	338.2
477.6	356.05
482.4	361
484.05	355.25
478.25	357.5
473.2	358.45
474.4	359.95
477	358.5
474.7	378.8
288.15	666.3
0	0
312.7	412.75
310.85	392.15
306.5	391.7
311.15	377.45
311.25	369.15
314.6	366.6
321.2	364.15
326.85	361.05
330.35	361.55
336.6	357.9
341.5	368.05
347.6	368.65
350.15	365.7
351.2	367.1
356.2	365.5
353.4	364.8
352.75	357.35
353.25	358.25
354.9	355.8
361.2	361.65
363.85	364.6
366.35	361.5
359	364.8
361.6	356.45
363.05	356.35
364.5	357.35
361.2	361.7
363.75	365.4
319.45	348.95
326.45	348.75
327.8	346.1
328.35	348.4
325.95	434.55
0	0
0	0
0	0
0	0
0	0
0	0
319.75	393.5
321.85	365.35
321.95	366.7
322.75	366.3
325.1	368.35
323.75	367
319.95	372.85
323.3	372.85
323.2	372.5
321.25	370.2
317.05	370.5
313.75	371.65
317.85	372.8
315.85	376.2
318.5	384.3
314.5	382.3
320.05	380.25
322.65	382.3
321	381.15
309.9	381.35
309.25	381.2
310	377.7
312	380.25
316.35	387.25
317.65	387.4
317.05	385.05
340.5	395.05
601.2	358.6
596.4	370.75
599.65	366.9
599.35	366.05
602.05	365.2
599.35	362
598.5	357.9
600.85	362.45
601.55	369.25
600.25	369.25
597.6	362.9
608.15	362.85
606.25	363.55
605.25	361.15
605.75	358.75
609.9	356.15
602.5	389.7
608.5	391.35
608.65	397.85
612.1	397.45
614.6	400.05
614.8	398.7
610.55	399.75
609.8	396.65
603.55	382.95
596.5	357.65
597.05	361.05
594.1	367.25
590.25	366.65
592.15	363.6
592.6	366.65
589.6	367.85
590.75	370.15
590.25	370.1
312.7	398.8
313.45	401.85
316.25	404.3
316.65	401.25
319.55	400.5
322.1	400.4
321.55	399.4
317.3	399.35
313.65	403.7
317	399.4
319.1	397.75
320.4	399.3
321.6	398
322.05	398.5
321.6	401.25
323.25	401.75
321.95	399.1
320.25	401.45
320.25	399.9
318.35	399.05
317.35	398.25
318.4	397.5
320	398.55
321.15	395.65
321.4	392.45
319.1	392.55
320.15	390.55
318.15	391.2
319.35	392.8
277.25	381.95
281.2	381.35
280.85	389.4
281.25	386.3
281.4	382.65
283.55	382.6
280.05	381.1
280.6	387
593.55	375.5
586.8	370.05
591.7	370.8
590.3	369.4
591.5	367.6
594.2	367.45
593.55	373.1
601.25	373.4
607.1	375.55
608.95	379.55
612.1	379.15
375.5	405.75
324.75	411.1
329.2	416.9
329.55	418.85
330.55	415.8
332.65	426.55
334.3	428.15
335.4	430.25
353.05	457.6
355.55	463.7
357.15	469.55
358.15	475.45
362.65	473.95
364.15	481.9
365.95	481.65
363.35	478.2
364.6	475.2
364.7	470.85
365.55	466.3
363.65	461.45
345.1	419.85
352.45	414.3
354.05	408.75
352.15	410.5
351.55	409.75
354.35	411.05
354.4	413.95
355.8	415.1
358.65	415.35
537	439.3
593.15	442.75
595.6	443.4
596.35	441.5
598.6	442.6
599.05	444.2
604	442.05
606.25	439.7
605.95	437.25
607	433.8
607.05	430.35
607.5	429.5
605.2	430.65
604.7	425.2
602.85	428.35
429.85	431.35
365.05	423.35
365.85	423
365.6	422.45
365.95	423.55
367.2	426.8
364.7	432.45
360.55	445.95
358.8	441.55
359.35	430.4
357.95	428.3
355.4	427.6
585.15	430.85
573.15	431.1
571.35	427.4
574.7	429.1
575.25	431.5
575.4	430.15
579.75	429.6
581.25	426.05
580.9	434.45
582.25	430.5
583.15	428.35
577.05	430.45
573.2	434.35
571.55	431.45
568.8	423.15
567.35	417.85
568.1	415.6
568.25	414.55
569.65	416.5
394.9	433.5
345.45	419.65
337.2	419.05
332.6	418
329.2	415.3
326.85	412.9
322.65	412.35
320.5	409.25
315.85	408.5
312.8	406
306.8	407.55
305.55	404.8
265.45	380.65
265.8	377.2
263.6	378.15
263.15	378.8
263.6	379
263.6	377.35
262.95	373.95
265.9	379.1
272.1	386.75
273.8	383.55
276.9	387.15
278.05	383.25
280.55	382.35
284.4	380.75
284.35	382.15
285.95	382.8
287	387.85
273.3	425.6
276.2	424.15
276.55	425.25
276.05	424.9
272.5	428
270.95	428.3
274.45	430.5
275.1	429.6
278.5	427.55
280.75	427.2
282.95	424.95
286.45	425.9
289.55	423.45
290.55	422.5
293.4	421.1
296.85	419.8
305.55	416.85
307.55	417.65
308.4	415.2
312.3	411
315.05	412.8
316.05	413.3
314.15	414.1
315.75	411.3
320.05	407.05
320.8	406.85
319.55	410.25
323.2	409.15
323.3	409.25
322.4	406.7
323.4	405.25
325.65	404.65
326.4	404.9
326.6	404.5
326	403.65
377.3	376.25
387.45	371.45
390.8	369.95
387.95	371.55
386.2	371.1
386.35	367.55
387.25	367.05
390.25	368.15
390.7	364
390.95	366.25
388.85	365.5
393.05	361.4
394	360.5
391.85	361.75
393.75	360.15
394.85	360.1
396.8	359.85
404	356.35
783	506.15
768.85	504.2
768.7	504.65
766.5	506.9
767.55	510.1
765.3	509.25
765.45	505.45
764.85	502.75
763	503.5
763.45	504.1
671.7	430.85
678.05	429.55
678.15	426.45
675.15	424.65
675.05	426.05
676.1	424.65
677.7	423.4
677.8	425
672.75	429.85
676.65	427.7
678.2	426.85
679.5	425.1
679.85	421.1
678.5	420.25
678.1	416.45
677.35	416.8
673.4	413.45
675	411.65
677.3	411.45
676.05	379.75
680.8	378.9
678	380.35
678.4	378.2
678.55	375.15
679.25	377.35
679.3	375.7
678.2	388.95
678.55	402.1
679.25	399.1
681.4	396.7
680.75	397.5
680.35	399.3
680.2	402.15
678.2	403.7
679.35	406.4
679.85	404.3
676.85	403.4
676	402.9
676.2	403.95
675.6	404.3
674.65	414.6
683.85	416.65
0	0
0	0
0	0
0	0
0	0
0	0
673.5	410.9
664.45	413.9
658.35	416.55
662.25	413.45
658.1	415.7
653.45	416.05
653.2	412.55
661.4	377.6
661.95	378
657	375.9
658.25	373.9
656.15	374.85
656.35	369.85
659.95	366.5
658.75	365.8
656.75	365.3
657.4	366.95
658.7	365.5
659.25	370.05
656.95	371.55
644.95	318.2
661.95	295.5
663.75	294.55
662.5	297.15
663.2	297.05
662.7	299.25
662.7	302.65
662.4	305.05
665.15	302.7
662.45	303.8
663.35	303.25
497.8	321.5
375	301.6
363.95	301
364.5	298.55
362.7	300.6
364.15	300.4
364.95	296.6
366.3	294.85
364.7	294.35
362.65	296.85
362	295.1
361.9	295.15
359.5	294.85
361.45	296.35
362.25	294.55
361	293.85
360.9	296.25
362.5	294.85
361.2	291.35
360.35	294.4
362.35	295.3
364.45	293.25
364.55	293.3
366.25	290.1
366.55	293.5
368.85	291.5
368.5	292.8
370.15	291.1
370.5	284.9
370.35	279.1
369.65	280.2
368.7	279.05
368.3	280
328.85	281.7
319.3	282.95
322	283.5
321.9	283.75
323.25	279.55
326.95	282.25
324.5	285.85
323.1	284
323.25	283.9
390.25	299.8
623.75	359
639.65	352.7
641.55	352.7
641.6	356.95
643.5	355.3
643.35	356.8
645.6	357.3
642.9	358.6
640.15	361.25
642.7	363.9
647.1	360.65
647.9	358.9
641.45	365.1
641.35	365.1
641.55	365.05
642.1	367.65
366.45	263
368.65	233.95
369.8	241.65
369.95	245.2
367.65	241.15
364.25	234.6
362.5	237.85
361.55	235.95
361	233.5
363.45	232.3
360	235.7
362.75	231.95
362.8	234.2
362.2	239.55
365.45	239.6
365.35	238.7
419.2	229.35
412.35	228.25
416.1	219.95
414.55	222.75
411.35	222.15
413.95	221
412.35	221.4
412.3	220.6
413.2	219.55
413.25	217.55
412.7	215.55
409.95	217.65
399.4	277.65
386.75	334.3
297.3	656.55
0	0
0	0
355.3	278.05
360.8	253.55
362	246.8
363.1	266.6
310.5	480.9
0	0
0	0
0	0
0	0
0	0
419.35	299.7
431.5	228.5
433.3	210.25
432.25	201.9
433.7	185.55
430	194.45
432.7	198.55
433.7	203.3
436.1	207.55
434.7	197.85
432.5	200.45
427.25	197.45
430.05	213.5
401.3	244.3
406.7	248.45
408.45	238.85
413.65	228.45
419.4	224.7
421.05	227.05
421.35	225.5
420.7	225.6
424.6	225.95
426.1	228.15
421.25	235.5
425.55	229.85
425.45	232.15
429.4	233.2
431.45	235.55
426.8	232.05
429.95	221.9
430.1	220.95
432.75	218
436.1	217.6
436.4	200.35
447.5	143.05
440.45	147.4
442.55	146.05
446.3	152.35
446.65	150.2
447.5	147.8
449.4	146.4
453.65	147.55
454.1	143.8
444.25	221.25
445.35	235.75
442.1	236.5
442.2	241.75
440.75	248.15
438.85	254.6
440.45	255.35
433.9	258.95
432.85	270.25
435.1	272.65
432.05	279.7
428.95	280.3
433.05	278.2
428.15	278.1
430.55	280.75
428.55	286.85
428.65	293.25
430.7	291.85
431.5	293.35
429.05	300.45
428.25	305.15
427.65	306.05
385.75	288.85
387.1	284.75
387.35	286.6
386.9	290
389.2	290.9
391.35	297
392.85	298
389.65	295.75
389.55	282.8
389.5	284.35
391.75	284.75
390.15	287.85
390.5	284.1
388.55	286.55
391.05	288.55
393.45	289.7
392.25	291.75
395.95	289.85
395.9	287.45
396.7	275.15
398.25	271.6
426.4	282.8
449.8	287.5
450.35	284.9
452.05	280.1
449.5	272.95
453.95	251.5
466.9	196.5
456.55	244.75
450.7	259.9
440.85	277.8
0	0
0	0
0	0
0	0
0	0
386.25	160.35
374.55	131.25
381	151.05
375.8	132.25
367.5	106.5
372.25	115.05
373.8	116.3
374.95	120
375.05	119.8
382.3	131.95
377.3	123.95
378	123.3
376.55	125.65
386.85	139.05
692.95	128.8
682.4	124.3
703.6	179.25
707.7	227.4
706.95	227.95
706.95	228.85
702.2	226.65
700.3	228.8
699.9	225.35
700.2	221.85
699.25	224.85
696.65	230.05
697.25	235.1
480.7	238.3
409.6	165.8
408.05	162.65
408.55	159.2
404.25	151.75
409.1	179.6
409.75	179.8
410	188
407.35	193.75
408.3	195.75
409.2	197.7
410.55	198.75
402.5	227.75
0	0
0	0
0	0
0	0
0	0
389.25	163.3
384.2	155.15
381.85	164.25
385.4	181.35
394.5	191.8
400.3	191
408.15	195.85
413.35	195.95
417.35	198
421.4	195.95
423.7	196.55
426.2	194.7
427.4	197.15
428.45	196.55
427.4	193.55
430.2	190.9
429.65	190.9
432	193.65
433.55	194.6
435.15	195.25
434.55	194.45
447.05	208.1
436.7	248.05
436.9	249.15
430.95	256.25
430.15	256.95
429.25	258.6
430.35	259.8
431.95	257.95
432.55	258.65
437.6	262.25
435.05	264.55
436.3	263.2
438.05	261.4
434.85	258.45
437.2	259.95
434	257.75
436.5	260.4
438.7	263.9
436.55	270.35
452	205.35
464.15	190.25
466.2	184.35
757.1	674.2
468.65	191.2
464.9	193.95
0	0
695.8	299.05
702.1	306.4
701.4	309.4
702.35	314.85
706.2	313.6
708.55	315.9
709.2	320.35
711.15	323.35
712.5	326.65
710.05	329.4
720.3	407.55
720.35	402.9
721.65	406.5
720.75	409.35
721.6	408.7
722.9	407.05
720.55	408.9
721.2	409.3
718.65	411.5
719.6	413.2
496.45	299.2
0	0
450.95	216.25
443.4	223.4
443.35	224.8
441.7	225.75
438.3	225.2
436.5	224.5
433.65	225.85
430.1	225.65
427	222.25
425.7	226.35
425.5	227.15
423.9	228.8
427.9	235.05
429	240.45
643.15	329
665.85	343.05
665	346.1
665.1	349.3
664.9	353.45
665.05	356.05
667.55	355.4
672.1	353.05
673.4	351.8
668.6	353
667.2	353.55
666.25	353.2
665.1	358.2
664.3	359.9
661.3	363.95
663.15	362.7
662.85	367.45
660.65	367
655.9	370.25
652	374.75
654.5	374.85
653.85	377.85
657.55	373.65
655.45	376.2
654.4	374.55
654.55	373.5
653.6	373.55
458.5	325.65
425.2	315.05
422	320.2
422.15	322.3
419.5	323.85
418.95	326.2
415.5	329.95
417.3	324.15
413.55	325.35
415.95	325.75
415.95	327.4
432.3	343.2
444.15	365.85
442.6	364.9
440.75	367
446.8	363.25
449.65	362.95
449.8	363.1
447.75	363.75
445.65	363.1
444.45	355.5
443.65	351.6
444.65	350.35
443.75	350.3
445.85	351.5
447.4	352.6
445.9	354.65
422.05	350.2
423.4	348.55
423.25	351.75
428.25	352.15
429.25	354.4
427.5	356.05
428.5	354.2
430.05	357.4
429.9	358.95
430.6	358.45
429.25	364.4
428.8	367.4
432.75	365.55
431.3	364.6
432.7	363.15
431.35	363.55
433.6	364.4
434.15	363.15
439.15	360.55
437.1	360.9
438.35	363.15
437.75	363.25
437.75	362.65
438.6	360.25
440.1	359.25
438.6	356.9
438.55	356.6
438	358.1
438.25	358.1
436.55	358.5
439.6	358.9
447.25	360.05
743.5	301.1
728.1	303.05
733.4	307.9
730.75	319.4
733.5	313.95
733.45	320.1
733.35	326.05
730.3	343.45
731.7	346.15
733.05	347.2
733.5	348
737.65	347.45
737.4	353.55
736.4	357.05
684.25	335.2
694.9	329.7
689	335.6
688.7	337.7
685.5	336.8
682.25	337.35
684.5	332.55
681.55	331.3
683.45	330.05
682.5	330.1
684	333.8
682.8	334.2
682.1	334.5
679.1	336.85
387.6	357.25
350.95	359.4
350.5	362.75
345.85	361.05
345.7	361
344.4	360.65
342.35	359.65
343.4	357.7
342.55	358.8
344.05	359.7
345.8	362.05
321.65	398.45
328	404.25
326.55	408.35
321.7	409.95
322.3	408.3
322.4	409
325	410.25
324.65	407.1
326.8	403.6
325	401.35
326.35	406.05
327.5	402.45
327.8	401.5
374.15	343.2
380.55	336.05
382	334.35
379.85	336.95
381.75	335.5
381.55	333.85
379.8	335.15
380.2	336.05
385.4	334.5
389.9	335.1
393	335
396.5	335.7
402.3	334.65
403.15	333.45
405.5	334.3
409.35	332.75
407.1	328.1
408	327.4
407	327.8
409.95	325.5
411.65	326.5
411.25	327.95
411.2	329.25
437.2	329.5
449.35	330.75
449.2	329.65
449.35	329.45
446.25	329.15
443.9	329.25
442.95	330.7
442.65	332.5
443.3	333.45
441	333.25
440.15	335.8
437.6	355.75
0	0
0	0
0	0
0	0
0	0
0	0
425.25	286.1
435	261.4
436.75	238.5
430.1	225.4
428.7	236.9
429.5	264.55
425.05	222.3
426.1	226.2
0	0
423.5	263.15
458.7	269.45
0	0
686.4	274.5
684.75	280.55
682.85	283.45
684.65	292.5
685.4	295.55
684.6	294.1
561.4	289.05
431.4	256.5
423.35	254.4
421.3	255.4
419.95	255.6
413.6	275.4
395.35	327.75
389	346
388.2	342.7
391.9	346.2
390.3	354.1
388.25	357.65
386.9	356.05
389.55	352.8
385.45	359.8
389.65	356.15
385.4	361.15
382.1	361.1
382.8	362.8
384.4	359.55
383.5	358
382.4	357.05
382.15	359.95
381.4	360.95
380.1	359.95
380.05	362.95
383.2	361.25
381.35	361.85
384.85	363.25
385.35	362.05
387.25	361.55
382.2	366.15
384.85	367.7
386.45	364.9
386.5	368.6
391.4	370.55
386.75	376.2
320.05	374.05
319.65	373
320	370.95
322.25	370.8
322.1	369.5
323.85	369.65
324.3	371.25
324.6	373.35
342.15	375.65
655.2	322.75
619.6	335.3
615.8	344.65
614.4	351.4
614.3	355.45
610.6	359.85
608.1	362.55
606.15	364.9
605.15	369.85
557.35	370.8
563.2	370
562.95	367.4
562.45	368.1
565.55	368.3
569.5	363
573.2	367.45
576.15	364.75
580.7	366.55
591.4	366.9
639.75	386.4
638.9	390.8
640.95	390.4
646	392
648.05	392.75
651.25	394.45
654.35	392.45
656.85	390.8
658.3	390.6
658.7	393.45
662.7	389.05
659.6	397.3
657.5	401.3
655.6	407.7
658.6	407.4
657.75	406.15
664.95	375.8
663.75	366.5
675.3	357.2
680	370.5
676.25	359.05
670.85	351.7
672.9	366.15
662.3	388.05
662.25	381.7
670.15	379.5
648.75	558.25
0	0
0	0
0	0
0	0
0	0
0	0
0	0
0	0
0	0
0	0
0	0
0	0
682.7	297.9
678	266.25
676.35	264.25
684.15	265.3
681.45	264.3
675.45	269.8
679.45	277.75
683.05	281.65
684.95	287.9
686.75	288.25
685.35	278.35
683.75	284.55
683.8	291.3
678.05	299.35
673	304.95
677.8	308.3
675	316.75
672.25	319.9
709.8	288.9
707.8	293.5
708.3	296.3
707.05	303.4
701.65	304.7
700	305.3
700.85	307.1
702.9	301.95
700.9	306
703.6	302.4
702.6	299.45
700.55	290.85
694.7	292.55
687.1	296.95
682.75	297.55
681.05	287.45
421.05	236.4
430.35	233.15
427.1	233
427.2	231.65
428.15	236
429.3	235.5
425.65	233.25
422.7	241.6
427.2	247.25
427.85	247.75
425.55	251.05
423.95	252.5
430.15	250.4
568.8	328.85
628.8	301.75
627.85	305.25
626.1	318.75
636.15	306.7
643.5	297.1
643.55	300.85
645.5	303.75
647.55	307.75
644.85	317.15
645.45	321.7
646.7	319.1
645.1	317.8
350.85	293
367.45	282.7
366.4	291.6
364.5	294.95
363	296.4
362.6	304.6
364.4	301
361.8	299.7
358.85	301.8
356.1	308.45
355.45	310.3
353	314.25
352.4	314.75
344.75	317.6
340.85	317.5
336.15	322.3
332.6	323.4
332.6	321.25
330.5	326.35
326.8	325.5
324.5	326.7
327.6	324.85
332.4	339.2
349.75	360.4
349.75	357.8
353.85	352.45
355.15	360.3
356.95	352.4
360.25	351.2
358.25	348.8
357.05	350.25
356.65	349.45
360.95	354.15
364.9	357
367.65	359.8
372.1	357.5
371.85	360.5
367.85	351.25
371.9	346
310.05	375.6
319.7	373.25
321.55	364.95
319.35	367.15
315.6	372.85
313.7	375.6
317.6	372.1
317.2	382.95
317.8	387.65
321.15	388.15
319.05	388.2
319.4	385.25
318.85	377.65
315.8	381.05
317.5	376.05
315.15	374.95
314.95	374.3
314.25	369.05
316.85	366.4
319.45	363.4
328.4	367.1
328.4	371.25
325.45	367.55
325.95	369.15
331.05	359.8
332.05	352.25
326.5	360.95
337.6	357.05
332.6	364.3
330.6	364.9
329.65	353.85
331.2	363.85
330.7	366.7
330.25	364.2
328.9	360.85
329.45	356.75
320.95	353.7
316.95	353.45
313.95	349.45
315.4	351.95
312.45	360.55
315.4	362.8
317.95	361.65
317.75	362.15
313.05	363.35
313.65	353
316.55	355.4
318.25	354.15
317.3	360.2
317.9	357.3
282.85	394.45
290.2	383.35
291.35	384.25
292.25	381.95
293	386.3
291.2	386.6
291.3	388.55
289.9	386.55
288.2	380.55
287.5	381.4
287.75	383.75
290.45	384.8
311.7	343.3
319.2	334.85
323.65	336.15
323.6	336.6
323	338.75
325.65	341.75
329.6	335.95
331.05	336.5
330.65	336.6
331.25	338.5
330.85	340.45
329.5	342.65
332.2	342.4
335.6	335.75
339.2	337.4
342.45	332.9
348	337.2
347.15	342.8
344.15	345.45
462.65	352.6
779.4	341.3
768.45	337.2
771.9	342.5
773.45	350.15
773.4	356.65
785.75	358.3
779.45	367.9
782.45	373.9
0	0
0	0
0	0
0	0
0	0
0	0
790.95	341.8
788.8	336.85
788.65	345.9
787.75	347.25
793.5	347.85
801.45	348.65
808.85	343.1
809.35	344.9
810.1	346.85
813.5	343.3
817.25	335.1
473.45	352
336.65	327.35
330.55	338.7
329.6	334.1
326.95	335.25
323.9	334.1
322.95	341.25
321.25	348.65
323.1	352.45
320.75	352.3
320.2	348.3
344.6	323.05
358.2	299.4
356.2	306.3
356.65	305.45
356.65	310.8
354.15	318.55
356.4	329.8
355.25	324.25
355.2	329.7
355	331.2
379.15	333.95
849.1	358.65
841.1	341.65
841.45	340.35
844.45	337.45
844.1	340.3
842.9	347.35
794.5	347.15
382.65	310.85
405.65	322.8
404.65	327.4
399.6	335.55
400.95	339.95
401.2	345.75
402.05	347.1
402.85	349.65
388.5	384.4
386.6	404.65
385.1	405.5
385.15	405.7
386.05	401.6
385.8	404.05
383.95	405.1
385.2	406.9
389.3	404.3
391.8	403.6
391.15	405.35
394.2	439.4
0	0
0	0
0	0
0	0
0	0
0	0
424.2	353.55
416.7	365.55
422.5	366.55
425.05	365.85
419.05	370.65
412.45	371.1
409.65	370.7
405.4	368
326.55	401.05
335.55	394.6
332	395
331.3	396.45
333.95	391.6
329.8	392.95
330.2	393.05
330.9	391.75
330.5	391.1
326.75	391.95
326.15	394.5
326.75	392.95
325.9	392.25
326.65	388.9
327.6	387.8
329.15	385.45
327.1	382.1
330	380.6
329	381.3
328.55	380.2
325.25	383.35
323.35	381
327.5	375.8
328	378
327.35	383.9
325.6	380.1
328.9	378.95
675.7	352.1
667.3	353.55
666.45	356.95
668.15	359.15
667.65	355
664.45	352.85
664.2	352.95
661.6	351.85
665.6	352.8
670.25	358.25
299.75	342.9
296.25	347.25
299.05	351.55
299.4	350.6
296.05	349.35
292.7	348.2
287.85	337.9
290.4	344.3
275.5	489.6
0	0
0	0
0	0
0	0
0	0
657.15	352.4
650.7	344.85
642.2	354.7
643.1	354.1
637.6	361.05
629.2	360.6
625.25	360.35
614.3	368.4
605.5	374.65
598	378.4
561.8	431.75
558.95	438
557.55	439.5
555.6	442.5
551.25	448.05
551.4	447.15
555.95	442.3
557	442.05
559.4	445.25
560.6	441.85
565.45	435.1
566	435.55
565.7	434.05
559.9	430.25
561	431.2
557.7	432.75
559.3	427.9
530.8	406.05
522.15	404
519.65	402.6
513.1	403.6
512.1	404
507.95	404.4
506.9	400.45
506.6	401.25
510.5	397.6
513.15	399.4
515.15	403.1
516.65	401.7
514.85	401.45
509.5	453.3
509.55	462.55
510.15	458.55
509.15	460.85
510.25	458.7
508.85	460.5
509.2	456.85
512.8	451.15
512.6	450.45
511.65	453.95
512.6	454.65
515.3	449.85
514.95	451.45
518.95	446.8
521.2	443.6
520.7	440.8
522.45	439.5
524.1	441.55
533.5	397.4
541.05	380.5
549	376.25
558.1	375
566.3	374.1
577.7	361.7
589.45	346.75
596.25	341.1
601.15	338.35
609.8	334.7
617.65	328.45
620.4	328
625.35	328.55
628.8	330.05
628.8	326.95
632.05	323.75
631.2	322.4
633.25	320.3
633.35	321.4
632.55	323.85
633.1	326.35
637.05	326.65
637.85	328.45
641.05	329.3
640.6	331.95
639.5	332.7
641.9	329.25
635.25	335.6
631.05	338.6
550.7	358.7
553.5	362.5
545.95	366.55
537.4	370.1
531.8	373.3
526.4	375.2
520.3	378.05
515.05	373.4
509.7	370.25
450.05	419.65
455.1	414.4
448.4	414.85
443.9	416.05
440.55	414.05
440.05	414.6
437	417.3
433.55	417.75
431.8	420.85
428.35	429.2
429.7	434.3
430.35	437.4
467.35	505.6
462.3	506.75
467.7	514.65
471.55	528
475.45	528.65
472.4	537.65
470.45	532.9
471.3	530.25
477.2	530.45
479.35	532
477.25	533.25
478.8	539.15
483.7	534.75
487.4	527.3
493.7	521.45
500.5	511.3
625.6	395.85
641.1	387.75
656.65	379.95
671.75	374.45
