481.4	352
479.9	354.75
479.1	351.45
480.25	351.7
478.6	353.25
478.7	355.2
476.15	356.5
479.9	354.35
480.6	353.3
479.55	353.45
482.55	354.05
481.7	351.9
483.1	351
484.6	345.35
484.25	344.65
482.05	344.5
484.05	340.55
486.1	333.7
485.1	330.35
406.25	305.55
361.35	281.5
366.2	281.05
366.35	278.65
369.85	276.5
370.15	272.55
370.05	273.4
369.6	274
370.65	275.1
372.45	277.55
370.5	280.85
493	291.25
656.7	308.85
661.3	318.35
659.6	319.9
661.2	319.9
659.8	322.5
659.9	321.15
660.65	321.45
660.35	320.35
656.1	321
652.45	319.15
649.4	320.6
645.95	322.45
644.9	321.85
640.5	321.9
566.55	307.45
591.35	315.55
591.4	314
591.15	315.6
592.15	314.4
593.1	316.6
595.85	317.3
593.55	321.05
595.4	322
599.05	322.65
601.9	325.55
0	0
0	0
0	0
0	0
629.2	404.65
630.45	406.4
629.15	407.9
629.1	409.2
628	414
604.25	411.2
410	332.1
401.2	336.6
400	336.7
398.75	335.95
400.9	335.25
403.45	332.65
402.1	332.25
400	333.95
401.55	337.55
403.45	336.3
401.55	342.7
717.1	463
724.9	463.85
728.25	467.9
734.1	469.85
736.45	475.15
735.6	478.1
733.4	476.6
732.65	475.55
729.75	471.95
725.35	469.65
721.95	466.5
718.2	465.85
715.75	464.15
711.9	463.15
706.85	461.85
704.8	460.35
701.5	459.15
699.15	456.25
697.3	453.8
695.95	451.05
695.6	449.6
693.3	449.25
693.85	447.4
696.75	449.1
697.05	451.5
698.55	449.55
697.1	449.1
695.15	448.05
696.15	447.95
695.45	447.6
697.6	447.95
700.15	448
699.65	447.5
703.4	403.45
701.7	401.1
700.6	401.3
699.9	403.65
700.65	402.2
700.55	400.15
697.5	402.4
698.4	400.9
698.6	399.45
502.85	335.9
413.6	332.55
407.35	331
408.05	328
406	331.45
406	330.9
408.15	331.45
406.65	330.85
404.95	330.95
405.5	333.7
403.75	332.85
402.85	330
401.85	333.6
404.15	331.55
405.5	329.8
402	331.35
403.8	331.05
401.7	331.5
399.7	330.6
400.1	332.25
400.75	330.65
398.5	331.5
399.75	331.9
397.2	334.35
395	332.6
394	333.7
394.55	332.7
395.25	330.9
394.15	329.4
392.65	328.25
395	329.7
589.35	314.4
602.1	318.2
600.2	315.9
597.5	317.85
600.45	320.2
600.55	316
602.7	319.2
603.65	319.8
604.05	320.55
604.5	319.7
605.3	320.35
605.75	322.65
605.4	319.55
603.2	321.85
602.85	325.1
601.6	321.75
601.25	321.5
599.5	323.35
598.4	323.6
596.6	326.9
594.8	327.05
402.65	345.25
371.55	354.05
377.15	361.3
372.75	359.55
373.05	357.3
370.15	359.5
367.8	361.55
366.6	360.85
365.05	361.8
364.45	359.75
365	358.45
364.7	360.35
363.1	360.35
363.5	361.55
363.95	361.7
367.45	359.65
367.45	360.8
370.75	361.5
373.1	365.05
376.5	364.7
332.25	362.6
329.55	362.95
332.45	363.35
331.45	363.35
335.8	359
337.45	358.05
338.55	358.15
338.25	357.35
339.6	352.05
340.85	352.55
339.8	354.55
340.25	354.15
341.3	355
342.85	350.2
343.8	350.65
344.25	352.05
344.55	349.75
343.75	354.45
346.2	354.4
348	354.2
346.2	352.05
346.75	349.2
347.85	350.9
347.95	352.55
346.9	352.6
346.4	353.95
345.95	353.7
345.4	351.55
345.55	351.95
344.2	354.8
342.05	355.2
343.75	357.15
345.55	353.5
345.2	357.2
345.6	357
345.7	357
345.8	356.6
345.8	357.8
345.3	361.3
344.35	360.95
342.55	361.8
341.65	361.3
342.25	362.05
342.25	363.05
278.9	363.4
301	364.8
300.85	364.7
299.75	363.25
300.45	364.85
296.75	369.8
296.75	370.1
297.65	370.55
295.75	368.7
294.75	367.35
294.85	366.55
294.35	369.4
293.7	366.85
292.2	373
289.9	374.8
289.35	376.8
291	378.85
486.75	366.2
551.4	377.3
542.35	382.1
543.35	382.65
543.45	385.85
545.7	385.3
546.65	383.55
543.3	385.5
545.15	383.7
547.8	384.35
547.85	383.25
542.05	384.45
538.4	385.25
641	377.95
626.85	379.95
624.85	378.8
627.65	375.95
626.75	376.2
625.05	377.2
626.95	377.6
625.9	377.1
626.65	379.5
623.95	380
625.7	377.45
623.5	381.8
626.55	382.4
624.25	381.55
626	381.05
623.75	380.95
624.8	379.85
624.05	379.55
625.05	377.8
624.1	380.65
621.85	379.9
621.15	379.6
622.65	377.8
620.2	380.35
620.45	380.8
619	381.2
620.85	382.15
619.3	382.1
619.75	381.45
618.85	381.9
620.95	382.25
620.85	380.9
619.4	384.4
601.6	386.6
579.3	389.6
580.6	388
585.15	386.05
583.95	387.4
585.1	385.6
585.35	384.35
583	385.4
581.25	387.7
582.9	389.65
585.75	397.45
627.35	395.9
620.35	398.15
622.9	396.85
617.5	402.35
613.3	403.2
612.1	402.15
610.95	403.55
610.7	401
610.3	402.25
607.3	401.85
605.85	404.5
606.5	403.45
610.45	403.8
609.7	403.15
610.7	401.85
612	403.7
613.8	400.8
610.4	404.05
612.2	403.9
608.9	401.5
611.95	401.05
613.35	400.8
619.75	397.95
623.45	399.15
626.45	399.35
625.95	402.35
627.65	403.15
627.25	406.4
627.6	410
628.75	412.55
630.25	416.8
630.95	421.2
632.3	429.3
634.15	435.5
525.95	319.6
470.75	224.6
471.7	238.95
477.3	236.95
479.4	241.2
479.85	248.45
479.45	253.25
478	256.5
478.65	253.85
480.05	254.4
478.2	252.9
481.85	250.3
480.75	246.95
482.35	245.25
364.9	390.9
369.15	399.2
370.95	397.75
373.35	399.25
376.1	401.5
375.25	408.85
373.25	410.95
374.05	409.2
377.65	411.9
379.6	412.2
381.8	413.1
380.75	409.75
380.65	407.4
378.65	403.5
382.5	402.25
381.15	400.4
379.85	400.6
382.05	397.2
382.25	396.6
381.5	395.8
376.9	400.7
593.5	425.85
603.15	427.45
600.55	430.8
600.05	432.25
598.05	438.2
595.6	440.6
592.3	444.25
590.25	444.8
589.35	442.1
585.6	443.3
585.05	442.5
583.6	440.45
583.35	440.4
584.5	437
580.45	438.7
581.7	434.5
583.1	432.65
582.95	432.15
584.5	428.45
584.35	429.45
582.35	432.4
583.55	433.05
584	434.3
582.55	433.15
582.35	433.1
578.4	432.75
577.6	430
575.95	428.85
575.8	428.4
577.55	424
379.7	414.25
364.3	413.55
368.9	413.5
368.55	412.35
364.7	410.55
363.7	406.6
361.6	403.95
360.05	400.9
359.7	399.95
357.6	403.25
353.15	407.1
352.7	407.45
350.45	405.2
347.55	402.25
344.95	403.55
345	403.5
343.7	408.7
343.1	407.85
341.75	408.55
420.65	411.55
545.25	417.1
544.5	423.75
545.4	426.05
547.8	426
549.6	425.6
552.9	424.1
554.6	423.4
557	424.05
558.25	422.55
559	425.2
560.85	425.8
562.2	427.7
561.85	428.75
561.85	431.25
562.5	433.75
564.3	445
590.7	439.35
622.2	446.5
626.45	444.25
622	447.1
622.75	447.5
621.55	448.6
624.3	448.85
626.85	446.75
623.6	448.35
626.35	447.25
629.95	445.4
632.4	446.5
635.6	435.7
646.5	429.8
684.7	457
682.8	451.75
673.9	450.15
671.35	456.9
667.05	464
653	442.65
650.35	442.15
647.1	441.15
644.1	441.65
640.95	446.3
638.3	446.55
638.25	445.25
641.95	439.7
641.35	436.95
642.4	440.3
642.35	441.95
643	441.7
643.7	439.3
646.05	438.05
647.1	438.55
646.35	438.7
647.45	440.65
645.2	437.85
650.8	439.55
650.2	438.25
650	440.5
650.2	438.05
651	436.65
650.8	436.25
652.95	435.85
651.1	433.25
650.9	433.5
653.35	432.25
652.95	433.85
653.5	433.15
652.1	431.45
652.4	432.15
653.7	431.15
653.1	430.75
650.6	433.55
653.5	432.85
654.15	431.05
655.35	430.8
654.9	432.3
686.45	408.25
690.9	404.45
689.65	406.3
688	406.8
686.2	408.45
690	407.8
690.25	406.35
688.35	409.45
690.15	411.2
691.2	409.55
690.85	411.1
685.95	416.55
683.15	417.35
684.45	417
683.5	415.65
680.9	413.1
680.55	410.85
680.25	409.2
680.7	408.65
678.65	411.3
675.5	410.7
674.8	410.45
674.35	410.65
675.05	408.05
679.2	407.5
681.6	405.4
680	407.45
676.55	413.3
676.3	412.65
674	414.4
679.1	412.45
681.1	410.45
678.5	412.9
674.7	415.3
677.95	414.35
677.05	415.6
678.25	416
675.8	419.1
676.55	421.5
677.8	418.75
678.1	419.45
679.85	417.55
679.5	416.85
673.8	420.5
674.7	421.6
680.25	420.8
681.4	418.45
679.95	419.95
677.6	419.65
674.4	424.2
675.15	421.7
670.45	423.05
670.7	423.7
364.3	374.45
286.4	371
299.35	375.85
298.9	376.55
300.15	375.85
298.7	375.95
298.1	376.15
298.15	375.6
299.15	374.8
299.35	373.75
301.95	371.3
300.65	369.9
304.2	366.2
305.4	366.45
303.55	367.8
305.15	366.85
304.2	368.15
305.15	365.6
311.3	340.8
294.5	331.95
292.2	324.6
292.6	323.85
291.95	325.6
289.9	328
293.15	329.95
292.85	327.05
290.6	328.35
291.75	328.4
291.5	328.95
292.3	327.8
292.5	327.2
289.65	335.1
104.6	345.6
5.25	334.9
0	0
0	0
0	0
0	0
0	0
0	0
0	0
0	0
0	0
0	0
0	0
279.45	321.35
295.75	317.35
283.2	329.05
286.6	328.2
286.15	328.4
288.2	329.3
289.25	326.15
290.05	323.25
290.55	323.6
292.1	321.15
291.35	320.4
291.9	318.15
293.7	316.7
356.4	304.05
341.9	309.65
342.75	313.15
345.3	311.5
344.6	312.45
337.3	312.05
336.65	311
336.45	309.4
339.5	307.65
338.9	309.2
339.6	313.4
337.7	314.15
340.1	310.15
339.45	307.9
339.8	309.1
341.7	308.2
339.7	310.85
341.4	310.65
343.2	311.45
343.75	311.9
345.8	313.05
343.1	312.35
345.05	315
347.15	311.6
346.95	310.5
347.2	307
348.55	310.5
349.65	310.2
348.85	310.6
349.55	308.4
346.2	307.9
343.7	308.35
346.2	309.3
344.2	311.55
343.55	311.15
344.6	313.2
343.9	312
342.4	312.8
343	312.45
344.05	311.3
347.6	309.15
346.7	311.5
349.5	307.85
350.2	307.5
351.15	306.85
351.3	305.9
353.2	307.65
353.5	307.7
353.75	310
353.2	309.2
354.4	310.15
353.8	308.4
353.85	308.35
353.5	308.85
357	308.05
356.2	308.15
353.4	308.8
353.25	310.35
356	310.1
356.25	311.85
355.95	314.1
355.45	315.5
356.45	313.5
357.4	312.1
360.6	310.95
361.2	308.9
359.25	308.2
360.55	309
359.95	308.5
359.8	308.9
360.15	308.65
360.45	308.35
358.9	309.7
361	308.3
361	304.95
360.6	306.35
361.15	306.7
361.45	307.95
361.35	309.2
361.45	312.6
361.1	312.45
362.75	311.6
362.45	313.75
361.75	315.8
362.85	317.2
362.4	319.15
361.6	320.25
360.9	321.65
359.8	321.4
360.8	322.65
363.05	320
366.3	321.75
366.75	325.5
368.1	323.55
367	323.15
366.5	325.45
365.5	327.05
365.3	330.65
366	329.75
366.05	329.45
368.1	332.2
368.15	334.55
370.6	334.4
431.55	314.7
418.3	323.4
417.9	324.3
417.45	327.3
415	327
415.75	328.05
415.9	327.7
414.85	329.05
413.3	332.35
410.65	334.55
410.35	337.2
410.25	337.2
408.8	337.95
409.1	336.7
409.25	331.9
411.05	334.05
407.95	337.95
409.45	343.7
409.9	344.95
409.55	343.25
370.25	399.85
388.25	409.55
387.95	408.2
387.75	408.5
386.05	410.95
385.45	410.4
385.9	414.85
388.25	410.05
386.4	413.5
386.65	415.05
392.15	414.7
390.5	416.3
392.35	413.2
390.75	414.8
390.55	413.3
391.25	413.9
393.5	414.2
394.15	402.7
395.2	385.65
398.7	382.15
399.85	376.15
398	376.95
399.1	374.8
398.6	372.6
399.55	370.55
400.85	371.55
401.1	366.45
401.5	361.35
400.95	360.25
402.45	355.1
403.7	354.65
404	353
403	353.45
401.4	351.1
401.4	350.75
401.45	348.75
401.3	345
402.15	342.8
403.45	342.4
401.05	343.4
400.9	340.7
443.25	293.5
428.55	307.35
432.05	308.75
428.35	306
427.6	305.65
426.05	307.95
428	307.8
429.45	310.15
430.1	313.1
429.25	313.3
429.75	313.5
427	316.15
426.1	314.2
425.95	314.05
425.75	314.95
424.45	316.25
425.35	312.5
425.1	310.8
422.9	309.55
419.3	313.85
420.1	310.95
420.9	306.45
422.2	304.2
423.6	303.05
422.35	302.7
421.3	303
383.85	314
386.7	310.85
385.6	308.55
384.7	307
384.25	306.1
384.4	314.7
385.4	317.1
385.85	316.45
386.05	314.1
384.95	306.75
386	301.1
387.75	302.05
388	305.75
389.25	308.15
389.15	308.8
390.1	310.05
392	311.95
392.4	311.5
392.05	310.75
391.65	308.95
389.8	308.95
392.55	307.8
393.1	311.05
394.55	307.7
394.25	306.9
395.1	310.3
394.3	309.75
398.65	302.7
398.85	304.8
401.95	306.35
402.95	311.5
406.75	311.5
406	312.3
408.45	315.55
408.35	311.1
408.9	304.05
410.2	302.2
409.7	305.6
411.95	308.4
412.95	306.35
413.3	305.35
415.7	310.75
416.35	315.65
414.95	316.05
416.1	310.45
414.5	311.6
416.25	310.7
419.1	314.05
419.25	316.35
419.35	317.95
420.8	316.45
419.6	316.65
423.45	316.9
421.65	318.5
420.05	321.85
421.75	323.2
423.7	318.15
425.5	321.15
426.7	325.9
427.35	321.6
428.95	318.3
430.05	320.55
429	329.6
428.75	331.25
429.45	331.8
428.6	335.4
429.25	335.8
431	330.6
428.9	328
427.2	331.8
685.6	408.15
721	420.4
712.7	417.4
713.15	418.45
714.95	420.65
716.5	419.8
714.3	420.45
716.05	420.75
715.95	424.3
717.6	424.3
718	425.35
718.65	426.15
717.6	428.3
716.75	429
715	430.9
743.4	445.5
745.15	451
746.3	450.25
743.15	450.85
742.1	453.15
741.6	455.1
739.7	456.9
741.7	457.25
736.3	461.75
731.45	463.4
725.6	464.05
426.4	359.1
412.9	355.75
415.45	355.05
412.75	354.9
413.4	355.7
414.4	352.4
414.65	353.75
413.25	351.7
411.9	354.75
415.7	354.5
416.85	355.55
416.55	357.55
414.65	358.65
416.85	359.35
645.9	445.4
674.1	453.3
668.05	454.2
666.2	455.75
669.05	457.05
669.3	456
667.05	454.95
666.8	454.5
665.2	453.7
663	453.7
662.85	451.7
663.15	448
659.05	450.3
658.35	451.8
657.05	454.65
606.05	440.85
396.45	378.8
378.45	372.95
375.75	367.6
372.1	367.65
369.7	368.55
367.9	369.4
367.15	366.65
369.65	364.9
370.55	365.05
370.5	370.4
369.15	372.05
370.05	372.05
369.05	373.7
368.4	375.75
369.15	377
371.95	378.5
373.95	381.3
372.3	383.15
372.25	385
374.1	383.4
372.95	385.05
372.55	385.15
373.45	385.6
374.4	385.5
374.7	386
375.5	383.7
375.25	386
376.95	382.8
404.8	413.2
407.05	417.05
406.2	414.4
407.55	414.15
407.8	414.5
409.05	413.1
410.1	415.8
410.9	412.65
409.25	411
411.85	410.95
411.5	413.6
412	413.05
411.15	414.1
411.15	413.65
410.9	415.65
413.15	414.25
411.95	415.45
410.45	410.9
578.4	380.95
591.4	380.55
595.8	380.5
596.4	381.15
600.6	380.25
606.5	380.6
610.7	378
614.35	376.75
620.4	372.95
625.75	372.5
628.45	374
633.4	373.25
636.5	373.7
639.35	373.75
641.85	371.85
646	373.7
647.75	373.45
648.05	372.65
650.35	370.4
420.5	352.45
385.85	352.3
391.5	355.6
396.65	351.4
397.95	350.25
400.7	348.1
399.35	347.65
398.4	348.35
399.4	350.55
401.3	349.1
401	349.65
399.15	351.5
401.3	351.3
403.65	349.6
404.9	350.55
401.35	353.15
396.75	355.75
397.05	357.45
397.2	355
398.35	353.9
398.8	352.6
398.5	351.05
395.85	350.45
392.05	352
388.45	351.9
388.65	353.6
357.5	393.95
326.35	389.65
325.65	391.15
321.3	394
319.8	397.3
320.85	397.55
318.15	397.9
317.45	397.2
237.85	451.85
271.3	443.85
272.5	441.25
273.95	441.05
275.95	439.7
275.35	436.65
275.55	439.1
274.3	438.45
273.7	442.5
275.15	442.1
275.95	444.8
276.45	442.75
278.1	441.3
277.65	442.9
280.45	443.8
281.45	441.1
285.5	441.45
358.5	366.75
356.6	367.75
358.35	366.1
360.2	366.35
356.85	372.45
356.45	373.1
358.5	373.45
360.9	369.4
363.45	369.05
363.7	368.45
364.8	366.95
362.65	369.85
363.7	372.8
369.05	369
371.8	370.55
373.1	372.6
375.8	372
377.9	373.55
379.3	377.6
616.1	404.05
636.05	409.35
639.65	404.4
639.4	405.35
641.05	404.3
642.5	402.75
641.4	404.7
641.3	404.7
708.9	399.25
719.15	396.05
720.2	396.6
723.15	390.85
723.45	392.15
723.1	389.85
723.7	389.8
721.85	390.8
720.15	394
718.5	396.15
718.2	397.4
718.25	397.05
721.35	393.85
651.45	374.9
674.6	374.8
673	374.65
673.5	373.05
669.75	377.35
590.6	371.9
334.8	364.4
333.65	369.45
336.3	367.35
337.2	362.7
335.1	362.5
333.5	365.7
333.45	366.95
336.15	368.25
390.35	355.2
389	360.1
389.1	360.65
386.05	360.3
384.05	366.7
386.85	375.65
383.35	376.25
385.85	374.05
387.6	371.45
388.1	366.05
387.75	366.8
386.55	367.4
384	368.45
386.75	368.5
383.6	363.35
394.3	363.65
619.85	376.6
634.7	372.2
634.85	373.05
631.3	375.9
628.95	377.8
628	378.9
625.95	378.9
625.5	378.45
627.9	376.3
625.1	375.05
623	375.65
621.05	373.25
621.55	373.15
618.6	376.75
618.1	376.8
618.75	376.55
616.65	374.45
618.25	375.3
619.25	375.6
615.75	375.3
615.5	377.7
618	378.15
617.5	376.35
617	377.45
617.6	378.3
616.85	378.1
618.9	377.6
619.05	379.9
619.95	379.05
616.3	381.9
617.8	382.3
613.65	384.9
614.15	383.55
613.05	384
610.6	384.4
614.5	387.2
573.75	393.15
571.7	397.9
573.25	400.2
570.95	400
570.6	392.75
568.35	394.05
567.65	393.1
565.3	392.8
564.15	395.7
562.2	396.25
562.95	394.9
563.4	392.9
561.6	391.25
559.2	390.15
559.35	390.7
561.4	384.7
563.55	380.45
565.6	380.05
567.4	383.35
570.05	388.7
575.2	390.8
579.7	389.4
584.25	388.55
632.15	410.5
624.75	416.6
625.1	413.5
626.35	413.75
624.25	414.7
623.75	415.9
626.35	413.75
625.05	414.3
625.25	415.75
626.2	414.15
624.55	415.6
626.15	413
604.05	414.85
383.3	368.55
385.95	377.5
386.05	377.2
384.65	377.7
382.75	380.15
383.05	377.8
384.8	379
377.45	371.85
366.35	368.4
367.75	371.55
368.7	371.75
368.2	372.85
371.15	373.3
369.95	375.95
369.85	375.4
369.35	374.45
369.9	375.1
372.05	374.05
371.6	375.25
369.05	377.45
369.95	376.55
371.15	375.3
377.75	370.4
389	366.2
389.85	365
390.8	367.1
393	364.55
393.05	364.9
390.9	365.9
392.55	364.3
391.95	366.4
392	365.95
392.35	368.15
392.9	367.25
392.25	367.8
394.45	369.45
396.3	366.7
397.9	366.45
397.2	366.35
395.25	369.3
396.8	368.45
400.15	367.25
399.4	365.2
399.6	366
397.1	368.7
400.65	367.3
401.4	367.45
400.5	368.6
402.35	367.95
401.8	369.8
402	368.2
403.25	367
405.5	365.6
403.4	363.05
405.1	363.5
406.45	367.4
409.15	372
406.5	370.5
407.65	374.55
408.3	371.95
411.5	371.85
410.8	370.3
409.15	370.8
408.6	369.1
408.6	367.3
409.15	365.8
404.4	371.9
406.2	372.1
404.05	371.75
407.15	372.25
406.4	372.55
406.25	374.15
405.85	377.9
406.5	378.35
406.75	382.55
407.85	384.55
404.55	383.3
402.65	386.85
401.75	383.3
407.05	379.4
408	388.55
407.65	387.75
406	384.3
405.3	385.6
409.45	390.5
408.25	389.1
405.15	382.65
411.5	381.45
410.9	385.15
412.1	386.25
411.35	386.25
410.3	383.85
408.75	386.9
408.55	382.55
407.65	383.4
405.15	383
406.35	378.25
405	376.9
405	376.35
401.2	373.15
402.15	371.55
399.45	381.35
400	381.6
397.65	385.55
376.4	378.8
350.2	388.85
350.3	391
356	380.25
353.85	379.85
358.45	376.4
359.2	374.45
357.55	377.8
355.35	382.45
357	383.4
359.2	383.15
357.7	387.55
357.35	374.8
352.35	374.45
353.25	382.9
366.55	376.85
367.15	384.65
367.15	388.9
367.7	386.55
371.15	379.2
371.15	377.15
369.95	379.9
371.3	384.8
370.4	384.1
369.2	382.95
370.1	383.7
366.75	383.95
368.2	385.2
370.15	386.7
373.65	385.8
375.65	386.85
376.8	391.4
373.65	398.95
365.1	401.6
374.95	395.5
366	414.4
381.85	390.6
380.35	399.5
378.35	402.9
378.45	404.95
381.75	402.2
379.85	389.15
373	389.9
374.45	392.95
376.6	393.15
374.7	398
372.35	393.4
547.55	387.15
560.25	382.5
556.85	389.6
560.1	394.85
559.55	399.85
558	405.15
625.75	378.8
615.8	387.75
620.85	383.7
622.6	384.55
621.55	385
617.8	386
618.55	387.9
621.4	390.55
625.25	392.1
625.1	392.45
628.3	392.45
634.95	389.95
635.25	392.55
613.85	396.6
305.05	416.2
314.25	406.7
311.1	410.05
308.8	410.1
311.85	409.5
311.6	410
313.9	412.25
311.4	414.55
312.6	416.05
313.35	416.35
313.75	416.7
315.95	415
319.4	413.95
313.85	415.8
284.95	438.05
273.6	431.85
273.65	427.05
277.85	424.15
280.15	421.85
283.05	418.2
287.15	415.3
289.6	415.85
292.15	410.85
289.85	411.4
293.35	411.3
296	408.05
296.9	411.05
297.45	414.25
293.5	393.45
294.25	393.4
297.05	390.85
301	391.85
302.25	391.2
302.45	394.2
303.75	394.25
305.05	390.85
307.45	390.8
307.15	389.5
351.85	376.15
338.55	380.4
339.9	377.75
340.75	376.25
339.15	379.45
338.75	379.4
339.95	379
338.65	373.8
337.85	373.25
336.55	374.25
336.7	368.9
335.3	371.8
336.7	376.25
333.9	375.5
332.3	378.75
335.65	373.2
335.65	370.25
333.6	366.4
333.85	359.95
296.5	372
297.75	378.6
298.05	378.1
297.1	381.75
296.05	382.95
295.8	385.6
295.55	386.05
295.25	386.55
296.7	382.85
594.95	397.3
743	420.25
762.8	425.5
763.55	425.65
762.4	427.85
762.45	428.3
764.05	428
764.25	428.55
762.45	430.45
764.05	430.3
765.55	428.5
817.75	429.5
816.8	435.1
815.8	435.5
812.05	435.7
813.4	433.55
811.5	432.85
813.95	430.7
812.85	430.35
814.2	430.6
814.85	433.05
402.65	388.15
381.2	385.15
393.75	383.2
397.25	385.65
400.5	386.75
400.5	390
400.05	394.05
405.65	394.15
406.75	401.95
411.05	405.3
413.65	407.35
414.35	410.4
415.45	413.15
412.75	417.2
370.15	443.35
380.5	459.35
382.3	456.6
382.05	457.95
387.05	457.9
389.75	456.25
394.25	454.55
393.45	455.1
396.05	451.55
396.15	453.05
398.05	451.45
398.8	450.5
399.55	450.75
398.1	449.3
396.4	445.65
394.2	444.9
394.6	443.5
391.5	442.55
389	440.6
388.7	438.85
386.05	439.2
383.05	437.65
382	436
381.65	434.4
380.75	434.05
340	440.5
324.05	433.4
323.15	433.6
321.8	430.3
318.15	431.4
318.25	427.8
322.8	421.9
324.65	416.8
324.45	419.8
320.05	422.2
322	418.4
322	415.75
326.55	412.95
326.8	410
326.6	408.2
323.6	407.8
322.8	405.1
341.85	359.45
345.5	363.25
345.15	369.95
344.35	370.05
342.35	371.7
342.85	365.7
341.65	364.55
341.65	364.4
340.7	364.05
340.1	363.45
338.6	355.1
335.25	356.1
333.3	356.4
331.85	358.7
236.1	375.1
249.8	377.25
248.75	376.35
253.5	374.9
252.7	374.3
253.5	375.95
251.9	373.6
253.75	373.5
249	375.75
252.95	370.85
253.95	366.85
255.05	362.45
253.9	362.75
255.85	364.6
256.3	367.05
262.6	365.35
286.05	362.7
379.3	397.15
382	400.85
382.2	401
383.65	403
383.5	406.35
382.15	405.9
385.95	406.65
386.75	405.9
388.85	405.4
389.05	407.95
561.65	515.55
567.5	515.4
560.45	516
561.7	516.35
562.85	514.35
563.7	514.55
567.45	510.45
570.3	508.4
570.7	507.1
574.6	500.65
575.8	500.85
576.25	499.7
574.5	494.9
571.45	493.4
568.1	489.9
565.35	490.35
568.25	486.45
569.95	482
563.45	482.45
543.1	470.05
520.7	450.75
519.65	452.7
516.05	451
514.6	450.6
515.95	448.7
515.1	444.6
516.15	441.4
516.05	436.85
515.95	435.25
515.85	434.25
517.1	434.45
518.5	433.95
516.45	432.15
513.35	432.6
516.05	430.15
518.95	430
298.75	362.85
261.45	350.1
266.7	356.2
268.05	355.5
269.3	355
268.15	356.35
269.55	357.85
270.85	357.85
272.8	355.75
273.8	354
276	354.45
277.35	356.45
278.1	358.9
282.5	356.25
286.15	354.7
292.2	345.45
294.65	342.95
537.2	372.05
580.95	371.6
577.1	371.6
583.9	365.8
588.4	362.8
590.65	363.5
593.3	361.8
600.1	359.6
605.25	358.65
604.65	358.65
604.65	358
602.75	361.8
601.65	368.7
601.8	372.65
601.6	375.7
603.25	376.95
604.75	378.95
606.9	378.75
610.65	382.6
614.05	383.5
616.85	387.05
614.7	388.85
611.15	391.5
608.75	393.65
605.35	400.15
599.6	406.7
596.1	408.6
539.95	441.5
534.15	469.5
532.25	466.35
525.35	469.5
517.8	468.75
514.5	466.7
517.05	460.75
501	491.8
485.55	504
481.75	504.8
477.75	507.35
474.85	509.45
473.1	514.8
472.35	517
472.6	522.1
471.75	527.9
471.45	530.9
470.5	534.15
469.65	537.5
473.5	540.75
474.15	546.45
473.25	549.45
477.35	550.85
477.65	551.9
477.9	554.65
477.95	558.8
481.55	560.05
483.4	559.85
575.75	619.55
590.15	639.3
591.15	639.2
591.35	638.65
591.55	637.95
592.45	633.5
595.35	630.05
599.65	625.1
604.2	622.35
611.05	618.65
