455.4	393.1
455.45	393.5
457.45	392.85
454.05	395.85
455.9	393.8
456.2	391.4
455.15	389.7
456	384.85
580.15	374.9
577.7	373.9
575.75	370.7
575.35	368
577.85	364.95
578	357.55
578.4	356.8
606.05	339.05
603.4	339.75
603.7	335.1
600.8	331.8
600.7	329.65
330.9	307.5
337.4	299.5
338.2	292.6
337.45	288.9
338.95	288.15
339.55	287.05
338.7	287.85
337.8	284.65
337.1	282.1
336.55	281.75
341.15	301.75
340.6	306.9
338.85	306.2
340.55	306.2
339.35	306.25
340.6	306.6
341.8	305.1
340.25	309.55
343.8	306.3
338.5	307.75
511.6	317.25
523.6	316.3
532.35	318.5
531.85	313.6
529.15	311.55
526.25	311.6
526.7	315.2
526.6	309.55
526.3	318.55
546.9	326.05
571.05	338.85
576.9	345.15
579.55	343.4
578.75	341.25
581.3	343.2
586	341.65
0	0
0	0
0	0
0	0
367.7	304.05
361	289.3
364.2	302.25
357.55	291.1
361.85	300.55
358.4	295.35
358.7	295.7
327.55	501.15
0	0
0	0
0	0
0	0
0	0
0	0
367.7	425.45
368.9	374.6
369.8	360.7
371	374.9
369.95	390.85
368.65	389.95
371.85	391.75
374.3	490.35
372.55	500.45
376.6	493.75
372.35	495.35
372.15	496.4
369.75	500.45
372.5	498.85
375	495.75
375.15	494.9
379.15	353.2
385.2	327.2
386.5	319.1
384.25	316.8
387.45	317.3
384	316.8
383.9	319
387.1	322.1
385.35	323.9
385.35	348.15
385.9	346.9
383.75	345.35
386.6	345.45
388.1	341.05
387.05	330.75
384.85	326.75
384.65	323.6
391.05	323.6
391.25	335.7
390.25	333.35
388.4	329.25
386.8	323.75
385.8	323.25
387.55	321.05
386.05	315.65
533.25	334
605.8	358.15
614	363.3
613.2	356.3
613.45	349.55
611.55	353.6
679.4	375.35
667.35	371
672.65	367.25
669.35	367.3
668.15	366.6
664.4	368
662.55	369.35
664.95	368.1
661.95	377.45
661.15	376.7
661.95	375.5
495.6	341.2
381.9	326.2
369.05	329.75
370.55	332.65
367.8	331.35
369.8	329.7
362.55	325.7
364.95	319
361.6	321.55
364.5	328
365.45	325.75
364.15	319.4
355.1	332.3
356.9	329.35
514.7	353.7
546.45	354
553.15	361.45
551.8	357.15
554.8	359.6
556	359.55
554.9	359.45
551.3	358.9
551.05	355.95
556.3	362.25
554.45	349.65
553.35	349.75
559.95	355.6
0	0
0	0
0	0
0	0
0	0
0	0
0	0
557.05	359.95
560.2	328.75
563.5	331.7
561.95	343.6
556.95	347.25
547.95	346.4
542.65	346.4
534.85	346.55
535.45	341.55
367.2	347.55
337.7	342.25
329	343.55
327.8	342.75
327.6	339.2
327.6	336.85
325.25	336.8
320.15	337
320.05	339.35
325.65	342.8
320.45	349.75
319.45	349.5
321.85	340.45
320.65	345.9
322.85	345.75
325.65	345.55
328.65	343.8
457.45	341
474.3	397.95
0	0
0	0
0	0
0	0
0	0
0	0
0	0
0	0
545.5	366
547.05	344
550.55	337.7
539.25	333.95
510.65	356.85
506.95	371.25
504.95	376.8
504.75	377.7
506.45	375.75
503	377.7
502.15	381.4
502.9	377.3
337.75	345.9
334.3	343.85
330.35	345.45
333.3	344.85
331.75	346.55
339.6	343.4
337.65	345.85
337.45	347.95
288.7	351.6
302.1	350.75
305.2	350.95
307.65	349.15
310.75	349.15
310	350.5
314.05	352.6
314.7	354.45
313.95	356.75
518.85	366.7
528.9	361.35
530.55	358.7
528.85	361
522.9	356.15
522.8	360.95
523.15	357.2
522.25	358
567.05	370.15
561.8	364.05
562.1	363.5
561.3	363.7
560.2	363.4
559.55	361.95
564.4	362.75
563.75	364.95
562.2	366.6
560.8	364.4
559.25	363.2
557.55	363.4
555.8	364.5
554.9	363.9
555.05	364.35
556	365.5
556.55	368.6
556.15	368.45
556.4	367.95
557.8	369.2
558.8	369.4
557	369.45
559	367.75
556.05	368.6
555.9	366.85
557.15	369.05
556.15	366.85
554.9	369.75
556.9	366.1
559.45	366.85
560.2	365.8
562.3	368.3
560.3	368.2
560.15	368.15
561.65	372.15
563.55	372
563.5	374.55
562.1	375
559.9	374
561.9	370
563.45	371.4
319.95	376.5
325.85	388.35
325.8	387.95
328.7	383.55
327.4	384.75
331.85	383.05
326.4	384.8
300.9	380.4
295.75	381.55
298.55	380.25
298.15	379.9
300.2	376.6
300.2	373.35
299.8	372.9
301.2	369.65
298.15	375.25
298.8	373.4
297.25	370.75
299.1	376.3
300.35	373.65
304.3	369.35
304.7	370.1
305.2	373.6
301.35	373.3
303.5	373.8
302.85	372.5
305.65	368.8
305.55	365.2
303.8	363.55
300.85	364.35
524.55	367.1
549.05	379.1
553	377.3
553.5	376.8
553.05	381.25
552.25	379.4
556.65	378
550.55	378.4
552.4	380
554.65	380.9
555	380.65
557.05	384.15
556.65	383.7
558.55	383.35
559.85	382.85
560.2	378.25
557.5	376.45
555.25	379
557.55	380.35
560.7	379.9
565.6	382.9
569.45	380.45
568.85	373.4
567.65	374.45
569.9	377
574.2	381.5
593	422
594.05	423.75
596.4	425
595	426.1
591.95	432.15
594.15	430.95
590.3	437.4
587.4	439
568.5	476.1
568	503.95
569.15	507.4
571.65	509.55
569.4	512.5
570.1	504.65
568.3	502.85
569.3	491.9
570	484.3
567.8	477.6
566.5	474.85
565.8	470.55
565.5	467.1
569.15	466
569.35	460.3
569.3	454.4
569.15	455.65
573.55	456.2
575	459.45
575.35	460.8
577.05	456.75
578.85	456.55
579.45	455.95
605.35	451.15
605.85	449.15
610.5	446.2
612.15	448.15
612.35	443.4
615.1	440.35
550.45	428.15
344.5	403.5
347.95	396.1
352.45	394.25
347.7	389.65
347.9	388.4
346.55	392.05
346.7	393.05
374.3	431.3
374.5	433.55
373.2	439.85
372.7	440.4
370.65	441.25
371	438.85
367.4	438.6
365.65	432.95
364.3	431
364.1	429.65
365.15	429.2
364.5	432.75
361.65	430.55
363.5	429.6
360.5	428.65
362.2	427.35
362.2	426.45
362.15	424.5
360.6	424.4
361.1	425.85
356.4	426.85
355.95	427.1
350.75	427.55
350.65	425.3
347.9	424.5
348.45	419.8
347.8	418.4
345.55	418.2
350.15	414.2
518.25	399.5
528.9	396.65
528.75	396.55
527.95	389.55
531.8	384.55
534.8	387.8
534.65	388.2
533.95	382.15
532.75	385.55
574.4	421.05
573.9	415.75
572.1	416.5
571.9	416.3
571.4	410.8
570.1	408.5
569.55	407.35
566.7	410.6
565.8	410.75
276.5	383.35
238.25	381.4
237.9	380.9
243.7	376.95
248.1	380.3
250.3	379.1
252.35	384.35
251.35	380.25
258.05	380.05
255.75	379.95
255.35	381.9
257.6	383.5
262.3	371.3
0	0
0	0
0	0
0	0
0	0
0	0
0	0
0	0
560.7	421.7
561.5	446.6
563.2	461.05
562.95	461.1
567.5	456.85
569.95	454.1
571.45	450.85
571.15	446.2
571.6	443.25
570.6	444.45
569.2	445.8
571.05	442.95
570.7	441.05
568.8	440.4
569.15	441.1
569.8	439.6
571.8	435.1
585.75	430.35
605.4	414.2
608.4	407.5
604.9	410.3
605.55	409.2
602.65	404.05
602.65	404.4
605.7	404.9
607.15	403
608.95	401.5
607.75	400.75
348.95	370.25
356.4	374
348.6	370.65
350.75	370.15
349.85	368.85
349.4	366.4
351.45	364.05
352.05	362.3
352.15	359.6
350.55	359.1
352.5	358.7
352.15	355.55
351.6	351.7
350.6	348.15
350.7	350.65
441.95	363.85
602.5	398.95
606.5	389.35
603.5	391.4
604.05	387.6
605.3	383.1
601.65	383.4
600.8	381.25
602.2	381
603.05	380.15
669.85	422.35
671.85	413.55
671.4	415.6
669.15	414.6
672.05	413.85
675.75	412
677.2	416.65
676.4	416.95
677.85	416.6
679.95	419.9
679.35	420.9
681.2	421.7
463.2	371.55
368.9	354.4
352.7	353.05
354.05	353.15
351.95	355.6
349.2	349.95
350.3	346.95
352.6	345.7
449.85	364.55
682	417.25
683.65	414.2
680.35	413.95
678.7	411.75
678.9	413
679.55	412.05
678.7	410.05
680.3	411.95
681.45	409.55
678.9	408.1
677.75	410.8
677.05	402.8
672.95	401.4
676.9	393.65
661.1	366.15
663.45	345
664.55	334.6
666.15	331.05
663.95	331.45
658.55	334.3
659.15	335.3
657.3	335.65
659.75	332.8
658.3	337.4
662.4	414.3
668.95	455.1
670.9	457.15
667.4	458.95
667.35	458.15
668.4	454.75
668.8	452.2
667.65	453.35
668.45	453.6
667.3	453.9
665.9	450.3
664.35	448.8
657.7	397.35
654.85	395.75
653.8	395.15
651.9	398.45
651.1	400.25
650.05	397.35
648.35	395.05
649.05	397
409.2	332.05
366.4	308.65
365.35	306.3
364	302.15
362.1	305.1
357.6	308.6
358.45	305.85
358.4	304.65
361.45	304.2
362.7	299.45
319.7	312.4
325.35	310.25
327.65	310.85
331.75	313.2
332.1	312.5
330.95	311.8
539.4	380.4
666.8	430.7
674.4	429.3
676.3	426.8
678.55	423
678.5	420.6
679.6	417.45
576.7	396.1
319.6	323.15
316.05	313.35
317.15	314.4
315.85	312.1
315.6	311.55
313.85	309.55
315.05	304.3
311.55	301.55
309.75	299.35
308.9	296.65
337.2	275.4
334.6	277.75
335.2	276.5
334.75	275.85
336.6	274.2
336.1	273.6
335	271.45
335.9	269.75
335.55	267.7
334.4	268.95
334.4	267.75
332.25	268.9
334.3	265.75
317.3	274.2
320.9	273.1
318.15	278.05
319.55	276.5
317.65	271.8
317.25	269.5
319.5	268.4
320.25	266.9
348.65	264.65
342.3	263.7
341.95	264.55
342.55	263.65
341.55	265.6
344.15	261
346.8	256.45
349.55	253.9
352.1	251.8
333.4	222.35
338.45	228.05
340.6	226.35
341.55	229.15
336.65	230.8
337.6	229.8
338.85	228.2
361.6	285.5
363.4	277.85
362.45	279.05
363.8	278.35
362.9	278.9
360.8	274.7
362.25	277.6
359.3	278.9
358.2	276.6
360.4	276.6
359.5	274.8
360.9	274.9
357.4	276.45
356.4	279.4
358.3	278.75
355.85	277.1
371.05	269.4
370.7	274.35
369.15	279.3
368.35	277.55
371.05	276.4
368.8	263
366.45	265.75
368.15	263.2
370.25	261.5
369.1	262.05
372.1	257.5
369.75	257.85
369.6	261.45
354.5	266.35
343.55	265.1
340.5	268.15
340.2	264.75
341.6	264.3
339.6	263.25
340.35	263.65
339	268
343.35	261.3
344.3	264.8
345.95	266.2
345.35	263.9
345.2	265.05
348.65	265.55
347	263.25
346.7	265.4
348.7	265.55
348.9	265.6
349.15	265.1
350	261.4
379.5	268.25
377.65	265.25
378.3	264.75
379.4	265.15
380.15	266.8
381.25	267.35
377.35	265.2
377	267.55
378.3	264.35
382	263.05
381.85	264.7
379.75	264.9
379.45	263.75
377.5	264.95
376.65	264.9
374.9	271.1
378.9	273.3
377.6	274.25
380.65	258.85
380.95	265.65
382.5	268.2
378.25	270.55
377.45	268.9
379.5	266.15
379.6	271.95
380.75	284.5
389.75	400.55
0	0
0	0
0	0
367.45	520.1
375.15	451.5
374.95	394.7
390.5	365
391.4	346.85
390	337.25
396.2	310.2
396.2	296.95
402.2	302.3
398.3	315.45
397.95	321.95
396.8	321.55
397.35	322.05
399.15	322.85
400.7	322.25
398.8	318.4
397.4	316.65
395.7	324.6
397.35	320.25
393.55	321.25
392.05	317
392.05	320.2
392.6	320.5
396.45	324.5
0	0
0	0
0	0
0	0
0	0
390.9	377.85
401.45	340.5
402.3	343.25
399.4	357.7
400.2	360.85
399.45	360.95
401.5	360.7
397.45	359.35
403.05	361.75
399.3	358.45
401.95	356.2
401.45	356
398.3	359.65
405.2	354.05
403.2	353.35
405.6	352.3
403.05	347.5
403.75	342.7
404.85	344.9
413.8	317.15
413.3	318.2
412.95	318.55
411.9	314.85
413.85	317.35
414.25	309.15
413.9	307.35
414.6	306.6
410.6	312.5
411.3	311.5
410	308.65
409.7	302.05
409.15	306.45
408.6	305.85
405.65	302.6
406.6	300.2
407.7	297.9
407.3	296.8
405.6	297.95
360.65	300.15
371.15	299.35
370.75	299.35
367.55	299.85
367.2	297.4
365.95	297.4
364.5	300.8
357.75	295
356.4	295.2
354.7	295.7
357.5	295.4
354.55	294.55
346.1	297.1
350.45	297
347.45	292.65
348.05	289.45
346.5	289.9
346.65	291.35
345.1	287.25
381.6	293.85
375.6	292.9
373.05	291.6
373.7	289.1
374.45	285.7
373.45	283.1
373.8	279.75
371.4	276.15
372	272.55
374.35	269.85
362.05	242.8
362.25	237.4
362.8	237.4
363.95	236
366.05	234.45
366.95	228.35
364.25	232
363.75	231.4
363.3	232
362.6	233.65
359.65	231.15
359.05	231.05
359.05	231.1
354.05	283.4
355.25	276.6
354.15	275.55
356.25	273.75
357.75	272.35
357.85	274.6
362.25	271.15
361.95	271.85
364.75	270.6
365.1	267.8
363.4	267.95
384.85	272.6
630.5	353.6
633.8	353.55
634.8	356
637.55	354
636.9	351.85
636.3	348.6
637.1	351.5
635.15	356.05
633.95	351.85
631.85	347.25
634.35	339.65
634.6	340.4
389.1	287.3
388.7	283.25
374	284.5
375.05	290
375.5	291.4
380.85	283.65
382.4	283.85
378.95	287.3
379.15	287.4
376.9	284
382.25	282.15
381.6	284.7
383	279.5
385.7	267.65
384.2	268.75
386.5	270.15
386.9	270.35
389.25	272.05
389.4	274.4
389.55	274.55
389.25	274.75
387.5	274.35
385.6	274.55
387.35	275.1
387.5	270.95
390.6	271.8
390.5	269.85
388.8	269.85
386.35	271.65
388.15	270.6
388.2	273.4
390.6	278.35
391.65	273.7
388.45	272.9
411.5	279.4
404.65	282.45
403.9	283.25
404.2	283.1
404.6	282.9
403.05	282.2
403.75	281.9
403.85	282.1
400.85	279.35
399.95	280.6
614.65	422.2
691.5	470.35
697.8	479.95
695.65	478.9
690.45	479.05
694.25	474.1
690.8	472.05
691.3	472.25
689.3	470.7
693.3	463.65
693.15	474.8
701.75	543.9
696.15	661.05
664.25	489.2
662.5	382.75
656.25	337.85
660	330.95
664.85	318.2
658.05	319.75
658.05	324.75
663.45	482.65
0	0
0	0
0	0
0	0
0	0
0	0
0	0
394.8	306.2
394.1	289.95
392.2	291.35
389.4	305.55
390.65	314.35
389.65	318.05
391.35	318.7
387.95	321.25
386.5	318.25
385.4	318.95
373.9	319.6
358.15	354.65
352.45	349.8
355.35	344.5
357.45	343.3
360.3	339.2
362.45	336.5
362.9	338
366.9	337.2
366.65	336.9
369.25	337.75
362.3	337.05
364.4	335.95
366.1	337.15
361.05	341.35
363.3	340.7
363.55	341.25
394.5	377.4
384.85	365.95
383.4	365
382.05	363.7
384.05	364.3
383.75	360.15
383.55	360.4
381.7	357.15
380.7	353.2
382.75	353.05
380.95	350.45
378.95	349.45
383.75	345.1
382.4	349.75
382.2	347.7
386.45	350.9
384.15	347.45
385.3	347.55
386.95	350.65
537	335.35
577.9	345.25
583.55	344.8
584.5	347.05
583.75	343
585.55	344.65
585.55	344.75
584.85	343.4
589.05	343.6
596.5	346.4
599.5	345.05
607.75	344.15
611.75	342.65
618.25	341.5
627.4	340.55
637.55	338.4
640.2	337.15
648.9	331.9
655.05	326
657.65	328.5
659.7	327.7
662.45	326.55
665.15	321.5
667.2	320.85
668.95	323.45
672.05	320.5
672.55	320.8
674.1	321.75
694.55	350.5
699.85	350.2
696.6	349.15
700.65	348.95
701.85	349.6
706.25	345.65
709.15	352.2
713.65	348.7
716.65	347.65
717.7	349.7
717.85	352.2
718.4	353.3
720.4	351.75
721.95	355.85
721.1	350.3
719.25	353.5
406	343.5
376.75	329.3
378.3	326.4
375.35	326.7
370.85	330.15
371.35	326.65
374.7	321.6
373.3	327.05
370.8	331.75
366.75	327.2
365.75	327.1
361.35	335.35
357.1	328.95
667.35	371.3
678.9	368.9
679.8	366.9
679.95	362.9
682.2	361.85
683.95	360.9
685.45	361.15
685.4	361.25
684.15	363.55
678.3	361.3
679.55	349.2
680.8	351.2
680.75	351.1
682.6	356.05
682.05	356.7
683.8	350.85
683	347.05
681.8	350.6
711.45	357.55
704.05	360.35
706.25	360.3
705.5	362.25
705.05	362.15
705.5	361.8
704.9	360.65
703.8	361
700.5	359.05
701.8	357.1
699.6	354.9
700.1	358.4
699.9	358.6
698.7	356.8
666.45	348.45
665.4	351.2
670.25	355.5
671.35	349.25
667.05	348.75
666	352.05
666.45	348.95
668.15	348.45
668.55	349.65
667.3	352.25
666.65	353
669.9	355.2
670.95	356.8
588.85	359.3
391.4	335.85
388.5	332.05
392.5	334.55
391.95	343.45
389	344.65
389.1	344.15
390.45	336.25
394.4	331.7
394.55	331.2
393.55	334.45
396.25	330.3
359.3	339.5
363	330.7
362.1	328.1
360.85	332.15
360.45	326.75
436.35	354.95
679.15	398.1
684.85	393.9
685.25	391.75
687.9	385.75
686.7	385.05
685	385.8
683.35	380.85
684.45	379.45
685.8	378
371.5	337.1
367.1	333.25
357.1	330.1
356.45	325.9
358.05	323.65
356.75	325.15
356.75	327.25
594.05	369.15
645.45	371.05
653.35	373.65
651.3	374.7
650.05	374.55
647.7	373.7
645.8	373.3
645.3	372.05
642.75	368.5
642.75	368.65
639.6	367.4
641.65	363.9
640.15	361.35
647.85	348.25
649	351.8
647.05	349
648.9	345.75
644.65	347
641.9	346.35
638.85	347
634	347.5
630.85	347.45
590.25	356.15
598.85	358.45
595.75	358.35
595.7	357.4
592.7	358.55
595.45	358.5
597.25	359.15
593.15	359.65
593.75	357.75
594.95	358.5
592.6	357.3
590.75	353.75
592.4	358
588.6	363.45
589.5	364.1
591.05	361.7
364.5	367.85
358.4	375.45
358.5	375.65
358.55	373.55
358.5	372.35
360.05	371.05
359.05	371.35
447.2	367.6
585.6	381.45
590.6	377.15
588.65	377.95
591.45	373.6
597.95	372.05
598.75	373.9
593.05	374.2
591.3	368.2
588.9	363.05
584.1	365.95
583.9	361.9
582.65	361.5
580	360.55
579.75	361.65
575.65	361.7
567.15	353.75
568.9	350.95
570.2	349.25
570.85	349.65
574.2	349.55
576.35	351
584.05	350.05
589.55	348.5
589.3	345.9
596.8	341.65
597.5	339.3
596.8	339.6
614.45	344.75
629.9	358.35
632.65	357.7
630.7	353.75
629.55	348
630.65	348.15
627.6	348.3
627.7	350.6
629.6	354.15
630.75	355.2
628.2	352
628.8	352.5
628.65	349.85
628.65	356.1
630.9	362.75
626.6	359.55
627.35	353.85
628.3	361
505.1	355.3
355.85	362.1
348.25	335.05
344.85	356.95
341.8	356.75
343.75	347.75
340.45	355.85
343.5	350
345.35	353.8
343.4	355.85
342.95	356.1
514.65	360.05
616.1	356.9
625.5	351.15
625.4	349.5
627.9	333.05
628.3	346.55
628.2	337.65
632.2	309.05
635.05	301.9
636	299.15
637.15	298.65
638.9	304.6
638.3	293.05
641.95	288.85
640.15	290.65
642.7	294.6
645.05	290.05
646.65	285.65
663.45	292.6
662.35	294.65
664.65	293.45
661.6	291.35
661.1	304.6
661.65	312.85
661.1	325.35
662.25	319.7
660.05	308.75
661.3	307.75
659.45	315.65
662.9	310.5
610.9	301.5
607.95	306.05
610.5	300.65
606.75	298.5
604.55	301.7
606.2	295.9
605.35	294.85
602.8	305.55
600.1	307
574.9	345.45
566.8	349.35
564.4	351.75
564	351.25
558.65	352.85
555.1	351.05
553.7	349.75
558.4	354.1
559.35	358.95
562.2	367
564.55	369.1
563.15	364.25
566.3	363.55
570.35	371.8
614.9	367.3
612	367.65
614.1	364.4
614.5	362.85
615.15	367.35
618.6	365.45
577.85	368.5
374.45	360.5
363.3	359.45
360.2	367.4
361.8	363.2
358.95	365.1
357.25	360.15
355.9	367.3
355.1	365
358.3	361.5
359.45	354.45
358.35	354.75
359.95	358.9
359.25	360.8
352.55	353.05
354.35	348.15
350.05	354.35
348.3	351.05
348.1	342.85
344.55	345.4
341.2	344.25
345.4	342.45
338.8	345.5
334	345.5
332.75	345.25
329.7	341.65
327.65	339.4
327.1	337.1
299.65	351.5
299.6	350.7
300.7	353.8
301	355.3
304.85	353.45
304.55	348.7
305.75	349.1
306.15	346.8
307	343.05
307.15	343.6
562.7	309.5
585.7	320.05
589.85	322.05
592.25	323.55
591.3	321.8
590.95	317
590.05	320
593.35	319.95
592.05	326.05
317.9	373.55
320.95	378.9
321.8	380.2
316.75	382.4
317.8	381.6
315.55	387.5
316.15	388.05
319.8	386.6
321.6	385.7
322	386.75
322.95	385.5
320.55	383.7
320.75	385.9
318.85	382.1
316.4	379.2
316.15	375.9
316.4	374.4
311.8	350.35
312.65	357.5
313.2	349.1
314.85	347.8
310.8	341.9
307.4	338.5
308.05	337.65
308.6	340.35
308.45	338.65
306.7	338.6
306.4	339.3
303.6	338.85
302	334.55
294.8	337.5
279.8	342.45
274.6	341.05
276.15	341.4
272.05	342.55
271	344.7
263	346.8
260.85	345.9
259.7	341.25
258.95	342.55
233.15	361.6
241.15	362.7
240.05	362.3
244.65	362.3
247.3	362.45
248.35	360.7
248.25	360.75
251.9	361.15
249.55	360.6
254.2	358.55
256.45	360.05
258.4	359.5
258	357.6
259.6	356.55
261.8	354.8
263.85	352.85
265.5	352.2
268.6	353.5
269.95	351
270.15	351.8
269.15	354.9
269.05	353
271.35	351.3
279.2	347.1
279.4	349.15
278.55	348.45
295.2	349.2
671.25	401.4
688.6	403.9
686.35	404.15
686.2	402.2
686.95	400.45
688.6	397.8
689.85	394.5
688.6	397.35
690.1	398.6
691.5	396.8
692.95	398.5
617.65	383.6
321.95	478.2
0	0
0	0
0	0
0	0
0	0
0	0
0	0
342.45	347.2
340.1	317.7
342.45	316.8
302.4	326.8
299.95	345.3
300.6	345.9
300.45	346.4
401.85	365.8
802.1	372.4
786.5	402.85
784.55	411.8
783.85	410.15
787.35	410.35
787.2	406.9
784.5	406.35
788.4	412.55
793.25	414.55
790.7	408.35
785.3	403.4
788.25	402
794.6	401.6
797.7	407.65
797.9	415.35
797.5	416.65
800.95	409.55
795.7	402.8
796.25	405.5
798.25	406.95
812.85	412.8
823.85	415.75
827.6	414.05
828.35	411.6
823.85	409.45
826.6	408.3
824.45	405.95
819.9	403.85
820	403.9
817.45	403.55
818.55	402.45
817.1	401.55
819.3	402.65
818.95	404.2
822.05	403.55
818.15	409.15
814.5	409.25
491.4	365.6
363.15	350.25
346.85	337.85
352.25	342.75
352.55	341.8
354	344.1
357.15	345.8
359.45	342.7
363.35	344.35
363.95	343.35
370.5	379.9
375.15	382.1
377.35	382.5
375.05	380.85
372.85	387
371.45	389
371.75	389.75
372.35	390.1
362	436.35
363.95	433.45
367	433.8
370.85	430.45
371.75	430
372.4	422.3
375.5	418.4
374.9	415.55
373.85	414.75
372.35	413.75
372.4	413.35
370	412
363.6	412.5
361.65	407.7
360.05	401.35
359.35	399.6
355.95	398.45
350.9	395.9
348.55	393
347.6	386.5
346.05	385.5
344.45	384.85
335.65	387.2
314.5	386.55
313.45	388.75
311.05	391.1
313.5	386.5
312.05	386.1
311.75	383.65
315.85	380.45
319.1	376.6
317.85	373.6
317.25	371.9
319.3	366.35
320.35	361.5
324.05	357.6
321.9	357.7
319.3	355.25
319.85	353.25
321.55	350.8
319.3	352
319.7	344.4
320.9	341.7
319.6	341.45
318.3	334.7
317.1	333.65
314.35	333.35
316	328
274.15	331.1
283.15	331.2
280.95	327
283.6	324.95
281.6	324.5
280.65	324.25
278.4	326.55
277.4	328.2
278.5	328.45
277.75	334.3
274.85	333.3
275.75	333.25
274.4	336.7
274	333.55
275.1	331.8
275.8	331.9
277.6	332.3
281	333.15
279.75	342.75
280.55	342.1
282.9	344.1
284.55	345.95
390.85	355.65
593.85	403.75
603.95	400.95
601.95	406.55
596.8	416.65
588.65	420.35
581.15	422.4
574.1	422.95
563.2	431.9
557.4	441.2
547.55	443.25
544.35	441
537.35	446.8
536.6	452.05
537	448.65
537.05	446.25
550.7	470.9
551.3	468.1
552	461.95
555.65	456.55
554	455.55
554.25	447.05
553.4	446
552.75	441.2
532.65	447.3
510.55	453.9
505.65	448.45
503.35	444.25
497.45	442.4
493.8	441.05
489.75	440.95
492.05	440.3
482.55	441.75
480.7	442.8
484.55	439.6
476.55	439.9
474.6	436.9
480.55	436.8
480.05	435.75
476.45	428.75
476.2	431.5
474.5	425.65
473.6	425.95
473.45	434
469.2	431
473.15	428.15
471.1	427.15
470.45	424.75
466.6	421.2
471.5	423.6
474.65	419.4
473	418.65
475.3	421.35
479.35	414.75
478.85	411.3
479.95	406.6
478.35	405.55
480.45	401.65
485.3	394.25
494.35	385.8
499.5	380.6
501.05	375.35
506.7	363.65
513.85	355.05
516.45	347.95
522.25	340.6
527.75	331.5
533.1	320.4
537.5	313.95
586.8	298
592.15	292.9
597.25	294.05
594.85	296.5
596.55	292.6
597.6	294.15
594.15	296.6
592.6	294.8
592.8	298.6
590.95	297.55
597.85	297.6
595.1	302.45
598.4	305.9
602.2	308.1
602.5	312.2
603.35	303.4
599.2	305.2
596.2	308
564	381.5
559.65	394.35
558.55	393
554.55	396.1
547.85	405.45
540.45	396.2
529.95	385.95
503.3	385.8
485.3	386.45
478.55	382.9
471	374.25
465.6	380.95
461.35	385.35
456.25	379.3
449.1	372.9
433.75	398.2
433.15	401.65
433.95	402.3
434.3	407.15
429.35	411.7
429.1	421.9
430.25	424
435.6	438.25
446.65	481.95
450.8	494.75
451.85	500.05
453.5	502.7
454.65	494.4
456.8	495.65
462.8	493.25
463.8	492.9
464.4	485.8
462.25	479.25
464	473.5
466.15	475.35
358.55	272.35
334.8	257.05
328.7	263.65
327.3	277.9
327.2	280
328.3	273.1
