477.15	365
477.55	362.85
484	365.2
484.6	371.15
486.2	372.65
484.2	369.9
586.3	380.95
628.1	390.15
626.35	393.4
625.35	392.6
625.65	389.7
627.3	387.7
467.45	357
403.5	346.4
396.2	341.55
394.65	341.85
395.75	337.85
395.25	336.25
398	335.8
392.6	339.1
594.6	417.6
661.05	412.35
662.5	415.9
664.45	416.5
0	0
0	0
0	0
0	0
0	0
0	0
668.95	392.55
660.3	357.1
654.6	366.85
651.55	368.3
649.05	370.6
439.6	337.2
368.45	339.55
364.35	338.45
360.4	341.6
359.55	342.1
357.65	340.05
356.7	341.35
354.45	343.65
347.2	349.1
418.2	345.8
555.6	345.65
565.2	345.05
565.75	350.3
567.7	351.2
570.2	352.65
569.2	355.65
0	0
0	0
0	0
0	0
0	0
0	0
0	0
617.5	429.2
627.9	530.3
0	0
0	0
0	0
0	0
0	0
0	0
0	0
560.05	379.95
556.35	358.1
386.6	344.6
398.5	353.15
398.05	351.6
398.5	353.35
399.4	352.95
397.5	354.45
398.85	357.05
395.95	355.55
396.8	359.45
392.7	360.95
387.5	373.9
384.75	485.55
381.55	497.3
380.7	498.95
380	499
380.85	502.15
379.7	501.75
334.2	511.3
340.9	510.35
339.45	513.35
342.75	513.35
340.95	513.85
0	0
0	0
0	0
0	0
0	0
598.75	467.1
591.3	402.6
584.55	402.2
581.8	414.8
387	365.7
398	373.6
397	377.5
396.25	377.65
396.3	378.95
397.8	375.9
401.15	374.55
401.85	373.55
404.2	377.3
404.9	379.55
471.6	387.3
688.85	405.3
709.9	407.1
709.45	410.15
711.25	411.1
709.9	414.5
709.35	415.65
708.3	413.85
717.7	397.1
0	0
0	0
0	0
0	0
0	0
508.95	414.45
503.65	371.75
395.4	358.1
389.4	366.8
392.6	367.15
391.7	366.1
392.85	366.2
391	365.65
389.85	366.9
390.2	369.1
390.55	372.15
390.55	374
388.15	373.3
385.2	378.2
384	379.3
382.85	382
381.75	383.65
380.2	382.1
378.1	387.7
377.8	390.8
376.95	388.9
378.4	386.65
594.2	389.95
590.35	391.5
589.45	390.5
587.5	388.95
586.75	386.05
587.05	384.3
588.6	384.95
585.75	385.85
602.9	451.65
0	0
0	0
0	0
0	0
0	0
0	0
0	0
404.5	404.2
405.35	399.4
402.1	404.35
409.25	407.25
408.3	401.9
409.4	402.9
405.35	405.1
404.45	405.5
405.15	405.1
356.9	408.05
365.55	407.75
369.45	402.6
367.75	405.25
367.85	406.2
363.75	411.9
360.9	412.65
492.5	440.35
478.75	437.35
477.4	438.95
477.1	437.85
478.45	440
479.05	440.5
475.6	445.2
475.85	444.05
477.35	439.45
480.25	440.8
480.25	444.35
499	654.4
0	0
0	0
0	0
0	0
0	0
0	0
525	524.8
522.4	448.95
519.85	415.8
352.95	409
324.5	406.3
319.4	411.15
319.1	411
321.35	410.75
321.15	412.75
320.35	413.65
324.6	411.4
322.95	411.25
324.7	407.85
326.25	404.4
324.4	405
307.45	402
305.55	402.5
308.55	400.7
310.8	402.95
310.65	403.65
311.75	403.8
312.75	406.45
312	406.6
314.5	407.2
310.6	413.9
309.45	413.2
310.35	414.9
308.05	415.65
313.9	412.8
319.7	411
316.75	417.75
318.45	414.8
315	414.95
309.45	414.45
339.3	416.05
485.7	405.75
488.95	406.1
486.55	405.7
485.55	409.4
480.8	412.25
556.15	415.25
556.45	411.55
559.15	413.05
556.95	414.6
560.1	415.4
560.65	417.7
435.35	422.7
334.7	420.6
328.75	422.35
327.05	418.8
325.8	419
323.8	416.9
322.15	419.45
322.05	417.7
0	0
0	0
0	0
0	0
0	0
0	0
0	0
339.2	570.2
337.4	481.6
333.95	440.8
332.3	424.95
328.6	421.65
564.35	412.3
554.1	400.3
552.9	400.15
558.3	403.65
560.55	399.95
562.75	402.2
561.45	401.95
565.45	395.3
568.25	404.5
570.9	411.15
566.7	417.55
562.7	419.65
564.9	416.45
568.25	411.05
566.45	408.6
566.3	407.7
564.9	407.4
563.45	410.35
591.45	421.2
595.95	421.3
592.05	422
589	420.9
587.4	420.05
588	420.05
587	421.6
585.9	422.3
587.3	419.15
582.75	418.45
579.5	415.9
577.95	416.55
310.95	414.5
318.85	415.15
320.55	415.85
320.1	417.3
317.55	421.35
316.3	423.1
318.55	418.05
315.5	419.05
319.3	422.95
319.1	425.15
317.75	430.25
318.55	429.95
318.2	430.35
584	409.45
574.7	412.65
575.5	420.3
573.1	426.65
571.2	426.7
573.1	425.15
571.4	423.65
569.6	427.35
569	427.2
567.2	430.8
566.15	431.45
565.55	430.7
563.4	434.15
558.95	430.6
0	0
0	0
0	0
0	0
0	0
0	0
0	0
302.15	455.95
297.45	430.2
292.1	430.8
286.45	437.5
293.8	439.6
298.7	443.2
299.6	445.3
300.15	444.05
302.65	443.65
321.9	444.65
554.65	437.35
552.15	445.55
551.4	450.45
550.8	456.5
552.4	454.85
549.3	459.1
549.95	467.45
552.9	476.25
608.05	527.15
596.35	531.55
599.3	537
603.75	537
460.65	526.6
361.25	511.25
358.35	511.5
355.25	505
352.5	502.4
347.4	499.65
319.6	478.6
326.35	482.65
324.8	479.5
325.3	477.75
323.9	480.05
325.55	479.9
326.25	482.35
329.35	483.85
330.85	480.4
332.35	480
331.3	485.8
329.7	486.95
329.35	488.45
330.55	486.9
330.7	480.05
330.9	479.35
620.4	486.65
615.7	485.1
622.15	482.25
622.75	481.2
624.5	477.25
624.35	479.5
617.45	481.35
616.05	482.55
623.1	469.35
0	0
0	0
0	0
0	0
0	0
616.5	602.05
606.8	514.75
603.15	473.95
596	463.4
592	459.75
589.55	467.85
588.4	472.95
586.45	472.25
584.95	471.1
586.65	467.2
585.85	467.5
588.7	461.8
595.85	444.4
593.9	442.95
587.55	449.7
590.75	448.15
589.9	451.5
586.15	456.35
583	453.15
580.15	452
553	446
546.95	442.35
548.35	441.9
543.9	443.05
543.55	442.75
546.75	439
537.9	454
536.9	454.05
541.7	450.15
536.05	450.9
539.6	445.4
348.7	427.05
310.05	434.8
304.95	430.2
299.1	432.95
293.35	428.55
290	430.95
287.2	431.3
283.25	427.95
278.15	429.9
521.85	464.5
528.9	453.65
530.2	456.65
533.1	457.9
533.85	458.65
538	462.6
537.15	461.35
606.5	468.55
596.6	469.85
598.5	472.65
602.3	470.8
605.55	470.5
606	472.4
609.3	471.75
608.4	471.6
609.85	473.55
614.5	464.25
0	0
0	0
0	0
0	0
0	0
0	0
0	0
271	511.4
272.8	470.85
272.7	461.15
272.35	461.45
274.65	459.5
277.15	459.55
276.75	460.6
275.15	458.25
318.2	466.9
627.1	436.4
636.45	452.9
637.1	458.2
636.35	460.45
637.8	467.5
638.15	463.1
655.55	717.25
0	0
0	0
0	0
0	0
0	0
650.3	473.3
647.3	416.15
642.3	425
634.8	434.6
372.1	436.9
367.1	439.3
361.15	440.9
361.6	440.55
361.75	440.45
362.75	440.2
363.05	441.95
362	444.2
360.85	442.85
358.75	437.75
0	0
0	0
0	0
0	0
0	0
0	0
364	372.15
356.6	370.1
358.05	368.6
358	371.25
359.3	367.75
359.55	371.55
357.35	375.15
485.05	407.15
613.15	432.5
630.45	442.85
629.45	446.75
631	446.4
631.5	445.2
630.75	444.35
674.05	435.45
684.65	433.65
684.7	436
682.15	438.3
680	441.45
680.75	442.15
685.6	438.1
688.95	436
690.05	437.6
693.85	435.25
691.7	438.85
690.15	433.8
687.65	434.1
688.15	431.1
688.5	411.65
688.5	406.8
688.7	407.9
686.35	407.4
685.3	404.65
685.45	403.65
686.35	403.3
685.6	400.25
685.15	401.95
687	402.35
695.85	431.15
696.25	430.8
695.65	432.25
694.1	433.2
690.45	433.05
691.2	433.2
692.9	432.5
697.9	433.8
697.45	436.15
697.75	436.65
698.2	435.05
696.75	435.85
694.55	437.3
690.9	437.3
692.75	439.85
692.7	442.05
692.1	439.5
691.8	439.05
691.15	438.65
688.15	439
683.95	441.95
681.85	445.8
680.5	446.75
681.25	445.2
678.55	443.6
676.65	442.35
675	443.05
678.15	443
677.25	443.25
671.55	446.7
676.6	444.15
674.75	419.1
671.3	421.5
671.2	420.8
669.5	416.4
666.15	415.95
664	415.2
664.6	414.3
654.8	414.95
644.6	413.2
642.2	414.05
643.15	415.05
640.85	416.25
641.5	420.6
669.3	433.8
668	433
666.9	433.3
670.3	433.7
671.05	432.2
0	0
0	0
0	0
0	0
0	0
0	0
690.5	542.8
683.2	472.35
677.25	442.4
672.45	426
667.5	417.4
666.55	415.65
662.35	412.45
659.35	415.55
648.15	414.15
624.4	403.5
617.85	400.7
676.4	404.25
671.05	410.8
672.05	414.35
670.5	415.9
671.9	421.8
643.75	425.55
648.65	429.35
646.15	427.9
646.9	430.4
646.95	428.9
643.8	429.25
645.75	430.15
648.15	430.65
648.6	431.8
339.8	381.45
334.8	381.2
334.1	381
335.8	377.25
333.5	384.5
333.1	384.9
334.5	384.55
335.25	380.25
334.9	384.75
335.25	378.2
334.6	375.75
334.1	382.2
331.5	379.65
332.6	382
332.3	374.45
329.95	377.3
333.65	376.95
653.8	406
641.65	415.1
640.1	417.2
641.9	416.65
640.1	416.9
638.35	418.4
638.75	421.4
407.55	380.4
374.35	377.4
373.25	377.3
369.15	373.9
371.15	377.4
372.7	384.2
358.85	388.9
343.25	367.4
342.65	367.6
342.1	370.3
340.95	371.2
344.1	372.15
341.6	375.1
642.25	395.95
636.75	395.65
634.55	399.95
635.95	402.1
639.65	400.2
640.7	395.9
635.5	394.25
632.35	396.85
635.1	395.1
667.8	415.25
657.7	408.2
651.2	413.1
650.2	414.4
649.3	415.05
649.85	415.15
440.95	376.15
324.3	352.8
317.8	357.8
314.35	356.75
313.05	358.1
314.25	359.05
314.3	359.5
342.9	361.45
342.95	363.1
342.95	363.5
343.5	365.45
344.7	363.9
347.1	363.2
346.9	369.4
347.25	365.5
350.5	370.2
347.75	370.85
348.8	370
348.1	371.75
349.75	366.2
349.3	369.75
351.15	338.4
352.05	342.75
355.1	344.75
353	348.8
353.05	350.25
353.2	349.85
354.55	349.9
353.1	351.1
351.45	353.35
349.25	353.65
353.35	351.5
356.3	352.15
355.95	354.5
356.15	357
358.3	359.45
356.2	363.4
352.5	363.55
350.2	365
351.85	377.05
349	376.9
349.25	377.9
347.75	378.25
346.65	377.85
345.6	378.8
349.25	385.4
0	0
0	0
0	0
0	0
0	0
0	0
371.1	499.35
375	410.45
373.15	374.05
370.3	356.65
365.6	355.1
363.1	359.75
362.25	367.35
361.45	366.55
358.45	375.05
358.35	378.25
358.55	379.65
361.65	378.05
364.2	377.6
363.15	376.6
362.5	379.4
364.15	380.8
367	380.85
388.3	395.2
380.25	396.3
379.7	401.7
380.15	400.4
379.7	404.1
381.45	404.85
382.35	403.05
389.75	403.5
393.1	404.3
390.25	412.35
388.4	412.5
387.8	410.1
674.5	420.9
674.4	437.85
672.65	437.9
675.6	437.1
672.9	437.75
672.45	435.7
679.2	420.7
0	0
0	0
0	0
0	0
0	0
0	0
0	0
702	530.9
695.9	459.35
697.9	423.5
692.45	418.95
686.5	426.1
685.3	424.3
685.55	423.85
685.55	418.85
685.85	416.4
687.4	419.95
387.55	393.7
396.7	392.85
396.2	394.25
395.45	393.15
396.65	393.9
391.65	393
386.85	400.35
384.7	397.2
387.25	391.75
388.4	392.55
388.45	391.2
388.7	390
387.55	388.8
389.3	387.45
391.95	385.75
391.75	387
386.75	391.35
387.35	391.85
381.1	382.95
372.15	363.75
373.95	365.75
371.8	364.05
372.25	367.15
374.1	365.45
371.25	364.95
367.6	365.85
365.7	370
367.65	364.95
368.75	368.25
352.6	380.15
351.6	385.25
349.65	385.35
347.15	386.9
344.6	381.9
341	383.5
645.45	416.55
659.05	409.05
659.75	411.95
668.35	413.75
668.35	415.15
669.15	418.2
669.15	417.2
669.55	417.25
671.45	416.95
667.55	421.45
670.55	419.2
350.65	358
350.35	354.45
353.1	352.2
351.6	352.35
350	350.95
349.15	352.1
351.35	349.5
350.95	352.85
349.25	355.25
350.95	356.7
540.95	398.35
674.9	406.3
685.75	412.4
688.45	415.8
693.1	412.45
691.9	413.05
690.7	414.45
676.8	412.15
676.95	419.15
675.85	420.45
676.1	422.5
571.55	384.4
415.6	357.25
405.5	354.7
405.5	351.45
403.55	351.1
403.95	348.1
375.2	349.75
360.2	351.25
361.2	349.6
362.95	349.45
366.6	348.25
365.8	351.8
367.85	353.35
371.1	348.8
368.15	352.9
369.75	352.75
374.05	353.75
373.3	355.2
373.9	357.7
371.1	358.45
374.35	360.7
383.65	364.6
382.5	367.05
381.05	370.1
382.9	366.55
381.8	368.15
388.25	370.05
388.8	368.6
388.7	371.15
384.8	367.2
388.2	362.3
389.1	365.65
436.5	383.85
698.4	434.35
714.25	440.2
714.3	442.2
714.8	443.45
714.3	444.2
731.9	477.25
0	0
0	0
0	0
0	0
0	0
418.05	425.3
413.9	362.95
409.6	348.05
409.35	347.8
406.8	353.95
407.65	357.95
409.85	360.6
408.25	365.3
407.45	371.1
407.25	372.7
406.95	375.3
406.65	372.8
655.1	425.75
710	414.7
712.15	420.7
710.5	430.15
710.15	438.6
711.05	439.9
709.95	445.05
720.7	460.3
717.65	466.4
718.05	467.25
716.5	467.2
707.4	469.5
707.6	470.45
706.7	466.85
705	468.3
701.9	468.9
700.8	462.7
696.3	463.55
692.7	462.2
629.2	439.4
427.65	361.5
416.55	364
416.1	362.2
411.75	363.45
412.5	361.55
412.8	365
386.25	375.4
386.55	380.5
389.35	380.1
388.95	382.75
393.05	383.6
390.65	383.6
390.3	384.55
388.75	386.1
385.7	387.45
385.7	387.9
387.25	388.7
421.6	401.35
673.35	430.55
685.45	436.3
683.9	438.25
683.65	441.35
685.5	446.9
682.6	449.25
362.8	393.5
344.45	384.85
344.2	386.45
345	383.4
345.5	382.85
344.6	376.05
341.05	374.4
374.45	405.9
376.15	409.45
372.45	407.1
371.15	409.8
370.25	413.7
373.5	412.25
375.05	414.65
374.85	416.9
375.5	419.3
374.6	417.9
378	420.85
399.25	439.25
398.9	440.45
397.1	440.65
394.9	442.85
392.45	441.65
391.2	447.35
394.9	442.5
395.3	443.2
394.25	442.85
395.9	440
394	440.2
395.4	441.8
395.6	440.45
396.55	439.95
391.2	446.35
389.85	449.55
390.85	450
570.45	432.05
562.4	435.7
569.45	425.35
0	0
0	0
0	0
0	0
0	0
0	0
0	0
568.15	458.65
566.25	418.1
568.95	401.25
607.55	413.5
613.65	408.55
610.35	411.65
616.35	411.55
426.95	428.7
417.05	432.05
418.35	439.35
420.25	442.6
422.15	442.3
419.15	445.9
656.95	411.3
659.7	423.6
662.9	430.75
666.6	430.35
669.3	424.3
671.3	424.2
675.8	425.6
677.15	427.6
712.5	430.7
717	433.35
721.25	432.1
727.25	432.15
728.1	432.65
729.95	433.8
730.7	438
735.5	444.2
737.1	443.8
737.6	442.55
737.85	440.95
737.35	443.55
712.8	407.95
714.55	419.8
712.75	422.15
708.7	423.35
708.7	424.75
463.6	411.95
397.15	415.7
392.2	418.7
385.5	421.2
384.2	416.75
383.8	413.65
378.35	415.8
372.8	417.25
281.5	442.8
276.75	443.45
272.15	445.35
275.6	443.65
270.7	445.4
275	442.9
254.7	437.95
252.3	442.35
254	440.7
259.75	443.85
261.6	440.75
269.75	612.6
0	0
0	0
0	0
0	0
0	0
289.8	521.95
292.8	439.55
298.8	406.65
290.4	405.6
307.4	413.5
318.3	429.1
317.85	431.4
325.1	426.65
327.4	425.75
324.85	430.6
325.05	429.25
330.4	427.15
329.05	428.5
323.15	425.05
318.75	432.15
325.35	430.7
328.5	427.9
329.4	426.15
330.05	430.4
330.9	429.7
333.7	429.7
330	434.4
387.95	408.05
386.8	414.35
390.35	405.85
390.85	410.05
0	0
0	0
0	0
0	0
0	0
0	0
0	0
387.85	448.7
384.05	410.05
378.4	400.1
629.65	426.85
713.35	426.75
714.4	420.75
716	409.85
715.6	412.8
716.15	410.85
717.7	410.1
718.65	413.05
717.7	417.95
693.05	560.4
0	0
0	0
0	0
0	0
0	0
0	0
0	0
0	0
0	0
0	0
0	0
0	0
0	0
0	0
468.9	404.75
464.15	394.95
458.1	391.9
456.6	396.4
454.35	401.95
452.9	406.75
455.05	409.9
457.7	417.6
647.1	416.2
659.5	423.95
659.05	425.4
660.9	425.35
662.15	425.95
659.9	423.3
660.05	424.5
657.3	425.65
656.8	426.35
658.6	424.75
659.35	424.75
660.15	420.3
660.9	425.75
659.75	424.9
656.7	424
656.2	424.95
654.55	424.3
653.65	423.35
354.75	427.7
359.85	430.9
358	428.65
354.2	427.35
356	428.25
355.05	426.6
350.9	431.9
0	0
0	0
0	0
0	0
0	0
0	0
0	0
438.8	450.95
440.55	419.35
431.3	406.85
350.85	438.95
343.35	440.2
348.05	436.55
343.75	438.55
342.6	445.35
351.8	448.5
585.85	428.45
593.75	430.2
592.3	435.05
593.2	443.1
593.2	442.85
593.6	446.8
589.45	457.1
595.55	453.55
618.5	453.25
609.05	455.05
611.55	452.6
604.5	459.45
604.45	456.1
605.75	452.25
602.25	453.8
598.35	451.8
599.05	447.8
598.4	448.45
599.2	444.2
602.75	442.65
604.1	441.85
644.2	446.9
642.15	446.55
644.85	448.85
647.95	448.4
649.55	446.05
650.85	443.35
654.5	444.25
652.8	450.95
650.05	452.55
649.9	454
650.45	454.65
652.45	451.2
665.45	452.3
668.05	437.45
666.15	438.65
666.15	439.75
667.15	440.55
664.5	442.7
665.55	443.8
667	443.45
663	463.15
659.95	466.15
659.45	466.95
661.15	466.55
659.85	466.05
660.2	466.4
660.45	462.95
663.75	460
667.15	456.45
667.15	454.25
670.45	447.4
672.1	443.4
681.8	411.6
680.7	418.2
679.75	420.5
677.6	423.15
677.35	421.95
673.25	425.9
671.05	423.5
662	425.6
662.25	421.6
658.6	426.05
660.8	424.35
662.1	423.35
667.3	412.5
670.1	410.55
669.3	413.1
666.85	417.75
676.4	415.1
675.75	395.1
676.8	387.2
679.9	384.45
681.4	382.3
678.15	386.45
612.75	392.4
388.85	396.45
368.1	401.6
368.55	401.9
368.8	404.05
370.4	403.05
368.3	403.5
370.95	402
370.15	404.7
370.35	404.35
373.5	404.3
382.25	417.4
381.5	417.15
379.2	419.65
603.9	414.1
644.15	400
641.05	401.85
635.55	406.8
635.7	405.3
632.05	408
631	405.35
626.8	411.65
627.9	414.4
624.2	414.95
622.55	416.6
619.75	418.05
617.4	416.6
600.55	418.05
598.3	418.55
596.35	419.7
599	422.5
599.55	423.7
602.55	424.05
624.5	436.65
626.2	440.5
627.25	440.65
627.95	441.3
639.35	464.05
0	0
0	0
0	0
0	0
350.15	604.8
349.9	510.1
349.6	470.05
349.1	456.25
349.15	440.65
349.4	431.4
346.4	431.25
343.35	431.7
341.75	426.2
340.95	427.8
285.2	339.3
276.9	324
271.7	321.65
270.85	329.6
270	328.3
271.1	328.7
268.45	328.15
474.05	391.15
462.65	384.2
462.5	389.6
460.7	389.95
618.3	399.2
610.8	391.95
608.5	394.75
606.1	400.65
602.45	403
599.9	399.2
587.4	353.75
583.95	351.15
582.15	353.2
581.95	351.55
581	353.2
581.1	354.9
334.65	397.7
333.3	398.95
339.45	393.7
0	0
0	0
0	0
0	0
0	0
0	0
329.2	480.4
327.95	419.05
330.5	408.8
0	0
0	0
0	0
0	0
0	0
0	0
0	0
395.05	518.9
397.85	459.85
401.8	440.7
404.65	427.9
405.35	422.2
404	423.4
403.75	423.75
400.6	422.45
321.1	453.55
336.55	449
335.9	448
334.3	447.8
332.25	449.8
332.3	450.05
328.2	448.4
327.85	447.75
328.15	446.6
327.5	447.2
328.4	444.75
568.7	386.6
584.8	370.45
588.45	363.45
587.25	362.35
585.75	370.9
588.55	371.55
588.55	381.85
583.4	383.1
325.05	408
315.35	411.05
312.4	416.85
308.8	416.95
308.1	418.85
306.25	416.2
272.9	432.85
269.15	435.8
269.25	440.8
271.35	435.85
270.5	440.3
271.05	441.4
276.15	440.75
277	443.05
276.4	443.85
275.55	447.25
274.7	451.35
276.9	457
277.8	456.25
282.05	461.85
280.75	462.25
280.75	462.95
280.95	465.3
281.5	462.7
291.75	471.2
294.2	471.75
294.75	470.25
296.1	472.05
294.05	470.85
294	472.45
295.6	469.1
298	469.85
302.85	465.6
304.1	467.05
306	466.2
304.2	469.1
303.45	469.7
306.45	473.4
320.6	584.1
0	0
0	0
0	0
0	0
0	0
350.3	491.15
349.1	442.1
346.25	421.85
341.5	419.3
337.95	421.2
337.5	423.65
337.3	421.05
339.35	422.95
339.45	423.55
342.55	423.9
313.75	419.05
313.9	419.4
317.9	418.8
318	418.85
316.8	416.45
314.05	413.55
316.05	412.7
314.9	412.85
315.9	409.9
316.25	409.15
318.35	409.15
317.7	407.65
316.05	408.9
317.95	408.45
318.6	407.3
610.7	423.4
783.65	419.2
793.6	424.75
792.3	439.75
792.5	448.7
795.15	456.85
795.45	458.7
825.85	508
828.9	509.2
830.9	508.05
832	505.5
831.75	503.35
829.65	507.45
828.8	494.7
0	0
0	0
0	0
0	0
0	0
0	0
881.2	494.3
873.7	445
849.65	431.75
841.4	440.7
841	452.75
838.7	458.95
835.8	457.85
837.35	458.8
836	459.25
831.05	465.4
834	464.15
836.7	472.4
834.5	472.45
836.3	475.55
832.7	474.55
829.95	473
828.5	474.55
739.25	434.55
743.5	438.65
734.2	443.5
730.55	444.85
726.25	444.65
720.35	444.35
660.9	438.5
651.9	448.2
644.7	449.4
641.25	448.1
633.8	447.9
402.75	487.65
357.85	496.4
356.95	499.65
0	0
0	0
0	0
0	0
0	0
0	0
0	0
385.65	549.65
384.35	512.8
382.65	492.55
374.45	485.7
371.9	484.05
366.15	485.4
364.9	488
363.85	485.45
362.05	482.4
358.8	481.85
358.6	478.5
306.9	488.25
318.35	486.85
311.65	485.45
306.65	483.05
303.85	481.25
301.3	476.8
300.35	476.8
299.1	478.25
297.65	472.25
297.45	473.4
296	468.75
295.15	470.65
295.2	468.55
295.8	465.7
298.85	456
298.9	458.4
297.65	452.95
297.3	453.95
311.95	426.25
309.7	429.25
305.5	431
307.9	433.45
306.95	434.2
307.5	435.8
305.15	435.45
306.1	434.2
308.1	433.75
300.6	432.7
301.75	430.25
300.6	426.9
299.35	424.4
296.65	426.1
293.65	426.6
294.6	426.65
294.8	425.1
291.5	426.9
291.25	427.3
288	431.35
287.65	431.75
289	432.75
289.1	429.55
288.7	427.35
288.4	428.95
289.15	430.3
291.65	429.05
287.3	431.25
284.2	434.45
284.75	435.15
284.4	435.45
287.2	436.7
289.35	433.65
288.4	438.3
648.9	440.2
644.2	452.75
643.55	461.2
641.55	468.95
634.75	474.2
632.25	477.9
309.2	440.15
317.9	444.4
319.55	442.85
317.55	448.5
318.4	452.05
318.2	451.1
319	452.1
318.4	450.8
318.25	451.1
316.9	449.25
315.6	446.45
317.25	443.6
316.95	440.85
317.05	440.5
0	0
0	0
0	0
0	0
0	0
0	0
535	585.55
408.25	494.45
299.65	410.4
290.55	388.5
287.5	393.7
282.95	397.4
279.35	393.6
279.7	395.2
278.4	398.3
278.4	393.6
277.1	392.45
271	392.75
270.25	392.1
256.5	399
255.75	401.7
255.95	399.1
251.5	399.8
250	394.25
255.75	400.95
252.9	398.05
250.9	398.2
253.05	399.45
251.65	399.05
252.75	399.7
250.9	396.25
250.7	404.55
252.1	403.65
250.45	402.75
250.15	400.85
249.45	402.2
249.5	403.05
247.95	408
249.6	401.95
249.65	404.45
248.05	410.3
251.15	409.85
251.55	409.3
250.55	409.2
250.1	410.9
252.1	406.7
601	427.55
599.05	421.55
601.65	423.5
605.15	413.55
0	0
0	0
0	0
0	0
0	0
0	0
635.65	531
626.2	444.5
621.5	412.65
618.4	399.95
618.5	404.55
611.5	412.4
610.75	412.55
612.35	419.8
608.45	419.35
602	426.15
594.55	432.55
543.5	482.3
532	491.2
519.9	499.2
514	501.75
508.5	503.05
503.1	501.8
502.35	500.2
503.9	498.95
461.75	506.2
449.65	508.1
444.75	504
445.25	501.15
445.05	500.55
445.35	502.85
443.65	506.6
435.8	514.3
433.8	517.2
434.4	522.85
434.8	527.65
440.35	529.75
439.8	531
495.6	580.65
502.7	588.95
504.6	590.8
510.95	588.8
513	590.15
513.95	593.15
511.1	595.1
512.5	593
529.05	634
0	0
0	0
0	0
0	0
0	0
0	0
545	605.8
548.35	541.6
548.8	505.7
