449.4	391
447.8	392.95
448.4	392.45
446.1	392.55
445.55	392.5
445.1	393.6
446.6	396.1
448.3	398.7
446.35	400.3
448.4	395.7
448.85	397.5
448.65	395.7
317.45	331.15
333.3	328.9
334.35	329.25
332.55	330.4
333.05	330.95
333.9	328.1
335.5	326.35
586.5	353.9
593.9	358.5
595.8	361.45
597.75	360.25
597.05	360.05
597.4	356.35
597.7	355.3
599.7	355.55
600.5	356.55
630.7	337.6
621	340.2
619.8	343.6
618.85	347.45
620.95	348.4
621.7	348.9
619.15	350.55
616.9	349.6
595.25	353.65
304.15	355.6
326.65	357.25
321.85	358.3
321.65	354.45
322.6	350.55
318.15	349.35
320	349.2
319.35	348.65
487.6	355.35
527.95	348.25
534.6	347
532.8	352.55
535.45	355.55
537.65	358.15
539.15	359.4
577.65	393.75
573.45	391.35
574.55	395.7
577.3	397.8
0	0
0	0
588.4	399
590.05	398.65
321.15	378.85
338.75	377.75
336.8	375
338.1	376.3
336.3	376.6
334.85	382
335.8	383.8
334.4	386.8
349.65	353.85
348.75	356.75
346.95	357.6
346.1	355.6
347.6	350.25
348	353.25
348.55	351.25
350.2	354.5
349.9	356.75
350.2	359.65
352.4	362.55
387.9	507.5
380.7	491.3
383.2	493.55
381.8	495.8
383.15	497.15
312.5	516.2
327.05	514.15
329.35	508.9
328.45	509.4
327.65	513
322.25	517.6
319.5	523.85
321.25	526.2
316.2	526.15
317.5	526.6
322.65	520.05
278.8	533.85
286.95	532.65
290.65	529
293.4	526.45
288.05	532.2
285.9	534.15
284.35	532.45
284.4	533
284.8	534.1
284.6	535.25
320.55	520.95
381.45	482.35
380.3	485.7
0	0
0	0
0	0
0	0
0	0
0	0
0	0
374.95	373.55
373	307.2
432.25	326.3
632.7	405.15
632.25	404.15
633.7	406.15
637.7	403.75
635.3	405.3
632.95	403.75
672.95	415
661.75	413.85
662.05	417.25
662.35	413.7
663.85	410.5
662.6	411.3
662.85	409.6
663.2	405.35
658.5	402.55
662.55	397.35
652.45	364.6
651.75	364.95
648.4	364.2
646.6	362.05
643.45	362.4
639.85	363.7
453.15	333.8
374.6	350.1
366.3	346.35
365.3	339.9
366.25	333.15
365.5	327.05
362.05	322.2
365.7	319.7
363.8	322.45
581.85	298.2
561.6	305.45
567.7	304.65
566.8	308.1
569.5	310.25
571.3	314.55
573.55	316.45
575.9	313.75
576.75	308.65
578.7	312.3
579.4	315.2
581.55	317.55
583.05	316.6
582.95	317.25
343.35	355.3
371.8	355.85
370.85	361.15
374.4	367.9
374.15	367.4
372	360.05
373.55	357.35
372.5	360.3
373.3	359.2
374.8	357.35
372.5	368.35
371.05	366
411.85	388.6
468.3	393.95
467.65	394.3
467.3	393.7
475.3	391.8
274.65	365.2
301.55	367.75
296.45	365.95
298.3	374.4
293.6	379.8
291.05	379.65
294.15	373.05
293.3	369.6
297.25	373.9
301	375.8
299.6	376.4
302.8	371.15
308.55	378.75
312.5	382.75
313.65	375.75
313.7	371.6
318.55	373.15
319.25	372.05
319.55	369.25
321.15	369.65
323.5	370.7
325.95	372.3
327.7	369.9
328.5	370.35
328.1	377.05
327.65	368.25
331.1	365.1
329.8	363.55
309.55	350.1
308.4	352.85
310.75	351.3
311.3	352.45
309.5	351.55
311.4	347.65
307	349.2
303.5	351.45
302.15	359.95
306.05	357.3
286.9	388.15
285.85	377.7
284	376.4
286.2	376.45
286.05	369.05
286	371.8
291.55	378.4
291.45	380.2
289.85	381.05
290.9	381
291.25	386.9
289.45	387.25
288.75	383.3
288.05	380.65
309.9	363.1
308.4	367
307.75	367.45
307.3	368
302.15	374.15
522	386.3
524	377.15
523.35	373.4
521.75	366.1
521.8	368.4
522.25	365.65
524.55	371.35
436.35	371.9
325.75	359.85
319.95	356.15
315.7	353.8
322.65	368.75
322.85	370.1
323.25	369.7
491	337.05
543.3	384.25
547.05	369.35
548.95	361.1
550.6	355.85
549	359.8
545.9	351.95
575.45	384.2
570.45	390.8
570.45	405.5
572.65	410.75
574.2	408.85
565.95	405.7
567.7	404.3
568.5	403.8
570.15	399.05
566.45	404
568.65	395.9
255.8	379.55
279.55	371.65
273.9	366.6
274.7	378.95
278.7	373.25
276.95	368.05
273.55	370.8
279.7	376.25
273.45	378.5
275.85	369.1
269.05	363.9
287.8	363.45
288.95	360.65
284.45	362.75
290.2	364.3
291.95	373.05
287.55	358.6
288.8	358.65
292.75	367.55
294.7	367
521.05	402.8
530.55	400.15
533.8	395.2
534.65	394.55
540	391.1
539.3	399.65
540.2	397.8
542.6	396.05
543.65	391
540	403.8
544.05	403.9
559.05	393.7
558.05	398.35
557.35	399.05
557.2	389.55
563.5	400.25
562.3	397.05
563.2	386.05
561.9	388.7
558.65	390.6
558.6	387
557.7	382.45
556.3	382.5
556.3	377.3
550.85	376.6
540.4	363.3
538.35	362.45
534.85	363.55
532.55	365.1
532	374.75
532	363.65
533.85	367.15
536.65	371.45
536.1	364.5
716.65	529.1
700.45	506.8
704.35	509.55
708.4	519.05
707.9	523.4
697.6	519.15
701.45	515.05
711.05	528.4
565.45	530.8
577.55	535.7
579.4	530.35
575.45	536
572.25	541.25
571.35	544.7
490.95	567.5
321.35	583.8
315.9	587.85
312.6	584.95
314.7	594.7
316.2	600.85
315.7	603.85
313.55	604.6
313.3	614.2
314.5	621.35
283.9	450.65
221.8	138.7
223	147.05
228.5	160.85
229.8	154.2
228.4	146.75
230.65	143.55
228.25	138.8
231.75	140
302.15	355.45
295.35	333.95
297.75	328.3
290.35	318.35
288.6	320.55
327.6	407.95
318.85	415.5
320.45	416.7
328.75	417.45
328.8	421.05
331.45	424.25
334.95	421.6
337.6	417.65
336.7	418.8
343.3	134.45
337.85	51.15
340.5	40.7
339.9	39.3
347.4	50.15
351.45	49.15
348.15	48.65
341.5	34.4
338.3	29.75
337.6	47.35
325.4	468.45
332.4	444.25
330.75	454.25
333.05	449.7
330.95	451.95
328.1	452.5
327.55	450.95
327.85	452.1
324.3	444.2
324.6	447.9
327.7	447.35
329.15	448.65
327.9	446.8
327.9	442.45
327.45	438.3
327.75	439.35
427.2	536.25
532.5	545.7
538.15	546.85
539.65	544.85
538.05	547.5
536.5	547
536	545.6
535.5	547.15
537.55	525.15
543.75	389.95
541.55	379.5
542.3	376.2
542.2	369.75
538.2	367.85
538.9	364.45
537.95	364.45
536.2	364.5
536.75	363.15
536	360.85
532.9	362.85
583.7	396.3
569.05	387.75
570.05	390.15
568.2	388.45
564.4	384.55
563.3	387.75
562.15	386.1
560.1	386.15
560.2	389.4
561.15	391.05
559.9	396.85
563.05	396.25
563.45	400.55
565.15	400.45
567.7	401.05
223.7	366.7
252.7	371
246.9	366.95
251	369.1
257.2	378.05
258.9	384.4
260.4	390.45
259.5	390.3
261.7	394.2
263.05	396.05
258.5	391.75
228.55	415.7
240.2	403.6
239.8	405.45
240.45	403.35
243.8	406.65
246.4	407.6
248.25	408.45
249.2	404
251.45	395.35
256.1	389.3
263	402.8
263.5	402.55
294.4	370
296.85	375.2
297.1	372.85
299.45	370.45
299.55	364.65
291.05	354.95
292.8	357.35
292.1	357.05
291.95	356.4
292	355.25
293.1	354.8
292.6	352.4
640.35	393.25
600.55	375.95
603.15	372.9
605	375.9
608	375.2
607.7	373.3
607.9	372.55
609.5	368.65
612.2	371.85
614	376.85
614.8	380.45
612.55	379.65
609.55	368.6
608.95	367.7
610.15	369.35
611.3	369.4
640.7	339
640.85	347.65
640.85	343.6
640.1	340.5
641.85	343.35
641.15	343.45
640.15	340.05
635.55	340.75
635.3	333.55
635.75	335.1
634.25	334.45
634.05	336.3
633.65	340.4
605.3	489.65
622.3	469.55
620.75	469.65
623.75	471.55
625.3	471
628.55	469.8
646.5	350.2
639.9	367.3
642.3	368.25
641.5	370
641.85	367.85
642.8	365.45
642.5	366.8
645	371.25
644.25	374
646.55	372.6
652.8	386
656	395.25
657.2	393.7
661.1	400
661.2	405.35
661.4	407.05
660.3	410.05
660	406.2
657.55	398.8
651.65	363.25
650.05	362.6
649.95	359
649.2	357.15
651.05	353.5
650.55	352.35
651.85	350.85
655.75	353.75
656.95	356.55
657.65	358.05
660.05	360.35
660.25	358.6
662	361.3
663.4	361.05
664.2	359.35
669.65	401.95
667.55	389.15
667.4	387.5
668.1	389.05
666.05	381.25
666.3	388.65
662.85	393.6
660.3	386.7
664.4	393.2
661.4	387.95
660.55	388.9
660.75	388.75
658.4	385.9
659.1	385.45
660.6	393.3
664.15	397.9
664.9	398.5
663.35	398.6
659.35	396.05
659.35	392.6
660.5	390.3
659.95	388.15
659.2	388.65
641.6	350.75
641.8	354.35
642.85	354.85
638.95	351.3
642.15	351.95
642.1	350.55
639.85	350
636.35	339.65
635.75	344.45
632.9	347.05
633.3	357
634.75	363.95
634.75	362.65
635.05	365
635.25	370.65
636.05	369.7
637.8	375.55
638.5	375.75
640.05	377.2
640.1	377.7
640.15	379.9
640.2	379.45
640.65	379.1
639.45	383.75
639.85	382.55
639	382
637.1	379.4
638.9	377.55
631.35	339.5
627.05	339.95
629.55	347.5
626.65	341.75
624.85	340.6
626.95	343.7
622.75	333.5
623.95	338.8
620.25	333.75
620.25	330.6
619.9	334.75
504.85	310
0	0
0	0
0	0
0	0
0	0
0	0
0	0
285.2	304.4
276.3	262.45
317.45	291.55
315.8	283.05
314.2	284.1
314.4	291.35
312.2	288.7
311.45	287.35
311.7	285.9
310.15	281.7
308.8	280.9
302.8	249.2
300.75	254.8
298.5	251.4
297.5	251.15
294.15	247.15
293.3	243.85
293.25	250
296	250.85
298.05	257.15
294.7	262.05
293.65	258.7
294.55	256.5
293.85	256.55
295.65	260.35
293.85	242.55
345.2	411.2
339.75	362.75
348.1	366.75
348.9	357.6
345.45	325.7
342.95	325.25
423.25	359.85
605.7	376.55
610	373.55
612.9	377.7
615.35	393.4
615.15	404.35
616.2	411.15
614.35	418.9
615.3	422
616.4	425.9
619.25	422.6
617.2	422.9
616.75	421.5
617.85	423.3
618.25	422.05
634.05	428.7
628.75	426.95
626.95	428.9
629.05	425.8
628.15	423.25
629.4	419.05
627.8	421.75
625.25	421.85
625.5	414.55
625.7	410.65
330.7	285.15
351.35	302.35
344.75	297
343.35	294.7
341.2	295.9
340.35	294.75
339.35	294.85
337.5	290.2
337.15	290.4
336.45	288.05
309.35	285.5
308.25	284.15
308.05	280
310	281.2
309.1	278.25
309.9	278.4
311.6	278.8
311.4	279.25
312.15	284.8
314.2	286.25
318.2	283.05
317.95	282.75
336.5	310.05
334.35	303.7
336.5	297.95
335.15	304.2
337.4	306.35
338.55	303.15
339.55	306.55
337.4	269.9
336.75	276.3
340.75	282.25
337.95	287.85
340.55	295.9
341.2	308.05
341.1	329.45
342.4	340.3
343.15	366.3
343.15	364.05
340.6	365.45
344	350.5
346.2	365.45
345.05	367.25
346.05	371.9
356.2	378.1
353.65	380.45
346.6	366.25
345.95	369.9
346.65	364.05
345.1	368.1
346.05	361.9
340.9	366.05
345.4	367.55
344.8	373.35
348.25	367.5
345.6	365.85
346.15	374.8
349.35	383.05
351.5	383.8
349.45	378.1
356.25	376.2
371.35	396.75
366.45	394.7
367.85	391.7
364.5	383.95
368.7	391.8
373	405.15
373	401.2
371.8	407.45
369.55	406.8
371.45	401.8
370.1	400.7
372.25	408.45
371.55	411.5
365.5	405.45
365.65	395.7
364.85	404.2
366.2	407.6
365	410.1
362.9	411.85
364.55	406.1
358.7	402.95
0	0
0	0
0	0
0	0
0	0
0	0
0	0
0	0
0	0
0	0
0	0
0	0
0	0
0	0
0	0
0	0
0	0
0	0
0	0
0	0
0	0
0	0
0	0
0	0
0	0
0	0
0	0
0	0
0	0
0	0
0	0
0	0
0	0
0	0
0	0
0	0
0	0
0	0
0	0
0	0
0	0
0	0
0	0
0	0
0	0
0	0
0	0
0	0
0	0
0	0
0	0
0	0
0	0
0	0
0	0
0	0
0	0
0	0
0	0
0	0
0	0
0	0
0	0
0	0
0	0
0	0
0	0
0	0
0	0
0	0
0	0
0	0
0	0
0	0
0	0
0	0
0	0
0	0
0	0
0	0
0	0
0	0
0	0
0	0
0	0
0	0
0	0
0	0
0	0
0	0
0	0
0	0
0	0
0	0
0	0
0	0
0	0
0	0
0	0
0	0
0	0
0	0
0	0
0	0
0	0
0	0
0	0
0	0
0	0
0	0
0	0
0	0
0	0
0	0
0	0
0	0
0	0
0	0
0	0
0	0
0	0
0	0
0	0
0	0
0	0
0	0
0	0
0	0
0	0
0	0
0	0
0	0
0	0
0	0
0	0
0	0
0	0
0	0
0	0
0	0
0	0
0	0
0	0
0	0
0	0
0	0
0	0
0	0
0	0
0	0
0	0
0	0
0	0
0	0
0	0
0	0
0	0
0	0
0	0
0	0
0	0
0	0
0	0
0	0
0	0
0	0
0	0
0	0
0	0
0	0
0	0
0	0
0	0
0	0
0	0
0	0
0	0
0	0
0	0
0	0
0	0
0	0
0	0
0	0
0	0
0	0
0	0
0	0
0	0
0	0
0	0
0	0
0	0
0	0
0	0
0	0
0	0
0	0
0	0
0	0
0	0
0	0
0	0
0	0
369.8	431.95
373.55	432.05
373.05	428.7
497	407.7
522.45	409.15
527.1	408.45
527.6	402.9
529.3	399.8
530.05	399.3
531.95	399
547.4	361.75
543.65	374.6
544.05	380
547.75	383.75
547.7	385.9
547.5	391.4
547.95	394.4
546.5	398.55
551.3	404.3
570.95	428.35
573.25	429.55
571.75	430.5
575.1	434.4
575.6	435.65
409.2	437.4
422.5	432.4
421.3	431.3
416.45	432.25
416.85	434.2
415.75	437.85
415.7	443.9
415.8	444.5
413.6	434.15
413.15	436.45
413.95	437
393.95	437.75
386.6	443.55
386.65	439.65
385.5	440.05
385.7	442
384.7	441
654.2	440.55
626.15	444.5
625.65	442.35
630.6	443.5
631.2	442.55
634.2	443.5
703.95	473.7
686.8	473.9
692.6	475.95
695.9	478.5
338.5	91.95
0	0
0	0
0	0
0	0
0	0
0	0
0	0
0	0
0	0
0	0
0	0
0	0
0	0
0	0
0	0
0	0
0	0
0	0
0	0
0	0
0	0
0	0
0	0
0	0
0	0
0	0
0	0
0	0
0	0
0	0
244.15	449.9
240.85	446.2
0	0
0	0
0	0
0	0
0	0
0	0
308.7	510.5
300.75	445.35
300.15	407.6
301.75	396.55
300.3	391.8
299.35	396.35
299.1	403.9
295.45	420.15
295.65	423.15
300.8	434.55
303.65	437.75
303.4	434.65
304.3	441.25
305.55	441.75
307.05	435.3
305.8	424
306.55	426.4
315.8	429.05
325.1	411.45
326.1	414.7
324.2	410.95
328.75	417.55
328.6	419.25
332.15	420
329.9	420.1
333.4	425.3
333.35	474.4
336	479.2
335.15	482.5
332.8	481.4
330.6	480.9
334.2	481.15
288.15	494.75
272.8	508.1
270.5	506.85
269.15	506.55
265.8	509.2
270.8	511.3
271.85	513.95
267.55	507.25
266.9	506.75
271.5	506.8
272.35	505.75
272.15	508.5
271.1	510.15
273	515.6
275.55	516.7
276.95	515.6
278.25	517.95
304.95	469.55
327.2	410.45
325.15	401.35
330.15	402.4
332	404.7
333.6	412.05
331.6	416.85
329.55	420.15
329.05	425.45
328.55	430.1
329.15	429.85
327.45	433.7
327.35	435.9
345.15	441.75
334.55	446.95
338.6	446.65
339.2	449.65
339.65	449.45
642.25	442.2
631.05	448.45
640.45	448.85
641.4	453.5
641.6	460.15
642.05	455.6
635.4	456.45
636.9	432.5
638.6	435.4
635.45	438.3
630.95	445
630.55	445.2
627.35	445.85
626.95	450.4
624.85	456
625.15	464.35
623.15	464.8
621.95	469.45
618.85	471.35
615	471.6
610.15	466.9
609.55	470.05
565	484.4
573.5	478.45
568.3	478.75
566.1	483.35
565.5	481.7
567.85	482.15
570.5	484.45
570.1	484.95
569.9	484.7
568.9	484.15
573.9	483.05
587.5	495.25
587.05	494.45
587.1	497.35
584.65	493.75
587	492.15
587.35	492.65
590.65	489.45
591.7	487.1
586.05	483.9
590.2	484.3
0	0
0	0
0	0
0	0
0	0
594.55	471.45
593.05	469.7
590.85	471.75
590.8	469.9
590.15	470
592.95	474.25
590.8	465.85
572.65	476.9
308.8	482.05
332.35	478.25
332	470.6
335.05	463.1
334.85	461.05
335.4	456.35
332	451.2
332.5	450.05
332.5	449.4
543.1	446.9
591.9	464.05
602.2	470.2
603.5	471.55
606.3	472.7
612.2	468.75
616.4	469.55
617.95	467.1
619.5	466.7
618.45	466.45
616.5	435.9
619.4	440.9
616.65	441.65
611.05	447.9
616.7	441.3
612.8	447.15
321.05	451.6
340.7	456.95
336.25	457.55
339.1	456.1
334.55	451.35
331.3	455.05
331.55	456.75
332.15	458.6
332.7	459.2
333.6	458.15
313.75	458.05
316.6	453.8
317.1	452.55
314.2	450.05
315.6	450.45
645.35	443.8
617.15	462.15
618.95	462.55
617.7	466.2
621.3	465.15
626.65	460.45
621.6	460.4
609.45	160.2
0	0
0	0
618.3	430.75
619.9	432.6
623.1	442.55
380.7	443
352.3	455.25
339.35	462.9
342.1	464.9
335.7	460.5
337.6	459.05
339.25	459.2
341.7	459.85
339.45	464.8
340.45	455.35
336.75	459.25
342.25	457.25
342.95	454.8
429.2	442
610.2	466.8
618.05	467.25
619.25	462.75
616.9	462.05
617.15	460.65
614.3	461.05
619.5	459.7
616.95	463.9
630.35	446.35
631.85	449.75
630.55	451
631.6	448.8
628.95	449.85
623.7	451.75
621.75	454.45
431.4	452.15
434.85	450.05
425.65	444.55
423.45	437.4
419.95	436.8
0	0
0	0
0	0
0	0
0	0
0	0
0	0
574.8	468.35
558.1	411.8
554.75	402.45
554.1	405.45
554.15	410.05
551.35	422.45
596.15	449
595.1	449.95
595.95	449.45
594.05	453.15
597.4	451.45
599.65	453.6
601.45	447.75
603.8	440.65
621.15	405.6
621.25	412.7
623.65	423.4
626.7	431.35
628.65	429.15
629.5	432.45
629.65	434.8
630.7	432.8
629.6	440
626.6	445.15
551.15	427.3
340.55	421.2
340.65	418.8
341.25	426.5
343.35	426.4
338.7	430.25
341.05	428.45
338.1	430.65
334.05	429.85
331.8	432.35
278.7	435.4
283.15	438.1
285.05	432.9
285.55	430.45
290.1	433.05
290.7	429.7
292.1	429.8
289.45	428.2
287.35	433.85
284.7	435.6
286.6	429.55
285.95	427.6
282.2	430.1
289.2	428.75
293.9	427.7
294.5	427.6
348.5	444.5
329.65	431.85
334.05	438.5
337.95	435.55
337.75	445.95
336.8	442.8
337.9	443.7
331	441.9
334.15	447.7
334.55	454.85
311.75	452.35
305.15	454.3
299.4	455.3
307.1	455.85
307.75	456.1
303.7	456.5
305.8	452.8
300.4	460.8
308.45	450.6
304.25	451
302.9	457.45
299.25	452.7
298.9	442.7
301.6	449.35
299.8	450.45
304.25	446.3
318.35	421.65
317.85	427.75
318.95	435.7
313.25	437
312.15	440.2
317.55	442.2
311.3	446.65
309.9	451.35
310.3	452.85
311.95	445.2
633.15	446.3
617.7	455
621.4	456.3
624.15	457.7
629.6	459.65
627.8	464.3
625.3	465.3
625.6	466.15
627.7	472.1
631.8	472.05
618.2	470.55
618.45	468.75
621.25	473.5
622.25	473.75
628.9	473.45
631.1	468.8
634.25	475.55
638.85	467.6
284.65	467.2
294.75	475.1
291.05	469.15
290.05	466.3
285.15	463.7
286.2	459.4
287.4	466.1
288.35	463.65
288.7	470.35
277.8	468.35
259.25	464.8
255.9	457.85
258.85	460.35
256.55	458.8
255.65	457.75
254.5	456.05
256.9	450.15
262.75	451.65
266.45	456.45
268.8	453.55
269.65	448.25
272	449.05
271.55	457.2
275.95	456.6
288.2	422.6
292.05	422.45
288.45	424.4
289.3	425.75
290.25	425.1
290.8	426.55
294.6	427.65
295.3	428.8
294.5	433.55
296.5	440.35
297.6	436.95
298.75	440.4
299.65	438.85
511.55	458.7
707.65	477.55
706.5	485.15
710	481
708.75	488.7
712.2	489.8
715.35	484.05
719.4	489.45
723.1	492
782.75	499
760.05	495.1
758.65	494.5
760.15	489.7
760.55	487.55
758.7	484.6
757.8	483.1
760.7	488.8
761.9	490.85
761.5	489.35
760.85	499.4
760.85	493.75
758.15	502.5
759.5	501.05
758.45	499.35
757.55	502.05
759.35	498.1
760.45	498.65
762.55	505.7
760.45	507.05
762.5	499.7
764.35	471.85
765.15	480.75
764.05	477.95
766.9	472
766.15	467.55
737.9	449.8
281.2	385.1
273.55	386.8
263.1	374.3
259.25	360
258.85	350.1
254.75	349.65
253.2	346.55
255.4	343
255.1	337.9
257.45	334.6
256.85	332.6
259.85	327.65
262.9	329.4
265.55	326.75
268.35	324.1
317.2	471.55
0	0
0	0
0	0
0	0
0	0
0	0
0	0
351.4	466.05
340.7	406.6
338.7	385.05
332.75	388
331.65	396.4
301.8	471.95
316.95	459.7
316.55	458.55
317.85	454.7
317.4	452.95
317.95	450.85
316	448.9
319	443.1
319.95	435.05
321.9	427.75
322.45	424.7
322.7	420.8
323.8	424.2
320.85	427.5
318.6	424.2
320.15	422.65
315.5	415.65
314.95	421.4
313.1	416.95
305.55	412.2
304.5	412.45
301.65	404.2
298.95	400.5
296.05	395.45
293.1	394.85
290.45	394.3
248.35	494.9
260.4	529
255.25	531.7
253.8	534.35
255.1	539.6
254.65	541.35
251.4	535.8
210.9	521.35
208.4	523.95
210.45	521.55
216.6	523.85
216.05	519.85
218.75	520.3
249.75	356.95
248.3	387.2
251.1	372.25
252.75	373.85
254.55	373.15
256.3	375.95
255.5	372.8
255.75	369.45
304.6	464.15
340.35	502.15
345.3	505.35
348.6	501.5
348.2	496.75
348.9	497.95
345.75	492.2
303.1	527.75
272.35	524.85
272.3	518.4
268.9	520.25
266.45	519.85
271	525
270.25	526.85
268.55	531.15
266.6	528.9
269.5	528.65
270.25	532.7
272.45	530.9
372.35	549.3
357.15	547.25
358.55	539.95
361.2	539.85
364.35	534
365.95	538.95
362.2	538.5
364.55	543.6
366	539.05
367.9	537.65
369.45	536.45
438.3	523.5
428.5	533.95
427.95	535.05
433	523.65
337.7	440.35
326.3	393.3
323.75	384.3
323.05	385.85
333.3	409.35
531.6	518.9
522.8	495.4
521.95	493.6
525.75	487.1
528.6	483.4
529.9	479.85
529.1	478.1
529.3	480.1
529.15	476.85
527.45	473.8
526.75	470.9
522.05	473.95
519.85	478.8
478.1	442.55
497.3	460.5
490.15	459.55
485.1	469.2
483.75	470.95
480.2	470.1
478.05	468.5
476.35	475.3
478.6	470.85
478.35	465.15
478.65	466.15
479.55	467.2
479.9	467.6
479.6	468.7
480.45	465.55
479.05	472.2
479.5	467.8
480.25	459.3
477.75	461.95
478.5	462.65
474.45	458.7
282.45	341.2
245.75	355.95
243.15	351
240.9	351.35
236.85	355.15
237.35	355.6
238.45	354.65
344.75	443.75
493	514.9
487.4	490.6
488.05	492.3
488.75	489.55
490.8	483.1
494.9	491.2
499.35	490.3
505.35	480.6
514	480.6
519	476.3
544.2	442.85
581.55	417.9
589.5	414.25
594.95	416.9
598.4	416.9
601.2	416.65
601.2	408.35
600.6	418.95
599.7	415.65
597.75	417.9
596.4	417.95
597.85	419.9
600.4	411.7
591.35	417.85
593.7	420.9
596.7	419.5
597.65	420.2
595.6	418.3
597.85	418.35
604.3	416.2
585.25	446.55
555.9	474.75
548.4	468.45
542.2	468.6
533.9	476.55
528.15	481.65
523.5	480.6
519.15	483.55
469.6	501.55
464.25	494.9
460.2	496.65
456.9	498.25
450.4	497.85
443.55	502.4
438.8	499
437.5	492.4
437.75	496.75
435.75	499.1
435.95	503
432.9	505.1
384.05	572.35
399.15	550
400.25	557.6
400.7	563.65
401.85	563.45
403.5	568.55
405.7	572.7
408.3	572.3
407.5	575.95
406.75	574.7
407.9	576.75
411.95	572.05
415.4	573.1
419.1	571.7
422.2	568.6
427.45	562.9
429.05	562.15
441.15	553.7
447.25	555.8
456.85	544.95
621.55	506.3
620.5	518.95
