0	0
645.11	364.48
640.85	352.84
616.17	348.36
614.46	348.36
614.46	348.36
614.46	348.36
614.46	348.36
614.46	348.36
614.46	348.36
614.46	348.36
626.38	370.74
607.65	419.09
605.95	445.05
602.55	464.75
601.7	488.92
601.7	524.74
613.61	568.61
614.46	574.87
614.46	574.87
612.76	556.97
607.65	530.11
607.65	525.63
607.65	525.63
604.25	534.58
604.25	547.12
604.25	554.28
604.25	554.28
605.1	554.28
605.95	551.6
605.95	551.6
605.95	551.6
605.95	551.6
605.95	551.6
605.95	551.6
605.95	551.6
605.95	551.6
605.95	551.6
605.95	551.6
605.95	551.6
605.95	548.01
599.14	531.9
584.67	504.14
577.86	490.71
576.16	487.13
576.16	487.13
576.16	487.13
576.16	487.13
576.16	487.13
576.16	487.13
629.79	454.9
705.54	419.09
760.02	404.77
803.43	415.51
845.14	444.16
860.47	458.48
863.02	461.17
863.02	462.06
863.02	462.06
862.17	462.06
844.29	472.81
808.54	491.61
741.29	511.31
687.67	518.47
645.96	522.05
612.76	522.95
560.84	522.05
521.68	521.16
507.21	520.26
495.29	520.26
488.48	522.95
482.52	527.42
479.12	529.21
475.71	531.9
474.86	534.58
474.86	537.27
482.52	541.75
502.1	547.12
533.6	556.07
582.12	569.5
590.63	570.4
590.63	570.4
590.63	570.4
590.63	570.4
590.63	570.4
590.63	570.4
590.63	570.4
590.63	570.4
590.63	570.4
590.63	570.4
590.63	570.4
570.2	567.71
526.79	561.44
491.04	556.97
471.46	556.07
460.39	555.18
459.54	555.18
459.54	555.18
459.54	555.18
461.24	555.18
519.98	560.55
597.44	568.61
632.34	572.19
645.11	573.08
654.47	573.08
672.35	573.08
688.52	576.66
692.78	577.56
693.63	577.56
693.63	577.56
693.63	577.56
693.63	577.56
693.63	577.56
693.63	577.56
693.63	577.56
679.16	573.98
652.77	567.71
607.65	559.65
541.26	548.01
499.55	539.06
491.89	536.38
491.89	536.38
491.89	536.38
491.89	536.38
494.44	536.38
507.21	536.38
522.53	537.27
540.41	539.06
563.39	541.75
577.01	541.75
581.27	541.75
581.27	541.75
581.27	541.75
581.27	541.75
581.27	542.64
581.27	542.64
581.27	542.64
581.27	542.64
581.27	542.64
581.27	542.64
581.27	542.64
581.27	542.64
581.27	542.64
581.27	542.64
581.27	542.64
581.27	542.64
581.27	542.64
581.27	542.64
581.27	542.64
581.27	542.64
581.27	542.64
581.27	542.64
581.27	542.64
581.27	542.64
581.27	542.64
581.27	542.64
581.27	542.64
581.27	542.64
581.27	542.64
581.27	542.64
581.27	542.64
581.27	542.64
581.27	542.64
581.27	542.64
581.27	542.64
581.27	542.64
581.27	542.64
581.27	542.64
581.27	542.64
581.27	542.64
581.27	542.64
581.27	542.64
581.27	542.64
581.27	542.64
581.27	542.64
581.27	542.64
581.27	542.64
581.27	542.64
581.27	542.64
581.27	542.64
581.27	542.64
581.27	542.64
581.27	542.64
581.27	542.64
581.27	542.64
581.27	542.64
581.27	542.64
581.27	542.64
581.27	542.64
581.27	542.64
581.27	542.64
581.27	542.64
581.27	542.64
581.27	542.64
581.27	542.64
581.27	542.64
581.27	542.64
581.27	542.64
581.27	542.64
581.27	542.64
581.27	542.64
581.27	542.64
581.27	542.64
581.27	542.64
581.27	542.64
581.27	542.64
581.27	542.64
581.27	542.64
581.27	542.64
581.27	542.64
581.27	542.64
581.27	542.64
581.27	542.64
581.27	542.64
581.27	542.64
581.27	542.64
581.27	542.64
581.27	542.64
581.27	542.64
581.27	542.64
581.27	542.64
581.27	542.64
581.27	542.64
581.27	542.64
581.27	542.64
581.27	542.64
581.27	542.64
581.27	542.64
581.27	542.64
581.27	542.64
581.27	542.64
581.27	542.64
581.27	542.64
581.27	542.64
581.27	542.64
581.27	542.64
581.27	542.64
581.27	542.64
581.27	542.64
581.27	542.64
581.27	542.64
581.27	542.64
581.27	542.64
581.27	542.64
581.27	542.64
581.27	542.64
581.27	542.64
581.27	542.64
581.27	542.64
581.27	542.64
581.27	542.64
581.27	542.64
581.27	542.64
581.27	542.64
581.27	542.64
581.27	542.64
581.27	542.64
581.27	542.64
581.27	542.64
581.27	542.64
581.27	542.64
581.27	542.64
581.27	542.64
581.27	542.64
581.27	542.64
581.27	542.64
581.27	542.64
581.27	542.64
581.27	542.64
581.27	542.64
581.27	542.64
581.27	542.64
581.27	542.64
581.27	542.64
581.27	542.64
581.27	542.64
581.27	542.64
581.27	542.64
581.27	542.64
581.27	542.64
581.27	542.64
581.27	542.64
581.27	542.64
581.27	542.64
581.27	542.64
581.27	542.64
581.27	542.64
581.27	542.64
581.27	542.64
581.27	542.64
581.27	542.64
581.27	542.64
581.27	542.64
581.27	542.64
581.27	542.64
581.27	542.64
581.27	542.64
581.27	542.64
581.27	542.64
581.27	542.64
581.27	542.64
581.27	542.64
581.27	542.64
581.27	542.64
581.27	542.64
581.27	542.64
581.27	542.64
581.27	542.64
581.27	542.64
581.27	542.64
581.27	542.64
581.27	542.64
581.27	542.64
581.27	542.64
581.27	542.64
581.27	542.64
581.27	542.64
581.27	542.64
581.27	542.64
581.27	542.64
581.27	542.64
581.27	542.64
581.27	542.64
581.27	542.64
581.27	542.64
581.27	542.64
581.27	542.64
581.27	542.64
581.27	542.64
581.27	542.64
581.27	542.64
581.27	542.64
581.27	542.64
581.27	542.64
581.27	542.64
581.27	542.64
581.27	542.64
581.27	542.64
581.27	542.64
582.97	541.75
610.21	537.27
621.27	535.48
622.98	535.48
623.83	535.48
630.64	535.48
632.34	535.48
641.7	529.21
651.92	523.84
668.94	516.68
685.97	511.31
716.61	505.93
729.38	505.93
730.23	505.93
730.23	505.93
730.23	505.93
730.23	505.93
720.87	508.62
680.86	510.41
612.76	504.14
569.35	494.3
552.32	488.03
548.92	487.13
547.22	487.13
547.22	487.13
547.22	487.13
547.22	487.13
548.07	487.13
557.43	488.03
574.46	488.92
587.22	488.92
593.18	488.92
593.18	488.92
593.18	488.92
593.18	488.92
593.18	488.92
593.18	488.92
593.18	488.92
593.18	488.92
593.18	488.92
593.18	488.92
593.18	488.92
593.18	488.92
593.18	488.92
593.18	488.92
593.18	488.92
593.18	488.92
593.18	488.92
593.18	488.92
593.18	488.92
593.18	488.92
593.18	488.92
593.18	488.92
593.18	488.92
593.18	488.92
593.18	488.92
593.18	488.92
593.18	488.92
593.18	488.92
593.18	488.92
593.18	488.92
593.18	488.92
593.18	488.92
593.18	488.92
593.18	488.92
593.18	488.92
593.18	488.92
593.18	488.92
593.18	488.92
593.18	488.92
593.18	488.92
593.18	488.92
593.18	488.92
593.18	488.92
593.18	488.92
593.18	488.92
593.18	488.92
593.18	488.92
593.18	488.92
593.18	488.92
593.18	488.92
593.18	488.92
593.18	488.92
593.18	488.92
593.18	488.92
593.18	488.92
593.18	488.92
593.18	488.92
593.18	488.92
593.18	488.92
593.18	488.92
593.18	488.92
593.18	488.92
593.18	488.92
593.18	488.92
593.18	488.92
593.18	488.92
593.18	488.92
593.18	488.92
593.18	488.92
593.18	488.92
593.18	488.92
593.18	488.92
593.18	488.92
593.18	488.92
593.18	488.92
593.18	488.92
593.18	488.92
593.18	488.92
593.18	488.92
593.18	488.92
593.18	488.92
593.18	488.92
593.18	488.92
593.18	488.92
593.18	488.92
593.18	488.92
593.18	488.92
593.18	488.92
593.18	488.92
593.18	488.92
593.18	488.92
593.18	488.92
593.18	488.92
593.18	488.92
593.18	488.92
593.18	488.92
593.18	488.92
593.18	488.92
593.18	488.92
593.18	488.92
593.18	488.92
593.18	488.92
593.18	488.92
593.18	488.92
593.18	488.92
593.18	488.92
593.18	488.92
593.18	488.92
593.18	488.92
593.18	488.92
593.18	488.92
593.18	488.92
593.18	488.92
593.18	488.92
593.18	488.92
593.18	488.92
593.18	488.92
593.18	488.92
593.18	488.92
593.18	488.92
593.18	488.92
593.18	488.92
593.18	488.92
593.18	488.92
593.18	488.92
593.18	488.92
593.18	488.92
593.18	488.92
593.18	488.92
593.18	488.92
593.18	488.92
593.18	488.92
593.18	488.92
593.18	488.92
593.18	488.92
593.18	488.92
593.18	488.92
593.18	488.92
593.18	488.92
593.18	488.92
593.18	488.92
593.18	488.92
593.18	488.92
593.18	488.92
593.18	488.92
593.18	488.92
593.18	488.92
593.18	488.92
593.18	488.92
593.18	488.92
593.18	488.92
593.18	488.92
593.18	488.92
593.18	488.92
593.18	488.92
593.18	488.92
593.18	488.92
593.18	488.92
592.33	488.92
592.33	488.92
592.33	488.92
588.93	488.92
582.12	488.03
582.12	487.13
582.12	487.13
582.12	487.13
582.12	487.13
581.27	487.13
581.27	487.13
581.27	487.13
581.27	487.13
581.27	487.13
581.27	487.13
581.27	487.13
581.27	487.13
581.27	487.13
581.27	487.13
581.27	487.13
581.27	487.13
581.27	487.13
581.27	487.13
581.27	487.13
581.27	487.13
581.27	487.13
581.27	487.13
581.27	487.13
581.27	487.13
581.27	487.13
581.27	487.13
581.27	487.13
581.27	487.13
581.27	487.13
581.27	487.13
581.27	487.13
581.27	487.13
581.27	487.13
581.27	487.13
581.27	487.13
581.27	487.13
581.27	487.13
581.27	487.13
581.27	487.13
581.27	487.13
581.27	485.34
585.52	479.97
590.63	475.49
592.33	471.02
597.44	461.17
600.84	447.74
602.55	435.21
602.55	427.15
602.55	427.15
602.55	427.15
602.55	427.15
602.55	427.15
602.55	427.15
602.55	427.15
602.55	427.15
591.48	433.42
571.9	446.84
545.51	463.86
526.79	473.7
510.61	487.13
502.95	505.93
501.25	528.32
503.81	548.91
506.36	559.65
508.91	566.82
510.61	570.4
510.61	570.4
510.61	570.4
510.61	564.13
513.17	553.39
517.42	543.54
520.83	535.48
523.38	530.11
525.09	528.32
528.49	525.63
532.75	522.05
537	519.36
540.41	516.68
545.51	514.89
551.47	511.31
552.32	511.31
552.32	511.31
552.32	511.31
552.32	511.31
552.32	511.31
552.32	511.31
552.32	511.31
552.32	511.31
552.32	511.31
552.32	511.31
552.32	511.31
552.32	511.31
553.18	511.31
560.84	511.31
564.24	511.31
565.09	511.31
565.09	511.31
565.09	511.31
565.09	511.31
565.09	511.31
565.09	511.31
565.09	511.31
565.09	511.31
565.09	511.31
565.09	511.31
565.09	511.31
565.09	511.31
565.09	511.31
565.09	509.52
565.09	509.52
565.09	508.62
565.09	507.73
563.39	503.25
561.69	496.98
561.69	493.4
561.69	493.4
561.69	493.4
560.84	492.51
558.28	485.34
558.28	485.34
557.43	485.34
557.43	485.34
557.43	485.34
557.43	485.34
557.43	485.34
557.43	485.34
557.43	485.34
557.43	485.34
557.43	484.45
557.43	484.45
556.58	484.45
541.26	479.97
534.45	479.97
521.68	480.87
516.57	484.45
506.36	488.92
497	493.4
491.04	496.98
489.33	497.88
487.63	501.46
487.63	506.83
487.63	517.57
487.63	530.11
488.48	551.6
497.85	591.88
502.1	609.79
505.51	615.16
510.61	617.85
524.23	610.69
539.56	599.94
558.28	584.72
564.24	575.77
564.24	571.29
565.09	571.29
565.09	571.29
565.09	571.29
565.09	571.29
564.24	571.29
564.24	571.29
556.58	565.03
548.07	554.28
542.11	531
540.41	512.2
538.71	496.98
543.81	482.66
543.81	475.49
543.81	475.49
543.81	475.49
543.81	475.49
541.26	475.49
531.04	464.75
516.57	446.84
490.19	423.57
397.4	374.32
231.42	314.34
141.19	291.96
129.27	290.17
127.57	290.17
127.57	290.17
126.72	281.21
126.72	261.52
125.86	248.09
125.86	239.13
125.86	238.24
127.57	238.24
158.21	253.46
273.13	286.58
425.49	333.14
554.88	381.49
562.54	385.07
565.09	390.44
565.09	390.44
565.09	390.44
565.09	390.44
565.09	390.44
565.94	391.34
565.94	391.34
570.2	389.55
570.2	389.55
570.2	389.55
570.2	389.55
570.2	389.55
570.2	389.55
570.2	389.55
570.2	389.55
570.2	389.55
570.2	389.55
570.2	389.55
570.2	389.55
570.2	389.55
570.2	389.55
570.2	389.55
570.2	389.55
570.2	389.55
570.2	389.55
570.2	389.55
570.2	389.55
570.2	389.55
570.2	389.55
570.2	389.55
570.2	389.55
570.2	389.55
570.2	389.55
570.2	389.55
570.2	389.55
570.2	389.55
570.2	389.55
570.2	389.55
570.2	389.55
570.2	389.55
570.2	389.55
570.2	389.55
570.2	389.55
570.2	389.55
570.2	389.55
570.2	389.55
570.2	389.55
570.2	389.55
570.2	389.55
570.2	389.55
570.2	389.55
570.2	389.55
570.2	389.55
570.2	389.55
570.2	389.55
570.2	389.55
570.2	389.55
570.2	389.55
570.2	389.55
570.2	389.55
570.2	389.55
570.2	389.55
570.2	389.55
570.2	389.55
570.2	389.55
570.2	389.55
570.2	389.55
570.2	389.55
570.2	389.55
570.2	389.55
570.2	389.55
570.2	389.55
570.2	389.55
570.2	389.55
570.2	389.55
570.2	389.55
570.2	389.55
570.2	389.55
570.2	389.55
570.2	389.55
570.2	389.55
570.2	389.55
570.2	389.55
570.2	389.55
570.2	389.55
570.2	389.55
570.2	389.55
570.2	389.55
570.2	389.55
570.2	389.55
570.2	389.55
570.2	389.55
570.2	389.55
570.2	389.55
570.2	389.55
570.2	389.55
570.2	389.55
570.2	389.55
570.2	389.55
570.2	389.55
570.2	389.55
570.2	389.55
570.2	389.55
570.2	389.55
568.5	380.59
560.84	361.79
538.71	301.81
539.56	223.02
579.56	137.96
626.38	92.3
651.92	72.61
672.35	65.44
682.56	65.44
682.56	98.57
654.47	188.1
612.76	268.68
565.09	351.05
537.85	405.66
529.34	434.31
524.23	452.22
516.57	472.81
512.32	487.13
519.13	482.66
523.38	479.97
523.38	479.97
523.38	479.97
523.38	479.97
523.38	479.97
523.38	479.97
521.68	479.97
516.57	481.76
508.06	486.24
506.36	488.03
506.36	488.03
506.36	488.03
506.36	488.03
506.36	488.03
506.36	488.03
506.36	488.03
506.36	488.03
506.36	488.03
506.36	488.03
506.36	488.03
506.36	488.03
506.36	488.03
506.36	488.03
506.36	488.03
506.36	488.03
506.36	488.03
506.36	488.03
506.36	488.03
506.36	488.03
502.95	491.61
502.95	491.61
502.95	491.61
502.95	491.61
502.95	491.61
502.95	491.61
502.95	491.61
502.95	491.61
502.95	491.61
502.95	491.61
502.95	491.61
502.95	491.61
502.95	491.61
502.95	491.61
502.95	491.61
502.95	491.61
502.95	491.61
502.95	491.61
502.95	491.61
502.95	491.61
502.95	491.61
502.95	491.61
502.95	491.61
502.95	491.61
502.95	491.61
502.95	491.61
502.95	491.61
502.95	491.61
502.95	491.61
540.41	481.76
564.24	475.49
576.16	473.7
587.22	471.91
591.48	472.81
600.84	476.39
617.02	488.03
622.98	495.19
625.53	496.09
625.53	496.98
625.53	496.98
625.53	496.98
623.83	491.61
621.27	484.45
615.31	476.39
610.21	469.23
607.65	465.65
597.44	454.01
586.37	440.58
566.8	411.03
535.3	362.69
507.21	318.82
467.2	255.25
450.18	228.39
441.67	214.96
435.71	206.01
423.79	192.58
404.21	177.36
379.53	163.03
343.78	140.65
334.41	137.07
333.56	141.55
339.52	168.4
378.68	233.76
472.31	363.58
529.34	460.27
542.11	528.32
534.45	590.09
521.68	637.54
507.21	685
0	0
0	0
0	0
0	0
0	0
483.38	675.15
475.71	630.38
474.01	603.52
477.42	592.78
481.67	585.62
485.08	578.45
490.19	571.29
496.14	562.34
504.66	548.91
524.23	522.05
549.77	488.03
580.41	450.43
598.29	425.36
607.65	405.66
611.06	399.39
611.91	398.5
614.46	396.71
615.31	395.81
615.31	395.81
615.31	395.81
615.31	395.81
615.31	395.81
615.31	395.81
615.31	395.81
615.31	395.81
615.31	395.81
615.31	395.81
615.31	395.81
615.31	395.81
615.31	395.81
615.31	395.81
615.31	395.81
615.31	395.81
615.31	395.81
615.31	395.81
615.31	395.81
615.31	395.81
615.31	395.81
615.31	395.81
615.31	395.81
615.31	395.81
615.31	395.81
615.31	395.81
616.17	395.81
667.24	420.88
693.63	444.16
708.95	462.96
714.91	471.91
718.31	476.39
719.16	476.39
719.16	476.39
719.16	476.39
719.16	476.39
719.16	476.39
719.16	476.39
717.46	476.39
717.46	476.39
717.46	476.39
717.46	476.39
717.46	476.39
717.46	476.39
717.46	476.39
717.46	476.39
717.46	476.39
717.46	476.39
717.46	476.39
717.46	476.39
717.46	476.39
717.46	476.39
717.46	476.39
717.46	476.39
717.46	476.39
717.46	476.39
717.46	476.39
717.46	476.39
717.46	476.39
717.46	476.39
717.46	476.39
717.46	476.39
717.46	476.39
717.46	476.39
717.46	476.39
717.46	476.39
717.46	476.39
717.46	476.39
717.46	476.39
717.46	476.39
717.46	476.39
717.46	476.39
717.46	476.39
717.46	476.39
717.46	476.39
717.46	476.39
717.46	476.39
717.46	476.39
717.46	476.39
717.46	476.39
717.46	476.39
717.46	476.39
717.46	476.39
717.46	476.39
717.46	476.39
717.46	476.39
717.46	476.39
717.46	476.39
717.46	476.39
717.46	476.39
717.46	476.39
717.46	476.39
717.46	476.39
717.46	476.39
717.46	476.39
717.46	476.39
717.46	476.39
717.46	476.39
717.46	476.39
717.46	476.39
717.46	476.39
717.46	476.39
717.46	476.39
717.46	476.39
717.46	476.39
717.46	476.39
717.46	476.39
717.46	476.39
717.46	476.39
717.46	476.39
717.46	476.39
717.46	476.39
717.46	476.39
717.46	476.39
733.63	472.81
779.6	462.06
792.37	455.8
796.62	453.11
796.62	453.11
797.48	453.11
797.48	453.11
797.48	453.11
797.48	453.11
797.48	453.11
794.92	453.11
777.9	452.22
772.79	454.9
766.83	461.17
761.72	466.54
760.87	466.54
760.87	466.54
760.87	466.54
760.87	466.54
760.87	466.54
760.87	466.54
760.87	466.54
760.87	466.54
760.87	466.54
760.87	466.54
760.87	466.54
760.87	466.54
760.87	466.54
760.87	466.54
760.87	466.54
747.25	477.29
735.34	484.45
735.34	484.45
734.49	484.45
734.49	484.45
734.49	484.45
734.49	484.45
734.49	484.45
734.49	484.45
734.49	484.45
734.49	484.45
734.49	484.45
734.49	484.45
734.49	484.45
734.49	484.45
734.49	484.45
734.49	484.45
734.49	484.45
734.49	484.45
734.49	484.45
734.49	484.45
734.49	484.45
734.49	484.45
734.49	484.45
734.49	484.45
734.49	484.45
734.49	484.45
734.49	484.45
734.49	484.45
734.49	484.45
734.49	484.45
734.49	484.45
734.49	484.45
734.49	484.45
734.49	484.45
734.49	484.45
734.49	484.45
734.49	484.45
734.49	484.45
734.49	484.45
734.49	484.45
734.49	484.45
734.49	484.45
734.49	484.45
724.27	513.99
709.8	568.61
701.29	608
688.52	642.92
664.69	682.31
641.7	707.38
0	0
0	0
622.12	702.9
627.23	667.99
630.64	634.86
633.19	574.87
622.98	509.52
607.65	456.69
594.03	415.51
583.82	388.65
575.31	356.42
571.05	325.08
568.5	297.33
565.94	278.53
565.09	274.05
565.09	274.05
565.09	274.05
560.84	277.63
556.58	291.06
552.32	302.7
547.22	317.92
542.96	331.35
541.26	344.78
538.71	360
538.71	370.74
541.26	383.28
546.37	398.5
547.22	409.24
545.51	416.4
545.51	417.3
545.51	418.19
545.51	419.09
543.81	423.57
542.11	431.62
542.11	434.31
542.11	434.31
542.11	434.31
542.11	434.31
542.11	434.31
542.11	434.31
542.11	434.31
542.11	434.31
542.11	434.31
542.11	434.31
556.58	431.62
559.99	431.62
559.99	431.62
559.99	431.62
559.99	431.62
559.99	431.62
559.99	431.62
559.99	431.62
559.99	431.62
559.99	431.62
559.99	431.62
559.99	431.62
559.99	431.62
559.99	431.62
559.99	431.62
559.99	431.62
559.99	431.62
559.99	431.62
559.99	431.62
559.99	431.62
559.99	431.62
559.99	431.62
559.99	431.62
559.99	431.62
559.99	431.62
559.99	431.62
559.99	431.62
559.99	431.62
559.99	431.62
559.99	431.62
559.99	431.62
559.99	431.62
559.99	431.62
559.99	431.62
559.99	431.62
559.99	431.62
559.99	431.62
559.99	431.62
559.99	431.62
559.99	431.62
559.99	431.62
559.99	431.62
559.99	431.62
559.99	431.62
559.99	431.62
559.99	431.62
559.99	431.62
559.99	431.62
559.99	431.62
559.99	431.62
577.86	431.62
614.46	440.58
634.04	453.11
645.11	466.54
649.36	474.6
651.92	489.82
650.21	500.56
638.3	512.2
621.27	526.53
608.5	534.58
605.1	537.27
603.4	539.06
601.7	543.54
600.84	548.91
600.84	556.97
600.84	557.86
600.84	557.86
606.8	553.39
605.1	530.11
589.78	506.83
559.99	471.91
533.6	449.53
521.68	438.79
519.98	436.1
519.98	436.1
519.98	436.1
519.98	436.1
519.98	436.1
519.98	436.1
519.98	436.1
519.98	436.1
519.98	436.1
519.98	436.1
519.98	436.1
519.98	436.1
519.98	436.1
519.98	436.1
519.98	436.1
519.98	436.1
519.98	436.1
519.98	436.1
519.98	436.1
519.98	436.1
519.98	436.1
519.98	436.1
519.98	436.1
519.98	436.1
519.98	436.1
519.98	436.1
519.98	436.1
519.98	436.1
519.98	436.1
519.98	436.1
519.98	436.1
519.98	436.1
519.98	436.1
519.98	436.1
519.98	436.1
519.98	436.1
519.98	436.1
519.98	436.1
519.98	436.1
519.98	436.1
519.98	436.1
519.98	436.1
519.98	436.1
519.98	436.1
519.98	436.1
519.98	436.1
519.98	436.1
519.98	436.1
519.98	436.1
519.98	436.1
519.98	436.1
519.98	436.1
519.98	436.1
519.98	436.1
519.98	436.1
519.98	436.1
519.98	436.1
519.98	436.1
519.98	436.1
519.98	436.1
519.98	436.1
519.98	436.1
519.98	436.1
519.98	436.1
519.98	436.1
519.98	436.1
519.98	436.1
519.98	436.1
519.98	436.1
519.98	436.1
519.98	436.1
519.98	436.1
523.38	436.1
577.86	448.64
590.63	451.32
602.55	452.22
605.1	452.22
605.1	452.22
605.1	452.22
605.1	452.22
605.1	452.22
605.1	452.22
605.1	452.22
607.65	452.22
635.74	438.79
658.73	424.46
672.35	414.61
674.9	412.82
674.9	412.82
674.9	412.82
674.9	414.61
674.05	428.94
662.13	451.32
646.81	471.91
629.79	491.61
613.61	505.93
601.7	519.36
595.74	524.74
595.74	524.74
597.44	523.84
616.17	483.55
634.04	423.57
633.19	388.65
627.23	365.37
623.83	358.21
621.27	354.63
615.31	342.99
615.31	337.62
615.31	337.62
615.31	337.62
615.31	337.62
615.31	337.62
615.31	337.62
615.31	337.62
615.31	337.62
615.31	337.62
615.31	337.62
577.86	401.18
510.61	522.95
481.67	564.13
452.73	593.67
446.77	597.26
446.77	597.26
446.77	597.26
437.41	595.47
401.66	587.41
339.52	567.71
251.84	533.69
184.6	485.34
154.81	440.58
143.74	387.75
163.32	337.62
212.69	289.27
259.51	258.83
343.78	223.91
424.64	205.11
498.7	205.11
585.52	225.7
657.88	242.71
707.25	255.25
726.82	261.52
752.36	283.9
796.62	339.41
831.52	406.56
838.33	437
837.48	455.8
836.63	461.17
841.74	450.43
852.8	366.27
829.82	259.73
766.83	170.2
731.08	146.92
728.53	146.92
728.53	146.92
728.53	146.92
728.53	146.92
728.53	146.92
728.53	146.92
728.53	146.92
729.38	150.5
729.38	155.87
725.12	166.61
715.76	176.46
702.14	187.21
682.56	205.11
657.88	233.76
633.19	268.68
625.53	286.58
625.53	286.58
625.53	286.58
628.93	283
634.04	277.63
646.81	274.05
648.51	273.16
648.51	273.16
648.51	273.16
648.51	273.16
648.51	273.16
648.51	273.16
648.51	273.16
648.51	273.16
648.51	273.16
648.51	273.16
648.51	273.16
648.51	273.16
648.51	273.16
648.51	273.16
648.51	273.16
648.51	273.16
648.51	273.16
648.51	273.16
648.51	273.16
648.51	273.16
648.51	273.16
648.51	273.16
648.51	273.16
648.51	273.16
648.51	273.16
648.51	273.16
648.51	273.16
648.51	273.16
648.51	273.16
648.51	273.16
648.51	273.16
648.51	273.16
648.51	273.16
648.51	273.16
648.51	273.16
648.51	273.16
648.51	273.16
648.51	273.16
648.51	273.16
648.51	273.16
640.85	277.63
624.68	291.06
588.93	321.5
540.41	363.58
497.85	398.5
463.8	418.19
449.33	428.04
429.75	441.47
418.68	450.43
416.98	451.32
416.98	451.32
418.68	451.32
418.68	451.32
418.68	451.32
419.53	451.32
438.26	452.22
479.12	437
531.04	411.03
592.33	369.85
631.49	328.66
645.11	308.97
650.21	299.12
650.21	298.22
650.21	298.22
650.21	298.22
650.21	298.22
650.21	298.22
650.21	298.22
650.21	298.22
650.21	298.22
657.02	291.96
659.58	288.38
659.58	288.38
659.58	288.38
659.58	288.38
659.58	288.38
659.58	289.27
681.71	359.1
691.92	394.02
696.18	427.15
697.03	469.23
698.73	507.73
704.69	528.32
704.69	540.85
704.69	542.64
704.69	542.64
704.69	542.64
705.54	542.64
708.95	544.43
713.2	555.18
719.16	565.92
722.57	569.5
722.57	570.4
722.57	570.4
722.57	570.4
722.57	570.4
724.27	565.92
724.27	558.76
722.57	545.33
717.46	525.63
702.99	490.71
683.41	450.43
668.94	425.36
666.39	419.99
666.39	419.99
666.39	419.99
666.39	419.99
665.54	417.3
662.98	404.77
656.17	385.07
642.55	350.15
620.42	315.23
603.4	296.43
594.89	291.06
591.48	289.27
592.33	289.27
592.33	289.27
592.33	289.27
592.33	289.27
590.63	289.27
587.22	291.06
582.97	293.75
579.56	295.54
577.86	296.43
577.86	297.33
573.61	298.22
565.09	302.7
554.03	308.97
539.56	316.13
534.45	318.82
532.75	319.71
531.9	320.61
531.9	320.61
531.9	321.5
531.04	322.4
531.04	322.4
531.04	322.4
531.04	322.4
532.75	325.98
536.15	331.35
542.96	342.09
548.07	351.05
558.28	366.27
565.94	377.01
577.86	390.44
582.12	394.92
582.12	394.92
582.97	394.92
583.82	395.81
599.99	402.97
659.58	412.82
742.15	414.61
793.22	403.87
801.73	399.39
803.43	397.6
803.43	397.6
805.14	397.6
815.35	398.5
833.23	402.08
869.83	409.24
889.41	413.72
896.22	414.61
899.62	414.61
899.62	414.61
899.62	414.61
901.32	418.19
901.32	423.57
895.37	427.15
881.75	430.73
841.74	431.62
764.28	419.99
668.09	402.08
598.29	394.02
579.56	395.81
566.8	402.08
544.66	410.14
519.98	418.19
483.38	422.67
440.82	421.78
387.19	414.61
353.14	408.35
346.33	406.56
346.33	406.56
347.18	406.56
359.95	406.56
410.17	415.51
505.51	442.37
567.65	462.06
612.76	478.18
655.32	494.3
697.03	510.41
731.08	522.05
751.51	531.9
771.09	539.96
775.34	540.85
775.34	540.85
775.34	540.85
775.34	540.85
774.49	540.85
730.23	511.31
602.55	440.58
481.67	385.96
447.62	370.74
445.92	365.37
444.22	351.94
443.37	330.45
437.41	299.12
432.3	280.32
430.6	275.84
430.6	275.84
430.6	275.84
430.6	275.84
432.3	275.84
440.82	275.84
453.58	283
481.67	301.81
511.47	319.71
515.72	322.4
516.57	324.19
522.53	328.66
526.79	332.25
535.3	340.3
545.51	351.94
549.77	358.21
549.77	358.21
550.62	358.21
550.62	358.21
550.62	358.21
550.62	358.21
550.62	358.21
550.62	358.21
550.62	358.21
550.62	358.21
550.62	358.21
550.62	358.21
550.62	358.21
550.62	358.21
550.62	358.21
550.62	358.21
550.62	358.21
550.62	358.21
550.62	358.21
550.62	358.21
550.62	358.21
550.62	358.21
550.62	358.21
550.62	358.21
550.62	358.21
550.62	358.21
550.62	358.21
550.62	358.21
550.62	358.21
550.62	358.21
550.62	358.21
550.62	358.21
550.62	358.21
550.62	358.21
553.18	358.21
565.09	362.69
574.46	369.85
583.82	378.8
592.33	384.17
606.8	387.75
622.98	391.34
638.3	391.34
651.07	392.23
668.09	392.23
676.6	391.34
680.86	391.34
680.86	391.34
685.11	391.34
690.22	391.34
697.03	393.13
697.88	393.13
699.59	394.02
701.29	396.71
704.69	397.6
708.1	400.29
713.2	402.08
722.57	405.66
733.63	410.14
743	417.3
746.4	419.99
749.81	426.25
751.51	428.94
751.51	429.83
751.51	429.83
751.51	430.73
751.51	430.73
750.66	432.52
748.96	432.52
748.96	432.52
748.96	432.52
748.96	432.52
748.96	432.52
748.96	432.52
748.96	433.42
748.96	433.42
748.96	433.42
748.96	433.42
748.96	433.42
748.96	433.42
748.96	433.42
748.96	433.42
748.96	433.42
748.96	433.42
748.96	433.42
748.96	433.42
748.96	433.42
753.21	430.73
773.64	415.51
790.67	402.97
812.8	394.92
834.08	396.71
857.06	409.24
880.89	420.88
895.37	428.94
909.84	436.1
920.05	442.37
923.46	444.16
924.31	444.16
924.31	444.16
924.31	444.16
924.31	444.16
924.31	444.16
924.31	444.16
920.9	445.95
906.43	445.95
877.49	439.68
828.97	426.25
762.58	406.56
706.39	391.34
668.09	382.38
660.43	382.38
660.43	382.38
657.88	382.38
650.21	382.38
642.55	382.38
634.04	382.38
610.21	377.01
594.89	373.43
594.03	373.43
594.03	368.95
600.84	355.52
619.57	337.62
630.64	315.23
633.19	300.91
626.38	281.21
617.87	269.57
610.21	261.52
606.8	257.04
604.25	255.25
604.25	254.35
604.25	253.46
604.25	253.46
604.25	253.46
604.25	253.46
604.25	253.46
604.25	253.46
597.44	257.94
591.48	265.1
584.67	275.84
571.9	289.27
554.88	301.81
521.68	316.13
497	325.98
487.63	332.25
482.52	335.83
480.82	337.62
480.82	337.62
480.82	337.62
480.82	337.62
491.04	332.25
511.47	320.61
530.19	309.86
537	306.28
542.96	304.49
550.62	301.81
555.73	300.01
556.58	299.12
556.58	299.12
556.58	299.12
556.58	299.12
553.18	300.91
548.07	301.81
547.22	301.81
547.22	301.81
547.22	301.81
547.22	301.81
547.22	301.81
547.22	301.81
547.22	301.81
547.22	301.81
547.22	301.81
547.22	301.81
547.22	301.81
547.22	301.81
547.22	301.81
547.22	301.81
550.62	304.49
558.28	315.23
569.35	335.83
573.61	351.05
576.16	358.21
577.01	361.79
582.12	371.64
588.08	382.38
593.18	391.34
598.29	397.6
603.4	407.45
606.8	415.51
611.91	427.15
615.31	441.47
617.02	449.53
617.87	454.9
617.87	456.69
614.46	458.48
598.29	462.96
578.71	464.75
557.43	468.33
554.03	469.23
554.03	469.23
554.03	469.23
567.65	474.6
609.36	487.13
651.07	499.67
691.92	508.62
708.1	508.62
719.16	505.04
725.12	500.56
729.38	496.98
731.93	495.19
731.93	494.3
731.93	494.3
731.93	493.4
732.78	493.4
733.63	493.4
733.63	493.4
733.63	493.4
733.63	493.4
733.63	493.4
733.63	493.4
732.78	493.4
732.78	493.4
731.93	493.4
717.46	495.19
705.54	503.25
697.88	508.62
693.63	513.1
688.52	517.57
682.56	523.84
675.75	531.9
668.09	538.17
659.58	542.64
655.32	546.22
654.47	547.12
653.62	547.12
653.62	547.12
653.62	547.12
653.62	547.12
653.62	547.12
661.28	547.12
672.35	547.12
687.67	543.54
694.48	541.75
705.54	539.06
720.01	538.17
729.38	537.27
743.85	534.58
754.91	533.69
763.43	532.79
767.68	531.9
774.49	529.21
783.86	525.63
800.88	522.95
829.82	518.47
842.59	515.78
846.85	512.2
850.25	511.31
850.25	511.31
850.25	511.31
850.25	511.31
850.25	511.31
830.67	510.41
805.14	508.62
759.17	500.56
725.12	489.82
703.84	480.87
686.82	471.02
665.54	454.9
634.89	433.42
621.27	424.46
618.72	422.67
611.91	412.82
608.5	405.66
606.8	389.55
611.91	374.32
621.27	359.1
630.64	346.57
634.89	333.14
635.74	328.66
635.74	328.66
635.74	327.77
635.74	327.77
635.74	327.77
635.74	327.77
635.74	327.77
635.74	327.77
640	325.98
652.77	315.23
666.39	300.01
669.79	286.58
670.64	275.84
672.35	265.99
673.2	256.14
674.9	250.77
680.86	240.03
682.56	224.81
682.56	220.33
682.56	219.44
682.56	219.44
681.71	219.44
674.05	221.23
666.39	223.91
662.98	226.6
661.28	228.39
658.73	228.39
654.47	232.87
649.36	237.34
647.66	239.13
647.66	239.13
647.66	239.13
647.66	239.13
647.66	239.13
647.66	239.13
647.66	239.13
647.66	239.13
647.66	239.13
647.66	239.13
647.66	239.13
647.66	239.13
647.66	239.13
647.66	239.13
647.66	239.13
647.66	239.13
647.66	239.13
647.66	239.13
647.66	239.13
647.66	239.13
647.66	239.13
647.66	239.13
647.66	239.13
647.66	239.13
647.66	240.03
647.66	240.03
636.6	249.88
626.38	255.25
603.4	258.83
575.31	258.83
551.47	251.67
540.41	244.51
529.34	222.12
522.53	191.68
522.53	180.94
522.53	180.04
522.53	180.04
522.53	180.04
522.53	180.04
522.53	180.04
525.09	180.04
525.09	180.04
526.79	180.04
526.79	180.04
527.64	180.04
529.34	181.83
530.19	183.62
530.19	184.52
530.19	185.42
530.19	185.42
530.19	185.42
537	185.42
544.66	188.1
553.18	194.37
561.69	204.22
575.31	224.81
585.52	239.13
589.78	246.3
590.63	248.98
590.63	248.98
591.48	250.77
592.33	250.77
594.03	250.77
595.74	252.56
604.25	256.14
633.19	265.99
689.37	289.27
727.68	308.07
747.25	318.82
777.05	334.04
817.9	352.84
853.66	368.95
888.56	381.49
913.24	385.96
931.12	385.96
960.06	387.75
994.96	390.44
1006.87	390.44
1006.87	390.44
1006.87	390.44
1006.87	390.44
1001.77	393.13
994.11	399.39
978.78	408.35
955.8	419.99
932.82	433.42
907.28	445.95
889.41	455.8
880.89	464.75
870.68	477.29
860.47	496.09
851.1	515.78
842.59	529.21
836.63	535.48
832.38	539.06
829.82	539.96
829.82	539.96
828.12	539.96
824.71	538.17
816.2	523.84
806.84	506.83
801.73	493.4
796.62	479.08
791.52	467.44
784.71	443.26
779.6	411.03
777.05	370.74
777.05	324.19
781.3	285.69
786.41	232.87
790.67	211.38
792.37	202.43
792.37	201.53
792.37	201.53
792.37	201.53
792.37	201.53
790.67	199.74
788.96	196.16
788.96	195.26
794.92	200.64
812.8	236.45
843.44	315.23
882.6	382.38
903.88	411.03
914.09	427.15
914.94	446.84
917.5	474.6
921.75	495.19
923.46	505.04
923.46	516.68
923.46	526.53
921.75	530.11
920.9	530.11
920.9	530.11
920.9	530.11
920.9	530.11
920.9	529.21
918.35	523.84
915.79	522.05
912.39	518.47
903.03	513.1
891.11	507.73
874.08	500.56
864.72	495.19
857.91	495.19
857.91	495.19
857.91	495.19
857.91	495.19
857.91	495.19
857.91	495.19
857.91	495.19
857.91	495.19
857.91	495.19
857.91	495.19
857.91	495.19
857.91	495.19
857.91	495.19
857.91	495.19
857.91	495.19
857.91	495.19
857.91	495.19
857.91	494.3
857.91	494.3
851.1	484.45
830.67	445.95
811.95	404.77
789.81	365.37
777.9	334.93
771.09	299.12
766.83	271.36
756.62	248.98
747.25	230.18
737.89	216.75
721.72	194.37
693.63	173.78
659.58	158.56
614.46	146.92
604.25	144.23
604.25	144.23
604.25	144.23
604.25	144.23
604.25	144.23
604.25	144.23
604.25	144.23
604.25	144.23
595.74	149.6
593.18	152.29
593.18	152.29
593.18	152.29
593.18	152.29
593.18	152.29
593.18	152.29
593.18	152.29
593.18	152.29
593.18	152.29
593.18	152.29
593.18	152.29
593.18	152.29
593.18	152.29
593.18	152.29
593.18	152.29
593.18	152.29
593.18	152.29
593.18	152.29
602.55	154.97
647.66	165.72
680.86	171.99
698.73	172.88
714.91	172.88
725.12	175.57
733.63	180.94
743.85	195.26
754.91	213.17
766.83	234.66
776.19	251.67
782.15	258.83
784.71	261.52
787.26	262.41
788.11	262.41
791.52	262.41
794.92	261.52
798.33	258.83
804.29	254.35
809.39	245.4
818.76	227.49
824.71	197.95
828.97	173.78
832.38	163.93
832.38	161.24
832.38	161.24
832.38	161.24
832.38	162.14
832.38	162.14
832.38	162.14
830.67	180.04
823.01	212.27
816.2	235.55
796.62	257.04
768.53	274.95
730.23	283
662.13	277.63
616.17	268.68
605.95	267.78
604.25	267.78
601.7	273.16
603.4	286.58
607.65	307.18
607.65	319.71
599.14	334.04
571.9	351.94
546.37	369.85
533.6	384.17
529.34	394.92
530.19	407.45
535.3	422.67
545.51	442.37
559.99	461.17
585.52	481.76
605.95	490.71
617.87	492.51
626.38	488.03
634.89	483.55
646.81	479.08
657.88	473.7
674.05	468.33
697.03	466.54
718.31	463.86
751.51	467.44
785.56	473.7
804.29	478.18
839.18	488.92
878.34	500.56
891.96	505.93
891.96	505.93
891.96	505.93
891.96	505.93
891.11	505.93
873.23	507.73
810.24	494.3
778.75	487.13
773.64	487.13
769.39	487.13
760.02	486.24
756.62	486.24
756.62	486.24
756.62	486.24
756.62	486.24
756.62	486.24
765.98	482.66
788.11	477.29
818.76	473.7
840.04	472.81
857.06	466.54
882.6	453.11
898.77	439.68
903.88	430.73
903.03	426.25
897.07	421.78
886.85	418.19
870.68	415.51
854.51	416.4
841.74	419.99
817.05	425.36
790.67	428.94
760.87	429.83
737.04	426.25
705.54	420.88
688.52	419.09
684.26	422.67
682.56	431.62
688.52	449.53
709.8	471.02
788.96	513.99
870.68	546.22
903.03	550.7
909.84	548.91
917.5	546.22
928.56	544.43
936.22	543.54
942.18	543.54
946.44	544.43
951.55	547.12
953.25	547.12
953.25	547.12
953.25	547.12
952.4	547.12
940.48	544.43
926.01	538.17
885.15	522.95
765.98	480.87
619.57	432.52
532.75	409.24
473.16	401.18
451.03	398.5
432.3	393.13
411.02	385.07
386.34	375.22
379.53	371.64
379.53	371.64
379.53	371.64
379.53	371.64
379.53	371.64
379.53	371.64
363.35	379.7
331.01	397.6
287.6	413.72
217.8	431.62
176.09	442.37
161.62	447.74
156.51	448.64
156.51	448.64
156.51	448.64
156.51	448.64
169.28	451.32
320.79	474.6
465.5	489.82
524.23	493.4
527.64	491.61
527.64	490.71
527.64	490.71
527.64	489.82
527.64	489.82
527.64	489.82
527.64	489.82
529.34	489.82
542.96	498.77
563.39	512.2
567.65	515.78
567.65	515.78
567.65	516.68
559.99	516.68
534.45	516.68
500.4	516.68
462.95	515.78
436.56	515.78
416.13	515.78
402.51	511.31
392.3	503.25
377.82	482.66
376.97	482.66
376.97	482.66
376.97	482.66
376.97	482.66
376.97	482.66
376.97	482.66
376.97	482.66
376.97	482.66
376.97	482.66
376.97	482.66
376.97	482.66
376.97	482.66
376.97	482.66
376.97	482.66
376.97	482.66
376.97	482.66
376.97	482.66
376.97	482.66
376.97	482.66
376.97	482.66
376.97	482.66
376.97	482.66
376.97	482.66
376.97	482.66
376.97	482.66
376.97	482.66
376.97	482.66
376.97	482.66
376.97	483.55
383.78	493.4
393.15	507.73
407.62	522.95
424.64	538.17
447.62	546.22
472.31	549.8
508.06	547.12
531.9	539.96
550.62	530.11
554.03	527.42
554.03	527.42
546.37	527.42
530.19	530.11
519.13	535.48
508.06	543.54
501.25	552.49
497.85	559.65
490.19	565.92
465.5	573.08
434.86	574.87
433.15	574.87
433.15	574.87
435.71	573.98
452.73	562.34
479.12	548.91
523.38	534.58
555.73	522.95
594.89	509.52
627.23	501.46
639.15	495.19
651.92	479.97
660.43	463.86
667.24	452.22
667.24	448.64
667.24	448.64
665.54	446.84
660.43	442.37
652.77	432.52
644.26	419.09
640	410.14
636.6	403.87
636.6	399.39
637.45	391.34
647.66	383.28
662.98	374.32
682.56	368.06
697.88	365.37
717.46	362.69
728.53	360.9
729.38	360.9
729.38	360.9
729.38	360.9
729.38	360.9
729.38	360
721.72	357.31
711.5	353.73
701.29	352.84
691.92	349.26
688.52	348.36
687.67	347.47
686.82	347.47
681.71	347.47
680.01	347.47
685.11	343.88
692.78	342.99
692.78	342.99
692.78	342.99
692.78	342.99
692.78	342.99
692.78	342.99
692.78	342.99
692.78	342.99
692.78	342.99
692.78	342.99
692.78	342.99
692.78	342.99
692.78	342.99
692.78	342.99
692.78	342.99
692.78	342.99
692.78	342.99
692.78	342.99
692.78	342.99
692.78	342.99
692.78	342.99
692.78	342.99
692.78	342.99
692.78	342.99
692.78	342.99
692.78	342.99
692.78	342.99
692.78	342.99
692.78	342.99
692.78	342.99
692.78	342.99
692.78	342.99
692.78	342.99
692.78	342.99
653.62	317.92
557.43	263.31
537.85	253.46
537.85	253.46
546.37	246.3
560.84	236.45
575.31	226.6
585.52	222.12
599.99	218.54
617.02	217.65
659.58	225.7
705.54	233.76
733.63	239.13
744.7	240.92
744.7	240.92
742.15	244.51
735.34	248.09
735.34	248.09
735.34	248.09
735.34	248.09
735.34	248.09
735.34	248.09
735.34	248.09
735.34	248.09
735.34	248.09
735.34	248.09
735.34	248.09
735.34	248.09
735.34	248.09
735.34	248.09
735.34	248.09
735.34	248.09
735.34	248.09
735.34	248.09
735.34	248.09
735.34	248.09
735.34	248.09
735.34	248.09
735.34	248.09
735.34	248.09
735.34	248.09
735.34	248.09
735.34	248.09
735.34	248.09
735.34	248.09
735.34	248.09
735.34	248.09
735.34	248.09
735.34	248.09
735.34	248.09
735.34	248.09
735.34	248.09
735.34	248.09
735.34	248.09
735.34	248.09
735.34	248.09
735.34	248.09
735.34	248.09
735.34	248.09
735.34	248.09
735.34	248.09
735.34	248.09
747.25	250.77
765.13	257.04
775.34	260.62
775.34	260.62
775.34	260.62
775.34	260.62
775.34	260.62
775.34	260.62
775.34	260.62
775.34	260.62
770.24	255.25
746.4	242.71
695.33	226.6
652.77	219.44
636.6	216.75
635.74	215.86
635.74	215.86
628.08	215.86
606.8	215.86
586.37	214.07
572.75	211.38
568.5	210.48
561.69	209.59
549.77	207.8
543.81	206.9
539.56	206.9
532.75	209.59
518.28	213.17
505.51	215.86
499.55	217.65
491.89	220.33
485.93	222.12
481.67	223.91
477.42	225.7
475.71	226.6
468.91	226.6
449.33	224.81
429.75	222.12
425.49	222.12
425.49	222.12
425.49	222.12
425.49	222.12
425.49	221.23
424.64	213.17
426.34	205.11
428.9	194.37
433.15	185.42
438.26	182.73
439.11	182.73
441.67	181.83
445.92	181.83
456.99	186.31
463.8	188.1
468.91	189
477.42	190.79
483.38	188.1
484.23	187.21
484.23	187.21
484.23	187.21
484.23	187.21
484.23	186.31
484.23	186.31
481.67	177.36
479.12	166.61
478.27	160.35
475.71	158.56
475.71	158.56
475.71	158.56
475.71	157.66
475.71	155.87
475.71	155.87
468.91	157.66
459.54	165.72
450.18	173.78
439.11	188.1
430.6	204.22
427.2	224.81
426.34	246.3
424.64	261.52
422.94	269.57
422.94	272.26
424.64	272.26
426.34	272.26
427.2	270.47
428.9	269.57
429.75	269.57
429.75	269.57
429.75	269.57
429.75	269.57
430.6	269.57
444.22	265.99
462.95	262.41
473.16	261.52
475.71	267.78
475.71	293.75
474.86	338.51
499.55	426.25
529.34	476.39
536.15	483.55
547.22	488.03
573.61	496.09
583.82	495.19
590.63	493.4
601.7	495.19
628.08	510.41
633.19	512.2
639.15	510.41
654.47	489.82
658.73	451.32
648.51	405.66
629.79	382.38
596.59	363.58
565.94	348.36
547.22	340.3
528.49	332.25
520.83	329.56
519.98	329.56
519.98	329.56
514.87	332.25
510.61	334.93
508.06	335.83
508.06	336.72
508.06	336.72
508.06	336.72
508.06	336.72
508.06	336.72
508.06	336.72
508.06	336.72
508.06	336.72
508.06	336.72
508.06	336.72
508.06	336.72
508.06	336.72
508.06	336.72
508.06	336.72
508.91	336.72
516.57	347.47
523.38	356.42
534.45	362.69
549.77	364.48
570.2	358.21
594.89	345.68
608.5	333.14
610.21	329.56
610.21	329.56
595.74	335.83
578.71	348.36
559.99	370.74
548.92	391.34
542.96	412.82
541.26	427.15
541.26	437.89
541.26	444.16
541.26	447.74
542.96	454.01
542.11	464.75
538.71	475.49
538.71	479.97
535.3	485.34
529.34	490.71
523.38	493.4
512.32	497.88
505.51	498.77
495.29	496.98
491.04	493.4
491.04	493.4
491.04	493.4
491.04	493.4
491.04	493.4
491.04	493.4
491.04	493.4
491.04	493.4
491.04	493.4
491.04	493.4
491.04	493.4
491.04	493.4
491.04	493.4
491.04	493.4
491.04	493.4
491.04	493.4
491.04	493.4
491.04	493.4
491.04	493.4
491.04	493.4
491.04	493.4
491.04	493.4
491.04	493.4
491.04	493.4
491.04	493.4
491.04	493.4
491.04	493.4
491.04	493.4
542.11	504.14
622.98	524.74
627.23	525.63
628.08	525.63
628.08	526.53
637.45	531
646.81	533.69
650.21	534.58
650.21	534.58
650.21	534.58
650.21	534.58
649.36	534.58
651.07	535.48
658.73	538.17
668.94	539.96
675.75	539.96
680.01	540.85
686.82	538.17
694.48	533.69
701.29	526.53
702.99	520.26
702.14	516.68
695.33	513.99
673.2	513.1
648.51	516.68
628.08	518.47
617.02	519.36
613.61	522.05
607.65	522.95
605.1	522.95
605.1	522.95
605.1	522.95
605.1	522.95
605.1	522.95
605.1	522.95
605.1	522.95
605.1	522.95
605.1	522.95
593.18	527.42
584.67	528.32
584.67	528.32
584.67	528.32
584.67	528.32
574.46	507.73
563.39	496.98
560.84	495.19
560.84	495.19
560.84	495.19
560.84	495.19
560.84	495.19
562.54	493.4
571.05	488.92
595.74	488.92
636.6	505.04
669.79	520.26
708.95	538.17
743.85	551.6
753.21	554.28
755.77	553.39
759.17	551.6
761.72	548.91
763.43	547.12
765.13	546.22
765.13	545.33
761.72	541.75
760.02	539.96
760.02	539.96
760.02	539.96
890.26	569.5
1118.38	636.65
1193.29	652.76
1193.29	651.87
1186.48	645.6
1179.67	641.13
1176.27	637.54
1170.31	633.96
1154.99	629.49
1125.19	621.43
1069.01	606.21
994.96	585.62
937.08	572.19
901.32	566.82
845.14	564.13
760.87	554.28
702.99	545.33
677.45	542.64
676.6	542.64
676.6	542.64
676.6	542.64
676.6	542.64
676.6	542.64
678.3	542.64
684.26	539.06
691.07	537.27
695.33	535.48
700.44	533.69
704.69	531.9
705.54	531.9
705.54	531.9
712.35	539.06
727.68	555.18
765.13	580.25
845.99	610.69
906.43	619.64
920.9	616.06
921.75	614.27
921.75	614.27
918.35	609.79
905.58	599.94
879.19	586.51
748.1	537.27
639.15	513.1
609.36	513.99
599.99	521.16
593.18	526.53
588.08	535.48
587.22	547.12
588.93	557.86
590.63	561.44
594.03	563.23
594.89	563.23
602.55	561.44
618.72	523.84
621.27	474.6
621.27	450.43
614.46	428.04
605.1	410.14
600.84	400.29
595.74	386.86
591.48	380.59
588.93	380.59
577.01	379.7
542.11	383.28
497	383.28
459.54	384.17
454.43	384.17
454.43	384.17
454.43	384.17
454.43	384.17
454.43	384.17
454.43	384.17
454.43	384.17
458.69	384.17
459.54	384.17
459.54	384.17
459.54	384.17
459.54	384.17
459.54	384.17
459.54	384.17
459.54	384.17
459.54	384.17
459.54	384.17
459.54	384.17
459.54	384.17
459.54	384.17
459.54	384.17
459.54	384.17
459.54	384.17
459.54	384.17
459.54	384.17
459.54	384.17
459.54	384.17
459.54	384.17
459.54	384.17
459.54	384.17
459.54	384.17
459.54	384.17
459.54	384.17
459.54	384.17
459.54	384.17
459.54	384.17
459.54	384.17
459.54	384.17
459.54	384.17
459.54	384.17
459.54	384.17
459.54	384.17
459.54	384.17
459.54	384.17
459.54	384.17
459.54	384.17
459.54	384.17
459.54	384.17
461.24	384.17
486.78	370.74
519.13	356.42
537.85	350.15
553.18	348.36
577.01	348.36
601.7	352.84
617.87	358.21
626.38	361.79
635.74	364.48
642.55	366.27
642.55	366.27
642.55	366.27
643.4	366.27
648.51	363.58
653.62	361.79
659.58	358.21
659.58	358.21
659.58	358.21
642.55	359.1
584.67	362.69
519.98	357.31
498.7	353.73
498.7	353.73
498.7	353.73
498.7	353.73
501.25	352.84
507.21	348.36
517.42	342.99
532.75	342.99
548.07	347.47
571.9	361.79
595.74	377.01
611.91	388.65
619.57	394.92
620.42	395.81
620.42	395.81
610.21	395.81
592.33	389.55
578.71	383.28
576.16	381.49
576.16	381.49
576.16	380.59
585.52	376.12
594.89	373.43
600.84	372.53
600.84	372.53
600.84	372.53
599.99	372.53
586.37	372.53
579.56	371.64
579.56	371.64
579.56	371.64
579.56	371.64
579.56	371.64
579.56	371.64
579.56	371.64
579.56	371.64
579.56	371.64
579.56	371.64
579.56	371.64
579.56	371.64
579.56	371.64
579.56	371.64
579.56	371.64
579.56	371.64
579.56	371.64
579.56	371.64
579.56	371.64
579.56	371.64
579.56	371.64
579.56	371.64
579.56	371.64
579.56	371.64
579.56	371.64
579.56	371.64
579.56	371.64
561.69	380.59
535.3	393.13
514.87	400.29
483.38	403.87
464.65	403.87
449.33	398.5
429.75	389.55
412.72	380.59
397.4	371.64
394.85	369.85
394.85	369.85
405.92	375.22
425.49	403.87
440.82	424.46
461.24	438.79
530.19	470.12
588.08	492.51
603.4	497.88
603.4	497.88
603.4	497.88
601.7	497.88
600.84	497.88
598.29	497.88
595.74	496.98
593.18	495.19
592.33	494.3
593.18	491.61
597.44	488.92
603.4	486.24
605.1	483.55
596.59	471.02
571.05	452.22
496.14	390.44
460.39	362.69
451.03	354.63
450.18	353.73
450.18	353.73
450.18	353.73
450.18	353.73
450.18	353.73
450.18	353.73
450.18	353.73
456.14	353.73
463.8	357.31
472.31	364.48
499.55	383.28
572.75	423.57
677.45	475.49
698.73	486.24
699.59	487.13
706.39	504.14
722.57	531
734.49	550.7
735.34	551.6
735.34	551.6
728.53	551.6
704.69	544.43
588.93	483.55
428.05	387.75
378.68	353.73
378.68	353.73
378.68	353.73
378.68	353.73
388.04	353.73
404.21	358.21
442.52	372.53
481.67	392.23
513.17	410.14
521.68	418.19
522.53	424.46
522.53	426.25
522.53	427.15
522.53	427.15
522.53	427.15
522.53	427.15
522.53	427.15
522.53	427.15
522.53	427.15
522.53	427.15
522.53	427.15
522.53	427.15
522.53	427.15
522.53	427.15
530.19	427.15
594.03	451.32
593.18	477.29
596.59	503.25
595.74	518.47
598.29	519.36
661.28	538.17
688.52	538.17
693.63	534.58
698.73	531.9
698.73	531.9
696.18	534.58
692.78	538.17
690.22	539.96
690.22	539.96
690.22	539.96
689.37	541.75
687.67	541.75
686.82	543.54
685.11	546.22
685.11	546.22
685.11	546.22
685.11	546.22
685.11	546.22
685.11	550.7
688.52	557.86
690.22	565.03
693.63	572.19
696.18	576.66
699.59	578.45
709.8	577.56
721.72	572.19
728.53	568.61
731.08	566.82
731.08	565.92
731.08	565.92
731.08	565.92
732.78	565.03
737.04	560.55
742.15	556.97
745.55	553.39
747.25	551.6
748.1	551.6
748.1	550.7
748.96	547.12
749.81	541.75
751.51	533.69
751.51	527.42
751.51	521.16
750.66	517.57
749.81	513.99
749.81	513.1
749.81	512.2
749.81	508.62
748.96	504.14
747.25	502.35
747.25	502.35
744.7	499.67
743.85	498.77
743.85	498.77
743.85	498.77
743.85	498.77
743	498.77
743	498.77
743	498.77
743	498.77
743	498.77
743	497.88
743	497.88
743	493.4
743	491.61
745.55	488.03
745.55	486.24
746.4	485.34
746.4	485.34
746.4	485.34
746.4	485.34
746.4	485.34
746.4	486.24
740.44	501.46
725.12	528.32
712.35	539.06
686.82	547.12
622.12	530.11
510.61	483.55
420.39	438.79
372.72	417.3
358.25	411.03
350.59	409.24
345.48	410.14
343.78	410.14
342.92	411.03
342.92	411.03
342.92	411.03
342.92	411.03
348.88	410.14
357.4	409.24
369.31	409.24
379.53	409.24
429.75	420.88
525.94	447.74
553.18	449.53
559.99	449.53
582.97	456.69
627.23	481.76
668.09	505.93
676.6	511.31
675.75	512.2
660.43	518.47
646.81	522.05
622.12	517.57
591.48	504.14
548.92	480.87
490.19	438.79
437.41	387.75
405.92	349.26
394.85	333.14
385.49	323.29
383.78	322.4
382.08	322.4
379.53	322.4
379.53	322.4
379.53	322.4
379.53	322.4
379.53	322.4
386.34	322.4
399.11	322.4
412.72	322.4
423.79	320.61
431.45	316.13
440.82	311.65
448.48	306.28
456.99	297.33
458.69	291.06
458.69	287.48
458.69	286.58
457.84	286.58
456.14	286.58
453.58	285.69
450.18	284.79
446.77	283
445.07	281.21
441.67	277.63
441.67	277.63
441.67	277.63
456.99	290.17
497.85	318.82
561.69	360.9
613.61	394.92
644.26	412.82
652.77	418.19
652.77	418.19
652.77	418.19
655.32	418.19
659.58	418.19
661.28	418.19
662.13	418.19
662.13	418.19
662.13	418.19
662.13	418.19
654.47	418.19
643.4	416.4
623.83	414.61
594.03	411.03
563.39	413.72
523.38	421.78
489.33	431.62
478.27	438.79
477.42	438.79
477.42	438.79
477.42	438.79
480.82	437.89
487.63	430.73
491.04	406.56
479.97	350.15
445.92	274.05
416.13	219.44
394.85	191.68
385.49	179.15
384.63	177.36
384.63	177.36
383.78	177.36
382.93	177.36
381.23	179.15
381.23	180.04
384.63	183.62
447.62	196.16
650.21	226.6
744.7	223.91
752.36	216.75
752.36	213.17
749.81	211.38
748.96	209.59
748.96	209.59
748.96	209.59
748.96	209.59
748.96	209.59
748.96	209.59
748.96	209.59
