0	0
0	0
0	0
0	0
0	0
0	0
0	0
0	0
0	0
0	0
0	0
0	0
0	0
0	0
0	0
0	0
648.98	348.87
648.98	348.87
674.93	306.35
678.93	295.22
697.89	248.65
705.88	232.46
708.87	222.33
709.87	221.32
709.87	221.32
709.87	221.32
709.87	222.33
709.87	222.33
709.87	222.33
709.87	222.33
709.87	222.33
709.87	222.33
709.87	222.33
709.87	222.33
709.87	222.33
709.87	222.33
709.87	222.33
709.87	222.33
709.87	222.33
709.87	222.33
709.87	222.33
709.87	222.33
709.87	222.33
709.87	222.33
709.87	222.33
709.87	222.33
709.87	222.33
709.87	222.33
709.87	222.33
709.87	222.33
709.87	222.33
709.87	222.33
709.87	222.33
709.87	222.33
709.87	222.33
709.87	222.33
709.87	222.33
709.87	222.33
709.87	222.33
709.87	222.33
709.87	222.33
709.87	222.33
709.87	222.33
709.87	222.33
709.87	222.33
709.87	222.33
709.87	222.33
709.87	222.33
709.87	222.33
709.87	222.33
709.87	222.33
709.87	222.33
605.07	210.19
605.07	210.19
522.22	210.19
522.22	210.19
519.23	208.16
519.23	208.16
543.18	183.87
543.18	183.87
631.02	209.18
631.02	209.18
737.82	372.15
737.82	372.15
752.79	459.2
752.79	459.2
744.8	469.32
676.93	459.2
640	449.08
434.39	386.32
414.42	379.23
313.61	331.66
295.65	303.31
295.65	278.01
346.55	208.16
416.42	142.37
497.27	80.62
508.25	75.56
584.11	56.33
629.02	76.57
675.93	125.16
722.84	217.27
755.78	320.52
772.75	430.86
767.76	498.68
757.78	534.11
737.82	562.45
703.88	590.79
665.95	602.94
647.98	600.91
552.17	542.2
446.36	483.49
372.5	453.13
349.55	445.03
347.55	440.98
347.55	440.98
347.55	440.98
347.55	440.98
347.55	440.98
347.55	440.98
347.55	440.98
347.55	440.98
356.53	440.98
400.45	428.83
423.41	399.48
449.36	350.89
465.33	322.55
473.31	311.41
473.31	311.41
473.31	311.41
473.31	311.41
473.31	311.41
473.31	311.41
473.31	311.41
473.31	311.41
473.31	311.41
479.3	316.47
479.3	316.47
590.09	423.77
622.03	447.05
634.01	453.13
634.01	453.13
634.01	453.13
634.01	453.13
634.01	453.13
634.01	453.13
634.01	453.13
634.01	453.13
634.01	453.13
621.04	435.92
621.04	435.92
601.07	411.62
599.08	407.58
599.08	404.54
599.08	404.54
599.08	404.54
600.08	404.54
602.07	413.65
602.07	413.65
606.06	452.11
608.06	459.2
610.06	465.27
611.05	469.32
611.05	469.32
612.05	473.37
612.05	476.41
616.05	493.62
616.05	495.64
619.04	505.76
619.04	505.76
619.04	505.76
619.04	505.76
619.04	505.76
619.04	505.76
619.04	505.76
620.04	505.76
621.04	512.85
621.04	512.85
623.03	518.92
624.03	523.98
625.03	527.02
625.03	527.02
640	539.17
643.99	539.17
665.95	541.19
682.92	535.12
695.89	530.06
695.89	530.06
724.84	518.92
732.83	516.9
739.81	514.87
745.8	513.86
749.79	512.85
751.79	512.85
751.79	512.85
752.79	512.85
752.79	512.85
752.79	512.85
752.79	512.85
752.79	512.85
752.79	512.85
752.79	512.85
752.79	512.85
752.79	512.85
752.79	512.85
752.79	512.85
752.79	512.85
752.79	512.85
752.79	512.85
752.79	512.85
752.79	512.85
752.79	512.85
752.79	512.85
752.79	512.85
749.79	512.85
689.91	505.76
665.95	501.71
651.98	500.7
649.98	499.69
636.01	498.68
636.01	498.68
631.02	498.68
628.02	498.68
628.02	498.68
621.04	498.68
614.05	497.67
605.07	496.65
593.09	495.64
584.11	493.62
584.11	493.62
570.13	492.6
565.14	491.59
540.19	484.51
536.2	483.49
514.24	473.37
508.25	469.32
489.28	461.22
483.29	458.19
477.31	456.16
475.31	454.14
475.31	454.14
473.31	453.13
472.32	451.1
471.32	449.08
471.32	449.08
471.32	449.08
471.32	449.08
471.32	449.08
471.32	449.08
471.32	449.08
471.32	449.08
471.32	449.08
471.32	449.08
471.32	449.08
489.28	449.08
489.28	449.08
533.2	456.16
536.2	456.16
554.16	459.2
564.14	461.22
575.12	463.25
584.11	465.27
591.09	467.3
599.08	467.3
608.06	467.3
609.06	467.3
624.03	460.21
628.02	454.14
647.98	390.37
657.97	347.85
657.97	347.85
670.94	289.14
703.88	210.19
724.84	180.83
724.84	180.83
779.74	136.29
779.74	136.29
819.66	113.01
847.61	102.89
872.56	93.78
872.56	93.78
907.5	78.6
929.46	70.5
943.43	65.44
951.41	64.42
963.39	60.37
963.39	60.37
975.37	56.33
992.34	52.28
1005.31	50.25
1013.3	48.23
1013.3	48.23
1016.29	48.23
1017.29	48.23
1017.29	48.23
1017.29	48.23
1017.29	48.23
1017.29	48.23
1017.29	48.23
1017.29	48.23
1017.29	48.23
1017.29	48.23
1017.29	48.23
1011.3	62.4
1011.3	62.4
959.4	211.2
959.4	211.2
952.41	266.87
947.42	293.19
946.42	296.23
940.44	311.41
940.44	311.41
933.45	315.46
924.47	315.46
913.49	315.46
895.52	313.44
895.52	313.44
832.64	318.5
728.83	343.8
704.88	348.87
628.02	355.95
583.11	360
538.19	366.07
496.27	372.15
457.34	374.17
437.38	374.17
356.53	380.24
356.53	380.24
312.62	389.36
306.63	391.38
306.63	391.38
304.63	392.39
304.63	392.39
304.63	392.39
304.63	392.39
304.63	392.39
304.63	392.39
304.63	392.39
304.63	392.39
304.63	392.39
304.63	392.39
308.62	388.34
308.62	388.34
392.47	343.8
514.24	330.64
514.24	330.64
563.14	323.56
600.08	311.41
600.08	311.41
654.97	304.33
677.93	304.33
677.93	304.33
690.9	306.35
690.9	306.35
694.9	307.36
694.9	307.36
694.9	307.36
694.9	307.36
694.9	307.36
694.9	307.36
694.9	307.36
775.74	324.57
791.71	334.69
791.71	334.69
827.65	367.09
827.65	367.09
845.61	388.34
853.6	399.48
859.59	416.69
862.58	428.83
866.57	440.98
873.56	457.18
873.56	457.18
875.56	459.2
875.56	460.21
876.56	460.21
876.56	460.21
876.56	460.21
876.56	460.21
876.56	460.21
876.56	460.21
876.56	460.21
876.56	460.21
876.56	460.21
876.56	460.21
883.54	409.6
883.54	368.1
883.54	368.1
873.56	228.41
873.56	228.41
841.62	151.48
827.65	141.35
822.66	139.33
822.66	139.33
822.66	139.33
822.66	139.33
822.66	139.33
822.66	139.33
822.66	139.33
822.66	139.33
822.66	139.33
822.66	139.33
822.66	139.33
739.81	94.79
739.81	94.79
0	0
0	0
0	0
0	0
0	0
0	0
0	0
0	0
0	0
0	0
0	0
0	0
0	0
0	0
0	0
0	0
0	0
233.76	72.52
204.82	106.94
189.85	135.28
189.85	135.28
188.85	141.35
188.85	141.35
188.85	141.35
188.85	141.35
188.85	141.35
188.85	141.35
188.85	141.35
188.85	141.35
188.85	141.35
199.83	182.86
219.79	253.71
231.77	310.4
235.76	336.72
236.76	344.82
238.75	346.84
238.75	346.84
238.75	346.84
238.75	346.84
238.75	346.84
238.75	346.84
238.75	346.84
238.75	346.84
219.79	343.8
219.79	343.8
88.04	332.67
33.14	327.61
12.18	321.53
5.19	315.46
4.2	311.41
4.2	311.41
4.2	311.41
4.2	311.41
9.19	311.41
9.19	311.41
144.93	370.12
144.93	370.12
213.8	416.69
227.78	425.8
230.77	427.82
230.77	427.82
230.77	427.82
230.77	427.82
230.77	427.82
230.77	427.82
230.77	427.82
230.77	427.82
230.77	427.82
230.77	427.82
230.77	427.82
230.77	427.82
225.78	424.78
225.78	424.78
155.91	365.06
132.95	339.76
120.98	323.56
118.98	318.5
117.98	315.46
117.98	314.45
117.98	312.42
117.98	311.41
129.96	308.38
208.81	315.46
208.81	315.46
314.61	330.64
314.61	330.64
416.42	331.66
463.33	319.51
508.25	288.13
524.22	270.92
524.22	270.92
549.17	206.14
544.18	176.78
526.21	140.34
500.26	108.96
466.33	88.72
434.39	81.63
405.44	80.62
398.45	81.63
398.45	81.63
398.45	81.63
398.45	81.63
398.45	81.63
398.45	81.63
398.45	81.63
398.45	81.63
398.45	81.63
398.45	81.63
398.45	81.63
398.45	81.63
398.45	81.63
398.45	81.63
398.45	81.63
398.45	81.63
398.45	81.63
398.45	81.63
398.45	81.63
398.45	81.63
398.45	81.63
398.45	81.63
398.45	81.63
398.45	81.63
398.45	81.63
398.45	81.63
398.45	81.63
398.45	81.63
398.45	81.63
398.45	81.63
398.45	81.63
398.45	81.63
398.45	81.63
398.45	81.63
398.45	81.63
398.45	81.63
398.45	81.63
398.45	81.63
398.45	81.63
398.45	81.63
398.45	81.63
398.45	81.63
398.45	81.63
398.45	81.63
398.45	81.63
398.45	81.63
398.45	81.63
398.45	81.63
398.45	81.63
398.45	81.63
398.45	81.63
398.45	81.63
398.45	81.63
398.45	81.63
398.45	81.63
398.45	81.63
398.45	81.63
398.45	81.63
398.45	81.63
398.45	81.63
398.45	81.63
398.45	81.63
398.45	81.63
398.45	81.63
398.45	81.63
398.45	81.63
398.45	81.63
398.45	81.63
398.45	81.63
398.45	81.63
398.45	81.63
398.45	81.63
413.43	119.09
423.41	153.5
428.4	186.91
428.4	186.91
417.42	210.19
400.45	222.33
366.51	237.52
366.51	237.52
291.66	261.81
262.71	270.92
236.76	277
236.76	277
223.78	279.02
217.79	283.07
216.8	285.09
216.8	285.09
216.8	285.09
216.8	285.09
216.8	285.09
216.8	285.09
216.8	285.09
216.8	285.09
216.8	285.09
216.8	285.09
210.81	287.12
210.81	287.12
15.18	303.31
0	0
0	0
0	0
0	0
0	0
0	0
0	0
0	0
0	0
0	0
0	0
0	0
0	0
0	0
0	0
0	0
0	0
0	0
0	0
0	0
0	0
0	0
0	0
0	0
0	0
0	0
0	0
0	0
0	0
0	0
0	0
0	0
0	0
0	0
0	0
0	0
0	0
0	0
0	0
0	0
0	0
0	0
0	0
0	0
0	0
0	0
0	0
0	0
0	0
0	0
0	0
0	0
0	0
0	0
0	0
0	0
0	0
0	0
0	0
0	0
0	0
0	0
0	0
0	0
0	0
0	0
0	0
0	0
0	0
0	0
0	0
0	0
0	0
0	0
0	0
0	0
0	0
0	0
0	0
0	0
0	0
0	0
0	0
0	0
0	0
0	0
0	0
0	0
0	0
0	0
0	0
0	0
0	0
0	0
0	0
0	0
0	0
0	0
0	0
0	0
0	0
0	0
0	0
0	0
0	0
0	0
0	0
0	0
0	0
0	0
0	0
0	0
0	0
0	0
0	0
0	0
0	0
0	0
0	0
0	0
0	0
0	0
0	0
0	0
0	0
0	0
0	0
0	0
2.2	179.82
2.2	179.82
18.17	177.8
35.14	173.75
35.14	173.75
75.06	161.6
103.01	153.5
128.96	149.45
138.94	147.43
140.94	146.42
140.94	146.42
140.94	146.42
140.94	145.4
140.94	145.4
140.94	145.4
140.94	145.4
140.94	145.4
140.94	145.4
140.94	145.4
140.94	145.4
140.94	145.4
140.94	145.4
140.94	145.4
140.94	145.4
140.94	145.4
140.94	145.4
140.94	145.4
140.94	145.4
140.94	145.4
140.94	145.4
140.94	145.4
140.94	145.4
140.94	145.4
140.94	145.4
140.94	145.4
140.94	145.4
140.94	145.4
140.94	145.4
140.94	145.4
140.94	145.4
140.94	145.4
140.94	145.4
140.94	145.4
140.94	145.4
140.94	145.4
140.94	145.4
140.94	145.4
140.94	145.4
140.94	145.4
140.94	145.4
140.94	145.4
140.94	145.4
140.94	145.4
140.94	145.4
140.94	145.4
140.94	145.4
140.94	145.4
140.94	145.4
140.94	145.4
140.94	145.4
140.94	145.4
140.94	145.4
140.94	145.4
140.94	145.4
140.94	145.4
140.94	145.4
140.94	145.4
140.94	145.4
140.94	145.4
140.94	145.4
149.92	146.42
149.92	146.42
178.87	146.42
188.85	146.42
202.82	146.42
208.81	146.42
212.8	146.42
213.8	146.42
213.8	146.42
213.8	146.42
212.8	146.42
212.8	146.42
212.8	146.42
212.8	146.42
212.8	146.42
212.8	146.42
212.8	146.42
212.8	146.42
212.8	146.42
212.8	146.42
212.8	146.42
212.8	146.42
212.8	146.42
212.8	146.42
214.8	153.5
214.8	153.5
229.77	286.11
229.77	286.11
243.75	360
254.72	397.45
258.72	410.61
260.71	417.7
262.71	419.72
262.71	419.72
262.71	419.72
262.71	419.72
262.71	419.72
262.71	419.72
262.71	419.72
262.71	419.72
262.71	419.72
262.71	419.72
262.71	419.72
276.68	449.08
304.63	507.79
304.63	507.79
342.56	566.5
361.52	569.54
380.49	567.51
380.49	567.51
392.47	564.47
400.45	564.47
405.44	566.5
410.43	570.55
417.42	582.69
426.4	595.85
431.39	604.96
435.38	611.04
436.38	612.05
436.38	613.06
436.38	614.07
436.38	615.09
436.38	615.09
436.38	615.09
436.38	615.09
436.38	615.09
436.38	615.09
436.38	615.09
436.38	615.09
436.38	615.09
436.38	615.09
436.38	615.09
436.38	615.09
436.38	615.09
436.38	615.09
436.38	615.09
436.38	615.09
436.38	615.09
436.38	615.09
439.38	615.09
450.36	612.05
457.34	609.01
464.33	606.99
474.31	602.94
474.31	602.94
478.3	602.94
478.3	601.93
480.3	599.9
481.3	598.89
483.29	597.88
483.29	597.88
487.29	594.84
492.28	590.79
492.28	590.79
498.27	586.74
500.26	584.72
504.26	582.69
508.25	578.65
511.24	576.62
512.24	574.6
515.23	571.56
518.23	567.51
522.22	564.47
525.22	560.42
528.21	557.39
529.21	541.19
529.21	526.01
527.21	505.76
525.22	487.54
525.22	469.32
524.22	437.94
519.23	412.64
515.23	393.4
515.23	385.31
516.23	379.23
516.23	376.2
517.23	373.16
517.23	372.15
517.23	371.13
517.23	369.11
518.23	368.1
518.23	368.1
518.23	368.1
518.23	367.09
518.23	367.09
520.23	368.1
520.23	374.17
516.23	397.45
516.23	397.45
494.27	590.79
494.27	636.34
495.27	660.64
496.27	679.87
498.27	694.04
500.26	704.16
504.26	715.3
0	0
0	0
0	0
0	0
0	0
0	0
0	0
0	0
0	0
0	0
0	0
0	0
0	0
0	0
0	0
0	0
0	0
0	0
0	0
0	0
0	0
0	0
0	0
0	0
0	0
0	0
0	0
0	0
0	0
0	0
0	0
0	0
0	0
525.22	715.3
525.22	715.3
528.21	706.19
528.21	694.04
528.21	686.96
528.21	682.91
528.21	681.89
528.21	680.88
528.21	680.88
528.21	680.88
528.21	680.88
528.21	680.88
528.21	680.88
528.21	680.88
528.21	680.88
528.21	680.88
528.21	680.88
528.21	680.88
528.21	680.88
528.21	680.88
528.21	680.88
528.21	680.88
528.21	680.88
528.21	680.88
528.21	680.88
528.21	680.88
528.21	680.88
528.21	680.88
528.21	680.88
528.21	680.88
528.21	680.88
528.21	680.88
528.21	680.88
528.21	680.88
528.21	680.88
554.16	675.82
557.16	675.82
563.14	675.82
571.13	674.81
574.12	673.8
576.12	673.8
577.12	672.78
577.12	672.78
577.12	672.78
577.12	672.78
577.12	672.78
577.12	672.78
577.12	672.78
577.12	672.78
577.12	672.78
577.12	672.78
577.12	672.78
577.12	672.78
577.12	672.78
560.15	666.71
510.24	651.53
510.24	651.53
463.33	643.43
450.36	642.42
450.36	642.42
442.37	639.38
440.38	636.34
437.38	634.32
437.38	634.32
435.38	631.28
434.39	631.28
432.39	628.25
432.39	628.25
431.39	628.25
431.39	628.25
432.39	628.25
432.39	628.25
432.39	628.25
432.39	628.25
432.39	628.25
432.39	628.25
432.39	628.25
432.39	628.25
432.39	628.25
432.39	628.25
432.39	628.25
432.39	628.25
432.39	628.25
432.39	628.25
432.39	628.25
432.39	628.25
432.39	628.25
432.39	628.25
432.39	628.25
432.39	628.25
432.39	628.25
432.39	628.25
432.39	628.25
480.3	630.27
564.14	671.77
574.12	676.83
627.02	694.04
636.01	692.02
636.01	692.02
637.01	688.98
637.01	688.98
637.01	688.98
637.01	688.98
637.01	688.98
637.01	688.98
637.01	688.98
643.99	685.94
643.99	685.94
673.94	670.76
673.94	670.76
693.9	659.63
693.9	659.63
702.88	653.55
708.87	650.51
716.86	647.48
721.85	647.48
723.84	646.47
724.84	646.47
725.84	646.47
725.84	646.47
725.84	646.47
725.84	645.45
725.84	645.45
725.84	645.45
725.84	645.45
725.84	645.45
725.84	645.45
725.84	645.45
725.84	645.45
725.84	645.45
725.84	645.45
725.84	645.45
725.84	645.45
725.84	645.45
725.84	645.45
725.84	645.45
725.84	645.45
725.84	645.45
725.84	645.45
725.84	645.45
725.84	645.45
725.84	645.45
725.84	645.45
725.84	645.45
725.84	645.45
753.79	645.45
781.73	644.44
790.72	641.4
803.69	632.29
803.69	632.29
819.66	616.1
819.66	616.1
823.65	610.03
824.65	602.94
827.65	593.83
830.64	582.69
833.64	573.58
836.63	560.42
839.62	546.25
843.62	537.14
848.61	529.05
851.6	519.94
852.6	515.89
852.6	512.85
852.6	510.82
852.6	509.81
851.6	509.81
851.6	509.81
851.6	509.81
851.6	509.81
851.6	509.81
851.6	509.81
851.6	509.81
851.6	509.81
851.6	509.81
851.6	509.81
851.6	509.81
851.6	509.81
851.6	509.81
851.6	509.81
851.6	509.81
851.6	509.81
851.6	509.81
851.6	509.81
851.6	509.81
851.6	509.81
779.74	507.79
644.99	511.84
548.17	521.96
496.27	526.01
496.27	526.01
471.32	526.01
454.35	531.07
449.36	533.09
449.36	533.09
449.36	533.09
449.36	533.09
449.36	533.09
449.36	533.09
449.36	533.09
449.36	533.09
449.36	533.09
449.36	533.09
449.36	533.09
449.36	533.09
445.37	529.05
433.39	515.89
424.41	506.78
417.42	501.71
412.43	497.67
406.44	495.64
405.44	495.64
400.45	493.62
399.45	493.62
396.46	492.6
395.46	492.6
395.46	492.6
394.46	492.6
392.47	491.59
392.47	491.59
392.47	490.58
392.47	489.57
393.46	489.57
393.46	489.57
393.46	489.57
393.46	489.57
393.46	489.57
393.46	489.57
393.46	489.57
393.46	489.57
393.46	489.57
393.46	489.57
393.46	489.57
393.46	489.57
393.46	489.57
393.46	489.57
393.46	489.57
393.46	489.57
393.46	489.57
393.46	489.57
393.46	489.57
393.46	489.57
393.46	489.57
393.46	489.57
384.48	478.43
384.48	478.43
368.51	451.1
367.51	438.96
370.51	428.83
372.5	423.77
396.46	390.37
402.45	384.29
448.36	356.96
459.34	351.9
500.26	331.66
503.26	329.63
528.21	318.5
532.2	318.5
540.19	315.46
540.19	315.46
540.19	315.46
540.19	315.46
540.19	315.46
540.19	315.46
540.19	315.46
540.19	315.46
540.19	315.46
540.19	315.46
540.19	315.46
540.19	315.46
540.19	315.46
624.03	328.62
646.99	335.71
703.88	360
724.84	363.04
743.8	363.04
751.79	363.04
751.79	363.04
759.77	361.01
763.77	357.98
768.76	354.94
773.75	350.89
775.74	347.85
775.74	346.84
775.74	346.84
775.74	346.84
775.74	346.84
775.74	346.84
775.74	346.84
775.74	346.84
775.74	346.84
775.74	346.84
775.74	346.84
775.74	346.84
775.74	346.84
775.74	346.84
775.74	346.84
775.74	346.84
775.74	346.84
775.74	346.84
775.74	346.84
775.74	346.84
775.74	346.84
775.74	346.84
775.74	346.84
775.74	346.84
775.74	346.84
775.74	346.84
775.74	346.84
775.74	346.84
775.74	346.84
775.74	346.84
775.74	346.84
775.74	346.84
775.74	346.84
775.74	346.84
775.74	346.84
775.74	346.84
775.74	346.84
775.74	346.84
775.74	346.84
775.74	346.84
775.74	346.84
775.74	346.84
755.78	345.83
755.78	345.83
663.95	352.91
642.99	360
642.99	360
546.18	383.28
539.19	383.28
536.2	383.28
528.21	383.28
521.22	382.27
521.22	382.27
504.26	378.22
489.28	376.2
476.31	376.2
471.32	377.21
467.32	377.21
464.33	378.22
460.34	379.23
457.34	380.24
456.35	381.26
456.35	381.26
443.37	388.34
441.37	389.36
421.41	399.48
410.43	402.51
403.44	406.56
392.47	410.61
390.47	412.64
373.5	419.72
370.51	420.73
370.51	420.73
362.52	424.78
362.52	424.78
362.52	424.78
362.52	424.78
362.52	424.78
362.52	424.78
362.52	424.78
370.51	444.02
370.51	444.02
414.42	512.85
425.4	531.07
444.37	570.55
455.35	595.85
460.34	606.99
462.33	612.05
463.33	615.09
464.33	621.16
467.32	634.32
467.32	634.32
471.32	655.58
473.31	666.71
474.31	675.82
476.31	681.89
476.31	681.89
476.31	685.94
476.31	685.94
476.31	685.94
476.31	685.94
476.31	685.94
476.31	684.93
476.31	684.93
476.31	684.93
476.31	684.93
476.31	684.93
476.31	684.93
476.31	683.92
476.31	683.92
473.31	659.63
464.33	624.2
461.34	616.1
444.37	555.36
440.38	536.13
436.38	523.98
434.39	514.87
432.39	509.81
432.39	506.78
432.39	505.76
431.39	503.74
431.39	503.74
431.39	503.74
431.39	502.73
431.39	502.73
431.39	502.73
431.39	501.71
440.38	495.64
462.33	477.42
478.3	465.27
520.23	412.64
535.2	391.38
538.19	386.32
559.15	347.85
566.14	330.64
568.14	323.56
571.13	318.5
573.13	315.46
575.12	311.41
575.12	311.41
578.12	291.17
583.11	277
588.1	260.8
594.09	249.67
596.08	245.62
596.08	240.55
596.08	240.55
596.08	240.55
592.09	242.58
592.09	242.58
584.11	245.62
584.11	245.62
584.11	238.53
584.11	238.53
593.09	186.91
600.08	157.55
605.07	139.33
605.07	139.33
608.06	129.21
612.05	119.09
614.05	115.04
614.05	115.04
634.01	103.9
642.99	100.86
643.99	100.86
643.99	100.86
645.99	100.86
645.99	100.86
645.99	101.88
645.99	101.88
645.99	102.89
645.99	102.89
645.99	102.89
645.99	102.89
645.99	102.89
645.99	102.89
645.99	102.89
645.99	102.89
645.99	102.89
645.99	102.89
645.99	102.89
645.99	102.89
645.99	102.89
645.99	102.89
645.99	102.89
645.99	102.89
645.99	102.89
645.99	102.89
645.99	102.89
645.99	102.89
645.99	102.89
645.99	102.89
645.99	102.89
645.99	102.89
645.99	102.89
645.99	102.89
612.05	145.4
612.05	145.4
587.1	238.53
587.1	238.53
572.13	313.44
556.16	424.78
555.16	451.1
557.16	549.29
556.16	598.89
556.16	627.23
556.16	640.39
556.16	640.39
556.16	643.43
556.16	643.43
556.16	643.43
556.16	643.43
556.16	643.43
556.16	643.43
556.16	643.43
556.16	643.43
556.16	643.43
556.16	643.43
556.16	643.43
556.16	643.43
556.16	643.43
556.16	643.43
556.16	643.43
556.16	643.43
483.29	633.31
483.29	633.31
412.43	639.38
412.43	639.38
393.46	640.39
383.48	640.39
381.49	640.39
381.49	640.39
381.49	640.39
381.49	640.39
381.49	640.39
381.49	640.39
381.49	640.39
381.49	640.39
381.49	640.39
381.49	640.39
316.61	636.34
316.61	636.34
224.78	619.14
180.86	602.94
138.94	590.79
138.94	590.79
113.99	586.74
90.03	580.67
84.05	580.67
81.05	580.67
79.05	580.67
79.05	580.67
78.06	579.66
78.06	579.66
78.06	579.66
77.06	578.65
76.06	578.65
76.06	578.65
76.06	578.65
76.06	578.65
76.06	578.65
76.06	577.63
76.06	577.63
78.06	576.62
108	569.54
108	569.54
320.6	559.41
320.6	559.41
445.37	578.65
489.28	590.79
526.21	596.87
548.17	594.84
584.11	562.45
610.06	511.84
610.06	511.84
629.02	463.25
638	422.76
644.99	365.06
644.99	365.06
646.99	357.98
646.99	357.98
646.99	357.98
646.99	357.98
646.99	357.98
646.99	357.98
646.99	357.98
646.99	357.98
646.99	357.98
646.99	357.98
646.99	357.98
646.99	357.98
646.99	357.98
646.99	357.98
646.99	357.98
646.99	367.09
646.99	367.09
608.06	608
614.05	664.69
614.05	664.69
616.05	674.81
616.05	674.81
616.05	675.82
616.05	675.82
616.05	675.82
616.05	675.82
616.05	675.82
616.05	675.82
616.05	675.82
616.05	675.82
616.05	675.82
616.05	675.82
616.05	675.82
607.06	667.72
607.06	667.72
572.13	627.23
552.17	594.84
538.19	565.49
537.19	550.3
542.18	537.14
542.18	537.14
556.16	525
572.13	511.84
589.1	500.7
601.07	493.62
601.07	493.62
613.05	486.53
616.05	485.52
616.05	483.49
616.05	483.49
616.05	483.49
616.05	483.49
616.05	483.49
616.05	483.49
616.05	483.49
616.05	483.49
616.05	483.49
616.05	483.49
616.05	483.49
616.05	483.49
616.05	483.49
616.05	483.49
616.05	483.49
616.05	483.49
616.05	483.49
616.05	483.49
616.05	483.49
616.05	483.49
616.05	483.49
616.05	483.49
616.05	483.49
616.05	483.49
616.05	483.49
616.05	483.49
616.05	483.49
616.05	483.49
616.05	483.49
616.05	483.49
616.05	483.49
616.05	483.49
590.09	476.41
576.12	470.33
583.11	469.32
673.94	459.2
734.82	482.48
734.82	482.48
790.72	515.89
790.72	515.89
805.69	526.01
807.68	527.02
807.68	527.02
807.68	527.02
807.68	527.02
807.68	527.02
807.68	527.02
807.68	526.01
807.68	526.01
804.69	523.98
804.69	523.98
804.69	523.98
804.69	522.97
804.69	522.97
804.69	522.97
804.69	522.97
810.68	521.96
810.68	521.96
883.54	514.87
925.46	521.96
967.38	539.17
1010.3	559.41
1027.27	564.47
1027.27	564.47
1029.27	565.49
1029.27	565.49
1029.27	565.49
1029.27	565.49
1029.27	565.49
1029.27	565.49
1028.27	565.49
1028.27	565.49
1027.27	565.49
1027.27	565.49
1027.27	565.49
1027.27	565.49
1027.27	565.49
1027.27	565.49
1024.28	565.49
1022.28	565.49
1012.3	563.46
944.43	561.44
875.56	564.47
823.65	570.55
800.7	575.61
783.73	580.67
759.77	582.69
723.84	583.71
683.92	578.65
633.01	560.42
610.06	542.2
584.11	513.86
562.15	484.51
532.2	441.99
514.24	403.53
507.25	374.17
504.26	360
502.26	352.91
499.26	346.84
497.27	340.77
497.27	339.76
496.27	337.73
496.27	337.73
497.27	335.71
497.27	333.68
498.27	331.66
499.26	331.66
499.26	331.66
499.26	331.66
499.26	330.64
500.26	330.64
500.26	329.63
501.26	329.63
501.26	329.63
501.26	329.63
501.26	329.63
501.26	329.63
501.26	329.63
501.26	329.63
501.26	329.63
501.26	329.63
501.26	329.63
501.26	329.63
501.26	329.63
501.26	329.63
501.26	329.63
501.26	329.63
502.26	329.63
502.26	329.63
509.25	331.66
516.23	335.71
540.19	360
593.09	412.64
593.09	412.64
617.04	435.92
624.03	440.98
632.02	441.99
640	441.99
640	441.99
647.98	439.97
665.95	429.85
680.92	417.7
693.9	403.53
702.88	391.38
713.86	372.15
723.84	354.94
727.83	347.85
727.83	345.83
727.83	345.83
727.83	345.83
727.83	344.82
727.83	344.82
727.83	344.82
727.83	344.82
727.83	344.82
727.83	344.82
727.83	344.82
727.83	344.82
727.83	344.82
727.83	344.82
727.83	344.82
724.84	370.12
724.84	370.12
718.85	451.1
719.85	463.25
719.85	469.32
723.84	481.47
723.84	481.47
727.83	494.63
730.83	503.74
730.83	518.92
730.83	518.92
731.83	529.05
731.83	532.08
732.83	534.11
732.83	536.13
732.83	536.13
732.83	536.13
732.83	536.13
732.83	536.13
732.83	536.13
732.83	536.13
732.83	536.13
732.83	536.13
732.83	536.13
732.83	536.13
732.83	536.13
732.83	536.13
732.83	536.13
732.83	536.13
732.83	536.13
732.83	536.13
732.83	536.13
732.83	536.13
732.83	536.13
732.83	536.13
732.83	536.13
723.84	548.28
694.9	597.88
673.94	630.27
641	665.7
605.07	683.92
579.11	687.97
564.14	681.89
542.18	660.64
514.24	623.18
492.28	582.69
480.3	550.3
475.31	502.73
478.3	467.3
486.29	435.92
495.27	408.59
504.26	376.2
520.23	335.71
532.2	308.38
540.19	293.19
541.19	291.17
544.18	291.17
560.15	286.11
600.08	284.08
635.01	303.31
655.97	342.79
655.97	342.79
666.95	384.29
666.95	384.29
679.92	428.83
685.91	482.48
686.91	521.96
686.91	539.17
682.92	566.5
682.92	566.5
668.95	611.04
668.95	611.04
656.97	637.36
647.98	651.53
636.01	669.75
624.03	683.92
620.04	687.97
620.04	687.97
620.04	687.97
620.04	687.97
620.04	687.97
620.04	687.97
620.04	687.97
620.04	687.97
620.04	687.97
617.04	680.88
617.04	680.88
575.12	550.3
575.12	550.3
592.09	461.22
604.07	428.83
606.06	418.71
608.06	410.61
611.05	407.58
612.05	404.54
616.05	400.49
618.04	397.45
618.04	397.45
621.04	395.43
623.03	393.4
624.03	392.39
624.03	391.38
624.03	390.37
624.03	390.37
624.03	390.37
624.03	390.37
624.03	390.37
624.03	390.37
624.03	390.37
624.03	390.37
624.03	390.37
624.03	390.37
617.04	445.03
615.05	502.73
616.05	542.2
616.05	542.2
616.05	558.4
616.05	562.45
616.05	564.47
616.05	566.5
616.05	566.5
616.05	566.5
616.05	566.5
616.05	566.5
616.05	567.51
616.05	567.51
613.05	587.76
612.05	602.94
611.05	620.15
611.05	632.29
611.05	638.37
611.05	643.43
611.05	644.44
611.05	645.45
610.06	645.45
610.06	645.45
610.06	645.45
610.06	645.45
610.06	645.45
610.06	645.45
610.06	645.45
610.06	645.45
610.06	645.45
610.06	645.45
610.06	645.45
610.06	645.45
610.06	645.45
610.06	645.45
610.06	645.45
610.06	645.45
610.06	645.45
610.06	645.45
610.06	645.45
610.06	645.45
610.06	645.45
610.06	645.45
610.06	645.45
610.06	645.45
610.06	645.45
610.06	645.45
610.06	645.45
610.06	645.45
610.06	645.45
610.06	645.45
610.06	645.45
610.06	645.45
610.06	645.45
610.06	645.45
610.06	645.45
610.06	645.45
610.06	645.45
610.06	645.45
610.06	645.45
610.06	645.45
610.06	645.45
610.06	645.45
610.06	645.45
610.06	645.45
610.06	645.45
610.06	645.45
610.06	645.45
610.06	645.45
610.06	645.45
610.06	645.45
610.06	645.45
610.06	645.45
610.06	645.45
610.06	645.45
610.06	645.45
610.06	645.45
610.06	645.45
610.06	645.45
610.06	645.45
610.06	645.45
610.06	645.45
610.06	645.45
610.06	645.45
610.06	645.45
610.06	645.45
610.06	645.45
610.06	645.45
610.06	645.45
610.06	645.45
610.06	645.45
610.06	645.45
610.06	645.45
610.06	645.45
610.06	645.45
610.06	645.45
610.06	645.45
614.05	631.28
618.04	596.87
622.03	571.56
622.03	571.56
624.03	558.4
624.03	558.4
627.02	553.34
629.02	548.28
631.02	546.25
633.01	545.24
636.01	544.23
645.99	541.19
655.97	539.17
665.95	540.18
675.93	546.25
683.92	555.36
691.9	566.5
695.89	580.67
700.89	603.95
702.88	635.33
702.88	635.33
692.9	663.67
681.92	674.81
673.94	679.87
659.96	679.87
659.96	679.87
641	667.72
635.01	638.37
633.01	621.16
636.01	590.79
637.01	560.42
636.01	534.11
631.02	517.91
631.02	507.79
631.02	507.79
631.02	507.79
631.02	507.79
631.02	507.79
631.02	507.79
631.02	507.79
631.02	507.79
631.02	507.79
631.02	507.79
631.02	507.79
631.02	507.79
628.02	505.76
628.02	505.76
606.06	473.37
600.08	451.1
598.08	441.99
597.08	432.88
597.08	427.82
599.08	425.8
600.08	424.78
600.08	421.75
602.07	420.73
603.07	417.7
604.07	416.69
604.07	413.65
605.07	412.64
605.07	412.64
605.07	412.64
605.07	412.64
605.07	412.64
605.07	412.64
605.07	412.64
605.07	412.64
605.07	412.64
605.07	412.64
605.07	412.64
606.06	412.64
606.06	412.64
607.06	409.6
607.06	404.54
607.06	391.38
607.06	368.1
607.06	368.1
608.06	353.93
608.06	353.93
608.06	353.93
608.06	353.93
608.06	353.93
608.06	353.93
608.06	353.93
608.06	353.93
608.06	353.93
608.06	353.93
608.06	353.93
608.06	353.93
600.08	304.33
597.08	266.87
594.09	250.68
592.09	237.52
592.09	234.48
592.09	231.44
592.09	230.43
592.09	230.43
592.09	230.43
592.09	230.43
593.09	228.41
593.09	228.41
594.09	227.4
594.09	227.4
594.09	227.4
594.09	227.4
594.09	227.4
594.09	227.4
594.09	227.4
594.09	227.4
608.06	227.4
608.06	227.4
707.87	254.73
723.84	262.82
741.81	265.86
760.77	266.87
788.72	270.92
815.67	271.93
856.59	273.96
883.54	270.92
912.49	262.82
949.42	254.73
968.38	251.69
983.35	248.65
1005.31	243.59
1026.27	238.53
1033.26	233.47
1039.25	230.43
1039.25	230.43
1039.25	230.43
1039.25	230.43
1039.25	230.43
1039.25	230.43
1039.25	230.43
1039.25	230.43
1039.25	230.43
1039.25	230.43
1039.25	230.43
1023.28	239.54
1023.28	239.54
952.41	315.46
952.41	315.46
891.53	418.71
891.53	418.71
874.56	494.63
874.56	505.76
874.56	513.86
874.56	517.91
874.56	519.94
874.56	519.94
874.56	519.94
874.56	525
874.56	525
871.56	534.11
871.56	536.13
871.56	537.14
871.56	537.14
871.56	537.14
871.56	537.14
875.56	536.13
875.56	536.13
908.5	532.08
927.46	534.11
943.43	539.17
943.43	539.17
955.41	544.23
959.4	544.23
963.39	544.23
965.39	544.23
967.38	544.23
968.38	544.23
968.38	544.23
968.38	544.23
968.38	544.23
968.38	544.23
968.38	544.23
968.38	544.23
968.38	544.23
968.38	544.23
968.38	544.23
968.38	544.23
968.38	544.23
968.38	544.23
968.38	544.23
968.38	544.23
968.38	544.23
968.38	544.23
968.38	544.23
968.38	544.23
968.38	544.23
968.38	544.23
968.38	544.23
968.38	544.23
968.38	544.23
968.38	544.23
951.41	539.17
951.41	539.17
812.68	511.84
699.89	497.67
619.04	481.47
576.12	477.42
571.13	477.42
571.13	477.42
571.13	478.43
571.13	485.52
571.13	485.52
598.08	519.94
642.99	549.29
681.92	569.54
738.81	590.79
738.81	590.79
813.67	596.87
859.59	587.76
859.59	587.76
904.5	566.5
933.45	551.31
942.43	546.25
949.42	542.2
954.41	540.18
957.4	538.16
957.4	538.16
959.4	538.16
965.39	535.12
972.37	534.11
980.36	530.06
980.36	530.06
992.34	527.02
1003.32	525
1015.29	521.96
1015.29	521.96
1027.27	519.94
1032.26	517.91
1035.26	516.9
1035.26	515.89
1034.26	514.87
1028.27	513.86
1017.29	510.82
965.39	502.73
878.55	493.62
878.55	493.62
827.65	493.62
809.68	495.64
791.71	497.67
752.79	502.73
752.79	502.73
727.83	508.8
715.86	509.81
715.86	509.81
699.89	513.86
689.91	514.87
683.92	516.9
671.94	518.92
659.96	521.96
643.99	522.97
632.02	522.97
619.04	523.98
605.07	523.98
596.08	525
588.1	526.01
580.11	526.01
573.13	526.01
568.14	526.01
559.15	522.97
547.17	517.91
536.2	511.84
522.22	504.75
500.26	489.57
500.26	489.57
483.29	477.42
468.32	471.35
458.34	468.31
445.37	462.24
445.37	462.24
424.41	454.14
415.42	452.11
403.44	449.08
403.44	449.08
389.47	444.02
380.49	437.94
377.49	435.92
377.49	434.91
377.49	434.91
382.48	434.91
388.47	434.91
402.45	432.88
492.28	424.78
492.28	424.78
642	428.83
702.88	449.08
736.82	467.3
772.75	481.47
833.64	503.74
869.57	513.86
882.54	513.86
882.54	513.86
892.53	510.82
909.49	496.65
919.47	476.41
922.47	460.21
919.47	449.08
914.48	436.93
908.5	426.81
905.5	419.72
905.5	419.72
903.5	417.7
902.51	417.7
899.51	417.7
895.52	417.7
887.53	420.73
885.54	421.75
876.56	422.76
867.57	422.76
859.59	422.76
853.6	422.76
848.61	422.76
838.63	419.72
822.66	414.66
791.71	408.59
778.74	408.59
769.76	408.59
766.76	408.59
765.76	408.59
765.76	408.59
765.76	408.59
766.76	408.59
766.76	408.59
829.64	458.19
856.59	479.45
940.44	546.25
965.39	574.6
970.38	581.68
970.38	582.69
970.38	582.69
970.38	582.69
970.38	582.69
972.37	582.69
975.37	579.66
976.37	577.63
979.36	574.6
979.36	573.58
979.36	573.58
979.36	573.58
979.36	573.58
979.36	573.58
979.36	573.58
979.36	573.58
979.36	573.58
979.36	573.58
979.36	573.58
979.36	573.58
979.36	573.58
981.36	572.57
981.36	572.57
1027.27	556.38
1027.27	556.38
1059.21	547.27
1071.19	545.24
1079.17	542.2
1079.17	542.2
1089.16	533.09
1089.16	523.98
1083.17	513.86
1075.18	502.73
1049.23	481.47
1018.29	464.26
983.35	449.08
983.35	449.08
905.5	445.03
905.5	445.03
817.67	441.99
747.8	457.18
672.94	481.47
638	494.63
627.02	500.7
627.02	500.7
627.02	501.71
627.02	501.71
627.02	501.71
627.02	501.71
627.02	501.71
627.02	501.71
627.02	501.71
627.02	501.71
627.02	501.71
627.02	501.71
627.02	501.71
620.04	499.69
561.15	459.2
561.15	459.2
524.22	423.77
514.24	417.7
509.25	414.66
504.26	412.64
500.26	410.61
494.27	405.55
489.28	402.51
484.29	400.49
480.3	396.44
474.31	392.39
468.32	388.34
464.33	387.33
455.35	386.32
455.35	386.32
425.4	389.36
409.43	396.44
397.46	403.53
390.47	409.6
390.47	411.62
390.47	411.62
390.47	411.62
390.47	411.62
390.47	411.62
390.47	411.62
390.47	411.62
390.47	411.62
390.47	411.62
390.47	411.62
390.47	411.62
348.55	426.81
333.58	457.18
333.58	481.47
339.56	499.69
342.56	507.79
345.55	513.86
352.54	522.97
356.53	527.02
359.53	529.05
359.53	530.06
363.52	530.06
367.51	530.06
368.51	530.06
368.51	530.06
371.5	529.05
373.5	527.02
373.5	527.02
385.48	520.95
392.47	515.89
397.46	511.84
402.45	508.8
404.44	506.78
404.44	505.76
404.44	503.74
404.44	501.71
404.44	501.71
404.44	501.71
404.44	501.71
404.44	501.71
404.44	501.71
404.44	501.71
404.44	501.71
404.44	501.71
404.44	501.71
404.44	501.71
404.44	501.71
404.44	501.71
404.44	501.71
404.44	501.71
404.44	501.71
404.44	501.71
404.44	501.71
404.44	501.71
404.44	501.71
404.44	501.71
404.44	501.71
405.44	497.67
405.44	490.58
405.44	490.58
405.44	486.53
405.44	485.52
404.44	485.52
402.45	482.48
399.45	481.47
393.46	478.43
391.47	478.43
373.5	476.41
370.51	477.42
369.51	477.42
369.51	477.42
369.51	477.42
369.51	477.42
369.51	477.42
369.51	477.42
369.51	477.42
369.51	477.42
369.51	477.42
369.51	477.42
369.51	477.42
369.51	477.42
369.51	477.42
369.51	477.42
369.51	477.42
369.51	477.42
369.51	477.42
369.51	477.42
369.51	477.42
369.51	477.42
396.46	485.52
396.46	485.52
434.39	517.91
448.36	537.14
456.35	544.23
459.34	546.25
459.34	546.25
459.34	546.25
459.34	546.25
459.34	546.25
459.34	546.25
459.34	546.25
459.34	546.25
459.34	546.25
460.34	529.05
460.34	529.05
491.28	455.15
510.24	415.67
529.21	388.34
529.21	388.34
550.17	371.13
552.17	370.12
567.14	364.05
596.08	365.06
628.02	376.2
657.97	385.31
686.91	394.42
707.87	398.47
715.86	398.47
718.85	399.48
718.85	399.48
718.85	399.48
718.85	399.48
718.85	399.48
718.85	399.48
718.85	399.48
718.85	399.48
718.85	399.48
718.85	399.48
718.85	399.48
718.85	399.48
718.85	399.48
718.85	399.48
718.85	399.48
718.85	399.48
718.85	399.48
718.85	399.48
718.85	399.48
718.85	399.48
718.85	399.48
718.85	399.48
718.85	399.48
718.85	399.48
718.85	399.48
718.85	399.48
718.85	399.48
718.85	399.48
718.85	399.48
783.73	414.66
819.66	421.75
824.65	422.76
834.63	423.77
835.63	423.77
836.63	423.77
837.63	423.77
837.63	397.45
834.63	387.33
792.71	291.17
764.77	256.75
735.82	239.54
712.86	230.43
699.89	227.4
689.91	226.38
683.92	226.38
683.92	227.4
683.92	227.4
683.92	227.4
683.92	227.4
683.92	227.4
683.92	227.4
683.92	227.4
683.92	227.4
683.92	227.4
683.92	227.4
683.92	227.4
683.92	227.4
683.92	227.4
683.92	227.4
654.97	245.62
654.97	245.62
644.99	252.7
644.99	252.7
643.99	252.7
635.01	258.78
635.01	258.78
630.02	262.82
630.02	262.82
629.02	262.82
629.02	262.82
629.02	262.82
629.02	262.82
629.02	262.82
629.02	262.82
629.02	262.82
629.02	262.82
629.02	262.82
629.02	262.82
629.02	262.82
629.02	262.82
629.02	262.82
629.02	262.82
629.02	262.82
629.02	262.82
629.02	262.82
629.02	262.82
629.02	262.82
631.02	261.81
656.97	250.68
700.89	230.43
716.86	222.33
727.83	215.25
729.83	214.24
742.81	206.14
743.8	206.14
744.8	206.14
744.8	206.14
744.8	206.14
744.8	206.14
744.8	206.14
744.8	206.14
744.8	206.14
744.8	206.14
744.8	206.14
744.8	206.14
744.8	206.14
744.8	206.14
744.8	206.14
744.8	206.14
744.8	206.14
744.8	206.14
744.8	206.14
744.8	206.14
744.8	206.14
744.8	206.14
744.8	206.14
744.8	206.14
744.8	206.14
744.8	206.14
744.8	206.14
744.8	206.14
744.8	206.14
744.8	206.14
744.8	206.14
744.8	206.14
744.8	206.14
744.8	206.14
744.8	206.14
744.8	206.14
744.8	206.14
744.8	206.14
744.8	206.14
744.8	206.14
744.8	206.14
744.8	206.14
744.8	206.14
744.8	206.14
744.8	206.14
744.8	206.14
744.8	206.14
744.8	206.14
744.8	206.14
744.8	206.14
744.8	206.14
744.8	206.14
744.8	206.14
744.8	206.14
744.8	206.14
744.8	206.14
744.8	206.14
744.8	206.14
744.8	206.14
744.8	206.14
744.8	206.14
744.8	206.14
744.8	206.14
744.8	206.14
744.8	206.14
744.8	206.14
744.8	206.14
744.8	206.14
744.8	206.14
744.8	206.14
744.8	206.14
744.8	206.14
536.2	164.64
501.26	150.46
493.28	144.39
492.28	139.33
491.28	136.29
491.28	136.29
491.28	128.2
491.28	128.2
493.28	113.01
508.25	86.69
548.17	49.24
570.13	36.08
601.07	33.04
639	51.26
639	51.26
680.92	107.95
703.88	202.09
703.88	264.85
702.88	277
691.9	379.23
690.9	411.62
690.9	411.62
690.9	452.11
690.9	469.32
692.9	519.94
693.9	530.06
695.89	537.14
695.89	544.23
697.89	569.54
698.89	571.56
698.89	571.56
699.89	586.74
699.89	586.74
699.89	586.74
699.89	586.74
699.89	586.74
699.89	586.74
699.89	586.74
699.89	586.74
699.89	585.73
699.89	585.73
693.9	576.62
605.07	474.38
548.17	417.7
548.17	417.7
517.23	379.23
504.26	334.69
504.26	330.64
503.26	297.24
504.26	292.18
508.25	281.04
508.25	281.04
512.24	275.98
528.21	266.87
548.17	258.78
563.14	254.73
568.14	253.71
568.14	253.71
575.12	250.68
577.12	250.68
577.12	250.68
590.09	247.64
590.09	247.64
610.06	241.57
636.01	234.48
636.01	234.48
651.98	234.48
657.97	234.48
658.96	234.48
660.96	248.65
661.96	285.09
661.96	285.09
661.96	328.62
645.99	385.31
639	397.45
639	397.45
632.02	407.58
632.02	409.6
632.02	409.6
630.02	408.59
630.02	408.59
629.02	408.59
629.02	408.59
629.02	408.59
629.02	408.59
629.02	408.59
629.02	408.59
629.02	408.59
629.02	408.59
629.02	408.59
628.02	404.54
628.02	404.54
615.05	383.28
608.06	377.21
589.1	371.13
589.1	371.13
552.17	370.12
552.17	370.12
500.26	383.28
457.34	400.49
441.37	409.6
432.39	420.73
432.39	420.73
426.4	440.98
424.41	454.14
424.41	463.25
424.41	467.3
424.41	468.31
424.41	468.31
424.41	468.31
424.41	468.31
424.41	468.31
424.41	468.31
424.41	468.31
424.41	468.31
424.41	468.31
424.41	468.31
424.41	468.31
424.41	468.31
424.41	468.31
424.41	468.31
424.41	468.31
424.41	468.31
424.41	468.31
424.41	468.31
424.41	468.31
424.41	468.31
424.41	468.31
424.41	468.31
424.41	468.31
425.4	467.3
425.4	467.3
425.4	467.3
425.4	467.3
425.4	467.3
425.4	467.3
422.41	465.27
422.41	465.27
379.49	455.15
350.54	450.09
341.56	447.05
341.56	447.05
355.53	444.02
435.38	445.03
524.22	497.67
584.11	563.46
610.06	599.9
624.03	622.17
629.02	627.23
634.01	628.25
634.01	628.25
634.01	628.25
634.01	628.25
634.01	628.25
634.01	628.25
634.01	628.25
634.01	628.25
634.01	628.25
664.95	586.74
664.95	586.74
735.82	527.02
767.76	513.86
791.71	501.71
811.68	487.54
811.68	487.54
823.65	462.24
831.64	449.08
836.63	436.93
838.63	428.83
838.63	423.77
838.63	417.7
838.63	417.7
838.63	412.64
838.63	409.6
839.62	406.56
841.62	403.53
843.62	399.48
845.61	396.44
846.61	396.44
846.61	395.43
846.61	395.43
845.61	400.49
818.66	458.19
800.7	487.54
800.7	487.54
775.74	518.92
774.75	527.02
774.75	527.02
775.74	535.12
786.72	543.22
786.72	543.22
821.66	560.42
839.62	569.54
847.61	573.58
855.59	578.65
855.59	578.65
875.56	590.79
878.55	593.83
878.55	594.84
878.55	594.84
878.55	594.84
878.55	594.84
878.55	594.84
878.55	594.84
878.55	594.84
878.55	594.84
878.55	594.84
878.55	594.84
878.55	594.84
878.55	594.84
878.55	594.84
878.55	594.84
833.64	578.65
833.64	578.65
727.83	534.11
652.98	510.82
517.23	473.37
517.23	473.37
356.53	454.14
344.56	458.19
344.56	458.19
344.56	458.19
344.56	458.19
344.56	458.19
344.56	458.19
344.56	458.19
344.56	458.19
344.56	458.19
344.56	458.19
344.56	458.19
344.56	458.19
297.64	322.55
241.75	112
0	0
0	0
0	0
0	0
0	0
0	0
0	0
0	0
0	0
0	0
0	0
0	0
0	0
0	0
0	0
0	0
0	0
0	0
0	0
0	0
0	0
0	0
0	0
0	0
0	0
0	0
0	0
347.55	20.9
347.55	20.9
299.64	38.11
296.65	40.13
294.65	40.13
278.68	44.18
219.79	60.37
179.87	68.47
148.92	71.51
133.95	71.51
115.99	70.5
115.99	70.5
101.01	67.46
101.01	67.46
88.04	68.47
78.06	72.52
73.07	76.57
67.08	84.67
55.1	98.84
37.13	117.06
37.13	117.06
23.16	130.22
13.18	143.38
10.18	182.86
10.18	182.86
77.06	253.71
135.95	294.2
158.9	307.36
197.83	319.51
236.76	321.53
236.76	321.53
279.68	313.44
279.68	313.44
335.57	287.12
365.52	267.89
393.46	252.7
412.43	242.58
428.4	234.48
438.38	230.43
445.37	228.41
451.35	226.38
456.35	225.37
464.33	222.33
470.32	220.31
476.31	218.29
477.31	217.27
480.3	216.26
487.29	215.25
492.28	214.24
494.27	214.24
498.27	214.24
503.26	213.22
508.25	212.21
508.25	212.21
520.23	210.19
526.21	210.19
531.2	209.18
533.2	209.18
533.2	209.18
533.2	209.18
533.2	209.18
533.2	209.18
529.21	221.32
513.24	250.68
513.24	250.68
497.27	280.03
485.29	301.29
474.31	319.51
464.33	335.71
458.34	345.83
452.35	353.93
452.35	353.93
443.37	372.15
443.37	372.15
436.38	385.31
436.38	385.31
430.39	411.62
427.4	420.73
425.4	424.78
424.41	426.81
423.41	428.83
423.41	428.83
420.41	430.86
420.41	430.86
420.41	430.86
420.41	430.86
420.41	430.86
420.41	430.86
420.41	430.86
420.41	430.86
420.41	430.86
420.41	430.86
420.41	430.86
420.41	430.86
420.41	430.86
420.41	430.86
420.41	430.86
420.41	430.86
420.41	430.86
420.41	430.86
420.41	430.86
420.41	430.86
420.41	430.86
420.41	430.86
420.41	430.86
420.41	430.86
420.41	430.86
420.41	430.86
420.41	430.86
420.41	430.86
420.41	430.86
420.41	430.86
420.41	428.83
418.42	416.69
418.42	416.69
421.41	349.88
422.41	332.67
423.41	315.46
424.41	299.27
428.4	267.89
431.39	251.69
431.39	251.69
436.38	238.53
456.35	215.25
456.35	215.25
501.26	191.97
522.22	190.95
544.18	190.95
567.14	196.02
584.11	203.1
591.09	205.13
591.09	205.13
591.09	205.13
591.09	205.13
591.09	205.13
591.09	205.13
591.09	205.13
591.09	205.13
591.09	205.13
591.09	205.13
591.09	205.13
596.08	219.3
596.08	219.3
613.05	263.84
615.05	275.98
615.05	292.18
615.05	304.33
616.05	317.49
616.05	317.49
616.05	328.62
616.05	337.73
617.04	348.87
618.04	356.96
618.04	362.02
618.04	364.05
616.05	367.09
614.05	368.1
614.05	368.1
614.05	368.1
614.05	368.1
614.05	368.1
614.05	368.1
614.05	368.1
614.05	368.1
614.05	368.1
614.05	368.1
614.05	368.1
614.05	368.1
597.08	370.12
560.15	369.11
513.24	368.1
513.24	368.1
456.35	362.02
456.35	362.02
420.41	355.95
398.45	351.9
378.49	344.82
362.52	338.74
354.54	334.69
344.56	324.57
338.57	316.47
336.57	314.45
336.57	312.42
336.57	312.42
336.57	312.42
336.57	312.42
336.57	312.42
336.57	312.42
336.57	312.42
336.57	312.42
336.57	312.42
336.57	312.42
336.57	312.42
336.57	312.42
336.57	312.42
328.59	301.29
300.64	270.92
272.69	242.58
250.73	216.26
235.76	198.04
226.78	183.87
221.79	169.7
221.79	169.7
221.79	154.51
227.78	143.38
227.78	143.38
268.7	127.18
324.59	141.35
377.49	173.75
377.49	173.75
444.37	241.57
469.32	266.87
484.29	283.07
486.29	287.12
486.29	287.12
486.29	287.12
486.29	287.12
486.29	287.12
486.29	287.12
486.29	287.12
486.29	287.12
486.29	287.12
486.29	287.12
486.29	287.12
486.29	287.12
486.29	287.12
556.16	339.76
572.13	352.91
580.11	360
580.11	360
583.11	362.02
583.11	362.02
583.11	362.02
584.11	363.04
589.1	365.06
589.1	365.06
616.05	365.06
633.01	354.94
646.99	320.52
647.98	238.53
634.01	152.49
607.06	92.77
572.13	58.35
520.23	45.19
520.23	45.19
502.26	47.22
502.26	47.22
502.26	47.22
502.26	47.22
502.26	47.22
502.26	47.22
502.26	47.22
502.26	47.22
502.26	47.22
502.26	47.22
502.26	47.22
502.26	47.22
502.26	47.22
502.26	47.22
502.26	47.22
502.26	47.22
502.26	47.22
400.45	53.29
328.59	70.5
276.68	87.71
268.7	90.74
267.7	91.75
266.7	92.77
266.7	92.77
266.7	92.77
266.7	92.77
266.7	92.77
266.7	92.77
266.7	92.77
266.7	92.77
266.7	92.77
252.73	143.38
240.75	189.94
235.76	222.33
233.76	266.87
235.76	310.4
240.75	337.73
244.74	343.8
249.73	345.83
257.72	345.83
269.7	345.83
281.67	345.83
288.66	346.84
301.64	350.89
316.61	355.95
326.59	360
326.59	360
332.58	360
336.57	357.98
339.56	355.95
339.56	355.95
347.55	352.91
351.54	350.89
352.54	349.88
353.54	347.85
353.54	347.85
353.54	347.85
353.54	347.85
354.54	347.85
354.54	347.85
354.54	347.85
354.54	347.85
354.54	347.85
354.54	347.85
354.54	347.85
354.54	347.85
354.54	347.85
354.54	347.85
354.54	347.85
354.54	347.85
354.54	347.85
354.54	347.85
354.54	347.85
354.54	347.85
354.54	347.85
354.54	347.85
354.54	347.85
354.54	347.85
354.54	347.85
428.4	371.13
484.29	391.38
530.21	401.5
570.13	408.59
590.09	412.64
609.06	414.66
609.06	414.66
632.02	409.6
632.02	409.6
649.98	401.5
659.96	397.45
663.95	395.43
663.95	394.42
663.95	394.42
573.13	355.95
399.45	209.18
399.45	209.18
220.79	34.06
0	0
0	0
0	0
0	0
0	0
0	0
0	0
0	0
0	0
0	0
0	0
0	0
0	0
0	0
0	0
0	0
0	0
0	0
0	0
0	0
236.76	19.88
234.76	40.13
234.76	40.13
236.76	59.36
239.75	66.45
239.75	76.57
242.75	96.82
256.72	129.21
276.68	161.6
276.68	161.6
303.63	181.84
335.57	189.94
335.57	189.94
387.47	193.99
420.41	193.99
460.34	186.91
510.24	168.69
548.17	149.45
593.09	125.16
628.02	107.95
628.02	107.95
