0	0
0	0
0	0
0	0
0	0
0	0
0	0
0	0
0	0
377.37	277.48
377.37	277.48
377.37	277.48
377.37	277.48
377.37	277.48
377.37	277.48
372.57	278.69
370.16	278.69
367.76	278.69
367.76	278.69
367.76	278.69
367.76	278.69
367.76	292.04
367.76	292.04
379.78	313.89
395.4	333.3
417.04	353.93
438.67	374.56
477.14	408.54
510.79	437.67
522.81	458.3
525.21	472.86
524.01	482.57
521.61	488.64
521.61	499.56
521.61	499.56
516.8	518.97
513.19	533.54
502.38	544.46
469.92	565.09
455.5	580.87
450.69	595.43
425.45	614.84
370.16	614.84
354.54	594.21
354.54	594.21
379.78	551.74
490.36	469.22
558.87	447.38
617.76	441.31
657.43	438.88
712.72	440.09
753.58	444.95
800.46	449.8
836.52	449.8
862.96	449.8
862.96	449.8
897.82	447.38
929.07	447.38
962.72	446.16
1001.18	441.31
1045.66	431.6
1087.72	415.82
1100.95	412.18
1104.55	412.18
1108.16	412.18
1109.36	409.76
1108.16	389.13
1105.75	361.21
1096.14	323.59
1081.72	294.47
1081.72	294.47
1067.29	277.48
1066.09	276.27
1066.09	276.27
1066.09	283.55
1055.27	290.83
1055.27	290.83
1055.27	290.83
1055.27	290.83
1055.27	290.83
1055.27	290.83
1055.27	290.83
1055.27	290.83
1055.27	290.83
1055.27	290.83
1055.27	290.83
1055.27	290.83
1054.07	290.83
1056.47	285.97
1056.47	285.97
0	0
0	0
0	0
0	0
0	0
0	0
0	0
0	0
0	0
0	0
0	0
1224.75	162.19
1224.75	162.19
1067.29	250.78
1055.27	260.49
1069.7	278.69
1102.15	300.54
1167.05	316.31
1218.74	318.74
1254.8	310.24
1270.42	295.68
0	0
0	0
0	0
0	0
1277.63	130.64
1263.21	125.79
1252.39	122.14
1252.39	122.14
1251.19	120.93
1251.19	120.93
1251.19	120.93
1251.19	120.93
1256	120.93
1256	120.93
0	0
0	0
0	0
0	0
1247.58	214.37
1206.72	226.51
1197.1	230.15
1192.29	232.58
1192.29	232.58
1191.09	232.58
1191.09	232.58
1180.27	235
1180.27	235
1099.74	251.99
1031.23	267.77
1008.4	273.84
1008.4	273.84
1008.4	273.84
1008.4	273.84
1003.59	276.27
998.78	276.27
998.78	276.27
1005.99	278.69
1005.99	278.69
1042.05	283.55
1093.73	287.19
1180.27	290.83
1231.96	293.25
1258.4	298.11
1254.8	299.32
1215.13	302.96
1054.07	323.59
817.29	370.92
680.27	400.05
633.39	408.54
633.39	408.54
629.78	408.54
629.78	408.54
628.58	407.33
626.18	400.05
624.98	381.84
628.58	367.28
628.58	364.85
628.58	364.85
627.38	368.49
627.38	368.49
616.56	386.7
592.52	435.24
526.42	505.63
510.79	521.4
518	528.68
561.27	540.82
585.31	544.46
590.12	545.67
596.13	550.53
616.56	571.16
623.77	583.29
626.18	586.93
639.4	594.21
683.87	602.71
683.87	602.71
728.34	601.5
743.97	600.28
762	600.28
778.82	600.28
793.25	600.28
795.65	599.07
796.85	599.07
796.85	599.07
796.85	596.64
782.43	591.79
769.21	586.93
758.39	584.51
746.37	584.51
734.35	584.51
710.31	584.51
699.5	585.72
686.27	588.15
669.45	589.36
656.23	589.36
656.23	589.36
653.82	589.36
653.82	589.36
644.21	590.57
628.58	599.07
587.72	614.84
561.27	618.49
548.05	617.27
543.24	612.42
533.63	607.56
524.01	603.92
513.19	600.28
498.77	597.86
481.94	597.86
453.1	601.5
453.1	601.5
443.48	601.5
442.28	600.28
441.08	595.43
438.67	593
437.47	590.57
429.06	586.93
414.64	583.29
402.62	583.29
382.18	585.72
373.77	585.72
372.57	585.72
371.37	585.72
368.96	582.08
366.56	579.65
365.36	577.22
365.36	577.22
365.36	577.22
365.36	577.22
382.18	572.37
424.25	565.09
495.17	546.89
548.05	527.47
567.28	522.62
580.5	518.97
586.51	518.97
596.13	517.76
606.95	517.76
628.58	515.33
653.82	510.48
679.06	505.63
692.28	503.2
693.49	503.2
693.49	503.2
693.49	503.2
693.49	503.2
699.5	503.2
699.5	503.2
739.16	504.41
746.37	505.63
746.37	505.63
746.37	505.63
737.96	505.63
716.32	501.98
716.32	501.98
655.02	501.98
644.21	501.98
641.8	500.77
641.8	500.77
641.8	500.77
643	499.56
649.01	499.56
652.62	499.56
653.82	499.56
653.82	499.56
655.02	499.56
655.02	499.56
669.45	492.28
676.66	488.64
680.27	487.42
691.08	482.57
695.89	482.57
695.89	482.57
695.89	482.57
695.89	482.57
695.89	482.57
695.89	481.35
695.89	481.35
695.89	480.14
709.11	470.43
709.11	470.43
768.01	438.88
798.06	423.1
828.1	403.69
859.36	381.84
871.37	370.92
888.2	357.57
907.43	344.22
907.43	344.22
933.88	328.45
948.3	321.17
955.51	317.53
955.51	317.53
955.51	317.53
986.76	309.03
993.97	307.82
993.97	307.82
993.97	306.6
993.97	306.6
1007.19	302.96
1018.01	301.75
1032.44	299.32
1057.68	300.54
1062.48	302.96
1060.08	306.6
1043.25	317.53
1031.23	319.95
1007.19	324.81
968.73	329.66
917.05	338.16
890.61	340.58
877.38	340.58
877.38	340.58
861.76	340.58
834.11	336.94
796.85	335.73
772.82	336.94
755.99	336.94
745.17	332.09
736.76	327.23
734.35	324.81
733.15	318.74
731.95	313.89
731.95	309.03
733.15	300.54
736.76	298.11
736.76	298.11
741.56	295.68
746.37	295.68
757.19	298.11
776.42	304.18
796.85	318.74
813.68	336.94
816.09	352.72
816.09	372.14
816.09	372.14
808.87	401.26
805.27	415.82
804.07	440.09
804.07	460.72
804.07	469.22
792.05	503.2
792.05	503.2
662.24	560.24
649.01	559.02
649.01	557.81
649.01	557.81
658.63	559.02
691.08	563.88
721.13	567.52
740.36	567.52
741.56	565.09
741.56	565.09
741.56	562.66
741.56	562.66
725.94	549.31
725.94	549.31
689.88	542.03
670.65	537.18
659.83	532.32
645.41	523.83
638.2	515.33
632.19	506.84
628.58	497.13
628.58	495.92
628.58	495.92
628.58	495.92
628.58	495.92
628.58	495.92
617.76	495.92
598.53	495.92
582.91	497.13
580.5	497.13
574.49	498.34
558.87	503.2
540.84	508.05
540.84	508.05
530.02	509.27
525.21	510.48
522.81	510.48
519.2	509.27
514.4	508.05
508.39	508.05
502.38	508.05
499.97	508.05
499.97	508.05
499.97	508.05
499.97	508.05
498.77	506.84
498.77	506.84
486.75	505.63
477.14	505.63
473.53	505.63
469.92	505.63
457.91	505.63
457.91	505.63
441.08	505.63
435.07	503.2
435.07	503.2
435.07	501.98
436.27	500.77
439.88	497.13
450.69	494.7
484.35	489.85
551.66	482.57
588.92	476.5
588.92	476.5
605.74	475.29
608.15	475.29
611.75	475.29
630.99	472.86
663.44	463.15
698.29	449.8
707.91	448.59
707.91	448.59
707.91	448.59
707.91	448.59
707.91	448.59
697.09	447.38
683.87	446.16
675.46	446.16
669.45	446.16
667.04	447.38
658.63	451.02
658.63	451.02
644.21	457.08
639.4	460.72
637	463.15
637	464.36
638.2	468.01
640.6	471.65
643	477.71
647.81	491.06
649.01	503.2
649.01	504.41
649.01	504.41
647.81	504.41
647.81	504.41
645.41	503.2
645.41	503.2
645.41	503.2
644.21	503.2
635.79	506.84
616.56	511.69
604.54	514.12
598.53	511.69
594.93	508.05
591.32	505.63
587.72	499.56
585.31	492.28
585.31	486.21
585.31	483.78
585.31	483.78
585.31	483.78
585.31	483.78
587.72	482.57
594.93	478.93
594.93	478.93
608.15	474.07
616.56	471.65
620.17	470.43
621.37	470.43
621.37	470.43
624.98	469.22
624.98	469.22
629.78	468.01
637	465.58
645.41	461.94
656.23	459.51
665.84	454.66
675.46	451.02
688.68	447.38
699.5	443.73
709.11	442.52
722.33	438.88
736.76	435.24
749.98	430.39
755.99	427.96
765.6	425.53
765.6	425.53
780.03	423.1
789.64	421.89
801.66	421.89
807.67	420.68
810.08	420.68
810.08	420.68
810.08	420.68
808.87	420.68
806.47	421.89
806.47	421.89
782.43	421.89
745.17	421.89
691.08	425.53
645.41	429.17
608.15	431.6
599.73	431.6
597.33	431.6
597.33	431.6
594.93	431.6
588.92	431.6
558.87	440.09
558.87	440.09
546.85	442.52
545.65	442.52
545.65	442.52
545.65	442.52
542.04	441.31
542.04	441.31
534.83	437.67
532.43	436.45
530.02	436.45
530.02	436.45
521.61	437.67
502.38	444.95
477.14	452.23
462.71	455.87
459.11	455.87
459.11	455.87
459.11	455.87
459.11	455.87
455.5	455.87
432.66	461.94
400.21	476.5
383.38	482.57
382.18	482.57
382.18	482.57
383.38	482.57
383.38	482.57
383.38	482.57
383.38	482.57
383.38	482.57
383.38	482.57
388.19	481.35
388.19	481.35
413.43	474.07
441.08	469.22
445.89	468.01
448.29	468.01
457.91	466.79
465.12	465.58
466.32	465.58
466.32	465.58
466.32	465.58
466.32	465.58
466.32	465.58
474.73	465.58
487.95	464.36
511.99	461.94
543.24	455.87
550.46	453.44
550.46	453.44
548.05	444.95
528.82	431.6
501.18	423.1
485.55	419.46
472.33	414.61
459.11	413.4
435.07	415.82
406.22	424.32
388.19	431.6
385.79	434.03
376.17	441.31
360.55	454.66
348.53	469.22
336.51	483.78
334.1	488.64
331.7	498.34
329.3	501.98
329.3	504.41
332.9	508.05
347.33	511.69
372.57	512.91
419.44	506.84
491.56	481.35
536.03	464.36
558.87	458.3
578.1	453.44
600.94	446.16
618.97	440.09
633.39	435.24
646.61	427.96
653.82	417.04
656.23	397.62
651.42	384.27
637	373.35
621.37	367.28
603.34	362.43
581.71	358.79
569.69	358.79
558.87	358.79
549.25	358.79
538.44	361.21
510.79	372.14
483.15	383.06
456.7	396.41
444.68	406.11
443.48	410.97
445.89	424.32
455.5	437.67
465.12	446.16
473.53	448.59
478.34	451.02
486.75	452.23
503.58	454.66
522.81	459.51
527.62	461.94
527.62	463.15
527.62	463.15
527.62	463.15
528.82	463.15
543.24	469.22
562.47	474.07
573.29	477.71
576.9	480.14
579.3	483.78
580.5	488.64
572.09	498.34
548.05	516.55
530.02	527.47
528.82	528.68
528.82	529.9
531.22	537.18
539.64	545.67
552.86	557.81
563.68	565.09
568.48	567.52
578.1	576.01
590.12	590.57
592.52	594.21
592.52	594.21
593.73	597.86
605.74	605.14
621.37	614.84
637	618.49
646.61	618.49
653.82	618.49
653.82	618.49
657.43	601.5
647.81	557.81
621.37	522.62
584.11	499.56
530.02	480.14
475.93	474.07
419.44	471.65
389.39	468.01
361.75	463.15
346.12	459.51
331.7	453.44
324.49	449.8
318.48	447.38
310.07	443.73
292.04	438.88
271.6	436.45
257.18	437.67
224.73	443.73
192.28	453.44
186.27	455.87
186.27	455.87
186.27	455.87
186.27	461.94
186.27	461.94
206.7	472.86
235.55	475.29
263.19	465.58
299.25	444.95
342.52	419.46
359.35	403.69
359.35	403.69
365.36	389.13
367.76	372.14
367.76	361.21
367.76	355.15
376.17	347.86
391.8	336.94
425.45	334.52
495.17	329.66
579.3	321.17
645.41	315.1
689.88	312.67
719.93	310.24
753.58	305.39
784.83	300.54
813.68	293.25
840.12	285.97
858.15	282.33
876.18	278.69
885.8	276.27
887	275.05
887	275.05
887	275.05
868.97	277.48
800.46	295.68
706.71	327.23
593.73	375.78
481.94	425.53
424.25	449.8
378.58	466.79
331.7	485
306.46	495.92
287.23	505.63
266.8	515.33
239.15	526.26
218.72	534.75
210.3	537.18
209.1	537.18
206.7	537.18
200.69	539.6
186.27	543.25
173.04	546.89
158.62	550.53
146.6	554.17
145.4	554.17
145.4	554.17
145.4	554.17
145.4	554.17
145.4	554.17
145.4	554.17
145.4	554.17
145.4	554.17
168.24	542.03
206.7	514.12
248.77	478.93
286.03	443.73
311.27	420.68
341.32	402.47
373.77	392.77
395.4	389.13
406.22	386.7
418.24	386.7
432.66	386.7
450.69	385.48
462.71	383.06
473.53	383.06
483.15	383.06
503.58	383.06
528.82	383.06
544.45	383.06
557.67	379.42
580.5	374.56
609.35	369.71
637	363.64
664.64	357.57
683.87	352.72
694.69	350.29
701.9	347.86
703.1	347.86
691.08	335.73
655.02	327.23
593.73	321.17
539.64	319.95
497.57	315.1
483.15	311.46
474.73	307.82
472.33	306.6
471.13	302.96
473.53	298.11
475.93	294.47
478.34	287.19
481.94	278.69
484.35	275.05
486.75	271.41
490.36	267.77
493.96	265.34
499.97	262.92
499.97	262.92
519.2	255.64
554.06	244.71
564.88	241.07
564.88	241.07
566.08	241.07
566.08	241.07
569.69	248.35
566.08	254.42
562.47	256.85
561.27	256.85
560.07	256.85
560.07	256.85
560.07	256.85
562.47	256.85
569.69	255.64
569.69	255.64
605.74	247.14
622.57	243.5
629.78	241.07
632.19	239.86
635.79	238.65
644.21	238.65
657.43	236.22
671.85	233.79
673.05	233.79
673.05	233.79
673.05	233.79
673.05	233.79
673.05	233.79
673.05	233.79
673.05	233.79
673.05	233.79
670.65	233.79
652.62	236.22
652.62	236.22
627.38	236.22
608.15	231.36
596.13	227.72
579.3	224.08
566.08	219.23
556.46	215.59
551.66	211.95
550.46	210.73
550.46	210.73
557.67	211.95
557.67	211.95
580.5	221.66
609.35	227.72
637	232.58
647.81	236.22
657.43	248.35
657.43	248.35
658.63	253.21
657.43	258.06
657.43	260.49
657.43	261.7
658.63	271.41
658.63	271.41
661.03	276.27
663.44	279.91
668.25	292.04
668.25	301.75
665.84	312.67
656.23	324.81
643	339.37
609.35	369.71
609.35	369.71
599.73	380.63
599.73	386.7
604.54	398.83
608.15	409.76
606.95	432.81
606.95	432.81
604.54	437.67
603.34	443.73
591.32	463.15
578.1	471.65
578.1	471.65
578.1	471.65
578.1	471.65
576.9	472.86
573.29	482.57
572.09	495.92
572.09	505.63
573.29	510.48
578.1	520.19
582.91	525.04
582.91	525.04
586.51	528.68
591.32	533.54
591.32	533.54
596.13	537.18
596.13	537.18
596.13	537.18
596.13	537.18
596.13	537.18
598.53	532.32
598.53	516.55
598.53	516.55
598.53	498.34
598.53	497.13
598.53	497.13
598.53	497.13
598.53	485
599.73	475.29
599.73	471.65
599.73	463.15
603.34	446.16
608.15	436.45
609.35	435.24
609.35	435.24
609.35	435.24
617.76	444.95
630.99	464.36
630.99	464.36
638.2	485
644.21	498.34
646.61	504.41
646.61	504.41
646.61	504.41
646.61	504.41
644.21	510.48
644.21	510.48
633.39	526.26
633.39	529.9
632.19	533.54
632.19	533.54
620.17	554.17
611.75	560.24
609.35	561.45
609.35	561.45
606.95	566.3
604.54	573.58
600.94	588.15
596.13	596.64
594.93	597.86
593.73	597.86
593.73	599.07
593.73	602.71
594.93	606.35
597.33	608.78
597.33	608.78
604.54	614.84
605.74	616.06
605.74	616.06
605.74	616.06
605.74	616.06
605.74	616.06
604.54	614.84
600.94	611.2
598.53	609.99
596.13	607.56
593.73	606.35
588.92	605.14
576.9	602.71
572.09	599.07
569.69	596.64
566.08	589.36
561.27	571.16
557.67	542.03
554.06	523.83
552.86	518.97
551.66	516.55
551.66	516.55
551.66	516.55
551.66	516.55
551.66	515.33
551.66	515.33
564.88	493.49
590.12	461.94
603.34	446.16
603.34	446.16
603.34	446.16
603.34	446.16
603.34	446.16
604.54	447.38
606.95	453.44
605.74	454.66
605.74	454.66
605.74	454.66
605.74	458.3
605.74	476.5
603.34	483.78
602.14	485
600.94	489.85
596.13	501.98
594.93	505.63
594.93	506.84
594.93	510.48
598.53	516.55
602.14	520.19
610.55	526.26
621.37	529.9
621.37	529.9
643	537.18
653.82	538.39
653.82	538.39
653.82	537.18
652.62	531.11
652.62	531.11
651.42	529.9
651.42	529.9
651.42	529.9
651.42	529.9
651.42	529.9
656.23	529.9
662.24	531.11
676.66	529.9
699.5	525.04
721.13	520.19
730.75	516.55
735.55	514.12
751.18	509.27
763.2	505.63
765.6	505.63
777.62	504.41
792.05	501.98
808.87	497.13
826.9	493.49
834.11	493.49
837.72	493.49
840.12	493.49
843.73	495.92
847.34	498.34
848.54	498.34
849.74	499.56
849.74	501.98
849.74	504.41
849.74	508.05
848.54	511.69
835.32	523.83
813.68	538.39
813.68	538.39
811.28	539.6
811.28	539.6
811.28	539.6
811.28	543.25
811.28	543.25
795.65	569.94
787.24	574.8
784.83	574.8
781.23	568.73
788.44	562.66
808.87	555.38
814.88	552.95
814.88	552.95
814.88	552.95
814.88	552.95
814.88	552.95
814.88	552.95
814.88	552.95
814.88	552.95
814.88	552.95
816.09	552.95
816.09	552.95
816.09	552.95
816.09	552.95
810.08	554.17
810.08	554.17
781.23	561.45
769.21	565.09
768.01	565.09
768.01	566.3
769.21	580.87
783.63	596.64
792.05	600.28
792.05	601.5
792.05	601.5
763.2	597.86
722.33	590.57
682.67	582.08
668.25	574.8
663.44	569.94
663.44	569.94
663.44	569.94
663.44	569.94
659.83	586.93
659.83	595.43
662.24	597.86
664.64	601.5
668.25	603.92
668.25	603.92
671.85	603.92
671.85	603.92
691.08	608.78
693.49	609.99
693.49	609.99
694.69	609.99
703.1	605.14
703.1	605.14
749.98	583.29
749.98	583.29
762	578.44
762	578.44
762	566.3
755.99	540.82
755.99	540.82
755.99	540.82
755.99	540.82
755.99	540.82
741.56	485
741.56	485
741.56	485
741.56	485
736.76	481.35
734.35	478.93
734.35	478.93
734.35	478.93
734.35	478.93
734.35	478.93
734.35	478.93
734.35	478.93
736.76	481.35
736.76	481.35
764.4	498.34
772.82	503.2
772.82	503.2
772.82	503.2
772.82	503.2
781.23	497.13
801.66	483.78
817.29	477.71
817.29	477.71
836.52	474.07
853.35	471.65
867.77	468.01
872.58	465.58
872.58	465.58
874.98	458.3
874.98	458.3
885.8	436.45
888.2	434.03
888.2	434.03
888.2	434.03
888.2	434.03
890.61	430.39
890.61	427.96
890.61	425.53
890.61	425.53
888.2	424.32
887	423.1
885.8	423.1
885.8	423.1
879.79	423.1
876.18	421.89
873.78	421.89
871.37	421.89
868.97	423.1
868.97	423.1
853.35	426.75
836.52	431.6
836.52	431.6
825.7	434.03
812.48	436.45
793.25	440.09
757.19	446.16
706.71	452.23
679.06	457.08
668.25	458.3
665.84	458.3
664.64	458.3
664.64	458.3
647.81	460.72
635.79	463.15
634.59	463.15
634.59	463.15
634.59	463.15
634.59	463.15
634.59	463.15
641.8	463.15
664.64	461.94
718.73	454.66
783.63	438.88
814.88	434.03
817.29	434.03
817.29	434.03
817.29	434.03
817.29	434.03
817.29	434.03
817.29	434.03
835.32	435.24
835.32	435.24
938.68	412.18
945.9	404.9
933.88	391.55
933.88	391.55
893.01	386.7
838.92	387.91
774.02	392.77
705.51	397.62
675.46	395.19
665.84	391.55
662.24	387.91
659.83	384.27
658.63	384.27
659.83	383.06
671.85	383.06
687.48	385.48
700.7	396.41
700.7	396.41
704.3	410.97
700.7	418.25
699.5	425.53
705.51	435.24
712.72	437.67
724.74	437.67
752.38	435.24
783.63	429.17
787.24	429.17
787.24	427.96
787.24	427.96
787.24	426.75
776.42	424.32
776.42	424.32
762	421.89
748.78	419.46
736.76	414.61
733.15	412.18
731.95	407.33
733.15	396.41
737.96	389.13
741.56	384.27
741.56	384.27
745.17	380.63
743.97	380.63
743.97	380.63
706.71	385.48
688.68	389.13
688.68	389.13
686.27	391.55
674.26	402.47
674.26	402.47
671.85	404.9
671.85	404.9
671.85	404.9
671.85	404.9
674.26	404.9
675.46	404.9
675.46	404.9
675.46	404.9
675.46	404.9
675.46	404.9
675.46	404.9
675.46	404.9
675.46	404.9
675.46	404.9
675.46	404.9
676.66	413.4
676.66	413.4
677.86	423.1
677.86	423.1
677.86	423.1
677.86	423.1
677.86	423.1
677.86	423.1
677.86	423.1
677.86	423.1
677.86	423.1
677.86	423.1
677.86	423.1
677.86	423.1
677.86	423.1
677.86	423.1
677.86	423.1
677.86	423.1
677.86	423.1
677.86	423.1
677.86	423.1
677.86	423.1
674.26	423.1
673.05	421.89
671.85	421.89
667.04	421.89
658.63	421.89
655.02	421.89
653.82	421.89
653.82	421.89
651.42	420.68
647.81	419.46
647.81	419.46
634.59	417.04
626.18	417.04
616.56	417.04
600.94	417.04
590.12	420.68
586.51	424.32
576.9	437.67
554.06	464.36
549.25	469.22
549.25	472.86
554.06	476.5
558.87	481.35
558.87	481.35
558.87	481.35
549.25	480.14
522.81	476.5
474.73	476.5
436.27	477.71
415.84	477.71
402.62	476.5
391.8	472.86
382.18	469.22
373.77	466.79
359.35	461.94
344.92	458.3
334.1	454.66
316.08	452.23
274.01	452.23
219.92	458.3
188.67	468.01
185.06	469.22
185.06	470.43
185.06	472.86
185.06	475.29
185.06	481.35
181.46	494.7
179.05	500.77
177.85	505.63
177.85	514.12
177.85	520.19
181.46	528.68
187.47	542.03
195.88	551.74
204.29	560.24
209.1	562.66
209.1	563.88
209.1	563.88
206.7	563.88
193.48	560.24
193.48	560.24
163.43	550.53
152.61	546.89
141.79	544.46
126.17	543.25
112.95	543.25
103.33	546.89
87.71	552.95
79.29	557.81
76.89	561.45
75.69	563.88
70.88	571.16
48.04	589.36
28.81	599.07
25.2	599.07
22.8	597.86
19.19	585.72
21.6	573.58
28.81	561.45
43.23	545.67
63.67	528.68
76.89	525.04
91.31	526.26
130.98	531.11
175.45	534.75
216.31	539.6
240.35	552.95
264.39	584.51
277.61	602.71
284.82	614.84
298.05	628.19
312.47	642.76
314.87	645.18
314.87	645.18
314.87	645.18
311.27	636.69
306.46	628.19
306.46	625.77
306.46	625.77
306.46	625.77
316.08	620.91
438.67	556.59
438.67	556.59
554.06	488.64
554.06	488.64
554.06	488.64
554.06	488.64
554.06	488.64
554.06	487.42
554.06	487.42
552.86	482.57
548.05	480.14
538.44	481.35
508.39	515.33
480.74	555.38
471.13	566.3
471.13	566.3
471.13	566.3
471.13	566.3
471.13	566.3
471.13	566.3
471.13	566.3
474.73	576.01
474.73	576.01
490.36	582.08
490.36	582.08
495.17	573.58
526.42	523.83
548.05	477.71
548.05	472.86
548.05	472.86
545.65	468.01
542.04	465.58
542.04	465.58
540.84	464.36
540.84	464.36
540.84	464.36
540.84	464.36
540.84	464.36
540.84	464.36
540.84	464.36
540.84	464.36
540.84	464.36
539.64	464.36
536.03	464.36
536.03	464.36
536.03	464.36
530.02	463.15
509.59	455.87
502.38	453.44
498.77	452.23
498.77	452.23
498.77	452.23
498.77	452.23
498.77	452.23
498.77	452.23
498.77	452.23
498.77	452.23
498.77	452.23
490.36	453.44
490.36	453.44
468.72	459.51
461.51	463.15
461.51	463.15
462.71	472.86
471.13	477.71
471.13	477.71
481.94	480.14
521.61	475.29
562.47	460.72
596.13	438.88
602.14	421.89
598.53	396.41
593.73	381.84
591.32	369.71
590.12	357.57
587.72	344.22
587.72	329.66
590.12	316.31
590.12	305.39
594.93	279.91
599.73	253.21
604.54	230.15
604.54	230.15
605.74	218.02
608.15	210.73
608.15	208.31
610.55	202.24
611.75	198.6
615.36	193.74
617.76	185.25
621.37	174.33
623.77	169.47
624.98	169.47
624.98	169.47
624.98	169.47
624.98	169.47
624.98	169.47
624.98	169.47
624.98	169.47
624.98	169.47
630.99	186.46
635.79	196.17
638.2	199.81
639.4	201.03
640.6	203.45
644.21	205.88
646.61	208.31
646.61	208.31
646.61	208.31
646.61	208.31
646.61	208.31
646.61	208.31
646.61	208.31
646.61	208.31
646.61	208.31
646.61	205.88
645.41	204.67
645.41	204.67
645.41	204.67
645.41	204.67
645.41	204.67
645.41	204.67
645.41	204.67
645.41	204.67
645.41	204.67
645.41	204.67
645.41	204.67
645.41	204.67
645.41	204.67
645.41	204.67
645.41	204.67
645.41	204.67
645.41	204.67
645.41	204.67
645.41	204.67
645.41	204.67
645.41	204.67
645.41	204.67
645.41	204.67
645.41	204.67
644.21	208.31
644.21	209.52
644.21	209.52
644.21	209.52
644.21	209.52
644.21	209.52
644.21	209.52
644.21	209.52
644.21	209.52
644.21	209.52
644.21	209.52
644.21	209.52
644.21	209.52
644.21	209.52
644.21	209.52
644.21	209.52
644.21	209.52
643	205.88
641.8	203.45
641.8	203.45
641.8	203.45
641.8	203.45
641.8	207.09
641.8	216.8
641.8	216.8
647.81	262.92
659.83	311.46
675.46	352.72
680.27	373.35
680.27	375.78
680.27	375.78
680.27	375.78
680.27	375.78
681.47	386.7
681.47	386.7
693.49	442.52
706.71	470.43
716.32	501.98
719.93	516.55
721.13	520.19
721.13	520.19
724.74	535.96
728.34	549.31
728.34	555.38
728.34	555.38
728.34	555.38
728.34	554.17
722.33	549.31
722.33	549.31
694.69	534.75
670.65	520.19
645.41	503.2
629.78	489.85
624.98	482.57
621.37	470.43
617.76	459.51
610.55	444.95
608.15	435.24
605.74	431.6
605.74	430.39
605.74	430.39
605.74	430.39
616.56	444.95
633.39	466.79
640.6	504.41
638.2	528.68
624.98	537.18
616.56	537.18
603.34	534.75
585.31	531.11
566.08	526.26
555.26	520.19
550.46	514.12
544.45	504.41
542.04	499.56
540.84	499.56
540.84	499.56
526.42	504.41
505.98	514.12
477.14	525.04
451.9	528.68
438.67	529.9
433.87	527.47
430.26	523.83
427.86	521.4
427.86	520.19
427.86	518.97
429.06	517.76
430.26	514.12
439.88	503.2
448.29	493.49
450.69	491.06
453.1	491.06
481.94	491.06
526.42	497.13
556.46	509.27
570.89	516.55
581.71	525.04
593.73	542.03
605.74	557.81
608.15	560.24
610.55	562.66
612.96	563.88
626.18	566.3
635.79	565.09
652.62	552.95
687.48	521.4
728.34	491.06
740.36	477.71
743.97	472.86
746.37	471.65
752.38	471.65
768.01	472.86
788.44	472.86
800.46	471.65
811.28	466.79
813.68	466.79
813.68	466.79
813.68	466.79
811.28	464.36
800.46	457.08
789.64	457.08
784.83	458.3
772.82	465.58
754.79	475.29
733.15	482.57
727.14	482.57
725.94	482.57
723.54	482.57
721.13	478.93
707.91	476.5
693.49	475.29
679.06	475.29
671.85	472.86
667.04	469.22
661.03	465.58
656.23	461.94
653.82	458.3
653.82	455.87
652.62	451.02
652.62	448.59
652.62	448.59
652.62	446.16
656.23	442.52
656.23	438.88
656.23	434.03
652.62	426.75
646.61	420.68
637	415.82
627.38	410.97
616.56	407.33
614.16	404.9
611.75	402.47
599.73	401.26
582.91	398.83
569.69	395.19
558.87	393.98
548.05	391.55
536.03	390.34
527.62	390.34
518	389.13
507.18	389.13
502.38	389.13
498.77	391.55
493.96	395.19
492.76	396.41
492.76	397.62
492.76	397.62
492.76	397.62
492.76	397.62
492.76	397.62
492.76	397.62
492.76	397.62
492.76	397.62
492.76	397.62
492.76	397.62
479.54	396.41
456.7	387.91
414.64	370.92
366.56	358.79
340.11	346.65
326.89	338.16
326.89	336.94
326.89	336.94
326.89	336.94
326.89	336.94
334.1	321.17
344.92	309.03
350.93	302.96
356.94	300.54
377.37	295.68
409.83	281.12
426.65	273.84
441.08	270.2
454.3	268.98
462.71	272.62
472.33	277.48
486.75	283.55
497.57	289.61
499.97	292.04
508.39	295.68
521.61	305.39
542.04	317.53
560.07	322.38
572.09	326.02
581.71	329.66
584.11	330.87
585.31	332.09
585.31	332.09
604.54	336.94
620.17	340.58
634.59	340.58
647.81	336.94
663.44	322.38
680.27	304.18
686.27	298.11
687.48	298.11
687.48	298.11
699.5	300.54
699.5	300.54
725.94	321.17
737.96	335.73
742.77	346.65
743.97	350.29
746.37	352.72
748.78	356.36
754.79	368.49
763.2	381.84
770.41	397.62
774.02	415.82
772.82	441.31
760.8	461.94
759.59	463.15
759.59	468.01
758.39	474.07
757.19	480.14
754.79	485
754.79	485
743.97	514.12
743.97	520.19
746.37	527.47
748.78	529.9
751.18	533.54
754.79	535.96
758.39	540.82
762	545.67
765.6	551.74
765.6	551.74
768.01	555.38
768.01	555.38
768.01	555.38
775.22	556.59
775.22	556.59
810.08	537.18
824.5	526.26
825.7	525.04
825.7	525.04
825.7	525.04
817.29	522.62
805.27	518.97
805.27	518.97
794.45	516.55
772.82	518.97
747.57	518.97
734.35	512.91
727.14	503.2
725.94	493.49
725.94	481.35
727.14	469.22
731.95	454.66
735.55	441.31
737.96	435.24
739.16	432.81
740.36	431.6
742.77	427.96
743.97	427.96
743.97	427.96
743.97	427.96
743.97	427.96
743.97	427.96
745.17	427.96
745.17	427.96
747.57	427.96
747.57	427.96
747.57	427.96
745.17	427.96
725.94	430.39
713.92	438.88
698.29	451.02
667.04	472.86
638.2	491.06
614.16	499.56
605.74	498.34
594.93	495.92
579.3	493.49
552.86	492.28
525.21	488.64
515.6	489.85
511.99	492.28
502.38	498.34
478.34	520.19
449.49	538.39
424.25	549.31
419.44	551.74
417.04	550.53
415.84	550.53
414.64	550.53
409.83	544.46
402.62	538.39
400.21	531.11
395.4	518.97
391.8	503.2
386.99	481.35
382.18	455.87
380.98	448.59
380.98	446.16
379.78	443.73
378.58	443.73
376.17	441.31
374.97	438.88
373.77	438.88
373.77	438.88
365.36	438.88
365.36	438.88
326.89	444.95
324.49	444.95
324.49	444.95
324.49	446.16
324.49	446.16
324.49	446.16
324.49	444.95
324.49	444.95
322.09	443.73
322.09	442.52
322.09	442.52
323.29	440.09
331.7	434.03
334.1	434.03
334.1	434.03
337.71	435.24
337.71	435.24
342.52	437.67
349.73	440.09
361.75	443.73
373.77	443.73
380.98	446.16
393	449.8
418.24	460.72
448.29	472.86
486.75	495.92
524.01	515.33
548.05	522.62
561.27	522.62
573.29	512.91
598.53	498.34
639.4	478.93
663.44	470.43
668.25	469.22
669.45	469.22
669.45	469.22
670.65	469.22
722.33	466.79
722.33	466.79
763.2	470.43
763.2	470.43
769.21	474.07
772.82	476.5
772.82	476.5
772.82	475.29
763.2	460.72
763.2	460.72
748.78	446.16
698.29	407.33
698.29	407.33
686.27	392.77
676.66	378.2
668.25	358.79
668.25	358.79
665.84	351.51
664.64	346.65
664.64	346.65
668.25	344.22
668.25	344.22
691.08	334.52
746.37	316.31
746.37	316.31
795.65	310.24
826.9	305.39
847.34	288.4
849.74	275.05
848.54	251.99
848.54	251.99
838.92	227.72
838.92	227.72
832.91	222.87
828.1	219.23
824.5	216.8
820.89	215.59
807.67	210.73
802.86	210.73
802.86	210.73
783.63	218.02
780.03	221.66
774.02	232.58
762	254.42
758.39	261.7
758.39	261.7
758.39	261.7
760.8	259.28
760.8	259.28
764.4	256.85
766.81	253.21
766.81	253.21
768.01	254.42
775.22	272.62
790.84	328.45
790.84	328.45
794.45	355.15
790.84	410.97
789.64	413.4
789.64	413.4
789.64	413.4
789.64	417.04
789.64	417.04
789.64	417.04
795.65	436.45
796.85	465.58
776.42	494.7
754.79	508.05
753.58	508.05
753.58	508.05
755.99	506.84
771.61	504.41
771.61	504.41
784.83	503.2
807.67	505.63
808.87	505.63
808.87	504.41
808.87	477.71
800.46	458.3
786.04	434.03
770.41	420.68
752.38	414.61
715.12	401.26
685.07	386.7
664.64	374.56
653.82	362.43
650.22	358.79
650.22	358.79
650.22	358.79
663.44	360
707.91	364.85
814.88	374.56
871.37	374.56
871.37	374.56
921.86	379.42
985.56	392.77
1025.22	403.69
1058.88	418.25
1058.88	418.25
1058.88	418.25
1049.26	395.19
1049.26	395.19
1002.39	343.01
1002.39	343.01
961.52	322.38
923.06	321.17
879.79	324.81
853.35	330.87
836.52	340.58
814.88	347.86
807.67	347.86
805.27	346.65
804.07	346.65
804.07	346.65
804.07	346.65
804.07	346.65
802.86	345.44
802.86	345.44
774.02	345.44
728.34	349.08
728.34	349.08
712.72	347.86
711.52	347.86
710.31	341.8
704.3	329.66
694.69	317.53
685.07	304.18
674.26	293.25
662.24	285.97
652.62	284.76
645.41	284.76
640.6	284.76
633.39	284.76
633.39	284.76
632.19	284.76
628.58	293.25
624.98	319.95
622.57	334.52
622.57	343.01
624.98	355.15
628.58	369.71
632.19	381.84
640.6	404.9
643	427.96
640.6	441.31
639.4	457.08
640.6	483.78
644.21	501.98
644.21	503.2
644.21	503.2
644.21	503.2
644.21	503.2
644.21	503.2
644.21	503.2
643	543.25
639.4	543.25
621.37	527.47
598.53	493.49
579.3	454.66
564.88	425.53
546.85	395.19
534.83	367.28
525.21	349.08
520.41	336.94
520.41	326.02
520.41	317.53
520.41	305.39
520.41	294.47
520.41	283.55
522.81	272.62
522.81	261.7
514.4	247.14
499.97	238.65
484.35	231.36
469.92	227.72
457.91	224.08
448.29	221.66
441.08	219.23
441.08	219.23
441.08	219.23
441.08	219.23
441.08	219.23
441.08	219.23
441.08	219.23
441.08	219.23
441.08	220.44
441.08	220.44
441.08	220.44
441.08	220.44
450.69	221.66
450.69	221.66
539.64	230.15
585.31	230.15
623.77	228.94
651.42	228.94
668.25	231.36
677.86	235
680.27	238.65
680.27	243.5
674.26	255.64
663.44	266.56
650.22	278.69
634.59	301.75
620.17	330.87
606.95	353.93
599.73	363.64
599.73	363.64
599.73	363.64
598.53	366.07
598.53	366.07
598.53	366.07
593.73	362.43
580.5	349.08
580.5	349.08
555.26	319.95
551.66	311.46
550.46	310.24
546.85	309.03
543.24	305.39
531.22	301.75
520.41	301.75
513.19	302.96
511.99	302.96
511.99	304.18
511.99	304.18
511.99	304.18
511.99	304.18
511.99	305.39
511.99	305.39
513.19	307.82
513.19	307.82
513.19	307.82
513.19	307.82
513.19	307.82
513.19	307.82
513.19	309.03
518	321.17
531.22	333.3
561.27	351.51
588.92	361.21
609.35	366.07
626.18	368.49
656.23	374.56
679.06	379.42
686.27	380.63
692.28	380.63
709.11	376.99
734.35	373.35
762	372.14
788.44	373.35
816.09	385.48
824.5	391.55
824.5	392.77
825.7	392.77
832.91	389.13
850.94	375.78
882.19	352.72
911.04	338.16
915.85	336.94
915.85	336.94
925.46	351.51
929.07	364.85
929.07	364.85
919.45	387.91
913.44	400.05
911.04	409.76
908.63	419.46
908.63	429.17
907.43	443.73
903.83	455.87
899.02	464.36
897.82	471.65
897.82	480.14
897.82	485
897.82	487.42
899.02	493.49
899.02	501.98
900.22	512.91
900.22	529.9
899.02	543.25
896.62	546.89
896.62	546.89
895.41	544.46
895.41	544.46
895.41	543.25
894.21	539.6
894.21	539.6
894.21	538.39
894.21	538.39
894.21	538.39
894.21	538.39
893.01	521.4
896.62	487.42
902.63	458.3
902.63	447.38
902.63	441.31
902.63	440.09
902.63	440.09
902.63	440.09
902.63	440.09
902.63	440.09
902.63	440.09
917.05	436.45
937.48	430.39
967.53	413.4
979.55	408.54
980.75	407.33
980.75	407.33
980.75	407.33
980.75	407.33
980.75	407.33
980.75	407.33
980.75	407.33
961.52	390.34
948.3	385.48
937.48	381.84
931.47	379.42
929.07	379.42
924.26	383.06
915.85	389.13
909.84	392.77
894.21	396.41
884.6	395.19
870.17	387.91
848.54	373.35
808.87	351.51
781.23	340.58
752.38	334.52
733.15	330.87
725.94	328.45
725.94	328.45
723.54	327.23
723.54	327.23
723.54	327.23
722.33	326.02
721.13	324.81
718.73	324.81
713.92	322.38
705.51	319.95
694.69	317.53
685.07	315.1
682.67	312.67
682.67	311.46
682.67	311.46
682.67	310.24
692.28	305.39
716.32	302.96
739.16	299.32
751.18	294.47
753.58	292.04
762	284.76
778.82	272.62
793.25	268.98
799.26	267.77
799.26	267.77
799.26	267.77
799.26	267.77
799.26	267.77
799.26	267.77
799.26	267.77
799.26	267.77
799.26	267.77
782.43	281.12
769.21	302.96
760.8	330.87
751.18	369.71
724.74	417.04
706.71	427.96
699.5	427.96
695.89	429.17
671.85	438.88
628.58	455.87
591.32	465.58
548.05	468.01
533.63	466.79
524.01	465.58
507.18	463.15
493.96	458.3
490.36	455.87
490.36	455.87
484.35	453.44
484.35	453.44
466.32	446.16
460.31	443.73
454.3	440.09
449.49	437.67
447.09	435.24
447.09	435.24
447.09	435.24
449.49	437.67
462.71	453.44
462.71	453.44
502.38	493.49
519.2	510.48
533.63	522.62
549.25	537.18
566.08	552.95
576.9	561.45
586.51	572.37
591.32	579.65
593.73	584.51
600.94	591.79
614.16	602.71
634.59	614.84
663.44	623.34
677.86	625.77
692.28	626.98
703.1	630.62
721.13	634.26
736.76	637.9
757.19	642.76
776.42	646.4
793.25	647.61
813.68	646.4
823.3	645.18
824.5	643.97
829.31	625.77
842.53	599.07
852.14	586.93
853.35	579.65
855.75	566.3
855.75	566.3
860.56	549.31
864.16	545.67
877.38	540.82
905.03	532.32
919.45	528.68
944.69	521.4
974.74	510.48
1001.18	500.77
1045.66	481.35
1050.46	477.71
1050.46	477.71
1050.46	477.71
1050.46	477.71
1050.46	477.71
1050.46	477.71
1050.46	477.71
1050.46	471.65
1050.46	471.65
1038.45	465.58
1003.59	459.51
975.94	454.66
938.68	440.09
885.8	419.46
850.94	402.47
836.52	390.34
824.5	380.63
818.49	375.78
807.67	369.71
798.06	364.85
784.83	361.21
764.4	360
736.76	362.43
700.7	367.28
662.24	380.63
617.76	395.19
574.49	401.26
548.05	406.11
533.63	409.76
520.41	413.4
513.19	413.4
505.98	414.61
492.76	417.04
484.35	419.46
475.93	423.1
463.91	431.6
453.1	437.67
444.68	452.23
442.28	461.94
443.48	474.07
453.1	488.64
456.7	492.28
457.91	494.7
457.91	497.13
449.49	501.98
417.04	508.05
349.73	532.32
277.61	557.81
215.11	577.22
195.88	583.29
187.47	585.72
183.86	585.72
183.86	585.72
171.84	596.64
139.39	631.83
111.74	648.82
111.74	648.82
111.74	648.82
111.74	650.04
112.95	653.68
112.95	653.68
141.79	660.96
158.62	657.32
158.62	657.32
194.68	645.18
233.14	642.76
269.2	643.97
282.42	643.97
284.82	643.97
284.82	643.97
284.82	643.97
286.03	636.69
287.23	619.7
287.23	619.7
283.62	588.15
275.21	567.52
265.59	537.18
261.99	523.83
261.99	523.83
258.38	512.91
257.18	504.41
257.18	499.56
257.18	497.13
261.99	494.7
278.82	489.85
306.46	482.57
328.1	477.71
331.7	476.5
334.1	475.29
335.31	474.07
336.51	472.86
336.51	472.86
336.51	472.86
330.5	463.15
330.5	463.15
307.66	441.31
307.66	441.31
300.45	438.88
299.25	436.45
298.05	436.45
298.05	436.45
298.05	436.45
298.05	436.45
298.05	436.45
298.05	436.45
301.65	438.88
301.65	438.88
344.92	468.01
344.92	468.01
384.59	500.77
395.4	514.12
397.81	516.55
402.62	520.19
415.84	526.26
431.46	526.26
462.71	520.19
501.18	515.33
526.42	514.12
542.04	517.76
551.66	518.97
556.46	518.97
572.09	514.12
611.75	497.13
640.6	492.28
655.02	491.06
664.64	491.06
674.26	491.06
676.66	488.64
681.47	476.5
687.48	459.51
695.89	435.24
699.5	418.25
701.9	414.61
701.9	414.61
701.9	414.61
701.9	414.61
705.51	415.82
705.51	415.82
705.51	414.61
709.11	406.11
709.11	393.98
705.51	379.42
693.49	363.64
688.68	360
688.68	360
687.48	360
687.48	360
686.27	361.21
686.27	361.21
686.27	361.21
686.27	361.21
686.27	361.21
686.27	361.21
686.27	361.21
686.27	361.21
686.27	361.21
686.27	362.43
688.68	366.07
689.88	369.71
689.88	369.71
689.88	369.71
689.88	369.71
689.88	370.92
689.88	370.92
683.87	375.78
682.67	375.78
681.47	375.78
681.47	374.56
681.47	374.56
681.47	374.56
683.87	373.35
685.07	372.14
685.07	372.14
685.07	372.14
685.07	372.14
685.07	372.14
685.07	372.14
683.87	369.71
683.87	369.71
677.86	364.85
677.86	362.43
676.66	361.21
675.46	360
675.46	360
675.46	360
675.46	360
675.46	360
675.46	360
675.46	360
675.46	360
675.46	360
675.46	360
675.46	360
675.46	360
670.65	350.29
670.65	350.29
655.02	326.02
641.8	311.46
633.39	300.54
629.78	290.83
627.38	282.33
627.38	276.27
630.99	273.84
645.41	270.2
692.28	264.13
724.74	258.06
737.96	254.42
737.96	254.42
740.36	251.99
751.18	243.5
752.38	242.29
753.58	242.29
759.59	245.93
776.42	265.34
786.04	294.47
783.63	326.02
763.2	356.36
731.95	381.84
705.51	393.98
685.07	396.41
670.65	395.19
657.43	391.55
641.8	389.13
630.99	389.13
621.37	389.13
608.15	391.55
594.93	402.47
582.91	414.61
568.48	432.81
552.86	448.59
551.66	449.8
551.66	453.44
551.66	458.3
557.67	466.79
562.47	470.43
575.7	478.93
582.91	486.21
585.31	488.64
585.31	488.64
585.31	488.64
585.31	488.64
585.31	488.64
585.31	488.64
597.33	492.28
597.33	492.28
630.99	488.64
675.46	468.01
712.72	452.23
725.94	446.16
727.14	446.16
727.14	446.16
727.14	441.31
727.14	430.39
727.14	415.82
729.54	402.47
742.77	384.27
755.99	378.2
768.01	379.42
777.62	384.27
788.44	392.77
795.65	407.33
796.85	421.89
790.84	427.96
777.62	438.88
751.18	448.59
745.17	449.8
743.97	449.8
743.97	451.02
731.95	454.66
683.87	475.29
644.21	492.28
637	495.92
637	495.92
635.79	495.92
623.77	497.13
609.35	495.92
591.32	497.13
591.32	497.13
564.88	514.12
540.84	527.47
487.95	546.89
442.28	555.38
424.25	551.74
411.03	542.03
395.4	537.18
364.15	532.32
328.1	522.62
312.47	516.55
312.47	516.55
312.47	516.55
311.27	510.48
311.27	510.48
304.06	488.64
293.24	476.5
276.41	461.94
261.99	448.59
258.38	436.45
258.38	431.6
266.8	429.17
298.05	429.17
336.51	420.68
370.16	404.9
405.02	386.7
445.89	374.56
495.17	376.99
526.42	390.34
539.64	404.9
548.05	440.09
543.24	459.51
427.86	515.33
320.88	522.62
298.05	517.76
287.23	508.05
269.2	491.06
251.17	476.5
234.34	461.94
231.94	455.87
230.74	452.23
228.33	444.95
224.73	431.6
215.11	420.68
204.29	410.97
185.06	403.69
150.21	402.47
112.95	406.11
112.95	406.11
110.54	406.11
121.36	407.33
147.8	412.18
188.67	420.68
248.77	432.81
335.31	453.44
397.81	468.01
433.87	474.07
448.29	482.57
456.7	491.06
460.31	498.34
466.32	510.48
469.92	544.46
454.3	568.73
382.18	579.65
295.64	593
227.13	606.35
211.51	608.78
211.51	608.78
211.51	608.78
212.71	611.2
212.71	611.2
224.73	624.55
224.73	624.55
222.32	611.2
222.32	591.79
246.36	569.94
295.64	538.39
352.13	495.92
368.96	475.29
372.57	466.79
372.57	465.58
373.77	465.58
380.98	472.86
396.61	486.21
415.84	501.98
432.66	517.76
443.48	528.68
451.9	543.25
454.3	555.38
450.69	560.24
405.02	578.44
314.87	588.15
254.78	589.36
234.34	577.22
229.54	563.88
224.73	545.67
221.12	534.75
217.52	521.4
216.31	511.69
216.31	509.27
216.31	509.27
216.31	509.27
221.12	512.91
222.32	514.12
222.32	514.12
227.13	516.55
229.54	518.97
229.54	521.4
229.54	521.4
233.14	523.83
235.55	523.83
235.55	523.83
236.75	523.83
237.95	523.83
237.95	526.26
239.15	526.26
239.15	526.26
239.15	526.26
239.15	526.26
239.15	526.26
239.15	526.26
239.15	526.26
239.15	526.26
239.15	526.26
239.15	526.26
239.15	526.26
239.15	526.26
239.15	525.04
239.15	525.04
239.15	525.04
239.15	525.04
239.15	525.04
239.15	525.04
239.15	525.04
239.15	525.04
239.15	525.04
241.55	525.04
241.55	525.04
241.55	525.04
241.55	525.04
241.55	525.04
241.55	525.04
241.55	525.04
241.55	525.04
241.55	525.04
241.55	525.04
241.55	525.04
241.55	525.04
241.55	525.04
241.55	525.04
241.55	525.04
241.55	525.04
241.55	525.04
241.55	525.04
241.55	525.04
241.55	525.04
241.55	525.04
241.55	525.04
241.55	525.04
243.96	527.47
247.56	531.11
251.17	537.18
255.98	540.82
265.59	550.53
276.41	561.45
284.82	574.8
287.23	580.87
287.23	580.87
287.23	580.87
275.21	582.08
257.18	579.65
251.17	576.01
251.17	576.01
251.17	576.01
228.33	572.37
152.61	566.3
98.52	566.3
62.47	582.08
43.23	595.43
38.43	599.07
39.63	600.28
60.06	612.42
100.93	635.47
151.41	664.6
191.07	679.16
225.93	685.23
261.99	693.73
292.04	704.65
294.44	704.65
293.24	698.58
286.03	671.88
270.4	647.61
248.77	628.19
200.69	602.71
171.84	584.51
149.01	566.3
128.57	545.67
114.15	526.26
109.34	521.4
93.72	518.97
56.46	526.26
0	0
0	0
0	0
0	0
0	0
0	0
0	0
0	0
0	0
0	0
0	0
0	0
0	0
0	0
0	0
0	0
0	0
0	0
0	0
0	0
0	0
0	0
0	0
0	0
0	0
0	0
0	0
0	0
0	0
0	0
0	0
11.98	543.25
82.9	543.25
156.22	532.32
227.13	525.04
288.43	529.9
314.87	534.75
328.1	538.39
343.72	543.25
377.37	565.09
377.37	565.09
394.2	578.44
402.62	595.43
407.42	606.35
408.63	619.7
399.01	635.47
384.59	646.4
365.36	648.82
326.89	647.61
258.38	652.46
213.91	658.53
180.26	662.17
162.23	663.39
149.01	663.39
121.36	659.75
120.16	659.75
120.16	659.75
132.18	665.81
153.81	673.09
201.89	673.09
263.19	667.03
289.63	668.24
292.04	671.88
271.6	676.74
207.9	698.58
207.9	698.58
207.9	698.58
207.9	698.58
207.9	698.58
207.9	698.58
342.52	684.02
342.52	684.02
449.49	635.47
463.91	600.28
479.54	537.18
490.36	468.01
480.74	446.16
471.13	435.24
467.52	429.17
467.52	429.17
472.33	429.17
509.59	426.75
568.48	425.53
609.35	424.32
646.61	419.46
680.27	404.9
712.72	378.2
747.57	345.44
766.81	309.03
775.22	287.19
776.42	283.55
776.42	283.55
776.42	283.55
776.42	283.55
776.42	283.55
769.21	298.11
748.78	304.18
748.78	304.18
706.71	302.96
689.88	302.96
665.84	309.03
652.62	313.89
646.61	322.38
629.78	343.01
590.12	381.84
566.08	400.05
549.25	407.33
540.84	410.97
531.22	413.4
502.38	420.68
474.73	424.32
466.32	424.32
466.32	424.32
466.32	424.32
459.11	425.53
419.44	425.53
390.6	420.68
390.6	420.68
376.17	414.61
370.16	410.97
367.76	409.76
367.76	409.76
367.76	409.76
367.76	409.76
367.76	408.54
367.76	408.54
372.57	403.69
382.18	392.77
389.39	389.13
395.4	386.7
400.21	384.27
400.21	384.27
400.21	384.27
400.21	384.27
403.82	381.84
409.83	374.56
409.83	374.56
409.83	374.56
409.83	374.56
409.83	374.56
409.83	374.56
409.83	374.56
415.84	372.14
415.84	372.14
429.06	367.28
429.06	367.28
429.06	367.28
429.06	367.28
429.06	367.28
429.06	367.28
429.06	367.28
429.06	367.28
429.06	367.28
429.06	367.28
429.06	367.28
429.06	367.28
429.06	367.28
429.06	367.28
429.06	367.28
429.06	367.28
429.06	367.28
429.06	367.28
429.06	367.28
429.06	367.28
429.06	367.28
429.06	367.28
429.06	367.28
432.66	364.85
432.66	364.85
449.49	360
449.49	360
450.69	360
450.69	360
450.69	360
454.3	358.79
454.3	358.79
460.31	357.57
460.31	357.57
462.71	356.36
462.71	356.36
462.71	356.36
462.71	356.36
462.71	356.36
462.71	356.36
463.91	356.36
479.54	352.72
479.54	352.72
489.16	352.72
489.16	352.72
489.16	352.72
489.16	352.72
489.16	352.72
489.16	352.72
490.36	350.29
491.56	349.08
491.56	349.08
507.18	370.92
507.18	370.92
524.01	406.11
527.62	419.46
528.82	423.1
528.82	423.1
532.43	427.96
534.83	434.03
538.44	441.31
542.04	447.38
542.04	447.38
544.45	452.23
548.05	455.87
551.66	458.3
555.26	458.3
566.08	458.3
593.73	449.8
602.14	447.38
609.35	447.38
620.17	443.73
644.21	436.45
668.25	427.96
688.68	421.89
700.7	418.25
703.1	417.04
703.1	417.04
703.1	417.04
705.51	417.04
713.92	417.04
713.92	417.04
723.54	415.82
730.75	414.61
731.95	414.61
731.95	414.61
731.95	414.61
725.94	415.82
725.94	415.82
677.86	424.32
662.24	434.03
652.62	440.09
646.61	449.8
634.59	465.58
627.38	481.35
621.37	495.92
618.97	508.05
612.96	522.62
609.35	528.68
608.15	532.32
604.54	535.96
600.94	538.39
564.88	537.18
515.6	531.11
465.12	518.97
427.86	503.2
397.81	485
362.95	458.3
341.32	441.31
326.89	429.17
314.87	414.61
301.65	401.26
289.63	390.34
282.42	379.42
278.82	372.14
277.61	370.92
274.01	367.28
271.6	366.07
271.6	364.85
270.4	363.64
269.2	362.43
265.59	360
261.99	350.29
261.99	346.65
261.99	346.65
264.39	346.65
304.06	349.08
307.66	349.08
307.66	349.08
308.86	349.08
341.32	350.29
354.54	355.15
355.74	355.15
361.75	356.36
374.97	360
406.22	362.43
406.22	362.43
486.75	356.36
522.81	345.44
551.66	343.01
564.88	346.65
564.88	346.65
588.92	379.42
597.33	404.9
603.34	419.46
608.15	432.81
608.15	432.81
611.75	443.73
612.96	446.16
622.57	458.3
632.19	461.94
645.41	468.01
665.84	477.71
665.84	477.71
688.68	487.42
704.3	492.28
715.12	495.92
728.34	498.34
745.17	498.34
760.8	499.56
775.22	500.77
790.84	500.77
805.27	497.13
824.5	492.28
835.32	488.64
838.92	487.42
838.92	487.42
838.92	486.21
837.72	485
837.72	485
800.46	482.57
765.6	486.21
733.15	495.92
701.9	510.48
671.85	523.83
662.24	529.9
652.62	535.96
635.79	549.31
617.76	560.24
604.54	565.09
604.54	565.09
604.54	565.09
604.54	565.09
597.33	562.66
591.32	555.38
587.72	550.53
587.72	548.1
586.51	548.1
586.51	548.1
586.51	548.1
586.51	546.89
586.51	546.89
586.51	546.89
586.51	546.89
586.51	546.89
586.51	546.89
586.51	546.89
586.51	546.89
586.51	546.89
586.51	546.89
586.51	546.89
594.93	539.6
598.53	534.75
598.53	534.75
598.53	534.75
598.53	534.75
598.53	534.75
598.53	534.75
598.53	534.75
598.53	533.54
591.32	527.47
591.32	527.47
582.91	520.19
572.09	510.48
562.47	506.84
555.26	501.98
552.86	499.56
548.05	492.28
545.65	488.64
544.45	486.21
543.24	485
543.24	485
543.24	485
543.24	485
543.24	485
543.24	485
543.24	485
543.24	485
543.24	485
543.24	485
543.24	485
543.24	485
543.24	487.42
543.24	489.85
543.24	489.85
531.22	512.91
522.81	526.26
518	537.18
514.4	545.67
513.19	548.1
514.4	552.95
524.01	557.81
534.83	560.24
543.24	561.45
552.86	560.24
564.88	552.95
584.11	544.46
592.52	542.03
593.73	542.03
593.73	542.03
593.73	542.03
593.73	542.03
593.73	542.03
593.73	542.03
593.73	542.03
593.73	542.03
593.73	542.03
593.73	542.03
593.73	542.03
593.73	542.03
593.73	542.03
593.73	542.03
593.73	542.03
593.73	542.03
593.73	542.03
593.73	542.03
593.73	542.03
593.73	542.03
593.73	542.03
593.73	542.03
593.73	542.03
593.73	542.03
593.73	542.03
593.73	542.03
593.73	542.03
593.73	542.03
593.73	542.03
593.73	542.03
593.73	542.03
593.73	542.03
593.73	542.03
593.73	542.03
593.73	542.03
593.73	542.03
593.73	542.03
593.73	542.03
593.73	542.03
593.73	542.03
593.73	542.03
593.73	542.03
593.73	542.03
593.73	542.03
593.73	542.03
593.73	542.03
593.73	542.03
593.73	542.03
593.73	542.03
593.73	542.03
593.73	542.03
593.73	542.03
593.73	542.03
593.73	542.03
593.73	542.03
593.73	542.03
569.69	550.53
521.61	566.3
501.18	573.58
501.18	573.58
478.34	576.01
454.3	576.01
421.85	571.16
409.83	563.88
399.01	552.95
388.19	534.75
380.98	517.76
377.37	512.91
377.37	512.91
376.17	512.91
367.76	514.12
367.76	514.12
306.46	549.31
295.64	563.88
292.04	577.22
287.23	599.07
282.42	611.2
280.02	619.7
277.61	622.13
275.21	623.34
260.79	624.55
235.55	629.41
206.7	633.05
182.66	635.47
175.45	635.47
171.84	633.05
169.44	625.77
169.44	614.84
174.25	601.5
183.86	588.15
199.49	576.01
234.34	559.02
274.01	552.95
313.67	551.74
325.69	551.74
335.31	550.53
337.71	550.53
337.71	550.53
337.71	550.53
337.71	550.53
337.71	550.53
337.71	550.53
337.71	550.53
337.71	550.53
337.71	550.53
337.71	550.53
337.71	550.53
337.71	550.53
337.71	550.53
337.71	550.53
337.71	550.53
337.71	550.53
337.71	550.53
337.71	550.53
337.71	550.53
337.71	550.53
337.71	550.53
337.71	550.53
337.71	550.53
337.71	550.53
337.71	550.53
337.71	550.53
337.71	550.53
337.71	550.53
337.71	550.53
337.71	550.53
337.71	550.53
337.71	550.53
337.71	550.53
337.71	550.53
337.71	550.53
337.71	550.53
337.71	550.53
337.71	550.53
