0	0
0	0
0	0
0	0
0	0
0	0
0	0
671.5	401.25
666.45	405.3
667	390.6
664.5	385.75
661.3	396
655.65	427.4
612.95	698.4
605.5	711.7
598.95	706.9
600.15	707.55
603.6	705
602.35	700.85
610.35	687.85
624.15	670.95
633.3	659.05
637	655.95
629.4	659.85
627.1	655.05
633.55	638.3
0	0
0	0
0	0
0	0
0	0
0	0
640.75	577.25
633.55	579.2
628.85	583.05
625.65	579.15
622.05	569.3
625.25	562.35
632	646.4
630.5	642.15
626.05	642.05
626.2	643.15
629.1	627.6
628.55	628.4
622.15	622.05
627	623.3
626.05	616.25
633.35	618.95
625.7	615.9
626.85	618.2
629	617.65
627.15	614.3
633.4	610.2
627.55	614.8
629.75	619.15
625.9	613.8
627.65	606.55
621.35	609.35
625.45	602.05
623.05	598.6
620.55	598.85
623.15	596.75
621.15	594.95
619.05	598.25
594.85	319.95
594.85	318.35
480.5	318.7
0	0
0	0
0	0
0	0
0	0
0	0
569.1	289.35
555.7	269.9
564.4	283.9
557.8	283.35
558.7	287.95
556.1	291.95
558	298.7
557	303.8
638.9	544.3
614	578.6
617.35	575.75
617.05	589.4
614.7	581.8
608.85	587.8
611.8	588.05
612.5	588.4
612	584.4
607.05	589.65
602.9	582.8
634.85	586.2
634.9	592.95
632.1	589
633.45	591.7
637.8	587.35
0	0
0	0
0	0
637	593.4
637.85	593.85
637.5	591.95
634.1	593.6
636.7	595.15
634.45	591.2
638.85	588.7
633.95	592.9
637	592.8
632.2	590.35
594.95	560.75
534.75	446.45
533.95	439.05
532.15	440.15
529.65	442.05
531.7	437
527.15	442.25
530.95	437.1
527.65	436.8
523.65	441.35
528.8	441.75
405.75	473.8
0	0
0	0
0	0
0	0
0	0
537.75	445.45
533.45	432.8
533.15	426.85
532.75	430.9
526.2	428.7
524.5	427.05
523.85	418.9
521.25	421.3
520.75	426.3
517.2	426.35
594.1	571.4
611.8	568.75
608.05	569.95
609.7	561.15
612.05	553.75
610.75	558.25
604.75	558.75
609.05	562.7
614.4	563.2
616.45	562.4
612.9	560.95
613.7	563.6
616.1	565.05
616.8	566.6
614.8	564.6
613.65	572.95
616.65	565.5
619.5	576.25
624.05	562.6
611.35	570.1
613.6	570.8
622.35	562.65
624.05	571.3
620.7	576.45
620.15	565.45
628.55	567.3
621.1	566.55
621.55	559.8
620.5	560.6
619.4	562.3
626.65	562.65
624.65	572.85
627.7	573.3
628.25	568.75
629.55	572.25
628.15	566.05
627.9	567.65
622.15	564.2
625.3	565.5
613.75	301.5
614.1	289
614.15	280.9
619.25	286.95
617.95	284.6
617.15	281.9
618.7	283.1
616.6	282.85
616	285.5
616.1	293.65
614.2	297.1
620.7	296.65
618.2	295.8
616.7	293.45
617.95	291.05
620.55	293.65
618.6	290.8
621.2	301.6
621.6	303.35
630.2	345.1
0	0
0	0
0	0
0	0
631.05	568.35
627.3	580.2
623.6	555.5
625.15	556.45
624.2	554.55
619.5	561.65
620.1	554.25
617.4	554
615.8	546
618.2	539.15
631.25	507.2
659.45	299.85
650.65	277.35
655.65	291.75
657.9	290.35
653.65	285.15
651.25	282.9
652.95	288.45
654.65	297.7
656.05	300.25
657.7	298.5
657.6	299.3
652.8	295.15
658.3	293.6
655.5	486.3
650.5	532
654.3	530.65
649.1	538.65
648.65	536.4
648.3	538.2
646.7	534.2
652.05	532.3
649.65	538.85
644.75	540.45
643	535.75
642.2	532.65
641.15	520.45
647.35	526.05
667.75	507.5
1025.75	148.35
1027.65	130.75
1029.35	126.05
1025.7	132.8
1025.3	130.95
1018.25	130.85
1028.6	132
1022.1	137.85
1025.15	144.3
922.7	235.85
655.7	506.35
655.5	504
656.55	500.2
655.15	503.85
656.7	497.75
653.05	504.95
649.7	510.4
650.75	509.65
649.6	512.3
648.75	513.3
645.1	509.5
644.05	508.9
640.3	504.85
640.35	506.2
641.65	504.7
642.2	503.9
640.95	502.3
639.95	499.05
639.9	506.9
640.75	503.25
638	504.35
631.7	583.7
643.2	561.85
645	559.1
639.4	563.9
638.45	558.45
633.55	555.35
636.55	553.05
639.95	556.45
643.4	557.2
640.25	554.25
636	553.3
639.05	549.7
641	545.75
644.25	553.05
641.45	556.25
649.4	549.2
779.6	401.35
945.1	312.5
860.25	344.95
0	0
0	0
0	0
0	0
948.85	321.8
943.45	318.65
943.4	319.05
945.15	317
935.35	305.7
934.8	305.5
933.9	311.2
935.05	321.3
934.85	326.6
933.9	326.2
932.4	328.15
926.25	331.9
924.25	334.8
926.25	352.35
629	465.85
618.9	472.5
622.8	472.65
618.35	473.1
618.65	478.7
617.35	479.65
622	483.35
611.65	481
614.8	480.65
615.15	479.8
611.55	481.55
614.75	475.15
613.45	477.65
640.8	510.5
638.5	507.05
639.6	498.95
639.75	492.1
635.4	503.4
638.95	500.8
639.45	503
638.85	495.6
636.3	498.9
636.75	510.7
642.45	508
637.6	507.85
643.55	508.9
641.7	512.7
646.95	504.6
640	509.6
640.45	501.35
640.1	296.9
630.35	221.35
624.35	196.35
625.6	191.55
625.05	201.8
623.55	197.25
631.3	199.9
644.1	333.7
664.55	475.8
673.15	491.4
670.85	488.85
673.25	497.2
673.8	497.25
668.85	493.4
665.55	501
670.7	506.85
669.4	504.6
676.2	502.4
675.45	503.1
674.65	496.45
675.15	505.45
668.8	513.05
543	506.1
0	0
0	0
0	0
0	0
0	0
0	0
0	0
0	0
609.25	489.85
618.4	483.05
610.8	479.85
616.95	472.35
619.8	472.9
619.5	475.95
621.25	466.6
620.3	475.6
618.85	475.65
622.6	477.1
481.5	434.85
0	0
0	0
0	0
0	0
0	0
0	0
0	0
0	0
0	0
0	0
621.85	396.9
626.8	402.15
617.75	399.85
616.3	391.75
620.9	406.6
621	399.4
616.75	385.5
620.6	382.05
625.2	398.3
618.8	396.2
619.05	405.1
623.5	379.9
599.15	232.05
506.05	205.25
584.35	218.95
564.3	180.55
571.6	207.05
0	0
0	0
0	0
0	0
0	0
0	0
0	0
0	0
0	0
0	0
0	0
0	0
0	0
0	0
0	0
0	0
0	0
0	0
0	0
0	0
0	0
0	0
0	0
0	0
0	0
0	0
0	0
0	0
0	0
0	0
0	0
0	0
0	0
0	0
0	0
0	0
0	0
0	0
0	0
0	0
0	0
0	0
0	0
0	0
0	0
0	0
0	0
0	0
0	0
0	0
0	0
0	0
0	0
0	0
0	0
0	0
0	0
517.45	364.5
509.45	342.75
524	356.1
625.4	433.25
623.45	438.7
624.4	443.15
622.8	447.9
623.55	447.4
629.6	442.25
628.2	444.55
628.6	439.15
630	440.6
637.45	444.7
635.6	443.15
641.85	445.6
643.75	448.6
643.6	453.6
0	0
0	0
0	0
0	0
0	0
0	0
0	0
630.25	436.05
627.95	428.9
629.05	429.85
627.1	427.35
625.2	419.2
627.7	416.95
627.8	421.7
626.85	413.35
654.75	438.15
649.5	439.05
648	426.85
655.8	455.9
0	0
0	0
0	0
0	0
0	0
0	0
0	0
691.95	465.75
689.95	454.7
699.45	460.7
695.3	459.2
692.5	454.1
650.05	466.75
636.3	456.35
636.35	461.4
630.95	460.95
629.55	458.8
631.05	461.9
629.8	460.45
628.85	465.75
632.2	457.25
635.05	480.2
0	0
0	0
0	0
0	0
0	0
0	0
0	0
668.45	468.3
662	477.25
668.4	480.1
665.2	483.8
662.75	475.4
660.4	481.25
660.5	476.35
665.85	469.7
659.15	467.45
659.65	464.3
662.45	463.35
661.85	460.25
653.75	461.6
659.2	467.55
657.65	473.95
654.65	462.85
656.7	462.95
658.05	469.85
659.45	466.05
654.95	464.35
652.95	460.1
654.35	469.05
651.35	461.85
652.15	458.65
646.4	458.85
651.15	462.1
651.35	465.55
657.4	459.5
653.95	458.65
656.65	459
660.8	455.85
656.85	458.85
585	364.25
430.25	247.9
414.55	224.2
414.45	235.55
414.45	236.95
417	235.75
414.05	240.7
419.75	238.95
419.6	234.6
419.65	239.1
413.7	240.85
295.9	206.2
0	0
0	0
0	0
0	0
0	0
0	0
435.15	303
442.6	304.4
447.85	307.15
452.7	305.5
460.2	318
605.45	458.5
581.3	470.05
579.1	482.6
574.05	493.95
582.6	497.6
579.1	502.25
580.5	487.1
583.95	485.05
585.35	480.8
594.45	480.45
599.25	486.05
605.85	491.15
606.95	502.65
0	0
0	0
0	0
0	0
0	0
0	0
0	0
514.5	470.85
518.85	458.1
525.45	449.35
532.55	444.2
540.75	433.7
658.65	493.45
683.5	491.1
680.8	478.25
684.85	474.45
679.7	455.9
675.35	444.3
673.45	438.7
677.2	431.2
682.25	424
677.65	407.5
678.85	402.3
0	0
0	0
0	0
0	0
0	0
635.95	500.35
635.35	491.5
637.7	484
637.5	471.9
629.9	456.55
631.4	442.8
626.35	430.15
633.65	423.65
633.05	418.5
631.65	410.4
639.5	395.95
638.8	395.85
639.05	390.45
641.3	385.65
648.45	390.5
0	0
0	0
0	0
0	0
0	0
0	0
794.1	513.4
788.05	500
787.75	490.15
792	477.35
790.2	468.15
790.2	468.65
792.15	461.55
791.6	454.35
795.1	453.5
795	448.4
786.25	450.2
608.95	271
592.7	244.7
594.05	259.5
591.15	260
588.3	260.25
583.55	258.3
581	256.25
581.9	260.15
577.6	263.55
577.3	262.9
575.55	262.5
572	264.35
553.25	156.4
548	159.3
541.35	159.1
540.1	156.55
536.1	162.1
526.25	171.05
525.6	170.7
517.85	165.4
511.15	170.55
630.3	302
657.5	292.1
646.6	290.25
644.8	297.7
637.8	302.25
632	311.45
507.35	383.9
0	0
0	0
0	0
0	0
0	0
588.45	488.2
582.85	491.5
583.7	496.75
580.3	486.65
580.75	486.4
577.8	486.65
571.75	477.9
573.2	477.05
570.55	476.3
573.3	481.15
571.9	464.2
572.2	461.95
569.5	467.65
573.05	456.75
572.9	455.25
570.15	447.1
574.8	440.55
604.4	424.2
591.65	418.4
593.8	410.6
591.2	397.85
595.8	402.35
592.5	386.15
603.6	382.6
608.35	375.85
610.3	373.95
616.9	370.8
618.2	355.85
648.85	191
654.05	168.65
654.2	155.95
663.15	152.85
658.1	133.9
661.15	121.85
672.7	120.4
675.6	103.75
671.4	91.15
680.3	95.15
679.55	93.3
690.75	157.35
704.1	237.2
704.2	241.1
708.15	253.05
702.75	245.55
707.5	241.6
708.8	237.05
706.25	229.45
703.85	226.95
707.6	223.45
710.75	230.9
710.45	225.9
707.4	222.7
706.35	224
705.95	223.85
707.45	222.9
703.45	217
570.05	193.75
569.75	203.45
567.8	192.8
565.45	192.2
566.05	197.6
562.75	199.55
559.75	197
558.1	195.35
563.2	195.75
563.65	204.35
565.2	208.85
566.75	205.85
568.45	201.2
562.95	195.6
562.45	203
565.3	209.35
566.4	210.2
565.7	207.75
564.3	209.35
561.4	213.7
564.2	216.4
566.2	221.1
571.65	254.8
573.4	253.55
571.55	256.05
575.25	257.35
568.4	257.6
572.3	256.15
573.65	260.5
578.05	266.3
574.4	269.1
569.9	261.6
570.95	261.85
575.7	273
574.4	273.65
570.5	267.6
572.8	266.15
574.3	276.05
688.05	270.95
660.7	266.7
656.1	262.7
652.7	261.3
659.05	267.25
657.45	264.2
659.25	264.05
657.8	261.1
663.25	266.35
660.55	265.8
661.75	266.65
658.9	264.75
655.9	259.55
652	264.45
589	323.85
585.9	324.8
585.4	323.75
587.15	319.75
589.4	323.4
590.05	325.7
602.7	313.45
607.2	305.2
608.15	309.05
607.8	308.95
612.45	308.15
614.25	306.9
510.05	413.85
537.7	464.5
536.95	460.9
545.5	461.55
548.55	462.05
547.4	462.9
547.8	462.7
550.9	462
555.45	464.85
617.5	446.5
608.8	438.6
609	439.2
617.8	435.45
617.85	429.05
622.85	429.25
625.45	432.55
624.8	429.15
626	433.05
0	0
0	0
0	0
0	0
0	0
0	0
659.3	447.2
657.95	451.5
655.25	458.65
661.45	464.45
660.5	461.95
664.2	457.7
661.35	453
659.85	445.65
661.5	449.2
660.9	443.6
660.5	447.05
657.4	442.7
648.1	378.5
637.95	368.05
633.25	369.1
631.2	366.6
626.25	366.2
624.9	366.35
620.15	365.35
614.7	369.5
611.3	371.65
610	372.85
609.6	372.8
602.6	374.2
599.65	369.55
596.45	372.45
598.1	376.05
592.85	378.8
584.95	400.45
574.6	527.95
561.65	541.45
561.05	536.8
555.5	540.25
552.6	547.55
548.85	555.25
546.9	558.75
546.95	555
537	551.15
571.15	491.05
572.05	496.8
568.95	495.9
569	491.4
568.8	490.5
571.9	493.55
577.25	488.1
568.95	488.3
566.45	488.35
566.4	488.75
570.1	489.05
574.4	493.3
575.3	495.25
573.1	494.05
571.55	490.25
577.4	488.7
574.95	487.2
579.7	487.4
579.05	486.8
580	484.4
580.45	482.15
583.65	483.6
588.75	482.5
588.05	481.45
602.8	420.45
599.3	420.65
602.05	417.6
600.1	421.05
600.15	425.7
606.55	423.1
603.75	421.1
607.2	425.25
610.45	427.35
605.6	430.7
0	0
0	0
0	0
0	0
0	0
0	0
0	0
0	0
619.55	466.35
626.9	474.65
624.6	475.15
629	475.2
625.35	479.5
613.55	516
612.5	519.5
610.95	525.15
608.05	520.8
602.3	526.35
612.35	524.15
601.25	520.35
600.9	521.7
601	520.9
600.05	523.05
0	0
0	0
0	0
0	0
0	0
0	0
0	0
543.65	409.95
546.75	411.55
542.65	413.3
537	416.25
538.15	415.8
536	411.5
536.95	415.1
533.05	414.1
527.25	411.25
529.3	405.55
528.35	402.15
522.8	402.8
522.5	399.75
524.75	392.55
523	390.05
549.3	424.7
562	497.75
558.35	512.55
556.9	509.8
555.4	510.25
553.9	508.4
553.6	504.25
555.8	498.9
558.85	496.25
562.25	496.95
561.2	494.35
562.65	495.8
565.25	491.65
568.15	495.3
562.4	488.5
565.3	486.75
560.3	487.6
562.25	488.15
565.6	490.25
566.3	499.75
568.05	503.9
0	0
0	0
0	0
0	0
0	0
0	0
0	0
0	0
628.8	381.05
628.8	383.15
633.95	378
640.05	379.15
640.6	380.9
690.1	405.7
702.3	407.8
704.5	405.65
717.15	406.55
718.65	406.75
717.7	406.15
722	403.35
728.5	402.4
731	401.55
736.4	411.05
744.15	412.4
746.05	415.85
751.9	415.7
756.4	411.3
760.7	406.05
763.5	408.1
767.25	410.6
776.3	409.75
782.15	410
0	0
0	0
0	0
0	0
0	0
0	0
0	0
0	0
0	0
822.3	371.5
822.95	369.85
819	366.7
816.6	368.25
813.4	365.25
806.5	367.55
771.85	318.8
760.6	328.8
760.65	327.8
758.8	318.05
754.65	320.25
745.5	129.35
729.4	99.75
729.65	92.55
724.95	91.45
722.3	97.15
720.4	100.05
720.75	103.9
713.1	111.15
711.8	116.15
709.9	127.1
710.1	139.25
703.95	146.95
718.85	194.85
764.05	319.9
0	0
0	0
0	0
0	0
0	0
731.3	519.5
726.15	524.25
725.5	521.9
721.25	524.15
719.25	527.9
715.6	530.55
715.4	533.7
712.3	533.2
716.15	536.3
717.45	535.7
716.65	539.7
716.95	531.2
730.95	558.8
734.05	558.8
730.05	571.85
734.1	583.05
735.25	583.5
733.45	581.6
734.4	577.3
730.45	582.25
730.75	570.55
729.8	562.85
731.7	561.55
729.25	563.7
729.05	558.4
725.05	552.3
726.5	547.6
726.6	552.9
727.65	549.4
799.9	603.3
808.6	609.6
807.55	602.1
806.2	602.75
804.85	586.75
800.7	575.9
800.9	568.75
799.8	568.9
800.55	556.35
796.95	556.65
813.55	575.1
815.5	565.65
815.4	565.9
813.35	563.45
815.1	557.7
808.05	564.6
809.7	565.8
806.05	565.1
805.9	562.45
801.55	558.6
802.2	558.35
798.35	557.35
798.25	560.5
910.85	610.8
975.95	634.05
985.15	633.65
977.9	624.35
976.8	627.85
974.5	623.3
968.7	618.85
963.5	605.55
959.6	603.85
954.35	597.25
944.35	595.8
941.4	590.15
942.65	582.2
935.7	579.85
930.5	574.2
930.75	574.05
927.7	567.35
924.9	565.65
925.65	560.35
923.7	558.9
922.4	558.2
920.9	552.25
918.6	549.05
917.25	545.55
919.35	541.6
914.2	527.05
929.9	490.35
922	457.9
920.85	452.9
920.9	446.35
915.5	433.8
915.7	431
913.3	429.6
911.75	421.5
907.95	419.9
907.35	416.8
907.65	422
909.3	430.5
913.7	427.4
911.45	428.35
909.9	427.6
914.6	423
909.7	417.75
859.2	414.05
540.75	448.2
527.6	461.4
534.6	456.65
530.7	445.45
533.2	445.95
450	482.7
447.35	476.85
444.15	477.65
443.4	475.15
447.2	478.25
449.35	476.05
453.45	473.15
452.7	465
471	442.8
478.2	445.25
478.75	445.95
479.8	452.35
480.85	452.35
481.5	451.5
484.7	449.9
483.35	452.15
480.1	458.55
485.35	459.65
483.85	456.1
489.5	450.05
492.75	452.85
496	446.3
499.55	452.2
504.8	450.8
0	0
0	0
0	0
0	0
0	0
0	0
0	0
609.55	436.35
604.1	436.55
607.5	434.85
602.8	433.4
600.25	434.1
598.8	437.05
597.45	431.35
592.5	427.35
596.85	424.75
596.55	421.2
597.85	419.6
595.6	415.8
599.65	411.2
597.85	412.85
601.65	409.45
635.65	409.95
645.5	404.95
645.25	404.15
654.65	403.25
648.6	402.25
656.8	395.75
653.9	384.9
718.35	383.75
736.35	399.95
742.3	392.75
744.95	391
0	0
0	0
0	0
0	0
0	0
0	0
722.95	399.7
724.1	394.2
724.5	385.95
727.35	383.35
725.4	391.3
729.4	393.6
735.25	395.15
796.3	431.65
785.4	421.9
785.95	418.45
796.15	440.05
794.4	438.95
797.65	435.3
801.2	435.15
801.8	443.7
801.5	441.55
798.9	434.35
799	441.05
804.05	448
806.45	450.75
810.4	453.3
815.15	460.5
0	0
0	0
0	0
0	0
0	0
0	0
854.2	489.65
856.5	485.75
857.6	486.2
854.15	481.4
853.15	481.55
846.6	482.2
841	474.75
829.3	459.3
829.8	471.1
822.8	474.65
813.8	471.05
813.85	471.65
811	473.5
800.3	478.7
792.4	470.1
788	468.1
779.85	462.8
773.15	457.9
725.35	466.5
734.25	460.05
729.8	463.1
724.2	470.25
718.9	466.3
709.25	466.7
699.8	467.6
699.6	467.2
693.65	462.55
685.65	461.05
675.45	458
665.95	456.75
663.45	453.6
653.95	455.95
652.35	455.65
645	456.65
638.55	457.2
635	456.1
628.4	453.4
621	454.4
614.2	453.45
614.65	452.55
603.5	449.85
598.2	449.3
594.15	454.35
589.75	456.75
584.05	451.25
581.25	452.25
571.2	443.55
0	0
0	0
0	0
0	0
0	0
0	0
0	0
560.5	418.45
555.15	416.25
550	413.35
549.9	408.55
543.95	399.4
540.75	395.75
543.25	398.25
564.4	594.2
566.25	609.6
561.5	599.1
558.35	585.85
553.9	584.6
549	576
549.6	572.8
549.05	568.05
544.8	566.35
543.3	570.4
538.4	572.1
538.1	567.4
537.95	559.55
538.2	557.1
559.25	521.25
546.2	509.75
547.1	504.25
550.15	507.7
548.55	508.35
551.2	506.85
553.5	505.95
549.25	502.45
543.35	489.4
381.5	365.3
379.55	353.3
384.05	353.95
381.35	350.9
378.95	342.7
379.65	347
381.35	345.5
380.15	347.6
386.25	348.05
384.4	349.25
384.65	348.3
384.45	353.6
386	351.65
389.5	351.35
392.45	354.9
391.35	352.7
398.25	357.25
399.1	355.1
403.2	356.85
408.6	355.85
413.85	349
424.2	343.95
472.6	315.65
469.95	308
474.7	304.3
478.05	298.2
482.9	292.25
487.5	289.45
568.25	268.9
549.9	264.45
551.15	265.5
551.65	260.35
551.95	260.1
555.85	264.7
553.9	263.55
855.3	211.85
852.9	201.15
834.7	198.95
831.95	196.65
833.1	198.6
829.5	200.7
825.2	205.6
816.55	207.15
805.7	209.05
794.35	208.55
785.9	203.65
765.3	201.7
749.5	212.75
735.6	217.95
800.5	103.8
814.2	112.15
808.55	107.95
807.95	110.2
804.6	115.45
799.85	121.3
800.5	118.9
796.1	119
795.95	116.25
791.3	118.7
787.2	115.65
785	113.65
786.2	107.4
775.65	104.45
775.8	100.4
773.4	104.65
770.45	100.45
767.65	104.65
763.65	97.95
762.8	99.7
760.6	102.4
659.35	292.6
671.45	283.75
671	285.3
670.6	291.7
670.6	289.95
667.9	290.55
667.3	285.1
666.35	282.45
664.6	279.25
732.65	86.05
736.4	83.8
734.8	84.55
732.35	87.85
736.95	88.5
732.6	88.8
730.8	88.1
733.3	82.15
733.4	82.1
731.8	84.8
731.35	90.05
752.65	99.8
746	95.2
739.9	99.1
739.5	101.9
747	128.85
0	0
0	0
0	0
0	0
710.15	145.7
712.45	137.45
711.6	128
709.65	122.55
711.3	119.05
707.35	116.7
706.2	118.45
701.1	115.55
699.6	116.1
698.2	121.05
699.85	111.9
699.05	110.9
697.05	111.55
695.85	115.1
695.75	114.7
693.85	125.7
703.15	137.7
0	0
0	0
0	0
0	0
0	0
0	0
696.8	217.15
693.65	213.9
692.05	213.4
691.9	212.85
691.5	216.45
690.55	215.8
693.05	219.7
688.5	219.9
686.4	218.5
679.8	255.8
674.9	280.15
673.65	282.9
667.2	290.05
668.4	289.4
669.15	287.6
664.8	288.2
664.7	288.6
569.1	290.2
0	0
0	0
0	0
0	0
0	0
0	0
0	0
685.75	265.25
683.4	266.4
682.7	265.6
681.1	267.1
680.4	259.85
678.9	253.35
676.8	246.5
672.7	248.7
669.15	246.25
669.85	245.05
654.15	192.2
0	0
0	0
0	0
0	0
0	0
675.9	212.95
680.95	203.95
676.1	205.95
677.05	200.35
677.65	190.6
674.95	188.65
672.15	182.5
651.05	201.5
661.6	194.4
661.2	195.55
662.15	195.15
665.65	195.1
665.85	187.15
666.1	185.55
664.45	191.15
660	188.05
656.45	177.25
658.5	179.5
662.9	190.55
660.45	192.95
662.15	191.8
660.15	190.7
666.5	196.2
0	0
0	0
0	0
0	0
0	0
0	0
682.25	174.6
681.9	178.4
680.3	173.9
681.1	173
681	174.25
679.45	176.45
676.55	181.1
675.05	174.35
671	172.1
657.05	277.1
661.25	275.4
653.9	278
658.3	279.85
658.5	288.1
658.85	292.7
656.2	303.85
653.9	310.35
655	312.7
650.7	324.1
656.55	332.75
653.3	342.1
652.85	342.4
655.3	346.5
661.25	359.35
667.95	361.95
678.4	366.9
676.7	374.35
674	381.2
679.6	380.35
678	377.7
681.5	372.25
702.95	299.15
708.55	311.15
709.25	315.7
709.8	318.6
709.75	321.85
705.4	317.7
671.35	324.45
662.7	312.45
664.2	311.65
663.1	311.25
663.15	314.35
662.35	312.8
658.2	308.3
656.3	307.6
653	312.65
655.1	318.75
646	306.9
649.3	314.1
646	318.6
646.75	317.55
646.3	319.2
642.35	317.4
622.1	344.45
619.75	342.05
618.1	342.45
618.65	343.5
615.6	343.15
613.9	345.8
614.5	339.9
614.15	342.6
610.3	345.85
608.25	348.65
615.4	356.9
614.1	356.05
610.95	355.85
0	0
0	0
0	0
0	0
0	0
0	0
0	0
622.95	366.05
623.95	383.25
618.65	384.7
613.9	382.45
608.95	383.8
612	385.5
612.85	387.25
628.9	405.35
630.9	408.7
628.3	416
629.9	415.85
628.35	406.2
625.95	404.3
630.85	409.85
630.1	415.3
633.15	421.75
634.7	426.75
631.55	429.5
632.05	429.9
633.05	428.55
631.6	429.75
628.2	433.15
628.05	437
625.8	439.75
627.65	439.45
631.35	435.85
719.25	461.1
752	468.85
758.05	470.25
757.05	469.6
748.95	470.9
768.6	487.75
765.9	485.5
763.7	480.1
757.2	488.25
754.4	489.1
749.15	482.9
743.4	488.05
740.7	484.3
737.2	484.45
733.85	482.7
732.85	500
729.9	500.4
731.65	497.2
725.9	493.1
717.35	489.15
716.45	437.2
711.4	438.15
708.45	436.9
703.6	435.3
701.05	430.8
692.05	427.6
690.35	423.5
684.3	418.45
683.2	419.05
679.3	415.7
676.75	415.35
629.25	414.6
415.8	397.45
406.65	397.6
412.3	399.45
408.8	397.65
403.4	393.85
403.6	391.6
364.35	387.1
354.5	385.3
359.15	379.1
359.05	378.35
364.9	376.9
367.7	369
366.5	367.7
373.85	366.65
377.95	364.45
381.1	364.65
386.1	364.5
392.2	363.35
399.2	367.2
406.45	364.65
404.85	360.1
412.65	354.7
417.7	356.2
426.4	364.45
433.35	363.75
434.5	356.35
440.05	358.75
445.05	352.2
449.6	351.05
454.7	357.95
463.35	354.4
470.3	358.3
473.9	359.45
482.55	361.8
491.7	363.7
496.5	367.8
507.05	367
514.75	364.7
523.1	363.15
531.05	358.8
534.65	355.55
533.6	351.05
539.95	347.3
546.35	355.45
554	355.6
556	350.2
557.35	345.1
561	344.85
564.7	350.7
563.35	355.25
580.7	361.7
613.7	363.45
615.35	364.55
614.15	364.35
617.25	366.3
615.55	362.3
610.2	358.6
611.95	351.25
610.5	361.35
613.7	362
612.8	355.25
611.95	351.45
610.65	371.15
0	0
0	0
0	0
0	0
0	0
0	0
0	0
0	0
683.45	449.35
676.5	447.45
680.2	440.65
676.4	443.15
676.8	440.15
678.95	438.1
676.2	439.75
672.7	444.1
0	0
0	0
0	0
0	0
0	0
0	0
739.8	379.75
735.65	386.9
741.6	397.5
735.4	398.85
733.8	391.2
733.05	384.95
731	385.9
733.6	376.25
734.1	380.3
737	371.8
739.3	373.85
744.25	377.4
743.55	374.9
747.95	373.35
745.35	375.6
751.25	376.15
753.4	373.3
752.35	370.35
754	375.35
753.05	376.6
750.85	369.65
755.1	371.1
754.8	373.4
751.9	368.45
752.7	365.3
752.8	365.2
750.9	361.95
750.7	361.7
751.1	363
747.55	361.8
803.05	359.8
797.65	364.5
798.35	358.85
798.25	354.5
801.6	348.75
798.25	345.45
798.45	343.25
799.05	338.95
797.95	337.05
795.8	331.75
794.65	325.4
787.85	321.15
784.2	320.6
782.95	315
780.85	322
777.1	314.25
777.65	315.75
762.85	319.45
747.1	321.45
744.65	322.8
739.05	319.95
739.05	330.1
736.05	334.55
727.2	334.05
725.35	338.7
722.65	335.5
714.85	329.3
711.9	326.3
706.85	326.3
706.95	324.65
705.05	323.95
701.85	320.1
702.4	320.25
697.75	315.75
694.2	317.85
695.85	311.5
689.5	310.15
692.9	309.7
630.05	294
614.75	293.25
615.65	295.85
616.6	296.75
612	292.25
614.7	291.2
612.2	289.85
611.45	285.9
613.45	284.35
612.45	285.35
722.4	323.75
703.4	321.5
701.3	319.1
700.65	315.3
700.1	308.2
704.1	306.2
751.05	300.15
729.3	295.2
730.6	296.6
730.85	293.85
732.1	294.9
732.2	292.55
731.05	293.75
734.1	296.1
734.25	296.6
738.2	296.35
738.35	295.05
737.6	294
743.05	297
741.15	304.25
743.8	304.55
744.2	300.2
744.35	300.65
740.6	305.8
735.4	302.9
738.25	304.7
737.6	300.4
735.05	303.35
734.4	308.05
733.2	312.35
735.2	312.9
735	316.65
736.95	320.8
735.8	319.45
734.45	317.45
736.6	324.65
732.65	325.4
732.75	337.55
752.35	394.95
744.3	387.3
750.45	392.6
751.35	411.75
758.7	423.8
760.35	421.55
755.6	426.8
760.55	434.35
761.4	437.6
762.35	439.35
758.6	440.45
759.2	440.6
758.15	444.5
758.15	448.25
761.25	450.6
758.15	457.7
758.55	460.2
673.25	397.9
670.6	415.35
677.85	420.3
0	0
0	0
0	0
0	0
0	0
0	0
695.15	465.7
695.7	454.65
696.95	449.55
702.8	448.35
700.25	445.05
770.55	449.25
788.1	441.9
792.55	437.4
0	0
797	425.55
799.2	421.6
802.35	417.85
805.6	409.9
815.3	403.55
851.7	391
853.05	390.45
855.75	395.1
855.7	395.85
857.85	401.85
847.4	403.15
848.25	401.85
809.05	452.65
797.85	452.95
0	0
797.25	460.6
793.4	464.35
783.15	464.45
782.35	465
779.2	463.35
771	464.85
767.25	467.9
762.65	483.95
765.25	487.3
819.75	397.05
820.9	403.9
815	408.95
0	0
0	0
0	0
0	0
0	0
0	0
0	0
764	507.8
769.8	519.1
773.35	517.6
774.95	513.5
781.3	503.4
786.25	492.3
791.1	485.35
794.55	479.85
799.65	481.45
799.3	482.85
803.35	484.25
805.05	483.2
804.9	481.45
806.1	486.3
816.75	512.1
823.65	515.55
825.65	521
825.9	526
826.65	527.05
649.55	335.15
643.05	303.65
639.3	291.9
638.65	300.6
540.9	220.95
524.4	218.9
520	218.1
523.85	219.65
525.85	219.65
531.15	224.95
536.75	234.9
541.45	244.75
547.95	254.15
553.5	258.65
564.45	260.5
595.55	211.7
589.1	208.4
593.5	214.7
602.15	218.85
607.6	219.25
617	225.3
627.45	220.1
636.55	221.6
647.5	231.5
664	235.15
674.85	236.35
683.4	238.55
690.1	242.15
703.2	243.95
706.1	249.15
631.5	332
652.35	354.55
661.1	365.95
662.1	365.45
660.05	361.4
660.55	356
661.45	352.7
663.5	347.4
662.5	341.4
666	335.95
663.2	329.45
660.7	328
653.35	318.7
651.15	314.8
649.4	311.3
649.35	307.25
647.35	308.2
649.35	305.35
643.05	302.6
644.25	300.2
639.25	294.85
641.25	293.1
636.75	293.1
637.4	292.5
634.9	286
634.45	283.25
632.95	280.65
629.8	284.3
627.35	288.35
625.4	292.1
515.9	242.85
0	0
0	0
0	0
0	0
0	0
0	0
653.6	333.75
660.95	345.4
654.9	343.6
651.2	341.1
652.15	343.15
653.55	348.85
564.95	219.4
546.95	153.85
540.95	161.05
543.1	165.75
541.95	166.55
545.05	173.95
496.8	111.4
493.55	109.35
493.6	113.35
495.2	114.7
492.95	109.65
492.55	110.3
494.2	110.5
496.65	129.3
501.55	141.9
508.7	154.1
508.2	151.85
510.95	157.65
516.35	161.8
516.65	165.4
517.7	164.95
518.65	165.25
516.2	160.1
519.55	162.6
524.05	169.15
530.85	172.9
534.4	184.8
546.2	204.25
0	0
0	0
0	0
0	0
0	0
0	0
0	0
548.5	257.7
552.2	253.95
554.05	249.3
556.1	238
556.65	243.6
567.4	246.55
574	242.9
583.7	243
589.55	244.05
0	0
0	0
0	0
0	0
0	0
0	0
0	0
737.45	264.1
737.3	257.65
736.4	255.6
735.6	255.1
729.95	250.55
731.75	240.65
735.2	248.15
737.95	258.3
0	0
0	0
0	0
0	0
0	0
0	0
715	286.3
712.75	280.45
710.1	277.05
706.3	267.35
701.4	261
699.6	258.7
698.35	255.35
906.15	250.4
1036.9	224.05
1039.35	218.35
1038.55	223.45
0	0
0	0
0	0
0	0
0	0
0	0
904.6	177.35
893	153.85
884.9	156
881.15	158.45
872.5	157.6
870.5	151.05
862.3	153.55
861.3	148.25
855.25	153
857.7	151.9
855.8	154.7
854.75	146.15
852.9	145.9
850.75	143.25
852	140.8
849.95	145.55
843.75	190.1
864.05	447.25
855.1	419.4
858.45	393.65
851.5	389.7
847.15	390.4
843.9	396.9
836.55	399.55
836.85	397.8
825.35	401.45
822.25	399.8
814.35	393.55
801.95	418.2
859.7	566.7
864.95	563.75
860	559.8
853.55	556.15
841.8	555.75
839.4	545.4
840.55	557.1
834.3	557.95
832.6	554.95
829.85	559.25
842.25	637.55
844.5	636.1
831.3	662.85
828.1	656.9
823	647.95
823	644.2
819.8	641.6
820.5	636.8
820.3	461.4
844.05	60.15
852.4	21.25
846.6	12.6
839.7	3.19999999999999
0	0
0	0
0	0
0	0
0	0
0	0
829.5	0.649999999999977
0	0
0	0
0	0
0	0
0	0
0	0
0	0
0	0
747.2	0.699999999999989
744.55	0.300000000000011
0	0
0	0
715.65	0.100000000000023
0	0
700.1	16.95
921.65	307.8
909.4	351.15
902.15	356.55
898.1	357.75
888	356.8
886	350.7
972.25	441
960.85	441.6
962.55	444
960.7	446.5
954.75	448.65
952.55	442.65
940.7	435.95
936	432.1
928.9	424
919.45	418.55
916.75	416.9
909.85	412.6
903.6	410.75
897.65	407.7
894.7	405.8
888.9	406.4
884.2	404.3
880.2	400.25
874.9	399.2
867.75	390.6
864.55	382.8
861.25	386.45
859.25	380.25
853.9	379.95
850.45	376.1
847.3	374.7
843.15	370.15
843.3	367.5
852.05	340.85
856.3	342.05
853.6	335.9
848.4	328.6
846.05	319.8
847.65	313.55
838.95	306.7
845.9	305.5
842.05	307.1
840.3	307.85
840.15	302.95
840.1	297.55
845.3	297.45
839.9	293.8
839.65	286.65
839.75	285.3
836.45	278.85
835.05	277.45
835.6	272.15
831.6	269.45
830.1	261
832.85	261.1
830.4	257.2
826.8	250.75
826.1	254.6
680.45	380.55
661.2	382.75
664.15	379.65
661.5	380.45
663.1	390.75
659.9	389.65
662	387.85
555.85	387.15
538.55	392
535.2	390.25
530.75	395.15
525.15	395
521.2	396.65
517.2	400.8
518.4	403.4
513.3	404.45
482	443.2
489.15	432.55
488.75	441.95
485.05	442.5
485.95	437.6
487.85	435.5
489.55	435.8
492.7	434.75
497.25	435.4
502.7	436.4
505.6	438.45
513.8	434.65
518.2	432.65
522.8	431.25
535.25	432.85
564.1	477.2
562.4	467.35
569.75	466.85
571.9	469.1
584.1	470.1
584.7	467.25
592.45	470.55
599.35	473.15
603.35	475.5
607.3	475.45
612.15	469.7
617.15	471.65
624.65	471.9
628.2	467.25
634.55	466.85
642.75	473.85
643.35	472.8
654.5	460.2
664.55	457.15
675.55	456.65
678.6	456.7
684.9	457.1
691.5	456.4
692.9	459.55
679.1	479.3
672.25	493.65
675.25	492.7
673.15	493.8
672.7	494.65
673.25	496.2
673.9	506.3
666.75	508.5
666.05	509.95
664.3	511.25
644.95	527.8
646.7	535.7
639.75	538.45
631.6	536.6
625.95	544
616.3	544.1
611.9	542.85
600.9	550.45
588.8	552.35
596.2	558.3
995.65	610.3
999.2	611.3
980.35	610.65
978.55	620.05
972.35	617.9
969.6	618.3
1011.2	632.6
1014.9	625.55
1011.95	631
1005.55	639.45
1003.35	634.6
1000.6	645.4
997.7	656.3
996	661.9
996	668.25
839.35	588.85
0	0
0	0
0	0
0	0
0	0
657.7	495.2
657.15	488.45
578.95	461.95
555.7	431.4
551.8	419.15
545.25	416.45
539.1	408.15
537.45	404.4
541	406.5
539.5	411.1
539.2	412.6
541.2	412.9
544.3	415.05
568.7	438.3
571.4	446.25
573.3	448.2
579.95	439.75
586.35	444.55
591.9	444.55
590.25	450.55
304.5	510.45
294.95	526.85
290.2	532.95
286.2	531.8
285.1	532.7
289.9	529.65
293.15	531.15
235.5	537.65
254.05	538.35
258.1	553.4
252.65	565.55
0	0
0	0
0	0
0	0
0	0
0	0
0	0
0	0
446.35	455.35
455.25	463.85
464.15	476.9
473.2	485.2
486.2	482.7
492.55	482.95
499.15	467
508.1	475.15
0	0
0	0
0	0
0	0
0	0
0	0
0	0
369.5	444.6
378.7	460.95
393	465.95
413	462.6
429.15	460.2
435.7	458.95
448.45	458.3
0	0
0	0
0	0
0	0
0	0
0	0
412.8	476.3
423.8	462.9
431	460.2
443.45	464.25
448.95	468.9
457.35	464.7
465.85	454.65
475.05	450.6
479.65	449.6
661.65	654.2
693.15	645
686	629.25
691.4	622.6
701.2	620.9
704.05	611.4
704	604.65
704.15	590.65
706.35	587.6
706.45	584.45
711.7	577.55
721.85	576.65
722.95	583.35
723.3	575.85
723.2	568.4
729.7	573.35
729.35	577.25
739	565.1
741.3	556.6
531.8	543.9
493.2	516.25
484.85	511.25
491.3	506.25
0	0
0	0
0	0
0	0
0	0
0	0
0	0
520.8	438.1
531.85	452.75
517.55	474.85
522.9	477.9
525.45	476.65
523.4	466.7
525.75	460.15
528.55	465.1
530.05	464.9
530.75	466.55
533.05	464.7
533	461.75
536.9	462
540.65	466
542.35	461.75
541.65	457.3
543.75	463.5
545	461.6
670.65	438
675.6	439.1
677.25	434.3
682.9	433.45
677.8	434.1
673.05	426.7
672.1	419.3
676.2	418.55
676.65	413.25
676.7	417.65
714.9	385.2
703.95	396.25
704.9	400.55
0	0
0	0
0	0
0	0
0	0
0	0
0	0
0	0
706.6	397.1
707.45	397.45
706.7	405.45
703.1	404.45
701.5	402.15
699.9	395.5
697.05	390.85
699.55	379.95
700.25	376.15
698.25	371.45
696.75	373.25
706.1	377.7
0	0
0	0
0	0
0	0
0	0
716	367.5
712.65	352.75
710.05	332.65
709.7	329.6
710.5	320.6
705.45	307.7
697.2	300.45
693.55	293.4
689.3	283.5
687.4	270.15
686.6	264.05
685.95	249.5
696	237.15
701.4	221.8
715.55	217.15
0	0
0	0
0	0
0	0
0	0
894.3	230.7
884.8	217.9
880.1	209.6
879.95	212.35
871.3	217.85
864.1	218.55
855.45	210.5
850.55	219.55
944.6	255.3
946.4	257.6
935.95	257.7
930.15	255.8
919.85	253.3
910.7	248.8
897.3	245.15
882.45	245.15
874.05	236.6
864.5	232.45
852.7	231.9
845.85	236.4
838.05	232.8
827.35	234
826.75	226.65
820.65	230.8
816.55	230.9
816	230.85
814.9	232.15
813.6	227.25
810.95	228.3
812.25	223.3
816.75	286.2
816.75	277.85
819	277.9
814.55	275.8
814.7	273.35
819.85	272.25
817.1	269.85
817	267.05
820.55	269.45
825.15	271.65
782.35	407.4
793.6	398.9
803.3	397.7
806.1	396
811.6	390.6
819.65	390.55
821.8	388.9
824.5	389.45
833.65	389.2
829.85	398.65
832.8	400.85
831.7	398.15
829.75	399.9
825.75	393.7
820.45	390.55
801.45	441.8
788	428.2
787.2	432.75
780.65	439.9
773.3	436.9
770.55	433.1
761.75	421.65
733.05	307.65
721.6	308.3
707.2	310.75
698.4	310.5
692.25	304.15
683.05	304.8
675.75	299.65
665.5	294.4
650.95	298.6
599.25	301
580	301.5
568.1	298.55
553	296.3
537.95	294.1
529.2	291.3
513.9	289.15
502.9	289
489.55	287.2
478.45	279.3
468.25	281.85
463.7	282.8
449.65	278.7
397.75	328.2
381.05	326.9
374.75	320.6
364.1	317.45
365.7	315.55
359.65	315.15
351	308.35
344.55	301.15
339.95	296.2
329.6	287.15
328	279.8
331.7	282
326.65	275.55
331.25	274.15
329.1	280.65
332	282.6
329.95	283.7
333.2	282.6
330.95	279.1
331.45	275.3
334.55	271.1
334.6	266.65
339.35	266.85
338.95	263.8
338.75	262.25
344.35	266.85
345.85	263.7
343.25	263.4
345.8	265.85
334.6	339.35
333.05	345.2
334.4	344.8
336.45	343.2
343.6	342.7
339.2	338.95
349.6	339.4
350.6	339.45
355.35	345.15
356.35	348.5
364.75	346.1
370	345.8
373.85	350.05
376.15	347.15
375.35	206.5
380.85	198.2
385.4	189.95
389.1	192.55
400.55	200.6
404.5	202.4
402.35	203.5
414.5	201.5
416.35	203.15
420	205.15
487	439.05
481.55	426.9
488.8	439.55
495.2	448.1
498.6	452.3
506.15	453.65
511.6	454.5
522.55	461.8
529.45	461.65
536.9	468.75
547.3	476.45
555.85	479.7
566	486.1
569.25	497.15
573.3	499.8
578.6	511.55
579.6	520.55
580.85	525.6
588.2	534.8
586.45	542.8
589.35	555.3
595.05	557.65
597.55	558.35
537.45	319.75
532.95	313.4
535.55	311
534.15	308.4
538.15	312.4
545.25	314.45
545.25	315.9
549.25	317.65
553.4	323.35
556.7	328.9
559.55	336.3
568.05	342.85
571	344.1
577.9	354.9
580.45	360.8
584.55	363.45
588.2	369.15
592.35	367.85
591.1	377.35
601.15	380
560.55	443.05
552.9	439
551.95	437.15
548.35	440.5
545.85	438.9
510.75	462.7
499.4	468.35
499.3	466.55
497.05	467.65
498.8	470.15
499.4	478.2
502.15	479.85
506.4	480.5
506.55	478.3
507	478.1
517.1	523.8
517.15	546.45
515.25	546.4
517.25	551.25
517.5	556.75
517.55	559.4
518.85	571.9
523.25	585.45
0	0
0	0
0	0
0	0
0	0
0	0
0	0
0	0
503.2	465.3
498.6	456.6
499.6	453.25
499.4	449.8
0	0
0	0
0	0
0	0
0	0
0	0
0	0
476.95	490.95
474.6	488.2
471.7	475.75
469.75	480.75
467.65	486.4
469.05	481.35
465.6	478.25
463.35	478.35
466.6	490.9
463.85	479.35
468.25	491.3
471.8	488.3
467.15	488.4
466.75	488.95
468.85	505.4
0	0
0	0
0	0
0	0
0	0
0	0
0	0
510.65	523.8
512.05	518.6
515.45	529.35
517.4	534.35
517.7	524.5
522.5	520.65
527.3	522.65
533.2	527
541.2	526.05
540.15	527.95
543.15	523.5
540.6	511
544.35	513.85
503.25	553.8
508.1	541.45
515.4	549.95
514.75	551.05
516.45	548.7
512.65	540.5
512.7	534.35
474.9	503.75
468.7	518.3
466.7	511.15
460.85	511.4
460.5	502.85
454.45	492.4
456.4	503.95
459.05	495.75
451.4	486
450.15	482.45
449.8	494.95
454.25	491
440.65	507.6
442.95	497.75
441.05	497.15
434.75	493.55
434.9	475.2
438.45	481.25
438.65	480.8
435.85	473.25
436.6	469.4
435.1	470.3
434.95	465.45
435.85	468.45
437	468.15
434.4	464.65
439.1	462.5
440.65	459.25
446.3	455.85
448.45	452.3
453.7	451.05
532.85	473.5
560	486.5
562.9	482.2
566.3	483.6
559.65	471.95
570.05	487.6
559.7	482.7
565.65	488.55
571.6	499.4
569.8	496.35
573.1	491.85
572.35	494.85
572.85	502.35
567.9	497.6
574.45	515.7
575.15	508.15
616.4	469.8
625.25	475.6
626.85	489.15
629.8	478.95
639.1	485.45
635.9	474.6
641.05	481.45
645.8	474.7
651.25	475.3
652.9	475.05
660.25	475.15
665.35	481.4
664.15	491.95
0	0
0	0
0	0
0	0
0	0
0	0
0	0
0	0
0	0
0	0
0	0
0	0
0	0
0	0
0	0
0	0
0	0
0	0
0	0
0	0
0	0
621.65	574.95
623.35	566.9
626.8	559.2
626.4	550.75
632.3	556.65
624.25	561.5
684	643.1
687.6	654.5
686.1	648.8
686.25	667.8
679.85	656.05
678.65	658.7
681.15	666.45
677.75	654.5
676.95	656.25
673.15	657.95
527.85	476.3
459.75	471.2
468.6	463.7
470.45	460.6
481.35	461.35
482.6	455.2
482	455.05
487.05	443.45
425.55	447.75
447.15	442.65
447.75	440.85
448.65	434.3
459.85	437.9
462.95	427.45
467.95	433.9
470.1	422.6
467.75	424.9
465.1	421.5
463	423.6
464.25	429.9
0	0
0	0
0	0
0	0
0	0
0	0
0	0
0	0
545.6	404.25
547.9	401.9
555.05	402.9
552.05	393.55
558.2	397.3
558.8	395.3
560.65	393.6
565.2	386.1
563.95	390.75
564.1	393.75
568.9	399.15
0	0
0	0
0	0
0	0
0	0
0	0
0	0
511.4	393.25
512.9	403.9
515.25	403.15
514.85	402.1
512.55	395.55
515.85	396.95
518.85	392.5
519.8	383.9
522.9	389.25
524.3	392.85
525.2	373.45
530.3	387.45
527.05	377.2
533.65	389.7
526.35	379.85
527	373.6
525.25	377.55
524.9	379.1
532.7	386.45
528.7	381.45
527.7	386.15
530.9	382.05
529.8	382.35
451.9	391.25
448.05	392.2
450.65	400.65
446.35	398.45
443.2	400.4
446.25	398.45
444.55	401.4
0	0
0	0
0	0
0	0
0	0
0	0
489.75	431.15
484	412.8
482.15	417
480.75	421.15
483.45	419.5
481.1	421.75
483.65	413.85
479.9	410.65
477.75	414.85
483.85	421.15
480.85	421.6
489.5	427
491.8	422.5
492.35	423.35
493.05	430.55
500	440.55
501.9	436.45
497.7	433.75
501.1	433.45
498.9	432.2
501.2	429.25
502	430.45
510.85	435.3
511.6	435.25
515.6	436.45
513.9	435.55
523.3	412.35
526.8	419.5
528.5	419.4
531.6	416.25
532.3	414
535.65	417.7
541.15	416.45
540.7	413.7
546.15	414.2
557.2	418.65
556.3	410.45
558.1	409.25
564.8	411.45
564.1	404.3
571.7	414.85
575.4	407.2
577.1	410.3
582.5	407.65
581.65	411.95
590	409.4
634.85	420.8
627.65	425.9
631.4	424.7
633.5	413.85
637.2	416
639.7	415.9
639.3	420.85
644.9	422.7
646.6	434.95
655.35	439.35
656.25	440.45
656.9	434.45
655.95	433.7
658.3	437.5
659.25	440.45
659.2	441.95
660.25	445.05
661.1	444.95
662.45	449.7
663.2	454.1
665	452.8
666.45	454.2
666.9	457
682.4	488.05
678.2	487.9
677.5	494.9
683.1	499.25
684.45	500.45
684.7	496.85
690.9	498.45
690.9	497.7
689.75	498.1
694.95	497.9
694.15	497
697.8	497.1
698.4	498.25
699.4	500.1
701.5	497.8
702.05	498.5
722.2	493.85
729.3	493.65
729	497.6
729.85	500.8
731.75	498
736.2	503.85
743.95	503.35
746.5	501.5
744.15	503.25
749.5	499.05
749.3	505
752.95	507.3
757.7	507.75
763.25	511.5
747.5	514
467.5	413.6
454.35	409.7
458.95	418.35
462.65	417.2
466.7	415.1
468.65	416.4
460.5	416.55
453.3	419.3
454.85	419.6
458.9	416.7
465.05	421.15
466.45	421.5
467.7	416.3
468.9	415.4
474.45	412.5
477.95	418.45
474.85	415.25
483.1	422.35
482.15	419.4
485.7	417.9
492.6	420.5
491.05	413.9
495.25	410.05
497.15	406.1
502.75	402.95
507.2	404.35
506.15	401.65
510.55	398.05
520.2	401.5
525.3	397.65
536.95	396.05
541.85	397.2
548.9	393.85
554.75	393.6
589.2	446.8
586.3	449.3
590.55	456.75
593.35	446.9
602.05	452.75
605.15	467.4
606	467.1
606.8	468.1
608.55	462.05
613.55	481.85
616.9	483.55
617.35	484.15
623.05	505.65
0	0
0	0
0	0
0	0
0	0
0	0
646.75	602.85
648.95	608.9
653	618.75
650.6	625.8
653.05	627.9
658.7	634.85
0	0
0	0
0	0
0	0
0	0
0	0
0	0
0	0
734.15	569.95
732.55	573.1
735.15	565.75
732.9	569.85
735.1	572.2
622	464.25
577.65	451.5
571.45	454.25
576.05	455.3
581.9	459.3
588.85	462.2
591.25	466.85
593.7	461.55
594.55	459.35
601.85	462.15
390.9	500.9
317.7	519
316.6	512.3
322.2	524
324.45	518.3
329.05	518.7
335.45	521.75
339.3	516.55
346	517.3
350.9	516.45
356.65	516.5
362.35	513
397.85	544.3
418.85	538.05
428.4	541.25
431	540.6
437.9	549.7
446	550.9
0	0
0	0
0	0
0	0
0	0
0	0
0	0
514.45	512.7
524.65	524.45
537.85	528.95
540.3	521.9
543.85	522.55
549.55	524.55
552.55	524.55
574.9	455.5
596.15	445.85
597.3	444.85
594.6	445.85
596.85	455.8
599.9	451.15
600.1	454.25
318.05	408.6
317.3	402.95
318.25	408.1
322.15	413.35
318.45	416.6
315.35	408.65
312.9	409.5
292.95	430.3
293.95	432.8
293.8	436.05
295.5	438.25
292.35	435.25
291.05	442.95
297.8	449
298.85	448.05
297.45	453.1
296.8	451.85
296.35	452.1
301.4	449.75
299.05	453.55
300.95	453.05
304.65	452
302.4	449.9
306.1	448
276.55	498.4
290.55	488.4
291.3	491.85
296.9	488.55
294.8	485.5
292.4	484.85
290.7	482.75
295.35	485.45
292.05	483.9
288.8	486.5
289.1	484.75
287.55	483.65
284.6	477.75
286.9	484.1
289.15	484.85
284.9	493.75
284.8	498.3
283.15	496.35
278.7	482.05
278.25	488.85
281.55	489.15
281.25	495.15
281.1	499.6
277.85	504.05
278.3	501.65
278.95	507.85
284.1	509.65
283.5	512.3
302.65	403.4
308.05	400.45
308.05	403.3
309.05	400.55
308.3	399.55
310.35	404.65
314.6	404.9
315.3	405.3
319.65	408.05
324.9	409.8
327.05	407.6
326.3	400.4
330.75	397.95
334.85	396.9
338.4	397.5
344.5	398.65
181.6	294.6
125.4	212.85
127.8	217.2
131.75	222.85
142	225.3
150.75	226.15
112.5	276.65
106.75	280.4
110.65	284.25
115	282.15
122.45	282.9
129.05	279.4
133.9	282.5
136.8	284.2
143.4	290.6
149.85	291.85
156.95	288.45
164.35	284.4
171.4	279.2
179.25	282.25
183.6	283.25
189.95	282.2
193.8	281.6
197.35	281.75
200.65	279.65
578.6	264.35
627.25	272.5
632.4	268.95
638.75	274.25
648.15	283
647.8	289.85
770	392.4
751.45	450.35
758.25	468.65
760.3	469.4
760.5	470.65
759.95	477.7
893.25	257.95
921.2	115
911.45	105
908.7	103.45
904.9	108
903.3	110.15
904.85	115.45
897.1	116.5
887.8	116.05
881.15	117.55
881.05	124.95
874.1	124.35
866.9	119.7
862.55	125.45
861.5	128.4
862.95	131.5
