602.5	201.38
581.59	175.59
581.59	175.59
581.59	175.59
581.59	175.59
581.59	175.59
529.95	132.38
529.95	132.38
518.27	121.42
518.27	121.42
510.89	124.65
501.05	157.53
499.82	191.71
506.59	224.59
506.59	224.59
515.81	261.99
523.19	291.65
528.72	300.68
531.18	307.13
531.79	308.42
531.79	308.42
531.18	309.06
525.65	313.57
525.65	313.57
485.68	327.12
447.57	332.92
402.68	340.66
369.49	346.46
348.58	349.68
347.97	349.04
346.74	349.04
346.74	348.39
348.58	349.04
348.58	349.04
353.5	350.97
372.56	356.78
400.23	357.42
466.62	352.26
502.28	348.39
537.94	342.59
553.31	336.14
557.62	330.34
560.08	320.02
545.93	293.59
510.89	262.63
418.67	221.37
341.2	202.02
304.32	190.42
294.48	186.55
288.33	185.26
284.64	185.26
262.51	186.55
249.6	188.48
237.92	189.77
211.48	194.93
188.12	202.02
180.74	202.02
180.74	202.02
181.35	202.02
181.35	202.02
181.97	202.02
181.97	202.02
181.97	202.02
181.97	202.02
181.97	202.02
181.97	202.02
185.04	202.67
195.49	202.02
196.72	201.38
200.41	200.09
226.24	194.93
268.66	210.41
295.71	243.29
302.47	286.49
302.47	286.49
302.47	286.49
302.47	286.49
302.47	286.49
302.47	286.49
302.47	286.49
302.47	286.49
302.47	286.49
302.47	286.49
302.47	286.49
308	279.4
310.46	278.11
311.08	277.47
311.08	277.47
311.08	278.75
311.08	279.4
311.08	279.4
311.08	280.04
331.37	278.11
395.31	275.53
504.74	271.66
606.8	281.98
696.56	298.74
710.09	303.9
710.09	303.26
710.7	303.26
711.32	302.61
711.32	301.97
711.32	301.97
711.32	301.97
711.32	301.97
711.32	301.97
710.09	301.32
705.78	300.68
687.95	293.59
657.83	286.49
625.24	281.33
602.5	279.4
579.75	287.14
557	300.03
533.02	311
510.28	320.67
478.92	334.21
450.64	344.52
422.36	354.2
399.61	360.64
365.8	368.38
330.14	370.96
323.37	371.61
323.37	371.61
323.99	370.96
344.28	363.22
437.11	358.07
547.78	379.99
683.04	405.78
738.98	422.55
745.75	425.77
745.75	425.77
745.13	425.77
743.9	424.48
740.21	419.97
734.07	409
730.99	402.56
732.84	389.66
748.82	372.25
748.82	372.25
771.57	358.07
799.85	339.37
809.69	330.98
815.22	325.83
825.06	318.73
834.28	313.57
839.2	309.71
842.27	307.13
842.27	307.13
839.81	306.48
839.81	306.48
794.32	311
730.38	317.44
662.75	322.6
604.96	326.47
566.22	328.4
540.4	331.63
507.82	340.66
486.91	348.39
458.02	358.07
438.34	366.45
426.66	372.9
404.53	382.57
395.31	386.44
381.78	389.02
365.18	389.02
357.8	388.37
352.89	388.37
343.05	391.6
332.6	397.4
327.06	411.58
327.68	434.15
336.9	458.01
352.27	481.87
378.09	505.73
409.45	528.29
464.17	552.15
541.63	566.34
619.1	567.63
690.41	557.31
733.45	539.25
759.27	514.11
772.18	487.03
780.18	440.6
778.95	412.87
773.41	383.86
759.27	359.36
730.38	321.31
696.56	290.36
664.59	261.35
612.95	240.71
612.95	240.71
578.52	231.68
545.32	231.04
521.34	238.78
497.36	260.7
485.07	289.07
481.99	320.02
495.52	352.26
526.26	381.28
582.21	407.72
637.54	415.45
691.64	409
748.21	378.05
767.88	320.02
759.27	271.66
724.84	226.53
667.05	191.71
594.5	173.65
545.32	189.13
501.05	249.74
486.3	315.51
509.05	358.07
563.15	404.49
630.78	423.84
699.64	427.7
778.33	390.31
809.07	336.14
809.07	275.53
788.78	230.39
754.97	190.42
728.53	165.27
697.79	149.15
697.79	149.15
686.11	141.41
680.58	135.61
678.12	133.03
672.58	128.52
667.67	124.65
666.44	124
666.44	123.36
663.98	119.49
660.29	114.98
660.29	114.98
660.29	114.98
660.29	114.98
660.29	114.98
660.29	114.33
657.83	114.33
647.99	113.69
619.1	111.75
619.1	111.75
553.93	95.63
552.08	95.63
552.08	95.63
552.08	95.63
552.08	95.63
551.47	94.99
551.47	94.99
551.47	94.99
551.47	94.99
551.47	94.99
551.47	94.99
551.47	94.99
552.08	94.99
552.08	94.99
553.31	94.99
555.16	95.63
560.69	97.57
565.61	99.5
571.14	102.72
584.67	108.53
610.49	118.84
629.55	126.58
641.84	133.67
646.76	136.9
648.61	138.83
655.37	143.99
661.52	149.79
661.52	149.79
671.36	162.69
676.27	170.43
678.12	174.3
678.12	174.3
678.73	181.39
678.12	193.64
673.81	204.6
671.36	210.41
671.36	210.41
667.05	218.14
663.98	222.66
660.9	227.17
660.9	227.17
660.9	227.17
660.9	227.17
660.9	227.17
657.21	232.33
657.21	232.33
657.21	232.33
657.21	232.33
657.21	232.33
657.21	232.33
657.21	232.33
657.21	232.33
657.21	232.33
657.21	232.33
657.21	232.33
657.21	232.33
657.21	232.33
657.21	232.33
657.21	232.33
657.21	232.33
657.21	232.33
657.21	232.33
657.21	232.33
656.6	232.97
647.99	243.29
647.99	243.29
642.46	251.67
635.7	265.21
628.32	280.04
622.79	298.1
622.79	298.1
617.25	322.6
612.95	334.21
612.33	336.14
612.33	336.14
612.33	336.14
612.33	336.14
612.33	336.14
612.33	336.14
611.72	335.5
611.1	329.69
611.1	313.57
611.1	293.59
611.1	276.82
612.33	265.21
612.33	252.96
614.79	243.94
619.71	236.84
624.63	232.33
629.55	231.04
633.24	235.55
633.24	241.36
627.7	246.51
623.4	246.51
618.48	241.36
605.57	202.67
595.73	162.05
590.82	131.1
593.27	120.13
598.19	113.69
601.27	109.17
603.73	107.88
603.73	107.88
603.73	107.88
603.73	107.88
603.73	107.88
603.73	107.88
604.34	108.53
604.34	108.53
604.34	108.53
604.34	108.53
604.34	108.53
604.34	108.53
604.34	108.53
604.34	108.53
604.34	108.53
604.34	108.53
604.34	108.53
604.34	108.53
604.34	108.53
604.34	108.53
604.34	108.53
604.34	108.53
604.34	108.53
604.34	108.53
604.34	108.53
604.34	108.53
604.34	108.53
604.34	109.17
603.73	113.04
602.5	118.84
601.88	124
601.27	128.52
600.65	133.67
600.65	138.83
600.04	143.99
600.04	148.51
600.04	152.37
600.04	152.37
600.04	158.82
599.42	160.76
599.42	163.34
599.42	166.56
599.42	169.14
598.81	171.72
598.81	173.65
598.81	173.65
598.81	173.65
598.81	173.65
598.81	173.65
598.81	173.65
598.81	173.65
598.81	173.65
598.81	173.65
598.81	173.65
598.81	173.65
598.81	173.65
598.81	173.65
598.81	173.65
598.81	173.65
598.81	173.65
598.81	173.65
598.81	173.65
598.81	173.65
598.81	173.65
598.81	173.65
598.81	173.65
598.81	173.65
598.81	173.65
598.81	173.65
598.81	173.65
598.81	173.65
598.81	173.65
598.81	173.65
598.81	173.65
598.81	173.65
598.81	173.65
598.81	173.65
598.81	173.65
598.81	173.65
598.81	173.65
598.81	173.65
598.81	173.65
598.81	173.65
598.81	173.65
598.81	173.65
598.81	173.65
598.81	173.65
598.81	173.65
598.81	173.65
598.81	173.65
598.81	173.65
598.81	173.65
598.81	173.65
598.81	173.65
598.81	173.65
598.81	173.65
598.81	173.65
598.81	173.65
598.81	173.65
598.81	173.65
598.81	173.65
598.81	173.65
598.81	173.65
598.81	173.65
598.81	173.65
598.81	173.65
598.81	173.65
598.81	173.65
598.81	173.65
598.81	173.65
598.81	173.65
598.81	173.65
598.81	173.65
598.81	173.65
598.81	173.65
598.81	173.65
598.81	173.65
598.81	173.65
598.81	173.65
598.81	173.65
598.81	173.65
598.81	173.65
598.81	173.65
598.81	173.65
598.81	173.65
598.81	173.65
598.81	173.65
598.81	173.65
598.81	173.65
598.81	173.65
598.81	173.65
598.81	173.65
598.81	173.65
598.81	173.65
598.81	173.65
598.81	173.65
598.81	173.65
598.81	173.65
598.81	173.65
598.81	171.07
601.88	164.63
606.19	159.47
610.49	151.08
620.33	129.81
625.24	122.71
627.09	119.49
628.32	118.2
631.39	117.55
641.23	122.07
675.04	138.19
675.04	138.19
685.5	144.64
692.26	151.08
700.25	156.24
706.4	163.98
711.32	169.14
718.08	176.88
723.61	182.68
725.46	183.97
726.07	184.61
731.61	191.06
735.91	202.02
740.83	226.53
743.9	247.16
742.67	259.41
738.37	266.5
732.22	272.95
726.69	276.82
718.7	281.33
699.02	287.14
670.13	290.36
638.16	290.36
596.35	286.49
547.16	294.23
507.2	303.9
473.39	314.22
443.26	329.05
420.51	338.72
397.77	346.46
385.47	354.2
378.71	360.64
371.94	369.03
370.1	374.83
369.49	378.7
369.49	378.7
371.94	383.21
378.09	389.66
391.62	396.11
429.12	405.14
484.45	416.74
538.56	429.64
586.51	439.96
630.78	445.76
652.3	445.76
671.97	441.89
692.26	438.67
702.71	436.09
707.63	434.15
712.55	430.93
714.39	429.64
714.39	429.64
715.01	428.99
718.7	427.06
719.31	426.41
719.92	426.41
722.38	425.12
722.38	425.12
722.38	425.12
722.38	425.12
722.38	425.12
722.38	425.12
722.38	425.12
722.38	425.12
723.61	424.48
729.76	421.9
736.52	420.61
736.52	420.61
746.36	416.74
754.35	411.58
759.27	409
764.81	405.14
772.18	399.33
777.72	394.82
783.86	390.95
790.63	386.44
796.78	380.63
801.08	378.05
802.92	376.76
806.61	374.19
809.07	372.9
809.07	372.9
809.07	372.9
809.07	372.25
802.92	368.38
777.72	360.64
743.29	352.26
695.33	340.01
647.99	324.54
617.25	316.8
596.35	311.64
590.2	309.71
587.13	308.42
571.76	303.9
553.93	300.03
542.86	294.88
533.02	290.36
528.72	287.78
528.72	287.78
528.72	287.78
528.72	287.78
528.72	287.14
528.72	287.14
528.72	287.14
528.11	287.14
528.11	286.49
528.11	286.49
528.11	285.85
528.11	285.85
528.11	285.85
528.11	285.85
528.11	285.85
528.11	285.85
528.11	285.85
526.88	285.2
521.34	283.27
520.73	283.27
520.73	283.27
520.73	283.27
520.73	283.27
520.73	283.27
529.33	294.88
557	352.26
597.58	425.77
627.09	464.46
659.67	499.92
677.5	512.82
679.35	514.11
683.65	517.98
691.64	524.42
697.18	528.94
708.86	533.45
732.84	543.12
760.5	552.8
781.41	561.18
798.62	565.69
811.53	564.4
842.27	557.31
859.49	550.22
885.31	541.83
904.98	534.74
927.11	527
944.33	519.91
952.94	513.46
956.63	511.53
960.31	508.95
961.54	507.66
961.54	507.66
961.54	507.66
961.54	507.66
961.54	507.01
961.54	507.01
961.54	507.01
961.54	507.01
961.54	507.01
961.54	507.01
957.86	504.44
933.26	493.47
880.39	472.2
805.38	446.4
748.82	423.19
705.17	395.46
655.98	364.51
634.47	354.2
622.79	346.46
618.48	343.24
614.79	340.66
603.73	334.85
582.21	327.12
556.39	318.73
537.94	314.22
521.96	309.06
497.98	301.32
477.08	295.52
455.56	291.01
434.04	283.27
404.53	273.6
372.56	263.28
347.35	255.54
313.54	249.74
297.55	246.51
282.8	241.36
267.43	239.42
245.91	236.2
232.38	232.97
225.62	231.68
218.24	230.39
209.64	228.46
204.1	227.17
197.95	225.24
193.65	223.95
187.5	220.08
183.2	217.5
183.2	217.5
182.58	216.85
180.74	216.21
180.74	216.21
180.74	216.21
180.74	216.21
180.74	215.56
181.35	215.56
181.35	215.56
181.35	215.56
181.35	215.56
181.35	215.56
181.35	215.56
184.43	216.21
188.12	218.79
193.65	222.66
198.57	225.88
203.49	228.46
209.02	231.68
213.94	234.26
213.94	234.26
220.09	240.07
225.62	245.23
232.38	251.67
238.53	257.48
243.45	261.99
244.68	261.99
244.68	262.63
244.68	262.63
244.68	262.63
244.68	262.63
244.68	262.63
244.68	262.63
244.68	262.63
244.06	262.63
244.06	262.63
244.06	262.63
244.06	262.63
244.06	262.63
244.06	262.63
244.06	262.63
244.06	262.63
244.06	262.63
244.06	262.63
244.06	262.63
244.06	262.63
244.06	262.63
244.68	263.28
245.29	263.28
245.29	263.28
245.91	263.28
266.2	278.75
298.78	304.55
337.52	330.34
391	370.32
459.86	423.19
517.65	458.01
561.92	479.29
587.74	488.96
609.87	496.7
616.64	500.57
631.39	505.73
651.07	509.59
660.9	510.24
676.27	512.82
686.73	514.11
701.48	517.98
722.38	525.07
741.44	532.16
762.35	539.9
786.32	544.41
803.54	546.35
809.07	546.99
813.99	547.64
818.91	546.99
823.83	546.35
837.35	546.99
847.8	551.51
858.26	552.15
863.79	552.8
869.94	552.15
873.63	550.86
875.47	548.93
875.47	547.64
873.63	545.06
868.71	539.9
861.95	534.1
844.73	523.78
814.61	496.05
786.32	472.84
762.96	449.63
733.45	421.9
707.63	400.62
675.66	378.05
646.15	349.04
617.87	323.25
592.66	308.42
568.07	296.16
555.77	289.72
551.47	287.78
533.64	278.75
515.19	271.02
496.14	261.99
485.07	256.19
474.62	250.38
462.94	245.23
448.8	239.42
437.11	234.26
422.36	229.11
411.91	225.24
402.07	223.95
392.85	223.3
386.7	222.66
384.86	222.01
384.24	222.01
384.24	222.01
384.24	222.01
384.24	222.01
384.24	222.01
384.86	222.01
384.86	222.01
385.47	222.01
385.47	222.01
385.47	222.01
385.47	222.66
386.08	222.66
386.7	224.59
389.77	228.46
393.46	232.97
399	237.49
403.91	243.29
405.76	247.8
406.37	249.09
406.37	249.09
406.37	249.09
406.37	249.09
406.37	249.09
406.37	249.09
406.37	249.09
406.37	249.09
406.37	249.09
406.37	249.09
406.37	249.09
406.37	249.09
406.37	249.09
406.37	249.09
406.37	249.09
406.37	249.09
406.37	248.45
406.37	248.45
406.37	248.45
406.37	248.45
406.37	248.45
406.37	248.45
406.37	248.45
406.37	248.45
406.37	248.45
406.37	248.45
407.6	248.45
413.75	248.45
420.51	247.8
444.49	254.25
469.08	265.21
483.84	276.82
493.06	284.56
499.21	291.01
505.97	298.74
513.96	311
523.8	321.96
536.1	330.98
557	348.39
582.21	366.45
617.25	396.75
654.14	429.64
684.88	459.3
719.92	491.54
749.44	513.46
780.18	531.52
796.16	539.25
808.46	548.28
818.91	556.02
833.66	563.76
849.03	570.21
857.64	575.36
863.79	579.88
863.79	579.88
863.79	579.23
861.95	575.36
855.18	566.98
833.05	541.19
798.01	508.95
772.18	486.38
761.12	479.93
758.66	478.64
758.66	478.64
758.66	478.64
754.35	475.42
754.35	475.42
745.13	470.91
735.91	465.75
724.23	458.65
709.47	452.85
699.02	446.4
695.33	443.82
691.03	441.89
687.95	440.6
687.95	440.6
687.95	440.6
687.95	439.96
687.95	439.96
687.95	439.96
687.95	439.96
687.95	439.96
687.95	439.96
687.95	439.96
687.95	439.96
687.95	439.96
687.95	439.96
687.95	439.96
687.95	439.96
687.95	439.96
687.95	439.96
687.95	439.96
687.95	439.96
687.95	439.96
687.95	439.96
687.95	439.96
687.95	439.96
687.95	439.96
687.95	439.96
690.41	443.18
690.41	443.18
697.18	452.85
702.1	459.94
702.1	461.23
699.64	461.88
696.56	461.88
677.5	455.43
661.52	448.98
634.47	437.38
598.81	425.77
577.9	418.68
555.16	409.65
535.48	402.56
519.5	395.46
499.82	387.08
481.38	379.99
470.93	374.19
462.94	370.32
448.8	367.09
426.66	359.36
414.98	353.55
411.91	351.62
411.91	351.62
411.91	351.62
411.91	351.62
413.14	351.62
414.98	351.62
418.05	352.91
424.2	356.78
433.42	361.93
456.17	370.96
477.69	379.99
505.97	394.82
523.19	404.49
540.4	413.52
559.46	425.77
584.67	436.09
595.73	441.89
602.5	447.05
602.5	447.05
615.41	456.72
621.56	459.94
626.47	462.52
633.24	467.04
638.77	468.97
644.3	472.2
650.45	474.77
651.68	475.42
651.68	475.42
651.68	475.42
651.68	475.42
651.68	475.42
654.14	477.35
658.44	479.93
664.59	483.16
674.43	486.38
679.96	488.32
683.04	488.96
683.04	488.96
683.04	488.96
683.04	488.96
683.65	488.96
684.27	488.96
684.27	489.61
685.5	490.25
685.5	490.25
685.5	490.25
685.5	490.25
685.5	490.25
685.5	490.25
686.11	490.25
689.8	487.03
694.1	484.45
694.1	484.45
700.25	480.58
702.1	479.93
702.71	479.29
705.17	476.71
705.78	475.42
705.78	475.42
705.78	474.77
705.78	474.77
705.78	474.77
705.78	474.77
705.78	474.77
705.78	474.13
705.78	474.13
705.78	474.13
705.78	474.13
705.78	474.13
705.78	474.13
705.78	474.13
705.78	474.13
705.78	474.13
705.78	474.13
705.17	473.49
704.55	474.13
704.55	474.13
704.55	474.13
704.55	474.13
704.55	474.13
704.55	474.13
704.55	474.13
704.55	474.13
704.55	474.13
704.55	474.13
704.55	474.13
704.55	474.13
704.55	474.13
704.55	474.13
704.55	474.13
704.55	474.13
704.55	474.13
704.55	474.13
704.55	474.13
704.55	474.13
704.55	474.13
704.55	474.13
704.55	474.13
704.55	474.13
704.55	474.13
704.55	474.13
704.55	474.13
704.55	474.13
704.55	474.13
704.55	474.13
703.33	472.84
700.87	471.55
697.79	469.62
694.72	467.68
692.26	467.04
691.03	465.75
691.03	465.75
691.03	465.75
691.03	465.75
691.03	465.75
691.03	465.75
691.03	465.75
691.03	465.75
691.03	465.75
691.03	465.75
691.03	465.75
691.03	465.75
691.03	465.75
691.03	465.75
691.03	465.75
691.03	465.75
691.03	465.75
691.03	465.75
691.03	465.75
691.03	465.75
691.03	465.75
691.03	465.75
691.03	465.75
691.03	465.75
691.03	465.75
691.03	465.75
691.03	465.75
691.03	465.75
691.03	465.75
691.03	465.75
691.03	465.75
691.03	465.75
691.03	465.75
691.03	465.75
691.03	465.75
691.03	465.75
691.03	465.75
691.03	465.75
691.03	465.75
691.03	465.75
691.03	465.75
691.03	465.75
691.03	465.75
691.03	465.75
691.03	465.75
691.03	465.75
691.03	465.75
691.03	465.75
691.03	465.75
691.03	465.75
691.03	465.75
691.03	465.75
691.03	465.75
691.03	465.75
691.03	465.75
691.03	465.75
691.03	465.75
691.03	465.75
691.03	465.75
691.03	465.75
691.03	465.75
691.03	465.75
691.03	465.75
691.03	465.75
691.03	465.75
691.03	465.75
691.03	465.75
691.03	465.75
691.03	465.75
691.03	465.75
691.03	465.75
691.03	465.75
691.03	465.75
691.03	465.75
691.03	465.75
691.03	465.75
691.03	465.75
691.03	465.75
691.03	465.75
691.03	465.75
691.03	465.75
691.03	465.75
691.03	465.75
691.03	465.75
691.03	465.75
691.03	465.75
691.03	465.75
691.03	465.75
691.03	465.75
691.03	465.75
691.03	465.75
691.03	465.75
691.03	465.75
691.03	465.75
691.03	465.75
691.03	465.75
691.03	465.75
691.03	465.75
691.03	465.75
691.03	465.75
691.03	465.75
691.03	465.75
691.03	465.75
691.03	465.75
691.03	465.75
691.03	465.75
691.03	465.75
691.03	465.75
691.03	465.75
691.03	465.75
691.03	465.75
691.03	465.75
691.03	465.75
691.03	465.75
691.03	465.75
691.03	465.75
691.03	465.75
691.03	465.75
691.03	465.75
691.03	465.75
691.03	465.75
691.03	465.75
691.03	465.75
691.03	465.75
691.03	465.75
691.03	465.75
691.03	465.75
691.03	465.75
691.64	465.75
695.33	469.62
697.79	474.77
699.02	479.29
700.87	481.22
702.1	481.22
702.1	481.87
702.1	481.87
702.1	481.87
702.71	481.22
710.09	481.22
723.61	487.67
740.21	495.41
746.98	501.21
753.12	507.66
758.66	512.17
763.58	517.33
768.49	522.49
772.18	528.29
773.41	532.81
774.03	536.68
772.18	541.83
770.95	549.57
770.34	550.86
769.72	550.86
766.04	551.51
757.43	548.28
745.75	542.48
735.3	538.61
724.84	534.1
710.09	529.58
690.41	523.78
667.67	516.04
651.68	510.24
638.16	503.15
630.78	497.34
624.02	490.89
619.1	485.74
616.02	480.58
612.33	474.77
609.87	469.62
608.03	463.81
606.8	458.65
604.96	453.5
602.5	449.63
599.42	445.76
595.12	440.6
588.97	434.15
582.82	428.99
575.45	425.77
563.76	421.26
558.23	418.03
553.93	415.45
547.78	412.23
541.63	408.36
536.71	405.14
531.79	400.62
526.26	396.11
518.88	390.95
512.73	388.37
504.13	387.08
504.13	387.08
495.52	390.95
485.68	397.4
477.69	403.85
471.54	412.23
467.24	418.68
463.55	425.77
461.71	431.57
461.09	440.6
462.94	445.76
467.24	451.56
472.77	456.08
485.68	459.3
507.2	463.17
528.11	459.94
541.63	452.21
550.24	447.05
561.3	440.6
569.91	432.86
576.06	424.48
580.98	416.1
584.05	410.29
586.51	403.2
588.36	394.82
588.97	387.73
590.2	381.92
590.82	376.12
593.27	370.32
595.73	366.45
598.81	360
600.65	355.49
602.5	351.62
603.73	349.68
605.57	347.1
606.19	345.81
606.19	345.17
606.19	345.17
607.42	344.52
607.42	344.52
607.42	344.52
607.42	344.52
607.42	343.88
607.42	343.88
606.8	343.88
606.19	343.24
605.57	342.59
604.96	342.59
604.96	342.59
604.96	342.59
604.96	342.59
604.96	342.59
604.96	342.59
604.96	342.59
604.96	342.59
604.96	342.59
604.96	342.59
604.96	342.59
604.96	342.59
604.96	342.59
604.96	342.59
604.96	342.59
604.96	342.59
604.96	342.59
604.96	342.59
604.96	342.59
604.96	342.59
604.96	342.59
604.96	342.59
604.96	342.59
604.96	342.59
604.96	342.59
604.96	342.59
604.96	342.59
604.96	342.59
604.96	342.59
604.96	342.59
604.96	342.59
604.96	342.59
604.96	342.59
604.96	342.59
604.96	342.59
604.96	342.59
604.96	342.59
604.96	342.59
604.96	342.59
604.96	342.59
604.96	342.59
604.96	342.59
604.96	342.59
604.96	342.59
605.57	342.59
605.57	342.59
605.57	342.59
605.57	342.59
606.8	342.59
609.87	342.59
612.33	341.95
614.18	341.3
616.64	341.3
620.94	340.66
625.24	340.01
628.32	339.37
628.32	339.37
630.16	339.37
630.16	339.37
630.16	339.37
630.16	339.37
630.16	339.37
630.16	339.37
630.16	339.37
630.16	338.72
630.16	338.72
630.16	338.72
630.16	338.72
630.16	338.72
630.16	338.72
630.16	338.72
630.16	338.72
630.16	338.72
630.16	338.72
630.16	338.72
630.16	338.72
630.16	338.72
630.16	338.72
630.16	338.72
630.16	338.72
630.16	338.72
630.16	339.37
630.16	339.37
630.16	339.37
630.16	339.37
630.16	339.37
630.16	339.37
630.16	338.72
630.78	334.21
630.78	330.34
630.78	329.05
630.78	327.76
631.39	323.89
631.39	323.89
632.62	318.73
634.47	312.93
636.93	310.35
641.23	307.13
643.69	309.06
651.07	315.51
655.37	320.67
656.6	323.89
656.6	327.76
655.37	334.21
653.53	340.66
648.61	346.46
641.84	354.2
635.08	362.58
630.16	367.74
620.94	373.54
620.94	373.54
611.1	384.5
605.57	390.31
599.42	396.75
593.27	403.2
588.97	407.72
585.28	412.23
581.59	418.68
576.06	425.77
570.53	432.22
568.07	437.38
564.38	443.82
560.69	449.63
558.23	455.43
557	460.59
555.77	465.1
554.54	470.26
553.93	476.71
555.77	482.51
558.23	487.67
558.85	489.61
560.69	493.47
563.76	496.7
563.76	497.34
563.76	497.34
563.76	496.05
561.92	494.12
557	490.25
541.02	488.32
525.03	488.96
505.36	488.32
505.36	488.32
489.37	486.38
485.07	486.38
481.38	485.74
481.38	485.74
481.38	485.74
481.38	485.74
481.38	485.74
480.77	484.45
479.54	482.51
476.46	479.29
466.62	470.91
461.09	467.04
446.34	459.94
438.96	456.72
436.5	456.08
436.5	456.08
436.5	456.08
436.5	455.43
436.5	455.43
436.5	455.43
435.27	454.79
432.81	453.5
426.66	449.63
417.44	443.82
408.83	439.96
400.23	436.09
394.69	432.86
391	430.93
384.86	427.7
379.94	423.19
374.4	418.68
369.49	415.45
366.41	414.16
363.95	413.52
360.88	411.58
358.42	410.94
357.19	410.29
356.57	409.65
355.96	409.65
355.96	409.65
355.96	409.65
355.96	409.65
356.57	409.65
356.57	409.65
362.11	414.16
368.26	419.32
374.4	423.84
379.32	428.99
385.47	434.15
391	439.31
402.07	445.11
413.75	451.56
419.28	456.72
426.66	462.52
432.81	467.04
437.73	470.91
444.49	476.06
444.49	476.06
450.64	481.87
456.79	487.03
460.48	488.96
466.62	492.18
470.31	494.12
471.54	494.12
471.54	494.12
471.54	494.12
471.54	494.12
474	492.83
477.69	492.18
481.38	492.18
485.68	492.18
490.6	492.83
496.14	494.12
502.28	495.41
507.82	496.7
512.12	497.34
513.96	497.99
515.19	497.99
515.19	497.99
515.19	497.99
515.19	497.99
514.58	497.34
512.73	496.05
506.59	492.18
504.13	490.89
501.05	488.96
497.98	487.03
496.14	485.74
496.14	485.09
495.52	485.09
495.52	485.09
495.52	485.09
495.52	485.09
495.52	485.09
495.52	485.09
495.52	485.09
495.52	485.09
495.52	485.09
495.52	485.09
495.52	485.09
495.52	485.09
495.52	485.09
495.52	485.09
495.52	485.09
495.52	485.09
495.52	485.09
495.52	485.09
495.52	485.09
495.52	484.45
495.52	484.45
495.52	484.45
495.52	484.45
495.52	484.45
495.52	484.45
497.36	483.8
504.13	481.87
511.51	479.93
516.42	479.93
522.57	481.87
527.49	485.74
532.41	488.96
537.94	492.18
547.16	496.7
553.31	499.28
559.46	501.21
575.45	504.44
603.11	511.53
616.64	512.17
619.1	509.59
619.71	505.08
619.1	496.7
615.41	488.96
606.8	476.71
593.89	469.62
582.82	461.88
576.67	458.01
574.83	456.72
574.22	455.43
571.76	453.5
566.22	450.92
561.92	447.69
561.92	447.69
561.92	447.69
561.92	447.69
561.92	447.69
561.92	447.69
561.92	447.69
561.92	447.69
561.92	447.69
561.92	447.69
561.92	447.69
561.92	447.69
561.92	447.69
561.92	447.69
561.92	447.69
561.92	447.69
561.92	447.69
561.92	447.69
561.92	447.69
561.92	447.69
561.92	447.69
561.92	447.69
561.92	447.69
561.92	447.69
561.92	447.69
561.92	447.69
561.92	447.69
561.92	447.69
561.92	447.69
561.92	447.69
561.92	447.69
561.92	447.69
561.92	447.69
561.92	447.69
561.92	447.05
561.92	447.05
561.92	446.4
561.92	446.4
561.92	446.4
561.92	446.4
561.92	446.4
561.92	446.4
561.92	446.4
561.92	445.76
561.92	445.76
561.92	445.76
561.92	445.76
561.92	445.76
561.92	445.76
561.92	445.76
561.92	445.76
561.92	445.76
561.92	445.76
561.92	445.76
561.92	445.76
561.92	445.76
561.92	445.76
561.92	445.76
561.92	445.76
561.92	445.76
561.92	445.76
565.61	444.47
565.61	444.47
574.22	443.18
578.52	443.18
583.44	444.47
588.36	444.47
588.36	444.47
592.66	443.82
599.42	443.82
599.42	443.82
609.26	439.96
609.26	439.96
613.56	436.09
615.41	432.22
615.41	428.35
611.72	422.55
606.8	418.68
600.65	412.87
595.73	407.72
589.59	402.56
583.44	398.69
578.52	394.17
571.14	390.31
555.77	383.21
545.32	376.12
539.17	372.25
534.25	370.96
531.18	370.32
526.88	370.32
523.8	370.32
520.73	370.96
518.27	371.61
512.12	372.9
507.2	373.54
502.28	374.83
497.36	376.12
492.45	377.41
489.99	378.05
488.76	378.05
488.14	378.05
488.14	378.05
487.53	378.05
486.3	379.34
486.3	379.34
483.84	379.99
479.54	380.63
474	380.63
465.39	379.34
459.25	376.12
451.25	371.61
439.57	366.45
419.28	358.07
404.53	351.62
392.23	347.75
384.24	345.17
376.86	343.88
367.64	341.3
358.42	341.3
347.97	340.66
339.36	339.37
331.37	338.72
327.68	338.08
321.53	337.43
316.61	337.43
306.77	337.43
300.63	336.79
295.71	335.5
293.25	334.21
285.26	334.21
279.72	333.56
275.42	333.56
274.19	333.56
274.19	333.56
274.19	333.56
274.19	333.56
276.65	336.14
279.11	339.37
283.41	344.52
288.33	349.68
304.32	357.42
335.67	367.09
368.87	376.12
414.37	387.73
443.26	393.53
468.47	393.53
500.44	392.88
526.88	390.95
560.08	390.95
584.67	389.02
602.5	386.44
626.47	386.44
633.85	387.08
644.92	390.95
655.37	391.6
678.73	389.02
698.41	382.57
698.41	382.57
725.46	375.48
740.21	370.32
755.58	363.22
777.1	354.84
792.47	352.91
813.38	350.33
828.75	350.33
849.03	351.62
869.32	354.84
900.06	363.87
920.97	370.96
945.56	381.28
965.85	388.37
978.14	394.82
983.06	396.75
989.21	399.33
993.51	401.91
995.36	403.2
1000.89	407.72
1013.8	413.52
1018.72	416.74
1018.72	416.74
1018.72	416.1
1017.49	414.16
1013.8	410.29
1007.04	405.14
989.21	396.75
971.38	389.66
937.57	365.8
890.84	330.98
890.84	330.98
852.11	309.71
812.15	292.3
783.86	285.2
759.27	276.82
738.98	272.31
717.47	271.66
702.1	271.66
683.04	272.31
662.13	274.89
652.91	276.18
647.38	276.18
632.62	279.4
616.02	282.62
595.12	289.07
589.59	290.36
582.82	292.94
577.9	294.88
571.14	298.1
564.99	300.68
560.69	301.97
558.23	302.61
556.39	302.61
553.93	303.9
550.24	305.19
546.55	306.48
541.63	307.77
537.94	309.06
534.87	309.71
534.87	310.35
534.87	310.35
534.25	310.35
533.64	311
533.64	311
533.64	311
533.64	311
533.64	311
533.64	311
533.64	311
533.64	311
533.64	311
533.64	311
533.64	311
533.64	311
533.64	311
533.64	311
533.64	311
533.64	311
533.64	311
533.64	311
533.64	311
533.64	311
533.64	311
533.64	311
533.64	311
533.64	311
533.64	311
533.64	311
533.64	311
533.64	311
533.64	311
533.64	311
533.64	311
533.64	311
533.64	311
533.64	311
533.64	311
533.64	311
533.64	311.64
535.48	313.57
539.79	317.44
550.24	323.89
558.85	326.47
568.68	329.05
582.82	331.63
592.05	332.27
603.73	332.92
615.41	337.43
629.55	338.72
645.53	334.21
659.67	332.27
667.05	327.76
670.74	323.89
676.89	317.44
681.81	312.28
686.11	306.48
687.34	301.97
689.18	297.45
689.18	297.45
689.18	289.72
689.18	285.2
687.95	278.75
685.5	273.6
681.81	268.44
675.66	261.99
664.59	254.9
648.61	247.8
622.17	237.49
599.42	230.39
571.14	221.37
551.47	217.5
533.64	215.56
528.72	215.56
524.42	216.85
519.5	220.08
515.81	225.24
513.96	230.39
513.96	230.39
514.58	240.07
515.81	245.23
516.42	249.74
520.11	256.19
521.34	261.35
525.65	271.66
527.49	280.04
527.49	280.04
529.33	287.14
529.33	294.23
530.56	302.61
531.18	308.42
531.18	308.42
533.02	322.6
533.02	326.47
533.64	330.34
535.48	335.5
536.71	340.66
537.33	344.52
538.56	347.75
538.56	347.75
541.63	354.2
547.78	362.58
550.85	368.38
555.77	372.9
561.3	379.34
566.22	384.5
568.68	387.08
574.83	393.53
582.21	399.98
587.13	402.56
590.82	403.85
595.73	403.2
600.65	399.98
605.57	396.11
611.72	390.95
617.25	386.44
623.4	380.63
626.47	376.76
628.32	374.83
628.93	373.54
628.93	373.54
629.55	373.54
629.55	373.54
629.55	373.54
629.55	373.54
629.55	373.54
629.55	373.54
629.55	373.54
629.55	373.54
629.55	373.54
629.55	373.54
629.55	373.54
629.55	373.54
629.55	373.54
629.55	373.54
629.55	373.54
629.55	373.54
629.55	373.54
629.55	373.54
629.55	373.54
629.55	373.54
629.55	373.54
629.55	373.54
629.55	373.54
629.55	373.54
629.55	373.54
629.55	373.54
629.55	373.54
629.55	373.54
629.55	373.54
629.55	373.54
629.55	373.54
629.55	373.54
629.55	373.54
629.55	373.54
629.55	373.54
629.55	373.54
629.55	373.54
629.55	373.54
629.55	373.54
629.55	373.54
629.55	373.54
629.55	373.54
629.55	373.54
629.55	373.54
629.55	373.54
629.55	373.54
629.55	373.54
629.55	373.54
629.55	373.54
629.55	373.54
629.55	373.54
631.39	370.96
638.16	366.45
643.07	362.58
649.22	356.78
653.53	352.26
656.6	349.68
657.83	348.39
657.83	347.75
657.83	346.46
654.14	342.59
643.69	336.14
629.55	329.69
621.56	324.54
614.18	318.73
599.42	312.28
588.97	305.84
574.22	301.32
556.39	295.52
542.86	293.59
537.33	292.3
532.41	291.65
528.72	291.65
523.8	291.01
517.04	289.72
510.28	289.07
502.9	289.07
496.14	289.07
490.6	289.07
484.45	289.07
479.54	289.07
473.39	288.43
470.31	287.78
467.24	287.78
466.62	287.78
466.01	287.14
461.09	285.2
461.09	285.2
453.71	283.91
444.49	280.69
437.73	275.53
435.88	274.24
435.88	274.24
435.88	274.24
436.5	274.24
437.11	275.53
437.11	275.53
437.11	275.53
437.11	275.53
437.11	275.53
437.11	275.53
437.11	275.53
437.11	275.53
437.11	275.53
437.11	275.53
437.11	275.53
437.11	275.53
437.11	274.89
437.11	274.89
437.11	274.89
437.11	274.89
437.11	274.89
437.11	274.89
437.11	274.89
437.11	274.89
437.11	274.89
437.11	274.89
437.11	274.89
437.11	274.89
437.11	274.89
437.11	274.89
437.11	274.89
437.11	274.89
437.11	274.89
437.11	274.89
437.11	274.89
437.11	274.89
437.11	274.89
437.73	274.89
445.72	280.04
454.94	283.27
454.94	283.27
454.33	282.62
444.49	277.47
423.59	262.63
387.93	249.74
362.72	245.23
340.59	242
323.99	238.13
318.46	236.2
317.84	236.2
317.84	236.2
318.46	236.84
319.07	238.78
324.6	244.58
334.44	250.38
350.43	257.48
350.43	257.48
376.86	267.79
406.37	286.49
440.8	303.9
482.61	329.05
509.05	340.66
533.02	355.49
560.69	372.25
580.98	381.28
596.35	389.02
599.42	392.24
599.42	392.24
599.42	392.88
600.04	396.11
601.88	401.27
604.96	409.65
607.42	416.1
609.26	421.9
609.87	423.19
609.87	423.19
609.87	423.19
609.87	423.19
609.87	423.84
609.87	423.84
609.87	423.84
609.26	423.84
609.26	423.84
608.64	423.84
608.64	424.48
608.64	424.48
608.64	425.12
608.64	425.12
608.64	425.12
608.03	425.12
607.42	425.77
605.57	426.41
604.34	426.41
604.34	426.41
604.34	426.41
604.34	426.41
604.34	426.41
604.34	426.41
604.34	426.41
604.34	426.41
604.34	426.41
604.34	426.41
604.34	426.41
604.34	426.41
604.34	426.41
604.34	426.41
604.34	426.41
604.34	426.41
604.34	426.41
604.34	426.41
604.34	426.41
604.34	426.41
604.34	426.41
604.34	426.41
604.34	426.41
604.34	426.41
604.34	426.41
604.34	426.41
604.96	426.41
604.96	426.41
623.4	434.15
624.02	434.8
628.32	439.31
630.78	440.6
630.78	440.6
630.78	440.6
630.78	440.6
630.16	441.25
628.93	441.89
626.47	444.47
623.4	449.63
619.71	458.01
622.79	468.97
645.53	494.12
687.95	520.56
737.14	536.03
806	554.09
843.5	561.82
861.95	561.18
877.93	553.44
897.6	543.12
912.97	535.39
924.66	529.58
931.42	525.07
943.1	518.62
956.63	513.46
979.37	508.95
989.21	503.79
1000.89	499.28
1008.88	493.47
1017.49	487.67
1022.41	482.51
1027.33	477.35
1033.48	470.91
1038.39	463.17
1046.39	443.18
1046.39	443.18
1053.15	427.06
1061.14	402.56
1070.36	379.34
1078.36	359.36
1086.96	343.88
1094.34	325.83
1099.88	318.09
1102.95	313.57
1104.79	311
1104.79	309.71
1105.41	308.42
1105.41	308.42
1105.41	308.42
1104.79	309.06
1061.76	355.49
1035.94	378.7
1035.94	378.7
1035.94	378.7
1035.94	378.7
1035.94	378.7
1035.94	378.7
1035.94	378.7
1035.94	378.7
1035.94	378.7
1034.09	378.7
1022.41	367.74
1017.49	362.58
1013.8	360
1007.04	353.55
992.28	338.08
974.45	322.6
965.85	314.86
960.93	310.35
960.31	309.06
960.31	308.42
960.31	308.42
960.31	308.42
960.31	308.42
960.31	308.42
960.31	308.42
960.31	308.42
960.31	308.42
960.31	308.42
960.31	308.42
960.31	308.42
960.31	308.42
960.31	308.42
960.31	308.42
960.31	308.42
960.31	308.42
960.31	308.42
960.31	308.42
960.31	308.42
960.31	308.42
960.31	308.42
959.08	307.13
959.08	307.13
952.32	305.19
933.26	307.77
892.07	311.64
818.29	305.19
756.81	301.32
686.73	301.32
647.38	291.65
612.33	288.43
585.9	285.85
560.69	282.62
560.69	282.62
518.27	285.2
474	289.07
418.05	289.07
359.03	287.78
280.34	300.68
225.01	307.13
183.81	315.51
156.76	315.51
133.4	319.38
112.5	325.83
90.98	329.69
71.3	331.63
51.02	332.92
49.79	334.21
49.79	332.27
49.79	332.92
49.79	333.56
49.79	334.21
49.79	336.14
49.79	343.24
49.79	352.26
49.79	374.19
49.79	385.79
49.79	384.5
49.79	373.54
49.79	373.54
49.79	369.67
49.79	365.8
49.79	360.64
49.79	353.55
49.79	352.91
49.79	379.34
62.08	397.4
90.36	418.03
124.79	433.51
150.61	441.25
171.52	448.34
194.88	454.14
245.91	463.81
304.93	478
389.77	499.92
389.77	499.92
447.57	517.98
492.45	534.1
518.88	543.77
545.32	553.44
560.08	561.18
579.13	570.21
586.51	576.01
590.2	577.94
593.27	579.88
596.96	581.81
601.27	583.75
603.11	584.39
608.64	584.39
617.87	581.81
621.56	577.94
629.55	570.85
640.61	564.4
649.84	554.73
669.51	543.12
681.81	532.16
689.18	525.07
693.49	519.91
698.41	514.75
704.55	508.95
709.47	505.73
715.01	501.21
723.61	493.47
734.07	484.45
734.07	484.45
750.05	472.84
758.66	467.04
770.34	460.59
782.64	454.79
790.63	450.92
797.39	447.05
804.77	443.18
812.15	441.25
815.83	440.6
817.68	440.6
817.68	440.6
817.68	440.6
818.29	440.6
818.29	440.6
819.52	441.25
824.44	445.76
829.36	449.63
829.98	450.27
829.98	450.27
829.98	450.27
829.98	450.27
829.98	450.27
829.98	450.27
829.98	450.27
829.98	450.27
829.98	450.27
829.36	450.27
825.67	456.08
824.44	462.52
825.06	477.35
831.82	494.12
836.12	507.01
841.66	517.33
842.89	520.56
844.73	523.13
847.8	528.29
851.49	536.03
856.41	552.8
861.33	562.47
866.86	568.27
869.32	571.49
869.32	571.49
869.32	571.49
869.32	571.49
868.71	571.49
863.79	566.98
849.03	558.6
823.21	532.81
779.56	494.12
726.69	460.59
663.98	429.64
620.94	404.49
596.35	389.66
574.83	377.41
566.22	370.96
561.92	366.45
557	361.29
549.62	347.1
542.25	328.4
536.1	316.8
532.41	304.55
533.64	304.55
533.64	304.55
533.64	304.55
533.64	304.55
533.64	304.55
533.64	304.55
534.25	303.9
532.41	292.94
529.95	281.98
536.1	262.63
553.31	234.26
584.67	200.09
617.25	154.31
630.16	125.94
636.93	105.95
644.3	82.09
648.61	57.59
651.07	48.56
652.3	42.11
654.14	35.66
654.76	31.15
655.37	28.57
656.6	25.35
656.6	24.7
656.6	24.7
656.6	24.7
656.6	24.7
656.6	24.7
656.6	24.7
656.6	24.7
656.6	24.7
656.6	24.7
656.6	24.06
656.6	24.06
656.6	24.06
656.6	24.06
656.6	24.06
656.6	25.35
656.6	25.35
656.6	25.35
656.6	25.35
656.6	25.35
656.6	25.35
656.6	25.35
656.6	25.35
656.6	25.35
656.6	25.35
656.6	25.35
656.6	25.35
656.6	25.35
656.6	25.35
656.6	25.35
656.6	25.35
656.6	25.35
656.6	25.35
656.6	25.35
656.6	25.35
656.6	25.35
656.6	25.35
657.21	25.35
660.29	31.8
666.44	48.56
677.5	77.58
687.34	102.72
689.8	107.88
691.03	110.46
691.64	111.11
692.26	112.4
692.87	112.4
692.87	112.4
741.44	159.47
796.78	209.76
834.89	236.84
856.41	248.45
858.87	249.74
858.87	249.74
858.87	249.74
858.87	249.74
858.87	249.74
858.87	249.74
858.87	249.74
858.87	249.74
858.87	249.74
858.87	249.74
858.87	249.09
858.87	249.09
858.87	249.74
857.64	250.38
857.03	250.38
854.57	248.45
853.95	247.8
853.95	247.8
853.95	247.8
853.95	247.8
851.49	247.8
851.49	247.8
851.49	246.51
851.49	246.51
851.49	246.51
851.49	246.51
851.49	246.51
851.49	246.51
851.49	246.51
851.49	246.51
851.49	246.51
851.49	246.51
851.49	246.51
851.49	246.51
851.49	246.51
851.49	246.51
851.49	246.51
851.49	246.51
851.49	246.51
851.49	246.51
851.49	246.51
851.49	246.51
851.49	247.16
852.11	247.8
855.8	249.09
866.25	252.32
885.92	250.38
903.75	251.03
912.36	252.32
919.12	254.9
922.81	255.54
922.81	255.54
922.81	255.54
922.81	254.9
920.97	252.96
904.98	245.87
845.96	241.36
735.3	243.94
601.27	234.91
483.22	211.7
413.14	187.19
380.55	174.3
379.32	173.65
379.32	174.3
378.71	178.81
377.48	183.32
377.48	183.32
377.48	182.68
377.48	182.68
377.48	182.68
378.09	182.68
378.09	182.68
378.09	182.68
378.09	182.68
378.09	182.68
378.09	182.68
378.09	182.68
378.09	182.68
378.09	182.68
378.09	182.68
378.09	182.68
378.09	182.68
378.09	182.68
378.09	182.68
378.09	182.68
378.09	182.03
378.09	182.03
378.09	182.03
378.09	182.03
378.09	182.03
378.09	182.03
378.09	182.03
378.09	182.03
378.09	182.03
378.09	182.03
378.09	182.03
378.09	182.03
378.09	182.03
378.09	182.03
378.09	182.03
378.09	182.03
378.09	182.03
378.09	182.03
378.09	182.03
378.09	182.03
378.09	182.03
378.09	182.03
378.09	182.03
378.09	182.03
378.09	182.03
378.09	182.03
378.09	182.03
378.09	182.03
378.09	182.03
378.09	182.03
378.09	182.03
378.09	182.03
378.09	182.03
378.09	182.03
378.09	182.03
378.09	182.03
378.09	182.03
378.09	182.03
378.09	182.68
397.15	197.51
397.15	197.51
456.79	254.25
474.62	283.27
483.22	307.13
488.76	331.63
490.6	347.75
490.6	353.55
489.37	360
488.76	364.51
488.76	369.67
488.76	369.67
496.14	392.88
504.74	415.45
511.51	433.51
515.19	440.6
515.19	440.6
515.19	440.6
515.81	440.6
515.81	440.6
515.81	440.6
517.65	442.53
531.79	452.85
545.32	459.94
558.85	464.46
566.22	463.81
577.29	463.17
587.13	463.17
588.97	463.17
588.97	463.81
588.97	463.81
588.97	463.81
588.97	463.81
588.97	463.81
588.97	463.81
588.97	463.17
588.97	463.17
588.97	463.17
588.97	463.17
588.97	463.17
588.97	463.17
588.97	463.17
588.97	463.17
588.97	463.17
588.36	463.17
588.36	463.17
588.36	463.17
588.36	463.17
588.36	463.17
588.36	463.17
588.36	463.17
588.36	463.17
588.36	463.17
588.36	463.17
588.36	463.17
588.36	463.17
588.36	463.17
588.36	463.17
588.36	463.17
588.36	463.17
588.36	463.17
588.36	463.17
588.36	463.17
588.36	463.17
588.36	463.17
588.36	463.17
588.36	463.17
588.36	463.17
588.36	463.17
588.36	463.17
588.36	462.52
588.36	462.52
588.36	462.52
588.36	462.52
588.36	462.52
588.36	462.52
588.36	462.52
588.36	462.52
588.36	462.52
588.36	462.52
588.36	461.88
588.36	461.88
588.36	461.88
588.97	461.88
588.97	461.88
588.97	461.88
589.59	459.3
590.82	456.72
590.82	456.72
592.05	452.85
592.05	452.85
592.05	452.85
592.05	452.85
592.05	452.85
592.05	452.85
592.05	452.85
592.05	452.85
592.05	452.21
591.43	450.27
591.43	450.27
591.43	450.27
591.43	450.27
591.43	450.27
591.43	450.27
591.43	450.27
591.43	450.27
591.43	450.27
591.43	450.27
591.43	450.27
591.43	450.27
591.43	450.27
591.43	450.27
591.43	450.27
591.43	450.27
591.43	450.27
591.43	450.27
591.43	450.27
591.43	450.27
591.43	450.27
591.43	450.27
591.43	450.27
591.43	450.27
591.43	450.27
591.43	450.27
591.43	450.27
591.43	450.27
591.43	450.27
591.43	450.27
591.43	450.27
591.43	450.27
591.43	450.27
591.43	450.27
591.43	450.27
591.43	450.27
591.43	450.27
591.43	450.27
591.43	450.27
591.43	450.27
591.43	450.27
591.43	449.63
591.43	449.63
591.43	449.63
591.43	449.63
591.43	448.98
591.43	448.98
591.43	448.98
591.43	448.98
591.43	448.98
591.43	448.98
591.43	448.98
591.43	448.98
591.43	448.98
591.43	448.98
591.43	448.98
591.43	448.98
591.43	448.98
591.43	448.98
591.43	448.98
591.43	448.98
591.43	448.98
591.43	448.98
591.43	448.98
591.43	448.98
591.43	448.98
591.43	448.98
591.43	448.98
591.43	448.98
591.43	448.98
591.43	448.98
591.43	448.98
591.43	448.98
591.43	448.98
591.43	448.98
591.43	448.98
591.43	448.98
591.43	448.98
591.43	448.98
591.43	448.98
591.43	448.98
593.89	445.76
598.19	438.67
602.5	424.48
602.5	424.48
601.27	413.52
599.42	408.36
596.35	404.49
590.82	398.69
590.82	398.69
584.67	392.88
580.36	387.73
576.06	383.21
571.14	378.7
565.61	374.83
563.15	372.9
562.53	372.25
561.92	371.61
561.92	371.61
561.92	371.61
561.92	371.61
561.92	371.61
563.15	372.9
566.22	374.19
573.6	378.05
587.74	380.63
609.87	385.15
635.08	387.73
654.76	385.79
676.27	382.57
691.03	379.34
700.87	374.83
709.47	369.67
718.7	363.87
723.61	359.36
729.76	352.26
734.68	347.1
738.98	342.59
741.44	337.43
743.9	330.98
745.13	326.47
746.36	321.96
746.36	320.02
745.75	316.8
744.52	314.22
742.06	308.42
737.75	301.97
731.61	289.72
727.92	282.62
724.84	275.53
723.61	272.31
723.61	272.31
721.77	264.57
720.54	261.35
719.92	256.19
719.31	250.38
719.31	245.87
719.31	245.87
719.31	245.87
719.31	245.87
719.31	245.87
719.92	243.94
721.77	240.07
723	232.33
724.23	228.46
726.07	224.59
726.07	223.95
726.07	223.95
726.07	223.95
725.46	222.66
724.84	218.79
723	212.34
723	209.12
723	209.12
723	209.12
723	209.12
723	209.12
723	209.12
723	209.12
722.38	208.47
722.38	208.47
722.38	208.47
722.38	208.47
722.38	208.47
722.38	208.47
722.38	208.47
721.77	207.83
721.77	207.83
721.77	207.83
721.77	207.83
721.77	207.83
721.77	207.83
721.77	207.83
721.77	207.83
721.77	207.83
721.77	207.83
721.77	207.83
715.62	213.63
710.09	218.79
705.17	223.95
701.48	227.17
701.48	227.17
700.25	229.11
699.02	231.04
698.41	232.97
694.1	242.65
691.64	249.74
690.41	255.54
689.18	260.7
688.57	263.28
687.34	265.86
686.73	267.15
686.11	267.15
684.88	269.73
681.19	276.18
679.96	281.33
678.73	285.85
676.89	291.65
675.66	296.16
675.04	298.1
674.43	298.1
674.43	298.1
674.43	298.1
674.43	298.1
673.81	298.1
669.51	301.32
663.36	307.77
656.6	313.57
651.07	320.02
646.15	325.18
641.23	329.05
636.93	331.63
633.85	332.27
633.85	332.27
633.24	332.92
633.24	332.92
628.93	336.14
621.56	343.88
616.64	349.68
610.49	356.78
606.19	360.64
603.11	362.58
601.27	363.22
596.35	367.74
591.43	374.19
585.28	383.86
577.9	398.04
572.37	409.65
566.84	417.39
561.92	421.9
560.08	423.84
560.08	423.84
558.85	425.12
558.85	425.12
554.54	430.93
550.85	434.8
549.01	436.73
549.01	437.38
549.01	437.38
549.01	437.38
549.01	437.38
549.01	436.73
549.01	436.73
549.01	436.73
549.01	436.73
549.01	436.73
549.01	436.73
549.01	436.73
549.01	436.73
549.01	436.73
549.01	436.73
549.01	436.73
549.01	436.73
549.01	436.73
549.01	436.73
549.01	436.73
549.01	436.73
549.01	436.73
549.01	436.73
549.01	436.73
548.39	436.09
545.32	434.8
537.94	434.15
520.11	430.28
489.99	421.26
470.31	413.52
460.48	408.36
454.33	405.14
446.34	399.98
440.19	394.82
430.35	390.95
413.14	385.79
401.45	381.92
401.45	381.92
393.46	379.34
393.46	379.34
393.46	379.34
394.08	378.7
399	376.12
427.89	372.25
490.6	366.45
555.16	358.71
625.24	363.87
681.19	362.58
706.4	354.2
731.61	341.95
746.36	332.27
753.74	327.12
753.74	327.12
763.58	317.44
763.58	317.44
773.41	307.77
774.03	307.13
774.03	306.48
774.03	306.48
774.03	305.19
774.03	303.26
774.03	303.26
774.03	303.26
773.41	302.61
767.88	302.61
764.19	302.61
759.89	301.32
758.04	300.68
758.04	300.68
755.58	300.03
755.58	300.03
755.58	300.03
755.58	300.03
755.58	300.03
755.58	300.03
755.58	300.03
755.58	300.03
755.58	300.03
754.97	300.03
753.74	301.32
753.74	301.32
751.28	302.61
750.67	302.61
750.05	302.61
750.05	303.26
748.82	303.26
748.82	303.26
748.21	303.26
746.36	303.9
746.36	303.9
746.36	303.9
746.36	303.9
745.75	303.9
744.52	303.9
743.9	303.9
743.29	304.55
742.67	304.55
742.67	304.55
742.67	304.55
742.67	304.55
742.67	305.19
742.67	305.19
742.67	305.19
742.67	305.19
742.67	305.19
742.67	305.19
742.67	305.19
742.67	305.19
742.67	305.19
742.67	305.19
742.67	305.19
742.67	305.19
742.67	305.19
742.67	305.19
742.67	305.19
742.67	305.19
742.67	305.19
742.67	305.19
742.67	305.19
742.67	305.19
742.67	305.19
742.67	305.19
742.67	305.19
742.67	305.19
742.67	305.19
742.67	305.19
742.67	305.19
742.67	305.19
742.67	305.19
742.67	305.19
742.67	305.19
742.67	305.19
742.67	304.55
742.67	304.55
742.67	304.55
742.67	304.55
742.67	304.55
742.67	304.55
742.67	304.55
742.67	304.55
742.67	304.55
742.67	304.55
742.67	304.55
742.67	304.55
742.67	304.55
742.67	304.55
742.67	304.55
742.67	304.55
742.67	304.55
742.67	304.55
742.67	304.55
742.67	304.55
742.67	304.55
742.67	304.55
742.67	304.55
742.67	304.55
742.67	304.55
742.67	304.55
742.67	304.55
742.67	304.55
742.67	304.55
742.67	304.55
742.67	304.55
742.67	304.55
742.67	304.55
745.13	303.26
748.21	301.97
751.89	299.39
758.04	294.23
763.58	289.07
769.72	282.62
779.56	277.47
786.32	273.6
791.86	271.02
794.32	271.02
795.55	271.02
796.16	271.02
796.16	271.02
796.16	271.02
796.16	272.31
793.09	274.89
785.71	280.04
767.27	280.69
734.68	274.89
704.55	268.44
690.41	267.15
688.57	265.86
688.57	265.86
688.57	265.86
688.57	265.86
688.57	265.86
688.57	265.86
688.57	266.5
688.57	266.5
688.57	266.5
688.57	266.5
688.57	266.5
688.57	266.5
688.57	266.5
688.57	266.5
688.57	266.5
688.57	266.5
688.57	266.5
688.57	266.5
684.27	266.5
673.81	265.86
652.91	266.5
613.56	265.21
561.92	258.77
493.06	252.32
438.34	238.13
389.16	228.46
324.6	211.7
297.55	203.31
287.72	200.09
285.87	198.8
285.87	198.8
285.87	198.8
284.64	199.44
284.64	199.44
284.64	199.44
284.64	198.8
285.26	198.15
288.95	198.15
300.63	199.44
341.82	211.05
341.82	211.05
420.51	242
516.42	283.27
579.13	297.45
623.4	305.84
628.93	305.19
633.85	303.26
637.54	301.32
640.61	301.32
643.07	301.32
647.38	303.26
654.76	307.77
665.82	312.28
671.36	314.22
679.96	316.8
688.57	318.09
700.25	320.02
719.92	325.18
745.13	334.85
763.58	341.95
785.71	352.26
812.76	363.87
822.6	367.09
822.6	367.09
823.21	367.09
823.21	367.09
829.36	368.38
829.36	368.38
836.12	374.19
846.58	379.99
866.25	387.73
870.55	389.66
873.01	388.37
874.24	387.08
874.86	386.44
874.86	386.44
874.86	386.44
874.86	386.44
874.24	386.44
870.55	387.08
865.63	388.37
864.4	388.37
864.4	388.37
864.4	388.37
864.4	387.73
864.4	387.73
866.86	382.57
869.32	378.05
871.78	372.9
874.24	366.45
876.09	358.07
877.93	346.46
877.93	346.46
877.93	346.46
877.93	346.46
877.93	346.46
877.93	346.46
877.93	346.46
877.93	346.46
877.93	346.46
877.93	346.46
877.93	346.46
877.93	346.46
877.93	346.46
877.93	346.46
877.93	346.46
877.93	346.46
877.93	346.46
877.93	346.46
877.93	346.46
877.93	346.46
877.93	346.46
