599.65	393
603.65	386.9
600.95	390.3
602.7	393.6
602.6	391.15
606.5	391.3
603.6	393.65
604.05	392.55
603.15	392.7
605.05	387.55
602.85	384.6
603.4	379.15
608.9	373.4
609	366.6
613.9	362.45
611.25	361.2
611.65	352.75
614.55	343.35
617.65	344.05
514.85	371.25
489.6	391.6
487.95	393.5
490	392.75
490.5	391.35
494.8	389.7
493.35	388.75
493.2	388.2
492.5	384.65
493.55	381.45
496.6	381.3
498.25	379.35
498.6	377.7
497.8	380.95
498.6	379.2
502.3	378.55
503	375.3
504.75	372.1
506.25	375.15
509.8	372.05
507.2	373.3
508.35	365.8
511.55	367.05
512.25	361.25
512.7	365.95
512.9	363.55
514.95	367.9
518.05	367.4
516.6	368.25
515.7	373.5
517.9	369.05
518.7	368.25
522	366.55
523.1	365.1
524.7	364.6
525.85	364.3
524.6	371.5
527.65	368.15
530.35	368.95
556.8	361.2
552.15	362.55
557.1	359.75
557.7	361.9
557.9	358.6
560.45	351.3
558.85	355.7
570.75	268.65
571.15	282.95
571.45	287.05
569.4	292.75
570.45	288.05
569.7	292.25
679.55	109.5
829.85	75.65
826.55	95
829.3	101
830.6	100.5
831.4	104.8
833.9	104.85
832.9	106.05
835.1	107.65
897.8	67.4
896.65	73.6
898.95	74.85
900.6	73.35
903.2	78.15
905	82.75
906.1	83.35
906.7	86.95
910.15	86.5
910.3	83.45
909.5	84.8
911.85	88.45
890.3	137.05
887.8	145.25
889.9	148.75
887.95	156.65
894.1	152.85
898.55	156.05
899.5	161.7
901.6	162.5
903.45	160.95
906.45	161.15
903.3	165.8
907.3	164.6
908.05	167.6
907.15	170.15
858.1	162
712.95	140.7
707.85	136.6
708.95	135.45
708.45	136.2
707.95	132.65
709.2	132.05
708.85	132.15
713.35	131.15
716.35	131.45
715.6	133.95
713.1	136.35
713.15	137.25
711.5	138.7
714.5	138.15
716.35	134.75
677.85	141.2
560.85	138.15
555.2	140.6
557.75	137.9
555.5	140.5
554.95	140.5
557.3	143.3
559.05	142.8
552.8	151.55
557.2	146.8
553.85	144.7
751.05	117.25
747.45	115
748.25	113.8
755.4	111.85
755.4	112.2
759.15	112.75
821.8	100.15
823.9	98.1
828.65	94
826.95	93.9
825.3	90.9
827.35	93.1
830.1	90.95
832.6	86.8
833.5	82.55
835.95	79.4
840.7	83.1
843.05	82.75
842.7	84.15
843.7	80.95
847.8	81.55
845.4	78.95
845.9	76
848.4	74.75
847.55	74.45
851.3	72.7
852.15	67.3
852.35	70.1
850.9	67.35
851.85	70.8
852.2	64.3
855.5	61.2
853.3	62.5
851.2	63.1
851.55	63.9
850.25	68.1
726.75	114.5
456.05	201
448.6	197.3
450.15	190.05
451.9	187.4
454	188.3
452.8	184.5
450.4	184.65
448.95	184.2
450.65	181.9
450.7	181.75
449.7	179.45
450.9	178.8
451.55	177.4
454.3	177.55
479.25	163.6
490	148.3
493	144.35
494.25	145.6
495.6	142.85
494.25	141.3
493.1	142.95
495.75	139.4
499.45	139.45
497.55	140.35
495.05	96.05
499.4	98.45
497.4	97.5
493.25	101.4
494.95	95.8
492.35	97.8
491.55	98.65
490.1	99.8
490.1	102.05
525.35	92.75
527.55	97.25
533.2	93.45
533.75	93.55
535.65	92.85
531.5	94
531.45	96.3
531.05	95.3
529.25	93.1
529.3	95.2
530.75	93.85
529.55	93.55
526.75	97.6
527.55	100.2
526.15	94.75
527.35	100.15
526.65	98.5
524.95	100.3
0	0
0	0
0	0
523.35	106.8
551.95	95.95
570.25	93.4
571.55	91.45
569.2	92.45
568.85	93.7
570.2	90.6
568.8	87.95
572.2	88.35
569.7	88.6
569.5	90.95
569.25	95.4
573	85.55
573.05	86.2
571.65	86.25
571.6	84.35
569.6	84.95
571.25	88.6
568.3	86.35
571.55	88.95
571.3	94.55
571.15	90.25
575.5	93.65
576.5	94.2
574.35	94.45
574.75	94.9
573.7	95.05
521.75	126.05
509.65	128.9
506.4	130.95
504.2	132.4
505.95	135.35
506.8	137
508.4	136.2
508	135.7
507.45	134.8
510.4	137.6
511.55	136.9
510.85	144.1
445.65	128.45
446.3	127.65
448.55	131.5
448.85	132.6
448.75	135
450.85	132.5
451.9	134.8
452.4	136.7
454.7	139.7
454.2	136.9
454.9	136.2
454.15	139.95
453.9	137.85
451.85	138.5
452.8	139.4
452.2	139.65
454.35	147.45
451.8	146.4
454.25	145.85
457.3	150
456.4	151.6
428.05	114.55
429.45	113.75
432.8	113.25
433.35	114.1
432.4	115.4
436.4	115.85
438.05	116.5
439.55	118.85
440.85	121.95
442.25	121.7
445.35	122.6
444.2	124.15
445.95	125.05
446.4	126.3
447.85	127.4
447.2	129.1
448.75	136.95
450.45	132.8
451.5	135.7
452	137.05
455.4	138.5
457.15	140.6
460.7	143.65
456	147.65
489.65	159.85
512.7	148.35
515.05	151.8
517.25	149.3
519.05	151.05
523	148.45
521.9	154.7
525.3	145.65
527.75	150.15
529.15	151.25
529.95	150.5
532.4	147.3
531.2	153.3
536.65	154.85
539.1	152.2
541.75	154.95
545.9	152.5
543.45	154.35
487.2	217.75
478.9	242.15
480.45	245.55
480.1	244.15
484.2	245.45
485.1	247.7
487.25	249.8
492.3	248.95
492.7	247
495.35	246.05
498.9	245.05
500.05	245
591.7	264.05
595.5	259.2
595	268.35
597.15	265.3
597.2	263.7
598.85	265.05
599.6	264.75
600.55	268.25
605.8	268.4
606.25	268.55
605.2	272.1
609.45	273.8
609.1	271.65
608.95	274.85
611.9	272.05
610.85	272.6
611.7	274.85
526.35	277
483.4	288.55
479.85	290.65
479.55	291.05
482.15	288.9
483.3	286.55
483.65	283.8
486.15	283.25
485.4	291.15
484.6	287.7
485.55	291.8
485.6	290.9
485.3	290.5
487.55	291.6
487.4	291.35
488.8	293.1
488	291.7
487.6	293.9
420.9	279
420.95	279.9
422.2	281.25
422.3	278.15
420.3	282.35
421.45	279.3
424.1	275.9
425.25	279.55
422.6	282
423.1	274.65
423.9	273.15
428.95	273.05
425.8	278.55
426.5	280.65
429.75	278.45
428.5	282.35
433.45	279
434.55	278.25
431	284.45
433.65	277.75
433.7	281.9
435.25	283
433.4	284.3
437.05	286
437.6	286.55
440.2	284.45
441.2	283.5
443.2	285.5
444.45	287.45
446.05	286.8
445.25	287.8
449.85	286.55
451	287.55
452.15	288.75
453.3	285.2
457.4	285.35
460.5	286.4
462.3	286.4
464.1	280.95
464.45	281.95
464.9	283.2
469.8	279.75
471.25	277.25
470.85	280.7
475.75	280.2
476	282.4
475.3	283.75
478.15	285.7
479.4	285.15
481.75	284.85
484	286.2
486.45	285.4
488.1	284.25
490.2	282.6
487.55	287
489.9	289.45
491.2	286.55
492.55	288.1
493.25	286.2
494.45	287.5
493.6	284.15
495	285.3
495.95	282.35
499.45	277.8
498.9	279.25
496.5	276.7
500.95	272.6
505.5	270.85
505.6	264.55
506.6	265
507.1	259.7
507.15	259.85
507.8	259.35
503.2	260.3
503.1	259.55
502.95	258.95
503.5	259.9
504.1	259.3
504.05	259.4
505.9	258.7
505.15	259.4
503.3	260.45
501.85	263.2
502.3	263.2
504.1	263.65
503.7	260.15
504.2	259.2
500.8	262.85
499.55	263.6
501.5	265.8
500.75	265.3
500.25	265.75
503.35	262.5
504.35	397.85
504.5	390.95
502.9	390.45
508.2	388.35
514.15	384.9
512.85	386.6
514.6	387.4
516.8	390.6
514.65	391.65
514.4	399.25
520.05	394.45
518.65	395
519.15	396.55
519.9	398.75
519.55	401.05
518.1	400.45
522.75	395.6
526.2	395.1
528.2	396.3
528.05	406.45
527.1	407.1
529.1	407.75
531.95	407.6
537.6	397.5
538.5	398.1
536.45	402
536.85	401.45
537.3	401.2
539	399.65
542.9	398.75
545	401.75
547.75	402.65
545.55	404.8
547.05	404.8
548.35	404.05
549.6	407.7
549.95	408.1
551.35	404.65
550	406.1
550.5	408.75
333.25	531.2
102.1	665.7
102.25	660.4
103.4	660.85
102.35	661.65
104.7	664
106.3	660.3
104.9	658.45
105.4	653
106.15	650.65
110.95	649.1
64.45	661.05
75.4	658.75
78.8	656.45
84	651.95
86.65	649.4
86.9	646.35
86.8	642.4
89.3	643.15
91.15	643.6
96.25	635.75
98.55	633.75
101.4	634.45
106.75	631.25
111.75	629.05
113.75	626.6
118.1	623.35
121.3	620.25
123.8	623
128.3	620.3
129.45	622.35
136.3	619.25
142.75	616.9
148.45	616.65
151.7	619.3
157.35	616.3
160.05	616.2
162.35	611.95
170.7	612.4
176.95	609.9
178.85	608.05
188.15	609.05
193	607.8
200.25	604.85
205.2	607.2
210.15	608.6
211.4	605.9
215.9	601.55
218.5	601.25
223.95	599.15
230.45	601
234.3	598.3
238.6	595.35
242.25	594.45
244.95	593.5
248.65	591.95
254.35	594.35
259.1	598.1
261.15	599.25
266.15	601.3
270.15	604.4
274.1	602.05
275.25	601.2
276.45	599.6
281.1	597.45
283.95	594.3
288.75	592.5
291.3	590.35
298.15	589.3
301.7	594.4
304.3	595.05
307.55	591.05
310.85	586.35
314.75	583.1
320.55	580.5
325.1	580.2
328	574.75
331.45	569.25
333.65	563.4
336.35	557.6
338.15	556.5
340.85	553.75
344.25	550.55
346.1	547.25
351.1	541.25
351.9	538.05
355.05	533.1
356.75	530.3
358.5	523.9
366.5	514.75
370.3	514.95
373.8	513.3
380.35	516.15
386.5	514.3
389.35	515.35
395.55	515.85
401.1	514.25
403.15	513.3
409.7	512.3
412.25	511
412.75	510.45
414.05	507.1
418.05	504.2
423.05	504.55
428.7	503.15
432.55	503.8
438.8	505.3
442.2	508.95
441.85	506.05
444.1	503.2
449.3	502.8
450	503.95
454.35	502.2
454.35	500.5
458.15	501.75
458.65	502.75
464.3	500.05
468.6	496.75
476.2	498.15
478.9	498.1
481.6	496.05
487.85	494.15
493.05	493.15
498.05	493.65
498.85	495.2
507.1	491.15
514.45	489.6
517.65	486.75
524	482.65
528.75	479.5
532.35	479.15
537.4	477.3
542.4	474.05
546.45	469.75
550.4	466.85
553.15	467.85
557.75	465.35
561.4	464.25
564.45	463.4
567.2	460
571	460.6
573.75	457.45
572.1	457.7
576	456.1
575.65	455.6
576.7	456.85
577.25	456.05
577.7	457.5
579.65	456.65
580.25	454.3
580.15	456.05
581.95	453.9
582.8	454.05
583.75	456.55
585.15	459.45
587.6	457.95
588.4	457
589.5	459.35
591.3	461.1
589.45	465.6
594.15	465.9
596.35	464.55
598	464.4
602.95	466.65
604.3	465.5
605.9	465.3
609	465.3
612	467.3
610	469.15
613.2	469.5
555.35	481.9
461.45	506.6
451.65	501.55
453.95	503.9
456.8	503.45
456.25	502.55
460	502.5
459.65	503.4
461.75	505.8
467.55	505
468.4	504.05
463.65	506.85
468.65	506.7
471.6	510.75
471.8	510.55
473	511.4
474.1	514.1
477	515.2
478.35	516.15
479.7	517.7
479	519.95
481.5	520.1
484.45	521.6
487.25	515.6
489.15	519.45
490.15	520.1
490.1	525.75
492.2	524.9
498.55	524.8
503.55	527.05
506.15	523.75
507.35	525.4
509.35	526.4
508.8	525.65
512.65	529.7
513.8	528.8
515.2	529.5
516.95	528.4
517.85	530.55
520.4	530.45
520.2	535.1
523.9	535.1
527.55	536.1
528.15	537.3
530.8	537.3
538.65	537.75
537.1	539.85
541.5	541.8
539.75	539.85
545.3	540.25
548.45	542.7
550	543.65
555.55	545
558.2	548.35
558.5	547.8
561.15	549.7
566.45	549.2
568.3	549.95
568.35	551.95
572.15	551.75
574.05	554.1
575.7	553.85
577.45	554.25
580.6	555.15
581.8	553.8
583.4	557.8
584.6	557.65
589.8	555.55
593.65	555.15
596.15	556.1
599.9	554.25
600.9	558.65
604.25	558.65
606	557.4
610.25	557.75
609.4	560.75
611.65	563.6
616.8	564.2
613.85	569.2
619.25	571.05
622.75	571.15
624.9	572.7
628.4	575.65
627.55	576.85
630.95	574.5
631.4	577.8
633.45	578.75
636.95	577.9
639.2	579.2
640.3	581
644.45	581.65
649.95	581
653.2	583.05
653.3	582.3
654.5	585.85
656.6	585.25
659.35	587.55
663.9	587.8
666.6	589.15
670.55	588.4
671.45	591.25
673.3	591.4
675.35	590.35
553.3	578.85
355.95	545.7
361	544.4
366.55	544.55
370.85	547.05
371.8	550.85
376.85	548.35
376.95	549.7
380	549.45
383.25	548.15
384.85	552.9
384.35	553.7
385.95	550.9
385.75	553.25
388.3	554.15
387.7	556.95
390.2	557.45
391.4	558.8
393.65	561.2
396.3	564.3
397.05	565.35
401.65	563.8
403.5	566.4
401.4	570.6
400.1	570.4
403.95	571.25
402.75	575.3
405.85	576
408.35	573.8
408.45	576.65
409.6	576.6
413.9	577.7
411.6	585.25
416.8	585.2
416.05	581.45
419.95	583.65
422.5	585.2
425.45	584.1
423.4	586.8
424.35	587.95
424.85	590.6
426.65	590
429.25	590.5
427.15	589.1
433	590.15
435.15	588.55
432.05	587.45
431.9	589.9
435.35	591
438.15	590.75
438.95	594.5
435.25	595.15
442	594.5
441.5	594.45
444.85	595.25
451.5	594.95
445.55	594.1
449.75	599.4
452.65	597.6
454.4	600.85
455.2	601.3
452.75	610.3
456.15	600.45
458.85	609.3
459.25	613
461.1	607.6
463.55	607.75
463.25	610
466.6	608.55
466.6	611.75
467.5	617.95
467.4	616.25
470.65	615.7
469.7	614.85
472.35	620.35
473.9	620.9
469.25	620
476	621.75
477	620.75
478.85	621.15
484.35	622.7
485	622.2
484.35	620.85
488.05	622.65
493	623.1
491.15	626.35
495.15	627.3
494.15	629.95
498.4	630.4
500.7	631.45
504.1	632.7
506.25	633.65
506.55	635.95
510.5	637.7
511.15	638.8
506.55	640.4
508.45	640.05
508.55	640.95
512.2	643.45
516.4	642.65
516.25	642.85
515.9	648.95
519.9	651.2
519.45	652.7
523.15	653.75
524.95	657.7
528.75	660.85
535	665.55
535.45	665.95
539.15	668.95
541.65	672.95
541.35	671.75
547.95	675.4
546.1	675.45
552.5	678.85
554.85	681.15
554.35	683
557.15	686.2
560.25	689.6
559.75	688.85
563.7	692.25
568.6	697.9
567.15	698.45
571.8	697.5
573.15	699.15
575.55	701.7
575.15	701
575.3	698.75
574.65	703.7
577.6	705.2
583.8	701.7
585.7	706.35
591.3	703.9
589.15	706.5
590.6	706.75
592.65	705.85
596.5	702.65
593.1	709
600.8	707.75
605.7	709.65
550.85	690.55
437.4	580.15
436.85	578.8
435.8	582.7
441.95	579.2
444.05	577.25
445.25	587.25
445.55	586
450.7	589.6
446.3	590.35
449.25	593.5
451.45	595.15
453.65	598
453.85	600.85
450.25	595.9
457.45	600.05
455	600.7
457.2	602.55
460.45	610
464.5	608.75
461.55	609.35
463.5	611.65
465.2	616.55
467.1	614.6
468.55	618.45
472.15	614.7
473.85	616.7
475.3	618
476.6	620.35
474.55	621.8
477.95	618.3
478.8	620.6
479.85	618.55
484.35	618.55
481.85	623.85
484.05	623.3
485.5	621.75
485.25	629.8
489.2	630.8
487.7	631.65
490.9	631.75
489.2	633.75
492.5	632.85
495.55	633.15
498.25	637.6
501.25	640.1
501.75	640.6
499.8	639.6
501.55	641.85
503.75	641.85
504.5	646
500.6	648.95
505.35	650.75
509.15	651.45
510.4	650
512.85	652.75
513.7	652.7
515.6	653.05
518.55	654.8
521.8	655.85
522.2	656.35
525.75	659.65
525.25	658.25
526.4	657.3
529.2	659.35
531.15	656.3
533.8	656.45
535.3	660.95
536.2	658.7
537.6	659.75
542.05	661.35
545.15	662.9
544.95	654.55
549.3	655.7
555.45	652.45
553.95	655.15
556.05	653.2
557.65	654.45
557.85	659.1
558.35	664.6
559.85	665.2
564.3	663
566.9	658.15
570.45	658.35
571.1	655.8
571.05	662.05
571.95	661.7
571.95	665.5
579.1	662.7
580.2	664.85
579.6	665.3
583	664.6
585.65	666
584.4	665.3
586.4	669.25
586.4	670.65
587	675.3
591	673.85
591.25	674.6
593.4	675.45
599.7	673.15
601.6	674.95
603.65	673.35
607.55	675.1
609.8	674.35
607.7	680.4
609.7	682.35
608.35	680.8
614.6	678.2
619.55	677.7
616.1	683.25
619.85	685.35
618.8	684.1
623.7	685.05
623.75	685.7
631.3	679.25
631.3	681.25
631	678.6
632.35	679
631	676.95
635.05	680.4
636.3	677.75
637.2	681.6
636.95	681.95
635.7	684.25
642.75	680.9
644.25	682.85
646.75	681.55
648.65	685.25
649.3	685.65
652.35	685.9
653.25	688.8
658.35	686.15
654	689.5
658.4	689.25
659.7	688.05
662.65	690.1
660.4	693.6
663.05	695.45
663.6	694.35
665.25	694
664.45	696
669.45	695.8
668.6	696.6
669.35	699.1
670.35	693.7
672.8	694.95
675.15	692.15
673.15	691.85
675.2	695.95
674.3	695.55
676.9	697.95
673.5	698.5
676.65	698.55
679.85	696.85
680.35	698.05
682.8	696.85
684.05	696.3
682.8	697.05
684.9	698.9
680.25	698.65
687.6	698.35
682.7	701.65
679.55	699.65
682.65	702.15
689.45	698.9
692.35	699.3
689.8	696.55
690.7	696.25
691.5	700.15
690.6	699.55
694.65	697.9
692.7	700.1
695	698.45
692.6	698.2
694.45	699.9
694.2	698.85
693.1	699.65
696.45	698.6
694.6	699.85
695.45	698.5
696.7	697.8
696.55	697.95
697.4	699
696.55	700.35
700.25	697.2
701.5	696.15
705.45	696.35
707.8	696.55
707.3	697.1
706.05	697
709.9	694.9
714.3	695.6
713.9	696.15
712.75	696.6
715.2	696.75
714.55	702.8
716.35	699.3
717.4	699.8
718.55	700.8
718.8	698.35
720.35	702.1
723.45	700.65
724.85	700.85
727.95	699.3
731.3	698.1
730.75	698.3
731.2	698.5
732.7	701.65
734.25	698.95
737.55	697.45
738.35	701.2
740.85	700.35
741.7	698.6
744.85	699.65
746	702.1
742.4	701
747.8	700.85
748.05	700.3
747.95	700
751.15	697.85
750.8	693.8
751.3	693
750.65	691.9
753.9	694.55
752.25	691.85
754.65	691.2
756.3	691.7
757.5	690.65
754.8	692.75
752.95	691.15
753.3	689.25
753.3	688.6
751.6	687.05
753.6	685.75
752.9	686.9
753.2	689.1
756.75	687.35
755.25	684.7
753.75	684.65
752.65	687.05
751.35	685.2
748.65	687.95
749.9	685.9
750.5	685.6
746.95	687.15
746.35	687.2
744.65	687.25
742.2	686.45
741.75	686.15
736.35	688.8
732.55	686.95
730.7	689.45
728.45	683.7
726.25	682
723.3	679.7
719.85	679.8
718.85	678.05
714.1	676.75
716.3	673.9
716.25	672.8
712.2	672.2
712.1	668.9
713.45	664.1
715	660.45
714.9	659
712.6	656.4
712.85	656.7
710.4	656.95
713.3	654.75
711.5	653.75
711.85	652
715.55	651.1
715	647.65
717.35	644.55
714.05	644.7
720.75	639.7
718.8	640.75
721.8	635.7
720.95	635.55
722.45	632
724.35	632.75
728.5	629.4
727.2	629.5
731.4	626.85
731.05	623.2
732.9	622.65
732.5	620.9
737.9	619.9
740.45	619
741.85	617.2
742.6	616.4
744.7	612.8
742.15	611
745.45	611.95
750.35	610.65
747.65	611.7
749.9	611.2
751.5	608.45
746.9	609.5
750.8	607.05
749.8	607.1
751.75	606.55
752.9	603.4
755.35	602.05
754.55	599.9
757.65	600.7
757.25	598.35
756.5	597.55
754.55	596.85
754.7	599.5
754.85	596.35
754.15	599.25
750.55	597.9
751.25	596.9
753.5	595.15
752.8	596.15
754.05	592.9
752.75	593.25
753.65	596.35
754.75	593.85
753.45	595.7
752	594.25
753.7	594
754.65	592.1
757.25	584.7
757	585.35
758.2	584.9
756.75	579.85
755.5	578.8
757.1	577.65
756.9	573.35
756.95	569.05
757.45	568.4
759	567.3
758	567.3
759.5	566.65
762.95	565.6
761.15	559.95
767.5	556.7
761.05	558.7
760.6	549.75
765.05	543.35
557.15	490.55
468.6	483.95
465.55	478.25
465.3	465.1
465.2	466.2
462.7	464.85
464.9	464.3
465.1	461.6
0	0
0	0
0	0
0	0
0	0
562	72.1
561.9	80.2
561.45	85.8
562.45	77.2
562.15	70.65
563	74.05
563.8	71.05
557.65	60.45
563.7	92.35
0	0
0	0
0	0
0	0
0	0
0	0
488.85	651.5
521.25	635.65
531.85	596.95
531.2	427.25
532.05	416.3
538.7	403.95
544.95	390.95
542.55	386.4
544.85	380.85
544.45	380.6
545.05	372.7
543.65	373.5
542.7	375.35
545.25	366.5
545.4	364.05
544.1	594.15
545.9	617.95
542.75	611.45
543.6	611.8
550	613.15
553.55	611.05
556.5	607.05
561.3	600.35
590.15	605.7
590.65	602.05
594.3	603.45
599.3	597.45
600.65	598.55
600.5	598.5
602.65	592
605.5	585.9
604.3	590.25
606.5	589.35
608.1	587.5
611.75	581.5
613.25	587.75
619.6	585.85
621.75	587.2
623.95	584.5
642.5	584.25
640.35	584.55
647.85	587.4
650.3	591.3
650.05	590.6
649.5	590.05
651.35	592.25
653.05	591.4
654.5	589.05
657.6	592.85
658.7	596.75
665.7	597.9
665.2	600.9
660.05	601.6
663.4	604.95
664.1	611.4
669.55	625.3
671.5	645.75
672.45	644.55
673.85	652.85
674.55	651.05
671.1	652.95
676.55	654.45
673.55	653.1
677.15	653.15
671.6	652.55
670.25	655.65
674.15	658.2
396.3	512.85
349.55	496.9
351.25	485.45
355.35	486.75
357.75	488.8
359.2	487.45
361.1	488.55
364.3	489.55
364	490.85
370.75	491.5
371.55	490.05
374.15	490.4
377.1	490.4
383.9	488.4
388.2	486.25
392	489.25
397	486.65
397.4	486.65
402.95	479.85
406.2	478.8
409.65	478.35
506.6	448.35
507.7	448.9
508.2	441.6
510.4	444.9
513.25	440.65
510.8	445.8
511.25	445.85
506.45	443.9
509.05	441.1
509.8	438.45
507.65	438.75
505.15	438.6
509.8	439.1
562.35	533.15
572.55	540.95
564.65	543.3
566.05	548.2
570.5	545.35
571.45	544.5
572.7	546.45
569.7	545.55
570.3	542.9
570.3	545.05
567.35	543.65
547.8	493.65
533.35	406.1
530.2	403.2
526.6	409.1
525.05	411.25
526.85	406.8
523.35	408.5
518.8	406.2
520.1	406.9
518.1	410.1
516.95	411.65
514.85	409.1
509.65	409.15
505.05	413.5
503.3	412.25
504.3	411.2
504.1	411.95
504.7	413.3
526.2	418.45
731.95	482.4
742.8	479.65
743.9	476.6
744.4	469.35
746.2	464.35
741.25	468.85
769.6	482.45
1046.4	659.55
1049.4	659.3
1051.45	653.05
1053.85	653.5
1051.65	652.25
1054.45	647.9
1053.25	641.5
1052.75	636
1052	620.6
941.25	402
933.1	392.15
936.35	385.5
932.55	382.45
936.1	375.5
932.35	374.95
934.15	371.3
936.3	371.05
937.3	364.8
941.25	360.15
690.3	373.6
659.4	370.45
656.9	370.15
659.1	368.4
657.8	364.55
656.45	367.45
655.1	371.1
652.35	367.85
653.05	359.95
654.45	360
655.25	360.15
653.45	361.75
650.85	358.4
679.8	361.75
1032.1	423.65
1040.4	423.3
1039.5	428.15
1041.25	423.35
1048.65	418.95
1048.15	413.3
1088.45	429.05
1083.55	425.2
1083.1	421.95
1084.2	416.95
1082.6	412.2
1082.35	413.5
1083	408.45
1082.45	413.05
1085.85	405.8
1085.45	407.65
1085.8	406.5
1088.55	402.9
1082.55	404.4
1085.8	401.05
1092.4	380.25
1091.55	371.45
1090.3	369.9
1088.7	366.75
1089.15	364
1089.2	363.3
1088.5	362.9
1088.6	363.25
1085.55	363.35
1085.95	363.3
1081.8	358.6
1081.2	357.8
1082.5	356.2
649.4	401.5
502.45	424.95
483.1	429.55
480.55	430.85
478.1	428.25
479.15	428.3
480.2	425.25
477.95	427.85
473.25	428.3
475.85	426.75
476.8	425.1
469.75	428.6
468.45	428.95
467	430.85
465.6	427.65
419.45	537.8
412.5	610.15
414.8	616.65
416.2	621.45
421.25	615.05
419.75	617.7
426.7	616.75
425.65	616.7
428.3	613.05
429.95	613.1
432.15	610.85
431.85	608.9
433.05	602.7
434.4	603
433.45	599.25
438.3	596.1
436.3	594.1
439.3	596.7
438.7	593.6
439.3	595.5
687.9	630.25
953.85	650.5
954.75	642.45
950.3	639
951	636.85
950.95	631.95
949.8	633.25
953.2	627.45
952.65	628.5
951.9	623.35
951.1	621.6
949.45	619.65
948.55	616.25
949.6	613.95
945.3	615.4
948.8	610.25
948.3	609.05
944.95	607.05
942.2	605.7
942.3	602.05
943.6	599.3
938.4	594.9
940.15	593.25
937.45	588.75
932.85	590.25
932.7	590.8
932.4	587.3
931.6	584.75
642.3	518.55
552.05	512.35
544.15	507.45
545.3	510.6
551.2	510.55
559.1	506.2
564.15	508.3
571.75	508.55
583.4	502.45
590.95	500.9
600.45	496.5
604.3	498.15
613.65	496.3
623.65	496.15
630.4	496.6
633.2	498.35
637.45	497.75
642.4	501.55
653	503.55
658.45	502.4
478.55	491.3
452.8	496.95
464.7	494.1
472.5	496.2
484.55	494.9
489.4	492.7
500.1	490.35
510.1	485.35
521.6	484.65
528.4	486.9
536.15	483.15
542.7	480.8
549.3	481.3
558.6	479.15
564.35	479.35
570.95	476.15
579.25	476.3
584.95	476.4
592.25	480.95
596.95	484.55
602.35	484.6
608.3	490.95
612.6	491.1
859.75	526.95
905.3	532.35
917.95	525.15
919.9	528.55
925.4	527.2
929.85	532.95
940.4	527.6
947.7	529.65
947.2	531.3
949.25	529.55
948.4	527.8
767.75	444.85
716.1	429
709.15	420.8
708.65	416.8
708.75	416.75
705.7	417.4
703.3	415.15
703.25	414.15
702.85	411.55
703.6	409.15
703.4	411.15
700.05	410.85
697.9	411.4
698.15	411.5
698.55	409.45
700.2	410.55
697.45	408.2
698.15	407.95
699.35	405.85
702.9	407.75
419.6	381.25
423.55	377.1
425.3	368.6
428.5	367.25
429.1	368.95
429.9	368.85
430.3	369.35
433.85	368.05
433.8	366.55
437.45	363.1
438.95	363.8
437.9	360.65
435.45	362.6
498.6	349.1
717.8	286.3
717.4	278.25
716.3	283.15
721.25	280.75
725.65	277.65
726.5	277.95
722.95	283.2
722.6	281.95
722.65	283.95
717.85	285.25
718.25	286.1
713.35	283.8
711.3	292.5
713.65	280.6
701.5	287.5
474.75	371.4
474.6	369.95
475.2	372.55
475.85	376.6
476.7	378
476.35	380.95
476.2	382
476.65	381.9
478.25	379.7
477.45	384.45
480.8	384.85
481.6	384.9
487.65	382.5
491.1	380.4
497.2	380.4
494.15	384.15
496.8	380.7
498.2	381.65
496.8	380.5
503.35	378.4
505.25	375
505.3	377.3
507.4	376.6
509.35	371.85
507.95	375.05
510.15	378.15
509.55	380.6
516.25	373.65
514	372.6
696.45	313.15
719.9	299.6
722.65	300.55
722.4	299.3
724	295.8
722.15	295.1
720.9	303.4
721.55	298.15
795.9	282.65
908.75	230.3
907.35	229.6
905.75	228.95
904.5	230.9
905.6	228.2
903.2	227
906.7	223.85
489.9	359.45
448.65	382.05
452.4	376.7
454.6	375.55
457.45	375.85
457.75	375.9
455.2	378.6
456.65	382.95
461.3	378.95
468.5	380
471.05	377.65
469.95	388.5
472.8	387.4
473.5	389.25
477.6	389.95
485.65	377.05
483.5	381.65
482.75	380.2
479.1	387.25
479.95	386.95
479.85	382.75
483.65	380
484	380.15
485.3	377.65
743.55	272.6
774.1	241.3
773.05	233.95
771.5	236.9
772.95	224.1
768.6	226.5
771.25	233.7
765.45	234.8
765.25	236.1
765.75	233.05
763.55	224.65
768.2	222.95
766.2	227.25
766.45	232.9
765.95	237.4
768.2	232.05
768.35	234.6
766.75	228.05
765.3	472.3
760.8	485.4
758.2	479.5
744.8	477.55
737.4	472.85
724.65	471.9
712.15	471.6
704.1	471.65
691.9	469.25
684.35	470.9
675.95	476.3
660.2	479.15
656.35	475.3
645.95	474.3
640.1	473.85
584.15	437.6
498.4	348.65
491.9	341.6
493.85	340.55
496.3	341
497.95	343.35
499.25	338.75
502.7	338.75
506.4	341
506.45	337.7
508.2	340
508.15	342.8
511.4	341.75
511.5	341.05
511.75	339.7
514.7	339.25
515.5	340.5
518.25	343.05
516.9	348.15
515.1	351.8
515.1	350.6
515.15	351.9
520.25	352.55
520.25	352.1
522.2	352.65
520.6	357.25
521.85	353.65
525.9	353.4
707.25	350.3
766.65	340.2
772.25	341.5
773.7	337
772.65	337.25
776.7	335.05
775.85	336.9
776.2	335.95
777.4	334.3
775.75	337.35
776.25	338.2
775.6	338.55
773.5	340.5
773.85	340.1
772.85	336.55
706.3	283
707.1	272.8
700.85	273
700	273.1
696.4	269.85
689.75	270.3
685.3	268.25
680.3	266.8
675.25	267.35
666.2	267.4
659.3	265.4
653.45	264.55
650.75	262.35
644.8	261.75
638.25	260.35
615.4	253.4
596.65	249.85
587.6	246.5
580.8	241.5
569.8	239.55
564	240.6
557.35	239.3
552.25	235.35
542.95	236
532.95	244.6
528.4	240.7
521.7	238.8
515.1	232.4
507.5	232.35
496.35	233.3
490.95	226.9
486.2	229.6
478.6	228.45
470.05	231.95
466.2	227.25
458.8	224.2
447.7	226.8
585.75	254.4
609.75	268.95
607.75	263.7
605.05	259.45
597.05	260.1
592.1	262.6
582.7	263.4
571.8	267.3
568.9	265.6
561.75	269.25
558.1	267.15
549.35	258.25
543.2	254.5
535.5	260.9
531.45	259.1
522.4	255.9
516.05	261.45
506.75	261
501.65	260.95
493.5	260.05
485.3	267.05
475.8	265.1
469.1	265.55
464.9	261.75
465.05	258.4
497.45	253.8
494.25	253.05
481.95	258.3
472.2	255.85
467.45	250.4
456.6	251
446.25	246.4
438.8	241.05
431.6	240.5
424.1	240.4
416.6	235.5
540.65	313.1
561.8	326.05
559.25	324.25
550.95	318.25
547.05	314.4
544.5	313.95
537.95	315.45
535.7	313.6
529.95	312.7
521.55	314
516.25	316.35
513.5	311.9
507	311.3
497.5	321.55
490.05	321.7
483.45	318
476.8	318.55
552.7	454.1
557.75	603.85
0	0
0	0
0	0
0	0
583.4	706.5
580.2	679.45
573.75	663.15
565	650.75
559.4	643.7
553	639.1
542.15	637.6
527.85	638.95
515.3	630.85
499.9	630.55
380.05	551.85
364.3	548.4
352	546.9
338.25	549.75
328.8	547.45
317.25	541.35
323.2	455.65
334.75	351.4
335.95	338.15
330.1	332.05
323.7	333.05
322.2	330.85
416.9	368.7
737.1	405.95
803.7	420.55
807.2	426.85
805.3	427.7
801.75	427.8
801.25	422.9
799.4	422.95
800.15	422
798.7	424.8
800	423.1
723.15	383.4
709.95	360.1
704.05	362.1
698.95	364
699.8	360.1
697.95	360.65
693.9	362.4
693.1	361.1
695.55	356.35
692.85	351.95
688.85	353.9
687.6	348.8
684.75	349.2
682.65	347.75
682.15	349
681.3	345.8
680.4	345.95
709.55	330
709.05	329.2
710.15	331.35
713.75	327.2
713.25	328.45
710.4	330.3
711.75	331.65
529.4	332.85
531.75	336.95
530.85	333.25
529.65	332.8
525.65	337.2
521.4	335.95
522.3	336.75
523.95	334.25
519.3	337
518.4	336.05
515.3	340.05
512.05	338.1
508.95	341.5
510.85	336
553.95	413.65
537.85	396
537.5	395.9
537.1	396.3
533.8	397.45
536.45	396.95
530.95	399.1
536	395.75
532.2	399.95
530.25	398.95
527	401.35
522.8	400.2
519.55	399.8
516.7	404.15
511.5	401
516	400.75
512.3	401.75
507.8	399.05
505.8	398.9
502.4	397.8
500.55	397.3
493.9	397.9
492.2	399.4
488.1	396.2
485.85	391.65
482.2	383.75
511.9	318.35
517.65	310.95
516.65	307.45
513.75	300.3
512.15	302.35
506.7	303.6
506.15	300.4
502.25	298.35
501.8	298.2
496.25	302
496.5	301.7
421.8	298.55
354.7	292.3
346.95	286.65
345.1	284.35
345.9	286.05
341.55	289.4
341.6	286.8
339.7	282.45
335.55	279.8
333.7	283.4
330.7	284.25
329.3	286.1
328.35	284.45
324.4	281.15
321.15	283.35
320.2	283.9
318.1	282.55
315.45	281.1
309.55	279.45
310.45	280.5
497.5	301.7
498.8	297.15
495.9	300.5
493.5	293.05
491.1	295.3
485.7	296.2
481	296.95
480.25	296
478	298.4
477	290.5
473.85	294.7
474.35	296.45
475.3	292.05
471.15	295
470.85	292.35
466.05	290.7
465.45	290.45
464.9	289.25
461.25	287.4
458.25	285.85
647.8	464.95
671.2	464.4
674.4	467.1
673.45	465.35
671.35	465.5
672.8	462.45
669.9	466.5
670.35	465.25
673.05	462.25
673.35	459.1
671.6	454.15
670.2	450.4
669.35	452.35
670.05	448.85
670.5	444.1
669.4	441.6
673.55	437.65
669.9	431.9
673.6	425.7
674.05	428.55
674.2	426.15
394.75	319.75
376.4	302.05
374.6	295.85
375.15	295.9
368.5	297.6
369.35	296.5
373.3	289.9
369.7	290.65
368.95	288.7
365.35	291.75
361.7	284.85
363.15	287.55
360.9	285.5
359.25	289.1
353.3	286.15
348.45	290.25
346.4	291.25
333.85	303.75
206.9	449.15
202.8	452.5
204.55	451.05
210.2	451.45
211	449.15
213.2	452.1
215.2	449.95
220.45	452
223.45	450.8
226.3	449.8
228.9	449.5
232.15	452.3
237.9	446.55
243.05	444.5
244.05	445.8
245.6	440.8
242	445.1
244.8	443.2
245.9	448
365.7	551.25
371.3	554.5
370.1	553
370.7	550.45
371.55	549.55
372.6	545.35
367.55	544.8
345.85	530.75
245.45	422.5
240.55	414.6
237.9	415.75
236.25	412.5
234	412.55
232.35	413.25
231.75	409.05
230.55	403.1
229.45	403.85
228.8	400.05
167.7	394.5
165.4	385.55
165.05	381.05
161.7	381.7
158.4	377.95
157.65	372.85
155.65	368.55
152	365.1
148.55	360.3
146.65	358.5
141.95	352.8
144.95	391.5
173.2	577.6
170.6	580.85
168.65	577.6
165.85	572.9
158.75	566.3
157.4	564.8
149.75	565.1
143.95	562.95
134.6	557.75
135.55	553.7
157.85	581.3
173.4	604.45
173.35	599.85
170.25	594.55
163.55	593.65
158.35	592.95
153.8	592.75
148.65	594.5
142.3	594.9
137.65	596.3
136.1	590.65
130.55	589.3
129	584
123	584.9
530.5	427.6
751.65	350.25
770.1	335.65
763.4	333.5
761.15	327.35
761.65	325.85
756.05	323.15
750.45	325.2
747.7	321.2
751.65	316.35
751.8	313.4
746.4	311.35
743.8	309.85
748.1	306.9
746.2	303.3
743.75	296.65
740.6	298.35
824.4	260.2
850.55	254.8
853.95	251.65
853.75	244.2
851.95	244.8
856.9	239.15
852	240.75
851.75	236.4
853.9	231.8
853.6	226.1
847.55	234.75
848.3	229.35
882.6	219.8
871.15	220.1
871.1	213.05
870.35	207.95
869.3	209.1
863.85	211.65
860.35	206.65
860.8	203.75
857.9	209.85
857.9	207.5
625.05	317.35
628.85	325.55
625.5	321
621.65	320.35
619.65	320.55
613.6	320.65
610.15	317.3
676.1	293.1
745.7	275.55
746.9	266.25
747	269
741.75	265.25
739.9	268.05
740.5	272.75
741.05	270.35
737.35	274.8
731.3	280.5
728.5	284.25
727.75	285.7
726.5	290.25
725.2	292.6
723.1	296.9
719.8	304.1
718.4	308.1
716.95	311.55
741.3	337.5
738.3	352.2
734	360.1
727.4	370.2
725.6	376.6
719.75	383.85
716.4	393.4
716.45	397.45
706.15	411.75
711.85	414.85
711.75	416.85
709.05	423.9
702.45	432.05
700.55	439.1
700.85	442.5
701.6	445.35
698.95	451.75
697.5	458.65
696.05	463.7
692.25	471.55
690.75	472.25
688	478.15
685.9	485.85
683.1	494.85
679.95	500.65
678.4	503.45
676.25	507.05
673	511.1
670.8	520.3
664.75	524.1
660.25	530.6
660.5	535.25
662.7	538
658.9	540.95
660.6	543.75
657.9	547.75
655	552.85
656.75	555.45
650.65	557.5
647.75	561.4
647.35	564.6
645.35	569.5
642.3	575.15
642.7	577.55
641.65	580.25
637.5	584.65
548.9	518.4
492.05	476.95
491.85	475.7
490.2	481
491.3	485
487.9	490.75
488.55	497.55
488	506.55
489.15	512.15
490.45	514.2
490.85	521.35
490.1	525.4
494.8	531.45
493	539.9
494.35	546.25
495.75	546.95
497.95	550.7
497.9	555.1
499.1	557.8
501.15	562
500.4	568.2
502.6	572.65
503.5	577.1
459.6	557.1
465	562.95
465.8	563.55
462	564.4
465.8	558.2
468.35	549.25
470.4	541.45
326.5	514.05
305.75	503.4
313.15	498.1
322	490.55
331.1	489.5
343.4	477.2
352.45	474.7
360.1	475.2
372.25	474.85
382.3	470.5
392.35	471.7
402.95	467.55
418	470.95
359.1	427.9
375.9	388.45
379.05	384.7
387.15	387.25
391.4	388.45
396.4	382.55
403.25	388.55
405.45	389.15
413.9	384.55
289.7	461
298.15	466.1
294.8	465.8
291.65	469.5
289.3	469.75
286.4	473.85
285.95	472.5
286.3	475.55
282.85	477.8
284.75	480.6
282.5	486.9
281.95	488.35
281.8	491.15
290.8	324.65
290.5	314.85
292.25	312.65
292.9	316.35
295.5	326.5
297.25	332.95
298.8	338.8
299.1	340.05
297.1	347.7
297.9	349.5
297.55	355.25
296.1	357.8
295.45	356.15
299.25	348.4
416.2	294.85
413.8	293.65
412.85	293.25
412.4	295.6
410.75	294.5
411.8	294.2
413	295.85
411.6	292.8
438.75	299.55
516.3	328.2
522.85	332.85
522.75	332.25
523.25	334.1
523.2	334.2
521.85	335.7
668.75	364.05
665.25	364.4
666.4	364.7
669.75	369.8
670.5	370.9
668.45	375.45
670.5	376.3
667.5	381.45
761.75	387.65
758.55	392.45
761.55	393.85
763.15	400.05
764.7	395.2
922.8	420.55
922.65	417.9
924.1	423.1
924.9	425.75
928.5	423.35
780.45	475.85
790.25	478.75
793.75	474.6
791.55	469.05
791.95	467.85
797.85	466.5
795.9	466.85
791.6	477.55
843.2	465.9
878.55	464.2
880.1	461.55
879.05	469.6
878.85	466.25
881.35	466.85
884.8	465.95
752.4	432.2
726.7	424
725.1	424.55
724.1	424.45
724.4	426.4
727.7	423.2
729.15	424.15
603.85	326.05
531.35	239.35
530.35	241.35
529.15	240.5
530.35	246.05
530.6	244.85
450.55	286.15
380.8	327.8
370	337.75
372.55	341.8
373.75	344.2
375.55	349.1
379.65	353.1
383	356
384.1	357.15
385.55	366.1
576.25	453.4
603.2	455.65
604.65	454.5
616.8	445.25
621.4	439.85
629.55	436.2
460.15	429
447.2	430.9
445.95	428.1
447.45	429.6
450.75	429.1
452.05	426.45
455.2	424.7
454.3	429.65
460.6	427.6
462.1	429.7
613.2	366.55
768.45	313.6
784.7	299.45
788.25	290
793.4	267.65
798.9	267.15
803.55	266.15
806.15	269.35
806.4	261.15
802.95	262.75
807.05	247.45
799.45	240.85
791.75	243.6
790.15	240.6
787	235.9
423	439.35
370.1	463.35
370.75	471
363.7	475.95
352.2	476.7
345.4	476.7
341.35	474.55
333.5	476.7
275	461.7
267.1	460.55
253.05	464.05
246.2	465
234.75	460.85
223.75	456.2
209.5	448.6
202.55	447.7
194.65	445.15
184.45	452
177.55	445.05
535.3	304.25
886.75	199.9
884.85	185.2
882.35	184.1
881.4	178.15
879	183.9
877.25	181.1
873.95	175.9
873.45	178.7
872.2	184.2
872.1	188.85
872.3	193.8
781.75	257.5
778.3	260.1
779.85	262.95
783.1	268.35
784.8	263.6
785.25	268.55
781.9	272.2
779.9	274.9
778.85	270.85
770.5	278.35
769.15	281.45
763.75	281.4
759.6	286.3
754	285.9
753.6	287.05
752.75	292.9
750.85	295
744.1	299.85
845.75	204.9
834.05	201.35
835.5	203.9
830.5	205.1
824.6	215.2
818.2	220.1
813.45	227.15
810.55	229.7
806.4	238.05
800	244.4
795.5	254.75
790.55	263.75
783.9	268.4
779.35	271.75
772.8	277.85
911.9	291.85
1002.35	284.3
996.35	284.65
991.85	286.35
975	293.65
965.75	293.5
957.35	294.7
946.65	297.2
942	293.3
931.05	298.95
916.75	304.35
909.65	305.7
897.8	309.8
895.1	309.6
889.05	309.9
877.85	313.8
873.05	311.4
608.6	503.3
602.05	513.85
603.1	514.3
605.1	512.2
604.5	512.5
604.7	510.55
606.4	508.15
616.15	507.9
670.05	511.8
671.2	506.2
668	506.15
667.95	503.55
665.45	503.25
663.65	499.8
662.85	498.9
669.2	360.75
673.4	341.7
672.7	339
670.45	342.55
671.95	343.15
673.5	343.3
673.5	343.8
671.5	343.95
672.9	348.8
669.1	349.45
664.85	352.8
666	352.5
667.85	350.95
506.25	510.65
486.85	551.5
486.15	559.85
482	561.55
483.1	565.95
480.95	567.85
481.1	570.45
484.95	567.05
432.25	553.55
430.7	555.95
434.25	550.7
434.25	547.65
434.35	550.15
432.05	547.9
432.4	551.4
435.45	550.7
435.35	545.4
619.35	580.4
639.65	579.25
639.05	578.85
640.5	572.65
636.15	571.35
639.75	567.7
661.9	575.15
659.7	568.25
660.4	562.2
660.15	557.25
656.25	556.3
657.6	548.1
657.15	541.45
649.9	539.65
649.5	535.95
645.3	527.9
633.8	514.55
632.35	511.65
627.7	505.45
623.9	500.3
620.05	493.15
618.15	484.85
614.2	480.7
609.6	470.55
604.9	467.4
603.65	461.7
599.15	457.25
597.05	448.45
575.15	441.25
572.65	437.6
568.65	428.4
564.9	422.3
563.6	415.25
560.75	405.15
553.5	403.25
543.55	404.45
541.75	396.5
535.05	393.05
532.8	385.05
530.65	380.45
527.6	378.1
524.25	374.45
521.25	371.95
520.5	367.35
518	365.9
518.15	362.6
351.5	336.8
340.35	341.25
337.4	340.2
338.4	339.55
337.85	339.4
337.9	340.1
333.55	345.45
335.8	346.7
334.5	350.95
0	0
0	0
0	0
0	0
0	0
0	0
0	0
362.2	521.7
373.75	446.6
383.45	428.65
393.7	431.2
395.4	435.5
401.3	438.3
401.65	438.05
350.3	419.6
327	393.05
328.2	390.55
324.95	381.9
327.5	378.4
328.15	379.15
328.9	380.15
331.6	374.1
334.8	386.15
330.55	390.4
0	0
0	0
0	0
0	0
0	0
351.15	544.45
351.1	520.4
352	519.25
349.5	529.85
345.35	540.55
0	0
0	0
0	0
0	0
0	0
495.7	485.95
501.9	405.4
506.45	365.8
508.75	354.9
510.45	347.85
513.05	338.05
513.45	343.45
512	337.15
512.7	336.95
514.45	336.05
513.2	335.35
517.25	332.35
543	368
548.85	377.55
548	373.4
554.45	372.65
556.5	367.15
554.65	368.85
556.95	379.75
559.9	376.7
563.15	371.5
566.65	374.55
555.55	360.75
547.8	362.4
536.55	345.85
521.25	343.2
518.4	315.15
517.5	370.65
0	0
0	0
0	0
0	0
0	0
0	0
0	0
0	0
0	0
0	0
0	0
0	0
0	0
0	0
0	0
601.85	332.55
604.9	319.95
609.85	311.2
606.35	310.15
603.9	313.65
591.55	311.75
588.8	334.5
600.65	426.7
626.35	498.85
0	0
0	0
0	0
0	0
0	0
0	0
589.8	349.9
606.65	310.85
609.6	308.3
611.75	303.85
616.75	305.95
619.4	305.65
617.3	301.45
611.2	298.95
604.15	324.4
584.7	349.25
586.85	379.4
594.8	383.8
580.4	418
582.1	407.9
594.65	350.75
606.2	332.25
433.35	283.25
430	294.45
429.1	285.75
431.95	283.2
430.8	284.9
419.7	292.8
404.15	277.7
397.8	311.9
603.05	544.7
662.35	625.2
695.8	563.9
692.1	567.75
695.4	566.1
694.8	557.55
690	553.9
681.75	548.15
678.3	536.8
675.4	525
597.05	295.8
564.35	241.3
566.5	225
569.25	222.45
575.5	229.25
580.4	226.5
591.45	230.55
507.75	138.85
515.5	139.15
515.95	130.05
521.45	135.3
523.05	134.55
532.7	134.35
507.3	122.2
521.5	122.3
527.9	116.15
533.8	119.45
540.2	116.95
549.15	114.6
563.1	118.75
724.75	239.25
733.65	240.75
734.7	236.35
739.75	233
740.8	218.4
742.95	212
742.85	207.65
739.85	209.25
743.4	205.25
740.3	203.85
741.2	203.45
735.5	202.45
737.15	193.8
740.75	186
715.75	181.65
706.85	183.25
705.85	182.75
703.05	176.15
702.35	179.1
703.35	176.15
699.5	185.9
693.4	169.85
692.3	173.75
695.9	167.1
687.95	177.25
689.8	159.15
689.75	155.35
689.8	153.8
693.75	157.2
689.3	160.85
690.25	153.35
683.65	154.75
680.6	148.2
676.95	149.15
678.1	146.45
741.55	160.65
728.05	161.25
728.65	160.3
732.9	152.15
734.85	153
738.35	148.5
733.85	147.65
731.55	153.7
731.15	154.45
736.25	153.5
738.15	152.55
742.95	157.65
743.5	162
741.25	173.9
740.4	177.45
739.75	180.4
741.9	189.35
743.3	199.2
744.15	201
745.7	207.6
742.3	218.45
742.7	225.1
742.2	228.85
738.95	236.45
738.45	242.6
740.35	245.25
738.75	253.1
733.7	262.15
747.5	159.8
743.35	163.45
740.85	168
736.35	169.75
737.5	172.55
735.95	172.55
734.9	171.4
733.1	172.4
730.6	172.45
771.4	105.8
762.85	105.15
758	103.2
752.95	106.25
748.4	105.6
745.75	110.2
743.05	113.6
741.05	114.3
734.85	116.95
727.85	120.9
723.2	121.7
720.05	125.95
687.05	411.55
687	449
686.6	454.65
683.25	465.55
683.3	472.75
683.3	481.75
684.8	487.1
682.4	495.3
682.8	497.9
684.5	502.5
683.35	507.8
682	513.2
683.1	516.85
690.35	519
689.6	523.85
688.7	533.75
692.6	533.6
687	529.45
688.35	531.75
687.15	536.6
690.45	534.05
698.4	442.75
701.8	442.75
701.6	444.4
702.75	447.7
701.65	452.65
702.8	457.05
703.6	462.8
706.1	468.25
707.65	473.75
711.35	475.8
713.6	480.1
693.8	535.55
662.35	650.95
0	0
663.15	713.65
694	650.55
697.4	639.55
697.85	631.45
695.95	625.45
691.2	628.3
693.85	627.2
693	626.75
692	625.45
690.75	622.45
690.15	621
694.85	615.35
693.9	612.25
697.65	612.15
693.65	610.75
691.7	608.6
690.35	607.4
693.9	602.45
693.75	600.4
694.85	598.6
690.65	598.55
690.1	597.7
689.3	599.85
686.1	596.45
687.25	594.85
687.9	593.05
683.1	598.25
681.95	597.75
696.75	450.1
693	436.8
688.9	433.6
691.1	432.1
692.6	430.45
696.2	428.75
598.2	444.35
449.15	472.25
432.05	476.6
437.95	473.05
434.55	472.05
432.35	471.15
425.1	470.4
609.85	454.25
610.4	450.05
606.4	453.25
610.5	449.45
611.6	444.45
612.1	451.35
544.9	568.7
534.5	591.65
536.1	589.2
535.85	587.8
537.4	588.25
536.45	589.25
544.8	583.75
545.45	580
550.55	583.75
547.45	584.85
547.15	583
547.7	580.7
553.75	556.35
553.7	552.35
555	550.9
556.85	550.6
562.55	551.35
566.5	549.75
571.05	549.35
571.95	552.3
569.6	548
570.05	547.9
571.05	542.05
574.2	539.8
586	582.55
589.85	587.7
597.75	575.45
592.2	570.6
591.25	578.5
599.7	577.5
601	575.35
599.35	575.9
599.85	573.5
577.45	558
586.05	559.25
585.95	561.4
582.1	560.65
592.35	557.9
589.65	552.5
586.55	556.05
592.7	553.9
594.5	550
591.05	550.05
590.95	550.1
624.85	525.45
623.7	524.6
622.6	518.2
627.35	516.45
624.9	518.7
626.45	510.4
693.55	436.15
709.2	417.85
711.4	406
713.25	406.4
715.65	408.15
715.35	413.95
714.35	416.5
717.9	410.55
720.45	406.9
655.75	482.55
631.4	520.8
625.25	530.7
624.95	529.1
631.1	527.6
629.8	524.4
630.85	522
631.9	523.35
632.65	521.6
636.3	520.1
637.75	522.85
637.45	521.75
636.3	521.95
640.05	519
635.35	368.45
638.5	369.7
639.6	368.1
637.2	362.95
638.9	360.95
640.55	360.85
639.1	363.55
656.7	388.7
660.3	387.7
657.5	389.4
656.4	389.8
656.75	388.15
656.55	385.9
658.9	385.35
657.35	384.3
658.3	384.05
663.35	378.5
665.35	377.85
665.05	376.1
663.3	377.95
663.95	379.85
664.4	379.3
668.45	375.1
839.45	274.5
867.2	272.65
877.65	262.15
877.25	260.6
879.3	256.75
878.1	252.2
883.9	262.95
884.15	260.95
887.25	258.45
890.4	254
788.55	348.9
673.45	469.35
654.85	490.55
656.85	483.65
658.75	480.55
662.8	479.2
661.7	476.55
667.35	470.6
667.95	468.85
668.85	465.3
670.85	466.65
673.8	467.6
673.6	468.55
674.15	469.1
676.55	470.3
655.8	450.5
657.05	452.15
658.6	451
662.5	448.05
665.3	448.2
673.75	441.3
676.7	438.75
676.45	435.65
709.95	311.85
709.6	321.2
716.8	306.1
718.35	299.6
716.7	301.4
717.75	298.35
717.25	296.6
718.55	295.7
722.15	294.9
723.6	291.7
726.55	290.55
724.85	287.7
727.3	286.85
727.9	285.3
733.2	334.2
743.5	409.85
740.95	420.9
741.55	415.8
740.3	410.15
747.65	406.9
748.3	406.2
753.7	400.75
729.05	367.6
731.8	370.3
737.5	359.85
737.75	359.75
740.8	359.05
742.2	286.6
741.65	297
743.95	293.85
746.6	297.35
745.35	295.7
746.65	293.55
748.75	288.25
748.55	289.15
748.7	288.3
749.75	284.1
748.05	281
752.4	279.8
751.75	276.55
750.9	277.05
751.2	272.9
754.45	271.6
755.25	268.3
757.4	264.35
781.6	330.3
785.35	337.95
786.75	335.55
790.75	334.4
794.95	330.55
800.65	326.95
799.15	323.4
801	323.35
805.15	320.55
805	319.8
804.4	316.45
802.1	317.95
802.45	319.75
798.2	325.25
795.2	327.65
796.95	324.1
795.85	325.45
773.45	322
776.9	317.9
778.45	315.35
776.2	317.3
776.5	318.1
777.45	316.95
776.6	315.95
769.3	313.55
757.5	297
757.65	293.05
761.75	291.1
761.75	294.65
762.15	292.15
763.7	293.1
761.95	294.5
760.25	294.45
761.15	298.9
759.5	300.8
760.65	301.1
761.45	302
765.55	300.7
765.45	304.2
763.5	306.55
765.25	303.2
763.6	308.05
766.15	311.05
769.8	309.65
769.25	312.7
781.5	326.75
781.6	327.05
780.2	329.65
781.65	330.4
781.1	331.85
779.85	331.35
777.75	333
781.6	332.9
780.15	333.3
780.05	340.35
781.1	338.2
