644.7	367.7
646.35	371.95
645.6	373.95
642.15	370.35
646.35	372.7
644	371.4
645.35	371.45
649.45	371.8
646.95	374.55
649.75	375.1
652.15	369.95
653.5	360.75
655.8	362.3
656.7	361.3
661.05	359.9
664.05	349.65
667.4	348.8
672.35	345.1
674.05	347.9
645.75	397.1
603.5	458.8
600.3	467.35
602.95	461.15
605.9	457.75
607.2	457.25
611.05	458.1
610.8	460.1
554.7	515.2
513.95	573.1
516.3	568.6
518.9	571.75
523.8	565.75
527.85	567.5
528.65	562.25
532.6	563
535.65	564.1
537.65	564.3
540.2	566.65
545.1	563
543.2	559.95
542.4	560.9
541.55	559.65
558.7	522
601.25	453.1
601.85	450.65
605.35	453.85
533.45	376.6
532.65	375.5
535.7	376.6
534.2	379.2
535.7	383.65
534.8	384.35
538.3	383.4
538.3	387.05
539	384.35
539.15	384.7
536.9	389.15
542.35	391.4
542.95	391.35
543.8	392.9
616.3	414.8
620.7	417.7
623.15	415.8
621.65	415.8
706.7	314.6
857.6	188.75
858.3	203
852.75	211.65
850.4	216.65
850.05	223.15
852.8	227.6
948.85	175.5
1134.3	128.9
1130.1	134.05
1132.15	136.7
1129.8	141.9
1128	140.45
1126.95	146.2
1129	145.4
1128.65	149.55
1129.9	153.95
1130.65	156.75
1133.05	152.3
1134.95	160.1
1134.15	160.55
1133.65	156
971.85	173.2
930.35	164.2
940.1	159.75
943.35	165
946.8	165.4
946.95	169.8
949.3	173.4
948.85	175.65
948.4	179.6
903.4	188.4
600.45	217.9
611.3	213.75
617.65	217
620.8	217.2
623.8	218.05
621.1	218.35
622.9	214.05
623	217.25
539.9	225.25
533.05	227.75
536.35	230.1
538	229.15
540.3	236.4
540.95	235.6
545.95	237.2
545.1	238.25
544.4	236.5
0	0
0	0
0	0
0	0
0	0
0	0
0	0
0	0
567.5	291.7
571	332.7
573.55	340.1
575.2	348.45
576.6	351.75
579	354.65
578.9	358.15
584	358.75
589.7	357
591.45	358.85
591.45	359.15
592.5	361.45
594.5	364.05
596.5	357
594.8	359.4
594.6	358.75
595.3	360.1
554.1	300.55
552.2	302.25
553.3	301.1
550.55	302.35
553.35	304.8
553.65	306.25
555.4	301.7
558.5	305
557.95	299.75
558.8	305.4
559.85	307.8
560.5	305.9
563.75	312.6
559.5	314
564.7	317.4
563.55	314.2
567.1	312.3
567.4	309.6
568.55	305.7
572.3	304.7
572.85	302.55
575.9	306
515.2	374.75
509.65	368.45
507.6	374
511.1	368.95
511.9	368.55
516.2	363.55
516.4	364.4
517.75	363.4
519.85	368.4
520.3	368.25
522.3	374
524.15	373.35
524.2	374.3
528.7	374.75
528.8	374.35
529.55	370.55
528.95	370.3
531.8	371.45
533.95	374.9
535.6	370.65
536.5	372.5
536.7	371.75
536.95	367
538.15	370.6
539.4	370.55
543.45	378.3
544.9	376.95
546.25	372.55
548.15	373.45
547	375.1
543	370.9
525.65	332.15
523.6	328.8
520.1	328.2
524.35	328.6
526.95	330.5
529.6	333.9
527.3	335
529	337.2
528.9	339.1
527	340.3
526.75	339.4
525.65	337.95
530.4	337.85
532.35	339
533.45	341.15
533.7	346
536.55	344.2
533.75	343.1
535.25	344.2
537.75	341.2
537.85	339.3
537.85	344.65
541.9	348.15
542.3	346.95
541.4	343.65
546.35	343.3
549.2	349.8
548.05	346.7
549.85	348.05
553.75	345.05
0	0
0	0
0	0
631	238.5
627.4	237.4
630.05	238.5
631.05	238.85
628.5	242.15
627.3	242.4
630	244.75
636.1	252.1
636.85	236.05
0	0
0	0
0	0
587.45	227.8
587.65	234.15
589.75	241
589.9	240.7
588.95	241.25
590.2	245
587.3	243.4
589.3	244.5
588.8	246.7
587.7	246.35
591.3	250.35
590.5	251
590.65	254.85
588.25	254
587.1	253.6
585.65	253.45
587.3	258.55
588.15	256.75
587.95	255.6
587.55	260.9
584.2	263.65
538.9	260
467.45	246.9
467.05	246.95
468.6	251.7
470.15	250
469.05	244.2
469.1	251.1
471.2	250.5
470.4	253.55
475.2	251.75
476.25	252.65
476.6	252.9
479.35	252.25
478.7	246
481.05	244
482.75	247
508.75	233.75
537.1	206.5
540.5	206.95
535.4	207.3
536.5	213.8
537.55	219.05
535.3	217.2
535.45	222.85
535.45	223.8
534.75	224.05
381.1	200.5
380.9	196.55
383.1	203.25
388.1	202.7
386.3	206.35
387.05	204.95
387	210.15
387.65	212.1
390	210.65
391	208.9
392.85	213.25
389.55	218.55
392.2	213.6
393.05	219.9
439.4	190.55
535.95	123.35
537.4	124.6
540.95	125.4
542.65	124.3
540.3	127.8
543.25	130.45
545.65	136.05
547.35	136.35
444.65	179.5
440.2	185.7
442.7	189.45
447.4	191.1
449.3	190.7
451.8	194.7
456.35	192.1
460	195
460.7	191.65
462.3	197.05
463.5	200.55
467.2	199.55
468.15	201.25
466.55	204.9
473.55	205.95
471.85	205.7
474.1	210.15
473.8	210.55
478.55	210.05
479.35	207.1
482.05	210.15
485.95	207.9
487	219.7
491	213.4
493.55	214.7
494.55	220.65
494.75	218.9
495.3	218.65
498.15	218.25
495.65	218.65
498.8	219.95
551.7	257.6
561.6	255.55
566.6	258.65
566.2	253.8
568.55	252.9
565.55	253.6
567.95	254.3
568	255.6
569.4	257.75
569.3	259.6
571.75	260.05
570.25	264.85
572	267.05
573.95	264.2
493.45	315.55
494.65	322.75
497.6	325.3
500.55	320.8
499.4	313.3
504.05	312.75
505.45	314.8
507.85	319.75
506.45	319.5
506.65	319.95
509.6	322.2
509.15	320.6
551.8	306.25
555.65	309.95
555.45	315.3
554	313
553.05	315.9
556.45	321.45
557.6	325.9
558.25	328.25
554.25	329.4
559	329.75
560.75	334.9
561	338.2
563.3	337.7
563.15	336.6
562.2	340.35
565.35	339.95
501.9	272.4
496.95	267.8
497.35	265.3
501.55	270
500.9	268.15
505.5	275.65
508.25	274.75
511.05	272.5
512.25	268.2
509.9	265.2
514.6	265
515.1	263.75
519.25	266.45
515.55	267.25
499.1	278.65
468.45	325.85
466.9	329.3
473.55	331.2
476	333.3
478.2	339.85
478.1	339.55
479.5	339.5
479.85	339.7
479.7	343.65
479.7	344.8
511.15	274.95
516.9	234.05
518.65	233.75
518.2	234
517.75	232.2
518.95	232.2
520.35	233.25
523.45	229.25
522.5	231.25
529.05	235.25
530.6	236.95
514.1	234.95
450.7	289.2
450.1	292.5
452.6	292.45
457.05	292.8
454.7	294.05
457.45	293.8
457.05	293.65
460.45	291.35
463.65	292.35
465	292.6
465.15	294.7
467.75	295.5
467.25	298.05
466.95	297
466.25	301.1
466.1	301.4
467.7	297.7
466.95	296.45
468.8	298.35
468.05	296.4
564.55	331.6
572.1	333.35
576.8	330.35
576.8	333.65
577.95	331.6
579.95	330.65
578.85	333
576.55	333.55
579.2	332.35
579.15	332.7
581.15	334
581.65	335.65
585.7	334.8
585.4	337.6
588.1	337
590.95	334.55
593.9	334.7
595	333.15
598.85	334.05
524.7	395.7
524.95	400.1
525.8	402.25
529.1	399.15
529.75	399.9
531.3	399.25
534.65	399
539	401
539.35	405.55
543.35	404.05
546.35	405
548.95	409
551.1	409.85
549.3	413.65
546.95	416.95
548.3	416.4
548.8	420.9
549.05	419.4
549.2	421.3
549.9	428.2
549.25	429.2
552.1	429.5
554.4	428.25
551.7	430.35
645.5	402.05
657.75	393.35
657	398.5
655.75	394.75
654	394.25
654.6	394.7
653.65	395.6
652.35	391.45
654.45	395.2
656.6	394.75
660.35	391.35
662.15	394.25
634.7	392.4
553.2	353.05
554.35	347.7
555.85	348.85
557.55	351.05
559.85	350.4
562.8	352.3
562.1	353.4
565.65	356.25
566.95	359.65
568.25	358.95
569.2	360.2
569.7	360.45
571.2	360.75
573	361.95
336.05	452.05
160.05	575.05
167.4	570.85
177.3	563.8
182.1	561.45
77.55	656.1
75.05	661.55
80.05	658.2
83.55	657.55
86.9	655.95
84.4	656.15
84.3	649.95
85.7	648.95
85.05	644.7
87.35	644.9
87.95	643
88.25	644.95
93.75	637.6
99.55	636.1
105.35	635.6
108.5	634.85
113.8	630.7
117.3	628
123.95	623.3
128.9	620.25
133.75	617.75
139.95	614
144.95	610.65
148.9	610.5
157.25	609.65
160.15	606.2
165.3	604.3
172.8	605.75
176.75	606.15
182.75	610.05
191.1	606.15
197.25	605.25
199.75	605.5
211	605.65
219.7	605.25
223.55	604.3
229.55	601.7
236.35	602.1
416.5	378.4
425.1	335.25
426.25	329.8
0	0
0	0
0	0
0	0
0	0
0	0
0	0
484.7	260.3
493.7	276.95
496.4	283.05
500.05	284.15
503.95	288.95
507.95	286.95
510.2	289.1
513.5	290.65
516.65	290.05
519.35	293.3
523.85	288.65
526.45	288.4
528.2	287.55
529.3	287.05
526.3	283.6
530	275.75
534.35	272.8
539.9	269.8
539.15	271.75
539.65	276.55
543.5	273.25
547.05	277.85
489.9	298
381.95	378.6
387.5	380.85
392.8	374
397.25	366.4
402.15	365.95
409.15	363.75
413.55	361.75
417.55	365.8
419.8	363.4
421.95	360.45
424.35	358
432.75	356.2
438.05	352.75
442.5	353.1
310.85	426.3
305.8	435.95
315.7	428.05
323.1	424.2
331.45	423.8
342.05	418.65
348.15	419.6
363.15	415.1
370.5	416.65
378.2	415.55
385.65	413
395.6	414.05
403.45	413.25
407.2	414.2
410.2	413.15
416.6	413.95
419.45	414.05
427.5	416.75
431.4	416.75
434.85	414.4
442.3	413.55
448.1	409.25
455.9	407.55
462.7	406.55
468.55	407.45
475.2	407.6
481.65	406.7
493.25	410.05
494.9	409.15
478.5	397.6
483.55	402.05
492	399.05
500.75	399.1
505.65	397.35
515.25	395.5
519.75	397.5
527.05	394.25
536.3	395.55
546.75	395.1
552.7	393.35
561.35	395.05
573.1	389.85
584.6	390.25
595.15	389.3
606.85	387.55
620.55	386.2
635.7	389.5
647.85	391.05
692.3	415.45
703.95	436.2
711.7	440
724.8	439.4
736.15	441.8
749.55	445.65
761.1	446.3
773.8	446.2
784.85	455.75
796.5	456.4
808.2	460.05
821.55	457.1
831.65	456.75
841.85	456.15
852.2	455
859.25	454.3
864.5	454.65
871.35	450.7
881.2	452.65
884.5	449.4
892.45	453.35
485.1	387.6
492.35	396.7
504.5	398.15
512.1	403.3
517.55	408.35
520.3	409.55
521.7	410.3
521.5	412.3
522.3	411
523.1	412.7
523.75	414.25
524.85	415.85
527	418.1
529.9	420.3
532.1	424.5
534.05	419.75
539.8	422.4
538.15	420.6
538.45	421.3
540.25	425
377.25	371.55
296.95	330.7
296.5	336.6
301.8	338.35
305.9	337.7
305.75	342.7
311.2	346.05
312.65	344.65
318.15	344.5
321.3	344.3
322.25	351.3
332.05	348.05
439.6	348.4
443.45	350.25
445.1	348.9
447.1	348.9
450.65	359.25
451.8	352.6
456.15	352.4
458.3	358.45
459	363.9
463.45	360.5
462.1	363.45
0	0
0	0
0	0
0	0
363.85	403.35
374.4	445.45
380.05	462
383.1	467.9
386.45	468
390.45	472.7
395.95	477.5
397.75	475.5
0	0
0	0
0	0
0	0
0	0
0	0
0	0
321.95	352.1
332.75	380.55
336.2	382.25
341.05	392.4
342.45	390.55
350.75	392.15
353.75	395.75
359.3	398.6
360.6	396.4
364.95	401.65
367.25	400.9
369	405.5
369.5	404.7
369.8	403
374.6	403.35
374.85	403
370.65	355.45
373.7	352.7
374.1	351.9
378.85	354.8
382.7	364
385.75	364.5
386.9	364.45
387.3	366.65
224.25	321.5
203.3	318.3
211.7	320.85
214.5	325.25
218	329.2
218.55	336.75
220.8	335.7
223.75	342.2
226	344.65
225.75	350
226.6	346.25
413.15	374.8
516.35	403.7
506.15	405.9
501.75	407.7
503.5	412.05
504.6	411.75
507.85	418.1
508	418.15
510.65	419.5
513.6	419.55
514.25	420.6
519.85	417.5
522.8	420.5
526.9	420.4
0	0
0	0
537.95	427.1
542.25	428.4
0	0
0	0
551.9	420.1
555.35	424.75
557.5	425.35
562.6	430.5
565.75	429.8
569.35	428.8
571.2	433.55
576.6	428.1
0	0
0	0
0	0
0	0
0	0
0	0
0	0
280	550.3
0	0
394.15	493.8
0	0
397.3	482.8
396	489.9
395.2	490.5
0	0
402.8	492.4
0	0
0	0
0	0
0	0
403.25	490.6
404.7	493.9
405.3	494.65
0	0
429.6	493.2
0	0
0	0
0	0
0	0
0	0
0	0
0	0
0	0
0	0
0	0
0	0
0	0
0	0
437.25	375.4
424.3	361.65
427.65	361.25
430.35	372.65
433.85	377
433.35	376.85
437.85	377.4
439.35	382
440.75	380
442.1	383.8
444.65	383.2
445.85	384.55
450.7	386.9
449.95	386.7
451.55	390.9
454.1	387.6
459.55	397.15
462.7	389
464.9	392.3
467.5	389.45
470.65	390.2
473.25	396.45
477	397.05
477.95	392.7
483.75	391
482.65	388.55
488.75	382.6
494.8	382.6
494.55	390.05
497	391.1
498.3	388.45
500.6	389.6
505.5	392.1
509.3	393.1
511.6	391.65
514.9	384.5
515.1	386.65
517.85	384.2
521.5	387.45
526.25	389.95
528.7	395.1
732.3	306.75
836.3	246.55
779.2	402.75
0	0
0	0
0	0
0	0
0	0
0	0
477.95	389.9
481.3	399.65
480.5	405.1
482.6	408.2
484.55	406.05
484.75	410.95
516.15	425.65
0	0
0	0
0	0
0	0
0	0
0	0
0	0
0	0
568.6	338.15
569.35	352.2
576.05	360.15
578.75	363.95
577.35	365.9
543.65	439.1
549.85	446.35
549.45	453.55
553.2	454.5
558.4	455.2
559	458.55
562.95	459.4
566.8	461.9
568.35	461.35
570.9	463.65
576.85	465.9
337.85	578.4
0	0
0	0
0	0
0	0
0	0
548.15	411.05
550.15	423
550.5	423.8
549.9	428.5
552.75	420.55
556.4	427.65
560.05	425.25
561.7	425.7
561.5	430.15
563.35	432.55
566.3	433.8
568	434.2
572	436.35
573.35	439.85
576.4	440.65
580.8	442.15
582.7	441.05
584.85	443.2
587.3	446.45
585.95	448.5
592.35	452.15
594.45	456.75
596.75	459.5
596.2	461.95
600.25	464.65
603.35	465.35
607	465.9
609.05	465.7
615.7	464.75
565.35	497.4
578.7	506.65
578.75	503.1
578.25	504.75
581.35	502.8
581.1	502.3
0	0
584.6	499.75
587.25	503.1
0	0
0	0
0	0
0	0
0	0
0	0
0	0
0	0
0	0
0	0
0	0
0	0
0	0
0	0
0	0
0	0
0	0
0	0
0	0
0	0
0	0
0	0
0	0
0	0
0	0
642.5	522.4
646	513.5
0	0
0	0
0	0
0	0
0	0
0	0
0	0
0	0
675.2	525.25
0	0
0	0
0	0
0	0
0	0
686.05	527.1
0	0
0	0
0	0
0	0
0	0
0	0
0	0
0	0
0	0
0	0
0	0
0	0
0	0
662.95	461.5
673.8	419.85
678.05	398.6
681.85	401.75
695.2	409.5
700.4	428.9
704.75	431.85
641.8	455.25
652.95	483
653.45	485.15
659.35	484
666.2	487.8
670.1	492.15
668.2	497.05
671.05	501.25
673.25	505.9
673.75	511.8
674.95	516.2
675.8	518.7
642.2	502.8
0	0
0	0
0	0
0	0
0	0
0	0
0	0
0	0
0	0
0	0
0	0
0	0
0	0
0	0
0	0
0	0
0	0
0	0
0	0
0	0
660.7	512.95
0	0
0	0
673	514.8
494.5	491.8
0	0
0	0
0	0
0	0
0	0
0	0
0	0
0	0
0	0
0	0
0	0
0	0
0	0
0	0
0	0
0	0
0	0
0	0
0	0
0	0
0	0
0	0
0	0
0	0
0	0
728.25	524.2
727.05	516.55
730	515.05
728.9	516.9
729.6	519.1
734	516.85
703.4	511.95
0	0
0	0
708.05	516.2
709.4	510.45
0	0
714.4	507.95
716.25	512.85
719.95	513.25
718.9	516.6
724.8	513.15
721.35	514.45
722.3	512.7
722.45	509.65
721.6	511.8
720.7	513.2
717.1	511.35
715.55	510.2
716.3	510.35
642.05	546.45
641.85	556.45
639.95	557.9
640.15	557.2
641.55	553.95
646.55	548.5
648.85	549.85
650.5	546.7
652.35	547.15
654.15	543.25
655.15	545.35
0	0
656	542.7
655.65	542.6
0	0
665.4	548.85
667.2	543.8
666	546.3
668.55	542.95
672	544.1
472.6	355
465.75	352.05
471.45	356
476.85	358.85
482.3	363.95
484.4	362.3
486.5	362.15
483.9	361.95
484.1	360.95
483.75	362.6
482.55	363
481.95	364.95
481.65	366.3
481.6	372.45
480.2	375.1
483.45	370.85
481.3	370.85
480.05	374.55
480.05	373.15
483.6	370.9
479.35	377.75
479.85	375.95
482.3	374.4
484.2	373.3
869.6	521.35
881.9	619.75
874.95	613.7
871.9	610.8
872.75	605.8
874.95	603.9
872.45	601.8
875.8	604.65
877.5	607.85
875.8	611.8
880.55	614.35
877	613.5
878.05	618.6
877.4	618.45
416.35	579.25
0	0
0	0
0	0
0	0
0	0
0	0
0	0
0	0
634.6	295.4
634.7	303.45
634.55	308
632.85	318.55
632.5	318.1
635.8	317.7
640.65	146.7
617.65	88.95
618.25	100.5
617.3	106.9
617.25	109.45
619.1	108.4
618.75	110.85
618.25	110.9
617.6	110.6
617.45	112.15
614.7	118.85
614.5	115.85
617.25	112.3
616.5	116.1
615.85	117.6
593.2	327.35
595.75	438.45
599.45	438.45
597.6	432.6
601.1	428.4
599.95	429.35
604.1	424.65
603.05	426.2
603.5	424.75
601.65	429.25
599.6	429.9
603.55	426.7
604.5	428.5
603.65	423.75
599.4	425.05
601.35	425.9
599.75	423.6
602.6	426.4
602.2	427.5
600.45	427.65
602.05	427.25
591.75	436.7
0	0
0	0
0	0
0	0
0	0
0	0
0	0
0	0
0	0
0	0
0	0
0	0
0	0
0	0
0	0
0	0
0	0
0	0
0	0
0	0
0	0
0	0
0	0
0	0
0	0
0	0
0	0
0	0
0	0
0	0
980.8	615.3
983.7	615.85
981.7	618.5
984.85	623.35
984.85	617.65
1022.9	637.4
1024	642.35
1025.9	643.75
1030.75	636.9
1033.8	637.55
1035.55	642.4
1040.1	639.3
1042.05	639.95
1046.8	635.6
1049.2	629
1054.25	632.65
1051.65	626.5
1059.65	624.1
1063.85	601.15
1065.05	601.55
1068.75	597.75
1067.75	592.15
1067.75	590.5
1075.35	590.55
1073.3	581.95
917.95	593.9
0	0
0	0
0	0
724.2	607.95
729.25	607.45
0	0
0	0
0	0
0	0
0	0
0	0
0	0
617.8	592.7
619.3	592.45
0	0
0	0
0	0
0	0
0	0
0	0
0	0
0	0
0	0
643.85	570.4
650.5	571.25
0	0
651.25	564.4
652.1	560
654.7	560.35
652.85	558.5
654.05	560
661.1	557.25
661.05	553.35
662.85	553.55
666.6	552.8
666.75	553.55
672	550.55
673.35	551.05
674.35	545.7
676.9	548.45
679.45	545.3
680	543.8
679.55	543.1
684.6	539.65
684.35	536.3
684.8	533.2
686.5	534.15
688.1	529.8
689.15	527.75
691.05	531.5
692.9	528.45
696.1	530.45
695.75	532.5
698.65	529.9
701.35	531.05
703.95	529.05
703.95	525.5
704.25	528.6
705.7	528.2
709.95	528.5
707.5	532
709.45	533
709.05	535.6
709.1	536.55
706.75	534.4
708.1	537.1
706.95	542.3
705.3	547.85
707.75	544.95
709.75	549.25
714.6	548.85
718.55	551.2
718.85	553.6
721.25	557.35
723.15	559.25
724.25	566.35
726.65	566.1
370.45	446.85
339.15	461.45
348.75	465.65
357.95	466.25
365.9	468.3
369.75	472.55
267.1	451.35
276.95	452.5
287.15	454.35
300.1	460.1
306.2	459.3
314.05	459.35
322.2	460.1
328	460.2
336.5	458
343.2	457.6
349	456.55
355.85	462.75
364	465.65
370.65	467.55
373.95	468.9
377.35	466.35
383.9	467.7
390.1	469.2
396	469.6
403.85	472.8
406.45	473.1
410.65	471.75
416.1	468.9
422.05	470
425.1	471.75
429.8	471.6
429.65	470.25
431.45	467.75
434.55	466.15
453.75	471.55
581.3	465.45
582.3	466.6
584.65	468.6
583.7	469.1
586.55	468.2
589.25	469.4
586.55	472.6
591.8	472.15
591.9	471
591.25	476.05
592.55	475.3
590.4	473.25
594.65	472.9
593.9	476.45
599	478.65
597.5	478
598.1	480.65
600.65	477.8
602.95	481.3
295.5	476.45
208.25	482.75
215.5	480.6
216.6	483.35
218.6	484
221.25	484.75
220.6	481.6
219.65	486.15
216.9	487.25
214.05	486.6
213.8	487.6
210.95	492.9
209.1	489.1
208.65	491.5
208.35	498.5
204.8	497.8
205.15	501
203.8	504.7
204.35	502
202.9	505.45
204.15	508.5
206.6	508.95
207.85	509.05
313	513.55
638.05	509.25
639.95	497.45
636.15	499.5
635.9	497
636.2	499.5
635	498.25
633.15	499.4
634.65	501.2
635.8	495.2
639.6	498.2
641.65	501.2
639.8	502.55
639.95	506.55
638.7	505.95
642.75	507.3
644.05	503.35
647.35	505.9
646.8	507.15
646.6	506.4
653.65	505.15
660.8	506.9
665.75	509.3
669.75	510.9
676.4	515.85
438.1	524.85
261.5	535.6
283.4	537.15
298.4	545.1
310.95	548.85
322.05	551.15
335.8	554.4
349.4	555.7
361.9	559.45
372.45	551.85
386.3	552
397.8	547.55
415.7	551.25
243.15	470.85
258.9	475.8
276.65	478.05
295.45	481.05
304.1	480.1
313.4	481.3
325.45	482.15
340.15	488.2
356.75	492.2
373.4	496.9
388.1	496.5
403.4	496.75
420.4	502.15
438.55	503.65
456.35	510.7
480.35	517.3
500.75	521.65
526.85	525.75
551.1	527.45
569.95	526.25
585.5	524.1
602.6	527.85
616.95	525.55
633.45	530.05
647.25	531.3
659.6	533.05
669.75	533.4
681.5	533.75
691.75	532.85
703.75	534.55
715.85	532.3
735.3	528.9
753.85	524.15
825.4	588.7
0	0
0	0
911.95	464.7
932	450.4
937.75	443.65
941.85	442.65
944.65	441.4
947	441.65
951.35	442.6
955.45	444.85
955.7	445.4
956.7	448.6
957.5	447.9
960.95	445
964.6	443.2
968.9	441.9
970.3	441.45
972.4	439.05
970.85	442.5
972.1	443.15
971.6	441.45
971.5	445.3
974.25	447.2
975.5	449.2
972.85	452.15
841.9	462.75
362.7	556.75
392.95	551.15
404.85	551.6
0	0
0	0
411.75	546.45
417	545.7
416.1	546.65
417.05	541.45
0	0
421.8	545.45
422.05	540.55
527.8	558.25
534.75	553.25
540.5	556.05
541.15	553.75
548.5	554.6
555.15	550.6
559.45	545.25
563.25	543
571.75	540.45
576.9	541.1
580.8	541
591.4	539.5
599.15	537.85
605	542.85
612.95	535.25
428.35	487.95
365.35	456.65
374.5	457.1
385.65	459.7
387.35	458.25
394.3	464.65
400.35	464.75
403.4	465.75
406.55	466.7
409.95	464.9
416.5	464.95
420.15	465.65
425.35	465.15
433.35	462.95
439.55	465
446.1	461.15
455.7	457.8
458.6	461.75
460.85	459.9
462.6	459.45
470.65	460.2
473.7	458.55
474.95	466.1
480.95	331.65
474.8	321.15
476.35	323.05
477.15	330.85
474.7	336
477.55	336.3
479.05	337.35
479.95	339.85
479.4	341.85
479.85	343.25
476.4	341.55
475.75	340.2
472.85	345.7
470.9	346.25
472.7	350.3
472.6	349.75
468.7	349.7
469.15	352.55
469.35	352.6
642.3	382.2
699.35	396.7
698.85	400
694.6	399.55
692.65	398.1
691.8	397.6
691.35	397.95
690.55	402.2
874.55	365.1
955.3	366.85
946.85	365.3
944.8	371.2
943.8	373.55
938.7	377.05
940.4	385.65
937.7	383.8
937.55	387.3
727.5	413.4
568.4	411.3
584.25	414.15
586.65	414.4
587	416.15
587.75	408.65
590.4	413.95
591.05	411
594.95	406.35
595.35	403.8
596.25	402.45
599	401.6
597.7	405.7
598.85	404.6
599.55	403
601.85	401.35
605.25	397.05
606.75	400
638.7	377.65
813.75	280.5
809.15	276.85
803.2	276
798.8	277.3
802.3	276.5
800.85	278.55
802.3	274.8
805.3	278.25
808.55	274
811.8	272.35
811.65	275.65
811.8	274.65
810.05	272.25
485.45	341.45
467.05	357.9
473.9	358.45
481.45	357.75
485.6	357.35
486.55	352.5
490.4	355.65
491.4	355.2
494.95	356.9
497.05	359.15
498.5	358.7
503.4	364.9
502.4	367.3
506.7	370.55
509	373.55
514.5	374.85
514.65	373.65
518.15	377.65
557.3	365.3
576.85	356.9
581.65	354.75
580.35	351.15
585.1	349.25
586.6	351.3
592.4	345.5
595.3	345.95
596.25	347.05
603.9	351.25
606.5	354.25
609.6	354.85
613.85	356.3
612.05	356.75
612.8	355.55
617.65	356.55
614.9	355.55
616.4	357.95
622.6	360.9
621.9	362.45
621.1	359.35
620.95	361.6
622.55	360.35
625.2	362.5
623.55	362
624.25	363.15
621.45	363.05
623.15	364.2
623.1	365.8
622.5	370.6
621.65	374
619.85	373.3
621	373.55
621.35	376.4
625.2	376.4
627.6	381.65
630.35	383.85
634.45	384.3
756.65	322.05
855.7	244.6
851.05	251.95
847.65	261.25
849.9	268.4
847.75	269.1
847.2	275.2
844.85	276.75
842.05	277.15
839.9	276.05
839.15	275.85
836.25	271.5
833.25	267.75
833.1	268.4
832.75	269.35
831.5	272.5
831.5	270.95
828.95	274.65
819.05	274.85
395.1	413
420.5	420.15
427.7	419
433.2	410.85
437.35	410.8
437.4	410.4
440.45	408.95
444.3	410.15
453.05	408.7
458.25	408.2
463.7	407.65
468.65	407.95
469.45	411.25
472.3	410.65
475.8	410.35
475.2	412.85
474.6	413.95
671.95	443.75
674.35	447.25
673.35	446.55
669.5	449.25
669.55	446.65
668.25	448.75
670.7	449.35
669.95	444.75
674.75	454.05
676.35	455.65
678.3	450
682.95	450.15
682.6	451.85
688.2	454.4
693.25	457.7
693.25	457.85
694.9	459
692.6	461.05
698.2	456.25
692.1	461.3
691.2	459.05
690.95	455.6
685.9	455.85
681.95	453.5
679.45	457.3
677.7	451.85
676.35	453.8
674.1	457
673.3	454.2
675.3	455.6
673.05	458.65
672.85	458.3
672	460.05
669.45	456.7
664.8	454.6
662.05	453.85
657.4	449.35
656.45	450
655.75	450.75
655.1	455.85
651.05	457.95
650.5	458.05
714.1	342.35
722.45	325.05
719.85	326.95
719.65	331.1
721.9	333.25
723.7	337.55
728.65	344.2
727.1	349.6
726.2	347.6
726.65	352.65
732.9	354.05
737.15	356.45
737.05	351.9
739.85	355.45
742.1	358.45
745.4	356.55
745.75	354.8
746.25	359.95
744.7	359.75
748.55	362.45
641.5	384.55
636.45	395.2
640.4	392
647.4	392.3
648.7	388.05
652.4	386.9
651.2	384.7
652.3	390.5
654.75	377.7
654.9	379.2
655.3	377.75
658	377.6
660.35	378.7
659.9	378.7
662.35	386.75
661.55	388.2
663.05	390.95
663.5	388.95
660.15	391.4
657.7	393.7
656.3	393.45
654.7	392.9
653.85	392.7
651.85	393.75
649.65	395.2
647.65	394.15
648.75	396.2
645.5	391.65
643.35	394.7
647.35	391.05
645.05	392.55
648.4	390.05
647.05	394.9
642.85	396.65
641.85	399.1
641.55	398.7
638.4	399.65
635.75	399.8
632.05	401.1
634.3	406.15
634.35	407.5
727.65	403.4
743.1	413.3
742.95	406.95
742.3	414.3
741.1	417.95
737.25	416
735.35	417.6
737.4	420.3
733.65	418.1
734.5	422.55
734.3	420.1
736.1	419.5
734.15	422.05
733.05	420.6
730.65	416.05
729.6	412.85
731.5	411.6
732.4	414.3
735.9	411.6
733.4	410.2
733.75	411.85
734.45	410.55
731.25	406.9
736.85	412.05
738.7	405.05
739.2	406.7
737.05	407.1
736.45	406.25
733.7	403.75
734.9	401.35
733.2	402.85
739.95	404.95
737.35	406.7
736.05	404.75
737.45	401.3
739.95	401.3
742.8	404.85
616.65	421.65
615.95	425.15
618.2	431.4
617.8	427.35
615.15	424.75
613.25	426.5
614.5	426.75
613.6	430.1
613.75	432
608.05	422.75
608.35	426.7
611.2	425.1
610.1	424.95
613.05	426.2
614.05	422.6
612.85	425.55
613.55	427.5
615	425.25
614.9	424.45
613.65	421.35
612.4	419.25
613.5	423.75
613.15	426.35
616.1	423
610.2	422.25
610.5	424.4
622.45	421.6
918.4	414.4
918.05	412.15
914.3	411.85
912	413.3
909.1	415.65
908.8	418.15
907.55	419.2
907.55	418.85
908.15	420.75
907.85	424.75
907.6	424.2
904.65	425.4
909.35	428
906.9	432.1
904.7	435.15
905.7	438
906.2	439.35
909.4	437.2
912.05	444
915	441.2
912.3	442.5
915.65	442
917.2	442
917.65	445.8
922.8	448.6
920.35	450.5
919.5	443.3
926.7	449.45
926.05	452.9
923.25	451.55
923.8	446.45
922	448.5
922.6	449.25
920.1	449
919.4	448.8
919.45	451.6
920	450.9
918.25	454.55
918.5	452.8
917.25	450.6
777.3	432.85
691.15	410.1
695.3	411.1
697.25	412.15
699.75	416.35
700.15	415.75
701.6	413.5
699.65	419.65
699.9	420.95
701	423.25
695.7	420.9
696	420
700.65	419.05
703.35	418.7
702.05	415.45
702.75	416.75
707.15	414.45
707.45	417.6
704.6	417.2
706.3	413.9
704.95	413.35
709.8	412.4
712.35	413.6
710.45	411
706.8	413.85
705	414.15
708.05	419.1
709.35	420
530.7	387
533.8	383.4
532.95	384.1
533.4	382.6
530.7	383.55
532.35	382.65
534.1	387.25
533.85	382.85
535.1	380.3
536.85	381.7
536.85	380.4
538.75	370.25
537.8	368.85
534.95	365.1
695.05	346.4
691.7	337.9
686.35	338.6
680.5	334.7
679.9	331.1
677	334.25
675.6	339.1
674.4	329.95
671.7	331.45
672.4	332.3
665.35	335.35
669	335.05
666.3	335.25
664.75	338.45
662.7	336.15
663.8	340.65
666.15	337.65
661.1	336.8
660.25	339.2
662.25	338.2
661.5	346.05
661.85	343.55
658.8	345.1
658.25	341.75
658.95	344.35
660.2	345.85
659.35	343.75
659.4	344.35
660.4	345.6
634.25	300.85
615.15	264.6
616.5	260.15
617.5	259.95
615.5	262.05
618.75	261.85
616.25	260.6
614.25	257.95
613.2	261.6
612.6	265.05
0	0
0	0
0	0
0	0
0	0
0	0
462.05	300
473.7	227.15
475.3	220.5
487.9	234.2
492.6	244.8
492.75	265.25
497.05	273.65
495.3	282.9
497.15	287.5
498.05	295.25
497.1	297.9
494.75	301.05
490.75	301.05
505.25	309.95
725.5	321.35
754.05	335.5
750.3	337
747.3	336.4
747.8	336.35
748.45	342
747.5	341.65
752.8	343.3
751.15	342.35
753.2	342.15
758.35	341.9
761.15	342.4
763.55	343.9
768.65	344.75
771.3	342.75
775.7	344.15
778.15	343.85
780.25	341.85
782.65	340.1
527.1	342.45
412.55	357.25
417.9	351.75
421.6	354.3
429	351.95
434.7	353.3
435.05	354.05
438.5	354.7
440.75	352.7
443.25	356
443.5	358.1
444.6	354.9
442.4	359.25
443.85	362.3
443.55	360.7
442.5	360.05
444.85	360.35
446.6	359.55
449.1	359.05
450.15	363.65
449.9	366.95
452.2	370.6
454.75	373.35
457.9	372.65
457.1	370.9
456.95	371.8
458.2	377.05
457	374.35
458.45	376.25
459.85	376.45
462.7	370.75
247.1	513.9
243.9	547.05
251.3	541.25
258.65	542.35
263.35	532.9
267.9	532.95
269.6	531.4
272.4	530.65
275.95	529.55
277.75	533.1
280.2	533.55
283.95	531.95
282.6	535.65
286.05	535.6
285.25	534.8
291.35	532.4
291.3	533.1
294.9	527.95
299.6	525.4
301.4	523.95
305.5	521.2
306.95	518.15
305.85	514.55
307.9	512.75
308.4	512.1
308.4	514.5
307.75	510.6
307.75	507.5
305.4	508.85
303.1	509.1
303.1	506.2
301.25	508
300.1	508.15
298.35	507.7
298.3	509.25
604.3	566.75
1046	635.25
982.5	605.9
972.65	600.3
967.55	597.8
960.65	595.85
952	590.15
950.4	589.3
945.9	582.35
942.55	580.7
936.45	574.9
935.55	572.1
927.85	564.9
925.1	563.2
919.4	559.95
916.35	554.25
904.1	553.15
898.35	547.9
894.75	546.75
887.4	548.1
884.7	544.3
876.25	543.65
867.8	539.85
861.8	539.45
856.9	532.7
847.75	530.85
837.75	524.75
831.7	520.7
824.7	518.3
823.2	514.1
814	507.1
809	508.3
804.8	502.7
800.8	499.95
795.65	496.05
793.7	494.65
788.6	492.6
779.7	490.8
779.1	488.4
777.25	485.25
770.55	481.95
766.75	477.2
759.65	473.95
755.4	470.65
750.6	470.2
747.4	470.15
744.8	468.4
739.6	467.35
736.7	463.25
733.05	464.4
729.8	462.2
727.15	459.15
722.9	454.9
721.6	451.3
717.35	447.55
714.55	446.4
709.7	442.95
546.35	544.45
536.5	543.85
535	537.35
533	527.9
529.35	514.5
525.9	501.3
521.45	491.25
519.8	487.05
541	372.1
549.7	363.15
547.4	359
542.35	354.65
538.3	356.35
817.05	195.75
815.55	183.5
808.75	179
805.2	179.25
800	178.55
798.7	181.1
797.75	184.4
796.3	183.6
797.9	179.25
796.15	178.45
826.25	194.55
882.55	233.3
881.65	233.7
876	234.6
872.9	240.1
866.45	246.15
861.4	250.85
857.55	260.2
851.55	261.6
847.45	267.7
844.75	267.95
843.15	269.85
841.7	275.85
840.75	279.8
835	281.75
832.65	285.95
831	294.85
828.1	300.05
825.3	305
825.55	306.85
824.1	312.25
822.1	320.05
820.1	328.15
822.6	331.1
818.1	336.05
817.2	333.9
809.5	340.6
737.45	262.9
734.8	255.45
731.45	257.1
730.8	259.75
729.45	269
729.85	275.25
729.1	280.45
730.95	285.8
728.15	289.55
729.45	297.75
727.8	307.85
724.55	313.55
724.3	320.55
720.25	327.3
720.7	336.35
720.6	342.15
720.25	351.3
718.1	356.35
716.35	367.75
718.05	374.75
715.75	389.2
713.35	394.35
718.85	395.9
716.15	403.15
715.25	410.9
569.45	347.6
545.05	338.9
545.4	337.3
546.5	343.9
549.05	349.85
547.7	361.45
550.8	366.4
551.75	367.3
548.1	375.7
415.15	362.45
415.7	366.75
419.1	376.95
421.8	386.45
421.8	393.15
422.6	403.9
425.25	411.35
425.95	418.05
428.7	427.45
428.95	431.95
432	439.75
437.15	445.8
439.5	449.7
444.95	461.9
448.1	471.75
451.4	480.75
453.15	483.65
460	498.95
461.85	498.25
467.25	503.1
470.45	508.2
469	512.25
471.25	519.35
475.8	525.05
481.7	526.8
489.1	536.8
496.9	545.55
501.65	553.65
509.3	551.6
513.4	554.25
516.75	555.15
528.45	550.35
302.65	463.35
295.45	456.5
301.5	456.65
312.3	458.3
324	463.6
333.6	462.65
342.5	463.05
349.5	465.7
358.95	467.2
372.4	470.7
384.5	478.5
396.05	474
408.5	479.45
425.8	484.55
445.2	488.15
452.35	493.25
460	493.5
471.7	500.25
485.4	504.45
496	510
506.95	511.8
378.3	523.85
361.55	521.25
365.25	521.45
366.3	519.8
369.85	519.8
373.35	520.05
373.55	518.45
375.55	518.8
379.25	524.5
380.4	523.75
381.7	525.15
305.85	305.6
304.2	312.2
303.15	324.7
304.3	341.3
302.65	351.15
303.35	356.85
302.75	372.45
303.4	386.65
305.65	393.75
306.55	397.3
307.95	402.4
308.2	403.8
577.7	389.9
610.25	396.55
607.25	399.1
605.5	398.05
606.4	402.15
605.6	404.2
606.45	405.75
608.9	402.3
607.75	407.9
607.05	409
558.4	370.5
405.2	255.2
401.75	256.05
405.35	259.8
409.6	263
409.15	263.7
409.55	267.65
408.3	268.1
407.25	270.1
556.75	311
613.65	320.3
612.7	319.5
607.6	318.85
606.7	319.7
602.7	322.8
604.55	327.85
605.85	328.55
606.25	332.75
607	339.1
606.7	345.3
606.35	349.85
772.45	365.75
791.7	375.65
790.75	377.25
793.75	382.5
794.4	379.75
887.7	394.05
930.6	388.85
928.55	391.25
919.05	398.85
920.75	402.65
918.65	407.15
918.9	411.3
918.95	410.8
923	408.65
925.05	413.45
926.5	414.3
800.35	318.45
608.9	186.4
616.95	188.85
621.2	194.7
621.85	202.85
624.9	209.05
628.85	201
631.05	194.95
632.65	198.6
634.85	200.15
636.95	202.6
641.2	199.4
642.5	205.7
575.4	224.3
435.75	258.45
438.45	259.15
440.9	264.35
445.65	264.75
448.95	269.8
450.5	273.7
454.15	274.85
456.6	276
457.25	282.3
459.65	290.8
460.95	292.35
465.6	297.3
469.4	303.75
469.65	312.65
516.25	338.65
0	0
0	0
0	0
0	0
0	0
0	0
0	0
0	0
0	0
821.1	403.4
821.4	403.25
822.95	402.1
833.4	393.25
836.35	387.8
841.15	381.1
847.5	380.95
849.65	376.05
859.75	370.65
866.2	369
868.2	367.05
878.9	361.8
885.45	353.85
885	354.95
892.05	348.8
895.7	343.75
893.25	344.5
895.45	341.9
893.85	339.5
891.2	339.95
892.8	337.4
888.4	337.8
885.65	339.1
880.8	338.75
826.3	273.2
816.5	234.3
813.5	233.2
813.65	232.15
812.35	227.9
807.9	236.6
808.55	234.2
805.5	237.9
803.2	239.2
800.1	241.85
801.7	241.65
800.25	241.5
802.25	244.4
798.05	247.35
796.2	249.4
796.8	250.75
797.9	249.35
796.65	247.7
616.2	221.15
575.55	208.55
572.05	204.15
568.15	200.55
562.5	203.1
550.5	197.8
544.6	192.7
532.35	191.4
527.1	188.95
519.25	185.45
516.05	187.15
504.8	189.3
782.95	334.1
836.55	414.5
828.8	411.3
827.7	409
828	411.3
827.95	415.8
827.55	416.25
827.15	416.4
824.2	423.3
826.35	422.4
827.1	420.8
828.05	423.05
829.15	421.9
829.6	422.2
830.1	420.95
831.75	422.9
832.6	426.65
832.3	428
831.75	428.4
827.75	431.65
828.9	433.85
829.7	438.15
827.25	439.45
825.05	443.9
818.95	449.95
816.8	456.65
812.75	462.6
810	462.65
811.6	470.45
803.25	473.15
801.15	473.2
799.15	477.45
796.6	481
795.1	482.05
790.55	484.15
785.95	485.25
786.4	484.2
785.4	481.35
786.75	481.85
784.2	481
783.9	480.5
784.15	477.75
783.2	473.75
781.5	473.3
780.4	465.15
777.35	463.5
778.05	461.7
776.8	461.6
773.7	458.35
771.65	452.7
768.8	451.05
766.65	445.75
764.55	438.9
765.4	440.25
767.35	439.5
640.05	507.8
609.15	506.45
611.75	503.35
611.4	505.65
610	498.2
615	496.65
615.7	498.15
614.75	494.9
612.6	486.5
608.35	485
0	0
610.5	484.25
616.05	490.15
0	0
0	0
478.25	414.5
476.6	412.25
479.95	414.05
481.9	417.4
484.3	422.9
484.95	420.7
482.9	428.35
485.45	431.8
486.1	433.2
483.7	432.95
483.75	438.65
485.15	439.7
486.25	447.2
488.5	449.45
490.6	454.35
488.3	453.7
615.3	494.8
637	517.8
635.55	514.8
634.6	515.2
0	0
0	0
0	0
0	0
0	0
0	0
0	0
0	0
0	0
0	0
637.95	481.2
646.25	441.3
658.3	452.45
666.75	469.75
672.9	482.6
670.9	493.7
670.6	490.2
670.3	492.7
673.7	491.75
676.45	491.95
679.45	486.65
681.05	487.6
680.05	480.75
674.15	479.95
673.9	477.05
601.55	478.35
468.7	471.55
469.75	472.55
472.7	469
473.75	464.7
473.4	460.35
471.3	457.95
474.9	452.3
470.3	454
471.3	453.2
468.75	445
462	440.7
461.75	442.85
455.8	434.2
453.25	431.95
452.2	426.05
620.7	406.9
647.7	393.2
645.25	390.2
639.1	389.65
636.15	383.15
628.75	383.35
627.4	381.8
591.7	358.4
590.25	353.55
589.55	349.9
591.65	352.6
591.3	352.1
593.7	350.85
585.9	350.75
586.95	351.8
584.65	350.9
579.5	356.15
578.85	352.65
573.35	359.2
574.05	365
570.8	372.15
572.3	372.35
573.35	377.8
573.75	382.85
574.15	382.1
574.8	382.85
573.4	383.4
574.55	385.65
576.6	383.85
573.05	378.45
573.35	376.1
573.1	373.35
573.3	371.55
576.6	370.7
578.5	376.3
577.55	380.5
580.1	377.3
580	377.1
584.7	373.4
582.3	363.95
584.9	366.15
584.7	368.25
584.4	365.05
584.55	363.4
584.55	359.8
582.65	358.3
584	359.55
585.4	358.5
587.35	353.1
586.6	352.9
589.6	353.9
590.95	348.75
590.65	352.25
592.15	349.05
594.9	345.75
593.85	350.4
595.35	350.85
599.3	348.2
598.6	354.2
599.35	351.25
598.3	354.35
601.85	354.15
602.4	357.65
604.5	360.2
607.1	364.6
608.95	362.5
612.35	366.1
610.7	372.1
612.4	367.75
611.6	369
614.65	363.9
614.2	371.3
615.3	372.35
626.15	377.85
658.45	523.1
659.8	528.35
660.55	523.95
659.9	520.55
660.85	515.5
660.85	516
660.35	514.6
661.5	516.15
662.75	512.85
664.9	512.95
665.35	512.8
665.95	514.3
668.75	513.05
673.3	513.85
672.7	517.25
675.65	518.25
676.75	524.95
679.2	524.7
682.8	527.1
684.8	523.65
686.7	529.65
687.55	530.9
691.8	529.2
691.35	526.75
692.5	528
697	528.7
696.65	526.75
695.8	525.85
696.6	520
698.1	519.95
698.55	516
700.8	520.65
702.45	518.15
705.5	516.9
703.95	517.9
707.4	512.2
706.05	513.75
705	513.1
705.1	515.4
703.4	511.3
706.35	511.9
704.3	511.95
705.55	512.25
705.55	512.05
708.9	509.65
709.3	512.15
0	0
711.55	514.9
713.7	514.2
0	0
0	0
717.35	516.7
716.15	524.05
720.2	526.1
542	370.4
540.35	371.15
545.3	372.55
549.6	377.25
550.55	378.4
551.35	380.7
554.6	378.2
551.95	381.8
559.55	384.5
556.85	385.8
559.75	389
565.1	387.85
567.7	395.1
566.45	391.95
571.45	390.65
760.5	524.55
763.25	513.35
759.95	503.65
759.6	500.95
756.2	498.65
756.15	494.6
758.55	489.65
757.8	487.1
757.95	488
759.05	486.05
764.7	476.65
761.45	471.95
766.9	459.1
768.2	449.85
769.5	445.8
766.8	438.9
769.6	431.05
767.9	431.45
772.15	425.7
769.9	430.35
771.65	420.95
773.55	419.55
776.4	423.65
771.6	350.95
777.45	342.2
777.4	339.85
781.35	339
784.25	334.9
782.95	332.75
786.25	329.9
789.7	323.3
789	324.05
789.85	317.95
789.75	293.7
784.65	256.85
785.1	251.65
785.2	245.6
781.25	247.6
784.95	241.95
785.95	235.25
785.85	230.15
782.4	234
785.3	231.75
784.5	227.8
784.8	222.5
771.95	215.15
721.75	180.5
721.2	185.15
724.35	183.3
723.05	186.95
726.6	186.25
725.15	181.65
724.45	191.75
725.25	191.9
725.6	188.45
725.35	182.85
726.05	178.8
728.4	181.85
726.35	188.6
728.55	180.5
729.25	179.15
726.55	185.05
727.75	183.9
728	182.4
729.25	179.45
730.4	177.8
732.25	174.1
793.45	198.9
831.05	216.05
835.3	213.85
835.1	213.95
836.1	216.95
838.9	218.75
837.85	223.55
840.7	224.2
842.85	228.7
840.6	234.05
839.9	235.75
841.4	241.3
843.2	243.35
836.45	195.25
836.4	199.55
836.55	204.9
839.5	208.15
837.45	220
837.3	226.85
837.45	231.2
840.1	233.1
838	234
838.25	240.9
837.6	242.3
837.6	243.6
833.75	250.95
835.65	251.3
831.4	255.85
831.4	260.6
829.8	260
828.55	265.65
824.7	264.65
822.8	269.15
820.45	268.85
817.75	271.1
817.35	273.2
815.25	276.2
816.2	277.05
814.05	274.65
741.1	409.8
739.15	442.95
735.95	444.2
736.7	447.35
740.8	450.05
742.35	451.95
743.05	458.15
745.6	467.75
744.95	471.85
748.55	482.1
746.1	483.4
747.15	491.2
749.9	498.2
750.5	505.6
751.2	507.2
753.55	512.75
752.55	514.5
757.75	518.25
759.6	523.1
762.4	525.15
763.1	525.55
766.1	529.35
769.15	529.1
771.35	529.4
768.95	533.05
772.85	533.1
775.55	533.1
773.85	538.55
777.05	538.05
775.1	540.45
778.6	537.25
778.45	540.5
781.75	536.75
785.9	536.95
786.4	537.65
788	543.85
790.75	544.4
792.7	539.35
790.2	545.65
790.85	542.25
789	544.85
793.5	546.45
796.2	546.15
793.15	552.15
796.7	551.15
794.9	555.2
794.25	555.85
797.5	553.2
795.7	557.85
798.05	553.8
803.6	551.65
804	552.6
807.4	551.5
808.85	551.85
811.5	549.8
809.45	554.7
812.55	545.9
811.95	546.9
812.7	550.25
815.1	540.4
816.05	540.2
816	541.75
820.85	535.2
818.95	531
818.35	530.65
822.4	533.7
822.85	531.25
790.1	492.05
792.75	494.3
794.4	493
791.7	495.45
793.1	497.05
639.45	439.4
0	0
0	0
0	0
598.35	432.05
600.1	431.35
599.35	432.4
596.85	433.45
595.5	440.35
672.7	414.6
682.55	409
680.35	410.2
679.15	411.8
682	410.45
677.85	413.65
676.8	409.65
681	410.45
679.45	412.45
677.35	410.75
754.2	504.7
755.15	497.45
755.15	494.8
753.95	490.5
752.3	497.35
747.8	496.35
750.8	490.65
750	491.25
710.9	472.7
697.7	450.75
698.2	449.7
699.1	445.7
697	454.95
702.4	446.65
702.6	445.25
703.9	444.6
702.1	448.2
705.65	441.75
706.35	446.25
705.1	442.15
706.85	439.05
706	441.2
705.75	438.2
706.7	437.05
705.95	438.3
709.2	432.65
707.7	428.95
709.4	431.1
684.25	412.55
683.8	410.3
683.3	410.2
682.25	411.8
683.45	410.15
682.4	411.2
683.15	410.75
683.8	408.15
687.35	403.7
689.1	405.45
688.35	401.8
0	0
665.9	583.55
668.25	576.25
667.45	574.55
666.25	576.55
686	502.15
688.35	493.35
687	494.1
689.3	493.25
689.7	492.55
692.25	490.1
689.75	487.3
692.7	488
701.25	491.45
693.25	372.75
695.7	345.75
697.65	347.6
697.25	354.35
698.85	349.75
699.45	351.7
702.15	348.85
701.7	345.15
700.3	343.45
704	341.2
703.15	344.6
704.9	346.9
704.6	346.4
712.55	450.8
717.5	499.15
715.85	497.35
719.5	494.65
719.9	489.9
719.65	489.7
720.5	486.7
723.05	484.95
718.75	489.4
716.35	487.3
714.4	487.85
716.3	488.7
721.15	486.7
725.55	484.6
727.05	485.3
726.35	486.8
727.35	487
726.35	489.05
725.25	491.75
725.65	489.5
727.25	490.6
725.25	488.45
727.9	488.1
729.55	483.85
730.8	482.65
731.9	484.5
732.1	481
735.05	483.1
734.25	482.8
736	477.75
950	254.1
978.45	233.05
972.6	241.65
972.2	244.05
975.05	244
974.95	244.55
975.25	247.4
976.75	247.5
977.1	247.55
978.9	246.2
979.15	247
981.05	245.35
978.85	244.85
766.15	447.35
752.75	502.3
757.5	495.05
763.25	495.85
763.8	494.45
766.35	491.35
767.6	492.2
767.85	486.7
766.5	482.9
770.1	484.05
772.75	480.9
776.8	480.4
778.65	484.1
782.6	483
785	480.85
790.8	480.7
789.5	478.8
794.55	479.4
796.8	479.75
796.85	479.25
800.35	478.1
805.8	476.4
804.35	479.2
805.9	483.15
809.85	480.8
812.25	474.8
814.15	474.8
815.15	472.3
816.6	469.85
821.25	470.25
823.25	464.5
823.15	462.6
825.1	461.35
829	456.85
830.8	453.9
834.5	452.4
833.65	447.6
838.55	447.1
839	445.6
842.55	443.95
844.25	442.5
846.45	439.55
860.3	434.65
866.4	412.85
869.95	410.75
874.1	405
875	409.25
876.05	406.55
876.65	404.7
874.95	410.4
874.55	406.9
877.9	401.2
877.95	402.3
881.8	405.5
888.2	401.7
892.85	400.15
894.4	400.65
900.5	399.05
903.25	399
899.9	399.65
906.1	398.45
905.8	396.9
908.95	395.55
908.95	392.15
906.85	396.25
910.1	394.55
913.7	392.7
917.65	391.2
918.6	392.6
919.7	390.45
918.85	393.65
918.75	396.2
921.35	395.1
921.3	391.55
925.4	390.1
924.85	390.65
927.55	390.95
909.7	404.9
910.75	401.35
914.85	398.85
913.95	398.65
911.65	397.95
915.8	397.55
914.8	401.45
914.8	402.2
916	403.5
912.2	404.65
915.1	404.9
916.65	405.55
912.65	412.65
921.6	375.6
924.35	360.55
925.25	361.2
920	367.5
917.35	365.4
918.05	369.45
919	364.4
915.6	360.85
915.4	363.4
831.35	343.05
820.25	347.1
824.25	350.8
822.35	345.95
824.3	346.15
824.8	346.25
827.4	342.15
832.1	311.65
836.95	308.15
838.25	306.75
838.05	311.85
840.3	312.85
842.15	318.55
842.7	322.25
845.5	320.9
851.05	342.8
852.6	342.25
853.95	345.55
855.65	348.15
855.3	352.85
