644.7	368.3
646.75	367.25
646.65	362.6
645.65	355.4
645.1	354.85
646.25	362.7
642.85	363.1
643.85	357.25
649	360.35
645.5	357.2
648.05	353.65
646.15	347.95
651.95	340.2
650.75	340.8
652.5	338.2
652.2	340.25
655.45	339.95
657.5	336.55
590.95	420.1
604.35	411.45
603.8	402.55
605.95	400.05
607.05	406
611.6	399.75
610.9	397
611.75	400.3
614	400.8
555.55	515.85
550.75	507.25
551.3	503.3
551.6	500.25
554.5	494.15
552.9	496.65
555.85	489.8
554.05	493.7
554.1	491.15
555.05	490.05
552.65	488
553.8	484.9
552.85	481.1
551.7	481.95
539.65	510.4
523.95	564.2
520.5	573.6
522.05	570.95
522.8	570.05
520.65	573.65
522.1	575.2
520.4	572.25
539	603.6
543.4	623.8
546.8	631.15
544.45	628.85
548.3	629.95
551.45	631.25
550.35	630.1
551.6	633.2
550.6	633.55
551.15	631.35
550.85	633.1
552.1	632.95
551.15	631.65
549.85	630.15
549.35	632.55
547.6	633.85
543.95	630.3
543.6	630.4
542.15	631.2
540.05	632.25
540.15	634.25
539.3	632.85
538.2	632.9
538.45	637.15
540.15	636.85
550.1	475.25
549.35	484
551.25	486.7
550.65	486.75
552.25	486.85
550.95	490.15
553.35	485.35
564.05	345.25
561.95	287.3
564.45	268.6
569.7	269.3
570.75	268.8
571.65	265.5
573.3	265
576.85	266.5
577.85	266.65
711.25	221.25
744.55	211.8
754.45	216.45
760.05	215.5
765.4	218.8
772.6	216.4
775.2	217.15
0	0
869.75	168.55
919.6	138.25
925.1	138.75
928.85	138.9
929.3	147.45
967.85	129.7
962.3	136.8
963.25	139.2
963.55	140.5
965.6	141.05
965.1	145
966.9	147.95
862.45	138.35
715.2	122.1
686.9	134.45
687.3	133.35
687.9	129.95
685.45	130.7
686.55	137.35
688.35	139.7
686.35	139.2
598.1	132.45
605.35	132.6
606.25	134.75
605.45	134.1
603.55	135.15
602.65	136.85
601.75	135.35
598.95	139.75
601.35	140.3
600.05	137.55
599.85	140.45
598.9	142.05
598.45	144.05
598.35	145.5
598.4	141.15
598.9	141.9
597.6	140.3
596.3	141.6
600.7	143.7
600.65	143.25
600.15	139.8
631.9	164.45
638.6	157.9
634.45	156
633.2	159.1
631.8	160.8
629.75	158.8
629.85	148.55
628.3	150.7
881	103.05
878.1	92.9
875.15	96.9
874.9	93.3
877.4	92.5
880.3	95.15
884.9	94.3
884.45	96.6
886.6	89.95
749.7	219.1
744.2	215.15
744.45	212.95
744.7	211.05
744.7	207.35
745.25	206.2
743.7	203.4
743.1	203.35
742.75	204.8
741.9	200.15
744.05	201
746.05	199.7
744.55	196.8
745.1	194.35
746.6	193.35
746.65	193.15
745.05	191.7
650.45	214.25
660.65	220.45
660	222.75
659.8	222.85
659.55	224.7
660	222.75
659.95	219.45
661.05	218.05
660.65	221.25
600.65	252.05
605.75	256.2
604.3	258.35
603.9	259.65
601.85	255.9
601.3	254.75
598.6	258.35
600.4	259.1
600.45	257.85
598.55	259.5
598.5	260.65
597.65	260.45
597.15	260.65
597.55	259.9
600.25	257.5
593.6	244.95
600.05	133
596.15	111.65
599	108.35
598.65	108.6
598.75	114.25
562.65	49.25
567.35	62.25
567.2	61.85
565.45	63.15
566	57.6
567.9	62.05
570.25	69.65
570.05	71.25
572	77
572.5	81.65
572.2	85.05
571.05	84.95
569.45	82.1
571.3	83.7
572.35	81.25
568.5	75.95
565.6	80.3
0	0
0	0
0	0
568.9	83.2
569.45	81.7
574.1	85.05
573.95	87.1
573.2	88.05
573.35	87.05
573.35	81
573.6	80.8
575	77.65
611.85	95.1
611.1	94.4
604.55	86.75
601.85	85.45
599.35	83.45
597.3	83.65
594.75	85.65
598.3	93.1
0	0
0	0
0	0
0	0
0	0
535.35	110.2
535.35	115.65
537.75	117.15
535.75	117.6
534.2	115.85
533.5	118.4
530.5	118.65
531.15	113.15
530.1	113.1
528.45	110.55
525.45	112.55
523.25	110.25
526.1	115.85
526.55	117.45
525.05	112
528.65	113.25
530.8	112.65
529.9	115.4
529	117.2
533.2	119.75
534.9	123.15
531.8	117.25
533.3	118.95
533.45	123.3
534.25	124.4
534.8	121.9
513.9	133.05
507.15	138.35
495.35	137
494.85	138.05
498.05	139.8
498.45	141.6
497.7	141.05
501.15	141.75
504.25	146.1
503.2	143.6
506.05	154.05
509.9	154.15
506.45	151.35
505	155.85
506.05	161.7
505.9	163.2
503.9	161.3
503.4	161.15
504	164.8
507.75	159.7
509.85	165
510.45	167.3
514	173.2
518.3	171.05
520.35	176.45
512.85	166.15
520.3	169.6
539.05	86.85
540.2	91.9
537.15	86.7
542.1	98.85
543	99.75
541.85	88.35
544.35	99.25
547.9	103.8
548.45	110.2
546.45	107.65
548.5	109.95
474.9	106.4
452.05	133.5
450.1	145.55
449.25	148
452.4	150.55
448.05	148
449.85	152.85
449.25	147.85
446.5	143.95
448.1	148.45
451.5	146.85
451.05	142.5
447.3	145.55
448.7	138.4
523.15	148.25
527.7	153.05
532.3	163.1
531.1	164.05
531.9	161.25
534.15	165.5
531.05	165.05
527	160.35
529.55	160.05
530.2	161.45
531.3	159.35
531	157.05
535	160.3
533.6	164.3
532.55	165.25
539.55	169.25
533.65	167
534.25	170.15
536.1	171.95
537.5	171.25
534.5	167.4
533.3	167.45
540.05	164.2
542.9	167.2
545.95	170.05
537.7	164.9
539.6	161.65
543.05	156.15
546.75	165.7
618.55	105.2
609.35	119.2
611.3	122.9
610.2	115
611.35	112.65
613.8	115.4
618.85	118.75
620.95	121.9
620.15	117.85
621.65	117.5
624.95	121.5
630.5	124
631.05	117.15
629.45	113.1
627.85	109.1
629.25	108.05
632.85	107.8
631.4	107.05
540.8	278.2
546.1	264.85
549.6	263.85
549.5	263.85
551	266.9
553.35	271.7
555.8	273.35
555.45	268.7
555.3	277.6
557.05	275.15
556.05	274.3
555.3	273.05
559.15	275.6
560.85	272.45
561.35	276.5
566.15	273.7
569.9	269
571.65	272.05
576.3	271.65
577.5	271.55
580	268.7
579.7	264.9
578.8	264
583.75	266.45
584.25	267.55
586.55	265.45
589.85	269.75
589.15	270.1
586.9	263.15
590.05	265.85
592	264.35
511.8	225.95
500.1	220.35
499.65	219.7
498.75	217.05
502.65	217.45
503.55	211.15
502.85	210.75
506.65	211.4
505.55	209.6
506.4	214.3
507.2	216.6
508.65	215.25
508.85	214.4
506.4	216.3
507.75	222.35
508.65	217.75
510.35	219.9
510.65	211.85
509.4	212.7
509.6	217.3
509.5	215.35
509.05	215.05
510.9	214.7
514.45	214.05
516.05	216.65
515.8	214.55
518.2	212.15
520.85	211
627.55	282.95
613.15	287.4
611.1	284.25
611.45	281.4
610.2	278.95
613.95	278.15
613.95	274.45
614.9	273
615	274.7
616.25	275.3
615.15	275.45
616.75	275.35
614.85	274
617.6	271.15
618.55	266.75
620.65	266.05
622.5	268.15
620.75	265.95
617.8	270.3
617.65	272.35
622.1	268
622.15	261.55
621.45	262.15
620.3	261.95
621.85	257.9
621.65	261.65
621.25	258.65
620.95	260.05
621.4	255.45
624.45	252.95
621.95	258.35
619.7	257.3
622.6	256.75
625.8	255.65
624.65	252.5
624.65	254.85
625.65	254.55
628.05	248.9
631.15	244.95
633.2	245.85
633.45	241.15
636.25	242.15
637.25	240.65
637.05	242.1
640.7	243.65
646.05	242.6
645.75	243.85
647.25	243.3
614.35	294.95
579.9	456.75
577.2	497.75
576.7	497.85
580.2	497.05
574.8	490.45
579.9	494.85
577.1	501
581.2	500.1
581.2	500.4
571.85	471.35
544.1	376.25
541.7	359.7
544.05	350.65
545.6	345.55
546.15	343.65
547.9	339.1
546.95	337.75
546.15	341.2
545.75	337.65
544.95	335.7
541.3	336.35
540.6	339.4
541.75	337.85
541.8	336.65
542.4	341.35
544.55	341.1
544.3	340.35
540.9	335.9
542.6	340.6
546.05	337.75
547.65	338.75
551.8	344.65
551.2	342.55
555.9	346.95
554.1	344.85
551.95	350.4
555.55	350.7
552.9	350
549.9	352.4
552.05	349.65
555.75	349.4
554.15	343.7
553.45	341.9
557.2	341.1
555.05	347
557.55	343.95
561.25	340.55
562.2	340.75
561.5	336.25
562.4	332.65
564	330.05
561.65	329.25
561.7	327.85
565.75	324.55
568.4	321.1
573.7	314.75
573.65	310.7
575.2	302.55
574.35	297.55
575.95	295.9
580.5	295.7
104.45	673.75
125.75	682.9
146.05	672.7
149.3	672.95
150.6	672.7
150.7	672.4
158.75	673.5
162.5	672.95
165.9	670.8
254.15	626.55
258.85	625
264.1	628
269	625.4
269.8	618.05
273.6	611.5
280.85	608
282.85	601.25
288.65	602.65
296.55	601.65
298.85	600.85
302.25	604.5
304.55	604.75
308.75	603.35
317.2	605.8
324.3	604.2
329.95	609.4
335.85	608.05
336.3	606.05
342.4	607.1
352.9	610
359.05	609.35
365.8	611.45
372.95	614.6
378.55	612.9
382.4	610.7
387	613.3
402.1	615.8
412.7	621.85
420.5	620.05
422.7	622.55
424.75	623.7
425.85	621.55
427.35	622.65
428.55	616.65
431.7	617.1
430.2	610.15
433.6	606.1
434.5	602.35
440.5	599.15
445.45	593.9
449.05	593.4
454.4	590.55
459.5	585.85
466.2	583.9
474.9	582.25
483.1	584.15
490	581.6
493.55	581.85
502.65	578.85
510.35	583.15
515.6	582.95
518.25	582.6
524.3	584.45
532.2	585.65
538.6	588.1
545.05	583.1
550.55	582.05
551.7	584.45
557.35	581.65
563.5	581.65
573.45	580.45
578.35	584.65
588.05	587.15
593.9	589.35
600.7	589.6
608.25	588.35
613.95	589.1
621.15	587.7
629.5	586.7
635.65	588.35
641.05	590.7
649.35	588.55
658	584.85
663.8	583.7
669.8	582.95
679.35	583.25
684.75	584.9
690.55	582.9
642	578.35
571.7	546.75
563.3	542.95
568.4	542.15
573.95	543.15
579.9	544.6
587.2	545.1
592.9	547.2
598.4	546.6
605.65	546.75
611.9	543.15
619	543.6
622.95	546.15
630.65	542.8
640.2	541.2
642.6	543.95
912.15	535.55
885.3	551.35
884.2	549.3
892.75	548
898.55	542.3
906.2	540.35
912.85	540.2
920.5	535.85
925.35	536.3
930.85	537
934.3	540.05
938.35	537.55
940.6	534.2
944.4	534.8
951.1	540.35
953.75	537.95
957.45	540.5
959.75	537.65
961.35	542.3
563.45	490.4
579.6	479.3
586.25	484.2
585.25	484.95
588.1	478.75
589.5	478.9
591.95	482.75
592.9	481.7
592.35	479.4
596.9	479.95
600.05	481.65
603.3	480.4
607.05	478.4
610.15	474.6
608.3	475.5
611.55	474.95
614.75	476.75
617.65	478.4
617.9	483.8
621.7	484.1
624.25	487.05
627.2	487.5
628.9	480.9
632.1	485
633.3	483.7
634.8	479.55
636.1	482
639.4	481.6
642.6	481.6
641.75	485.15
643.45	486.55
644.45	488.6
650.55	486.6
651.55	493.6
654.95	496.3
658.4	497
661.8	504.25
665.65	508.55
478.85	511.85
477.3	527.2
485	527.1
482.3	529.55
485.2	530.9
489.8	531.95
493.95	532.15
498.95	532.3
505.95	531
507.65	532.4
510.4	531.45
511.75	529.8
514.95	533.45
520.35	532.55
442.15	460.2
446	453.6
449.35	456.7
453.1	454.85
456.7	455.5
458.5	457.7
463.15	461.25
521.75	375.65
522.6	389.25
524.7	391.55
527.95	390.6
529.2	394.6
530.95	393.55
532.3	392.45
532.55	394.55
538.25	390.8
540.95	392.1
462.95	472.25
421.45	505.5
422.85	512.6
422.3	515.35
425.1	518.35
428.65	517.05
432.05	514.55
429.75	515.05
428.7	515.75
431.85	517
435.75	519.8
438.05	528.25
551.4	438.55
577.95	435.1
580.85	433.95
580.5	430.2
585.4	431.6
590.45	434.55
597.15	433.5
601.35	433.2
602.65	436.8
601.7	436.55
605.15	439.4
614.8	433.95
673.25	403.65
684.4	398.75
685.9	402.45
687.25	400.35
688.95	403.1
688.9	400.35
693.35	399.6
529.1	528.45
501.75	557.1
504.45	568.9
501.9	572.25
500.95	581.45
502.05	586.3
501.95	594.3
506.55	596.95
508.85	600.7
508.2	603.95
444.5	586.7
452.3	586.25
453.75	586.45
454.75	585.6
455.05	585.1
457.05	585.65
459.9	586.65
462.1	587.45
467.05	588.5
471.25	587.7
473.75	587.05
458.9	540.5
459.05	531.4
458.8	533.6
459.2	535.05
461.95	532.35
465	536.6
469.35	535.45
469.2	539.4
614.5	495.8
641.3	486
643.95	489.5
645.3	487.55
647.65	487.85
651.8	488.35
654.65	490.6
658.3	492.55
661.55	494.55
663.45	493.95
664.35	493.7
670.1	495.35
672.05	496.85
672.7	498.25
676.35	498.15
700.6	489.6
714.65	482.2
726.7	475.55
729.5	482.25
733.65	480.2
732.35	471.6
735.5	471.6
738.65	475.8
738.85	475.75
466.75	589.2
434.05	593.8
446.3	594.5
444.5	597
443.6	599.05
443.4	598.1
443	600.5
443.55	599.55
448.1	604.5
449.25	607.55
450.95	608.25
453.8	610.75
450.95	613.8
450	614.3
454.35	615.2
458.15	611.8
459.6	612.05
458.55	609.25
454.25	617.45
455.1	616.15
486.65	604.45
598.6	557.25
625.65	541.35
623.85	549.1
628.65	547.65
628.8	546.8
630.15	547
632.65	549.65
635.65	548.05
638.6	547.5
640.3	549.05
646.1	548.7
645.05	554.95
646	549.6
650.95	549.4
653.65	549.7
654.6	551.7
651.45	554.95
655.4	557.95
660.2	558.8
579.85	564.95
488.5	590.95
471	604.9
471.1	608.2
471.9	605.4
471.75	608.7
470.2	612.35
472.6	616.5
472.45	617
478.45	614.25
475.8	619.35
476.65	620.85
478.75	623.6
611.05	495.3
614.75	487.9
619.55	493.15
624.6	489.5
621.45	494.3
622.75	496.15
622.1	498.05
626.65	494
629.5	495.95
630.35	494.95
628.65	494.55
635.05	503.5
636.85	503.75
636.5	505.4
640.35	507.45
642.3	503.9
644.35	509.2
648	503
651.45	506.1
650.55	501.65
495.35	541.2
500.9	551.1
479.1	565.15
476.6	567.95
475.65	570.5
476.9	574.2
473.75	577.8
471.5	577.55
472.15	581.1
471.4	586.1
471.6	591.05
472.85	592.5
476.95	596.15
478.05	594.55
477.95	601.5
491.4	601.25
604.25	546.9
679.5	541.65
673.85	535.6
673.9	538.75
677	535.9
678.4	543.2
679.05	541.35
680.8	539.8
679.25	540.65
685.5	541.25
687.6	545.45
689.35	549.3
692.4	546.5
615.65	520.5
622.25	522
627.3	522.95
627.3	522.5
630.4	523.35
627.75	522.05
629.1	524.25
630.55	529.05
631.9	531.7
633.3	535.8
634.45	535.1
634.25	539.9
637.35	547.35
638.75	551.55
641.6	555.25
645.5	557.1
639.5	560.7
644.05	560.75
646.45	566
647.85	567.55
649.35	568.9
651.05	570.65
652.65	572.95
717.15	556.7
754.55	546.9
761.75	548.55
768.45	547.65
769.05	545.7
771.65	550.3
775.45	556.8
778.2	555.95
782.45	563
786.25	570
785.25	566.6
780.6	544.8
756.55	526.55
755.25	524.1
759.45	527.1
763.3	529.1
767.1	526.85
496.1	484.15
435.7	480.65
442.85	485.3
441.3	491
441.3	490
441.55	490.2
443.35	490.75
445.35	493.8
445.45	492.9
570.6	498.25
561.65	507.2
558.95	516.05
561.8	513.95
560.45	517.75
560.85	516.2
563.55	519.15
566.5	521.05
569.4	519
569.3	519.95
588.4	527.55
585.6	527.6
586.6	528.95
585.9	528.6
589.65	527.2
591.5	530.55
593.95	531.85
597.45	529.8
647	542.75
654.7	551.25
657.5	551.8
656.35	553.35
659.6	550.9
662.85	550.1
676.1	551.3
807.7	577.1
845.4	578
851.8	578.8
850.85	575.15
859.4	571.7
858.55	579
861.55	578
865.95	582
864.35	582.55
953.5	574.3
971.6	575.25
975.9	574.75
977.25	574.1
982.7	573.9
984.65	579.65
989.9	583.35
943.8	574
484.65	529.1
478.15	519.45
484.2	523.05
480.25	525.75
481.15	525.55
482.85	527.95
477.25	528.9
476.25	530.6
476.85	533.1
476.1	534.6
481.25	541.05
484.6	544.3
485.75	545.25
489.9	546
487.4	553.2
503.95	557.75
569.15	591.2
577.75	598.3
581.55	599.8
581.2	601.3
585.2	606.95
586.05	607.55
770.2	620.7
822.45	617.55
819.25	630.15
821.35	632.85
827.75	632.4
831.15	631.1
833.45	630.5
835.65	630.85
835.6	631.6
838.25	635.8
842.65	637.15
843.35	639.05
844.2	639.3
847.8	635.4
848.55	632.55
851.1	633.8
850.6	633.95
850.45	632.3
850.55	631.35
849.45	633.25
598.35	663.75
594.1	644.2
592.45	649.3
591.25	652.7
590.4	649.5
588.05	655.95
586.5	648
588.7	650.95
589.45	652.35
604.5	553.45
610.15	575.55
612.2	577.3
613.8	578.95
612.75	580.85
613.4	577.6
616.75	575.9
616.85	578.6
622.1	578.5
619.45	574.7
700.7	577.55
696.25	580.15
691.4	577.95
693.75	580.25
697.15	579.2
697.3	577.9
694.45	578.25
696.15	578.85
735.9	589.85
727.75	596
727.2	599.2
726.3	599.2
726.5	600.35
726.95	602.1
725.75	602.7
726.05	599.5
725.35	600.95
721.5	597.7
722.65	600.25
723.1	598.6
722.7	601.65
719.8	606.35
725	604.35
724.75	600
724.4	599.7
726.1	599.15
725.85	593.45
724.25	593.3
723.8	592.5
724.45	592.75
725.8	599
747.65	606.15
753.35	607.75
751.95	606.7
753.65	606.2
753.45	605.4
755.45	607.1
757.75	607.3
748.8	603.2
655.55	614
645.6	608.05
646.65	610.95
650.25	603.1
648.15	602.7
647.35	601.25
644.6	605.15
641.65	608
639.95	606.05
640.6	608
636.6	610.75
638.9	610.2
639.2	609.9
638.65	610.7
642.3	612.45
642	609.6
644.35	612.1
642.45	610.5
657.1	625.8
0	0
0	0
0	0
0	0
693.75	606.35
695.1	607.1
694.95	612.95
694.4	615.3
697.05	614.75
696.35	613.65
697.7	620.2
705.5	624.1
705.35	623.4
704.7	624.8
707.95	626.9
710.7	622.85
712.4	621.1
710.95	618.25
707.9	614.1
706.3	618.1
709.7	615.85
710.15	614.7
708.35	609.7
710.65	609.45
710.95	607.7
708.1	607.9
706.3	609
704.6	605.15
706.6	608.45
705.8	610.2
706.35	611.85
706.75	611.05
707.45	609.75
703.05	608.85
707.6	606.3
702.1	607.5
703.5	604.4
702.6	606.15
699.75	611.45
701	611.9
694.8	614.3
696.5	610.9
697.7	610.55
697.15	610.55
695.65	611.9
693.35	612.2
695.45	617.95
695.95	616.4
691.25	612.85
693.9	613.4
697.2	616.6
695.95	616.4
696.15	616.45
692.9	620.85
693.3	619.7
690.7	620.7
689.55	623.65
690.4	620.25
688.65	617.35
691.75	617.05
692.8	614.75
691	606.3
690.65	609.5
692.75	609.9
693.45	609.3
695.15	611.95
697	608.35
700.15	603.35
700.85	602.15
702.7	601.95
702.6	598.95
700.85	601.2
701.9	585.45
703.95	596.7
699.75	592
701.3	591.4
700.5	590.65
700.25	594.75
701.4	592.4
701.55	587.5
701.85	593.15
707.95	589
709.1	586.75
706.05	587.15
706.65	578.75
706.75	580.85
707.85	583.45
708.4	580.2
707.8	578.1
719.35	532.55
709.2	565.5
707.2	576.55
706.55	579.9
706.5	580.85
706.65	580.65
705.35	582.55
705	580.65
707	579.35
698.45	582.1
494.15	643.2
463.9	646.7
462.2	647.2
463.4	650.8
461	646.7
459	643.3
460.75	645.6
460.75	649.45
464.45	649.9
461.3	648.05
465.15	655.6
469	653.85
471.25	655.55
472.1	654.7
471.8	652.7
470.5	645.35
469.1	640.35
470.85	642.9
471.1	637.95
474.7	637.65
471.25	633.75
473.25	631.5
501.05	653.75
494.25	656.6
491.55	661.2
495.6	660.2
494.4	655.95
496.8	652.65
501.1	649
502	649.15
504.6	648.8
506.85	644.95
547.25	682.25
560.75	683.4
562.5	679.5
562.9	677.4
564.35	676.2
565.1	673
566.35	672.5
572	671.6
571.15	666.95
568.6	663.3
574.05	663.1
576.25	660.45
578.45	652.95
581.2	649.1
584.55	646.55
586.8	644.55
587.85	643.15
587.7	644
586.45	639.85
586.5	636.65
586.9	633.45
584.45	627.75
585.35	623.5
584.3	625
584.4	624.4
585.95	615.3
586.95	613.3
588.95	613.5
588.85	611.7
588.65	612.55
590.15	613.6
590.85	610
590.85	609.1
591.7	607.45
616.4	610.75
642.75	622.35
646.65	623.25
645.1	619.25
643.9	614.85
644.6	612.8
645.95	611.9
644.95	609.7
645.2	610.7
645.55	610.6
648.85	608.85
649.45	607
647.1	603.8
645.9	599.35
646.1	603
647.75	602.2
647.5	604.45
649.85	600.55
648	598
647.75	597.25
646.15	594.25
647.55	593.15
649.7	593.5
654.25	593.9
656.05	590.85
658.25	589.15
659.6	584.85
659.1	581.7
668.3	583.9
669.5	590.95
672.8	589.75
671.45	588.45
673.25	588.15
673.65	581.55
674.85	578.6
676.6	578
678.4	574.45
677.5	577.7
683.9	583.65
681.15	573.1
681.45	575.85
685.25	577.3
679.4	582.05
680	582.65
678.65	588.55
677.05	589.75
677.45	595.2
677	600.5
677.95	603.3
681.9	603.95
681.25	601.65
680.95	601.25
684.45	599.95
683.15	599.2
680.75	596.2
682.35	595.65
684.2	598.35
682.95	597.1
683.9	598.85
684.85	599.45
684.15	600.4
684.05	598
688.25	598.8
687	600.3
682.75	603.55
682.85	605.2
681.65	607.95
683.45	609.45
682.95	608.5
680.55	609.5
680.3	613.7
680	613.25
678.85	612.75
677.65	615.15
677.2	618.05
675	617.5
676.45	614.7
675.45	617.45
675.2	617.1
677.45	619.2
677.45	620.3
676.55	617.85
674.9	615.85
675.3	617.8
673	614.3
672.1	616.05
670.7	619.5
669.75	618.9
665.75	614.7
664.7	612.45
664.95	612.3
665	616.05
665	613.45
660.35	611.45
661.55	607.9
660.55	607.4
660.1	608.35
656.6	606.5
654.7	607.4
651.35	603.95
652.45	600.85
648.05	605.35
643.8	605.75
645.15	605.75
645.95	609.85
642	608.8
638.35	607.25
635.05	607.65
633.75	606.95
638.55	606.1
637	608.85
638	610.4
637.2	607
639.5	610.25
640.9	612.45
639.5	614.4
638.15	611.25
637.05	609.6
636.15	604
636.5	604.45
634.25	601.55
634.1	597.3
633.7	597.45
631.75	596.85
629.7	599
629.6	592.9
630.05	594.7
626.45	594.55
627.55	592.9
628.15	593.15
631.75	587.95
629.55	591.6
629.35	592.55
629.25	594.85
629.75	596.2
626.95	596.3
626.95	594.9
626.1	594.15
625.85	591.35
624.45	581.55
625.1	589.2
630.5	589.5
628.45	583.8
631.75	582.95
631.75	582.3
633.1	581.15
632.95	582.15
631.9	586.6
636.75	590.2
636.35	590.6
635.2	584.15
634.9	583.35
641.55	586.3
641.3	587.05
647.45	591.05
650.35	588.7
652.45	587.5
649.5	578.4
652.2	578.85
660.25	587.95
659.1	585.45
662.75	586.4
664.8	587.35
664.8	583.35
666.3	583.45
669.3	585.65
669.65	577.15
668.7	573.85
669	574.35
671.85	575.75
674.65	578.15
677.55	573.2
684.15	573.8
686.55	575.2
688.9	576.85
691.2	582.35
692.05	579.2
695.4	575.1
700	573.9
700.65	568.85
701.95	567.25
708.2	569.15
711.15	571.35
707.4	568.15
708.4	568.7
710	568.6
708.1	566.85
711.4	572.7
712.25	577.5
712.25	574.95
712.45	575.5
709.25	573.8
708.5	572.2
710.05	573.5
708.85	568.05
707.8	562.7
706.55	562.5
709.4	564.25
710.25	566.05
711.45	564.4
713.1	564.15
714.25	563.5
717.55	565.35
721.45	568.7
724.1	567.75
722.7	567.8
723.75	570.55
724.05	572.95
725.1	573.45
724.25	575.15
726.8	578.3
727.15	577.9
730.05	576.5
726.95	576.2
729.5	575.9
727.95	574.3
727.3	574.9
727.95	573.9
726.75	574.6
730.95	574.25
730.65	574.4
727.5	570.85
728.4	570.05
728.4	571
726.2	569.6
727	570.5
727.4	572.4
727.6	570.15
727	570.1
725.65	570.2
727.45	573.05
724.95	572.65
724.75	573.45
720.45	573.25
721.45	576.95
719.05	574.45
719.75	573.3
718.3	570.95
713.05	571.95
714.25	570.4
716.75	569.6
719.45	574.05
719.85	575
720.2	576.85
549.2	591.25
555.2	585.8
553.5	586.85
556.85	582.5
560.9	583.25
565.55	586.15
567.4	585.35
569	585.05
572.25	586.45
577.4	581.85
580.5	582.55
587.95	581.75
594.15	582.35
604.2	587.1
611.2	584.7
612.8	586.6
619.3	587.75
624.95	584.15
628.35	584.9
634.1	584.85
638.95	583.2
646	577.8
649.35	580.25
0	0
0	0
0	0
0	0
0	0
684.4	512.05
687.6	520.3
691.9	519.8
695	518.2
694.25	522.4
694.6	530.4
700.75	526.55
699.65	530.2
697.65	533.5
696.6	536.1
697.05	534.5
698.2	533
700.3	531.45
697.35	536.05
699.45	533.35
702.45	536.05
703.85	534.45
705.7	536.05
708.75	533.4
715.1	529.8
717.45	530.75
720.8	530.05
726.35	531.05
733.1	530.1
736.95	528.75
740.9	531.15
745.25	531.95
747.4	530.15
745.45	533.5
750.55	533.6
750.3	534.35
752.05	537.45
751.3	538
751.15	540.6
753	539.85
753.15	539.5
755.05	540.95
753.4	539
752.75	539.05
751.7	539.5
753.2	537.1
750.35	543
749.35	541.7
749.3	539.75
747.9	535.95
748.7	539.15
746.65	538.8
743.25	541.95
744.25	539.35
744.5	537.1
743.4	538.65
741.25	542.2
737.65	543.25
736.15	543.7
735.75	543.75
735.6	541.8
733.5	544.3
733.55	543.75
733.15	542.05
731.95	543.45
736	545.7
736.7	550.4
734.9	553.75
731.55	552.8
731	552.3
730.3	551.35
731.55	548.8
734.2	547.35
733.2	545.7
730.05	543.45
732.6	542.5
731.25	546.8
730.9	544.55
733	542.35
734.4	544.05
735.35	544.7
734.95	540.7
736.1	537.6
738.35	535.3
740.05	532.3
742.55	533.2
744.35	534.15
749	533.3
753.3	538.35
754.65	538.75
754.35	537.25
755.45	537.2
757.75	538.55
757.05	534.5
752.5	528.9
752.5	531.3
751.2	530.95
752.9	533.25
566	382.7
558.95	382.4
565.3	388.5
559.4	385.65
559.65	385.8
561.15	385.35
562.8	382.65
564.75	381.4
568.7	381.8
573.55	387.1
574.95	386.6
578.25	379.5
579.7	383.7
582.2	377.6
586.55	373.75
589.35	376.95
596.65	376.2
599.1	379.25
604.6	384
605.85	385.75
610.9	383.7
611.45	381.65
613.85	375.35
618.2	373.4
616.8	371.55
617.2	367.55
620.2	367.7
619.7	367.95
624.5	371.6
624.85	374.5
626.45	372.55
628.3	370.95
628.75	372.2
628.1	370
626.4	369.95
624.2	369.75
621	370.95
622.65	366.3
623.6	364.15
625.85	366.2
630.5	366.2
632.8	366.55
632.6	366.65
632.15	372.05
630.65	367.35
628.15	368.1
630.25	359.85
631.8	361.95
630.1	366.7
624.95	359.8
626.25	358
623.5	359.75
626.65	357.65
624.8	354.3
621.3	347.1
620.6	349.85
624.6	350.8
626.4	355.2
626.9	360.55
627.7	359.75
626.25	361.9
626.65	358.9
625.7	363
625.7	361.45
625.1	360.1
624.4	360.75
977.4	357.55
1009.95	347.5
996.05	352.85
992.8	353.25
986.5	351.3
980.25	350.65
975	351.95
970.35	350
969.9	350.15
965.6	351.05
961.15	348.65
962.8	348.95
960.75	351.15
961	355.8
960.75	356.65
960.3	357.2
958.65	355.15
957.3	350.9
953.6	351.85
950.95	351.45
944	353.15
915.6	366.55
731.5	372.55
709.7	362.75
708.85	365.65
707.55	365.15
710.5	362
713.5	363.05
713.1	361.5
709.75	353.8
705.4	350
702.85	351.75
705.2	355.2
703.65	361
703.8	358.85
705.2	359.45
705.15	358.85
704.6	356.3
707.75	358.85
707.85	361.45
713.5	365.05
714.5	362.05
713.55	362.1
713.6	364.8
717.4	369.9
719.65	377.25
718.55	371.3
718.8	370
716.5	367
714.8	365.5
712.7	369.5
709.55	365.5
705.8	367.65
702.6	372.55
697.2	373.2
691.25	373.95
685.7	373.55
679.55	373.3
676.9	373.55
669.55	370.3
666.6	371.65
661.5	372.55
661.95	369.75
657.55	368.3
655.95	371.5
654.45	373.5
652.05	376.15
654.75	376.5
652.9	372.7
653.3	369.7
653.75	373.2
651.3	375.45
653.5	374.25
652.35	378.05
651.35	379.9
653.05	380.35
652.5	378.7
651.3	383
650.55	382.35
650.85	383.7
649.2	383.95
651.4	382.95
651.25	379.8
649.85	382.4
651.35	380
654.35	377.7
652.25	375.55
655.5	374.7
650.15	376
652.7	372
652.85	373.3
648.1	376.55
646.15	369.95
643.25	367.75
640.15	372
641.45	373.25
639.85	370.25
636.25	367.55
636.25	364.8
634	365.85
633.25	363.75
632.1	365.2
630.6	364.95
630.5	368.5
639.5	333.6
663.6	273.45
668.5	262.45
669.4	263.35
666.2	264.4
659.9	263.2
655.9	256.05
652.8	260.5
648.9	260.7
650.5	259.6
647.3	258.15
645.9	259.15
639.85	264.3
637.3	257.9
638.3	257.9
635.05	257.85
635.95	259.75
632.05	264.05
764	408.9
767.95	422.55
766.6	417.55
763.2	419.65
761.3	409.3
756.55	411.8
755.3	415.9
754.05	422.4
751.5	418.4
748	420.55
742.55	417.7
741.4	418.85
739.25	416.85
738.2	412.9
740.05	413.55
737.7	411.25
738.1	413.3
737.55	410.1
737.7	408.3
740.65	409.4
737.95	407.7
735.6	399.2
737.75	401.65
735	402.85
733.75	405.45
734.7	404.1
732.7	403.25
731.3	399.8
729.4	396.9
732.5	400.6
732	401.85
731.95	404.6
730.7	408.1
730.5	409.4
733.7	407.35
729.45	402.6
723.85	399.4
723.3	408.2
722.05	411.55
720.95	400.4
720.45	395.95
720.9	401.75
719.95	406.7
715.95	403.65
711.95	403.75
712.05	403.55
706.05	396.2
701.15	409.2
700.15	410.35
698.45	410.95
699.1	410.5
695.75	409.9
695.25	408.1
697	409.1
696.45	402.65
696.75	401.9
695.65	406.9
696.4	408.2
695.3	415.2
695.5	410.5
693.45	408.85
687.15	402.5
686.55	406.25
691.15	409.9
690.35	419.15
684.45	411.6
684.85	409.6
681.25	410.35
679.5	410.2
679.4	406.1
679.1	408.45
680.45	416.3
681.5	414.05
679.75	412.05
681.65	409.8
681.2	415.5
683.75	419.5
682.3	415.55
678.4	411.3
676	406.25
676.3	402.45
678.2	407.8
680.75	408.95
683.05	418.75
683.5	422.55
683.6	422.05
680.05	416.75
679.8	412.75
680.2	412.1
683.7	412.6
682.8	414.15
679.05	415.25
678.4	412.1
678.85	413.75
676.15	414.7
672.45	415.45
674.9	411.05
673.55	407.25
674.55	401
667.6	401.9
0	0
0	0
0	0
0	0
0	0
0	0
759.3	408.2
757.75	407.1
755.65	407.95
754.4	406.6
752.95	407.65
751.3	406.5
0	0
0	0
0	0
0	0
0	0
0	0
743.15	394.9
739.5	392
737.15	391.6
734.95	388.15
732	391.85
731.15	395.6
731.95	390.25
729.75	392.55
726.7	389.7
725.6	391.9
726.5	389.15
723.85	389.65
720.9	391.6
720.15	394.15
717.9	392.65
716.85	393.6
718.7	396.1
717.15	395.6
712.4	395.75
711.1	392.55
710.65	393.2
707.3	393.75
703.4	392.85
704.5	390.45
701	387.95
700.7	388
698.95	387.55
697.55	387.2
696.65	385.5
695.25	387.6
692.8	384.55
693.7	386.75
692.9	383.65
690.6	382.25
689.85	376.75
690.8	380.65
688.55	380.05
686.25	380.65
682.6	379.85
679.9	379.35
676.5	381.5
655	365.7
609.65	323.5
597.55	321.35
592	320.75
582.2	320.1
580.65	315
577.1	315.25
573.1	312.45
571.8	313.05
469.55	253.05
448.5	254.35
441	258.1
438.8	259.55
435.6	257.2
433.55	262.4
433.9	259.2
432.3	255.15
430.55	256.8
429.8	254.05
546.4	271.6
573.15	267.3
570	267.2
568.6	272.5
565	273.95
561.35	271.1
560.05	270.35
557.15	270
555.15	264.6
553.85	265.1
551.35	264.9
548.5	266.3
549.95	265.15
547.5	265.15
543.55	265.55
541.95	267
540.4	266.5
539.95	262.55
540.05	264.05
542.55	241.2
548.85	183.75
553.6	168.7
554.65	170.05
557.9	164.85
556.85	162.35
555.75	165.6
558.85	162.5
562.35	165.65
509.4	184.7
511.55	177.35
0	0
0	0
0	0
0	0
494.2	201
492.75	200.35
490.6	194.65
488.95	191.45
488.95	188.75
487.45	190.25
632.95	360.75
640.5	356.25
641.1	356
637.35	359.2
636.9	354.1
636.65	357.4
637	362.1
640.55	360.35
645.65	357.85
645.5	361.05
646.4	359.8
646.25	360.1
647.5	360.75
647.65	361.5
646.45	362.95
646.9	361.35
649.5	362.6
650.45	362
648.15	362.9
649	362.9
648.1	362.7
648.45	363.15
648.6	363.95
649.65	362.1
647.75	360.9
400.6	452.75
292.15	523.9
258.9	548.3
258.35	548.8
260.05	555
259.6	555.45
259.7	553.8
261.55	554.45
245.2	475.2
246	457.55
246.95	454.75
249.3	459.75
250.65	458.9
250.15	456.25
252.2	455.45
253.7	456.85
0	0
252.5	446.5
499.4	547.15
256.55	445.65
262	442.5
283	418.85
286.2	417.5
0	0
289.5	415.1
287.5	408.2
289.8	411.85
290.95	415.4
292.15	411.55
291.6	409.6
290.65	409.5
282.6	400.3
283.7	404.6
281.95	401.75
276.9	397.35
271.8	395.15
457.85	415.4
895.25	490.55
947.85	490.95
932.55	479.25
928.85	470.6
924.05	463.3
915	457
907.2	451.25
957.5	467.1
995.1	482.95
994.5	495.7
991.7	490.5
980.9	485.8
973.05	470.3
963.05	466.7
962.55	466.75
960.4	458.5
947.75	463.85
943	454.3
934.1	449.2
923.15	443.45
912.85	434.5
902	427.2
896.05	418.35
888.9	411.9
879.95	409.25
870.75	407.3
866.75	407.35
861.8	405.4
859.35	406.2
851.55	403.55
848.15	405.55
838.75	403.45
830.5	394.6
822.3	391.65
813.35	386
808.95	381.5
881.35	307.65
875.5	290.7
870.55	290.35
866.05	287.15
862.05	280.65
858.1	274.9
851.55	271.7
842.2	272.3
0	0
0	0
0	0
0	0
0	0
0	0
190.45	548.3
191.8	562.5
177.05	569.6
127.1	575.6
114.25	588.65
115.75	589.05
104.65	580.15
0	0
0	0
0	0
0	0
0	0
0	0
787.55	398.3
786.4	398.9
783.7	404.25
782.65	401.15
779.05	400.4
775	393.25
886.55	194.45
885	207.6
877.6	214.25
874.55	210.3
867.35	209.7
862.25	214.75
863.25	212.6
860.6	220.55
859.6	222.6
855.7	217.6
853.85	220.2
847.55	225.7
842.8	224.7
836.2	218.5
829.3	215.1
822.45	211.15
816.8	215.1
810.7	218.3
808.5	225.1
806.9	226.55
802.85	229.05
799.15	232.85
794.05	233.35
791.25	236.3
787.5	241.15
785.75	244
782.05	247.5
779.2	254.5
779.5	266.35
0	0
0	0
0	0
0	0
0	0
783.1	345.6
777.7	350.2
774	357.25
771.95	361.9
0	0
0	0
0	0
0	0
0	0
0	0
0	0
763.6	446.75
761.85	453.6
760.4	460.5
757.4	467.9
756.9	468.05
755.7	472.6
754.35	481.95
750	483.45
751.35	488.25
753.1	496.3
633.55	517.3
634.7	526.9
624.5	532.7
623	529.7
620.55	534.9
616.1	537.1
612.2	535.3
614.9	540.2
614.5	539.7
699.3	570.65
727.9	570
727.05	571.9
726.95	572.8
727.2	570.65
726.85	571.85
723.2	571.75
722.1	573.9
720.7	578.65
682.05	546.05
683.7	551.4
682.9	548.1
679.55	548
678.3	554.3
675.4	554.75
674.2	548.7
671.7	558.05
669.15	561.45
664.95	557.95
653.9	550.6
637.7	551.25
631.3	546.8
631.85	546.95
632.05	551.85
633.3	546.8
627.1	552.55
194.5	521.6
170.4	536.9
165.5	546
162.15	543.55
163.25	537.65
162.3	539.85
166.45	539.55
169.3	540.7
172.55	543.6
169.85	540.25
175.7	538
178.95	537.65
184.55	531.9
189.5	530.8
193.85	529.4
197.65	527.05
202.2	527.3
354.35	513.6
410.25	526.9
419.2	538.4
429.95	535.05
437.4	531.4
440.95	531.1
451.7	524.05
459.6	515
466.2	514.95
475.05	508.05
489.5	501.2
499.6	495.3
504.9	495.4
513.15	496.55
523.45	492.45
531.5	490.9
540.75	492.45
545.75	487.6
545.9	482.05
550.1	481.8
553.95	481.1
557.1	477.55
556.05	481.25
558.6	471.65
435.3	490.05
435.75	482.85
436.4	480.95
435.9	478.4
434	478.5
432.7	474.3
436.55	469.95
434.3	473.8
471.65	335.95
475.1	331.7
480.85	337.8
482.8	341.6
484.3	339.1
485.05	336.2
485.25	337
484.35	337.5
483.5	338.45
405.3	435.15
409.6	434.95
412.6	431.15
411.85	429.9
411.45	430.95
410.6	428
411.5	430.85
437.85	421.85
496.85	428.85
512.4	431.5
512.05	429.65
515	431.8
515.65	430.65
515	432.05
569.35	355.5
623.85	300.45
634.55	292.25
635.05	297.35
633	301
631.85	303.7
632.1	302.35
632.65	305.65
633.2	308.8
634.85	309.6
635.55	316.45
636	322
634.15	326.7
639.5	336.1
797.45	363.05
795.15	370.95
793	376.35
789.2	377.9
791.15	380.65
790.25	381.45
791.4	385.2
792.35	387.9
792.4	386.8
790.2	390.25
793.6	391.5
930.3	380.25
915.35	384.45
915.75	388.6
916.6	387.1
918.65	386.6
919.75	387.6
920.15	388.9
766.5	410.85
740.1	427.3
746.4	429.75
746.05	433.45
747.4	432.75
750.5	432.8
753.25	433.95
755.85	434.9
758.5	438.8
632.75	372.8
483.85	301.5
463.6	290.25
463.15	293.9
460.9	301.15
463.55	301.4
465.95	299.85
467.5	302.6
470.75	311.65
467.55	303.35
463.05	297.55
462.65	303.55
466.1	306.6
466.65	310.8
466.45	317.15
468.5	321.75
676.05	164.85
747.45	137.85
744.1	150.45
747	164.6
747.7	166.3
748	176.3
748.05	181.1
750.25	187.45
754.15	189.45
727.25	475.65
729.5	489.25
739.05	487.9
741.25	488.35
747.7	485.6
747.85	484
750.7	484.85
756.6	486.5
831.5	294.2
843.9	284.55
845.3	291
846.4	288.05
848.85	288.95
851.55	289.75
835.1	136
836.25	151
833.25	153.15
834.2	158
831.35	161.35
831.95	159.35
834.05	164.75
829.75	166.45
825.05	164.8
822.2	168.1
815.75	168.6
810.55	167.65
803.6	168.55
796.75	168.9
791.4	169.75
790.75	171.6
839.6	200.45
846.1	206
840.45	206.9
835.1	210.1
830.25	209.6
827.1	192.85
0	0
0	0
0	0
0	0
0	0
720.15	253.2
716.05	254.55
707.4	259.15
0	0
0	0
0	0
0	0
0	0
0	0
834.85	311
836.3	293.05
837.25	299.95
836.45	295.9
833	294.1
825.4	296.15
825.55	293.85
824.75	297.5
824.9	303.35
824.9	298.25
822.8	298.5
826.75	298.55
826.05	304.5
827.15	311.75
827.05	313.45
827.15	315.45
828.75	322.35
884.15	345.9
893.7	353.1
893.15	354.45
889.5	353.15
884.95	355.95
882	362
877.8	362.75
876.35	360.85
872.65	367.05
869.95	370.6
864.05	366.25
860.65	366.3
860.75	365.25
858.25	368.25
851.05	369.2
844	376.2
837.7	376.35
837.6	372.75
833.25	372.55
825.95	374.25
818.8	382.45
817.6	381.9
810.5	384.8
803.1	389.3
800.95	390.6
795.8	392.1
791.1	391.2
786.75	393.35
779.95	399.8
776.1	399.3
771.55	398.2
766.4	396.15
957.35	319.4
1011.25	306.3
1008.85	306.35
1002.5	307.25
999.15	306.15
993.9	303.95
990.1	298.8
986.5	298.75
982.35	294.9
978.75	292.8
747	534.5
731.9	538.15
731.55	565.9
726.75	564.8
725.7	557.05
721.05	557.85
719.8	561.95
719.75	558.85
718.4	553.65
718.6	544.15
716.6	547.5
716.2	544.4
716.85	542.9
714.15	538.8
713.7	537.6
711.15	535.3
709.7	535.15
706.25	539.9
705.35	539
706.15	540.7
703.6	540.3
700.9	542.5
702.4	543.7
701.65	545.35
702.3	547.55
702.15	551.7
702.15	549.95
681.35	527.65
625.4	422.65
615.25	410.15
614.35	403.45
612	415.5
613.55	412.15
606.05	421.7
610.65	420.75
608.55	420.1
610.8	425.5
684.35	567.55
693	586.45
689.7	588.8
691.95	586.35
692.25	585
691.3	583.5
691.4	584
592.75	558.4
543.35	556.85
532.55	559.95
534.65	555.85
533.1	554.35
534.25	550.55
533.8	541.15
535.9	536.25
536.15	530.7
540.75	528.65
684.75	544.4
723.8	543.45
716.45	538.35
716.95	535.6
718.7	529.25
717.6	521.7
717	511.25
715.5	503.45
712.45	498.85
708.4	490.8
707.8	476.9
701.3	470.05
702.6	467.5
700.3	457.5
692.8	455.8
688.55	455.6
683.1	451.8
678.55	444.85
670.9	447.45
663.45	439.55
656.25	432.45
653.2	428.05
647.25	424.55
640.05	415.85
631.5	413
627.85	408.55
620.6	399.95
613.85	394.7
611.35	394
603.65	385.55
597.25	380.25
591.8	376.85
588.4	376.35
585.85	370.65
584.95	373.65
390.9	339.3
374.4	345.95
374.3	351.6
371.15	346.2
367.4	341.85
366.55	341.45
369.45	343.2
368.95	348.95
368.05	354.75
474.05	356.2
521.4	372.9
542	380.45
544.3	383.3
548.55	384.5
603.9	407.8
595.4	407.1
591.8	407.45
588.95	409.95
583.25	414.65
695.4	426.05
1139.7	467.75
1151.3	466.05
1145.7	465.15
1147.2	467.85
1148.1	467.3
1181.55	421.75
1207.4	386.45
1210.65	385.05
1211.2	381.2
1213.4	376.45
1215.75	377.95
1225.4	350.1
1229.8	351
1228.75	351.85
1231.3	345.2
1228.4	347.25
1229.45	344.1
1002.55	487.8
860.7	576.35
839.25	591.65
836.4	590.5
831.3	593.55
835.4	584.75
728.05	513.45
616.85	421.25
590	405.8
593.4	408
592.3	406.3
590.05	407.9
592.05	410.35
592.4	401.2
592.2	400.7
619.45	370.7
617.35	367.1
613.7	371.3
613.95	371.25
614.5	370.85
614.05	366.45
613.9	365
611.35	367.2
612.2	367.75
615.4	365.55
617.85	365.65
617.9	362.8
616.15	362
618.35	360.05
617.6	356.45
617.2	354.4
618.05	353.75
616.8	358.85
615.8	357.15
585.7	523.9
586.4	517.15
587.45	512.95
588.5	512.4
589.9	512.3
592.05	508.45
588.85	513.35
590.25	514
588.85	510.65
586.45	515.55
586.2	514.95
584.95	516.05
584.8	517.25
586.5	518
589.6	518
592.15	518.45
606.8	336.55
606.3	384.1
612.5	369.75
612.6	364.8
614.15	363.8
610.3	365.55
621.05	347.75
626.65	330.85
624.45	326.9
623.8	320.55
625.75	322.3
631.25	326.4
634.95	326.3
636.7	321.25
638.05	322.9
638.2	322.85
639.8	323.45
639.25	318.65
638.95	321.85
639.85	321.1
455.15	294.7
452.7	288.3
454.75	292.95
455.8	288.3
455.25	295.65
456.1	298.85
456.6	300.25
457.1	304
463.75	306.45
614.75	329.2
653.75	328.3
651.95	330.15
649.7	335.05
651.45	333.6
652.65	335.7
657.1	333.4
1083.55	343
1110.35	352.3
1142.15	369.05
1145.6	373.9
1142.4	374.8
1145.85	378.3
1147.95	376.6
1148.9	374.8
763.05	515.5
708.8	568.45
721.9	579.9
720.35	581.3
723.7	571.55
728.75	568.4
730.05	571.8
735.3	567.25
734.25	571.8
737.15	564.1
752.5	491.35
753.5	479.55
755.4	482.35
758.05	478.15
757	476.25
759.35	474.4
757.2	473.4
756.1	473.1
756.8	471.65
757.45	468.55
757.8	470.05
763.05	472.25
763	471.2
767.95	375.55
768.35	360.4
769.4	367.55
771.6	363.9
771.7	366.55
772.5	366.9
775.35	365.7
775.75	359
775.6	356.3
779.6	354.85
781.7	348.4
783.7	343.05
786.6	337.2
790.15	338.25
791.4	337.45
793.05	333.85
796.35	332.75
798.7	332
798.05	330.6
799.05	329.9
848.35	271.3
843.5	263.9
843.35	263.9
843.05	259.9
842.3	256.95
842.4	251.3
841.05	250.5
839.1	248.4
835.1	247.5
833.25	248.2
830.05	244.25
828.65	244.95
825.55	247.6
821.05	246.8
822.45	247.35
813.75	243.65
779.95	204.7
768.65	194.2
770.25	193.95
768.9	196.8
770.35	190.6
773.45	190.9
771.1	192.5
771.05	195.95
770.25	196.45
773	200.9
772.05	201.2
773.85	195.1
775.6	196.05
776.55	193.9
777.85	197.15
777.7	194.7
780.45	196.5
780.8	194.7
783.25	193.95
781.75	205.05
782.3	204.1
782.55	202.65
780.75	205.25
781.6	206.15
784.35	206.05
780.8	210.85
777.5	214.35
777.45	215.65
779.4	214.75
779	209.65
789.2	236.25
831.6	323.15
842.6	340.35
841.25	346.05
839.1	348.65
838.7	350.1
840.5	347.3
839.95	347.15
839.1	342.25
838.6	342.7
837.6	339
832.2	346.2
831.7	345.95
834.25	342.95
834.95	344.7
832.8	343
790.8	498.4
779.35	588.35
776.8	620.25
773.05	615.3
770.8	616
763.8	603.85
761.7	596.45
762.15	595.55
763.55	601.2
763.5	600.95
762.45	590.55
762.3	587.4
766.05	595.4
764.25	591.15
760.15	589.15
758.4	586.85
761.05	585.65
762.4	589.8
761.85	602.5
761.85	600.7
759.75	593.7
761.45	590.2
795.1	358.95
758.75	587.35
762.15	592.65
764.35	598.35
765.3	592.3
763.05	592.05
761.4	587.95
759.05	577.85
757	581.75
757.3	578.25
757.5	580.6
761.35	576.3
764	585.7
765.95	588.9
769.9	587.65
772.25	586.65
773.8	586.85
776	581.2
775.2	576.4
771.5	570.45
776.35	571.25
777.15	571.75
778.05	572.45
777.95	570.05
782.9	575.55
785.7	579.75
786.65	575.95
786.25	581.1
787.85	583.45
788.25	577.75
787.35	576.6
789.9	577.05
789.9	577.75
791.1	579.05
793.15	573.2
794.9	570.4
793.45	568.2
797.9	567.4
800.95	576.05
802.3	574.35
804.35	573.8
803	569.1
802.05	567.95
803.2	559.2
798.5	550.2
776	474.1
749.4	424.35
737.1	414.7
733.8	414.8
739.1	415.55
740	413.25
741.55	417.6
743	414.35
744.35	413.7
741.95	409.85
742.4	406.65
742.1	408.45
738.4	407.65
740.95	411.65
742.6	410.8
739.25	409.05
739.15	413.9
737.35	416.45
735.75	413.1
732.25	415.15
730.55	412
729	412.75
724.45	413.2
721.95	410.05
720.1	415.35
716.5	418.1
714.75	418.8
718.45	418.5
778.9	508.4
775.7	515.45
771.9	512.3
768.75	511.5
765.25	509.65
765.35	507.65
764.05	509.15
717.4	474.35
706.6	469.9
706.75	470.95
707.65	469.15
708.85	466.4
708.95	466.45
709.5	467
709.9	461.7
710.55	463.5
709.55	459.9
710.85	458.5
710.6	457.6
711.55	455.35
923.95	312.1
921.4	301.05
921.9	286.4
912.7	303.3
915.3	296.8
915.95	295.9
915.65	294.25
756.1	423.85
682.8	521.75
669.3	556.75
668.7	555.7
664.95	555.5
666.25	552.3
666.75	548.75
677.35	493.2
674.35	503.65
677.1	507.45
679.05	508.05
682.1	500.2
823.7	355.05
812.8	351.8
811	356
811.1	350.15
811.25	347.35
809.9	349.1
811.1	349.3
816.85	347.5
831.8	344.3
933.85	268.7
945.55	261.3
945.75	258.25
943	258.5
943.9	259.7
922.15	455.65
918.45	535.6
917.95	544.6
915.55	547.7
913.4	546.6
907.9	548.95
934.95	555.85
942.05	557.95
938.85	557.3
939.9	557.1
937.1	558.9
961.3	553.4
1007.15	532.75
1013.7	532.9
1013.85	534
1014.95	530.5
1012.45	531.2
1015.5	530.5
792.8	221.05
778.35	186.2
751.85	139.15
754.55	137.5
753.75	140.65
747.8	141.1
744.2	91.75
748.1	85.65
747.45	79.7
748	82.35
745.3	85.15
744.75	87.35
744.6	78.7
742.65	81.2
746.5	68.05
748.55	74.45
766.5	66.15
767.05	64.75
766.95	64.7
767.45	65.4
767.85	62.65
769.6	60.6
770.35	61.05
776.1	61
763.2	173.35
761.65	404.35
760.05	447.1
759.15	444
759.45	444.15
761.4	446
763.15	441.45
762.4	445.6
760.7	446.75
765.7	442.9
762.5	440.05
762.35	442.1
761.9	439.9
763.2	431.4
765.7	430.75
766	434.75
768.45	427.8
767.1	429.9
772.55	428.2
769.45	433.7
768.55	430.3
819.15	383.4
966.45	261.1
995.75	242.65
995.4	243.15
1000.05	238.5
997.8	236.35
753.2	231.35
783.65	251
747.45	265.85
746.15	265.25
747.6	266.6
747.3	261.55
768.5	278.25
772.5	273.65
775.7	272.5
775.55	270.25
778.85	269.25
781.25	272.25
781.5	272.45
779.5	267.1
781	266.95
782.45	268.85
793.45	300.9
790.7	295.65
791.5	297.7
793	295.6
794.8	294.35
795.55	295.35
796.95	293.95
805	324.9
820.65	374.55
825.55	390.15
824.75	391.9
825.1	388.1
826.25	389.25
811.25	344.2
817.3	355.85
816.15	357.1
817.4	352.65
818.15	349.7
816.45	344.7
812.65	311.8
811.1	311.2
810.6	307.2
813.65	302.55
815.2	301.35
814.15	303.5
817.15	298.6
819.15	298.3
820.9	263.55
819.9	261.15
819.3	258.15
822.35	256.3
822.3	254.1
824.8	255.1
827.95	251.85
828.9	249.15
829.55	251.3
828.15	250.15
828.55	249.6
829.9	251.6
827.85	251.1
851.7	292.2
857.05	296.5
854.4	297.35
857.1	299.3
854.45	299.8
857	298.35
856.45	296.8
854.15	300.1
853.6	296.75
852.75	298.05
853.8	298.25
854.65	298.3
855.55	295.15
856.35	295.4
858.8	294.75
834.05	277.5
834.35	280.85
833.15	281.1
832.7	282.85
831.5	283.8
830	285.1
830	284.55
826.95	284.1
827.25	288.85
826	295.65
824.75	297.75
827.05	298.95
825.8	301.95
826.8	302.05
826.9	305.4
826.05	310.25
826.05	309.95
828.8	310.85
828.25	312.55
826.8	316.25
827.15	314.05
826.65	316.5
825.25	317.8
823.5	322
821.85	327.65
820.45	329.05
824.4	325.8
824.05	326.85
825.15	329.4
823.8	331.35
824.5	332.55
826.85	332.25
830.05	332.1
830.55	340.45
832.55	339.2
