646.1	370.15
647.3	369.75
646.7	372.35
646.3	371
647.85	370.45
646.65	369.2
650.3	363.9
649.7	364.2
651.1	362.3
652.35	364.75
653.6	364.2
652.9	371.4
652	372.75
654.2	370.25
653.2	372.45
748.1	254.35
744.7	261.9
745.25	262.55
748.35	257.8
748.3	257.25
749.5	254.4
750.75	255.15
751.05	257.95
752.1	259.65
753.55	260.2
667.95	264.05
514.7	222.1
535.95	230.9
534.45	232.1
536.9	230.6
537.8	229.6
538.5	225.4
536.5	224.3
534.65	221.6
536.45	223.4
534.7	224.95
535.95	224.25
534.55	226.4
535.4	219.3
535.9	231
536.25	225.65
535.9	228.2
610.65	197.5
739.75	123.5
740.75	127.35
742.8	127.2
742.3	131.2
742.6	135.45
743.25	138.35
745.65	136.75
724.2	194.2
712.45	277.1
712.1	283.3
711.95	286.75
714.05	284.95
718.1	284.15
718.45	288.4
717.6	285.05
720.35	283.65
720.65	284.5
722.55	285.85
722.25	286.15
724.5	285.55
725.75	284.85
724.15	288.2
752.85	117.7
749.3	96.45
747.75	98.4
747.7	100.2
749.1	104.25
747.4	108.95
746.55	112.4
745.7	116.55
749.55	117.45
752	120.85
748.45	127.75
750.3	125.45
750.8	131.9
753.2	135.4
754.6	137.15
757.25	140.6
820.95	46.1
0	0
0	0
0	0
0	0
0	0
0	0
0	0
0	0
0	0
0	0
0	0
0	0
0	0
0	0
0	0
1033.15	0.149999999999977
1013.15	10.3
987.35	48.65
987.85	49.05
987.6	53.9
992.4	53.5
991.65	57.85
990.7	64.2
993.3	68.1
994.05	73.05
995.05	74.4
996.75	78.1
999.8	77.3
1000.55	77.75
1003.55	79.95
1004.45	81.15
1002.7	75.35
1006.1	73.2
1006.6	74.8
1007.9	78.15
1009.95	81.75
1006.95	81.9
1008.75	84.45
1009.15	88.9
1003.3	90.65
683.7	65.3
698.85	66.65
699.4	67
700.15	70.8
702.15	71.3
701	72.65
699.45	74.65
700.95	74.55
698.4	75.8
701.5	77.35
700.05	77.85
700.35	79.05
699.85	81.75
697.55	84.6
698.1	84.35
697.7	87.6
698.3	90.65
700.1	89.85
701.05	93.55
699.5	97.45
699.75	99.85
700.15	96.5
676.45	228.75
674.4	222.2
675.85	227.75
674.65	229.9
675.75	227.6
676.1	229.3
676.2	228.7
676.2	227.4
678	230.9
680.9	225.25
680.55	227.5
681.75	225.75
683.35	228.2
683	227.95
683.6	229.2
685	229.1
684.9	228.25
685.1	224.8
688	226.4
688.95	228.35
688.5	230.55
686	231
686.15	231.65
690.05	228
690.15	228.25
686.9	228.1
688.2	226.5
686.75	225.55
688.8	224.8
689.75	223
690.1	223.45
689.85	223.7
690.6	222.6
690.85	224.2
690.85	223.9
690.25	224.5
691.55	226.75
694.55	228.4
810.55	259.25
808.8	257.35
809	258.7
810.3	258.5
810.7	258.5
810.5	260.55
812.05	260.7
811.9	261.05
813.15	262.8
817.75	262.5
814.15	261
816.6	262.4
816.6	261.5
818.2	259.05
819.1	261.8
818.9	262.55
819.85	266.1
820.75	264.9
699.7	144.1
636.3	77.45
633.05	84.2
632.95	79.6
631.2	79.6
630.85	80.4
577.1	75.5
591.95	77
590.95	79.85
590	81.15
588.15	84.95
588.35	84.4
589.05	85.9
594.5	84.1
594.3	80.5
593.65	84.65
595.75	81.9
480.8	116.9
492.95	118.5
492.45	118.65
491.4	118.75
492.6	123.8
492.25	125.85
467.9	133.4
473.4	138.85
472	141.15
470.2	144.15
469.75	146.05
467.45	147.3
466.2	149.85
445.4	164
450.15	159.85
447.1	162.65
447.55	162.05
448.1	163.1
448.95	164.25
450.95	167.25
618.7	108.25
617.35	115.4
614.4	122.95
617.7	118.6
617.65	124.55
618.1	128.25
619.1	127.55
621.75	130.05
620.2	127.35
620.25	133.4
617.95	126.75
620.35	132.5
618.6	125.65
619.4	125.15
622.9	136.05
620.65	123.55
623.4	132.75
618.4	129.25
620.1	134
623.2	138.2
619.05	127.65
622.2	138.2
621.4	127.8
626.15	134.75
625.9	138.65
622.05	131.55
623.35	135.65
624	142
622.9	137.6
598.4	127.9
570.75	87.35
573.6	93.2
571.1	89.05
576.7	92.25
576.8	94.9
576.4	92.15
578.6	96.2
577.4	99.8
578.85	99.65
582.1	100.75
582.3	102.35
584.9	99.25
586.9	102.9
587.25	105.05
589.5	109.75
593.3	111.7
594.5	110.4
645.6	92.8
682.75	83.05
684.6	82.7
685.9	81.4
687.75	87.45
691.9	87
693.5	91.3
699.15	95.6
698.55	93.4
701.35	92.9
704.65	99.2
706.7	98.35
707.15	108
712.9	112.7
769.45	359.55
772.2	354.5
776.05	363
777.1	366.85
782.6	366.55
784.1	367.8
784.3	374.95
788.2	378.7
789.5	370.9
792.45	381.3
793.3	374.35
793.65	387.75
797.4	387
798.6	388.8
799.25	389.8
802.1	389.35
802.9	386.25
803.3	383.5
804.25	385.8
805.75	388.85
805.45	391
806.9	393.25
806.55	387.6
810.95	389.75
859.35	294.5
891.6	166.3
894.7	176.4
897.85	174.05
903.1	176.35
908.85	171.15
912.35	174.2
917.4	177.55
921.5	178.4
924.3	176.5
926.9	177.5
972.4	93.65
1001.5	45.65
1005.3	44
1011.55	49.4
1017.35	46.85
1022.7	49.25
1026.45	51.05
1030.6	50.05
589.2	113.9
600.6	124.55
599.4	124
602.85	124.25
603.8	128.3
606.15	128
604.7	129.85
608.2	126.85
609.1	131.35
611.25	130.45
611.85	134.5
595.6	281.85
597	256.65
599.25	260.15
600.45	258.55
604.2	261.1
607.1	262.05
611	264.6
613.85	267.85
615.65	269.05
617.45	271.6
619.15	272.25
622.3	275.5
624.9	274.75
622.65	278.65
626.3	282.6
627.8	283.1
627.4	286.15
630.95	284.4
630.2	286.95
632.3	286.1
636.4	290.35
628.6	293.1
357.45	183.05
376.4	194.95
376.85	197.45
376.45	200.65
376.65	201
380.65	203.95
381.1	199.4
500.6	223.3
519.9	231.9
526.05	233.2
528.9	231.85
530.8	232.7
531.85	234.4
535.4	238.9
534.85	235.4
535.7	239.35
536.8	228.5
537.55	235.2
540.85	242
545.15	236.45
548.75	246.15
549.75	248.4
553.3	251.15
552.55	250.5
556.8	251.4
559.35	250.95
559.65	250.05
563.45	253.2
565.45	254.3
566.8	256
568.85	257.4
572.4	253.05
516.9	175
520.3	182.6
522.75	184.15
524.1	184.3
525.65	184.2
533.15	260
0	0
0	0
0	0
0	0
0	0
0	0
574.3	220.95
577.85	228
581.65	226.25
584.2	226.4
585.2	226.65
585.9	227.8
589.4	227.55
590.3	228
592.4	232.4
594.55	229.95
595.65	231.8
597.65	231.45
598.1	231.25
603.95	223.55
604.55	219.75
608.95	220.15
609.7	223
611.2	218.9
612.9	222.55
613.7	223.15
615.7	226.5
618.1	225.7
617.05	223.6
616.65	223.25
616.35	224.85
620.35	223.75
621.7	227.1
623.8	228.75
622.2	230.8
621.25	229.2
621.05	229.3
623.25	231.65
624.55	232.75
624.2	228.7
624.7	231.15
627	230.1
629.15	228.75
628.4	227.45
630	228
629.9	227.4
632.4	228.95
632.8	231.8
635.5	231.55
636.2	232.75
637.25	231.1
637	234.6
636.9	234.25
640.5	237
643.7	237.45
646.4	235
635.2	246.75
572.4	299.6
575.45	298.95
578.65	298.25
579.75	296.4
585.2	299.8
584	301
587.55	301.55
589	302.9
591.8	303.55
593.95	300.8
599.2	302.45
603.7	300.85
606.85	301.2
610.75	300.05
615.45	298.75
620.9	296.9
626.4	299.95
630.15	301.6
633.4	300.35
638.7	301.15
643.7	302.9
648.7	304.5
653	307.05
656.6	309.25
660.3	310.3
664	315.2
668.2	313.7
502.55	320.15
445.95	296.15
449.3	297.85
449.6	303.6
450	306.1
450.7	303.5
451.45	307.35
452.7	305.25
455.85	305.3
459.6	304.3
269.1	465.65
100.6	585.95
91.2	599.65
94	604.4
93	607.9
93.55	605
96.4	604.45
98.45	604.45
104.2	603.05
106.1	601.15
107.95	601.35
110.7	603.45
114.65	602.8
116.95	603.05
119.05	602.25
124.1	600.1
124.55	599.45
128.5	599.4
130.9	599.6
132.2	599.65
133.45	597.4
135.8	594.4
136.25	586.1
138.15	584.45
139.2	581.7
146.6	581.65
149.45	579.75
154.9	577.85
160.25	575.25
166.5	575.9
174.35	580.7
179.25	580.1
180.7	572.45
188	572.3
195.95	574.05
201.5	574.55
210.35	577.05
214.85	579.8
220	579
226.95	578.95
232.55	579.75
237.25	575.2
236.25	570.4
243.4	565.8
253.65	573.45
263.25	577.35
270.15	583.75
275.05	585.6
279.75	584.85
286.35	587.3
292	586.6
295.25	588.8
300.65	588.4
313.95	569.45
315.55	560.05
316.9	563.25
320.85	561.6
323.45	564
329.8	565.2
336.8	565.5
343.65	564.75
348.65	568.35
352.8	569.45
358.3	568.55
363.55	570.7
368.1	570.85
373.8	570.6
380.9	573
384.5	569.45
391.7	574
397.8	572.05
404.9	570.9
406.15	570.4
415.35	575.9
418.85	572.65
426.35	574.25
429.8	574.1
433.2	572.5
438.15	568.5
444.1	570.45
447.05	565.8
457.15	568.85
456.7	570.95
470.6	567.1
477.1	569.1
480.05	567.8
483.15	566.5
489.85	563.85
497.7	561.25
508.15	560.7
518.5	562.9
522.25	562.1
532.8	560.75
536.6	553.85
541.15	552.6
550.05	551.15
554.45	550
565.6	554.35
572	554.05
580.45	554.25
552.95	473.9
527.1	371.5
532.6	374.3
541.75	373.05
547.1	373.65
552.7	373.7
555.8	374.15
644.35	268.95
698.3	87.6
708.5	91.65
713.85	91.75
719.6	92.55
723.75	87.95
621.05	160.6
618.5	153.15
619.35	156.9
623.65	160.5
628.1	162.9
630.5	160.35
634.45	160.25
636.75	162
640	160.55
643.35	157.8
647.45	156.65
649.8	157.85
655.1	157.85
659.15	161
661.45	162.55
663.85	159.2
671.05	157.75
673.95	156.55
677.35	156
681.75	153.95
632.55	211.4
569.55	333.5
574.5	341.35
578.45	345.65
584	343.65
587.05	333.55
593.9	330.85
598.3	327
607.75	327
613.1	329.75
623.45	336.45
629.55	343.3
634.15	345.1
641.55	347.75
645	351
646.75	349.55
651.65	343.45
653.25	339.6
658.05	341.6
660.5	347.2
662.9	348.2
664.2	351
665.05	353.1
667.4	355.4
669.75	356.7
569.1	380.35
411.5	339.75
406.1	343.95
408.85	349
409.65	345.2
409.55	348.95
411.05	349.15
414.1	354.05
417.7	358.05
420.8	364.85
422.15	364.7
422.65	367.9
422.65	371.15
425.7	369.55
427.85	369.05
430.3	370.05
431.8	370.55
433	373.55
435.55	370.2
438.65	366.85
438.7	372.7
440.05	376.5
441.9	376.25
440.7	379.5
251.9	231.3
264.9	240.6
266.7	240.65
266	245.7
268.8	248.7
270.5	246.6
273.5	250.7
276	252.1
279.35	249.05
281.95	254.15
283.55	258
286.95	256.25
288.05	259.95
294	263
295.4	269.65
297.35	265.45
301.55	270.9
304.2	268.5
283.2	267.45
258.55	271.2
261.5	266.75
266.65	272.3
271.65	275.9
274.45	273.5
279.55	277.75
284	283.05
290.1	287.4
291.75	290.25
296.25	292.45
65.25	183.1
91.3	203.7
93.25	202.95
96	199.8
99.7	202.3
103.45	197.1
109.1	200.4
111.9	200.75
117.05	204.55
120.95	205.4
121.55	203.3
125.15	204.3
131.2	204.8
137	213.5
120.35	202.15
95.6	132.6
97.95	130.9
103.2	138.95
107.35	145.6
113.6	151.85
114.3	149.75
118.15	151.7
121.35	153.05
81.55	176.35
86.9	179.75
90.6	178.7
92.05	183.15
92.75	173.8
96.45	175.05
100.95	181.25
101.9	183.45
105.5	182.85
105.85	184.15
106.85	179.15
106.5	179.6
110.3	182.35
256.55	259.5
248.6	253.05
248.8	256.5
249.9	265.2
251.5	268.55
253.7	271.7
255.9	274.35
257.55	271.65
256.95	280.1
515.55	382.85
502.4	374.8
513.65	382.55
513.85	383.5
517.8	389.35
521.8	389.55
522.7	390.55
524.7	389.2
526.2	393
528.35	397.8
532.3	396.15
533.6	402.7
534.05	404.95
462.75	469.6
467.8	466.35
469.25	465.9
471.1	468.9
471.95	473.95
472.5	475.85
474.3	478.9
476.35	475.6
478.8	473.35
480.7	475.75
484.55	477.1
570.3	373
571.4	366.25
575.9	367.2
578.6	364.7
580.2	367.95
587.2	366.45
594	366.2
598.2	363.45
599.9	366.4
598.2	371.15
601.5	373.45
805.95	402.75
794.55	404.65
804.2	404.8
808.8	406.1
812.25	407.15
819.3	403.3
826.65	404.5
829.55	408
832.25	410.9
836.85	410.2
839.9	411.35
777.25	441.75
604.05	506.4
606.85	514.35
608	520.25
610.55	522.9
611.75	528.5
614.45	528.8
617.5	532.25
619.7	535.5
469.2	504.05
397.05	427.4
397.6	433
400.9	430.8
398.55	434.6
400.75	429.2
398.9	441.5
400.4	442.3
399.05	446.75
407.95	444.85
510.3	349.05
512	357.6
514.75	353.1
516	356.85
517.4	356.1
517.25	358.95
522.6	359.7
525.3	361.6
511.5	357.85
432.6	344.25
434.7	339.6
438.25	351.3
441.15	344.2
443.95	351.1
445.2	356.45
446.6	346.75
450.2	352.05
452.3	355.2
454.6	357.8
453.35	362.75
457.8	360.15
459.7	358.35
462.3	359.05
466.4	364.05
471.4	366.3
471.55	375.1
474.1	376.25
473.5	373.85
623.05	328.55
625.95	328.7
626.9	333.1
629.75	332.5
633.55	332.5
636.85	341.65
641.95	343.4
637.85	348.7
309.95	309.1
339.8	314.1
340.1	313.5
341.6	314.4
343.55	319.55
345.9	325.25
344.95	324.8
348.95	322.6
350.9	328.35
352.5	328.3
356.1	332.05
358.4	329.8
360.15	325.9
362.35	327.5
367.85	333.1
371.25	331.85
374.6	332.65
377.7	338.3
380.7	344.75
411.95	380.6
413.45	378.95
417.2	381.9
418.05	385.6
420.05	387.95
424.25	390.55
427	392.6
430.65	395.8
432.95	398.1
385.5	408.25
385.6	415.65
384.4	421.3
387.05	421.2
391	424.9
391.45	433.95
391.4	440.05
428.25	403.95
446.75	377.3
447.3	380.25
447.55	383
449.3	380.2
454.25	383.45
455.25	383.2
459.45	380.9
463.5	382.3
464.3	383.75
465.3	384
467.7	388
466.25	393.5
469.25	396.2
472.6	392.65
472.85	400.85
474.75	398.95
478.35	397.1
664.3	392.05
732.3	392.75
680.05	431
629.75	417.15
636	411.6
640.05	411.55
642.85	411.65
646.6	412.95
646.25	413.4
436.65	399.6
449.9	406.3
454.8	407.45
455.95	410.3
458.35	412.1
462.1	421.25
0	0
0	0
0	0
0	0
0	0
0	0
555.4	421.8
560.15	427.6
563.1	429.15
567.15	431.9
570.65	435.4
391.2	344.6
313.15	262.95
312	262.75
314.4	264.05
316.15	268.1
318.75	275.05
497.35	426.15
502.15	428.75
503.9	434.35
507.15	439.05
504.75	443.15
509.6	437.7
512.8	445.65
513.4	451.1
433.95	408.2
237	274.65
232.55	269.3
232.35	266.5
233.6	269.3
267.75	288.85
431.1	372.9
439.1	386.85
441.75	392.55
443.25	398.25
445.35	396.05
445.7	398.05
449.2	398.1
450.2	402.2
450.6	411.1
450.7	414.7
450.9	413.65
480.05	422.25
599.15	472.15
602.7	476.1
603.05	485.4
606.5	487.8
608.4	488.3
613.2	489.6
612	489.7
614.75	494.05
612.4	492.95
615.9	496.35
622.45	493.95
623.4	493.65
626.85	492.45
629.7	494.05
711.8	497.55
773.65	471.35
775	468.75
778.65	471.6
782.25	473.05
784.55	470.3
789.85	469.35
792.15	469.75
794.65	472.55
796.35	474.9
800.2	474.25
656.95	501
666.5	502.2
667.85	502.4
669.85	510.95
671	509.2
769.35	493
923.75	460.4
935.95	460.35
941.55	460.1
945.45	459.05
950.65	457.1
952.3	461.8
955.25	461.1
957.6	465.8
961.4	464.9
963.25	466.5
963.55	465.65
965.1	468.25
967.3	469.25
891.5	488.45
758.7	513.15
758.15	514.9
757.1	517.75
762.4	524.65
758.8	526
758.15	522.7
760.3	528.4
762.45	528.65
761.25	531.05
675.9	509.75
678.05	515.75
677.85	516.05
676.95	523.35
674.4	526
671.2	526.15
672.7	523.15
674.65	523.6
501.95	503.95
523.5	513.85
525.55	519
526.85	520.25
524.85	520
526.35	516.45
531.35	525.35
530.25	521
530.6	521.4
528.9	530.65
668.6	508.9
664.3	513
667.4	515.5
669.4	516.75
671.3	518.15
672.55	518.55
675.95	521.2
675.5	525.9
674.8	527.85
677.4	532.15
679	533
682.05	526.7
680.2	528.85
614.05	356.5
595.8	302.65
596.8	302.25
593.25	311.95
594.95	306.85
592.35	308.95
742.55	513.65
740.45	501.8
740.7	497.05
743.9	499.45
742.6	501.05
741.4	508.85
741.35	507.2
744.85	505.9
743.9	505.4
746.55	505.8
747.65	509.55
745.35	510.3
747.65	513.4
747.4	511.4
716.9	518.1
702.15	551.4
703.15	547.35
703.5	559.9
705.75	560.75
701.25	563.55
701.6	567.75
699.1	570.9
700.7	566.8
698.55	567.4
700.45	562.05
895.2	416.85
885	439.25
886.4	439.05
888.35	436.65
888.7	434.9
889	431.95
781.55	502.45
745.95	542.35
741.7	547.05
745.2	548.25
742.3	549.65
742.15	547.05
740.8	548.4
744.25	545.55
743.3	545.6
745.3	541.05
745.35	540.4
745.3	540
599.05	434.4
511.65	317.65
505	309.5
506.5	311.6
506.15	313.35
503.15	317.7
777.1	475.5
775	471.2
779.6	473.4
781.35	475.9
782	478.9
783.4	481
786.95	480.1
787.2	481.75
786.4	482.85
786.75	482.85
787.8	482.7
788.5	482.7
789.2	486.2
791.75	481.35
794.4	479.3
793.45	475.85
626.45	427.2
585.95	416.1
583.5	410.1
584	405.4
586.2	402.8
585.1	400.85
585.3	403.2
584.75	402.65
583.6	407.5
588.7	402.3
592.2	397.35
589.95	388.55
588.2	389.45
587.45	392.2
588	390.55
588	390.3
589.3	390.7
586.3	395.35
591.4	402.6
589.8	404.95
589.3	402.3
589.3	404.55
603	415.35
785.9	534.95
784.6	535.8
785.1	534.1
786.95	536.9
785.5	542.55
785.25	543.1
787.45	540.85
785.7	546.25
784.65	550.4
786.1	552.6
787.8	552.35
700.15	448.6
691.8	395.55
691.05	396.6
691.65	393.2
693.95	387.15
693.15	383.9
690.6	382.2
692.3	380.35
692.7	379.55
690.6	380.85
688.55	378.15
686.55	376.35
688.75	371.05
693.45	396.6
766.95	554.75
773.75	562.05
775.75	560.7
778.15	558.1
777.9	556.4
778.85	555.95
776.05	548.3
776.95	547.55
774.85	551.4
773.85	550.7
771	550.75
773	549.15
674.05	612.75
679.15	609
675.05	610.3
679.9	607.45
767.9	591.95
802.15	588.2
808.15	583.3
812.5	584.5
817.25	582.65
819.9	576.3
820.8	578.1
821.3	574.45
823.6	580.15
827.5	581.05
831.35	578.2
837.7	576.4
843.25	578.6
848	580.55
847.85	581.5
922.5	591.1
913.8	594.2
917.55	594.4
922.55	596.8
927.55	598.85
934.85	597.1
939.1	599.05
944.6	596.9
948.25	598.15
949.6	605.05
992.25	629.5
997.5	629.75
1005.95	629.95
1012.7	634.6
1020.2	635.7
1022.55	638.85
1028.05	638.1
1037.2	636.7
1039.3	640.7
1047.5	640.65
1050.75	640.05
1056.35	639.4
1170.45	637.35
1167.55	646.1
1173.2	642.7
1176.25	645.6
1180.8	647.3
1183.2	648.65
1185.15	649.45
1188.1	648.25
1190.4	647.7
1194.35	647.6
1196.5	645.7
1200.45	648.25
1200.65	647.5
1206.2	643
1212.15	639.15
1213.65	635.5
1217.2	634.25
1219.8	636.3
1221.75	637.65
1221.9	639.55
1224.4	639.65
1223.75	641.7
1150.25	583.7
1142.25	589.35
1141.5	588.4
1141.15	588.45
1141.3	584.5
1143	581
1143.7	579.15
1149.45	577.65
1152.35	575.3
1158.5	569.55
1159.45	567.35
850.3	610
620.7	626.3
620.15	625.75
620.6	621.15
620.35	617
620.5	615.6
620.75	614.8
622.85	608.2
624.95	606.35
629.35	603.1
629.2	601.35
631.55	602.3
635.65	600
641.4	597.4
646.1	597
651.15	591.9
650.55	590.05
546.65	593.35
504	585.95
501.7	583.55
506.3	583.15
507.9	575.7
507.9	578.4
508.25	577.65
513.75	575.75
518.75	576
520.95	576.35
521.8	574.55
525.9	576.1
530.65	577.35
371.95	528.3
142.4	469.75
142.8	468.45
143.65	469.55
142.7	469.95
538.65	503.5
520.55	505.95
529.2	505.45
530.55	504.1
532.8	509.9
533.8	506.8
537	510.35
540	507.05
541.9	505.8
542	501.4
542.3	501.6
544.65	487.7
547.75	486.45
648.2	530.15
649.35	523.95
652.1	526.15
651	530
632.3	529.05
126.85	412.45
133.45	424.2
131.45	423.05
131.25	423.95
134.05	424.3
140.5	426.85
142.95	427.85
142.65	427.4
145.1	424.4
149.9	422.2
156.8	421.4
162.05	421.5
167.55	421.85
174	423.45
178.3	425.05
183.95	426.9
191.15	428.4
194.2	432
199.3	428.9
202.45	426.4
209.7	423.1
212.35	426.65
216.7	428.95
220.65	429.2
225.45	434.15
232.1	438.4
236.85	441
239.6	441.05
244.45	445
249.55	446.15
258.6	452.05
263.9	455.05
268.9	458.3
273.55	458.95
277.1	463.9
284.15	464.55
289.5	469.6
302.3	468.5
359.3	454.95
367	458.2
373.1	457.85
378.55	463.2
387.6	464.5
392.6	468.8
402.1	476.45
409.05	472.05
415.25	477.2
421.5	482.05
426.55	478.95
430.55	485.25
434.75	484.55
440.9	485.7
447.75	489.85
453.45	490.3
458.8	492.8
464.2	491.4
486.75	503
675.75	562.85
673.05	568.85
673.45	568.85
676.35	566.8
674.7	568.7
673.8	565.4
669.1	567.8
684.05	564.5
1111	509
1097.45	515.85
1102.55	515.35
1104.05	515.85
1103.15	512
1100.6	514.45
1102.5	510.3
1100.5	512.1
1097.2	510.25
1093.3	507.15
1090.15	506.75
1086.9	504.15
1084.55	500.65
1081.6	500.75
1077.5	499.2
1076.9	497.6
1076.9	497.05
1075.5	496.65
888.9	472.75
564.3	451.8
558.8	442.35
557.05	445.45
552.5	445.45
551.75	448.05
553.05	446.95
553.4	450.6
552.45	452.65
580.7	468.15
622.75	496.9
625.25	498.8
624.9	506.4
625.25	504.65
626.8	499.6
625.4	504.45
623.15	507.65
623.5	510.45
623.7	511.1
624.75	511.5
621.7	517.1
624	513.3
625.15	511.95
622.35	516.9
621.55	520.6
181.95	482.3
194.2	484.75
192.4	485.55
192.9	485.55
191	484.8
190.7	473.4
195.2	476.15
195.95	480.7
196.25	489.35
195.85	488.95
201.55	484.1
206.3	481.45
209.65	479.3
212.55	479.45
215.65	476.9
222.2	479.45
226.9	483.3
231.85	488.35
237.25	489.4
243.55	492.8
252.85	496.7
259.7	499.8
264.25	503.1
271.35	505
280.05	507.3
289.7	517.25
298.4	519.65
306.65	517.65
316.4	519.8
325.05	519.75
336.45	522.15
347.45	527.15
358.8	526.75
373.75	527.2
394.1	522.45
412.9	522.75
432.95	527.25
449.45	522.75
468.3	522.7
478.3	522.25
505.25	519.45
518.05	517.55
537.4	516.8
556.2	522.2
575.9	522.95
595.95	528.9
611.7	531.95
409.6	413.35
440.3	423.2
461.8	421.5
482.45	419.5
495.85	427.4
510.1	430.45
524.35	428.55
540.05	425.95
556	424.05
572.95	429.95
587.9	432.6
602.7	430
616.5	435.7
631.6	437.95
643	442.85
656.6	446
670.5	449.5
687	453.1
702.05	456.2
712.8	460
722.4	464.45
730.9	464.7
734.4	472.05
738.55	472.4
1015.05	398.05
1130	376.3
1129	377.9
1132.6	378.7
1139.95	376.6
1145.5	380.45
1152.5	378.85
1160.25	377.75
1167.25	379.2
1178.25	375.2
1182.55	376.5
1185.2	373.85
1188	376.9
1063.7	423.4
980.2	469.4
977.7	469.75
977.75	472.15
978.25	475.55
981.45	476.5
611.2	518.25
443.05	506.9
444.3	517.4
445.65	519.85
445.85	515.1
449.25	522.55
449.05	520.2
471.9	542.6
481.25	560.85
482.6	559.55
484.75	559.65
487.05	557.3
487.75	558.25
492.65	552.9
499.1	555.05
497.9	564.9
501.6	561.7
499.45	558.25
499.65	550.5
504	548.05
505.45	545.15
512.45	544.35
515.45	542.75
519.15	538.15
523	533.8
528.05	535.7
533.65	539.9
539.65	539.05
543.7	539.95
548.05	538.5
555.95	539.9
563.55	539.95
569.1	540.5
573.95	542.6
581.4	545.7
585.7	546.45
445.65	412.7
354.2	272.65
353.9	258.75
356	260.9
361.25	263.8
362.4	266.75
362.95	265.3
545.8	480.05
543.1	440.9
550.9	455.7
561.1	455.3
571.2	459
582.3	464.25
598.2	462.7
610.4	467.75
622.75	465.8
632.45	468.1
646.55	467.8
655.2	465.1
673.3	469.15
683.1	474.15
690.95	475.9
700.15	479.9
709.05	485.7
719.85	488.1
731	491
741.95	492.5
752.7	496.85
761.15	501.95
772.65	502.7
783.35	501.35
794.65	507.35
804.9	508.2
824.45	507.45
839.1	509.05
847.25	511.5
852.65	513.15
867.3	513.7
517.8	384.45
548.45	401.15
557.6	396.7
564.8	400.6
572.75	402.2
581.55	406.75
592.5	410.55
602.05	412.85
609.8	422.3
619.2	423.75
628.75	431.15
637.2	437.95
639.95	439.35
645.95	447.35
652.7	450.65
659.9	456.1
665.35	457
668.75	459.45
672.1	458.8
673.8	458.3
674.2	461.65
676.25	465.85
678	464.8
678.05	463.35
678	463.85
680.3	464.75
679.2	466.65
674.1	402.5
688	280
686.7	286.9
688.15	283
687.65	281
689.5	280.35
689.95	279.3
691.1	280.75
693.3	280
695.45	282.05
696.75	282.65
743.8	201.6
754.4	159
755.25	163.25
757.65	164
759.45	164.4
762.75	165.85
459.95	288.75
493.4	285.75
493.9	294.15
495.5	298.95
496.3	303.4
500.55	306.25
502.55	305.75
506.3	304
509.8	300.7
671.15	248.3
912.75	188.95
925.1	189.8
926.2	191.1
930.7	187.05
929.3	190.95
928.7	192.45
932.55	193.35
931.3	195.85
935.1	194.25
934.55	198.9
675.5	247.95
603.4	263.9
601.05	265.25
599.25	263.55
602.95	261.6
603.1	258.25
598.25	264.35
597.35	267.4
600.25	274.1
597.15	274.6
602.05	275.75
601.85	278.65
559.8	324.95
574	312.5
575.65	307.4
577.4	314.55
580.4	314.05
579.8	314.35
904.85	187.5
952.45	184.55
955.05	183.15
955.95	181.1
953.2	190.25
956.95	193.15
953.9	200.1
946.95	201
949.65	203.4
950.3	196.85
951.25	198.45
952.45	196.6
956.9	199.3
962.1	189.5
819.7	196.45
834.6	191.15
824.95	188.85
827.6	179.7
827.55	183.35
826.35	184.25
827.85	187.65
828.45	185.45
827.5	181.9
827.75	181
827.4	183
462.2	268.1
425.05	282.7
424.7	279.85
422.2	279.1
423.85	275.05
421.15	274.05
775.65	193.4
843.5	190.75
849.75	191.5
852.9	190.8
854.6	192.25
856.6	191.35
626.9	295.7
647.15	287.7
647.35	292.55
645.85	293.45
646.3	295.65
647.65	293.15
652.55	292.35
653.7	295.5
661.4	292.4
884.15	191.95
947.1	164.2
951.05	163.8
952.2	163.15
951.85	163.85
950.25	167.8
951.3	166.1
951.55	168.85
949.1	172.9
949.25	171.7
791.75	211.55
632.35	272.8
624.55	275.15
620.3	280.55
617.4	276.7
615.65	268.9
613.1	267.8
612.2	266.45
611.65	263.9
613.25	262.6
612.65	261.1
612.65	264.65
613.05	263.55
613.85	254.75
616.25	248.9
618	250.5
619.5	260
623.4	262.55
627.9	266.2
688.7	298.85
880.9	416.4
888.7	419.1
884.6	415.95
874.8	418.95
869.15	425.3
640.65	445.3
625.35	448.1
612	440.7
591.6	434.65
573.8	442.75
555.15	449.25
536.6	452.1
518.95	456.6
499.1	452.25
483.6	453.8
467.25	456.4
446.05	458.9
427.2	460.3
411.6	467.65
394.45	469.05
377.9	472.4
358.25	479.05
342.5	479.55
325.15	484.2
309.05	487
297.8	486.95
284	488.4
519.85	412.95
719.3	328.85
729.45	334
729.7	332.8
730.7	328.05
727.15	330.4
726.55	338.75
725.85	336.25
725.85	338.6
725.4	340.2
726.45	339.8
726.4	345.65
727.35	343.4
727.8	343.8
729.35	344.45
730.35	347
730.65	345.55
733.85	348.8
580.1	335.4
492.9	313.5
501.35	315.9
504.1	320.5
507.45	318.9
507	313.25
512.45	313.6
515.95	316.25
519.55	316.45
522.65	316.7
525.25	316.95
529.6	314.2
533.55	315.7
553.85	313
816.95	199.85
808.35	214.15
811.55	212.85
810.55	204.55
805.85	211.1
806.4	214.25
801.4	217.45
671.5	199.15
675.75	198.85
669.4	202.1
661.8	200.5
654.65	209.1
648.95	211.65
639.6	211.85
631.65	213.35
623.7	202.5
617.7	206.4
610.65	203.5
607.9	204.55
601.35	204.35
594.7	204.1
587.3	201.35
577.8	199.6
574.7	199.65
566.05	197.75
561.6	200.55
556.7	204.45
550.4	205.45
544.05	209.95
537.05	211
533.3	211.6
527.6	210.95
509.25	183.4
501.95	190.3
495.15	188.45
489.95	190.45
482.55	188.15
475.15	191.35
469.2	194.45
463	187.75
457.65	192.2
451.7	188.9
446.15	184.05
440.85	185.4
436	188.95
431.2	189.35
426.85	193.8
635.05	235.2
621.7	233.25
617.65	237.9
616.2	237.5
613.5	237.15
609.7	235
605.05	230.4
600.75	230.35
598.6	230
384.85	174
285.55	157.55
275.45	156.5
266.25	156.75
255.55	156.35
245.95	155.95
235.2	156.65
223.65	156.5
216.2	161.5
203.6	159
193	162.05
677.15	298.5
825.5	502.35
695.3	620.55
705.45	526.85
694.05	522.9
686.7	527.8
678.4	532.65
674.35	537.15
666.1	530.3
655.75	533.1
650.8	532.35
643.5	535.25
637.65	533.55
633.45	532.45
626.15	533.3
617.15	535.95
609.65	534.05
602.7	533.6
596.35	535.15
637.65	341.9
625.8	290.15
616.5	288.2
609.95	284.35
603.2	276.95
598.1	278.5
588.05	275.85
580.15	270.2
637.75	464.4
616.8	447.1
612	448.3
605.75	451.65
598.95	453.85
594	454.8
588.6	454.65
584.8	456.9
845.9	308.15
874.5	304.7
879.45	306.35
880.2	306.9
881.85	306.3
882.15	306.55
882.65	309.05
883.45	306.7
883.15	304.05
884.35	305.95
885.4	309.95
883.8	304.55
888.7	303.55
883.6	314.45
886.9	315.75
889.8	316.05
738.2	400.65
691.8	441.45
685.75	448.7
682.35	453.35
680.95	456.05
678	457.1
676.8	457.1
680.8	453.75
678.1	459.6
707.65	452.45
0	0
0	0
0	0
0	0
0	0
0	0
838.55	307.2
833.5	323.75
830.75	317
826.6	316.75
829.1	306.45
829.2	306.45
828.2	309
826.3	310.35
826.05	299.45
731.5	317.2
636.1	303.05
631.3	304.2
628.4	305.35
626.05	303.4
627.25	303.4
626.55	303.95
625.65	296.6
626.2	298.35
627.75	300.1
629.65	309.75
628.2	309.45
628.15	318.1
627.95	321
630.5	311.4
628.5	317.65
629.05	315.15
629.2	316.55
627.35	317.65
625.9	317.05
623.7	320.85
622.95	325.4
739.6	403.15
732.5	399.3
732.65	403.45
731.7	406.7
733.6	408.25
821.15	557.95
0	0
0	0
0	0
0	0
0	0
0	0
0	0
0	0
0	0
0	0
0	0
0	0
0	0
770	265.65
770.3	251.4
768.6	253.75
777	246.95
772.8	244.7
770.5	243.5
773.7	242.45
764.15	258.5
0	0
0	0
0	0
0	0
0	0
612.7	224.25
613.55	232.95
609	238.45
608.5	245.55
608.25	251.3
607.7	253.25
607	252.35
606.6	253.9
606.7	256.9
607.35	258.95
604.85	262.2
601.55	261.75
601.85	259.2
601.55	263.5
601.8	259.05
596.4	258.85
595.8	259.4
594.6	256.25
593.95	259.85
592.1	255.95
587.4	259.65
480.95	238.1
391.35	208.55
388.9	207.9
386.05	216.5
382.75	218.15
378.75	215.75
377.15	219.65
374.85	217.45
372.9	216.15
369.6	216.2
366.3	216.45
365.1	220.3
364.95	220.65
363.95	219.6
362.6	216.45
359.45	214.05
356.75	219.8
352.25	224.9
350.75	221.7
349	221.4
346.9	224.6
347.05	224.9
344.6	226.1
344.8	230.75
340.6	232.8
339.45	234.35
336.9	240.75
335.05	242.75
292.1	242.65
268.75	249.1
266.7	252.45
266.1	252.55
264.1	252.5
262.55	255.35
264.85	256.7
261.3	254
262.05	252.5
260.8	257
255.8	259.35
256.2	261.35
255.3	265.75
254	263.95
213.25	268.25
184.05	260.7
182.8	254.15
181.9	256.4
181.8	260.2
179.6	265.6
177.55	271.7
174.1	271.25
171.45	272.15
168.15	276.45
164.7	278.5
128.25	266.85
129.3	266.55
124.1	266.3
123.6	263.1
123.2	266.65
119	264.15
118	264.9
96.4	261.75
94.35	261.8
93.05	261.15
92.6	260.35
92.45	260.95
90.8	257
90.25	259.35
334.2	254.3
427.8	253.65
430.1	253.65
432.55	257.95
435.7	260.15
436.9	262.35
436.35	265.25
437.6	262.8
437.3	262.05
437.7	263.1
439.15	261.75
333.4	374.2
289.15	433.75
288.05	436.8
285.55	436.8
287.65	440.95
290.35	438.35
292.45	438.1
293.4	440.65
295.45	435.8
291.9	439.15
293.8	439.35
297.25	434.95
296.1	437.3
295.85	433.4
296	432.5
274.15	534.35
281.45	598.2
279.9	604.55
280.95	601.95
281.05	603.15
277.4	603.15
276.3	598
255.75	621.75
250.9	639.15
247.15	638.05
246.85	635.35
648.25	563.85
1028.45	538.25
1038.95	535.75
1044.1	531.5
1044.45	527.45
1042.95	526.3
1041	525.8
1036.55	522.1
1032.85	519.75
1026.9	514.7
1022.55	510.15
1018.25	504.6
1011.85	500.35
985.05	301.3
973.8	319
963.2	309.05
953.6	303.4
948.95	290.85
940.5	289.1
930.1	281.3
925	272.15
921.5	270.2
917.35	267.75
913.55	263.45
909.2	259.95
907.85	260.95
909.25	256.55
905.7	253.55
906.3	240.8
968.2	206.5
961.55	205.85
961.85	203.85
962.4	201.5
960.85	193.05
960.85	188.45
961.25	185.8
960.45	186.2
962.05	172.25
745.95	306.45
746.05	301.4
744.1	298.9
738.15	301
739.5	291
736.6	291.9
735.2	291.75
732.35	292.65
730.4	290.95
729.15	292.55
608.25	483.55
614.35	470
611.7	469.5
607.55	467.55
602.65	463.85
595.5	459.8
592.25	457.7
586.65	454.5
583.45	453.35
577.75	451.2
573.2	448
571.35	444.3
567	437.35
562.1	441.9
559.15	437.55
553.8	433.35
547	426.3
543.9	422.55
540.15	420
537.9	416.15
533.65	409.95
658.95	312.3
822.05	178.7
829.85	175
830.2	176.15
831.25	176.2
828.8	176.3
828	177.4
826.25	178.55
824.9	177.6
822.15	177.4
819.85	177.1
818.1	175.85
814.2	179.65
813.05	179.3
810.25	181.6
807.25	185.4
807.9	186
802.4	190.75
800.75	192.5
797.6	197.1
796.25	203.9
794.1	209.65
793.4	211.35
791.15	221.95
789.35	225.7
772.05	238.75
716.3	283
716.2	289.3
714.6	290.8
710.65	295.5
707.2	303.5
703.9	310.85
701.75	311.15
698.05	314.1
697.1	315.5
697.95	324
696.6	330.85
699.25	327.95
696.5	332.9
695.1	338.15
692.6	343.6
690.35	346.95
687.8	357.3
686.9	363.5
686.35	371.35
685	380
684.3	383.05
680.7	393.55
679.85	396.55
677.9	406.95
676.15	414.25
675.85	418.55
675	425.3
670	436.7
665.9	437.8
664.65	453.25
664.05	455.75
659.3	466.7
661.2	471.65
659.8	476.8
656.1	483.75
656.1	493.3
744.2	544.95
742.3	551.35
740.6	555.3
741.65	557.2
742.85	562.1
739.55	562.95
740.9	566.1
726.6	565.45
515.75	279.15
532.9	296.25
533.9	293.4
531.65	300.25
532.5	304.15
535.15	305.4
534.3	308.9
536.55	313.65
497.15	332.75
371.7	329
373.2	342.4
374.55	346.45
378.5	355.25
381.95	363.35
384.4	367.55
388.95	377.8
392.8	386.25
395.85	396.1
398.95	400.25
400.7	413.65
405.15	417.9
406.65	427
410.75	435.15
410.65	442.65
417.7	444.35
419.7	450.3
423.1	455.9
420.85	459
423.55	460.35
425.8	460.25
427	461.3
435.1	458.8
437.05	457.4
441.9	455.15
449.9	451.3
435.1	439.85
306.7	302
316.6	301.25
322.25	299
330.25	299.3
339.3	302.95
347.55	309.05
356.5	306.95
366.5	307.7
383.25	313.7
392.15	319.95
404.15	322.2
413.8	324.35
421.5	324.7
431.9	332.25
440.4	337.45
445.45	341.5
449.85	344.15
454.25	345.15
459.6	345.95
466.8	348.1
470.75	351.35
426.1	95.25
434.65	130.8
433.35	129.2
429.25	126.25
430.65	131.05
426.75	130.55
423.55	137.05
423.35	140.2
421.55	147.05
420.85	153.75
422.1	154.5
423.95	163.1
425.4	165.55
478.65	240.55
558.7	368.8
563.4	390.2
565.6	394.15
563.65	396.55
564	393.25
563.9	390.55
561.8	392.1
560.8	394.9
560.35	395.9
561.1	403.05
559.95	398.4
559.35	397.45
561.45	391.4
562.3	391.85
561.2	398.4
561.05	401.8
560.2	404.8
560.75	405.55
562.35	408.05
563.1	407.8
562.85	407.5
640.8	214.95
639.65	231.6
639.7	233.05
637.1	239.05
638.25	245.85
637.45	245.95
640.1	253.95
640.8	259.15
639.95	259.7
640.25	255.1
639.35	257.65
641.15	267
638.45	127.55
635.3	78.35
635.65	81.25
637.75	84.1
639.5	88.6
637.65	93.4
637.1	97.45
639.7	101.45
430.3	166.2
431.9	171.65
432.8	177.15
434.75	179.2
436.5	184.8
442.1	187.6
442.15	190.8
833.75	328.1
832.55	339.3
836.5	345.55
838.55	347.05
842	344.5
840.85	349
849.8	356.8
871.25	421.05
873.1	425.1
872.95	429.05
875.1	428.95
878.85	427.1
881.25	429.1
881.65	433
882.9	436.35
886.7	436.95
888.35	442.3
779.55	405.65
756.45	404.45
757.9	411
761.3	419.45
763.5	421.2
727.7	404.8
454.4	202.85
464	212.85
465.9	216.65
466.7	233.25
468.35	242.65
472.95	251.1
476.7	260.3
478.45	266.85
498	297.6
501.3	302.25
506.3	309.4
510.9	322.75
634.2	389.4
739.5	416.65
747.35	416.45
752.6	416.4
758.5	416.85
765.35	415.5
772.9	412.15
781.15	409.3
790.3	398.8
801.95	396.15
815.45	391.05
828	388.4
839.85	383.55
854.55	375.1
867.3	366.4
883.1	357.6
895.05	350.1
903.4	347
910.3	341.75
913.45	323.75
858.7	141.1
864	146.75
865.9	143.9
866.35	144.05
864.75	145.05
861.65	147
859.2	149.9
858.2	155.2
855.75	157.9
850.85	160.5
848.4	163.3
846.1	160.7
844.6	161.5
839.2	163.75
836.6	162.75
833.7	162.7
832.3	163.55
829.15	165.65
829	163
827.8	161.1
823.25	162.05
815.65	152.9
795.7	103.5
793.35	103
790.65	99.8
788.8	103.55
789.3	106.1
791.5	105.3
790.05	108.15
790	110.1
790.3	113.05
788.5	117.6
786.3	124.35
785.6	128.55
783.45	135.2
784.25	142.15
785.15	144.85
785.05	148.45
786.55	154.35
786.75	157.95
788.5	166.55
940.7	179.4
1125.8	116.75
1061.85	189.45
1065.7	191.85
1069.3	196.6
1070.85	206.9
1068.4	213.5
1069.25	215.75
1066.15	220.4
1066	220.85
853.7	329.05
847.65	337.9
844.7	340.6
842.3	343.8
839.5	349.7
837.75	354.3
834.7	356.85
834	358.45
831.5	367.65
827.05	377.95
824.15	387.9
823.2	391.95
820.45	400.8
817.35	405.65
815.8	412.7
810.9	421.05
807.15	425.85
806.1	435.05
802.4	442.7
797.2	449.7
793.9	451.2
793.25	461.7
790.25	464.2
785.35	465.6
780.3	468.45
775.9	466.8
773.55	466.6
770.05	468.2
1073	249.35
1046.4	249.9
1040	245.35
1033.3	242.8
1029.8	245.1
1023.85	244
1017.9	246.6
1010.65	246.5
1003.7	251.55
999.4	251.65
998.3	252.35
991.45	255.75
986.5	259.65
981.9	259.45
978.4	262.3
974.25	258.75
974.8	259
789	362.4
638.3	459.55
636.75	450
635.75	452.9
634.3	455.3
633.3	452.1
631.35	454.9
631.7	451.05
631	450.45
511.35	428
520.7	431.2
517.55	429.8
520.5	429.45
518.5	430.8
521.5	432
521.85	434.9
568.4	468.65
661.15	468.15
663.3	485.8
666.7	488.9
668.25	495
723.3	521.6
735.4	533.85
736.1	539.6
736.65	543.6
737.65	544.2
739.5	538.3
738.85	542.9
740.35	549.4
739.5	554.5
736.55	561.2
734.1	563.8
733.3	564.25
733.1	565.2
730.2	564.1
729.65	564.6
476.65	513.15
489.45	522.95
489.9	521.8
489.1	519.8
489.8	518.75
487.8	519.75
487.85	522.95
488.6	520.15
490.6	518.3
494.75	514.85
493.4	511.9
493.9	511.95
493.75	508.25
495.3	502.95
496.2	502.75
497	501.05
498	499.5
497.8	497.35
497.2	494.75
495.3	490.7
494.55	488.2
493.3	480.9
488.05	475.9
681.75	464.15
669.25	460.15
666.25	457.45
664.55	448.9
660.8	444.3
657.9	443.65
654.7	447.35
652.55	443.55
648.6	442.1
642.35	437.4
639.35	433
637.2	430.75
636.25	425.4
630.4	421.8
626.1	415.9
625.85	402.25
620.55	397.05
616.9	391.7
579.45	348.2
576.5	333.1
574.2	326.1
569	314.55
568.25	311.45
562.75	309.9
556.4	313.7
556.45	314
556.4	319.35
552.95	321.1
551.95	325.9
549.6	328.6
547.25	330.9
585.65	368.3
576.85	368.2
574.55	374.85
573.15	383.7
574.95	383.95
573.05	385.45
576.15	386.65
576.75	391.05
577.75	391.45
579.3	397.35
581	398.9
584.25	399.05
587.3	399.5
394	359
378.15	360.1
376.1	358.8
374.1	358.55
373	364.3
375.75	364
377.85	368.35
375.4	373.6
370.5	372.25
371.85	374.25
371.3	367.15
371	366.7
441.4	409.85
441.95	414.1
444	417.4
445.15	419.45
446.3	419.15
446	414.45
445.95	408.45
446	409.95
430.4	401.55
433.35	399.6
429.65	396.75
429.95	400.25
430.35	398.05
435.2	392.85
437.1	388.7
435.35	385.7
433.1	386.95
433.85	390.8
433.15	391.5
434.15	395.25
433.4	395.25
361.3	262.9
365.3	285.2
365.1	289.45
362.1	284.3
368.55	289
368.2	288.15
368.25	289
367.2	290.75
368.2	286.65
367.5	295.25
370.3	292.3
370	282.6
644.15	427.45
640.9	422
647.9	421.55
644.8	424.7
650.5	419.55
651.75	416.9
652.15	421.3
653.35	424
656.35	424.75
650.8	422.25
586.25	319.45
591.7	326.65
590.2	326.8
595.25	324.75
594.8	330.35
595.85	331.3
598.15	330.9
620.45	310.85
617.95	316.2
622.4	320.5
619.45	325
619.25	333.15
621	332.45
622.1	329.2
623.65	331.05
624.05	337.2
623.1	338.3
623.3	339.85
624.25	338.25
626.8	332.05
627.4	333.05
628.85	330.2
629.85	328.7
631.65	329.4
632.2	327.15
596.15	284.65
603.75	277.45
603.45	282.25
603.2	275
604	278.25
602.75	279.95
601.65	284
603.05	283.3
603.05	283.15
606.95	285.05
603.1	281.7
618.35	292.15
622.9	305.9
621.9	306.85
623.95	307.65
624.55	308.1
625.45	311.55
608.15	271.25
609.15	272.7
609.95	275.05
612.7	279.05
613.3	274.95
614.65	273.7
612.95	279.4
615.45	283.95
618.55	288.25
619.75	296.05
620.75	297.75
624.3	302.8
623.35	305.8
623.95	306.55
624.7	308.95
626.2	312.75
624.2	315.15
667.5	432.2
689.85	492.95
692.8	500.25
694.5	502.8
697.7	503.35
701.2	499.45
703.95	496.9
708.75	488.15
713.35	481.45
714.35	477.45
717.1	467.5
721.4	455.65
723.65	452.95
729.6	447.7
730.5	440.3
735.2	435.95
736.55	432.15
742	421.75
745.6	423.7
748.85	421
766.75	401.3
794.25	351.85
798.75	352.5
799.55	347.65
800.25	345.6
804.35	337.8
802.25	336.85
804.3	335.2
764.25	281.5
766.4	282.2
770.5	277.45
775.1	273.1
778.4	269.6
778.2	266.7
781.7	262.85
687.95	125.7
694.75	130.8
698	130.5
698.8	132.1
701.6	134.25
702.85	132.45
807.2	205.25
810.15	205.5
812.9	205.95
813.85	209.2
814.1	207.9
813.45	208.25
812.7	207.9
811.45	209.3
812	207.6
810.55	206.7
810.8	204.75
812.35	200.25
810.1	197.25
737.05	154.8
746.6	152.8
745.05	149.35
745.1	148.95
744.1	147.7
745.05	145.95
744.55	148.3
743.4	142.1
743.35	151.15
741.65	149.5
742.6	148.3
867.1	154.25
860.7	147.35
862.2	149.4
860.8	150.4
861.8	146.5
864.6	148.5
866.15	140.35
868.15	137.35
864.5	139
867.7	140.95
869.85	138.8
871.55	137.4
872.85	137.55
874.55	139.15
872.25	138.85
873.2	143.15
873.45	143.85
873.65	151.5
874.35	153.7
872.15	158
873.15	161.7
848.65	179.3
788.75	240.55
788.2	246.7
785.55	252.6
786.25	259.25
785.25	263.25
784.8	271.25
785.25	276.7
783.5	282.4
782.55	287.7
779.75	293.7
778.35	296.7
779.1	298.85
776.65	303.7
772.6	308.6
770.6	314.35
770.05	317
770.1	315.45
764.5	324.9
762.05	330.2
759.1	336.35
756.15	341.5
755.95	341.4
754.7	344.85
756.2	494.2
755.6	490.05
753.6	494.1
751.3	497.5
751.55	503.55
753.2	503.1
751.15	504.95
751.05	510.2
750.3	512.3
751.15	513.75
750.95	520.05
751.85	522.7
753.5	526.05
755.75	529.45
759	531.1
758.5	532
758.5	533.75
756.05	542.8
756.5	546.5
761.3	545.75
762.45	551.2
762.75	553.55
762.75	525.35
740.8	262.55
745.3	279.5
748.05	281.55
745.5	285.1
746.2	287.3
748.1	290.6
750.8	291.55
750.3	294.85
750.85	297.6
752	297.15
756.4	297.95
753.55	302.15
756.65	300.45
755.7	306.35
758.15	306.7
756.95	304.8
759.8	309.65
761.75	304.65
763.25	307.9
762.9	311.3
764.2	309.6
763.75	311.55
765.25	312.55
743.7	503.5
748.85	488.5
750.65	491.35
751.8	497.75
750.5	503.95
752.15	502.5
751.75	501.9
749.5	500.4
754.55	496.55
752.8	498.15
754.2	494.25
753.15	492.1
751.45	491.7
754.75	489.1
755.55	489.65
754.05	492.15
753	500.3
646.4	475.65
0	0
0	0
0	0
0	0
0	0
677.5	261.05
679.85	263.35
679.8	261.6
680.9	262.4
682.95	261.35
685.35	258.55
800.25	428.75
791.9	421.15
790.05	425.15
795.2	420.3
792.5	422.2
792.85	423.35
768.75	415.75
663.9	400.9
664.05	398.8
663.2	395.1
662.15	398.05
662.55	396.35
662.6	397.65
659.6	400
660.65	400.2
661.35	398.45
662.15	398.35
750.45	433.55
728.3	434.9
728.35	433.55
727.6	431.6
727.8	433.1
727.85	433.4
727.25	431.95
608.4	514.9
627.85	501.5
624.25	501.1
626.25	501.85
629.2	496.35
633.15	492.7
633.45	486.9
636.2	487.2
637.35	487.5
646.55	517.95
0	0
0	0
0	0
0	0
744.95	360.8
742.2	367
743.5	376.9
743.7	374.75
743.75	375.2
707.05	392.05
707.25	392.15
708.3	386.1
709.4	385.65
710.6	384.55
707.9	608.2
0	0
0	0
0	0
0	0
953	243.8
951.5	264.2
947.8	251.25
946.3	247.55
943.9	246.7
937.5	259.9
774.1	487.35
784.65	474.1
788.25	470.15
788.45	470.25
783.9	472.7
772.5	484.25
690.95	501.45
689.35	501.95
690.75	500.05
691.55	501.8
691.5	497.2
695.5	496.6
694.85	495.5
694.15	499.9
697.1	503.45
697.85	502.2
699.65	501.7
698.7	505.75
699.25	503.7
702.15	502.25
704.3	498.9
703.15	501.05
706.2	498.5
705.3	494.85
705.05	495.6
706.15	494.85
705.75	493.05
703.65	496.85
705.3	498.7
706.45	495
704.35	494.25
704.3	492.85
702.55	490.05
701.45	491.45
703.65	492.6
582.95	416.05
496.25	326.45
502.6	320.75
502.75	326.25
504.3	324.65
507.05	319.5
499.5	326
489.75	341.25
493.7	340.8
495.7	334.9
497.65	333.9
718.75	302.25
751.85	295.9
756	291.75
757.2	289.7
758.9	297.2
760.9	292.65
761.85	292.25
760.95	294.2
763.6	293.05
764.1	293.5
763.25	292.45
722.3	431.7
720.1	437.55
721.95	438.35
722.65	442.75
725.6	441.6
725.4	445.85
725.4	445.9
726.45	446.65
728.6	447.25
730.85	442.6
731.35	437.3
734.3	435.3
736.25	441.05
814.5	467.25
954.25	477.5
962.2	476.85
965.05	478.45
965.6	475.95
748.3	379.1
711.25	332.55
708.55	332.7
707.45	329.7
707.9	323.5
707.2	322.25
709.05	328.65
756.5	257.65
747.2	269.85
750.65	270.75
752.15	264.9
755.05	264.75
757	265.7
761.15	260.25
801.25	279.7
790.75	272.95
793.65	271.6
794.5	271.25
797.25	273.7
798.9	272.5
801.85	272.1
802.8	271
804.5	270.95
804.65	269.05
805.7	270.1
806.65	270
808.4	268.5
809.15	269.05
808.6	270.25
810.65	270.85
811.4	271.1
811.15	270.65
811.5	270.25
813.8	270
817.8	269.65
817.95	269.4
815.7	268.9
819.55	269.2
818.5	268.1
818.75	268.05
821.3	241.2
819.8	250.75
820.6	248.7
820.9	247.55
822.4	246.25
821.55	248.75
822.75	247.65
822.15	246.1
823.7	244.35
824.6	242
825.1	243.45
826.45	241.75
825.1	242.5
824.75	243.9
826.3	239.95
825.7	239.7
825.6	239.2
847.35	305.45
847.75	298.8
846.95	295.6
846.35	301.75
846.1	304
845.2	302.6
847.25	305.65
847.5	304.5
848.9	305
847.75	307.7
847.5	307.7
849.75	308.5
849.15	307.5
809.25	271.45
819.85	253.3
817.6	258.1
818.15	260.65
816.1	266.4
815.5	266.85
817.5	264.05
818.65	264
820.05	258.45
819.85	260.45
815.25	269.3
820.3	269.7
822.85	261.95
839.25	279.3
832.65	278.9
832.15	282.4
831.95	285.6
831.5	285.6
829.5	285.65
830.4	285.95
830.45	287.9
832.95	283.25
834.75	286.1
835.85	286.8
835.6	288.3
837	292.85
834.85	297.95
835.15	300.2
835.25	301
835.9	300.5
833.6	303.9
834.95	307.15
834.65	312.4
835	311.25
837.35	317.5
837.3	316.45
833.2	323.55
