0	0
0	0
0	0
0	0
0	0
0	0
0	0
0	0
0	0
0	0
0	0
0	0
0	0
0	0
0	0
0	0
0	0
0	0
0	0
0	0
0	0
0	0
0	0
0	0
662.75	354.86
672.12	356.15
673.46	356.15
673.46	356.15
681.49	349.73
693.54	340.74
701.57	327.9
705.58	320.19
706.92	317.62
706.92	316.34
706.92	316.34
706.92	316.34
706.92	316.34
706.92	318.91
706.92	321.47
706.92	327.9
705.58	342.02
705.58	357.43
704.25	366.42
704.25	374.13
704.25	383.12
704.25	392.1
704.25	398.53
704.25	404.95
704.25	413.94
705.58	417.79
705.58	419.07
705.58	419.07
705.58	419.07
705.58	421.64
705.58	424.21
706.92	426.78
706.92	426.78
706.92	426.78
706.92	428.06
708.26	430.63
709.6	431.91
712.28	435.77
716.29	438.33
717.63	440.9
718.97	444.76
720.31	447.32
721.65	447.32
721.65	448.61
721.65	448.61
721.65	448.61
721.65	448.61
721.65	448.61
721.65	448.61
721.65	448.61
722.98	448.61
722.98	448.61
722.98	448.61
722.98	448.61
722.98	448.61
722.98	448.61
722.98	448.61
722.98	448.61
722.98	448.61
722.98	448.61
722.98	448.61
722.98	448.61
722.98	444.76
722.98	440.9
718.97	434.48
713.62	428.06
708.26	425.49
705.58	425.49
694.88	425.49
673.46	421.64
650.71	416.5
626.62	410.08
611.89	406.23
593.15	399.81
571.74	390.82
561.03	386.97
551.66	383.12
543.63	377.98
532.92	372.84
526.23	370.27
519.54	368.99
511.51	366.42
496.79	365.14
486.08	363.85
471.35	362.57
457.97	360
447.26	360
439.23	361.28
429.86	365.14
419.15	367.71
408.45	368.99
399.08	370.27
392.39	372.84
385.69	372.84
377.66	374.13
365.62	375.41
356.25	375.41
341.52	375.41
321.45	375.41
305.39	375.41
289.32	375.41
271.92	375.41
265.23	375.41
254.52	375.41
245.16	375.41
237.13	375.41
229.09	375.41
222.4	376.69
215.71	376.69
209.02	376.69
202.33	376.69
194.29	375.41
184.93	374.13
179.57	371.56
172.88	368.99
164.85	366.42
160.83	365.14
158.16	363.85
158.16	362.57
159.49	362.57
175.56	358.72
200.99	356.15
242.48	356.15
265.23	356.15
286.65	354.86
305.39	354.86
320.11	352.29
342.86	349.73
360.26	349.73
372.31	349.73
387.03	349.73
399.08	349.73
419.15	349.73
455.29	349.73
476.71	349.73
488.75	348.44
500.8	347.16
520.88	345.87
540.95	342.02
561.03	339.45
585.12	336.88
621.26	334.32
644.02	333.03
669.45	333.03
686.85	333.03
712.28	333.03
740.38	333.03
765.81	331.75
792.58	329.18
811.32	329.18
824.71	329.18
843.45	329.18
860.85	330.46
880.92	331.75
890.29	331.75
896.98	331.75
899.66	331.75
903.68	331.75
905.01	331.75
907.69	330.46
909.03	330.46
909.03	330.46
910.37	330.46
910.37	330.46
910.37	330.46
910.37	329.18
911.71	326.61
913.04	322.76
914.38	318.91
915.72	316.34
915.72	315.05
917.06	315.05
917.06	315.05
917.06	315.05
917.06	315.05
917.06	313.77
907.69	312.49
892.97	312.49
875.57	315.05
868.88	317.62
867.54	318.91
866.2	318.91
860.85	318.91
844.78	321.47
838.09	324.04
836.75	324.04
835.41	324.04
835.41	325.33
834.08	325.33
832.74	326.61
831.4	326.61
827.38	327.9
824.71	329.18
823.37	330.46
820.69	330.46
818.01	331.75
815.34	333.03
811.32	333.03
809.98	333.03
808.65	333.03
808.65	333.03
807.31	333.03
803.29	334.32
800.61	335.6
799.28	336.88
797.94	336.88
796.6	338.17
795.26	338.17
792.58	340.74
789.91	342.02
788.57	343.31
785.89	343.31
781.88	344.59
780.54	345.87
777.86	347.16
775.18	348.44
773.85	349.73
771.17	352.29
768.49	353.58
763.14	357.43
757.78	360
752.43	363.85
745.74	368.99
741.72	371.56
736.37	374.13
731.01	376.69
729.68	377.98
728.34	377.98
727	379.26
724.32	381.83
724.32	383.12
722.98	383.12
722.98	383.12
722.98	383.12
722.98	384.4
725.66	384.4
737.71	380.55
749.75	376.69
757.78	374.13
761.8	371.56
767.15	368.99
775.18	365.14
779.2	361.28
781.88	357.43
783.21	354.86
783.21	352.29
783.21	351.01
780.54	349.73
776.52	349.73
772.51	349.73
769.83	348.44
767.15	347.16
767.15	345.87
767.15	345.87
767.15	345.87
767.15	345.87
767.15	345.87
765.81	345.87
759.12	347.16
751.09	351.01
741.72	353.58
737.71	356.15
731.01	358.72
722.98	362.57
713.62	367.71
702.91	374.13
696.22	377.98
686.85	384.4
681.49	389.54
680.15	393.39
678.82	395.96
676.14	401.09
669.45	407.51
658.74	419.07
645.35	430.63
635.98	438.33
630.63	443.47
629.29	446.04
627.95	448.61
622.6	452.46
617.25	457.6
613.23	460.17
610.55	462.73
606.54	466.59
602.52	470.44
599.85	473.01
594.49	476.86
589.14	480.71
586.46	483.28
586.46	484.57
585.12	484.57
585.12	484.57
585.12	484.57
585.12	484.57
587.8	482
594.49	469.15
602.52	457.6
614.57	446.04
622.6	439.62
625.28	435.77
626.62	433.2
626.62	433.2
626.62	431.91
626.62	429.35
627.95	422.92
634.65	415.22
642.68	404.95
656.06	393.39
672.12	383.12
677.48	380.55
678.82	379.26
678.82	376.69
680.15	371.56
680.15	363.85
681.49	358.72
682.83	354.86
682.83	354.86
682.83	353.58
685.51	351.01
689.52	347.16
698.89	335.6
709.6	320.19
713.62	313.77
714.95	311.2
714.95	308.63
718.97	303.5
725.66	295.79
731.01	293.22
735.03	293.22
739.05	293.22
745.74	300.93
748.41	302.21
748.41	302.21
748.41	302.21
748.41	302.21
748.41	303.5
739.05	308.63
729.68	312.49
720.31	316.34
709.6	320.19
696.22	325.33
684.17	329.18
670.78	333.03
656.06	339.45
648.03	344.59
641.34	347.16
638.66	347.16
638.66	347.16
638.66	347.16
640	344.59
654.72	336.88
669.45	330.46
689.52	322.76
692.2	320.19
692.2	318.91
692.2	316.34
694.88	308.63
698.89	299.64
706.92	286.8
712.28	273.96
716.29	268.82
716.29	263.69
717.63	258.55
718.97	253.41
724.32	248.28
732.35	244.42
749.75	243.14
761.8	243.14
776.52	239.29
783.21	236.72
787.23	232.87
793.92	227.73
804.63	222.59
814	220.02
820.69	218.74
826.05	218.74
828.72	218.74
828.72	218.74
828.72	218.74
828.72	218.74
828.72	218.74
828.72	220.02
828.72	220.02
828.72	221.31
827.38	229.01
824.71	235.43
822.03	243.14
822.03	248.28
822.03	253.41
822.03	258.55
820.69	263.69
818.01	270.11
811.32	279.1
807.31	282.95
805.97	284.23
805.97	284.23
805.97	284.23
805.97	284.23
805.97	284.23
805.97	284.23
805.97	284.23
805.97	284.23
805.97	284.23
804.63	284.23
801.95	284.23
795.26	284.23
789.91	282.95
781.88	284.23
772.51	286.8
767.15	288.09
767.15	288.09
767.15	288.09
765.81	288.09
765.81	289.37
765.81	289.37
768.49	289.37
771.17	289.37
772.51	289.37
772.51	289.37
772.51	290.65
772.51	291.94
772.51	291.94
772.51	293.22
771.17	293.22
771.17	293.22
771.17	293.22
771.17	293.22
772.51	293.22
773.85	293.22
775.18	293.22
775.18	293.22
775.18	293.22
775.18	293.22
772.51	293.22
767.15	293.22
753.77	293.22
733.69	293.22
718.97	294.51
704.25	295.79
692.2	297.08
677.48	297.08
661.42	297.08
650.71	297.08
648.03	298.36
646.69	298.36
645.35	295.79
641.34	291.94
635.98	288.09
633.31	286.8
631.97	285.52
629.29	285.52
622.6	285.52
618.58	285.52
611.89	285.52
601.18	285.52
586.46	285.52
569.06	285.52
546.31	285.52
535.6	285.52
532.92	285.52
532.92	285.52
528.91	286.8
523.55	286.8
520.88	286.8
518.2	286.8
514.19	286.8
506.15	286.8
490.09	286.8
480.72	286.8
472.69	286.8
464.66	286.8
457.97	286.8
451.28	288.09
437.89	290.65
417.82	294.51
401.76	297.08
396.4	298.36
395.06	299.64
392.39	302.21
389.71	306.06
385.69	313.77
384.36	324.04
384.36	329.18
387.03	331.75
391.05	335.6
395.06	339.45
397.74	343.31
403.09	349.73
412.46	356.15
425.85	361.28
443.25	365.14
453.95	365.14
455.29	365.14
455.29	365.14
455.29	363.85
455.29	363.85
452.62	363.85
443.25	365.14
428.52	368.99
415.14	371.56
412.46	374.13
411.12	375.41
411.12	375.41
411.12	376.69
420.49	376.69
439.23	375.41
448.6	374.13
455.29	371.56
461.99	368.99
466	365.14
467.34	362.57
468.68	357.43
472.69	347.16
478.05	334.32
482.06	322.76
483.4	316.34
483.4	311.2
483.4	309.92
483.4	309.92
483.4	309.92
483.4	309.92
484.74	307.35
495.45	303.5
508.83	297.08
522.22	289.37
528.91	286.8
536.94	281.67
544.97	277.81
546.31	276.53
546.31	276.53
547.65	276.53
547.65	276.53
547.65	276.53
547.65	276.53
547.65	277.81
547.65	277.81
547.65	277.81
547.65	280.38
548.99	285.52
550.32	295.79
553	308.63
555.68	327.9
562.37	361.28
581.11	392.1
606.54	410.08
615.91	412.65
622.6	413.94
631.97	419.07
641.34	425.49
661.42	438.33
686.85	456.31
709.6	478.14
733.69	494.84
765.81	503.83
779.2	505.11
779.2	505.11
779.2	505.11
780.54	505.11
788.57	505.11
807.31	510.25
832.74	515.39
850.14	517.95
854.15	517.95
864.86	519.24
880.92	519.24
914.38	519.24
933.12	519.24
950.52	519.24
966.58	517.95
981.31	515.39
998.71	514.1
1020.12	511.53
1032.17	510.25
1049.57	510.25
1065.63	507.68
1088.38	506.4
1107.12	506.4
1119.17	506.4
1124.52	506.4
1129.87	506.4
1136.57	507.68
1144.6	508.96
1155.31	507.68
1166.01	506.4
1175.38	506.4
1179.4	506.4
1179.4	506.4
1179.4	506.4
1175.38	506.4
1167.35	506.4
1148.61	507.68
1119.17	512.82
1068.31	521.81
1016.11	533.36
971.94	541.07
930.44	546.21
898.32	550.06
886.28	551.34
875.57	552.63
864.86	552.63
856.83	553.91
851.48	553.91
843.45	553.91
827.38	553.91
812.66	555.19
800.61	555.19
783.21	556.48
769.83	556.48
760.46	556.48
752.43	556.48
744.4	556.48
733.69	556.48
716.29	557.76
706.92	559.05
694.88	561.62
684.17	561.62
678.82	562.9
677.48	562.9
674.8	562.9
669.45	565.47
661.42	565.47
660.08	566.75
661.42	566.75
685.51	561.62
708.26	555.19
720.31	551.34
747.08	544.92
768.49	541.07
780.54	541.07
780.54	539.78
781.88	539.78
781.88	539.78
784.55	539.78
792.58	539.78
804.63	538.5
807.31	537.22
807.31	537.22
807.31	537.22
807.31	537.22
807.31	537.22
807.31	537.22
807.31	537.22
807.31	537.22
807.31	537.22
807.31	537.22
807.31	537.22
807.31	537.22
807.31	537.22
807.31	537.22
807.31	537.22
807.31	537.22
807.31	537.22
807.31	537.22
807.31	537.22
808.65	537.22
809.98	537.22
812.66	537.22
814	537.22
814	537.22
814	537.22
814	537.22
814	537.22
814	537.22
814	537.22
814	537.22
814	537.22
814	537.22
814	537.22
814	537.22
814	538.5
812.66	538.5
812.66	539.78
811.32	539.78
809.98	539.78
807.31	539.78
804.63	539.78
800.61	539.78
796.6	539.78
780.54	533.36
769.83	526.94
760.46	521.81
752.43	515.39
745.74	510.25
740.38	505.11
737.71	499.98
733.69	494.84
731.01	493.55
731.01	493.55
729.68	493.55
727	493.55
724.32	493.55
724.32	493.55
724.32	493.55
724.32	493.55
724.32	493.55
724.32	493.55
724.32	493.55
724.32	493.55
724.32	493.55
724.32	493.55
724.32	493.55
724.32	493.55
724.32	493.55
724.32	493.55
724.32	493.55
724.32	493.55
722.98	493.55
722.98	493.55
718.97	493.55
705.58	492.27
692.2	489.7
681.49	485.85
677.48	484.57
672.12	488.42
664.09	497.41
664.09	499.98
662.75	508.96
660.08	523.09
660.08	532.08
660.08	538.5
661.42	547.49
662.75	559.05
664.09	565.47
664.09	565.47
664.09	565.47
666.77	555.19
681.49	521.81
706.92	482
731.01	451.18
768.49	421.64
827.38	389.54
844.78	376.69
846.12	367.71
846.12	340.74
850.14	315.05
852.81	295.79
854.15	279.1
856.83	267.54
858.17	249.56
858.17	236.72
851.48	227.73
847.46	227.73
840.77	234.15
832.74	248.28
822.03	267.54
811.32	284.23
807.31	302.21
807.31	330.46
807.31	360
800.61	395.96
787.23	425.49
772.51	444.76
756.45	462.73
737.71	482
716.29	505.11
702.91	517.95
693.54	528.23
688.18	537.22
684.17	543.64
680.15	547.49
670.78	556.48
654.72	565.47
641.34	569.32
621.26	575.74
613.23	579.59
611.89	579.59
611.89	579.59
611.89	578.31
613.23	577.03
621.26	573.17
637.32	566.75
666.77	556.48
696.22	546.21
717.63	538.5
743.06	528.23
760.46	520.52
769.83	515.39
777.86	510.25
785.89	505.11
793.92	498.69
801.95	492.27
811.32	476.86
819.35	462.73
826.05	451.18
827.38	449.89
824.71	449.89
811.32	451.18
799.28	452.46
791.25	452.46
783.21	447.32
771.17	446.04
756.45	446.04
749.75	446.04
744.4	448.61
732.35	451.18
712.28	456.31
701.57	460.17
700.23	462.73
694.88	467.87
689.52	474.29
686.85	476.86
686.85	478.14
686.85	478.14
686.85	476.86
690.86	475.58
700.23	470.44
717.63	465.3
735.03	462.73
743.06	461.45
744.4	461.45
745.74	461.45
756.45	464.02
764.48	464.02
771.17	464.02
772.51	464.02
772.51	466.59
763.14	471.72
748.41	479.43
727	487.13
700.23	494.84
684.17	498.69
676.14	501.26
668.11	505.11
662.75	508.96
654.72	514.1
652.05	515.39
649.37	516.67
645.35	519.24
642.68	520.52
642.68	520.52
642.68	521.81
642.68	524.37
641.34	526.94
640	529.51
638.66	532.08
638.66	533.36
637.32	533.36
635.98	535.93
634.65	537.22
634.65	538.5
633.31	539.78
631.97	541.07
630.63	542.35
629.29	542.35
627.95	543.64
627.95	543.64
627.95	544.92
626.62	544.92
626.62	544.92
626.62	546.21
626.62	546.21
625.28	546.21
622.6	548.77
621.26	548.77
619.92	550.06
618.58	551.34
615.91	552.63
614.57	553.91
613.23	555.19
611.89	556.48
607.88	557.76
603.86	557.76
599.85	557.76
597.17	557.76
594.49	557.76
594.49	557.76
589.14	560.33
586.46	560.33
585.12	560.33
585.12	560.33
583.78	560.33
582.45	560.33
579.77	560.33
579.77	560.33
578.43	561.62
578.43	561.62
578.43	561.62
578.43	561.62
578.43	561.62
578.43	561.62
578.43	561.62
578.43	561.62
578.43	561.62
578.43	561.62
578.43	561.62
578.43	561.62
578.43	561.62
578.43	561.62
578.43	561.62
578.43	561.62
578.43	561.62
578.43	561.62
578.43	561.62
578.43	561.62
578.43	561.62
578.43	561.62
578.43	561.62
578.43	561.62
578.43	561.62
578.43	561.62
578.43	561.62
579.77	560.33
582.45	560.33
585.12	560.33
590.48	559.05
594.49	557.76
597.17	557.76
598.51	557.76
601.18	557.76
603.86	556.48
603.86	556.48
603.86	556.48
603.86	556.48
603.86	556.48
603.86	556.48
603.86	556.48
603.86	556.48
603.86	556.48
603.86	556.48
603.86	556.48
603.86	556.48
603.86	556.48
603.86	556.48
603.86	556.48
603.86	556.48
603.86	556.48
603.86	556.48
603.86	556.48
603.86	556.48
603.86	556.48
603.86	556.48
603.86	556.48
603.86	556.48
603.86	556.48
605.2	556.48
605.2	556.48
605.2	556.48
605.2	556.48
607.88	556.48
610.55	556.48
618.58	553.91
630.63	550.06
640	543.64
646.69	534.65
658.74	516.67
684.17	489.7
704.25	469.15
714.95	453.74
731.01	422.92
745.74	394.67
757.78	375.41
764.48	365.14
767.15	358.72
769.83	351.01
772.51	343.31
773.85	335.6
776.52	325.33
777.86	318.91
777.86	317.62
779.2	317.62
779.2	316.34
779.2	316.34
779.2	316.34
779.2	316.34
779.2	318.91
779.2	321.47
777.86	325.33
777.86	326.61
777.86	327.9
777.86	330.46
777.86	336.88
777.86	343.31
779.2	351.01
781.88	358.72
784.55	363.85
785.89	365.14
788.57	370.27
788.57	374.13
788.57	375.41
788.57	375.41
788.57	375.41
788.57	375.41
788.57	375.41
789.91	375.41
791.25	371.56
792.58	363.85
799.28	336.88
800.61	320.19
800.61	308.63
799.28	306.06
799.28	302.21
799.28	298.36
799.28	291.94
796.6	285.52
793.92	282.95
792.58	281.67
792.58	281.67
792.58	281.67
792.58	281.67
788.57	281.67
776.52	281.67
767.15	281.67
765.81	281.67
765.81	281.67
764.48	281.67
760.46	280.38
757.78	279.1
756.45	279.1
751.09	279.1
745.74	279.1
743.06	279.1
743.06	279.1
743.06	279.1
743.06	279.1
743.06	279.1
743.06	279.1
740.38	280.38
739.05	281.67
739.05	284.23
737.71	285.52
736.37	286.8
736.37	289.37
736.37	291.94
736.37	293.22
736.37	294.51
736.37	295.79
736.37	297.08
736.37	297.08
736.37	297.08
736.37	297.08
736.37	297.08
736.37	297.08
736.37	297.08
736.37	297.08
737.71	299.64
752.43	306.06
776.52	317.62
791.25	325.33
795.26	326.61
795.26	326.61
795.26	326.61
795.26	326.61
795.26	326.61
796.6	326.61
796.6	326.61
796.6	326.61
796.6	326.61
796.6	326.61
796.6	326.61
796.6	326.61
796.6	326.61
796.6	326.61
796.6	326.61
796.6	326.61
796.6	326.61
796.6	326.61
796.6	326.61
796.6	326.61
796.6	326.61
796.6	326.61
796.6	326.61
796.6	326.61
796.6	326.61
796.6	326.61
796.6	326.61
796.6	326.61
796.6	326.61
796.6	326.61
796.6	327.9
796.6	327.9
796.6	327.9
796.6	327.9
796.6	327.9
796.6	327.9
796.6	327.9
796.6	327.9
796.6	327.9
796.6	327.9
796.6	327.9
796.6	327.9
796.6	327.9
796.6	327.9
796.6	327.9
796.6	327.9
796.6	329.18
796.6	329.18
796.6	329.18
796.6	329.18
796.6	329.18
796.6	329.18
796.6	329.18
796.6	329.18
796.6	329.18
796.6	329.18
796.6	329.18
796.6	329.18
796.6	329.18
796.6	329.18
796.6	330.46
796.6	330.46
796.6	330.46
796.6	330.46
796.6	330.46
796.6	330.46
796.6	330.46
796.6	330.46
796.6	330.46
796.6	330.46
796.6	330.46
796.6	330.46
796.6	330.46
796.6	330.46
796.6	330.46
796.6	330.46
796.6	330.46
796.6	330.46
796.6	330.46
796.6	330.46
796.6	330.46
796.6	330.46
796.6	330.46
796.6	330.46
796.6	330.46
796.6	330.46
796.6	330.46
796.6	330.46
796.6	330.46
796.6	330.46
796.6	330.46
796.6	330.46
796.6	330.46
795.26	330.46
795.26	330.46
795.26	330.46
795.26	330.46
795.26	330.46
795.26	330.46
795.26	330.46
795.26	330.46
795.26	330.46
795.26	330.46
795.26	330.46
795.26	330.46
795.26	330.46
795.26	330.46
795.26	330.46
795.26	330.46
795.26	330.46
791.25	330.46
783.21	331.75
776.52	331.75
769.83	333.03
759.12	333.03
739.05	333.03
722.98	333.03
704.25	335.6
677.48	340.74
658.74	344.59
644.02	347.16
629.29	349.73
605.2	352.29
585.12	353.58
558.35	357.43
519.54	358.72
486.08	360
456.63	361.28
429.86	366.42
415.14	368.99
403.09	370.27
388.37	372.84
364.28	372.84
345.54	372.84
326.8	374.13
313.42	374.13
296.02	375.41
287.99	376.69
283.97	376.69
277.28	376.69
269.25	376.69
263.89	376.69
263.89	376.69
267.91	376.69
279.96	376.69
301.37	375.41
340.19	370.27
368.29	366.42
395.06	363.85
412.46	361.28
431.2	358.72
452.62	356.15
471.35	354.86
487.42	353.58
500.8	352.29
518.2	351.01
534.26	349.73
546.31	349.73
561.03	349.73
575.75	349.73
594.49	349.73
613.23	353.58
631.97	360
642.68	368.99
650.71	377.98
658.74	388.25
662.75	401.09
665.43	412.65
669.45	421.64
674.8	428.06
684.17	435.77
698.89	442.19
724.32	449.89
739.05	453.74
759.12	455.03
787.23	461.45
801.95	469.15
820.69	476.86
854.15	484.57
880.92	492.27
895.64	497.41
903.68	502.54
923.75	511.53
938.48	517.95
959.89	524.37
977.29	529.51
996.03	535.93
1006.74	539.78
1012.09	541.07
1013.43	542.35
1013.43	542.35
1013.43	542.35
1013.43	542.35
1009.41	542.35
993.35	542.35
961.23	541.07
925.09	541.07
910.37	541.07
903.68	541.07
899.66	541.07
892.97	539.78
886.28	539.78
876.91	538.5
868.88	537.22
859.51	535.93
852.81	534.65
848.8	534.65
843.45	533.36
838.09	530.8
836.75	529.51
838.09	526.94
854.15	520.52
875.57	515.39
911.71	505.11
939.81	501.26
954.54	499.98
970.6	497.41
988	494.84
1004.06	492.27
1018.78	489.7
1033.51	485.85
1050.91	479.43
1062.95	473.01
1068.31	467.87
1072.32	462.73
1080.35	452.46
1089.72	443.47
1092.4	435.77
1093.74	430.63
1099.09	421.64
1105.78	407.51
1111.14	394.67
1117.83	379.26
1121.84	362.57
1123.18	347.16
1123.18	334.32
1116.49	322.76
1111.14	316.34
1104.44	313.77
1099.09	313.77
1083.03	313.77
1077.67	312.49
1077.67	312.49
1077.67	312.49
1077.67	312.49
1077.67	312.49
1072.32	311.2
1065.63	311.2
1060.27	311.2
1057.6	311.2
1046.89	311.2
1025.48	311.2
1005.4	309.92
1000.04	309.92
994.69	309.92
982.64	309.92
971.94	309.92
958.55	309.92
942.49	311.2
926.43	311.2
913.04	312.49
902.34	315.05
891.63	316.34
886.28	317.62
883.6	318.91
874.23	318.91
855.49	321.47
842.11	322.76
834.08	322.76
824.71	326.61
811.32	330.46
796.6	334.32
789.91	336.88
785.89	339.45
779.2	340.74
765.81	343.31
752.43	347.16
743.06	349.73
739.05	351.01
729.68	353.58
721.65	354.86
709.6	357.43
697.55	358.72
682.83	361.28
676.14	361.28
666.77	361.28
657.4	361.28
648.03	361.28
645.35	361.28
641.34	361.28
635.98	360
630.63	358.72
627.95	356.15
623.94	347.16
623.94	342.02
623.94	325.33
623.94	309.92
623.94	291.94
625.28	275.24
634.65	257.27
642.68	243.14
648.03	230.3
652.05	217.46
657.4	203.33
662.75	190.49
673.46	169.94
680.15	160.95
684.17	155.82
686.85	154.53
688.18	153.25
689.52	153.25
690.86	153.25
696.22	151.96
701.57	151.96
705.58	151.96
712.28	149.4
728.34	145.54
748.41	141.69
761.8	140.41
772.51	139.12
780.54	139.12
791.25	139.12
805.97	139.12
838.09	139.12
854.15	140.41
867.54	144.26
884.94	148.11
906.35	153.25
922.41	158.38
923.75	164.81
922.41	172.51
914.38	187.92
905.01	204.61
895.64	217.46
894.31	221.31
894.31	222.59
892.97	223.88
887.61	225.16
875.57	225.16
855.49	226.45
846.12	229.01
835.41	230.3
827.38	230.3
820.69	230.3
818.01	225.16
815.34	220.02
812.66	213.6
808.65	202.05
805.97	194.34
801.95	185.35
795.26	176.36
791.25	171.23
789.91	164.81
789.91	155.82
789.91	149.4
793.92	142.97
799.28	135.27
808.65	127.56
815.34	121.14
820.69	114.72
824.71	112.15
827.38	108.3
832.74	107.02
836.75	105.73
840.77	105.73
850.14	110.87
866.2	119.86
886.28	132.7
894.31	139.12
896.98	142.97
899.66	150.68
903.68	162.24
910.37	171.23
917.06	182.78
921.08	195.63
923.75	203.33
925.09	211.04
927.77	218.74
927.77	222.59
929.11	223.88
930.44	223.88
931.78	223.88
938.48	225.16
946.51	227.73
954.54	231.58
959.89	234.15
962.57	236.72
962.57	239.29
959.89	243.14
946.51	252.13
917.06	272.68
890.29	293.22
866.2	318.91
851.48	334.32
838.09	343.31
822.03	353.58
809.98	366.42
803.29	379.26
796.6	389.54
788.57	401.09
780.54	410.08
776.52	413.94
761.8	421.64
752.43	425.49
745.74	428.06
739.05	430.63
731.01	431.91
724.32	431.91
716.29	431.91
708.26	431.91
700.23	431.91
693.54	433.2
688.18	435.77
680.15	435.77
678.82	435.77
676.14	435.77
670.78	435.77
665.43	435.77
662.75	435.77
661.42	435.77
658.74	435.77
656.06	435.77
652.05	435.77
645.35	435.77
642.68	435.77
641.34	437.05
640	437.05
637.32	438.33
635.98	438.33
635.98	438.33
634.65	438.33
629.29	439.62
622.6	439.62
618.58	439.62
611.89	440.9
605.2	440.9
602.52	442.19
601.18	442.19
599.85	442.19
598.51	442.19
598.51	442.19
597.17	442.19
597.17	442.19
597.17	442.19
597.17	442.19
597.17	442.19
595.83	442.19
591.82	443.47
589.14	443.47
587.8	444.76
586.46	444.76
586.46	444.76
586.46	444.76
586.46	444.76
585.12	444.76
583.78	446.04
581.11	446.04
579.77	446.04
577.09	447.32
575.75	447.32
570.4	447.32
567.72	447.32
566.38	447.32
561.03	448.61
557.02	449.89
554.34	449.89
553	449.89
548.99	449.89
546.31	451.18
542.29	451.18
539.62	451.18
535.6	452.46
531.59	453.74
530.25	453.74
527.57	453.74
526.23	453.74
523.55	453.74
520.88	453.74
519.54	453.74
518.2	453.74
516.86	453.74
515.52	453.74
510.17	452.46
510.17	452.46
510.17	452.46
510.17	452.46
510.17	451.18
508.83	449.89
508.83	449.89
508.83	448.61
508.83	447.32
508.83	444.76
508.83	443.47
508.83	442.19
508.83	439.62
510.17	437.05
516.86	433.2
535.6	426.78
554.34	424.21
562.37	424.21
566.38	421.64
569.06	420.36
574.42	419.07
582.45	417.79
591.82	416.5
595.83	416.5
599.85	416.5
601.18	416.5
601.18	416.5
601.18	416.5
601.18	415.22
602.52	415.22
602.52	413.94
603.86	413.94
603.86	412.65
603.86	412.65
603.86	412.65
603.86	412.65
603.86	412.65
603.86	411.37
603.86	410.08
605.2	408.8
607.88	404.95
611.89	402.38
613.23	401.09
613.23	399.81
613.23	399.81
613.23	398.53
614.57	394.67
614.57	390.82
614.57	385.68
614.57	381.83
614.57	379.26
614.57	375.41
614.57	372.84
613.23	368.99
611.89	365.14
610.55	358.72
609.22	352.29
606.54	345.87
603.86	338.17
602.52	335.6
602.52	334.32
599.85	329.18
598.51	324.04
595.83	320.19
594.49	316.34
593.15	311.2
591.82	309.92
590.48	307.35
589.14	306.06
587.8	304.78
586.46	302.21
585.12	300.93
585.12	299.64
583.78	298.36
583.78	298.36
583.78	297.08
583.78	297.08
582.45	295.79
581.11	294.51
581.11	293.22
579.77	291.94
578.43	290.65
578.43	289.37
577.09	289.37
577.09	289.37
577.09	289.37
577.09	289.37
577.09	289.37
577.09	289.37
575.75	289.37
574.42	288.09
573.08	286.8
571.74	286.8
571.74	285.52
570.4	285.52
570.4	285.52
570.4	285.52
570.4	285.52
570.4	285.52
570.4	285.52
570.4	285.52
570.4	285.52
570.4	285.52
570.4	285.52
570.4	285.52
569.06	284.23
566.38	282.95
563.71	281.67
563.71	281.67
562.37	281.67
562.37	281.67
559.69	281.67
558.35	280.38
557.02	280.38
554.34	280.38
553	279.1
551.66	279.1
550.32	279.1
547.65	277.81
546.31	277.81
543.63	276.53
542.29	276.53
540.95	276.53
539.62	275.24
536.94	275.24
534.26	273.96
532.92	272.68
531.59	272.68
530.25	272.68
530.25	271.39
528.91	271.39
527.57	271.39
527.57	270.11
526.23	270.11
526.23	270.11
524.89	270.11
524.89	270.11
524.89	270.11
524.89	270.11
524.89	270.11
524.89	270.11
524.89	270.11
524.89	270.11
524.89	270.11
524.89	270.11
524.89	270.11
524.89	270.11
524.89	270.11
524.89	270.11
520.88	268.82
515.52	268.82
511.51	268.82
507.49	268.82
504.82	271.39
503.48	271.39
503.48	271.39
503.48	271.39
503.48	271.39
503.48	271.39
503.48	271.39
503.48	271.39
503.48	271.39
503.48	271.39
503.48	271.39
503.48	271.39
503.48	271.39
503.48	271.39
503.48	271.39
503.48	271.39
503.48	271.39
503.48	271.39
503.48	271.39
503.48	271.39
503.48	271.39
503.48	271.39
503.48	271.39
503.48	271.39
503.48	271.39
503.48	271.39
503.48	271.39
503.48	271.39
503.48	271.39
503.48	271.39
503.48	271.39
503.48	271.39
503.48	271.39
503.48	271.39
503.48	271.39
503.48	271.39
503.48	271.39
503.48	271.39
503.48	271.39
503.48	271.39
503.48	271.39
503.48	271.39
503.48	271.39
503.48	271.39
503.48	271.39
503.48	271.39
503.48	271.39
506.15	272.68
514.19	275.24
520.88	277.81
522.22	280.38
523.55	286.8
522.22	304.78
524.89	317.62
528.91	324.04
531.59	325.33
531.59	325.33
534.26	327.9
539.62	335.6
551.66	360
561.03	375.41
569.06	383.12
574.42	385.68
582.45	386.97
590.48	386.97
598.51	386.97
611.89	384.4
627.95	381.83
642.68	375.41
645.35	371.56
646.69	367.71
648.03	362.57
648.03	362.57
648.03	361.28
648.03	361.28
648.03	362.57
649.37	367.71
649.37	372.84
650.71	379.26
650.71	386.97
653.38	392.1
656.06	398.53
660.08	403.66
664.09	406.23
668.11	407.51
670.78	407.51
684.17	404.95
706.92	399.81
720.31	399.81
729.68	397.24
741.72	394.67
751.09	393.39
756.45	393.39
759.12	393.39
760.46	392.1
761.8	392.1
763.14	390.82
763.14	388.25
759.12	386.97
749.75	386.97
745.74	388.25
743.06	388.25
741.72	389.54
740.38	389.54
739.05	389.54
739.05	388.25
737.71	385.68
737.71	383.12
736.37	380.55
735.03	379.26
733.69	377.98
731.01	377.98
729.68	377.98
724.32	377.98
718.97	377.98
713.62	377.98
702.91	377.98
692.2	377.98
684.17	377.98
681.49	377.98
678.82	376.69
670.78	374.13
662.75	374.13
657.4	374.13
653.38	374.13
650.71	374.13
646.69	374.13
644.02	374.13
638.66	372.84
630.63	371.56
623.94	371.56
622.6	371.56
622.6	371.56
622.6	371.56
622.6	371.56
622.6	371.56
622.6	370.27
623.94	370.27
625.28	370.27
626.62	370.27
627.95	371.56
629.29	372.84
629.29	372.84
629.29	372.84
629.29	374.13
627.95	375.41
627.95	376.69
626.62	376.69
625.28	376.69
622.6	377.98
617.25	377.98
615.91	377.98
615.91	377.98
615.91	377.98
615.91	377.98
615.91	377.98
615.91	377.98
615.91	377.98
615.91	377.98
615.91	377.98
615.91	377.98
615.91	377.98
615.91	377.98
615.91	377.98
615.91	379.26
615.91	379.26
615.91	380.55
615.91	381.83
615.91	381.83
615.91	381.83
617.25	381.83
617.25	381.83
617.25	381.83
617.25	383.12
617.25	383.12
617.25	383.12
617.25	383.12
617.25	383.12
617.25	383.12
617.25	383.12
617.25	383.12
617.25	383.12
617.25	383.12
617.25	383.12
618.58	383.12
623.94	383.12
634.65	383.12
645.35	383.12
652.05	383.12
654.72	381.83
654.72	380.55
654.72	380.55
656.06	380.55
656.06	380.55
656.06	380.55
656.06	380.55
656.06	380.55
656.06	380.55
656.06	380.55
656.06	380.55
656.06	380.55
656.06	380.55
656.06	380.55
656.06	380.55
656.06	380.55
656.06	380.55
650.71	380.55
645.35	383.12
641.34	384.4
635.98	386.97
622.6	390.82
602.52	394.67
582.45	398.53
571.74	399.81
566.38	399.81
565.05	401.09
563.71	401.09
563.71	401.09
563.71	401.09
563.71	401.09
563.71	401.09
563.71	401.09
563.71	401.09
563.71	401.09
563.71	401.09
563.71	401.09
563.71	401.09
563.71	402.38
563.71	402.38
563.71	402.38
563.71	403.66
563.71	403.66
566.38	403.66
573.08	403.66
582.45	403.66
585.12	402.38
586.46	402.38
586.46	402.38
586.46	402.38
587.8	402.38
593.15	403.66
597.17	406.23
597.17	406.23
597.17	407.51
597.17	408.8
598.51	411.37
598.51	412.65
599.85	415.22
601.18	416.5
606.54	419.07
614.57	421.64
623.94	422.92
629.29	422.92
630.63	422.92
631.97	421.64
631.97	421.64
633.31	420.36
634.65	419.07
637.32	416.5
638.66	416.5
642.68	415.22
642.68	413.94
642.68	412.65
637.32	410.08
627.95	410.08
601.18	410.08
583.78	411.37
578.43	411.37
573.08	411.37
567.72	411.37
553	411.37
542.29	410.08
542.29	408.8
542.29	408.8
542.29	408.8
542.29	408.8
542.29	408.8
542.29	408.8
542.29	408.8
540.95	407.51
538.28	406.23
535.6	406.23
524.89	404.95
504.82	403.66
487.42	402.38
471.35	401.09
452.62	401.09
436.55	399.81
432.54	399.81
431.2	399.81
431.2	399.81
431.2	399.81
431.2	399.81
432.54	399.81
435.22	399.81
435.22	399.81
435.22	399.81
433.88	402.38
427.19	404.95
416.48	408.8
403.09	411.37
388.37	415.22
377.66	416.5
372.31	416.5
369.63	416.5
364.28	417.79
358.92	420.36
354.91	422.92
353.57	425.49
353.57	428.06
353.57	430.63
353.57	433.2
353.57	433.2
352.23	434.48
349.56	439.62
346.88	446.04
345.54	451.18
345.54	453.74
345.54	460.17
346.88	464.02
350.89	465.3
352.23	466.59
354.91	467.87
357.59	470.44
358.92	473.01
360.26	474.29
360.26	475.58
360.26	476.86
358.92	479.43
354.91	482
353.57	484.57
353.57	485.85
353.57	485.85
354.91	487.13
361.6	488.42
376.32	489.7
383.02	490.99
384.36	490.99
384.36	490.99
385.69	490.99
385.69	490.99
387.03	490.99
388.37	490.99
389.71	490.99
391.05	489.7
393.72	488.42
396.4	488.42
396.4	487.13
396.4	487.13
397.74	487.13
399.08	485.85
404.43	484.57
416.48	482
423.17	479.43
425.85	478.14
427.19	476.86
428.52	476.86
428.52	475.58
432.54	474.29
436.55	470.44
444.59	467.87
453.95	465.3
460.65	462.73
472.69	457.6
482.06	456.31
490.09	455.03
503.48	453.74
518.2	452.46
530.25	449.89
544.97	448.61
553	447.32
555.68	446.04
557.02	446.04
557.02	444.76
559.69	444.76
563.71	443.47
571.74	440.9
578.43	439.62
582.45	439.62
586.46	439.62
591.82	439.62
597.17	439.62
601.18	439.62
606.54	439.62
610.55	439.62
614.57	439.62
617.25	439.62
619.92	439.62
622.6	439.62
625.28	439.62
626.62	439.62
627.95	439.62
630.63	439.62
631.97	439.62
633.31	439.62
635.98	439.62
640	438.33
642.68	438.33
646.69	437.05
650.71	437.05
654.72	437.05
658.74	435.77
661.42	435.77
665.43	435.77
666.77	435.77
669.45	435.77
670.78	435.77
672.12	435.77
677.48	434.48
682.83	433.2
684.17	431.91
684.17	431.91
685.51	430.63
685.51	430.63
686.85	429.35
686.85	429.35
688.18	429.35
688.18	429.35
689.52	428.06
692.2	426.78
693.54	425.49
694.88	425.49
694.88	424.21
696.22	424.21
696.22	424.21
696.22	422.92
696.22	422.92
696.22	422.92
696.22	422.92
696.22	422.92
696.22	422.92
697.55	422.92
698.89	421.64
700.23	421.64
700.23	420.36
702.91	420.36
704.25	420.36
705.58	420.36
705.58	420.36
706.92	420.36
706.92	420.36
706.92	420.36
706.92	420.36
706.92	420.36
706.92	421.64
702.91	425.49
693.54	431.91
684.17	437.05
668.11	444.76
642.68	456.31
633.31	461.45
627.95	465.3
623.94	469.15
615.91	471.72
602.52	476.86
589.14	479.43
566.38	485.85
551.66	492.27
544.97	494.84
539.62	497.41
534.26	501.26
524.89	505.11
518.2	506.4
512.85	508.96
506.15	511.53
495.45	515.39
487.42	517.95
482.06	517.95
475.37	517.95
466	519.24
459.31	519.24
456.63	519.24
456.63	519.24
455.29	519.24
453.95	519.24
453.95	517.95
453.95	516.67
455.29	515.39
461.99	512.82
468.68	511.53
470.02	510.25
474.03	507.68
479.39	503.83
483.4	498.69
488.75	492.27
502.14	480.71
512.85	471.72
522.22	464.02
532.92	456.31
554.34	448.61
565.05	446.04
573.08	444.76
585.12	443.47
591.82	443.47
598.51	443.47
605.2	442.19
611.89	439.62
619.92	437.05
631.97	433.2
640	429.35
641.34	428.06
641.34	424.21
641.34	415.22
641.34	408.8
641.34	403.66
641.34	399.81
641.34	398.53
641.34	398.53
641.34	398.53
641.34	398.53
641.34	398.53
641.34	398.53
635.98	398.53
625.28	402.38
617.25	404.95
613.23	407.51
610.55	407.51
610.55	407.51
609.22	407.51
609.22	408.8
609.22	408.8
614.57	408.8
627.95	410.08
645.35	410.08
657.4	410.08
670.78	410.08
700.23	410.08
727	407.51
757.78	403.66
776.52	401.09
789.91	401.09
800.61	401.09
812.66	401.09
826.05	402.38
836.75	402.38
850.14	402.38
859.51	399.81
860.85	399.81
862.18	398.53
862.18	398.53
862.18	398.53
863.52	398.53
864.86	398.53
872.89	397.24
875.57	397.24
876.91	395.96
876.91	395.96
878.24	395.96
883.6	395.96
887.61	395.96
887.61	395.96
888.95	395.96
888.95	395.96
888.95	398.53
890.29	398.53
891.63	399.81
894.31	401.09
895.64	401.09
898.32	401.09
899.66	401.09
899.66	401.09
899.66	403.66
898.32	404.95
896.98	407.51
895.64	407.51
895.64	407.51
895.64	407.51
895.64	407.51
894.31	407.51
891.63	407.51
891.63	408.8
890.29	408.8
888.95	408.8
883.6	408.8
876.91	408.8
872.89	408.8
870.21	408.8
866.2	408.8
855.49	408.8
843.45	406.23
832.74	403.66
811.32	395.96
788.57	388.25
767.15	380.55
748.41	374.13
736.37	367.71
731.01	362.57
725.66	357.43
720.31	354.86
717.63	352.29
714.95	352.29
713.62	351.01
712.28	348.44
710.94	345.87
709.6	344.59
709.6	343.31
709.6	343.31
709.6	343.31
709.6	343.31
709.6	343.31
714.95	347.16
725.66	352.29
740.38	356.15
749.75	358.72
755.11	360
760.46	361.28
767.15	362.57
777.86	365.14
788.57	367.71
800.61	368.99
807.31	370.27
808.65	371.56
809.98	371.56
811.32	371.56
812.66	372.84
812.66	372.84
812.66	372.84
812.66	372.84
812.66	372.84
812.66	372.84
812.66	372.84
812.66	372.84
812.66	372.84
812.66	372.84
812.66	372.84
812.66	372.84
812.66	372.84
812.66	372.84
812.66	372.84
812.66	372.84
812.66	372.84
812.66	372.84
812.66	372.84
812.66	372.84
812.66	372.84
812.66	372.84
812.66	372.84
812.66	372.84
812.66	372.84
812.66	372.84
812.66	372.84
812.66	372.84
812.66	372.84
812.66	372.84
812.66	372.84
812.66	372.84
812.66	372.84
812.66	372.84
812.66	372.84
812.66	372.84
812.66	372.84
812.66	372.84
809.98	372.84
805.97	372.84
804.63	372.84
804.63	372.84
804.63	372.84
804.63	372.84
804.63	371.56
805.97	371.56
809.98	370.27
815.34	368.99
820.69	367.71
824.71	365.14
826.05	363.85
827.38	361.28
828.72	360
831.4	356.15
832.74	352.29
834.08	347.16
834.08	344.59
834.08	343.31
834.08	342.02
834.08	340.74
834.08	340.74
834.08	340.74
834.08	340.74
834.08	340.74
834.08	340.74
834.08	340.74
834.08	340.74
832.74	340.74
831.4	340.74
828.72	340.74
820.69	340.74
811.32	340.74
803.29	340.74
800.61	340.74
800.61	340.74
800.61	340.74
800.61	340.74
800.61	340.74
801.95	340.74
804.63	343.31
812.66	345.87
818.01	349.73
822.03	352.29
826.05	357.43
827.38	361.28
828.72	366.42
832.74	372.84
835.41	375.41
836.75	376.69
838.09	379.26
839.43	381.83
840.77	384.4
842.11	385.68
843.45	389.54
847.46	393.39
850.14	397.24
850.14	397.24
850.14	397.24
850.14	398.53
851.48	399.81
851.48	399.81
851.48	399.81
851.48	399.81
851.48	399.81
851.48	399.81
851.48	399.81
851.48	399.81
851.48	399.81
851.48	399.81
851.48	399.81
851.48	399.81
851.48	399.81
851.48	399.81
851.48	399.81
851.48	399.81
851.48	399.81
851.48	399.81
851.48	399.81
851.48	399.81
851.48	399.81
851.48	399.81
851.48	399.81
851.48	401.09
836.75	406.23
805.97	410.08
775.18	415.22
749.75	420.36
721.65	428.06
696.22	429.35
677.48	430.63
656.06	434.48
626.62	439.62
614.57	443.47
606.54	449.89
593.15	455.03
578.43	456.31
558.35	456.31
538.28	455.03
520.88	455.03
514.19	456.31
507.49	458.88
499.46	461.45
482.06	462.73
468.68	462.73
451.28	461.45
439.23	457.6
433.88	455.03
428.52	453.74
424.51	452.46
415.14	447.32
408.45	442.19
401.76	437.05
397.74	434.48
396.4	430.63
396.4	429.35
396.4	429.35
396.4	429.35
396.4	426.78
396.4	425.49
396.4	422.92
396.4	421.64
396.4	421.64
396.4	421.64
396.4	420.36
396.4	419.07
396.4	416.5
397.74	415.22
397.74	413.94
399.08	412.65
400.42	410.08
403.09	408.8
404.43	407.51
407.11	406.23
411.12	403.66
413.8	401.09
417.82	401.09
419.15	399.81
420.49	399.81
420.49	399.81
420.49	398.53
420.49	398.53
420.49	397.24
420.49	395.96
420.49	395.96
419.15	394.67
417.82	394.67
416.48	393.39
412.46	393.39
409.79	393.39
408.45	393.39
408.45	393.39
407.11	393.39
405.77	393.39
405.77	393.39
405.77	393.39
405.77	393.39
405.77	393.39
405.77	393.39
407.11	393.39
411.12	392.1
417.82	392.1
421.83	392.1
423.17	390.82
423.17	390.82
423.17	390.82
423.17	390.82
423.17	390.82
423.17	390.82
423.17	389.54
423.17	389.54
423.17	388.25
423.17	386.97
423.17	386.97
423.17	385.68
423.17	384.4
423.17	384.4
424.51	384.4
428.52	383.12
433.88	381.83
437.89	380.55
440.57	380.55
441.91	380.55
447.26	380.55
451.28	380.55
455.29	379.26
457.97	379.26
464.66	377.98
468.68	376.69
471.35	376.69
472.69	376.69
474.03	376.69
475.37	375.41
478.05	375.41
482.06	375.41
486.08	375.41
490.09	375.41
491.43	375.41
494.11	375.41
495.45	375.41
496.79	375.41
496.79	375.41
496.79	376.69
496.79	377.98
496.79	380.55
496.79	383.12
495.45	384.4
494.11	385.68
494.11	386.97
494.11	386.97
496.79	386.97
503.48	386.97
523.55	384.4
536.94	383.12
538.28	383.12
538.28	383.12
539.62	383.12
546.31	383.12
557.02	383.12
571.74	383.12
581.11	384.4
586.46	384.4
591.82	385.68
594.49	385.68
598.51	385.68
606.54	385.68
615.91	385.68
622.6	385.68
631.97	385.68
640	384.4
644.02	384.4
645.35	384.4
645.35	384.4
646.69	383.12
648.03	381.83
650.71	380.55
653.38	379.26
658.74	376.69
664.09	374.13
668.11	372.84
669.45	372.84
669.45	371.56
669.45	371.56
669.45	371.56
669.45	371.56
669.45	371.56
669.45	371.56
669.45	371.56
669.45	371.56
669.45	371.56
669.45	371.56
669.45	371.56
