0	0
0	0
0	0
0	0
0	0
0	0
0	0
0	0
0	0
0	0
0	0
0	0
0	0
0	0
0	0
637.89	407.89
646.32	414.58
665.26	441.31
669.48	447.99
669.48	450.22
671.58	450.22
675.79	450.22
684.21	452.45
688.42	452.45
688.42	452.45
688.42	452.45
688.42	452.45
688.42	452.45
688.42	450.22
688.42	445.76
688.42	445.76
688.42	445.76
688.42	445.76
688.42	445.76
688.42	445.76
688.42	445.76
688.42	445.76
688.42	445.76
688.42	445.76
688.42	445.76
688.42	445.76
688.42	445.76
688.42	445.76
688.42	445.76
688.42	445.76
688.42	445.76
688.42	445.76
688.42	445.76
688.42	445.76
688.42	445.76
688.42	445.76
688.42	445.76
688.42	445.76
694.74	456.9
696.84	468.04
703.16	481.41
705.27	488.09
705.27	488.09
705.27	488.09
705.27	488.09
705.27	488.09
705.27	488.09
705.27	488.09
705.27	488.09
705.27	488.09
705.27	488.09
707.37	485.86
707.37	476.95
707.37	461.36
707.37	459.13
707.37	459.13
707.37	459.13
707.37	459.13
707.37	459.13
707.37	459.13
707.37	459.13
707.37	459.13
707.37	459.13
707.37	459.13
707.37	459.13
707.37	459.13
707.37	459.13
707.37	459.13
707.37	459.13
707.37	459.13
707.37	459.13
707.37	459.13
707.37	459.13
707.37	459.13
707.37	459.13
707.37	459.13
707.37	459.13
707.37	459.13
707.37	459.13
707.37	459.13
707.37	459.13
707.37	459.13
707.37	459.13
707.37	459.13
707.37	459.13
707.37	459.13
707.37	459.13
707.37	459.13
707.37	459.13
707.37	459.13
707.37	459.13
707.37	459.13
707.37	459.13
707.37	459.13
707.37	459.13
707.37	459.13
705.27	454.67
694.74	454.67
684.21	445.76
682.11	443.54
682.11	441.31
686.32	434.63
701.06	425.71
717.9	414.58
720	414.58
720	414.58
720	414.58
720	414.58
720	403.44
720	385.62
720	376.71
717.9	372.25
715.79	370.02
715.79	367.8
711.58	356.66
707.37	347.75
703.16	336.61
701.06	329.93
698.95	327.7
698.95	321.02
698.95	318.79
707.37	298.74
717.9	280.92
726.32	265.33
730.53	256.42
732.64	247.51
734.74	234.14
734.74	220.77
734.74	218.55
736.85	207.41
738.95	187.36
751.58	160.63
757.9	153.95
762.11	151.72
770.53	147.26
804.22	138.35
827.38	136.12
833.69	133.9
833.69	133.9
833.69	133.9
833.69	133.9
833.69	133.9
833.69	133.9
831.59	140.58
825.27	153.95
814.75	171.77
808.43	191.81
802.11	214.09
800.01	234.14
800.01	251.96
800.01	265.33
797.9	289.83
797.9	300.97
800.01	314.33
800.01	318.79
802.11	336.61
806.32	345.52
808.43	354.43
810.53	358.89
812.64	361.11
816.85	358.89
825.27	358.89
844.22	354.43
854.75	354.43
875.8	354.43
882.12	352.2
884.22	352.2
886.33	347.75
886.33	347.75
886.33	347.75
886.33	343.29
886.33	341.07
886.33	341.07
888.43	338.84
890.54	336.61
890.54	336.61
892.64	334.38
892.64	334.38
892.64	334.38
892.64	334.38
892.64	325.47
892.64	314.33
892.64	307.65
892.64	307.65
892.64	307.65
892.64	307.65
888.43	307.65
871.59	307.65
854.75	307.65
852.64	307.65
852.64	307.65
852.64	307.65
852.64	307.65
852.64	307.65
852.64	309.88
850.54	312.11
850.54	312.11
850.54	314.33
846.33	314.33
837.9	321.02
837.9	321.02
808.43	327.7
808.43	329.93
804.22	329.93
804.22	332.15
804.22	332.15
804.22	332.15
804.22	332.15
804.22	332.15
797.9	332.15
770.53	332.15
764.22	332.15
764.22	332.15
764.22	332.15
764.22	332.15
764.22	332.15
764.22	332.15
764.22	332.15
764.22	332.15
764.22	332.15
764.22	332.15
764.22	332.15
764.22	332.15
764.22	332.15
764.22	332.15
764.22	332.15
764.22	332.15
764.22	332.15
760.01	332.15
753.69	336.61
738.95	345.52
726.32	352.2
726.32	354.43
726.32	354.43
724.21	354.43
724.21	354.43
724.21	358.89
726.32	361.11
730.53	361.11
732.64	361.11
732.64	361.11
732.64	361.11
732.64	361.11
732.64	361.11
734.74	361.11
738.95	361.11
743.16	361.11
747.37	361.11
747.37	361.11
749.48	361.11
751.58	358.89
757.9	354.43
770.53	347.75
772.64	347.75
772.64	347.75
772.64	347.75
772.64	347.75
764.22	338.84
749.48	334.38
747.37	332.15
747.37	332.15
747.37	332.15
747.37	332.15
747.37	332.15
747.37	332.15
749.48	329.93
764.22	327.7
768.43	327.7
770.53	327.7
770.53	327.7
770.53	327.7
770.53	327.7
770.53	327.7
770.53	327.7
770.53	327.7
770.53	327.7
770.53	327.7
770.53	327.7
770.53	327.7
770.53	327.7
770.53	327.7
770.53	327.7
770.53	327.7
766.32	332.15
764.22	336.61
757.9	347.75
747.37	367.8
715.79	412.35
711.58	419.03
711.58	421.26
705.27	425.71
701.06	427.94
696.84	430.17
694.74	430.17
694.74	430.17
694.74	430.17
690.53	430.17
680	430.17
661.05	430.17
656.84	430.17
656.84	430.17
656.84	430.17
656.84	430.17
656.84	430.17
656.84	430.17
656.84	430.17
656.84	427.94
656.84	427.94
663.16	414.58
669.48	407.89
669.48	401.21
669.48	401.21
669.48	398.98
667.37	398.98
663.16	398.98
658.95	396.76
646.32	392.3
644.21	392.3
642.11	390.07
640	387.85
637.89	385.62
637.89	383.39
637.89	383.39
637.89	383.39
637.89	383.39
637.89	383.39
637.89	383.39
637.89	383.39
640	381.16
646.32	378.93
650.53	374.48
663.16	367.8
671.58	361.11
684.21	354.43
688.42	354.43
696.84	347.75
701.06	343.29
728.43	321.02
732.64	321.02
734.74	321.02
734.74	321.02
734.74	321.02
741.06	321.02
751.58	323.24
755.8	323.24
755.8	323.24
751.58	325.47
745.27	325.47
732.64	325.47
720	325.47
720	325.47
720	325.47
720	325.47
707.37	327.7
705.27	327.7
705.27	329.93
705.27	329.93
705.27	329.93
705.27	329.93
705.27	329.93
707.37	329.93
711.58	327.7
713.69	327.7
713.69	327.7
713.69	327.7
713.69	327.7
713.69	327.7
713.69	327.7
713.69	325.47
713.69	325.47
720	323.24
720	321.02
730.53	318.79
736.85	314.33
736.85	314.33
738.95	314.33
741.06	312.11
751.58	309.88
764.22	307.65
776.85	303.2
783.17	300.97
783.17	300.97
785.27	296.51
787.38	292.06
791.59	285.37
795.8	283.15
797.9	278.69
800.01	276.46
800.01	276.46
800.01	276.46
800.01	276.46
800.01	276.46
800.01	276.46
800.01	276.46
800.01	276.46
800.01	276.46
800.01	276.46
800.01	276.46
800.01	276.46
800.01	276.46
800.01	276.46
800.01	274.24
800.01	274.24
800.01	274.24
800.01	274.24
800.01	274.24
800.01	274.24
800.01	272.01
800.01	267.55
800.01	267.55
800.01	265.33
797.9	260.87
795.8	258.64
791.59	256.42
789.48	256.42
789.48	256.42
785.27	256.42
785.27	254.19
783.17	254.19
781.06	254.19
778.95	254.19
776.85	254.19
776.85	254.19
776.85	254.19
776.85	254.19
776.85	254.19
776.85	254.19
776.85	254.19
776.85	254.19
776.85	254.19
776.85	254.19
776.85	254.19
776.85	254.19
776.85	254.19
776.85	254.19
776.85	254.19
776.85	254.19
776.85	254.19
776.85	254.19
776.85	254.19
776.85	254.19
776.85	254.19
776.85	254.19
776.85	254.19
776.85	254.19
776.85	254.19
776.85	254.19
776.85	254.19
772.64	254.19
762.11	254.19
694.74	254.19
675.79	254.19
669.48	254.19
669.48	254.19
671.58	254.19
671.58	254.19
671.58	254.19
671.58	254.19
671.58	254.19
671.58	254.19
663.16	256.42
656.84	260.87
618.95	278.69
574.73	296.51
553.68	305.42
549.47	307.65
549.47	307.65
549.47	307.65
549.47	307.65
549.47	307.65
545.26	314.33
543.15	318.79
530.52	329.93
526.31	334.38
522.1	338.84
517.89	343.29
471.57	358.89
471.57	358.89
461.04	361.11
461.04	361.11
456.83	361.11
452.62	361.11
435.78	361.11
416.83	361.11
395.78	367.8
395.78	367.8
376.83	374.48
372.62	378.93
372.62	381.16
372.62	383.39
372.62	387.85
372.62	392.3
376.83	407.89
376.83	407.89
378.93	410.12
378.93	414.58
381.04	416.8
385.25	419.03
391.57	425.71
410.51	434.63
433.67	445.76
433.67	445.76
439.99	447.99
439.99	447.99
439.99	447.99
439.99	447.99
442.1	447.99
442.1	447.99
435.78	434.63
431.57	427.94
429.46	427.94
427.36	427.94
423.15	427.94
416.83	430.17
416.83	430.17
416.83	430.17
416.83	430.17
416.83	430.17
418.94	425.71
421.04	423.49
423.15	419.03
423.15	416.8
427.36	412.35
429.46	407.89
431.57	407.89
433.67	405.67
439.99	396.76
442.1	392.3
442.1	392.3
442.1	392.3
448.41	381.16
452.62	372.25
454.73	367.8
461.04	363.34
473.68	356.66
473.68	356.66
511.57	341.07
515.78	341.07
515.78	341.07
517.89	338.84
517.89	336.61
517.89	334.38
517.89	334.38
517.89	334.38
517.89	336.61
522.1	347.75
536.84	381.16
557.89	434.63
568.42	456.9
568.42	456.9
602.1	548.23
606.31	557.14
606.31	557.14
606.31	557.14
612.63	557.14
614.74	557.14
625.26	557.14
627.37	557.14
627.37	557.14
627.37	557.14
631.58	557.14
637.89	566.05
658.95	583.88
696.84	601.7
707.37	603.92
709.48	601.7
705.27	583.88
703.16	581.65
703.16	579.42
703.16	579.42
705.27	577.19
707.37	577.19
707.37	574.97
724.21	574.97
755.8	577.19
778.95	581.65
785.27	586.1
785.27	586.1
785.27	586.1
785.27	586.1
785.27	586.1
785.27	586.1
785.27	586.1
800.01	583.88
858.96	577.19
924.22	563.83
941.07	561.6
941.07	561.6
936.86	561.6
938.96	561.6
947.38	561.6
960.02	561.6
960.02	561.6
960.02	561.6
960.02	561.6
960.02	561.6
960.02	561.6
960.02	561.6
960.02	561.6
960.02	561.6
960.02	561.6
960.02	561.6
960.02	561.6
960.02	561.6
960.02	561.6
960.02	561.6
943.17	561.6
943.17	561.6
943.17	561.6
943.17	561.6
943.17	561.6
943.17	561.6
903.17	561.6
903.17	561.6
903.17	561.6
903.17	561.6
903.17	561.6
903.17	561.6
903.17	561.6
903.17	561.6
871.59	561.6
871.59	561.6
871.59	561.6
871.59	561.6
871.59	561.6
871.59	561.6
871.59	561.6
871.59	561.6
871.59	561.6
871.59	561.6
871.59	561.6
871.59	561.6
871.59	561.6
871.59	561.6
871.59	561.6
871.59	561.6
871.59	561.6
871.59	561.6
861.06	561.6
861.06	561.6
827.38	561.6
823.17	561.6
823.17	561.6
823.17	561.6
823.17	561.6
823.17	561.6
823.17	561.6
823.17	561.6
823.17	561.6
823.17	561.6
823.17	561.6
823.17	561.6
821.06	561.6
821.06	561.6
814.75	561.6
812.64	561.6
812.64	561.6
810.53	561.6
808.43	561.6
806.32	561.6
806.32	561.6
806.32	561.6
806.32	561.6
806.32	561.6
806.32	561.6
806.32	561.6
806.32	561.6
806.32	561.6
806.32	561.6
806.32	561.6
806.32	559.37
808.43	554.92
808.43	554.92
808.43	554.92
810.53	552.69
810.53	550.46
810.53	550.46
814.75	548.23
814.75	546.01
814.75	546.01
814.75	546.01
814.75	546.01
814.75	546.01
814.75	546.01
814.75	546.01
814.75	546.01
814.75	546.01
814.75	546.01
814.75	546.01
814.75	546.01
814.75	546.01
814.75	546.01
814.75	546.01
814.75	546.01
814.75	546.01
814.75	546.01
814.75	546.01
814.75	546.01
814.75	546.01
814.75	546.01
814.75	546.01
814.75	546.01
814.75	546.01
814.75	546.01
814.75	546.01
814.75	546.01
814.75	546.01
814.75	546.01
814.75	546.01
814.75	546.01
814.75	546.01
814.75	546.01
814.75	546.01
814.75	546.01
814.75	546.01
814.75	546.01
814.75	546.01
814.75	546.01
814.75	546.01
757.9	427.94
757.9	427.94
753.69	427.94
745.27	425.71
741.06	421.26
738.95	416.8
736.85	407.89
736.85	401.21
736.85	396.76
736.85	396.76
736.85	396.76
736.85	396.76
736.85	396.76
736.85	396.76
736.85	396.76
736.85	396.76
736.85	396.76
736.85	396.76
726.32	396.76
726.32	396.76
701.06	401.21
688.42	401.21
675.79	398.98
654.74	398.98
646.32	398.98
644.21	398.98
644.21	398.98
637.89	403.44
631.58	405.67
631.58	405.67
625.26	407.89
625.26	407.89
612.63	412.35
606.31	414.58
600	414.58
581.05	416.8
574.73	419.03
566.31	423.49
564.21	425.71
560	432.4
560	441.31
557.89	454.67
555.79	463.58
555.79	488.09
555.79	488.09
553.68	508.14
553.68	512.59
551.57	517.05
549.47	521.5
549.47	528.19
549.47	528.19
549.47	528.19
549.47	530.41
549.47	530.41
549.47	530.41
555.79	537.1
562.1	539.32
589.47	539.32
625.26	539.32
650.53	539.32
669.48	537.1
669.48	537.1
690.53	534.87
690.53	534.87
707.37	528.19
717.9	525.96
722.11	523.73
722.11	523.73
722.11	523.73
722.11	523.73
722.11	523.73
722.11	523.73
726.32	521.5
728.43	521.5
728.43	519.27
728.43	517.05
732.64	512.59
736.85	505.91
736.85	503.68
736.85	503.68
736.85	503.68
736.85	503.68
736.85	503.68
738.95	508.14
738.95	521.5
736.85	539.32
732.64	548.23
732.64	550.46
732.64	552.69
730.53	554.92
726.32	561.6
726.32	561.6
726.32	563.83
724.21	568.28
724.21	568.28
722.11	570.51
722.11	574.97
720	579.42
720	579.42
720	601.7
720	610.61
720	615.06
717.9	621.75
715.79	623.97
715.79	626.2
715.79	626.2
715.79	626.2
715.79	626.2
715.79	626.2
715.79	626.2
715.79	626.2
715.79	628.43
715.79	628.43
715.79	628.43
715.79	623.97
715.79	615.06
713.69	610.61
711.58	610.61
711.58	608.38
709.48	608.38
701.06	597.24
696.84	592.79
694.74	588.33
692.63	586.1
690.53	586.1
690.53	586.1
690.53	586.1
690.53	586.1
690.53	583.88
682.11	581.65
682.11	581.65
671.58	581.65
669.48	581.65
667.37	581.65
665.26	579.42
665.26	579.42
663.16	577.19
663.16	577.19
663.16	574.97
663.16	574.97
656.84	574.97
652.63	572.74
644.21	568.28
637.89	568.28
637.89	568.28
637.89	568.28
637.89	568.28
631.58	568.28
618.95	566.05
616.84	561.6
616.84	561.6
616.84	561.6
616.84	561.6
616.84	561.6
616.84	561.6
616.84	561.6
616.84	561.6
616.84	561.6
616.84	561.6
616.84	561.6
616.84	561.6
616.84	561.6
616.84	561.6
616.84	561.6
616.84	561.6
616.84	561.6
616.84	561.6
616.84	561.6
616.84	561.6
616.84	561.6
616.84	561.6
616.84	561.6
616.84	561.6
616.84	561.6
616.84	561.6
616.84	561.6
616.84	561.6
616.84	561.6
616.84	561.6
616.84	561.6
616.84	561.6
616.84	561.6
616.84	561.6
616.84	561.6
616.84	561.6
616.84	561.6
616.84	561.6
616.84	561.6
616.84	561.6
616.84	561.6
616.84	561.6
616.84	561.6
616.84	561.6
616.84	561.6
616.84	561.6
616.84	561.6
616.84	561.6
616.84	561.6
616.84	561.6
616.84	561.6
616.84	561.6
616.84	561.6
616.84	561.6
616.84	561.6
616.84	561.6
616.84	561.6
616.84	561.6
616.84	561.6
616.84	561.6
616.84	561.6
616.84	561.6
616.84	561.6
616.84	561.6
616.84	561.6
616.84	561.6
616.84	561.6
616.84	561.6
616.84	561.6
616.84	561.6
616.84	561.6
616.84	561.6
616.84	561.6
616.84	561.6
616.84	561.6
616.84	561.6
616.84	561.6
616.84	561.6
616.84	561.6
616.84	561.6
616.84	561.6
616.84	561.6
616.84	561.6
616.84	561.6
616.84	561.6
621.05	568.28
621.05	568.28
669.48	528.19
724.21	483.63
741.06	465.81
757.9	441.31
760.01	434.63
766.32	421.26
781.06	374.48
783.17	367.8
783.17	365.57
783.17	358.89
783.17	354.43
783.17	354.43
783.17	354.43
783.17	354.43
783.17	354.43
783.17	354.43
783.17	354.43
783.17	354.43
783.17	354.43
783.17	354.43
783.17	354.43
783.17	354.43
783.17	354.43
783.17	354.43
783.17	354.43
783.17	354.43
783.17	354.43
783.17	354.43
783.17	354.43
783.17	354.43
783.17	354.43
783.17	354.43
783.17	354.43
783.17	354.43
783.17	354.43
783.17	356.66
783.17	356.66
783.17	356.66
783.17	356.66
783.17	356.66
783.17	356.66
783.17	356.66
783.17	356.66
783.17	356.66
783.17	356.66
783.17	356.66
785.27	347.75
785.27	347.75
785.27	343.29
785.27	343.29
785.27	343.29
785.27	343.29
785.27	343.29
785.27	343.29
785.27	343.29
785.27	343.29
785.27	343.29
785.27	343.29
785.27	343.29
785.27	343.29
785.27	343.29
785.27	343.29
785.27	343.29
785.27	343.29
785.27	343.29
785.27	343.29
785.27	343.29
785.27	343.29
785.27	343.29
785.27	343.29
785.27	343.29
785.27	343.29
785.27	343.29
785.27	343.29
785.27	343.29
785.27	343.29
785.27	343.29
785.27	343.29
785.27	343.29
785.27	343.29
785.27	343.29
785.27	343.29
785.27	343.29
785.27	343.29
785.27	343.29
785.27	343.29
785.27	343.29
785.27	343.29
785.27	343.29
785.27	343.29
785.27	343.29
785.27	343.29
785.27	343.29
785.27	343.29
785.27	343.29
785.27	343.29
785.27	343.29
785.27	343.29
785.27	343.29
785.27	343.29
785.27	343.29
785.27	343.29
785.27	343.29
785.27	343.29
785.27	343.29
785.27	343.29
785.27	343.29
785.27	343.29
785.27	343.29
785.27	343.29
785.27	343.29
785.27	343.29
785.27	343.29
785.27	343.29
785.27	343.29
785.27	343.29
785.27	343.29
785.27	343.29
785.27	343.29
785.27	343.29
785.27	343.29
785.27	343.29
785.27	343.29
785.27	343.29
785.27	343.29
785.27	343.29
785.27	343.29
785.27	343.29
785.27	343.29
785.27	343.29
785.27	343.29
785.27	343.29
785.27	343.29
785.27	343.29
785.27	343.29
785.27	343.29
785.27	343.29
785.27	343.29
785.27	343.29
785.27	343.29
785.27	343.29
785.27	343.29
785.27	343.29
785.27	343.29
785.27	343.29
785.27	343.29
785.27	343.29
785.27	343.29
785.27	343.29
785.27	343.29
785.27	343.29
785.27	343.29
785.27	343.29
785.27	343.29
785.27	343.29
785.27	343.29
785.27	343.29
785.27	343.29
785.27	343.29
785.27	343.29
785.27	343.29
785.27	343.29
785.27	343.29
785.27	343.29
785.27	343.29
785.27	343.29
785.27	343.29
785.27	343.29
785.27	343.29
785.27	343.29
785.27	343.29
785.27	343.29
785.27	343.29
785.27	343.29
785.27	343.29
785.27	343.29
785.27	343.29
785.27	343.29
785.27	343.29
785.27	343.29
785.27	343.29
785.27	343.29
785.27	343.29
785.27	343.29
785.27	343.29
785.27	343.29
785.27	343.29
785.27	343.29
785.27	343.29
785.27	343.29
787.38	343.29
789.48	343.29
789.48	343.29
789.48	343.29
793.69	352.2
795.8	354.43
795.8	354.43
795.8	354.43
795.8	354.43
795.8	354.43
795.8	354.43
795.8	354.43
795.8	354.43
795.8	354.43
795.8	354.43
795.8	361.11
791.59	378.93
787.38	383.39
772.64	387.85
728.43	387.85
671.58	376.71
644.21	367.8
635.79	367.8
631.58	367.8
627.37	367.8
616.84	367.8
608.42	370.02
602.1	374.48
593.68	376.71
591.58	378.93
585.26	387.85
585.26	387.85
581.05	392.3
581.05	392.3
576.84	394.53
576.84	394.53
562.1	401.21
562.1	401.21
534.73	401.21
522.1	405.67
519.99	405.67
519.99	405.67
519.99	405.67
519.99	405.67
530.52	405.67
530.52	405.67
574.73	410.12
574.73	410.12
612.63	427.94
650.53	447.99
682.11	468.04
682.11	468.04
705.27	481.41
705.27	481.41
720	488.09
720	488.09
732.64	494.77
736.85	497
741.06	501.45
751.58	514.82
751.58	514.82
757.9	539.32
757.9	539.32
757.9	574.97
755.8	583.88
745.27	597.24
736.85	608.38
734.74	612.83
726.32	626.2
726.32	626.2
720	635.11
720	641.79
713.69	641.79
713.69	641.79
709.48	648.48
703.16	648.48
696.84	648.48
696.84	648.48
675.79	648.48
654.74	648.48
654.74	648.48
650.53	648.48
648.42	646.25
648.42	639.57
663.16	597.24
692.63	550.46
707.37	525.96
711.58	512.59
713.69	494.77
713.69	483.63
713.69	461.36
713.69	461.36
707.37	445.76
707.37	443.54
707.37	441.31
707.37	441.31
707.37	441.31
705.27	441.31
705.27	441.31
703.16	447.99
701.06	452.45
696.84	461.36
696.84	461.36
696.84	461.36
696.84	461.36
696.84	461.36
696.84	461.36
696.84	461.36
696.84	461.36
696.84	461.36
696.84	461.36
694.74	461.36
690.53	461.36
673.69	459.13
646.32	452.45
646.32	452.45
621.05	445.76
614.74	441.31
612.63	441.31
612.63	441.31
612.63	441.31
612.63	439.08
612.63	439.08
610.52	434.63
612.63	427.94
629.47	414.58
629.47	414.58
680	396.76
709.48	392.3
726.32	390.07
781.06	394.53
781.06	394.53
795.8	401.21
806.32	407.89
814.75	414.58
821.06	421.26
823.17	421.26
837.9	432.4
846.33	436.85
852.64	441.31
858.96	441.31
858.96	441.31
858.96	441.31
858.96	441.31
858.96	441.31
858.96	441.31
858.96	441.31
858.96	441.31
858.96	441.31
858.96	441.31
858.96	441.31
858.96	441.31
858.96	441.31
858.96	441.31
858.96	441.31
858.96	441.31
858.96	441.31
858.96	441.31
858.96	441.31
858.96	441.31
858.96	441.31
858.96	441.31
858.96	441.31
863.17	452.45
867.38	459.13
871.59	468.04
871.59	474.72
871.59	483.63
869.49	494.77
865.27	514.82
865.27	514.82
865.27	514.82
865.27	514.82
865.27	514.82
865.27	514.82
861.06	510.36
856.85	494.77
848.43	474.72
833.69	447.99
833.69	447.99
833.69	445.76
833.69	445.76
789.48	432.4
728.43	421.26
713.69	419.03
707.37	416.8
707.37	416.8
707.37	414.58
707.37	414.58
709.48	410.12
713.69	405.67
713.69	401.21
717.9	387.85
720	381.16
715.79	356.66
715.79	356.66
715.79	354.43
713.69	345.52
707.37	334.38
705.27	325.47
701.06	321.02
701.06	316.56
701.06	316.56
701.06	314.33
701.06	314.33
701.06	312.11
701.06	307.65
701.06	300.97
701.06	300.97
698.95	292.06
698.95	287.6
696.84	283.15
694.74	272.01
694.74	267.55
703.16	236.37
703.16	236.37
709.48	220.77
709.48	214.09
713.69	207.41
713.69	207.41
720	196.27
720	194.04
720	194.04
724.21	191.81
724.21	191.81
724.21	189.59
724.21	189.59
724.21	189.59
724.21	189.59
713.69	220.77
705.27	254.19
696.84	296.51
694.74	318.79
688.42	338.84
688.42	338.84
682.11	347.75
680	352.2
680	354.43
677.9	356.66
675.79	356.66
665.26	361.11
663.16	361.11
663.16	361.11
661.05	361.11
654.74	352.2
652.63	347.75
650.53	347.75
650.53	347.75
650.53	347.75
650.53	347.75
650.53	347.75
650.53	347.75
650.53	347.75
650.53	347.75
650.53	347.75
650.53	347.75
650.53	347.75
650.53	347.75
650.53	347.75
650.53	347.75
650.53	347.75
650.53	347.75
650.53	347.75
650.53	347.75
656.84	321.02
663.16	298.74
667.37	287.6
669.48	285.37
669.48	285.37
669.48	280.92
669.48	274.24
671.58	269.78
675.79	265.33
675.79	265.33
675.79	265.33
675.79	265.33
675.79	265.33
675.79	267.55
675.79	283.15
675.79	283.15
680	305.42
682.11	307.65
682.11	307.65
682.11	307.65
682.11	307.65
682.11	307.65
682.11	307.65
682.11	307.65
682.11	307.65
682.11	307.65
682.11	307.65
675.79	325.47
665.26	349.98
665.26	349.98
665.26	374.48
667.37	381.16
669.48	390.07
669.48	390.07
671.58	394.53
673.69	394.53
673.69	394.53
673.69	394.53
673.69	394.53
673.69	394.53
669.48	398.98
656.84	403.44
644.21	410.12
644.21	410.12
631.58	410.12
625.26	410.12
621.05	410.12
618.95	410.12
618.95	410.12
618.95	410.12
618.95	410.12
618.95	410.12
618.95	410.12
618.95	410.12
618.95	410.12
618.95	410.12
618.95	410.12
618.95	412.35
618.95	414.58
618.95	416.8
618.95	419.03
618.95	419.03
618.95	421.26
618.95	421.26
618.95	423.49
616.84	427.94
614.74	430.17
612.63	434.63
612.63	436.85
612.63	441.31
612.63	441.31
610.52	441.31
610.52	441.31
610.52	441.31
610.52	441.31
610.52	441.31
610.52	441.31
610.52	441.31
610.52	441.31
610.52	441.31
610.52	441.31
610.52	441.31
610.52	441.31
610.52	441.31
610.52	441.31
610.52	441.31
610.52	441.31
610.52	441.31
612.63	450.22
618.95	459.13
621.05	465.81
621.05	465.81
621.05	465.81
621.05	465.81
621.05	465.81
621.05	465.81
621.05	465.81
621.05	465.81
621.05	465.81
621.05	465.81
621.05	461.36
614.74	454.67
612.63	454.67
612.63	454.67
595.79	452.45
576.84	452.45
572.63	452.45
568.42	452.45
560	452.45
557.89	452.45
557.89	452.45
557.89	452.45
557.89	452.45
557.89	452.45
557.89	452.45
557.89	452.45
557.89	452.45
557.89	452.45
557.89	452.45
557.89	452.45
557.89	452.45
557.89	452.45
557.89	452.45
557.89	452.45
557.89	452.45
557.89	452.45
557.89	452.45
557.89	452.45
557.89	452.45
555.79	452.45
551.57	450.22
551.57	450.22
551.57	450.22
551.57	450.22
551.57	450.22
551.57	450.22
551.57	450.22
551.57	450.22
551.57	450.22
551.57	450.22
551.57	450.22
551.57	450.22
551.57	450.22
551.57	450.22
551.57	450.22
551.57	450.22
572.63	432.4
589.47	425.71
600	421.26
610.52	421.26
631.58	414.58
644.21	412.35
644.21	412.35
650.53	407.89
650.53	407.89
650.53	407.89
650.53	407.89
650.53	407.89
650.53	407.89
650.53	407.89
650.53	407.89
650.53	407.89
650.53	407.89
650.53	407.89
650.53	407.89
650.53	407.89
650.53	407.89
650.53	407.89
642.11	394.53
633.68	387.85
625.26	381.16
623.16	381.16
610.52	374.48
604.21	370.02
604.21	370.02
604.21	370.02
604.21	370.02
604.21	370.02
604.21	370.02
604.21	370.02
604.21	370.02
604.21	370.02
604.21	370.02
604.21	370.02
604.21	370.02
604.21	370.02
604.21	370.02
604.21	370.02
604.21	370.02
604.21	370.02
604.21	370.02
604.21	370.02
593.68	367.8
587.37	367.8
581.05	365.57
581.05	365.57
581.05	363.34
581.05	363.34
581.05	363.34
581.05	363.34
581.05	363.34
581.05	363.34
581.05	363.34
581.05	363.34
581.05	363.34
581.05	363.34
581.05	363.34
581.05	363.34
581.05	363.34
581.05	363.34
581.05	363.34
574.73	363.34
568.42	363.34
549.47	363.34
543.15	363.34
543.15	363.34
543.15	363.34
543.15	363.34
538.94	361.11
505.26	358.89
492.62	358.89
486.31	358.89
486.31	358.89
486.31	358.89
486.31	358.89
486.31	358.89
486.31	354.43
488.41	354.43
488.41	354.43
488.41	354.43
488.41	354.43
488.41	354.43
488.41	354.43
490.52	354.43
492.62	354.43
498.94	354.43
503.15	354.43
503.15	354.43
503.15	354.43
503.15	354.43
503.15	354.43
503.15	354.43
503.15	354.43
503.15	354.43
503.15	354.43
513.68	349.98
530.52	343.29
530.52	343.29
530.52	343.29
530.52	343.29
532.63	343.29
532.63	343.29
532.63	343.29
532.63	343.29
532.63	343.29
532.63	343.29
532.63	343.29
532.63	343.29
532.63	343.29
532.63	343.29
532.63	343.29
532.63	343.29
532.63	343.29
532.63	343.29
532.63	343.29
532.63	343.29
532.63	343.29
532.63	343.29
532.63	343.29
532.63	343.29
532.63	343.29
532.63	343.29
532.63	343.29
530.52	343.29
528.42	345.52
517.89	347.75
517.89	347.75
517.89	347.75
517.89	347.75
517.89	347.75
517.89	347.75
517.89	347.75
517.89	347.75
517.89	347.75
517.89	347.75
517.89	347.75
515.78	347.75
507.36	352.2
505.26	354.43
505.26	354.43
498.94	358.89
498.94	361.11
498.94	361.11
498.94	361.11
498.94	361.11
494.73	361.11
494.73	361.11
494.73	363.34
492.62	365.57
492.62	367.8
492.62	367.8
492.62	367.8
492.62	367.8
492.62	367.8
492.62	367.8
492.62	367.8
492.62	367.8
486.31	367.8
479.99	374.48
473.68	376.71
473.68	376.71
473.68	376.71
473.68	376.71
473.68	376.71
473.68	376.71
473.68	376.71
473.68	376.71
473.68	376.71
473.68	376.71
473.68	376.71
473.68	376.71
473.68	376.71
473.68	376.71
473.68	376.71
473.68	376.71
473.68	376.71
473.68	376.71
473.68	376.71
473.68	376.71
473.68	376.71
473.68	378.93
492.62	419.03
528.42	456.9
587.37	479.18
606.31	481.41
612.63	481.41
612.63	481.41
612.63	481.41
612.63	481.41
612.63	481.41
612.63	481.41
623.16	488.09
627.37	488.09
635.79	488.09
644.21	488.09
650.53	488.09
652.63	485.86
652.63	485.86
652.63	485.86
652.63	485.86
652.63	485.86
652.63	485.86
656.84	483.63
667.37	483.63
715.79	481.41
774.74	481.41
778.95	481.41
802.11	481.41
812.64	483.63
821.06	483.63
823.17	485.86
827.38	485.86
827.38	485.86
827.38	485.86
827.38	485.86
827.38	485.86
827.38	485.86
827.38	485.86
827.38	485.86
837.9	483.63
852.64	483.63
871.59	483.63
884.22	483.63
903.17	485.86
909.49	485.86
934.75	485.86
945.28	485.86
964.23	485.86
985.28	485.86
987.39	485.86
987.39	485.86
987.39	485.86
989.49	485.86
991.6	485.86
1016.86	481.41
1044.23	476.95
1044.23	476.95
1061.07	476.95
1061.07	476.95
1061.07	476.95
1061.07	476.95
1061.07	476.95
1061.07	476.95
1061.07	476.95
1061.07	476.95
1061.07	476.95
1061.07	476.95
1061.07	476.95
1035.81	474.72
1035.81	474.72
858.96	450.22
840.01	445.76
816.85	434.63
751.58	414.58
726.32	407.89
688.42	401.21
667.37	398.98
654.74	398.98
644.21	396.76
644.21	396.76
644.21	396.76
644.21	396.76
644.21	396.76
637.89	396.76
625.26	396.76
616.84	394.53
616.84	394.53
616.84	394.53
616.84	394.53
612.63	394.53
612.63	394.53
608.42	394.53
608.42	394.53
608.42	394.53
608.42	394.53
608.42	394.53
608.42	394.53
608.42	394.53
608.42	394.53
608.42	394.53
608.42	394.53
608.42	394.53
608.42	394.53
608.42	394.53
612.63	392.3
612.63	392.3
612.63	392.3
612.63	392.3
612.63	392.3
612.63	392.3
612.63	392.3
614.74	390.07
614.74	390.07
614.74	390.07
614.74	390.07
614.74	390.07
618.95	390.07
625.26	390.07
631.58	390.07
631.58	390.07
631.58	390.07
631.58	390.07
631.58	390.07
631.58	390.07
631.58	390.07
631.58	390.07
631.58	390.07
631.58	390.07
631.58	390.07
631.58	390.07
631.58	390.07
631.58	390.07
629.47	392.3
627.37	392.3
627.37	392.3
627.37	392.3
627.37	392.3
627.37	392.3
627.37	392.3
625.26	394.53
623.16	394.53
618.95	394.53
618.95	394.53
618.95	394.53
618.95	394.53
618.95	392.3
621.05	392.3
621.05	392.3
621.05	390.07
621.05	390.07
621.05	390.07
621.05	390.07
621.05	390.07
621.05	392.3
621.05	392.3
618.95	394.53
612.63	398.98
608.42	401.21
600	403.44
595.79	405.67
591.58	407.89
587.37	407.89
587.37	407.89
587.37	407.89
587.37	410.12
587.37	410.12
587.37	410.12
587.37	410.12
587.37	410.12
587.37	410.12
587.37	410.12
587.37	410.12
587.37	410.12
587.37	410.12
587.37	410.12
587.37	410.12
587.37	410.12
587.37	410.12
587.37	410.12
587.37	410.12
587.37	410.12
587.37	410.12
587.37	410.12
587.37	410.12
587.37	410.12
587.37	410.12
587.37	410.12
587.37	410.12
587.37	410.12
587.37	410.12
587.37	410.12
587.37	410.12
587.37	410.12
587.37	410.12
587.37	410.12
587.37	410.12
587.37	410.12
587.37	410.12
587.37	410.12
591.58	414.58
604.21	414.58
612.63	414.58
612.63	416.8
612.63	416.8
612.63	416.8
612.63	416.8
612.63	416.8
614.74	416.8
631.58	414.58
650.53	414.58
654.74	414.58
654.74	414.58
656.84	414.58
656.84	414.58
665.26	416.8
690.53	419.03
709.48	419.03
715.79	419.03
715.79	419.03
715.79	419.03
715.79	419.03
715.79	419.03
713.69	419.03
713.69	419.03
713.69	419.03
713.69	419.03
713.69	419.03
713.69	419.03
713.69	419.03
713.69	419.03
713.69	419.03
713.69	419.03
713.69	419.03
713.69	419.03
717.9	419.03
730.53	419.03
757.9	414.58
778.95	414.58
778.95	414.58
772.64	414.58
770.53	416.8
770.53	416.8
770.53	416.8
770.53	416.8
770.53	416.8
770.53	416.8
768.43	416.8
766.32	416.8
764.22	416.8
764.22	416.8
764.22	416.8
764.22	416.8
757.9	421.26
749.48	427.94
745.27	427.94
741.06	430.17
738.95	432.4
734.74	434.63
726.32	436.85
722.11	439.08
715.79	441.31
709.48	441.31
698.95	445.76
694.74	445.76
690.53	447.99
684.21	447.99
682.11	447.99
673.69	450.22
671.58	450.22
667.37	452.45
661.05	452.45
656.84	452.45
644.21	454.67
644.21	454.67
642.11	454.67
640	454.67
640	454.67
637.89	454.67
637.89	454.67
637.89	454.67
637.89	454.67
637.89	454.67
637.89	454.67
637.89	454.67
637.89	454.67
637.89	454.67
637.89	454.67
637.89	454.67
637.89	454.67
637.89	454.67
637.89	454.67
637.89	454.67
637.89	454.67
637.89	454.67
637.89	454.67
637.89	454.67
637.89	454.67
637.89	454.67
637.89	454.67
637.89	454.67
637.89	454.67
637.89	454.67
637.89	454.67
637.89	454.67
637.89	454.67
637.89	454.67
637.89	454.67
637.89	454.67
637.89	454.67
637.89	454.67
637.89	454.67
637.89	454.67
637.89	454.67
637.89	454.67
637.89	454.67
637.89	454.67
637.89	454.67
637.89	454.67
637.89	454.67
637.89	454.67
637.89	454.67
637.89	454.67
637.89	454.67
637.89	454.67
637.89	454.67
637.89	454.67
637.89	454.67
637.89	461.36
637.89	468.04
637.89	470.27
644.21	474.72
690.53	497
738.95	512.59
747.37	514.82
749.48	514.82
749.48	514.82
749.48	514.82
749.48	514.82
749.48	514.82
749.48	514.82
749.48	514.82
749.48	514.82
747.37	514.82
743.16	514.82
738.95	514.82
738.95	514.82
736.85	512.59
732.64	508.14
728.43	501.45
726.32	494.77
726.32	485.86
726.32	481.41
726.32	479.18
726.32	476.95
726.32	476.95
724.21	474.72
724.21	474.72
724.21	474.72
730.53	468.04
730.53	468.04
732.64	461.36
736.85	456.9
743.16	450.22
747.37	447.99
747.37	445.76
747.37	445.76
749.48	445.76
749.48	443.54
749.48	443.54
751.58	443.54
751.58	443.54
751.58	443.54
755.8	447.99
760.01	452.45
764.22	454.67
766.32	454.67
766.32	454.67
770.53	456.9
774.74	459.13
774.74	461.36
776.85	461.36
776.85	463.58
778.95	463.58
781.06	468.04
783.17	472.49
783.17	474.72
787.38	481.41
787.38	481.41
789.48	485.86
789.48	488.09
791.59	492.54
791.59	494.77
791.59	497
791.59	497
785.27	501.45
772.64	505.91
757.9	505.91
749.48	505.91
747.37	505.91
736.85	505.91
717.9	501.45
696.84	497
682.11	494.77
682.11	494.77
682.11	494.77
675.79	494.77
675.79	499.23
665.26	505.91
661.05	508.14
650.53	517.05
646.32	521.5
646.32	521.5
633.68	528.19
625.26	532.64
612.63	534.87
608.42	537.1
606.31	537.1
606.31	537.1
606.31	537.1
606.31	537.1
606.31	537.1
606.31	537.1
606.31	537.1
606.31	537.1
610.52	537.1
612.63	537.1
616.84	537.1
623.16	537.1
623.16	537.1
631.58	537.1
640	537.1
658.95	537.1
669.48	537.1
675.79	537.1
682.11	528.19
688.42	521.5
690.53	514.82
692.63	512.59
694.74	510.36
713.69	492.54
720	488.09
722.11	481.41
722.11	454.67
715.79	441.31
709.48	439.08
694.74	432.4
694.74	427.94
694.74	425.71
694.74	423.49
694.74	421.26
694.74	421.26
694.74	421.26
694.74	421.26
694.74	421.26
694.74	421.26
694.74	421.26
694.74	427.94
698.95	436.85
701.06	441.31
713.69	452.45
720	454.67
722.11	456.9
726.32	456.9
728.43	461.36
736.85	465.81
745.27	468.04
745.27	468.04
753.69	470.27
753.69	470.27
753.69	470.27
755.8	470.27
755.8	465.81
757.9	461.36
760.01	454.67
760.01	450.22
760.01	447.99
760.01	447.99
760.01	445.76
760.01	445.76
760.01	445.76
760.01	445.76
764.22	443.54
764.22	441.31
766.32	441.31
768.43	441.31
772.64	439.08
781.06	436.85
783.17	436.85
785.27	436.85
789.48	436.85
791.59	439.08
793.69	441.31
806.32	447.99
814.75	447.99
814.75	447.99
814.75	447.99
814.75	450.22
814.75	450.22
814.75	450.22
814.75	450.22
814.75	450.22
814.75	450.22
814.75	450.22
814.75	450.22
814.75	450.22
814.75	450.22
814.75	450.22
814.75	450.22
814.75	450.22
814.75	450.22
814.75	450.22
827.38	463.58
835.8	468.04
844.22	472.49
867.38	472.49
884.22	472.49
896.86	470.27
896.86	470.27
894.75	468.04
890.54	463.58
877.91	454.67
858.96	443.54
829.48	432.4
827.38	427.94
814.75	416.8
802.11	405.67
787.38	394.53
768.43	387.85
751.58	381.16
749.48	381.16
749.48	378.93
745.27	374.48
738.95	365.57
736.85	361.11
730.53	358.89
730.53	358.89
730.53	358.89
730.53	358.89
730.53	358.89
730.53	358.89
730.53	358.89
730.53	358.89
730.53	358.89
730.53	358.89
730.53	358.89
730.53	358.89
732.64	363.34
732.64	367.8
738.95	374.48
753.69	387.85
768.43	398.98
774.74	401.21
778.95	405.67
787.38	410.12
791.59	414.58
795.8	416.8
795.8	419.03
795.8	419.03
795.8	419.03
795.8	419.03
800.01	414.58
802.11	407.89
802.11	407.89
802.11	403.44
802.11	403.44
802.11	401.21
802.11	401.21
802.11	401.21
802.11	401.21
802.11	401.21
802.11	401.21
802.11	401.21
802.11	401.21
802.11	401.21
802.11	401.21
802.11	401.21
802.11	401.21
802.11	401.21
802.11	401.21
802.11	401.21
802.11	401.21
802.11	401.21
802.11	401.21
802.11	401.21
802.11	401.21
802.11	401.21
802.11	401.21
802.11	401.21
802.11	401.21
802.11	401.21
802.11	401.21
802.11	401.21
802.11	401.21
802.11	401.21
802.11	401.21
802.11	401.21
802.11	401.21
806.32	398.98
806.32	396.76
806.32	396.76
806.32	396.76
806.32	396.76
806.32	396.76
806.32	396.76
806.32	396.76
806.32	396.76
806.32	396.76
806.32	396.76
806.32	396.76
806.32	396.76
806.32	396.76
806.32	396.76
806.32	396.76
806.32	396.76
806.32	396.76
806.32	396.76
812.64	410.12
816.85	421.26
827.38	439.08
827.38	439.08
829.48	445.76
829.48	445.76
829.48	445.76
829.48	445.76
829.48	445.76
829.48	445.76
835.8	427.94
840.01	414.58
840.01	407.89
840.01	405.67
840.01	405.67
840.01	405.67
840.01	405.67
840.01	405.67
840.01	405.67
840.01	405.67
840.01	405.67
842.12	407.89
846.33	414.58
854.75	423.49
854.75	423.49
854.75	423.49
854.75	423.49
854.75	423.49
856.85	423.49
856.85	423.49
856.85	423.49
856.85	423.49
858.96	423.49
858.96	423.49
858.96	423.49
861.06	423.49
861.06	423.49
861.06	423.49
861.06	423.49
861.06	423.49
861.06	423.49
861.06	423.49
861.06	423.49
861.06	423.49
861.06	423.49
861.06	423.49
861.06	423.49
861.06	423.49
861.06	423.49
861.06	423.49
861.06	423.49
861.06	423.49
861.06	423.49
861.06	423.49
861.06	423.49
861.06	423.49
861.06	423.49
861.06	423.49
861.06	423.49
861.06	423.49
861.06	423.49
861.06	423.49
861.06	423.49
861.06	423.49
861.06	423.49
861.06	423.49
861.06	423.49
861.06	423.49
861.06	423.49
861.06	423.49
861.06	423.49
861.06	423.49
861.06	423.49
861.06	423.49
861.06	423.49
858.96	421.26
848.43	416.8
785.27	403.44
762.11	401.21
755.8	401.21
755.8	401.21
755.8	401.21
755.8	401.21
755.8	401.21
755.8	401.21
755.8	401.21
755.8	401.21
755.8	401.21
755.8	401.21
755.8	401.21
755.8	401.21
755.8	401.21
755.8	401.21
755.8	401.21
755.8	401.21
755.8	401.21
757.9	401.21
757.9	398.98
757.9	398.98
760.01	398.98
760.01	398.98
760.01	398.98
760.01	398.98
760.01	398.98
760.01	398.98
760.01	398.98
760.01	398.98
760.01	398.98
760.01	398.98
760.01	398.98
760.01	398.98
766.32	392.3
766.32	392.3
778.95	385.62
778.95	385.62
781.06	385.62
783.17	385.62
795.8	385.62
802.11	385.62
804.22	385.62
808.43	385.62
810.53	385.62
816.85	381.16
825.27	374.48
827.38	374.48
829.48	370.02
831.59	367.8
833.69	367.8
852.64	365.57
863.17	365.57
884.22	361.11
896.86	361.11
917.91	354.43
924.22	354.43
928.44	354.43
934.75	352.2
936.86	352.2
936.86	352.2
936.86	352.2
936.86	352.2
936.86	352.2
936.86	352.2
936.86	352.2
936.86	352.2
936.86	352.2
936.86	352.2
936.86	352.2
934.75	352.2
934.75	352.2
932.65	352.2
932.65	352.2
928.44	352.2
928.44	352.2
928.44	352.2
928.44	352.2
928.44	352.2
928.44	352.2
928.44	352.2
928.44	352.2
928.44	352.2
928.44	352.2
928.44	352.2
928.44	352.2
928.44	352.2
928.44	352.2
928.44	352.2
928.44	352.2
928.44	352.2
928.44	352.2
928.44	352.2
928.44	352.2
928.44	352.2
928.44	352.2
928.44	352.2
928.44	352.2
928.44	352.2
928.44	352.2
928.44	352.2
928.44	352.2
928.44	352.2
928.44	352.2
928.44	352.2
928.44	352.2
926.33	352.2
922.12	352.2
913.7	354.43
911.59	354.43
911.59	354.43
911.59	354.43
911.59	354.43
911.59	354.43
911.59	354.43
911.59	354.43
909.49	361.11
905.28	361.11
901.07	363.34
890.54	365.57
873.7	367.8
865.27	367.8
852.64	367.8
848.43	370.02
842.12	372.25
842.12	372.25
842.12	372.25
842.12	372.25
842.12	372.25
842.12	372.25
842.12	372.25
842.12	372.25
842.12	372.25
842.12	372.25
846.33	372.25
850.54	372.25
854.75	372.25
858.96	372.25
865.27	370.02
867.38	370.02
871.59	370.02
875.8	370.02
875.8	370.02
875.8	370.02
875.8	370.02
875.8	370.02
875.8	370.02
875.8	370.02
875.8	370.02
875.8	370.02
875.8	370.02
875.8	370.02
875.8	370.02
875.8	370.02
875.8	370.02
