669.34	360
680.52	364.02
702.87	374.74
711.26	382.78
711.26	386.81
711.26	389.49
709.86	390.83
698.68	392.17
697.29	392.17
697.29	392.17
694.49	392.17
687.51	389.49
687.51	389.49
687.51	385.46
687.51	382.78
701.48	369.38
707.07	364.02
708.46	364.02
708.46	364.02
708.46	364.02
708.46	364.02
708.46	365.36
708.46	365.36
697.29	372.06
690.3	377.42
690.3	378.76
708.46	400.21
776.93	453.82
802.08	484.64
804.87	488.67
804.87	488.67
806.27	490.01
807.67	494.03
809.06	495.37
811.86	498.05
814.65	499.39
814.65	491.35
802.08	472.58
793.69	471.24
792.3	464.54
786.71	452.48
785.31	452.48
778.32	452.48
772.74	452.48
772.74	452.48
772.74	447.12
761.56	420.31
742	398.87
712.66	378.76
707.07	377.42
707.07	380.1
707.07	380.1
707.07	380.1
707.07	380.1
707.07	380.1
702.87	377.42
697.29	376.08
697.29	376.08
694.49	376.08
686.11	377.42
680.52	380.1
666.55	388.15
663.75	388.15
663.75	389.49
655.37	400.21
642.79	418.97
638.6	441.76
635.81	460.52
635.81	464.54
641.4	460.52
644.19	444.44
640	437.74
640	436.39
619.04	424.33
538	410.93
497.48	409.59
496.09	409.59
493.29	416.29
498.88	424.33
508.66	424.33
508.66	424.33
501.68	424.33
500.28	427.01
498.88	427.01
498.88	428.35
511.46	428.35
533.81	417.63
558.96	412.27
660.96	429.69
806.27	439.08
874.73	451.14
894.29	463.2
895.69	472.58
895.69	476.6
912.46	473.92
934.81	465.88
959.96	439.08
975.33	413.61
989.3	397.53
990.7	369.38
948.78	346.6
890.1	338.56
864.95	327.83
843.99	315.77
830.02	307.73
825.83	305.05
825.83	303.71
828.62	295.67
825.83	294.33
821.64	292.99
807.67	283.61
799.28	275.56
799.28	272.88
789.5	268.86
707.07	264.84
595.29	278.24
518.44	309.07
504.47	321.13
504.47	321.13
507.26	317.11
498.88	313.09
493.29	315.77
493.29	330.51
493.29	337.22
480.72	342.58
479.32	342.58
497.48	323.81
543.59	307.73
742	333.19
955.77	361.34
971.14	353.3
906.87	321.13
848.18	303.71
790.9	297.01
732.22	306.39
725.23	315.77
714.05	317.11
687.51	317.11
686.11	317.11
690.3	310.41
683.31	305.05
660.96	305.05
607.86	302.37
558.96	303.71
557.56	303.71
557.56	303.71
543.59	305.05
511.46	306.39
483.51	311.75
479.32	311.75
475.13	311.75
458.36	311.75
431.82	310.41
378.72	310.41
264.15	310.41
199.88	327.83
183.11	337.22
157.96	343.92
146.78	345.26
160.76	345.26
198.48	349.28
359.16	361.34
607.86	362.68
708.46	362.68
748.98	361.34
800.68	349.28
838.4	343.92
894.29	354.64
930.62	360
933.42	357.32
934.81	353.3
939	345.26
930.62	337.22
923.63	334.54
923.63	334.54
922.24	334.54
916.65	334.54
916.65	334.54
904.07	327.83
860.76	321.13
860.76	326.49
897.09	327.83
926.43	327.83
933.42	327.83
943.2	326.49
943.2	325.15
943.2	325.15
943.2	325.15
943.2	325.15
936.21	322.47
926.43	317.11
922.24	314.43
922.24	311.75
913.85	307.73
908.27	307.73
904.07	307.73
899.88	307.73
899.88	307.73
894.29	307.73
880.32	306.39
870.54	303.71
870.54	303.71
869.14	303.71
860.76	302.37
860.76	302.37
860.76	302.37
860.76	302.37
855.17	301.03
850.98	301.03
842.6	303.71
828.62	306.39
820.24	307.73
811.86	313.09
804.87	317.11
799.28	319.79
796.49	323.81
796.49	325.15
796.49	325.15
796.49	325.15
806.27	325.15
824.43	322.47
828.62	319.79
832.82	319.79
835.61	319.79
832.82	319.79
820.24	322.47
806.27	326.49
785.31	330.51
781.12	331.85
781.12	331.85
781.12	331.85
779.72	331.85
779.72	331.85
779.72	331.85
779.72	331.85
779.72	331.85
779.72	330.51
779.72	326.49
776.93	322.47
760.16	301.03
701.48	267.52
662.36	250.1
656.77	228.65
653.97	211.23
653.97	211.23
655.37	211.23
662.36	223.29
670.74	254.12
670.74	286.29
667.94	301.03
670.74	325.15
684.71	347.94
695.89	357.32
704.27	362.68
705.67	365.36
705.67	365.36
705.67	365.36
708.46	365.36
716.85	360
735.01	350.62
767.15	325.15
793.69	321.13
793.69	321.13
793.69	321.13
793.69	321.13
793.69	321.13
793.69	321.13
795.09	322.47
797.89	322.47
799.28	322.47
800.68	310.41
800.68	297.01
803.47	290.31
803.47	287.63
803.47	287.63
797.89	292.99
779.72	295.67
762.95	299.69
761.56	310.41
765.75	313.09
781.12	310.41
795.09	306.39
795.09	305.05
795.09	305.05
795.09	306.39
790.9	322.47
786.71	330.51
785.31	330.51
778.32	330.51
767.15	330.51
737.81	331.85
700.08	341.24
676.33	357.32
674.93	360
672.14	366.7
669.34	380.1
669.34	386.81
666.55	394.85
663.75	406.91
663.75	412.27
663.75	414.95
660.96	422.99
656.77	435.05
653.97	441.76
645.59	449.8
633.01	456.5
623.23	461.86
613.45	465.88
605.07	471.24
599.48	473.92
588.3	477.94
581.32	481.96
591.1	479.28
603.67	469.9
603.67	469.9
603.67	469.9
603.67	469.9
603.67	469.9
603.67	469.9
603.67	469.9
603.67	469.9
603.67	469.9
602.28	468.56
607.86	467.22
620.44	459.18
621.84	449.8
621.84	445.78
624.63	443.1
638.6	435.05
648.38	429.69
649.78	429.69
646.99	431.03
640	441.76
630.22	455.16
628.82	461.86
628.82	461.86
628.82	461.86
628.82	461.86
628.82	461.86
631.62	461.86
631.62	461.86
631.62	461.86
631.62	461.86
631.62	461.86
631.62	461.86
633.01	461.86
645.59	461.86
649.78	461.86
656.77	457.84
704.27	437.74
754.57	401.55
785.31	370.72
809.06	337.22
814.65	317.11
823.04	302.37
832.82	294.33
832.82	292.99
832.82	292.99
824.43	294.33
816.05	305.05
810.46	314.43
804.87	319.79
803.47	319.79
789.5	318.45
751.78	303.71
712.66	291.65
704.27	291.65
702.87	294.33
697.29	295.67
680.52	298.35
645.59	301.03
605.07	309.07
572.93	319.79
564.55	323.81
564.55	323.81
564.55	323.81
564.55	323.81
564.55	323.81
564.55	323.81
574.33	323.81
607.86	321.13
627.43	317.11
638.6	313.09
644.19	310.41
645.59	309.07
659.56	292.99
679.12	278.24
700.08	259.48
721.04	248.76
726.63	247.42
728.02	248.76
748.98	251.44
755.97	252.78
755.97	256.8
760.16	267.52
767.15	278.24
783.91	286.29
825.83	286.29
855.17	280.92
876.13	272.88
885.91	268.86
887.31	264.84
887.31	256.8
883.12	256.8
873.33	256.8
864.95	254.12
852.38	244.74
842.6	243.4
842.6	243.4
841.2	242.06
821.64	242.06
789.5	247.42
762.95	252.78
758.76	256.8
751.78	268.86
730.82	284.95
705.67	294.33
702.87	294.33
702.87	283.61
704.27	278.24
708.46	271.54
732.22	243.4
782.52	179.06
817.45	122.77
850.98	83.91
877.53	61.12
898.48	45.04
909.66	37
930.62	30.3
990.7	15.55
1018.65	2.15
0	0
0	0
0	0
1006.07	28.96
978.13	95.97
959.96	158.96
944.59	196.49
885.91	239.38
796.49	303.71
754.57	345.26
767.15	347.94
827.23	335.88
839.8	333.19
820.24	337.22
774.13	343.92
733.61	343.92
714.05	342.58
712.66	345.26
716.85	345.26
725.23	333.19
735.01	307.73
736.41	279.58
730.82	267.52
729.42	267.52
729.42	267.52
754.57	266.18
781.12	259.48
782.52	254.12
769.94	252.78
723.83	256.8
669.34	270.2
633.01	278.24
619.04	278.24
588.3	276.9
519.84	268.86
459.76	264.84
438.8	263.5
436.01	266.18
430.42	275.56
424.83	290.31
424.83	294.33
424.83	294.33
475.13	297.01
542.19	279.58
549.18	275.56
549.18	258.14
547.78	251.44
546.39	251.44
531.02	266.18
510.06	276.9
498.88	282.26
497.48	283.61
497.48	283.61
494.69	284.95
480.72	295.67
462.55	318.45
452.77	338.56
449.98	347.94
449.98	349.28
449.98	350.62
445.79	354.64
442.99	354.64
433.21	347.94
422.03	343.92
409.46	341.24
387.1	341.24
374.53	347.94
367.54	354.64
354.97	365.36
327.02	376.08
310.26	380.1
306.07	381.44
300.48	385.46
299.08	388.15
300.48	389.49
308.86	396.19
320.04	404.23
321.44	416.29
324.23	447.12
353.57	471.24
370.34	480.62
384.31	487.32
426.23	498.05
462.55	504.75
469.54	508.77
490.5	518.15
508.66	523.51
517.05	526.19
550.58	535.57
591.1	536.91
593.89	536.91
579.92	532.89
554.77	523.51
504.47	504.75
434.61	483.3
420.64	476.6
424.83	457.84
422.03	449.8
416.45	443.1
422.03	432.37
424.83	429.69
437.4	425.67
470.94	412.27
489.1	402.89
491.9	400.21
512.85	386.81
528.22	373.4
529.62	364.02
535.21	331.85
535.21	298.35
514.25	276.9
500.28	270.2
505.87	255.46
508.66	246.08
505.87	246.08
486.31	248.76
482.11	250.1
482.11	259.48
491.9	294.33
500.28	339.9
490.5	366.7
454.17	378.76
420.64	378.76
410.86	381.44
401.08	385.46
368.94	386.81
328.42	389.49
304.67	393.51
300.48	401.55
313.05	412.27
346.58	417.63
391.3	428.35
441.6	436.39
454.17	437.74
456.96	437.74
482.11	424.33
505.87	418.97
557.56	404.23
635.81	388.15
656.77	386.81
656.77	388.15
653.97	396.19
653.97	405.57
656.77	432.37
690.3	444.44
723.83	420.31
729.42	404.23
740.6	388.15
751.78	381.44
753.17	384.12
757.37	428.35
785.31	484.64
810.46	502.07
824.43	511.45
841.2	511.45
890.1	510.11
923.63	507.43
926.43	504.75
926.43	504.75
926.43	508.77
926.43	526.19
922.24	542.28
898.48	557.02
827.23	571.76
750.38	579.8
719.64	581.14
707.07	581.14
677.72	578.46
653.97	575.78
631.62	570.42
603.67	566.4
593.89	566.4
578.52	570.42
547.78	579.8
480.72	590.53
429.02	599.91
401.08	609.29
394.09	611.97
389.9	615.99
357.76	620.01
303.27	624.03
251.57	625.37
219.44	626.71
219.44	628.05
279.52	626.71
434.61	636.09
595.29	634.75
748.98	594.55
810.46	565.06
818.84	565.06
830.02	571.76
835.61	581.14
856.57	593.21
894.29	594.55
916.65	586.5
923.63	577.12
923.63	571.76
925.03	570.42
945.99	562.38
971.14	555.68
985.11	542.28
1008.86	524.85
1028.43	516.81
1029.82	516.81
1035.41	516.81
1059.16	518.15
1064.75	518.15
1073.14	514.13
1091.3	508.77
1098.29	507.43
1112.26	503.41
1124.83	500.73
1133.22	499.39
1170.94	499.39
1215.65	502.07
1219.84	502.07
1217.05	496.71
1210.06	492.69
1196.09	491.35
1156.97	504.75
1080.12	534.23
1000.48	547.64
934.81	544.96
906.87	544.96
916.65	544.96
983.71	540.94
1137.41	539.6
1196.09	539.6
1169.54	530.21
1064.75	516.81
904.07	516.81
783.91	544.96
774.13	554.34
776.93	561.04
775.53	565.06
769.94	565.06
758.76	562.38
728.02	558.36
681.92	555.68
630.22	554.34
572.93	562.38
540.8	573.1
501.68	574.44
459.76	566.4
440.2	555.68
437.4	550.32
442.99	540.94
427.62	534.23
375.93	531.55
343.79	539.6
313.05	548.98
272.53	551.66
233.41	551.66
204.07	546.3
206.86	544.96
236.2	544.96
315.85	547.64
392.69	553
459.76	547.64
507.26	535.57
519.84	531.55
519.84	531.55
526.83	530.21
539.4	528.87
544.99	527.53
560.36	519.49
582.71	508.77
588.3	503.41
592.49	492.69
598.08	469.9
600.88	457.84
599.48	456.5
581.32	457.84
563.15	460.52
540.8	447.12
528.22	408.25
529.62	372.06
546.39	343.92
568.74	334.54
605.07	334.54
634.41	345.26
645.59	370.72
652.57	398.87
655.37	402.89
655.37	402.89
648.38	408.25
626.03	413.61
614.85	413.61
613.45	413.61
609.26	417.63
592.49	429.69
575.73	440.42
570.14	456.5
584.11	494.03
630.22	514.13
684.71	515.47
725.23	510.11
740.6	496.71
751.78	476.6
757.37	472.58
762.95	473.92
793.69	491.35
856.57	532.89
892.9	563.72
908.27	593.21
911.06	620.01
912.46	640.11
912.46	646.82
912.46	646.82
905.47	642.8
887.31	618.67
830.02	577.12
748.98	554.34
726.63	553
725.23	553
716.85	553
686.11	544.96
626.03	523.51
596.69	502.07
592.49	488.67
586.91	479.28
574.33	471.24
557.56	461.86
535.21	456.5
522.63	456.5
515.65	456.5
503.07	456.5
484.91	452.48
463.95	441.76
429.02	418.97
405.27	401.55
403.87	398.87
406.67	396.19
413.65	394.85
434.61	393.51
456.96	393.51
462.55	393.51
462.55	393.51
462.55	393.51
462.55	393.51
462.55	393.51
462.55	393.51
466.75	393.51
483.51	389.49
494.69	386.81
494.69	386.81
507.26	380.1
539.4	361.34
561.76	335.88
591.1	298.35
603.67	283.61
603.67	282.26
600.88	280.92
596.69	286.29
595.29	295.67
595.29	313.09
588.3	317.11
586.91	317.11
586.91	317.11
586.91	317.11
586.91	317.11
586.91	317.11
586.91	317.11
586.91	317.11
586.91	317.11
586.91	317.11
586.91	317.11
586.91	317.11
586.91	317.11
586.91	317.11
586.91	317.11
586.91	317.11
586.91	317.11
586.91	317.11
586.91	317.11
586.91	317.11
596.69	317.11
633.01	319.79
728.02	346.6
725.23	364.02
690.3	376.08
688.9	378.76
695.89	397.53
690.3	418.97
666.55	436.39
652.57	439.08
630.22	439.08
614.85	439.08
591.1	439.08
543.59	439.08
531.02	437.74
531.02	437.74
531.02	437.74
540.8	437.74
596.69	441.76
623.23	444.44
635.81	425.67
635.81	357.32
627.43	282.26
665.15	221.95
694.49	207.21
695.89	201.85
687.51	192.47
746.19	234.02
746.19	234.02
746.19	234.02
746.19	234.02
726.63	238.04
628.82	238.04
543.59	235.36
497.48	244.74
487.7	258.14
487.7	278.24
480.72	303.71
476.53	338.56
508.66	360
561.76	372.06
653.97	377.42
705.67	381.44
707.07	382.78
718.24	382.78
760.16	389.49
804.87	392.17
839.8	401.55
873.33	414.95
885.91	420.31
904.07	428.35
913.85	432.37
930.62	437.74
979.52	447.12
1008.86	449.8
1029.82	452.48
1082.92	448.46
1120.64	435.05
1122.04	433.71
1138.81	433.71
1151.38	433.71
1151.38	433.71
1155.57	433.71
1159.76	433.71
1159.76	433.71
1143	433.71
1043.8	444.44
932.02	457.84
870.54	472.58
837.01	485.98
818.84	488.67
804.87	488.67
799.28	490.01
796.49	491.35
781.12	498.05
751.78	506.09
735.01	508.77
718.24	511.45
694.49	519.49
702.87	526.19
786.71	534.23
877.53	535.57
904.07	527.53
904.07	515.47
901.28	512.79
901.28	512.79
899.88	511.45
898.48	511.45
898.48	511.45
898.48	511.45
912.46	515.47
937.61	519.49
944.59	523.51
959.96	532.89
972.54	539.6
986.51	546.3
990.7	547.64
992.1	547.64
972.54	543.62
905.47	538.25
827.23	540.94
723.83	551.66
586.91	557.02
477.92	554.34
458.36	553
458.36	554.34
451.38	561.04
445.79	563.72
438.8	565.06
412.25	565.06
378.72	566.4
359.16	566.4
356.37	569.08
363.35	573.1
363.35	573.1
364.75	573.1
403.87	551.66
512.85	540.94
557.56	538.25
558.96	536.91
564.55	538.25
589.7	550.32
623.23	562.38
635.81	565.06
635.81	562.38
635.81	562.38
627.43	559.7
610.66	558.36
606.47	558.36
606.47	558.36
610.66	557.02
614.85	555.68
614.85	555.68
614.85	555.68
614.85	555.68
614.85	555.68
614.85	555.68
614.85	555.68
614.85	555.68
614.85	555.68
614.85	555.68
614.85	555.68
614.85	555.68
614.85	555.68
614.85	555.68
614.85	555.68
614.85	555.68
614.85	555.68
612.06	554.34
609.26	554.34
606.47	553
603.67	551.66
598.08	551.66
598.08	551.66
598.08	550.32
598.08	550.32
598.08	550.32
598.08	550.32
620.44	547.64
716.85	512.79
769.94	479.28
771.34	457.84
761.56	414.95
757.37	406.91
757.37	406.91
758.76	382.78
758.76	358.66
758.76	349.28
764.35	338.56
772.74	322.47
776.93	314.43
776.93	314.43
776.93	314.43
776.93	314.43
776.93	314.43
776.93	314.43
776.93	314.43
776.93	314.43
776.93	314.43
776.93	315.77
778.32	326.49
781.12	329.17
781.12	330.51
781.12	331.85
781.12	331.85
781.12	331.85
781.12	331.85
781.12	334.54
788.1	355.98
811.86	400.21
838.4	436.39
849.58	457.84
850.98	464.54
849.58	473.92
838.4	498.05
832.82	510.11
831.42	515.47
828.62	526.19
827.23	531.55
827.23	531.55
824.43	527.53
809.06	498.05
760.16	459.18
691.7	445.78
634.41	445.78
599.48	456.5
600.88	453.82
624.63	429.69
673.53	388.15
709.86	368.04
739.2	343.92
743.39	334.54
739.2	333.19
732.22	335.88
732.22	335.88
732.22	333.19
739.2	318.45
744.79	311.75
748.98	302.37
755.97	292.99
758.76	290.31
761.56	284.95
765.75	276.9
765.75	275.56
765.75	271.54
765.75	262.16
764.35	259.48
753.17	258.14
744.79	254.12
736.41	250.1
736.41	250.1
736.41	250.1
736.41	250.1
736.41	251.44
735.01	259.48
735.01	267.52
735.01	279.58
740.6	291.65
740.6	292.99
740.6	292.99
744.79	295.67
747.59	298.35
750.38	299.69
751.78	301.03
751.78	301.03
751.78	301.03
751.78	301.03
753.17	303.71
753.17	305.05
753.17	305.05
753.17	305.05
753.17	305.05
753.17	305.05
757.37	305.05
762.95	305.05
775.53	311.75
793.69	321.13
803.47	323.81
806.27	323.81
814.65	315.77
816.05	311.75
816.05	311.75
816.05	315.77
817.45	330.51
820.24	337.22
820.24	337.22
818.84	342.58
817.45	349.28
817.45	351.96
816.05	354.64
811.86	354.64
809.06	343.92
804.87	337.22
797.89	331.85
796.49	330.51
796.49	330.51
796.49	330.51
796.49	330.51
796.49	330.51
796.49	330.51
796.49	330.51
796.49	330.51
796.49	330.51
796.49	330.51
796.49	330.51
796.49	330.51
795.09	330.51
793.69	330.51
792.3	331.85
792.3	331.85
792.3	333.19
790.9	333.19
790.9	333.19
789.5	334.54
789.5	334.54
789.5	334.54
789.5	334.54
789.5	334.54
789.5	335.88
789.5	335.88
786.71	337.22
786.71	338.56
786.71	339.9
786.71	341.24
786.71	341.24
786.71	341.24
786.71	341.24
786.71	341.24
786.71	341.24
786.71	341.24
789.5	341.24
793.69	341.24
797.89	338.56
802.08	338.56
802.08	338.56
802.08	338.56
806.27	342.58
816.05	350.62
816.05	350.62
816.05	350.62
816.05	350.62
814.65	347.94
814.65	346.6
814.65	346.6
814.65	346.6
814.65	346.6
814.65	346.6
814.65	346.6
814.65	346.6
814.65	346.6
814.65	346.6
814.65	346.6
814.65	346.6
814.65	346.6
814.65	346.6
814.65	346.6
814.65	346.6
814.65	346.6
814.65	343.92
813.25	338.56
811.86	335.88
811.86	334.54
811.86	334.54
810.46	333.19
809.06	333.19
807.67	333.19
797.89	333.19
790.9	334.54
790.9	335.88
790.9	335.88
790.9	335.88
790.9	335.88
790.9	335.88
790.9	335.88
790.9	335.88
790.9	335.88
790.9	335.88
790.9	335.88
790.9	341.24
789.5	346.6
782.52	353.3
762.95	370.72
732.22	392.17
702.87	413.61
669.34	433.71
653.97	443.1
653.97	443.1
653.97	443.1
656.77	441.76
663.75	433.71
665.15	432.37
665.15	425.67
656.77	400.21
627.43	378.76
600.88	373.4
585.51	370.72
568.74	362.68
554.77	354.64
531.02	342.58
503.07	331.85
501.68	331.85
501.68	333.19
504.47	335.88
514.25	339.9
529.62	341.24
535.21	334.54
535.21	333.19
560.36	339.9
620.44	358.66
672.14	374.74
721.04	393.51
747.59	402.89
761.56	404.23
772.74	404.23
781.12	398.87
786.71	392.17
790.9	389.49
792.3	388.15
799.28	388.15
820.24	389.49
830.02	389.49
824.43	386.81
786.71	382.78
714.05	373.4
673.53	372.06
672.14	372.06
672.14	372.06
660.96	365.36
603.67	341.24
517.05	326.49
483.51	334.54
469.54	353.3
473.73	354.64
511.46	347.94
561.76	335.88
596.69	329.17
635.81	327.83
698.68	334.54
735.01	334.54
740.6	327.83
742	319.79
739.2	311.75
736.41	307.73
737.81	307.73
742	307.73
742	306.39
747.59	306.39
754.57	306.39
751.78	295.67
725.23	283.61
677.72	272.88
610.66	275.56
539.4	292.99
505.87	298.35
496.09	297.01
487.7	288.97
486.31	280.92
476.53	272.88
452.77	266.18
424.83	264.84
391.3	264.84
349.38	264.84
308.86	268.86
259.96	275.56
216.64	279.58
216.64	280.92
268.34	286.29
353.57	290.31
459.76	290.31
526.83	284.95
547.78	278.24
584.11	279.58
621.84	283.61
655.37	282.26
714.05	274.22
764.35	271.54
764.35	264.84
748.98	259.48
748.98	259.48
748.98	259.48
748.98	259.48
748.98	259.48
748.98	259.48
733.61	268.86
718.24	286.29
722.44	302.37
730.82	311.75
744.79	317.11
809.06	326.49
884.51	325.15
945.99	331.85
993.5	350.62
1027.03	381.44
1087.11	447.12
1119.24	485.98
1123.44	508.77
1124.83	523.51
1124.83	523.51
1124.83	530.21
1122.04	543.62
1119.24	551.66
1109.46	558.36
1098.29	566.4
1092.7	571.76
1061.96	573.1
972.54	565.06
901.28	555.68
880.32	546.3
876.13	543.62
891.5	543.62
950.18	522.17
1025.63	481.96
1053.58	479.28
1061.96	481.96
1071.74	484.64
1095.49	484.64
1119.24	476.6
1138.81	445.78
1145.79	412.27
1149.98	386.81
1154.17	353.3
1149.98	326.49
1143	311.75
1144.39	297.01
1143	278.24
1130.42	268.86
1112.26	263.5
1096.89	263.5
1070.34	270.2
1045.19	272.88
1041	274.22
1035.41	280.92
1034.01	291.65
1070.34	292.99
1101.08	292.99
1103.88	295.67
1085.71	309.07
1042.4	327.83
978.13	360
965.55	364.02
965.55	364.02
965.55	365.36
962.76	369.38
962.76	369.38
959.96	374.74
955.77	384.12
934.81	401.55
899.88	414.95
891.5	414.95
876.13	414.95
846.79	414.95
828.62	416.29
834.21	417.63
863.55	417.63
909.66	408.25
957.17	388.15
975.33	366.7
975.33	360
975.33	353.3
975.33	342.58
973.93	338.56
971.14	337.22
962.76	331.85
957.17	326.49
950.18	322.47
933.42	310.41
908.27	302.37
891.5	302.37
857.97	307.73
820.24	315.77
807.67	317.11
792.3	318.45
767.15	319.79
757.37	321.13
750.38	321.13
723.83	317.11
711.26	315.77
711.26	315.77
707.07	314.43
693.09	310.41
686.11	306.39
684.71	298.35
679.12	290.31
679.12	290.31
679.12	290.31
679.12	290.31
683.31	288.97
687.51	284.95
690.3	278.24
700.08	270.2
709.86	264.84
716.85	260.82
725.23	260.82
747.59	260.82
762.95	258.14
774.13	255.46
785.31	251.44
790.9	250.1
796.49	250.1
818.84	259.48
845.39	263.5
867.75	267.52
897.09	278.24
926.43	283.61
929.22	283.61
925.03	284.95
887.31	295.67
776.93	313.09
568.74	323.81
409.46	342.58
361.95	354.64
356.37	357.32
350.78	355.98
352.17	327.83
357.76	303.71
367.54	276.9
370.34	244.74
368.94	238.04
368.94	236.7
370.34	234.02
388.5	224.63
422.03	217.93
444.39	216.59
463.95	212.57
482.11	208.55
487.7	207.21
487.7	207.21
487.7	207.21
487.7	207.21
487.7	207.21
487.7	207.21
487.7	207.21
487.7	207.21
500.28	215.25
543.59	229.99
627.43	244.74
700.08	250.1
729.42	246.08
740.6	238.04
751.78	228.65
764.35	221.95
778.32	216.59
797.89	213.91
820.24	212.57
855.17	216.59
927.83	231.33
992.1	239.38
1059.16	240.72
1096.89	238.04
1098.29	236.7
1094.09	235.36
1094.09	235.36
1094.09	235.36
1094.09	235.36
1094.09	240.72
1080.12	302.37
1078.73	350.62
1098.29	385.46
1112.26	390.83
1112.26	390.83
1112.26	390.83
1063.36	382.78
897.09	354.64
760.16	364.02
725.23	388.15
733.61	393.51
744.79	393.51
721.04	382.78
638.6	365.36
568.74	362.68
550.58	370.72
544.99	377.42
532.41	378.76
514.25	376.08
511.46	376.08
511.46	376.08
511.46	376.08
512.85	382.78
526.83	393.51
532.41	396.19
532.41	396.19
532.41	396.19
532.41	396.19
532.41	396.19
535.21	397.53
536.61	397.53
536.61	400.21
539.4	402.89
542.19	406.91
543.59	406.91
543.59	406.91
554.77	413.61
571.54	414.95
575.73	416.29
578.52	417.63
593.89	424.33
596.69	425.67
596.69	425.67
596.69	427.01
596.69	427.01
596.69	429.69
593.89	428.35
586.91	416.29
574.33	406.91
570.14	405.57
571.54	405.57
574.33	405.57
574.33	405.57
574.33	405.57
575.73	405.57
596.69	409.59
633.01	420.31
662.36	421.65
691.7	418.97
732.22	409.59
743.39	408.25
760.16	405.57
774.13	404.23
774.13	404.23
764.35	404.23
758.76	405.57
742	408.25
723.83	416.29
704.27	425.67
672.14	431.03
651.18	432.37
651.18	432.37
651.18	432.37
655.37	432.37
666.55	427.01
667.94	424.33
662.36	420.31
648.38	416.29
617.64	410.93
565.95	398.87
546.39	394.85
546.39	394.85
546.39	394.85
546.39	394.85
549.18	394.85
550.58	394.85
550.58	394.85
550.58	394.85
550.58	394.85
546.39	394.85
539.4	396.19
535.21	397.53
533.81	398.87
525.43	401.55
517.05	402.89
514.25	404.23
505.87	405.57
496.09	405.57
494.69	405.57
491.9	405.57
477.92	401.55
473.73	401.55
473.73	401.55
470.94	401.55
463.95	401.55
458.36	401.55
452.77	398.87
447.18	394.85
442.99	393.51
441.6	390.83
434.61	388.15
429.02	386.81
429.02	386.81
429.02	386.81
426.23	386.81
424.83	386.81
424.83	386.81
424.83	384.12
429.02	380.1
430.42	377.42
431.82	374.74
437.4	369.38
451.38	360
486.31	358.66
588.3	376.08
681.92	374.74
695.89	369.38
695.89	364.02
695.89	358.66
695.89	358.66
674.93	373.4
663.75	382.78
651.18	386.81
646.99	388.15
646.99	388.15
640	388.15
621.84	390.83
614.85	393.51
614.85	393.51
614.85	393.51
614.85	393.51
614.85	393.51
614.85	393.51
614.85	393.51
614.85	392.17
614.85	390.83
614.85	390.83
614.85	390.83
614.85	384.12
614.85	376.08
614.85	372.06
619.04	347.94
620.44	326.49
620.44	326.49
620.44	331.85
641.4	341.24
670.74	345.26
701.48	345.26
744.79	337.22
802.08	322.47
828.62	311.75
831.42	310.41
832.82	310.41
832.82	310.41
832.82	313.09
835.61	314.43
842.6	314.43
848.18	309.07
848.18	302.37
838.4	287.63
796.49	280.92
736.41	286.29
693.09	306.39
691.7	306.39
719.64	303.71
795.09	303.71
866.35	299.69
897.09	287.63
898.48	272.88
891.5	259.48
881.72	251.44
876.13	248.76
874.73	247.42
873.33	246.08
862.16	248.76
849.58	252.78
841.2	255.46
838.4	266.18
842.6	286.29
849.58	298.35
849.58	302.37
845.39	307.73
845.39	310.41
845.39	310.41
845.39	311.75
848.18	323.81
856.57	329.17
857.97	329.17
857.97	326.49
850.98	318.45
832.82	311.75
806.27	310.41
788.1	314.43
769.94	321.13
750.38	331.85
742	338.56
742	338.56
737.81	339.9
732.22	341.24
725.23	331.85
708.46	323.81
686.11	321.13
683.31	321.13
683.31	321.13
683.31	321.13
686.11	319.79
686.11	315.77
680.52	311.75
659.56	309.07
634.41	309.07
616.25	317.11
598.08	325.15
578.52	331.85
563.15	335.88
563.15	335.88
561.76	335.88
558.96	334.54
558.96	334.54
554.77	335.88
546.39	339.9
544.99	342.58
544.99	342.58
547.78	339.9
553.37	331.85
557.56	326.49
557.56	326.49
553.37	327.83
546.39	330.51
539.4	333.19
529.62	333.19
522.63	333.19
514.25	333.19
500.28	334.54
493.29	335.88
490.5	337.22
490.5	337.22
490.5	337.22
490.5	337.22
491.9	335.88
491.9	334.54
490.5	334.54
484.91	334.54
479.32	337.22
479.32	337.22
477.92	339.9
475.13	346.6
482.11	358.66
515.65	368.04
521.24	370.72
521.24	370.72
526.83	370.72
528.22	369.38
518.44	368.04
496.09	370.72
461.16	380.1
423.43	381.44
401.08	376.08
384.31	373.4
343.79	369.38
352.17	354.64
436.01	287.63
486.31	254.12
526.83	215.25
563.15	196.49
612.06	177.72
646.99	162.98
658.16	156.28
662.36	148.24
666.55	125.45
683.31	112.05
723.83	95.97
762.95	78.55
771.34	74.52
783.91	73.18
802.08	81.23
820.24	121.43
885.91	204.53
951.58	275.56
1003.28	307.73
1038.21	313.09
1050.78	307.73
1054.97	303.71
1060.56	303.71
1074.53	307.73
1080.12	307.73
1064.75	306.39
982.32	299.69
832.82	294.33
681.92	329.17
612.06	338.56
577.13	343.92
547.78	357.32
526.83	368.04
515.65	370.72
496.09	373.4
487.7	378.76
487.7	378.76
487.7	378.76
489.1	378.76
491.9	378.76
484.91	386.81
463.95	404.23
456.96	420.31
480.72	435.05
567.34	457.84
631.62	464.54
633.01	457.84
598.08	445.78
561.76	443.1
547.78	448.46
551.98	453.82
564.55	457.84
574.33	461.86
588.3	460.52
596.69	455.16
596.69	455.16
606.47	457.84
656.77	440.42
679.12	425.67
680.52	412.27
690.3	398.87
700.08	394.85
700.08	394.85
708.46	397.53
736.41	406.91
757.37	409.59
769.94	408.25
781.12	408.25
786.71	409.59
813.25	418.97
852.38	425.67
862.16	427.01
862.16	425.67
860.76	424.33
817.45	420.31
712.66	405.57
645.59	394.85
640	392.17
641.4	385.46
641.4	385.46
646.99	384.12
646.99	384.12
646.99	384.12
646.99	384.12
646.99	384.12
646.99	384.12
646.99	384.12
653.97	386.81
662.36	386.81
662.36	386.81
677.72	382.78
695.89	381.44
697.29	381.44
697.29	381.44
708.46	385.46
739.2	385.46
799.28	393.51
871.94	405.57
918.05	417.63
971.14	440.42
1020.04	451.14
1028.43	452.48
1028.43	452.48
1034.01	452.48
1041	451.14
1042.4	449.8
1042.4	449.8
1038.21	448.46
990.7	447.12
915.25	445.78
852.38	447.12
821.64	456.5
816.05	468.56
818.84	471.24
818.84	471.24
814.65	473.92
804.87	473.92
785.31	449.8
757.37	410.93
750.38	384.12
746.19	380.1
718.24	385.46
672.14	397.53
659.56	400.21
659.56	400.21
655.37	396.19
652.57	390.83
648.38	385.46
631.62	382.78
605.07	384.12
589.7	388.15
589.7	388.15
599.48	384.12
619.04	373.4
623.23	373.4
637.21	376.08
674.93	381.44
705.67	385.46
725.23	386.81
742	385.46
743.39	382.78
747.59	377.42
748.98	374.74
748.98	374.74
746.19	373.4
746.19	374.74
746.19	374.74
746.19	374.74
746.19	372.06
744.79	369.38
736.41	365.36
723.83	366.7
704.27	368.04
673.53	370.72
651.18	374.74
646.99	374.74
645.59	374.74
645.59	366.7
645.59	358.66
638.6	354.64
630.22	353.3
624.63	353.3
623.23	355.98
619.04	358.66
612.06	360
606.47	360
596.69	360
589.7	360
589.7	361.34
589.7	361.34
600.88	366.7
626.03	370.72
631.62	370.72
631.62	370.72
631.62	365.36
624.63	358.66
610.66	350.62
665.15	433.71
680.52	435.05
680.52	435.05
680.52	435.05
680.52	435.05
680.52	435.05
680.52	435.05
673.53	436.39
673.53	444.44
683.31	447.12
684.71	445.78
684.71	440.42
686.11	431.03
683.31	410.93
674.93	396.19
672.14	389.49
672.14	380.1
659.56	376.08
630.22	374.74
609.26	374.74
602.28	374.74
598.08	378.76
596.69	378.76
592.49	380.1
579.92	380.1
572.93	380.1
572.93	380.1
567.34	380.1
550.58	380.1
544.99	381.44
544.99	381.44
540.8	384.12
540.8	384.12
540.8	385.46
542.19	385.46
549.18	385.46
561.76	384.12
563.15	384.12
563.15	384.12
574.33	385.46
579.92	385.46
585.51	385.46
602.28	386.81
613.45	386.81
613.45	386.81
613.45	386.81
613.45	386.81
613.45	386.81
613.45	386.81
619.04	386.81
623.23	386.81
623.23	386.81
623.23	386.81
624.63	386.81
628.82	386.81
635.81	386.81
646.99	388.15
645.59	382.78
631.62	372.06
631.62	372.06
631.62	372.06
631.62	372.06
631.62	372.06
631.62	372.06
631.62	372.06
631.62	372.06
645.59	380.1
695.89	394.85
733.61	396.19
732.22	390.83
730.82	388.15
733.61	388.15
736.41	388.15
739.2	388.15
740.6	388.15
740.6	388.15
743.39	388.15
761.56	390.83
785.31	394.85
790.9	394.85
790.9	394.85
790.9	394.85
782.52	394.85
769.94	394.85
768.54	394.85
768.54	394.85
755.97	392.17
744.79	390.83
744.79	390.83
739.2	390.83
719.64	389.49
702.87	389.49
690.3	386.81
688.9	386.81
688.9	386.81
695.89	384.12
704.27	381.44
707.07	381.44
707.07	381.44
707.07	381.44
707.07	381.44
707.07	381.44
707.07	381.44
707.07	381.44
701.48	381.44
683.31	382.78
660.96	382.78
627.43	385.46
605.07	389.49
600.88	389.49
593.89	390.83
582.71	394.85
575.73	396.19
551.98	404.23
486.31	421.65
442.99	439.08
430.42	444.44
422.03	449.8
420.64	451.14
420.64	451.14
412.25	453.82
399.68	456.5
387.1	460.52
363.35	463.2
331.22	463.2
289.3	461.86
236.2	461.86
218.04	463.2
215.25	465.88
213.85	469.9
213.85	471.24
239	473.92
287.9	475.26
357.76	475.26
438.8	472.58
526.83	457.84
553.37	455.16
553.37	455.16
554.77	453.82
556.17	452.48
556.17	452.48
549.18	452.48
538	451.14
529.62	445.78
514.25	440.42
476.53	435.05
442.99	436.39
433.21	444.44
433.21	451.14
442.99	452.48
451.38	451.14
454.17	449.8
454.17	447.12
456.96	447.12
459.76	447.12
459.76	447.12
459.76	447.12
459.76	447.12
452.77	448.46
437.4	449.8
426.23	453.82
412.25	457.84
385.71	460.52
370.34	460.52
366.15	460.52
364.75	460.52
364.75	460.52
364.75	460.52
364.75	460.52
361.95	461.86
360.56	461.86
360.56	461.86
360.56	461.86
363.35	464.54
384.31	468.56
405.27	469.9
410.86	469.9
410.86	469.9
412.25	469.9
416.45	467.22
429.02	460.52
459.76	451.14
500.28	444.44
557.56	440.42
635.81	441.76
646.99	443.1
631.62	443.1
614.85	440.42
612.06	436.39
612.06	433.71
619.04	428.35
628.82	421.65
631.62	421.65
648.38	421.65
667.94	422.99
670.74	422.99
686.11	424.33
704.27	425.67
705.67	425.67
705.67	425.67
705.67	425.67
708.46	425.67
718.24	427.01
735.01	427.01
761.56	425.67
778.32	425.67
786.71	424.33
789.5	420.31
796.49	418.97
804.87	417.63
806.27	414.95
811.86	412.27
813.25	409.59
813.25	409.59
807.67	408.25
781.12	408.25
739.2	408.25
698.68	412.27
665.15	427.01
633.01	440.42
614.85	445.78
613.45	445.78
612.06	445.78
602.28	445.78
586.91	441.76
563.15	441.76
529.62	441.76
511.46	441.76
510.06	441.76
504.47	441.76
491.9	443.1
490.5	443.1
490.5	443.1
490.5	443.1
494.69	444.44
519.84	445.78
556.17	445.78
589.7	444.44
620.44	439.08
651.18	435.05
672.14	435.05
693.09	435.05
708.46	436.39
709.86	436.39
709.86	436.39
711.26	437.74
711.26	437.74
715.45	437.74
718.24	439.08
729.42	441.76
754.57	444.44
782.52	443.1
803.47	444.44
838.4	449.8
860.76	451.14
870.54	451.14
885.91	453.82
892.9	453.82
892.9	453.82
892.9	453.82
894.29	455.16
897.09	456.5
897.09	456.5
897.09	456.5
869.14	456.5
793.69	459.18
697.29	467.22
631.62	477.94
619.04	477.94
619.04	477.94
619.04	477.94
616.25	477.94
616.25	477.94
616.25	477.94
616.25	479.28
621.84	492.69
634.41	508.77
635.81	519.49
624.63	524.85
612.06	526.19
599.48	526.19
585.51	523.51
578.52	520.83
577.13	520.83
577.13	519.49
575.73	516.81
565.95	511.45
554.77	506.09
549.18	503.41
543.59	499.39
542.19	498.05
547.78	490.01
556.17	481.96
564.55	476.6
578.52	465.88
589.7	460.52
592.49	457.84
603.67	451.14
616.25	444.44
619.04	440.42
621.84	433.71
624.63	427.01
627.43	424.33
634.41	422.99
645.59	421.65
649.78	418.97
656.77	417.63
665.15	414.95
666.55	414.95
669.34	413.61
683.31	412.27
698.68	406.91
707.07	398.87
715.45	384.12
715.45	370.72
688.9	346.6
669.34	331.85
667.94	330.51
667.94	330.51
659.56	333.19
641.4	350.62
634.41	361.34
630.22	368.04
620.44	380.1
614.85	385.46
612.06	385.46
607.86	386.81
612.06	390.83
648.38	392.17
688.9	385.46
726.63	385.46
750.38	386.81
755.97	389.49
771.34	398.87
786.71	405.57
788.1	405.57
786.71	405.57
786.71	405.57
785.31	405.57
785.31	405.57
800.68	405.57
825.83	404.23
837.01	401.55
843.99	398.87
857.97	398.87
860.76	398.87
860.76	398.87
860.76	398.87
835.61	392.17
779.72	384.12
760.16	384.12
775.53	384.12
803.47	384.12
817.45	384.12
789.5	384.12
704.27	386.81
614.85	402.89
584.11	417.63
589.7	417.63
613.45	412.27
623.23	404.23
628.82	397.53
637.21	393.51
637.21	393.51
633.01	393.51
623.23	394.85
600.88	394.85
570.14	394.85
547.78	396.19
535.21	402.89
526.83	406.91
526.83	406.91
526.83	406.91
526.83	406.91
526.83	406.91
526.83	406.91
522.63	406.91
522.63	406.91
524.03	408.25
543.59	408.25
598.08	413.61
704.27	417.63
825.83	412.27
876.13	406.91
877.53	398.87
871.94	393.51
866.35	392.17
845.39	393.51
796.49	401.55
729.42	410.93
708.46	406.91
707.07	394.85
705.67	381.44
687.51	370.72
672.14	368.04
648.38	366.7
627.43	373.4
626.03	374.74
627.43	374.74
635.81	365.36
644.19	353.3
658.16	343.92
666.55	339.9
667.94	338.56
676.33	342.58
687.51	346.6
695.89	346.6
695.89	343.92
695.89	343.92
695.89	343.92
695.89	345.26
686.11	354.64
684.71	358.66
684.71	358.66
700.08	360
730.82	364.02
753.17	365.36
761.56	369.38
769.94	370.72
776.93	370.72
782.52	372.06
793.69	372.06
793.69	372.06
793.69	372.06
788.1	372.06
783.91	372.06
783.91	372.06
783.91	372.06
783.91	372.06
782.52	372.06
772.74	372.06
772.74	376.08
772.74	380.1
768.54	380.1
762.95	380.1
760.16	380.1
758.76	380.1
758.76	380.1
758.76	380.1
758.76	378.76
760.16	376.08
764.35	373.4
772.74	373.4
776.93	372.06
778.32	372.06
778.32	370.72
778.32	370.72
778.32	370.72
778.32	370.72
778.32	370.72
778.32	370.72
778.32	370.72
797.89	372.06
876.13	384.12
978.13	401.55
1038.21	416.29
1085.71	427.01
1115.05	428.35
1136.01	435.05
1172.34	448.46
1197.49	453.82
1203.08	456.5
1204.47	459.18
1207.27	467.22
1205.87	471.24
1196.09	481.96
1187.71	494.03
1187.71	494.03
1186.31	494.03
1172.34	487.32
1147.19	477.94
1112.26	472.58
1071.74	471.24
1053.58	471.24
1050.78	471.24
1039.6	469.9
1010.26	465.88
997.69	465.88
996.29	465.88
993.5	467.22
986.51	469.9
980.92	471.24
964.15	471.24
929.22	468.56
902.68	444.44
888.7	397.53
848.18	372.06
816.05	362.68
811.86	361.34
811.86	361.34
809.06	361.34
800.68	365.36
796.49	365.36
796.49	365.36
796.49	362.68
796.49	358.66
796.49	357.32
781.12	350.62
774.13	346.6
774.13	346.6
774.13	346.6
776.93	346.6
790.9	346.6
831.42	361.34
933.42	401.55
982.32	413.61
969.74	412.27
941.8	413.61
936.21	416.29
936.21	413.61
934.81	412.27
930.62	412.27
926.43	405.57
923.63	394.85
909.66	389.49
885.91	385.46
874.73	378.76
873.33	378.76
873.33	378.76
873.33	388.15
883.12	398.87
894.29	416.29
915.25	447.12
951.58	456.5
966.95	449.8
983.71	444.44
996.29	444.44
997.69	444.44
997.69	444.44
997.69	445.78
997.69	445.78
997.69	445.78
989.3	444.44
925.03	435.05
809.06	420.31
768.54	429.69
771.34	432.37
775.53	432.37
775.53	432.37
764.35	432.37
681.92	425.67
577.13	422.99
538	427.01
536.61	437.74
533.81	448.46
533.81	453.82
533.81	464.54
531.02	468.56
529.62	469.9
522.63	469.9
505.87	469.9
473.73	467.22
458.36	465.88
455.57	472.58
447.18	479.28
447.18	479.28
448.58	479.28
448.58	479.28
448.58	479.28
448.58	479.28
448.58	479.28
436.01	480.62
427.62	480.62
427.62	479.28
426.23	477.94
423.43	477.94
422.03	477.94
387.1	480.62
329.82	484.64
324.23	485.98
338.2	485.98
359.16	488.67
359.16	488.67
352.17	490.01
353.57	477.94
366.15	461.86
368.94	459.18
368.94	459.18
366.15	459.18
354.97	459.18
349.38	459.18
349.38	459.18
349.38	459.18
352.17	456.5
353.57	456.5
356.37	455.16
375.93	447.12
405.27	441.76
463.95	412.27
526.83	392.17
609.26	398.87
736.41	405.57
828.62	396.19
877.53	396.19
883.12	386.81
883.12	370.72
883.12	360
883.12	360
877.53	358.66
811.86	355.98
695.89	368.04
596.69	389.49
539.4	420.31
522.63	441.76
517.05	443.1
482.11	440.42
427.62	429.69
409.46	424.33
410.86	424.33
419.24	424.33
431.82	424.33
448.58	422.99
448.58	422.99
438.8	422.99
422.03	425.67
412.25	432.37
405.27	435.05
398.28	435.05
398.28	435.05
398.28	435.05
398.28	435.05
402.47	433.71
408.06	428.35
412.25	422.99
412.25	422.99
412.25	422.99
412.25	422.99
412.25	421.65
410.86	418.97
406.67	417.63
406.67	416.29
406.67	416.29
406.67	414.95
409.46	413.61
419.24	410.93
431.82	410.93
431.82	410.93
431.82	410.93
431.82	410.93
433.21	409.59
434.61	409.59
451.38	408.25
463.95	409.59
463.95	409.59
459.76	410.93
437.4	410.93
391.3	406.91
377.32	406.91
392.69	408.25
409.46	398.87
417.84	388.15
423.43	377.42
424.83	374.74
429.02	376.08
459.76	377.42
476.53	376.08
476.53	376.08
477.92	372.06
477.92	369.38
477.92	369.38
476.53	370.72
475.13	373.4
475.13	373.4
475.13	374.74
475.13	374.74
475.13	374.74
491.9	374.74
517.05	374.74
522.63	374.74
522.63	377.42
544.99	386.81
563.15	390.83
564.55	390.83
568.74	390.83
572.93	390.83
572.93	390.83
572.93	389.49
572.93	389.49
572.93	389.49
572.93	389.49
572.93	389.49
574.33	389.49
582.71	389.49
595.29	392.17
606.47	394.85
620.44	396.19
621.84	396.19
624.63	401.55
653.97	416.29
690.3	422.99
707.07	424.33
725.23	424.33
761.56	401.55
788.1	382.78
834.21	361.34
883.12	349.28
909.66	346.6
934.81	342.58
961.36	331.85
975.33	327.83
987.91	327.83
993.5	326.49
993.5	326.49
993.5	326.49
993.5	326.49
993.5	326.49
993.5	325.15
982.32	331.85
940.4	361.34
863.55	380.1
769.94	386.81
725.23	394.85
725.23	394.85
