616.2	333
611	334.45
614.95	337.25
617.5	334.7
623.5	336.45
623.95	333.6
622.25	331.45
620.25	332.35
618	331.1
616.8	333.15
614.85	333.95
682.5	380.1
688.9	381
688.8	380.45
690.35	381.1
689.3	383.75
686.75	381.75
776.15	425.2
756.8	421.9
751.5	415.95
751.3	413.3
750.15	413.35
751.05	413.75
755.8	416
755.85	415.65
753.25	413.75
751.6	411.85
752.3	411.2
749.75	407.95
750.05	408.5
751.5	408.9
756.9	415.1
0	0
0	0
756.7	409
751.55	408.1
747.2	404.55
670.4	316.75
668.65	321.75
670.85	322.05
669.05	322.55
671.05	320.9
670.55	319.2
674.75	320.1
675.55	320.25
680.1	320.2
679.85	321.45
677.65	321
676.85	321.1
677	322.1
671.95	328.1
671.85	329.65
671.6	330.8
668.05	329.9
674.55	335.65
675.2	340.35
673.3	335.05
673	333.35
672.2	338.1
671.85	336.25
674.1	334.35
671.45	338.05
673.15	340.1
676.4	339.35
676.55	341.05
679.65	346.65
683.7	346.8
683.7	345.45
680.75	348.05
680.95	346.85
679.75	346.7
684.1	348.85
682.85	348.85
681.2	351.6
679.25	352.05
679.35	351.85
681.1	357.5
683.2	358.7
684.3	356.95
683.9	357.3
682.85	357.3
683.95	357.85
680.9	360.4
683.6	360.6
685.15	361
683.15	367.55
690.4	369.05
682.35	357.4
678.15	356.3
678.55	352.1
681.05	349.15
678.1	350.8
679.2	349.8
682.55	350.15
680.55	352.55
678.3	350
677.45	349.65
681.15	346.25
680.75	344.9
678.8	346.85
679.7	348.1
680.7	346.95
676.5	337.2
680.2	342.55
672.6	346.95
679.5	344.9
680.9	352.4
685.55	350.3
681	353.85
686.85	351.6
687.45	349.7
690.4	354.3
693.5	357.1
695.25	361.7
697.35	360
703.7	360.9
706.7	366.45
707.8	368.85
711.85	370.55
715	370.3
717.35	371.5
720.05	372.6
724.25	374.2
724.65	375.7
726.65	374.25
726.45	379.25
722.05	376.25
725.2	372.85
725.45	367.5
729.7	378.55
729.3	388
726.5	378
725.6	384.35
720.65	384.15
722.6	387.45
725.05	390.6
725.05	392.9
730.25	396.5
728.25	396.9
736.45	393.05
733.65	391.55
733.3	390.6
732.5	393.75
734.65	391.4
733.9	393.35
731.75	396.2
731.95	404.65
726	403.2
726.2	400.75
730.9	404.75
730.75	410.15
473.65	366.65
482.8	371.95
481.4	375.95
480.9	378.15
481.9	381.2
482.9	382.2
488.05	384
497.65	388
504.25	393.25
503.2	393.5
505.95	393.75
512.3	397.1
515.15	400.75
517.25	400.7
518.05	401.6
811	332.7
807.5	342.85
808.55	345.35
813	346.95
817.7	346.25
822	335.9
823.7	337.7
821.55	346.1
827.65	349.3
825.1	353.3
829.4	351.75
832.7	350
836.5	350.3
838.05	349.05
845.45	350.5
846.95	354.05
850.7	354.25
853	352.7
857.45	353.95
859.85	352.6
859.55	351.55
854.4	352.5
854.45	358.05
860.25	362.2
857.35	363.75
857.2	368.6
856.5	368.55
857	367.95
856.3	366.6
854.65	366.3
849.9	367.55
849.15	367
846.7	363.05
846.45	370.85
850.6	375.35
852.6	379.35
851.1	379.3
847.3	383
847.45	382.25
844.35	385.95
838.25	384.6
825.05	277.65
825	285.45
822.55	286.5
823.45	295.95
821.4	305.15
819.65	298.3
819.7	300.7
815.25	298.55
813.05	295.95
809.85	298.95
811.15	302.2
813.15	307.15
816	306.7
813.45	310.45
811.4	308.9
813.1	306.2
809.25	309.1
805.15	302.7
802.7	303.75
798.45	305.85
799.4	309.25
613.75	337.65
607	330
599.8	334.85
593.2	335.9
597.35	338.4
596.65	337.1
597.45	334.65
597.05	340.4
599	340.75
597.95	349.45
596.85	341.5
598.35	339.4
593.85	333.1
590.95	329.4
588.75	332.1
586.25	336.75
590.25	338.1
590.05	338.6
592.35	343.25
584.45	342.9
587.75	337.4
588.25	339.6
589.2	343.5
586.75	344.9
584.75	336.9
585.85	354.7
591.45	352.45
615.2	564.9
0	0
0	0
0	0
0	0
0	0
703.45	350.75
706.65	329.2
709.9	343.3
713.95	347.55
707.9	354.65
705.9	359.6
703.05	361.9
701.1	360.8
700.65	369.45
702.35	381.3
691.7	385.6
690.6	385.5
698.45	387.2
691.7	392.15
692.1	393.25
691.15	387.2
689.35	392.35
684	391.4
678.65	394.05
681.8	394.75
681.15	396.2
683	391.05
682.9	397.05
0	0
0	0
0	0
0	0
0	0
0	0
0	0
730.45	333.75
722.15	344
718.35	351.6
719.75	351.4
714.15	351.45
713.65	353.7
715.4	355.25
605.15	388.1
638.45	383.85
638.75	381
639.65	382.05
634.35	390
633.9	389.65
626.2	391.15
620.25	395.3
627.95	391.75
620.3	393.75
617.05	392
613	392.9
613.85	392.35
618.75	392.8
614.35	394.7
615.35	391.95
613.6	392.45
619.6	391.2
617.05	387.2
622.8	383.1
631.25	382.95
632.65	380.2
631.7	379.75
642.15	371.15
646.15	373.3
647.3	371.3
655.8	360.95
659.1	358.05
656.45	361.1
669.2	354.35
658.75	354.95
665.55	345.45
664.15	339.75
660.9	344.65
660.3	346.45
662.6	347.05
662.55	339.9
658.25	340.75
660.45	342.8
662.65	344.7
660.3	341.6
657.65	343.3
657.1	337.7
652.85	346.15
648.05	343.15
644.15	341.25
641.95	346.15
637.9	347.05
627.25	352.4
657.1	317.8
673.45	259.1
678.15	266.4
679.95	275.2
682.9	273.2
684.65	271.3
686.55	268.45
686.95	281.1
691.5	275.9
754.1	262.7
754.4	253.5
758.45	253.9
759.05	253.7
761.25	262.4
760.15	263.5
754.35	261.35
753.25	256.3
749.1	258.95
748.75	258.65
748.2	262.1
742.5	265.05
740.45	271.05
731	266.1
729.4	265.8
724.65	275.8
723	275.15
719.3	278.95
717.5	280.75
614.25	309.5
615.9	308.05
618.15	305.75
615.9	305
617.4	306.35
617.3	305.1
619.85	300.55
615.2	304.45
620.85	298.2
626.1	297
631.5	295.5
631.7	294.9
632.05	296.05
640.4	297.4
644.85	293.85
643.5	296.75
678.9	283.9
724.05	242.9
733.05	241.75
735.7	243.15
739.25	245.5
734.7	244.35
737.15	246.25
736.8	250.1
806.4	213.85
804.25	219.05
804.95	215.75
805	220
809.25	221.95
808.05	223.4
794.5	226.6
796.9	227.5
794.3	231.5
787.45	234.85
786.5	229.2
787.75	233.85
782.75	244.9
777.2	245.2
774.25	248.9
773.5	252.75
768.6	257.35
762.85	258.8
758.3	260.2
749.25	263.55
745.6	269.35
742.8	272
739.85	271.3
736.95	274.5
735.05	274.65
729.85	276.3
730.9	276.7
726.25	274.4
726.45	276.3
723.1	274.5
718.4	275.5
719.05	275.95
717.1	276.25
718	272.65
720.1	271.05
721.9	274.1
720.8	278.2
717.7	278.85
716.4	276.85
674.1	302.45
654.95	353.1
651.85	353.4
651.25	351.95
659.5	355.8
659.1	355.6
661.8	352.5
664.35	350.6
664.3	350.2
662.45	349.45
661.25	349.15
660.55	345.4
656.8	343.85
655.9	343.6
656.4	344.95
653.7	343.9
654.95	340.05
654.65	336.2
654.05	335
653	331.8
652.8	332.05
649.05	328.8
646.7	321.85
644.05	321.35
640	318.4
636.75	314.75
632	318.25
627.7	318.4
620.25	317.8
614.1	322.1
611.35	323.6
607.35	327.35
603.8	327.65
603.75	323.15
599.95	329.45
597.7	333.05
601.35	337.1
597.9	339.8
593.6	339.4
597.2	333.5
593.2	337.35
595.9	343.3
526.35	259.6
522.05	262.5
521.95	265.8
518.35	270.85
515.1	271.1
511.5	265.6
507.9	267.25
504.65	268.1
492.85	270
446.7	294.8
444.35	294.6
441.3	296.25
436.5	294.05
434	288.95
431.5	289.25
425.2	289
424.2	291.35
419.45	286.85
412.85	283.6
412.9	280.5
410.25	285.35
412.4	290.9
409.9	295.55
402.5	304
400.25	392.75
392.25	395.15
396.45	399.3
394.9	400.85
400.5	398.4
409.95	411.05
413.7	416.15
419.65	420.8
433.3	429.5
503.1	475.8
513.65	473.7
518.45	472.1
529.05	470.05
539.35	470.9
547.7	471.35
558.95	465.35
565.4	470.4
567.65	469.5
576.9	461.4
580.5	456.55
398.55	492.45
411.9	482.45
416.25	480.05
416.7	474.75
409.2	473.6
405.1	468.75
405.05	469.25
405.5	467
411.3	464.35
413.2	462
415.15	459.8
418.05	451.45
420.8	452.6
424.6	446.85
428.4	438.15
428.15	428.55
435.8	426.85
441.6	416.95
443.55	405.95
442.25	398.45
442.45	393.5
441.35	388.95
441.15	388.55
444.55	388.8
447.05	393.6
450.05	397.15
452.95	398.95
459.5	400.9
464.3	401.4
470.9	392.35
483.85	388.65
483.4	389.6
485.9	387.65
488.7	387.6
493.5	387.9
491	393.15
503.25	388.05
599.4	517.8
612.1	520.25
613.5	521.05
616.25	526.5
617.8	531.65
618.35	530.95
616.85	530.75
620.1	534.1
618.55	529.25
619.35	524.7
591.5	557.6
587.4	553.8
586.4	556.2
580.95	558.15
582.15	551.25
584.95	551.55
584.45	553.85
588.75	557.45
590.65	557.3
590.6	557.85
589.2	556.7
591.5	550.1
593	548
591.8	556.1
603.2	557.8
602.4	555.2
598.25	554.2
602.3	546.3
607.8	546.05
613.65	552.75
621.6	556.3
616.35	549.7
621.05	550.2
634.85	552.9
636.95	554.4
639.35	553.25
640.75	553.35
642.5	551.2
640.25	552.75
642.1	544.2
642.6	547.55
646.5	550.5
650.25	558.2
653.95	557.35
604.45	563.25
602.25	563.35
602.15	562.6
604.2	564.3
610.3	569.35
616.45	565.55
612.9	560.1
615.25	556.5
615.75	554.9
621.3	558.2
627.3	564.25
627.35	566.15
628.75	564.65
630.55	561.9
632.7	560.1
630.85	553.9
634.15	550.45
635.25	547.4
637.45	547.1
641.6	548.15
644	549.45
644.7	549.15
645.95	552.45
654.55	550.1
656.4	544.75
658.75	539.6
658.6	544.3
658.1	542.6
660.5	539.6
659.9	539.7
661.6	540.6
660.95	540.85
659.25	540.4
665.65	537.75
664.55	537.6
666.45	537.2
666.7	535.7
664.5	538
668.05	536.25
669.2	535.85
673.2	536.4
672.95	535.65
673.8	530.8
673.35	530.85
679.95	537.35
680.95	534.95
682.4	534.8
686.5	534.5
683	528.35
684.75	525.85
686.6	530.6
687.7	532.4
685.3	532.1
680.4	532.55
681.5	528.45
678.8	530.6
677.6	528.85
678.2	528.65
678.95	528
679	529.35
680.8	531.05
682	534.85
678.65	537.15
673.4	534.25
677.6	534.35
682.15	531.5
681.5	533.85
679.9	535.5
679.7	531.8
679.75	530.5
676.4	529.55
674.2	530.2
673.4	528.5
677	527.5
680.75	526.15
740.75	547.15
743.8	548.55
744	552.25
746.15	551.25
748.35	547.6
748.7	547.25
749.3	548.4
751.1	548.75
750.3	547.7
682.7	425.25
678.6	427
671.25	424.6
672.8	421.35
674.7	420.4
677.45	421.55
677.05	424.2
678.25	421.7
674.65	424.85
674.4	423.45
672.65	419.75
670.7	424.8
669.25	428.25
663.85	432.3
663.9	431.9
663.35	427.7
661.1	425.35
556.5	410.9
556.4	403.4
566.6	398.6
567.65	403.35
564.85	393.55
567.3	391.5
571.45	391.05
576.4	389.75
583.35	393.65
588.5	392.85
592.3	389
594.85	388.65
597.4	391.35
601.85	393.45
608	390.9
608.75	387.6
609.75	391.45
611.55	393.55
610.5	395.25
619.3	396.8
619.95	399.9
621.35	393.35
615.6	396.55
615.9	401.2
617.05	406.2
621.55	409.3
622.7	410.3
625	412.1
627.45	409.05
627.2	405.75
626.35	407.05
627.7	408.95
629.95	411.95
634.2	412.95
634.45	413
635.15	408.6
632.35	406.75
630.15	406.35
630.95	407.8
631.45	409.7
630	412.9
631.25	411.35
632.65	412.75
630.45	414.45
629.85	415.65
629.6	412.95
632.2	407.3
630.9	409.3
634.75	411.2
636.55	413.3
637.15	412.5
640.15	413.9
640.45	415.3
636.9	413
635.5	411.75
635.95	411
636.8	408.05
635.2	407.9
634.25	408.25
634.65	407.8
635.35	406.85
634.7	407.1
632.15	408.35
632.35	408.3
633.25	408.75
633.35	407.85
636.5	406.45
633.45	404.35
634.45	402.8
632.1	405.05
631.85	406.35
635.9	410.65
635.6	411.5
636.3	412.55
636.15	410.25
638.75	408.25
637.65	404.4
642.1	399.65
642.5	398.45
643.6	402
643.3	402.7
644.2	403.05
645.75	404.3
645.7	403.85
646.75	404.15
649.05	402.4
646.1	403
646.55	402.85
645.7	406.9
644.5	406.8
649.2	403.9
649.5	404.95
647.05	406.35
639.1	403
640.7	401.2
635.6	399.8
636.55	402.25
633.15	399.5
627.5	401
621.9	396
616.65	394.45
611.85	393.45
701.1	501.4
705.9	499.75
704.3	496.6
704.55	494.35
698.55	494
697.05	484.5
688.85	483.75
619.65	534.9
578.85	590.2
574.4	584.6
578.75	575.45
580.4	571.1
579.9	568.05
579.9	555.4
578.65	538.5
575.9	525.1
580.5	513.6
578.2	506.55
580.2	495.2
581.6	483.85
584.5	478.75
584.4	478.5
586.55	480.65
586.8	485.85
589.65	492.3
586.3	503.85
588.25	507.3
587.85	510.75
585.1	516.7
580	521.85
575.2	523.5
574.25	526.05
573	523.5
572.65	525.75
569.4	524.8
569.05	522.7
570.95	522.35
572.4	554.8
577.4	549.05
572.7	557.65
572	560.2
569.9	555.55
572.65	551.75
571.55	557.4
570.4	563
569.2	563.5
568.6	561.8
571.6	561.7
574.25	562.1
570.05	566.95
569.3	564.05
572.8	560.75
575.05	560.3
574.85	561.95
574.8	562.75
597.8	562.8
604.55	561.3
603.1	559.9
604.35	557
605.3	555.95
603.6	559.25
604.95	557.8
606.3	557.3
603.35	559.8
603.3	558.8
603.45	555.85
602.35	555.9
604.35	556.05
602.35	554.9
601	556.7
524.75	551
544.75	554.4
543.2	551.1
541.6	550.05
541.3	551.7
542.3	556.4
543.3	557
545.95	556.15
547.15	555.5
544.6	556.55
545.05	557.35
546.95	550.1
543.45	545.85
541.05	543.8
545.05	544.1
543.3	540.5
542.1	536.95
542.65	537.55
543.1	540.05
537.2	543.3
540.65	541.05
532.25	546.1
535.65	545.3
532.75	547
532.1	548.9
531.5	549.2
531.35	549
531.45	552.3
533.25	552.7
532.45	553.1
530.55	551.35
531.75	548.45
530.45	547.55
531.7	546.7
531.6	549.55
534.55	547.8
534.35	549.95
534.55	549.45
537.4	552.05
541.95	553.1
543.2	553.4
540.55	552.35
541	547.65
0	0
0	0
0	0
0	0
0	0
0	0
0	0
0	0
541.85	595.25
548.05	555.85
546.55	538.35
544.4	536.8
545.7	532.9
545.15	526.3
546.2	520.65
540.2	509
538.75	513.2
541.8	521.65
540.15	522.55
537.2	521.85
540.9	516.75
540.6	517.75
539.7	520.55
539.1	522.75
537.1	523.9
541	521.8
541.3	522.25
542.65	519.35
542.8	515.1
541.9	515.5
540.7	514.9
540.6	509.25
540.45	507.75
539.65	506.1
537.45	503.4
536.3	501.4
537.8	501.55
537.65	503.1
541.2	502.95
540.9	505.5
541.45	504.35
537.5	503.3
536.85	503.4
745.6	438.9
711	444.8
713.5	444.15
716.65	438.15
716.55	440.3
712.4	400.5
704.25	334.45
703.1	320.55
702.4	319.85
700.1	309.3
704.25	309.2
703.85	316.15
695.1	313.2
698.9	306.45
699.45	313.5
695.75	314.9
695.2	313.9
702.4	312.75
702.8	312.6
704.8	312.15
708.05	306.1
707.55	307.65
710.25	312
706.3	309
706.05	307.65
706.85	306.15
708.25	305.7
714	302.9
715.3	304.7
708.25	304.5
705.55	305.2
711.55	305.7
715.8	300.9
714.05	303.5
713.05	304.95
711.85	305.1
711.95	304.95
716.75	306.65
716.15	304.55
722.85	301.1
719.9	301
723.3	299.65
721.1	303.95
722.6	307.85
724.95	310.9
721.85	312.1
721.85	315.1
721.45	315.65
722.95	266.45
727.5	264.5
728.9	255.1
726.05	258.75
724.35	261.2
720.65	260.05
722.35	260.5
723.15	259.95
717.95	254.75
718.7	250.35
722.25	249.95
715.55	261.95
715.05	259.5
712.75	257.55
704.7	249.75
689.35	229.9
685.6	229.1
686.9	228.6
685.05	227.55
683.25	231.1
676.7	230.35
681.25	234.25
679.4	237.35
676.45	237.15
676	237.8
672.5	241.55
671.35	240.7
673.3	239.15
676.6	236.55
675.5	243.75
679.8	248.2
655.25	326.3
662.4	344.05
665.45	347.5
667.1	346.15
670.8	351.95
668.85	357.15
669.6	353.85
672.75	359.3
675.15	355.85
670.3	357.75
671.45	359.5
674.7	361.35
672.75	358.7
673.8	304.15
676.75	272.7
676.45	271.6
683.15	274.3
680.85	270.95
711.85	285.75
720.8	299
723	301.35
724.25	302.3
722.05	299.25
722.35	299.55
712.35	295.9
717.7	295.6
715.2	291.1
713.35	285.65
713.1	291.7
712.55	293.7
712.45	293.8
717.35	293.05
718.25	293.95
717.6	293.55
725.35	414.35
733	427.7
733.25	429.05
733.4	434.05
739.25	426.5
735.8	433.25
737.35	431.1
738.95	431.45
736.85	432.2
738.1	429.45
733.75	429.3
539.4	519.35
524.1	530.85
527.7	535.95
523.75	530.75
529.85	527.35
734.2	561.6
756.45	552.85
758.6	552.75
760.1	553.45
759.1	559.85
755.25	559.25
755.3	553.2
721.5	314.3
716.6	299.35
713.5	300.2
713.3	301.7
713.1	299
714.1	296.8
715.4	292.05
720.5	283.8
721.15	281.85
720.65	280.65
722.5	283.1
723.35	282.35
721.3	291.1
722.75	292.4
725.9	289.35
727.15	286.3
727.15	284.5
745.8	423.8
748.85	425.7
753.8	417.1
753.3	420.05
753.55	422.7
752.15	422.4
754.1	423.55
753.9	426.3
752.25	435.55
747.1	500.7
745.7	504.4
747.45	505.05
748.25	503
748.75	505.5
749.45	509.45
750.1	510.45
754.7	512.2
754.6	509.45
799.3	534.8
799.3	533.1
799.1	534.1
798.1	529.05
792.7	533.45
794.55	530.4
793.65	531.3
794.5	531.3
793.8	532
751.6	355.05
750.25	355.5
755.05	354.55
754.35	352.9
752.25	348.55
753.4	350.8
752.15	350.4
732.45	295.25
728	287.35
725.55	286.85
726.5	286.7
726.6	285.75
729.4	289
732.45	288.6
733.35	288.25
729.7	288.25
733.45	284.25
736.1	283.45
734.4	282.75
733	279.8
730.6	273.5
729.55	275.7
731.8	272.9
735.4	278.25
736.45	284.05
738.9	286.65
735.3	291.35
736.45	289.75
736.25	284.6
733.65	282.1
616.65	319.45
629.2	315.7
626.5	321.3
619.05	324
616.85	327.15
613.65	325.4
615.85	324.25
615.35	324.55
612.95	326.55
612.55	332.75
609.75	330.85
608.8	334.9
605.15	338
599.4	348.55
595.15	349.55
595.15	350.5
591.4	358.35
591.75	355.3
586.5	362.9
580.15	366.2
729.8	383.4
778.8	374.35
776.05	385.55
771.1	388.7
769.15	386.9
764.25	384.65
757.45	379.2
748.1	375.55
747.25	377.25
739.8	380.3
738.3	383.75
732.8	385.65
728.35	380.1
814.35	426.05
911.75	467.8
918.8	471.6
918.4	469.15
915.1	474.4
912.9	467.7
909.85	465.65
906.35	465.3
903.55	461.65
900.55	463.6
898.35	461.4
897.1	463.4
895.8	463.75
895.45	462.75
896.2	465.25
890.65	461.1
888.05	458.3
886.6	456.85
879.9	460.45
870.7	461.2
869.5	460.85
869.4	462.65
862.05	462.05
840.05	474.95
779.4	528.05
767.7	530.95
763.55	533.2
760.8	534.35
757.25	538.6
752.7	547.5
753.7	547.5
752.3	545.15
749.9	545.25
747.25	544.6
446.05	514.6
435.45	515.5
439.65	515.9
434.8	516.05
428.8	517.35
424.15	520.15
422.45	527.25
415.85	529.65
414.8	528.75
406.4	527.95
402.45	528.3
400.25	527.9
397	529.4
445.55	521.8
697.85	503.05
706.45	496.95
705.25	498.45
701.15	497.3
694.15	494.55
690.3	494.7
682.55	497.45
681.75	499.85
681.1	495.4
673.65	500.35
676.5	495.3
672.7	500.65
714.6	336.05
713	347.9
707.7	348.5
707.4	341.15
701.15	341.7
700.3	339.1
697.35	335.15
691.85	338.2
685.6	343.55
681.3	343.85
681.1	343.85
680.2	342.1
675.8	341.75
698.75	350.05
956.3	393.3
959.25	391.8
953.8	397.25
952.3	397.7
947.45	396.95
941.65	392.8
940.9	390
935.6	391.15
931.9	389.05
925.45	389.75
921.3	389.75
921.35	389.1
916.8	390.75
911.25	390.25
904.05	389.2
899.35	386.45
900.9	470.7
889.7	476.4
883.6	471.1
876.65	468.25
866.35	462
861.6	456.55
854.3	457.65
844.6	461.2
839.45	454.5
825.55	450.2
827.7	441.95
818.65	443
811.2	444
796.9	448.95
786.5	447.1
771.3	451.65
763.15	449.8
904.25	405.2
889.15	384.85
880.2	385.6
869.35	390.15
859.15	392.15
843.6	397.1
837.45	402.5
825.85	410.35
822.4	412.7
811.65	419.9
809.6	421.5
806	424.45
798.15	429.6
799.35	428.3
799.75	429.7
793.65	434.35
789.1	441.45
781.3	446.15
779.35	449.25
770.8	455.7
763.6	460.75
750.05	455.85
741.45	463.45
737.05	468.9
727.45	471.05
716.6	474.1
708.65	476.05
698.5	469.5
689.55	471.1
738.3	434.4
712.05	430.5
709.4	429.6
700.5	430.65
696.05	425.95
685.5	424.85
676.65	423.4
669.7	420.1
659.55	415.45
657.5	408.95
653.3	406.25
645.7	403.2
640.7	399.65
634.15	394.1
629.8	388.55
631.05	379.9
626.6	376.2
624.35	375.25
625.65	368.7
627.2	358.75
540.65	397.15
479.1	414.8
472.15	411.85
476.85	397.6
481.15	393.7
480.1	393.2
481.95	392.15
481.6	388.85
483.1	389.35
484.35	389.05
485.7	387.9
488.3	385.2
490.65	380.95
494.7	379.5
496.55	379.4
496.4	378.4
498.6	377.25
501.8	374.45
510.5	375.65
511.85	377.9
516.05	380
520.9	377.45
527.65	378.1
533.85	376.9
540.75	373.05
299.75	401.5
321.05	395.65
335.85	396.2
349.45	399.1
357	397.65
364.15	395.95
375.65	397
389.5	402.8
411.4	405.7
429	410.05
439.5	408.25
467.55	409.4
483.55	401.15
513.95	413.1
534.8	408.25
554.6	409.9
577.95	412
603.8	413.65
627	410.15
638.9	409.15
651.45	407.9
670	403.4
685.9	393.45
702.6	385.9
554.35	331.2
567.15	318.9
573.65	305.95
585.65	296.8
593.55	289.35
605	286.45
614.95	290.55
622.8	282.4
631.15	279.15
634.5	274.8
636.25	271.45
638.2	271
636.55	264.85
638.05	260.9
636.1	255.8
634.95	254.05
635.75	257.9
634.95	264.75
632.7	275.1
629.25	297.4
630.65	310.75
632.25	312.35
630.3	326.4
630.85	337.9
625.65	345.2
627.35	353.35
624.75	353.7
624.1	359.7
618.2	363.35
613.95	375.4
613.5	379.65
710.95	383.05
696.75	390.95
694.35	391.15
695.05	386.75
573	418.05
487.5	403.8
469.25	412.8
472.75	417.25
473.3	419
475.3	417.45
475.1	418.3
472.2	422.35
474.3	425.4
474.4	426.95
472.7	425.65
474.9	425.3
472.55	424.55
475.15	426.6
479.9	426.75
481.85	427.75
482	429.25
483.65	428.75
485.25	430.4
486.25	430.55
487.5	431.45
492.1	431.15
494.5	434.5
494.3	434.9
499.05	430.45
499.7	431
500.25	433.3
503.4	431
507.45	430.15
509.75	430.45
512.6	433.75
511.05	436.35
512.65	430.25
522.15	430.35
519.1	431.85
524.8	431.3
520.95	433.25
521.75	435.25
522.65	438.5
522.7	440.45
524.85	440.1
523.9	441.2
524.05	441.35
526	440.75
525.65	441.4
528.55	438.35
531.9	440.1
534.5	440.15
534.85	440.3
535.7	439.9
535.5	439.5
533.1	441.1
536.8	437.25
534.4	432.3
537.25	432.25
538.05	431.5
538.5	433.45
543.1	438.55
543.05	442.25
543.35	437.35
542.3	435.7
538.8	439.35
539.9	439
542.45	440.1
543.4	439.55
540.5	441.4
538.7	445
538.15	443.25
538.25	443.45
538	440.6
536.8	442.1
537.65	441.3
539.55	444.3
541.1	444.5
543.4	445.55
543.45	445.3
541.8	443.3
540.2	437.7
539.1	436.2
538.05	436.2
535.15	431.25
533.35	433.8
535.95	425.85
530.15	426.95
595.25	431.8
916.45	441.7
957.3	452.9
954.6	455.65
956.6	451.2
955.05	450.3
951.25	454
949.75	453.45
943.4	453.9
934.65	450.2
932.75	450.15
929.75	451.65
925.3	451.35
920.6	446.4
589.9	408.1
499.5	399.55
494.3	401.1
490.25	401
489.35	398.85
484.7	393.8
485.35	393.25
485.9	395.5
484.05	392.5
484.6	392.65
485.85	395
489.95	393.7
487.65	395.65
489.35	398.05
488.2	398.05
489.45	395.35
487.65	393.15
486.65	382.4
486.2	379.1
487.55	381.55
482.75	386.8
514.05	380.65
672.15	361.75
690.25	366.1
687.1	367
685.2	368
681.15	358.2
686.5	355.1
689.55	359.4
689	357.7
687	358.5
678.75	362.1
683.75	370.05
683.1	374.05
688.2	374.1
689.75	373.2
688.15	374.7
535.9	377.25
561.55	369.75
560.05	372.95
558.3	368.25
560.55	369.9
559.7	369.15
558.4	370.55
559.3	365.15
558.7	372.55
560.15	379.45
563.95	378.5
563.65	378.7
565.2	377.6
561.6	378.25
560.35	375.15
561.05	375.95
560.6	373.9
560.55	372.75
559.1	373.35
556.85	371.95
555.55	369.2
556.8	367.2
553.25	363.8
552	356.6
555.2	356.8
552.4	359.35
552.95	363.25
554.35	362.25
551.7	363.75
549.2	358
551.5	357.45
548.1	354.3
546.05	356.3
545.35	355.2
547.55	352
548.25	353.5
545.35	352.15
547.15	358.45
546.05	356.4
545.9	358.9
547.65	360.55
546.2	356.2
542.05	362.65
541.85	358.1
542.35	347.35
465	369.75
473.1	367.3
471.05	363.35
467.55	362.65
468.35	363.7
466.3	367.3
466.3	362.2
465.75	362.5
461.45	365.4
461.25	367.4
463.85	362.6
459.7	367.25
457.65	364.5
482.6	361.05
757.65	318.35
752.7	316
753.7	316.2
753	320.7
749.4	320.25
750.5	318.15
747.55	317.45
745.95	315.35
749.75	318.75
747.3	319.9
744.25	321.9
484.8	338.2
469.65	339.85
471.5	338.65
470.05	340.05
472.05	344.05
470.75	346.4
471.4	345.05
474.05	340.1
472.2	341.1
467.95	336.4
468.45	339.35
472	343.45
469.85	340.3
472	339.9
469.95	338.65
471.1	337.9
470.9	341.45
470.9	337.1
470.9	335.2
468.4	333.6
468.4	336.4
470.25	333.6
473.7	332.6
474.3	330.8
470.05	333.8
468.25	333.4
468.7	334.4
466.75	332.6
467.5	331.25
465.85	333.05
466.8	337.65
466.6	342.95
470.9	340.8
471.2	340.3
471.55	341.1
471.5	343.2
469.05	344.95
465.95	342.55
465	346.95
461	340.2
458.3	341.25
462.25	342.9
460.8	346.7
460.1	347.25
458.65	346.45
458.75	349.05
462.1	349.15
458.05	352.75
463.9	344.55
460.4	342.95
461.6	342.7
455.2	342.95
457.4	345.55
451.85	346.7
455.1	347.5
454.1	347.05
451.75	349.6
453.05	351.9
452.1	354.35
452.2	357.25
452.7	355.3
453.45	351.75
449.7	345.1
448.8	345.25
451	345.6
450.35	346.9
456.15	357.4
452.95	357.8
450.8	356.3
452.6	358.25
452.65	350.05
453.4	347.35
454.15	349.1
456.25	346.85
450.9	352.35
447.6	353.95
452.65	356.7
450.6	354.55
451.1	353.85
450.2	352.1
449.05	353.9
451.6	352.5
450.25	354.95
453.8	361.3
450.8	360.2
447.9	356
451.7	352.95
449.5	354.95
449.35	354.75
450.85	363.55
449.9	364.9
447.5	358.75
452.35	359.85
450.45	365.4
451.9	361.85
449.6	361.55
445.85	369.4
445.6	369.4
449	374.55
514.1	373.35
617	379.8
631.75	376.95
629.7	375.1
628.9	373.95
629.85	372.45
629.55	368.95
628.5	373.5
632.85	369.2
632.8	373.45
632.05	376
632.6	380.65
637.1	378.35
639.1	379.05
643.1	376.35
646.45	372.3
642.2	388.3
645.25	391.7
653.55	391.45
654.3	393.8
657.2	396.35
666.25	394.25
668.6	397.35
675.1	396.05
677.2	393.35
684.4	391.55
687.75	392.95
696.15	394.6
700.55	397.6
703.65	390.95
686.45	348.15
682	342.85
679.7	341.05
683.75	343.2
679.9	340.9
684	349.05
685.65	343.15
689.1	346.2
691	344.95
690.25	343.4
692.55	341
690.35	341.05
694.3	343.4
692.5	346.4
692.5	345.35
696.85	341.6
699.55	342.4
701.65	341.65
700.3	341
363.45	377.5
277.9	380
283.6	385.6
283.4	396.5
284.05	392.6
285.05	392.1
673.7	401.8
787.35	385.9
803.3	390.55
819	394.95
828.2	398.95
843.3	391.9
842.9	390.8
852.5	398.05
861.1	395.05
865	393.25
870.4	390.85
875.1	396.6
965.15	396.25
1013.65	391.7
1031	392.45
1037.45	394.35
1047.7	394.05
1054.65	396.8
1062.5	398.45
1064.55	399.9
1065.5	404.45
1070.45	401.65
1069.4	402.95
1120.05	414.65
1123.95	415.5
1128.15	419.05
1126.3	410.5
1127.6	409.3
1133.55	413.3
1134.45	414.05
1138.5	414.75
1142.2	410.85
1142.95	410.5
1147.2	411.25
967.4	364.8
728.25	333.15
712.65	327.35
711.15	332.15
707.1	335.6
706.4	335.7
702.6	329
697.15	326
694.7	332.3
697.1	340.75
697.85	338.65
696.4	337.15
694.15	337.95
693.65	339.2
694.55	341.6
694.9	342
693.65	341.6
691.8	333.7
687.6	328
692	332.7
691.7	337.75
513.95	356.9
538.6	351.65
540.75	352.05
540.95	356.65
544.4	361.2
547.6	362.3
546	365.9
549.4	363.35
545.6	366.6
546.15	367.4
542.45	366.25
542	368.2
540.85	370.7
542.1	367.45
542.3	364.95
542.1	364.1
539.4	366.1
538.05	361.2
538.75	367.05
544.5	364.5
544.95	362.65
544.4	364.05
545.6	367.2
544.5	369.95
544	368.75
541.7	372.5
543.1	375.55
543.1	371.3
548.65	373.2
549.45	373.15
549.3	374.55
552.8	374.9
549.05	377.25
547.55	379.25
549.4	381.75
551.65	384.1
539.45	385.8
542.8	386.6
540.45	387.2
540.5	389.7
540.05	389.2
538.6	392.35
537.8	389.5
539.85	391.25
542.35	390.65
541.6	394.65
539.55	395.2
541.55	395.55
541.95	393
541.7	395.55
538.6	397.05
535.05	396.9
535.25	395.35
535.15	391
531.65	393.9
527.6	396.4
523.6	404.65
524.9	403.8
523	400.05
520.4	398.05
520	404.75
519	401.65
515.3	399.2
521.2	397.3
527.4	396.2
524.55	401.05
524	403.6
520.5	398.35
527	398.6
530	397.05
527.85	400.85
534.4	406.5
536.3	404.8
540.45	400.1
542.7	401.3
545.75	400.8
549.05	398.75
550.6	398.6
550.95	394.9
552.1	396.45
551	396.4
552.3	398.2
553	397.7
552.9	398.4
553.65	399.6
553.8	397.95
557.75	393.95
556.75	394.75
557.25	396.85
558	396.5
558.25	397.85
556.95	392.25
556.65	393.55
553.6	396.1
553.7	396.8
550.5	397.35
552.25	398.55
554.05	399.3
556.75	402.3
557.35	401.6
558.3	398.05
560.85	396.05
560.55	395.1
562.4	403.45
562.25	404.9
559.4	400.85
562.25	393.35
562.65	395.7
565.05	397.05
565.45	398.6
567.3	399.55
568.45	397.95
566.7	399.9
565.5	401.15
565.7	399.6
567.15	402.1
566.2	403.2
564.3	404.1
563.35	407.25
562.5	407.85
566.5	411.25
567.6	405.5
563.25	404.95
561.75	408.8
559.3	412.6
560.5	412.2
561.95	411.35
560.5	413.55
560.65	415.95
258.75	458.25
273.2	468.4
279.5	470.85
280.5	476.6
283.8	477.25
284.8	477.6
288.55	477.55
288.25	479.05
348.1	473.45
610.7	411.65
618.2	407.05
621.2	415.3
623.1	415
625.65	410.25
620.75	415
624.75	414.35
622	416.85
624.35	417.6
621.35	411.8
627.1	414.75
627.15	415.65
625.6	418.65
627.8	418.15
628.75	429.7
626.25	430.6
624.5	432.05
625.45	432.55
626.75	435.1
627.7	435.2
622.85	433.95
623.2	436.25
622.5	441.3
619.55	446.75
620.9	447.85
550.65	426.45
553.6	432.8
551.35	431.9
548.3	435.9
544.3	432.5
540.95	429.85
539.55	426.9
542.35	422.85
541.2	423.35
537.8	424
535.55	425.1
532.8	424.8
532.7	424.05
531	419.05
527.05	418.25
521.85	423.85
520.9	422
519.05	422.85
515.75	424.75
514	423.05
513.45	423.9
509.85	432.95
511.85	431.75
505.65	432.7
503.45	432.9
506.3	430.4
501.4	433.5
501.5	428
499.5	428.5
499.85	424.4
500.1	425.25
503.6	428.45
496.15	435.35
497.1	438.9
498.05	437.1
500.3	433.95
531.5	428.55
554.9	430.15
557.8	425.75
561.5	421.45
564	417.9
567.75	416.15
565.6	417.75
563.8	418.45
562.8	419.1
564.3	420.55
565.45	417.6
570.55	416.8
572.25	415.05
577.65	411.85
582.4	411.2
585.35	411.05
587.4	418.95
586.75	417.4
590.95	417.05
588.55	416.95
595.75	421.45
599.75	425.6
601.85	426.9
602.9	424.55
603.6	427.25
602.7	427.25
605.5	430.8
611.7	432.55
610.7	434
610.4	436.65
613.2	439.25
618.25	441.2
621.1	443.1
399.85	510.65
378.65	509.35
376.55	515.05
382.7	516.05
385.45	515.15
391.3	512.05
399.85	514.45
408.25	511.85
414.75	512.95
435.65	507.05
602.55	448.05
620.4	453.35
621.95	453.9
622.55	460.25
621.5	452.3
615.55	453.7
617.55	452.9
617.5	452.8
620.6	450.95
626.65	450
630.35	448.45
632.85	449.25
635.85	453.6
638.35	450.5
641.2	450.45
643.6	450.35
645.6	450.15
650.75	447.6
648.45	446.2
654.25	446.95
656.8	447.25
655.85	447.25
657.45	451.25
654	452.7
648.15	455.45
646.85	455.65
649.8	458.4
645.3	457
643.85	457
649.25	461.15
654.2	462.9
657.1	461.7
656.8	462.25
659.2	461.7
660.65	463.8
662.3	469.55
662.65	471.65
662.3	474.1
664.9	476.55
655.45	481.45
293.05	553.2
305.25	552.55
313.25	559.15
315.15	563.2
319.25	557.6
320.95	566.6
327.65	562.75
334.95	563.8
344.45	559.5
349.65	558.2
358	551.65
365.55	546.65
372.8	544.75
379.3	542.65
386.3	537
391.6	538.25
396.15	533.95
401.25	526.55
407.8	521.85
409.4	524.95
413.45	524.2
414.25	521.35
547.35	519.25
545.4	512.65
546.2	515
541.75	520.65
542	515.7
545.35	512.9
540	513.6
539.05	510.6
538.45	510
545.05	505.75
537.65	507.05
543.15	500.55
547	497
544.6	496.45
543.3	499.85
545.45	495.8
546.55	492.75
546.15	495.55
548.85	492.15
548.85	491.9
553.05	487.15
557.55	486.65
729.45	494.8
730.7	479.65
735.95	487.35
743.35	481.25
751.55	483.05
750.6	484.95
756.2	476.6
755.05	481.95
760.7	478.7
684.9	474.35
679.4	471
677.6	474.2
683.1	477
685.1	470.2
686.9	469.25
690.65	469.45
690.4	462.5
691.3	469.8
692.75	469.6
691.2	467.9
692.25	462.65
697.4	466.05
691.9	470.25
695.3	468.15
700.75	469.95
708.5	463.95
710.55	468.95
718.65	470.35
721.7	467.15
866.9	458.8
861.5	457.1
866.3	453.25
869.7	455.1
871.25	447.75
882.3	451.3
882.95	446.15
887.65	444.2
888	449.65
888.95	443.95
892	446.35
892.35	444.25
886.9	436.6
888.4	435.25
884.9	434.85
888.1	434.35
892.1	426.8
892.05	422.2
894.1	422.75
898.9	421.7
897.6	419
904	416.55
901	418.5
900.9	419.15
902.35	420.45
900.2	421.05
898.9	422.8
897.3	424.6
893.7	428.2
891.5	430.75
887.6	434.8
885.45	438.05
882.7	440.75
880.9	441.35
880.5	441.75
846.9	435.4
772.15	410.65
764.85	405.55
759.3	404.45
759.1	404.4
759.2	406.9
756.15	409.9
757.15	410.3
755.3	413.45
755.2	414.65
756.4	414.45
757.5	411.9
762.25	411.15
763.95	410.55
763.7	406.4
766.6	402.55
769.35	403.95
769.95	403.45
871	420.4
847.3	434
848.4	430.7
843.7	430.25
844.6	425.75
845.85	422
848.35	421.6
709.65	403.15
640.25	391.65
623.2	388.05
623.55	389.75
623.3	389.9
623	387.3
624.05	386.9
623.8	385.55
624.95	384.9
624.7	389.7
625.8	392.8
626.55	398
629.3	398.9
629	398.05
630.55	393.15
630.45	393.45
633.2	392.45
636.3	388.5
636.2	386.05
637.55	382.95
637.1	385.45
635.6	386.45
639.5	384.95
641.55	382.95
643	382.85
645	381.9
646.95	381.55
648.6	379.55
651.75	377.9
656.75	375.5
658.7	371.85
662.2	370.7
666.9	369.4
667.15	367.6
671.5	368.95
673.9	370
681.1	363.3
685.45	364.8
688.15	366
691.15	359.9
693.5	363.1
694	356.45
689.5	356.7
690.95	356.65
689.5	352.15
689.6	353
685.45	351.4
685.35	350
682.45	347.9
679.15	348.8
681.3	347.1
681.45	342.55
681.35	345.65
680.8	346.05
682	344.45
681.7	339
683.8	337.6
682.75	337.9
679.25	335.6
680.75	335.6
683.2	336.25
678.95	330.5
682.4	333.7
683.25	338.15
679.85	335.4
678.9	336.9
677.65	331.6
676.15	330.05
673.5	333.05
671.8	331.3
671.2	329.65
670.45	329.05
667.75	332.15
668.7	326.05
665.95	328.25
667.35	326.3
663.4	324.9
662.6	324.6
663.9	330.05
660.85	319.05
660.2	321.55
666.95	318.25
663.7	315.45
745.45	333.95
740.15	343.6
739.75	336.1
746.25	333.15
746	340.75
746.6	335.35
749.95	337.95
746.45	335
748.8	334.1
748.9	336.05
751.4	334.5
748.5	332.55
747	333.75
751.65	335.2
751.5	341.55
747.05	333.4
719.8	376.65
721.25	364.75
718.4	374.1
714.75	370.3
718.35	373.25
709.9	372.65
709.55	373.35
706.6	363.05
706.75	367.25
697.45	360.9
702.2	363.15
696.65	359.95
697.85	360.3
700.95	362.15
807.7	397.3
838	398.4
838.1	402.95
841.55	399.55
842.7	397.2
846.2	396.15
848.85	406.7
388.25	430.3
340.4	437.2
346.15	438.25
346.05	441.3
354	443.35
360.05	444.5
364.2	445.95
369	441.85
108.6	447.85
91.7	452.1
93.3	455.1
102.95	453.2
106.15	453.3
109.2	449.9
110.15	445.5
112.5	448.5
112.2	444.15
115.75	444.55
123.1	440.8
126.85	443.05
131.15	447.95
115.6	391.2
126.05	338
134	329.5
143	327.4
151.1	325.1
158.45	322.75
167.3	323.65
172.35	321.75
179.55	314.55
188.6	314.8
269.55	290.75
272.4	284.8
281.5	294.45
295.7	292.7
308.85	292.85
322.3	295.65
335.25	290.85
347.05	295.85
358.15	297.95
355.5	302.75
124.5	432.95
126.45	433.1
137.4	428.15
139.5	427.8
150.75	432.25
152.75	424.4
158.8	424.35
164.8	429.75
171.1	431.9
174.2	427.55
177.6	427.65
181.75	431.7
188.45	433.5
194.85	433.8
195.55	435
200.55	437.8
106.85	404.45
107.85	402.8
111.75	395.5
116.75	397.15
118.5	397.35
125.75	401.25
131.05	400.5
137.05	397.15
137.25	398.75
141.15	405.85
144.15	408.5
149.5	407.95
153.75	407.95
157.9	407.7
163.9	405.25
164.75	411.55
168.45	408.3
169.05	409.55
169.75	410.35
175.4	411.3
176.65	409.1
177.45	409
183.05	411.65
187.15	411.05
189.8	415
194.8	413.85
194.95	408.25
200.65	412.5
206.95	414.9
210.15	412.2
218.3	418.55
375.25	431.7
696.65	425.65
713.1	426.9
717.9	424.4
726	424.25
727.55	424.3
727.7	427.5
731	428.2
729.45	430.35
738.95	431.35
780.65	372.3
779.5	369.9
777.75	372.3
778.65	372.8
780.5	374.65
782.25	368.6
783	366
783.55	366.4
783.95	366.4
711.2	376.15
385	423.25
375.15	418.45
381.55	419.3
384.6	418.65
390.45	424.75
392.95	419.1
398.55	422.75
398.95	420.55
404.35	413.05
405.95	414.2
413.35	417.4
256.8	405.2
265.2	409.3
273.95	405.35
278.2	404.55
277.2	408.05
287.3	405.85
293.85	398.3
296.35	401.6
302.75	400.45
308.65	399.05
316.2	401.3
316	399.2
323.35	400.4
324.7	402.95
333.45	396.65
337.05	395.3
342.05	395.6
350.5	391.4
352.25	396.75
363.9	387.6
365.9	387.4
372.7	384.35
378.25	384.9
383.65	391.85
383.6	392.2
391.55	390.75
394.05	385.4
498.55	382.6
726.7	348.5
730.55	342.75
733.1	343.9
740.65	340.9
746.85	339.3
754.8	338.4
765.85	342.05
766.75	344.3
771.9	340.1
774.4	342.15
564.15	350.45
476.05	358.05
476.9	364.2
482.7	365.25
490.95	357.55
486.95	348.65
495.05	360.15
499.05	369.15
509.3	365.4
511.05	363.95
519.35	367.1
528.2	374.75
861.45	324.25
987.35	315.7
1007.15	323.6
1014.05	328.25
1021.4	327.55
1025.9	329.35
1034.7	332.25
1039.65	329.8
1042.7	332.8
1048.65	332.25
1055.7	329.3
642.45	321.65
399.6	334.65
397.7	339.75
402.35	342.85
406.45	339.25
410	347.2
414.15	347.65
419.65	344.8
426.2	338.7
431.05	339.7
435.5	338.65
438	338.4
446.6	336.65
448.15	337.15
454.15	341.1
459.45	342.2
461.55	339.35
466.85	336.9
533.95	386.95
618.1	457.85
634.25	467.5
636.2	466.4
634.25	470.95
633.5	472.55
636	472.45
639.65	469.95
