601.95	370.7
597.75	374.6
603.65	369.3
599.3	368.85
597.95	372.4
599.15	372.2
600.65	370.55
603.45	371.4
650.05	367.1
646.6	366.85
643.05	368.1
641	366.85
642.65	364.55
684.55	392.8
747.1	448.1
730.4	438.2
732.55	439.4
733.7	444
729.25	446.6
735.35	446.15
732.6	450.65
734.85	447.5
734.8	449.2
734.7	456.95
731.9	460.6
738.5	459.95
650.75	415.65
657.55	422
663	420.45
662.8	419.1
663.6	412.35
680.4	357.25
0	0
0	0
683.95	351.75
682.4	352.3
679.35	353.85
682.95	361.5
682.1	368.15
682.95	373.25
680.45	379.35
681.25	381.9
681.2	382.05
680.5	379.55
681.9	381.65
683.3	378.6
682.2	377.8
682.65	373.8
683.85	373.5
681.75	371.65
683.65	372.5
683.3	371.3
681.15	369.75
611.05	487.6
614.6	607.85
612.9	599.8
614.85	600.05
616.85	600.25
617.75	597.75
616.15	600.85
614.95	599.15
616	599.5
618.5	603.6
617.35	604.65
618.1	605.4
618.45	606.25
620.15	604.85
617	605.85
721.4	446.4
718.4	446.6
717.3	446
717.05	449.65
715.95	451.85
713.6	455
715.7	454.2
718.4	446.3
740.3	443.2
731.05	446.95
731.6	446
728.6	449.35
728.15	450.65
730.55	448.75
729.05	445.85
727.55	445.7
729.4	446.6
0	0
0	0
0	0
0	0
967.75	398.8
964.4	378.75
959.45	377.75
961.6	378.05
959	376.3
953	381.05
950.05	378.9
944.75	381.95
939.95	381.3
925.05	390
469.8	514.9
481.15	517.6
474.9	518.55
470.55	522.05
471	526
465.1	526.25
464.4	527.75
462.15	531.2
461.05	532.45
459.4	530.5
604.45	467.5
802.4	397.5
801.8	388.7
800.55	386.4
802.35	388.6
801.75	389.35
823.75	393.1
894.8	356.45
899.45	354.1
901.55	351.75
903.85	352.45
904.25	345.85
904.65	342.6
904.3	343.75
905.25	343.1
903.65	344.55
904.3	344.65
903.9	345.35
901.15	346.35
901.25	346.4
900.6	349.5
897.65	352.35
897.3	352.4
897.6	353.2
847.2	477.55
850.3	491.65
850.15	492.9
848.1	493.9
848.25	493.9
847.9	493.15
843.5	494.6
838.05	499.15
835.55	502.45
836.1	503.85
834.75	497.9
830.15	499.5
840.4	394.75
837	371.85
836.7	373.15
839.05	373.8
837.15	373.3
832.2	378.5
832.45	379.15
832.15	379.15
832.9	379.85
832.6	377.15
831.45	377.15
826.05	369.9
826.65	369.1
805.9	346.35
812.2	345.15
804.95	349.3
807.05	351.05
809.45	351.8
816.5	351.1
819.6	354.15
820.45	357.8
823.5	356.05
827.05	357.25
826.9	354.9
831	357.45
834.05	355.9
839.4	355.85
824.7	381.75
771.45	471.6
775.3	464.25
778	460.65
783.3	459.6
788	460.8
789.9	462.4
795.65	464.1
798.6	463.75
801.1	461.65
887.45	344.15
882.75	350.15
885.05	350.7
887	348.5
889.4	348.4
890.45	345.85
891.65	345.3
890.5	346.45
889	348.25
886.1	348.6
885.45	350.8
889.2	348.65
886.45	348.05
879.1	349
874.5	347.6
871.05	286.55
868.7	289.2
868.3	289.15
864.8	284.35
864.5	283.5
866.35	282
866.55	277.1
865	280.25
860	279.6
857.1	280.15
855.05	282.65
850.6	285.8
786.35	349.6
778.25	382.75
771.4	382.8
768.45	385.75
764.55	392.3
761.25	395.5
759.25	397.85
755	395.85
753.8	395.2
750.35	395.05
746.55	395.85
743.9	397.2
744.8	401.05
744.95	398.55
742.65	400.95
744.05	403.25
741.25	407.3
738.55	407.25
739.25	406.45
759.85	343.3
764.2	327.8
762.05	333.8
761.2	333.6
762.45	330
759.35	332.75
755.2	334.3
754.4	338.75
789.8	302.65
786	304.85
783.5	305.9
781.7	307.65
778.3	306.25
778.55	305.15
776.95	305.5
774.7	304.5
721.35	355
728	358.05
726.9	356.05
722.3	357.35
723.2	356.15
716.4	356.85
714.05	358.95
609.3	366.15
345.55	347.9
356.8	344.6
356.65	349.1
357.8	353.15
361.9	356.35
365.9	356.75
366.75	356.05
370.25	355.8
374.95	356.05
378.15	350.55
379.15	347
384.5	347.85
393.45	344.55
398.25	338.85
397.3	338.35
752.65	317.2
749	320.9
755.35	328.4
760.8	323.6
765.1	325.1
762.85	326.9
765.95	324.5
767.2	321.85
766.8	322
760.8	320.6
761.05	318.05
758.4	317.15
760.85	314.6
760.45	314.6
758.9	313.5
758.9	311.35
757.6	313.5
757.6	315.2
760.2	318.8
758.9	316.75
756.25	319.1
754	318.8
750.7	321.35
748.2	326.7
633.2	368.75
643.45	370.35
636.6	372.05
642.15	379.05
635.9	389.8
631.65	390.9
629.25	389.3
633.35	393.5
628.65	399.15
626.6	398.05
625.4	398.75
624.7	397.9
386	363.9
341.6	352.75
340.35	351.25
338.3	356.95
341.2	359.6
342.1	359.55
344.25	357.65
344.45	357.45
349.6	359.15
348.6	359
353	355.9
352.6	353
348.5	342.75
567.05	432.55
553.95	412.9
556.45	410.7
561.45	403.8
563.45	405.2
565.25	400.65
565.8	400.6
568.35	401.05
571.8	397.1
574.95	391.65
580.6	388.1
583.7	385.25
587.65	381.75
655.2	333.5
650.55	319.35
648.85	314.2
650.2	311.2
651.4	309.7
653.95	310.35
657.35	306.5
661.2	304.35
662.45	308.25
665.65	310.8
665.45	308.95
666.9	305.35
666.9	305.55
665.7	305.9
666.65	311.8
627.25	415.75
633.45	407.45
626.75	405.9
629.8	410.4
633.45	411.6
632.45	415
632.8	413.15
633.25	409.4
754.95	290.25
759	273.3
758.35	273.9
762.85	279.7
765.25	281.85
768.25	285.05
769.6	289.25
768.1	289.65
766.7	292.3
765.25	294
766.7	293.8
762.8	295.05
759.15	291.2
752.85	290.55
745.95	292.25
742.5	296.7
735.15	298.55
695.8	315.65
678.25	328.45
672.85	329.75
665.75	330.8
664.35	333.4
658.15	327.4
657.1	327.45
658.2	330.25
656.3	328.75
655.4	329.2
657.9	326.6
660.05	323.8
665.55	319.75
669.45	319
671.15	319.15
674.5	315.05
678.3	317.2
679.85	319.1
679.9	316.45
685.1	312.85
684.4	312.3
685.85	311.8
692.25	314.8
772.85	252.15
775.55	254.8
779.75	259.8
782.25	263
781.65	259.65
781.8	254.8
786.7	250.7
799.75	236.1
859.6	174.5
856.45	178.65
855.5	178.65
856.9	178.95
854.55	178.15
852.25	178.7
847	181.75
845.5	185.45
842.8	189.4
842.4	191.8
837.8	200.1
787.8	273.45
796.15	275.2
791.75	278.1
783.45	283
781.1	286.6
778.5	285.8
772.7	287.95
767.65	288.85
761.7	294.05
757.35	298.4
752.25	300.6
749.6	298
745.2	295.8
740.75	298.8
738.75	300.25
737.05	297.05
731.85	296.3
730.25	293.95
727.7	293.15
727.05	293
726.45	293.5
725.2	297.25
738.95	269.65
735.35	255.6
733.45	255.7
730.6	257.55
731.1	256.05
730.3	256.8
735.25	255.55
681.05	349.9
699.8	336.1
700.85	336.7
702.8	337.25
706.05	339.15
709.95	338.6
714.55	333.3
712.05	333.5
714.85	333.35
712.25	338.9
711	338.25
712.5	328.45
729.85	240.6
731.75	247.25
732.15	246.35
730.45	246.05
734.5	249.35
736.25	255.8
735.4	252.05
732.4	250.4
728.65	251.1
728.6	250.25
722.7	251.5
660.7	376.7
659.45	409.3
653.45	413.4
647.75	417.25
643.8	421.75
630.5	422.7
554.35	515.85
556.1	511.7
550.4	516.25
552.05	518.3
548.45	523.55
547.7	523.95
540.6	522.15
540.5	523
541.45	522
540.8	522.1
537.7	526.8
538.05	527.85
533.75	531.65
536.1	525.05
532.25	526.2
546.65	408.6
541.35	378.05
537.7	373.35
537.75	373.95
537.7	372.8
536.05	373.15
534.4	372.3
532.4	370.35
531.3	368.75
457.1	286.75
460.05	293.3
453.25	289.1
451.15	287.8
451.15	286.45
449.2	283.95
444.6	282.15
442.25	285.4
417.7	372.2
414.6	370.75
412.25	373.35
416.4	376.3
415.1	379.2
416.5	381.45
420	385.5
444	494.5
446.9	494.35
450.15	490.7
457.35	491.2
462.4	498.05
0	0
0	0
0	0
0	0
0	0
514.7	497.55
515.55	494.35
513.35	489.8
517	492.15
519.05	487.5
521.9	488.15
519.7	482.35
514.4	483.5
419.1	543.45
437.05	532.95
434.2	523.6
427.65	520.7
424.1	520.4
422.55	518.4
424.25	517
424.3	514.4
432.2	504.5
504.45	316.45
502.05	336.75
508.25	331.3
508.75	319.7
505.75	310.05
508.85	305.3
508.6	303.8
512.25	303.05
503.65	292.05
502.45	216.45
501.05	222.85
501.35	220.75
507.35	216.1
508	209.95
508.25	210.75
507.2	215.75
509.95	217.2
515.9	218.85
519.6	222.05
522.35	225.75
519.65	223.35
570.65	215.55
560.35	215.9
560.55	214.6
560.35	213.6
561.6	296
554.2	398.55
552.8	410
554.2	413.3
558.85	412.7
561.2	413
588.7	569.3
584.3	546.5
587.95	551.35
589.6	555.25
592.7	557.1
597.8	550
600.25	550.1
600.7	556.65
602.3	560.5
603.95	559.35
605.75	558.5
605.1	563.95
606.15	564.25
607.5	563.6
611.1	563.8
610.7	566.55
611.2	562.95
610.85	561.65
611.5	559.05
611.6	556.75
614.85	557.1
618.2	560
620.3	552.9
623.25	553.35
625.55	555.5
630.8	554.1
631.8	554.5
634.8	553.55
637.25	555.3
639.7	552.85
642.85	550.55
646.25	549.45
651	550
652.8	550.7
656.25	552.55
659.15	553.15
659.8	556
614.15	598.55
605.55	637.75
610.45	639.15
610.3	642
610.75	644.9
609.4	641.7
608.8	642.1
607.6	647.85
609	647.4
608.75	645.65
608.85	647.1
645.35	539.1
644.2	547.7
643.25	550.95
645.1	551.95
646.85	554
646.7	554.05
649.95	555.8
650.2	555.3
663.85	524.1
709.75	392.7
709.4	403.35
714.5	401.85
719.3	399.5
724.25	400.35
728.7	400.25
737.05	398.2
738.2	396.95
744.65	396.7
745.6	393.7
673.1	198.5
602.35	100.2
610	106.5
609.8	103.8
610.6	104.9
613.2	103.75
613.3	103.05
613.3	103.35
612.85	103.7
613.25	107.05
614.25	107.4
615.25	107.25
617.25	106.55
616.9	107.3
619.2	108.85
620	110.95
618.6	177.4
672.6	532.35
678.15	535.25
678.5	538
678.85	542.05
677.2	546.15
678.85	550.45
679.15	551.25
676.35	549.3
677.95	552.8
678.3	554.75
683.1	556.75
683.65	557.15
681.4	556.2
684.25	557.65
482.2	450
471.35	450.7
473.75	451.45
474.15	452.6
475.2	452.75
475.2	458.45
478.75	461.4
552.8	569.05
546.95	565.5
549.6	568.35
550.85	566.3
553.25	560.75
552.85	558.6
556.15	558.35
557.05	559.3
661.1	564.45
739.8	555.15
745.65	558.15
749.7	558.2
755.3	557.7
757.45	556.05
758.45	552.25
760	555.25
760.6	553.8
758.35	552.4
758.7	552.25
757.55	555.3
758.75	551.25
760.05	549.95
761.55	555.85
743.75	520.85
695.6	397.55
697.25	406.9
698	405.45
692.8	402.9
686.5	400.45
681.15	397.15
678.65	393.95
674.25	397.4
668.55	399.3
668.1	399.35
601.2	473.65
600	461.15
600.85	461
607.95	455.5
607.85	461.4
614.75	456.3
619.15	449.3
621.8	451.9
617.55	453.4
621.4	452.55
626.25	448.5
626.65	445.6
628.05	442.35
626.7	441.9
626.25	444
625.4	444.95
621.55	439.55
621.75	436.95
625.35	441.85
627.55	438.8
624.35	432.95
623.6	431.35
622.3	432.85
621.35	428.95
622.25	434.75
622.15	435.1
623.1	438.05
624.45	438.85
624.4	437
623.6	437.1
623.05	438.55
622.25	441.1
623.75	442.6
624.7	440.7
678.5	469
673.65	467.25
674.1	465.85
668.85	471.75
675.7	469.9
676.2	473.6
673.6	473.55
676.8	472
435.55	505.8
446.35	505.25
446.3	508.85
444.95	507.7
449.1	511
449.75	511.15
452	511.95
451.75	511.6
416.65	570.35
419.95	562.25
420.95	561.9
422.05	564.6
419.6	558.8
418.15	562.15
417.6	565.8
419.25	559.95
419.85	560.05
417.55	558.55
420.55	557.95
421.7	559.6
712.3	539.35
698.65	537.35
701.2	537.1
700.65	534.8
709.35	530.75
707.95	523.9
703.15	524.65
708	522.7
701.4	532.85
703.55	530.7
703.35	532.2
699.65	531.55
832.35	420.65
843.45	418.55
845.1	415.2
847.45	410.25
846.55	413
845.85	420.05
845.95	422.55
845.8	424
846.55	422.65
844.2	422.3
843.45	421.6
842.55	422.75
841.95	418.25
843.1	411.35
838.5	477
836.35	469.2
833.25	468.7
833.75	469.7
829.9	469.3
825.95	467.75
819.7	468.35
821.35	469.65
817.95	464.75
814.4	462.1
809.6	461.6
803.05	464.25
759.55	489.5
751.9	479.55
741.2	477.8
731.4	478.7
724.35	478.95
696.2	531
678.05	591.25
674.8	586.95
665.4	578
659.8	570.95
659.05	565.5
654.35	558.45
651.75	539.6
635	616.5
627.55	697
630.05	698.9
627.45	689
629.6	678.65
629.45	663
628.2	648.9
627.25	637.8
626.4	624.85
627.7	614.25
626.4	609.8
628.15	611.8
627.75	613
626.25	613.55
625.95	626
625	623.25
624.85	624.35
623.65	625.65
619.85	628.15
615.8	627.2
687.8	561.4
678.85	557.2
682.7	557.8
683.4	557.5
682.1	556.55
679.15	555.5
682.15	555.7
602.5	560.55
614.2	561.45
613.1	564.8
615.2	566.7
612.8	570.45
613.95	571
614.7	568.5
608.7	573.35
608.05	574.5
608.3	575.6
607.9	576.45
608.4	578
613.2	574.55
615.1	575.25
618.2	573.85
614.7	577
616.25	575.8
608.4	578.3
607.85	576.3
606.65	574.05
609.95	571.45
607.8	568
609.05	563.75
605.6	567.9
802.6	557.1
815.2	558.25
813.8	557.7
813.6	560.45
809	564.6
809.7	566.9
810.9	561.3
812.35	558.6
856.3	533.35
979.9	449.25
974.95	452.4
977.5	450.85
976.55	456.7
981.35	452.5
977.05	446.75
974.65	444.85
977.65	444.65
974.35	446.3
984.55	380.4
985.05	341.5
982.65	342.35
983.25	341.6
984.35	341.9
992.35	341.85
991.8	343.55
991.1	343.9
989.35	345.35
991.25	346.65
659.95	312.2
314.5	321.9
331.7	321.5
333.35	324.7
334.7	327.35
336.15	325.9
333.85	324.15
335	319.2
333.95	310.4
356.6	511.05
358.3	526.05
358.3	525.3
354.1	521.75
356.6	517.95
356.2	515
355.5	520.75
358.35	527.6
361.6	517.95
360.6	514.75
363.15	514.6
363.75	516.1
363.8	519.15
364.9	523.5
366.45	519.9
367.85	516.6
387.85	528.8
0	0
0	0
0	0
0	0
0	0
1003.8	634.2
1002.1	631.55
1001.1	629.2
1000.65	629.25
1003.2	633.15
1000.75	641.65
998.9	643
995.75	639.25
995	638.55
997.1	644.8
998.9	636.05
1007	592.9
1003.2	587.5
1006.85	588.4
1008.55	590.65
1009.75	593.25
1006.25	592.8
1006.55	596.4
1003	591.05
1004.75	593.05
1002.4	593.75
1000.55	595.25
1000.15	595.1
967.85	594.4
574.3	545.85
597.9	546.1
598.4	542.55
597.3	541.55
596.8	543.2
598.45	542.8
597.05	549.65
573.85	561.15
574.2	557.3
576.2	553.75
577.05	553.05
601.7	520.55
749.85	357.3
741.7	367.7
747.85	365.45
754.95	363.45
757.2	362.05
756.05	364.55
737.25	347.85
739.65	343.15
737.3	345.2
735.5	345.9
735.8	347.25
734.1	350.05
737.7	347.85
737.8	348.9
735.25	350
733.4	352.2
734.85	354.15
737.75	351.6
737.15	350.75
734.1	354
736.15	354.3
738.8	352.85
739.6	354.9
738.3	357.95
794.15	519.7
792.25	507.3
792.2	505.1
789.3	511
792.4	510.1
792.4	511.75
794.6	509.6
796.9	507.75
772.9	481.5
770.3	481.15
772.4	481.45
774.4	486.1
769.9	481.7
771.75	481.75
762.85	588.15
767.25	594.3
766.65	594.95
763.25	590.9
758	587.75
764.35	586.6
764.6	590.3
767.4	588.55
764.15	569.65
742.5	310.1
744.65	332.7
747.1	332.85
750.15	335.3
749.8	332.7
745.95	333.75
751.05	267.8
752.45	282.55
751.95	281.3
750.5	282.3
747.1	283.15
746	282.15
743.55	282.35
742.4	280
742.8	279.2
742.5	276.75
740.1	276.2
740.2	277.05
738.75	274.45
739.05	275.45
739.25	275.85
738.25	270.4
736.85	272.95
709.7	326.25
692.4	390.05
689.9	397.55
690.65	400.5
692	406.3
694.45	401.2
693.5	403.45
692.3	405.7
692.4	413.05
686.95	412.45
685.5	411.95
688.8	414.45
690.1	416.7
733.9	358.3
730.6	320.75
731.75	322.55
731.3	322.95
732.4	325.5
732.65	324.5
732.2	324
730.15	322.2
731.45	321.65
729.7	318.5
732.55	316.15
730.25	315.45
731.25	316.4
764.3	357.8
757.5	351.5
760.4	355.35
762.9	355.5
763.2	357.3
762.75	357.65
764.05	358.05
759.9	357.05
761.2	356.75
761.5	357.45
765.45	357.75
767.3	357.55
770.15	357.65
771.3	360.75
781.35	444.25
782.4	435.6
785.55	434.05
783.3	434
780.25	437.5
781.85	435.65
780.7	435.65
781.6	435.65
785	432
781.4	433.65
786.45	436.15
785.4	435.65
775.55	485.75
782.6	667
780.85	656.3
781.1	656.9
783.2	658.7
783.9	658.85
780.6	660.4
776.9	660.3
778.1	660.9
778.8	659.2
575.05	655.15
476.15	639.8
478.15	642.8
475.7	642
474.75	647.95
472.7	645.25
469.05	645.55
471.1	647.25
472.3	644.6
466.55	649.6
491.15	538.65
488.85	535.2
483.7	534.8
486	532.95
486.7	536.95
487.2	539.9
491.75	534.85
489.5	532.15
516.35	525.75
764.05	326.25
758.45	333.3
755.2	334.55
753	330.85
755.25	333.8
751.85	333.8
754.6	334.7
757.7	336
755.5	334.5
756.45	335.65
757.25	333.9
757.65	334.9
757.1	337.95
758.5	339.7
760.55	341.2
761.8	346.2
771.6	351.55
770.55	353.2
769.35	347.6
768.45	345.6
769.05	345.9
767.1	344.6
766.95	344.55
773.7	342.75
774.1	343.35
773.5	347.1
775.75	351.45
777.7	349.3
771.45	345.55
768	343.9
763.3	340.3
770	343.95
772.65	347.5
772.25	350.7
770.7	346.75
771.15	346.2
771.55	345.35
771.35	351.25
773.35	349.75
773.5	348.35
772.65	349.75
775.5	348.4
772.7	351.45
774.9	350.6
777.1	349.2
778	347.15
774.35	347.05
774.15	347.05
771.65	346.1
774.85	343.75
794	477.5
792.15	501.4
794.7	505.65
797.3	509.2
795.95	508.8
795.45	508.05
796.85	509.2
795.65	505.45
793.15	510.25
708.2	406.9
686.95	369.9
687.95	373.7
685.95	372.4
683.4	372.3
681.6	370.1
678.1	375.25
676.6	377.45
676.2	376.75
674.45	493.45
670.95	520.8
665.7	524.85
663.35	526.2
658.9	526.45
659.55	524.25
657.05	526.45
653.2	530.45
646	537.45
642.9	542.55
637.6	540.5
813.05	473.5
858.15	469.85
852.8	473.05
850.1	471.55
845.85	465.5
838.2	469.9
832.2	469.35
826.3	469.95
820.9	471.45
756.9	610
755.15	599.05
758.15	596.4
754.15	592.7
747.65	593.9
747.7	592.85
747.15	592.6
743.6	588.75
739.6	593.55
738.2	598.6
736.75	601.45
734.75	601.8
738.25	600.25
740.95	596.35
735.55	596.95
738.9	503.85
732.95	509.3
732.35	506.75
728	507
720.7	507.3
716.2	506.15
713.75	503.95
710.9	505.75
702.65	510.95
700.55	514.7
696.85	515.75
691.3	517.65
754	437.65
839.6	346.25
828.6	347.3
824.7	350.6
822.75	353.75
816.1	357.3
809.45	362.3
800.85	366.65
800.45	360.4
799.15	364.9
789.4	365.25
782.1	364.55
777.9	365.65
770.8	362.05
765.1	362.9
758.45	366.85
757.05	365.35
753.7	369.6
702.7	540.3
696.6	588.9
684.2	586.55
683.2	583.5
676.7	585.6
674.9	587.2
671.15	588.85
668.3	591.7
665.3	595.7
667.2	593.2
663.3	592.9
660.8	590.1
662.4	588.2
663.1	587
659.05	587.2
656.3	588.6
656.25	589.15
653.6	591.35
650.75	588.85
647.85	589.9
644.75	591.7
639.85	593.65
635.1	594
624.1	592.85
700.6	562.05
843.5	513.05
834.05	514.6
830.85	509.1
823.05	503.8
823.05	497.1
822.25	501.45
819.3	499.85
874	379.7
887.65	319.9
878.55	327.2
875.6	326.2
872.25	330.5
867	332
853.45	323.9
850.35	326
848.05	324.4
847.7	326.75
839.15	324.45
833.45	323.95
823.25	319.9
816.8	323.8
810.2	316.85
801.8	313.6
792	309.2
839.35	181.7
829.45	189
818.85	187.55
807.2	182.15
795.4	184.15
785.95	183.35
780	184.7
769.3	184.5
760.7	186.15
749.25	185.15
802.25	304.05
869.45	478.75
865.3	481.85
854.2	491.85
842.3	490.7
828.65	488.65
817.95	486.05
803.8	485.1
798.05	486
787.4	486.45
773.9	491.1
763.4	497.75
756.55	496.9
755.05	501.05
962.45	403.85
935.6	417.35
927.9	419.35
922.15	423
909.4	427.8
895.9	430.15
886.2	428.7
882	438.05
869.55	441.4
860.05	444.7
841.65	427.9
814.3	376.55
811.55	381.55
803.15	381.3
793	388.95
784.45	387.9
777.6	389.85
773.9	391.45
764.75	394.7
751.45	405.45
744.55	400.75
739.4	401.2
730.25	403.25
720.8	403.95
688.8	394.8
682.6	393.9
676.7	391.9
671.5	388.3
664.25	388.3
654.55	383.1
643.95	383.4
637.75	381.75
633.45	378.7
625.35	377.75
619.15	371.7
614.05	366.3
611.8	362.3
604.1	325.2
600.7	324.15
597.2	319.8
596.5	314.15
597.3	305.3
598.2	299.45
598.45	293.4
761.5	250.05
846.6	237.75
849.1	228.7
851.35	225.15
851.05	222.45
853.4	216.65
784.9	361.85
786.55	374.55
788.3	373.95
786.25	378.35
787.2	375.85
787.95	377
792.1	371.5
792.7	373.1
795.45	369.9
799.3	368.3
801.25	364.25
746.95	381.65
508.35	411.7
520.3	414.2
519.1	418.5
522.55	416.45
527.85	416.7
529.4	417.5
535.1	417.7
538.55	422
546.5	433.25
556.3	432.65
559.3	437.6
569.55	447.3
578.65	453.55
585.95	456
596.7	457.65
606.35	457.25
616.2	455.2
625.1	453.95
644.6	451.2
653.5	452.9
664.6	456.85
682.3	457.75
696.05	464.6
600.85	329.35
561.35	282.75
576.55	291.3
589.9	290.5
599.7	284.65
617.9	274.3
627.75	265.9
636.65	264
648.45	262.35
661.9	254.8
674.65	252.4
626.55	321.6
602.6	487.4
611.25	469.95
614.5	463.55
616.95	456.2
623.65	459.75
623.85	459.35
624	454.15
623.65	448.7
621	436.75
623	433.25
621.15	432.05
619.4	435.8
621.45	440.55
618.95	450.35
615.7	453.6
615.3	454
612	459.9
608.9	469.4
607.3	476
606.25	482.9
604.65	482.8
603	485.35
595.05	488.95
592.15	495.3
589.1	498.35
587.75	494.6
583.35	496.5
580.7	498.9
579.95	498.2
580.3	494.5
580.85	496.15
579.2	496
581.55	495.55
574.45	497.3
575.3	497.2
573.9	499.75
577.55	499.1
576.55	498.15
573.9	499.6
573.25	500.35
573.95	503.2
575.9	502
574.8	503.95
503.95	427.4
508	430.75
510.7	430.85
507.5	435
506.75	432.35
509.35	434.15
510.5	432.7
489.15	432.95
481.95	426.15
484.05	433.65
487.15	428.15
485.45	426.85
484.7	428.5
486.65	426.55
488.9	433.55
489.75	438.3
496	437.9
526.2	468.25
532.1	469.8
534.6	474
537.3	476.5
541.45	473.4
545.1	472.7
540.85	474.05
543.15	473.95
542.9	472.95
542.25	473.9
543.45	472.4
544.2	468
538.9	470.1
769.6	256.7
793.65	226.85
787.35	234.85
781.55	239.75
775.85	235.45
768.6	230.65
761.6	230.65
750	235.8
742.8	236.5
732.75	237.45
725.3	235.25
718.15	238.95
712.4	237.05
708.65	239.45
700.2	246.25
647.4	486.9
643.15	461.95
640.5	454.4
639.65	465.3
639.4	468.25
638.75	471.75
638.8	468.25
635.5	470.85
629	470
629.9	470.65
624.45	472.2
627.65	469.05
627.1	470.25
623.3	474.4
621.2	476.15
618.25	472.5
620.4	469.85
617.4	462.85
612.65	457.25
612	453.35
575.6	482.5
578.6	478.05
574.4	476.05
570.2	467.65
566.4	466.2
566.55	469.75
564.1	473.55
561.3	474.65
561.4	474.35
559.55	478
647.3	423.95
908.75	248.05
904.5	247.55
900.8	244.85
898.15	244.4
891.25	243.3
884.7	244.1
879.35	242.2
927	152.5
929.3	144.55
923.6	145.1
915.55	146.3
904.85	148.25
898.05	149.15
888.65	149.65
880.75	150
871.45	150.1
861.9	151.35
848.15	147.95
840.95	146.05
834.4	149.6
723.8	358.5
676.15	467.7
667.3	476.65
667.75	475.4
665.45	475.1
663.3	472.75
664.55	470.7
668.6	470.1
668.85	472.85
669.3	473.65
670.8	472.55
667.8	472.25
668.35	472.85
667.85	471.25
667.6	469.2
669.4	468.5
667.1	465.5
667.35	466.8
663	457.35
777.7	406.35
834.7	381.2
832.4	384.75
835.75	385.15
840.1	383.6
837.3	378.2
837.3	375.95
835.8	376.1
833.85	375.1
834.8	374.6
835.9	376.2
835.8	382.2
837	384.2
834.5	376.9
682.15	424.45
640.9	427.6
636.7	428.1
633.75	429.65
630.55	429.7
627.1	427.85
631.05	425.35
632	431.5
628.9	430.55
629	429.9
627.4	429.15
625.9	426.55
624.85	426.75
620.75	421.5
620.8	420.15
621.75	418.75
621.75	415.45
622.7	415.75
620.9	418.1
620.15	416.65
617.25	416.55
614.7	412.05
612.6	413.95
614.15	414.25
612.95	413.4
612.6	414.15
612.05	414.25
613.05	414.3
609.9	417.05
609.35	416.35
609.35	417.2
609.85	418
606.85	417.4
605.65	418.35
604.05	422.1
606.8	419.5
604.3	419.4
602.75	414.35
599.95	411.2
595.25	419.3
592.95	423.6
591.95	426.25
591.7	427.7
587	425
591.2	425.2
590.05	424.95
586.6	426.85
583.55	432.85
582.05	435.9
580.6	434.15
578.75	433.75
578.25	434.05
578.65	433.85
577.95	435.5
578.8	433
578.05	435.55
572.9	436.15
573.55	437.45
570.7	436.6
571.8	431.45
564.7	431.25
565.3	431.8
566.3	433.45
564.25	435.3
561.95	430.85
562.2	428.4
563.9	426.5
564.25	426
563.55	424.8
563.35	423.75
561.85	421.05
562.3	420.55
563.6	423.4
563.95	424.2
560.65	427.9
560.15	425.25
560.25	421.3
559.45	418.9
557.9	418.65
560.8	420
555.7	427.75
555.5	427.85
556.4	423.9
557.7	422.25
555.25	419.05
553.05	416.5
553.4	419.1
551.3	417
549.55	413.95
551.8	416.1
548.45	412.65
548.3	414.25
549.7	415.75
548.4	417.15
548.05	421.85
546.5	422.9
545.15	425.45
545.2	425.85
545.1	427.9
547	427.65
547.3	428.2
549.3	430.45
550.05	429.15
550.25	425.25
548.75	429
549.1	431.9
546.95	434.15
546.7	428.45
541.55	430.75
538.3	433.95
537.65	427.45
535.55	426.2
533.5	429.35
530.05	427.05
527.7	429.65
526.75	432.2
527.45	432.35
525.65	433.85
526.2	437.35
526.15	442.65
520.1	447
521.85	445
519.8	445.85
520.25	445.7
520.1	454.9
519.45	462.35
522.15	458.95
517.75	455.15
520.85	457.6
520.85	460.3
520.3	461.25
519.85	466.65
518.25	468.3
519.55	468
517.55	468.1
515.4	473.1
510.95	473.8
510.1	473.1
509.45	478.7
509.95	477.95
505.45	475.95
504.5	473.5
504.9	473.35
502	473.4
501.35	476.1
502.5	476.8
501.7	478.75
508.3	473.4
510.25	477
509.5	480.2
508.75	480.45
508.3	482.5
508.25	478.5
504.65	477.8
504.75	476.25
502	478.45
499.8	482.25
496.3	483
492.65	485.85
494.15	487.55
491.85	486.25
490.55	486.55
490.15	486.1
489.6	489.4
490.05	491.6
490.4	488.05
491	491.2
493.8	491.75
494.65	495
495.85	498.3
497.55	500.4
496.7	501.05
501.55	499.85
502.45	504.3
502.5	501.45
501.9	499.2
505.65	500.7
507.5	503.75
510.2	506.25
509.7	507.85
510.9	504.05
514.6	501.2
515.1	500.3
517.1	502.95
517.8	502.6
520.6	502.4
519.45	503.55
519.35	503.55
520.95	506.15
526.4	506.75
527.6	507.05
524.7	508.95
527	507
529.15	502.55
535.25	501.45
532.8	502
537.7	504.75
538.05	506.55
539.4	508.75
541.65	504.45
542.05	503.3
548.95	505.8
550	507.25
551.9	507.6
554.05	509.15
554.65	506.5
556.5	507.4
562.7	509.05
563.4	507.1
566.9	504.9
568.2	505.9
567.4	505.5
567.6	506.45
569.4	504.9
567.3	508.3
569.25	507.65
566.55	506.75
567.25	508.05
567.5	510.55
566.5	507.3
566.15	508.7
565.85	509
565.95	509.45
568.85	509.85
568	509.35
568.25	508.15
567.95	511.2
567.15	512.05
568	510.5
564.8	509.5
567.2	509.95
565.5	509
564.6	510.2
562.75	506.05
565.25	509.15
566.05	509.5
564.6	512.75
564.95	512.45
564.35	507.8
560.2	508.45
558.5	512.15
560.45	512
559.85	515.25
558.95	519.45
555.05	519.9
552.65	518.85
555.5	515.8
553.75	514.85
552.6	513.5
553	512.35
550	518
547.6	520.7
546.9	520.15
548	525.25
551.15	523.6
546.85	524
546.25	523.9
545.05	525.2
545.9	523.35
542.05	527.35
544.65	531.35
543.4	532.2
542.95	534
540.9	533.7
539.55	534.35
537.8	534.55
534.25	530.6
534	528.15
526.7	524.5
532.45	527
529.85	530.7
527.4	526.95
525.15	527.85
525.3	527.85
522.65	530.85
522.85	526.95
525.45	528.25
526.5	533.25
525.75	530.3
526.9	529.5
525.6	533.55
523.65	534.2
523.9	534.7
522.45	535.45
523.65	537.55
521.45	539.85
519.45	535.3
519.95	536.95
516.7	541.1
517.75	541.35
516.1	538.15
513.55	542
515.3	541.45
513.85	545.5
540.95	514.7
621.55	412.95
617.45	418.45
616.15	414.05
615.4	424.35
611.85	426.05
612.5	427.55
611.55	429.7
609.4	433.05
608.15	434.35
608.4	432.5
610.85	432.95
609.4	430.7
607.75	428.6
603.75	426.2
600.95	425.35
603.75	424.7
602.75	423.1
602.45	423.25
604.55	424.9
607.95	422.65
604.95	426.55
603.35	432.05
603.1	428.7
601.05	425.95
598.4	427.8
598.35	427.15
596.55	422.2
596.3	424.65
596.3	422.9
597.25	421.8
594.85	425.05
594.5	426.3
593.1	429.4
589.5	430.8
587.45	430.5
588.45	430.8
586.15	430.9
585.65	430.6
586.7	431.6
585.95	431.7
588.6	432.45
585.7	435.3
585.85	440.4
589.05	438.4
592.65	443
589.5	438.4
596.3	436.5
597.05	436.75
597.05	437.8
597.45	438.9
598.65	437.6
600.65	437.75
603.95	438.75
602.85	434.9
604.55	435.45
606.4	433.45
608.55	433.7
608.75	430.95
607.2	428.2
606.3	427.65
608.55	426.65
608.15	427.2
611.05	425.45
605.65	425.9
615.25	427.2
615.95	426.6
615.55	425.3
614.05	421.75
615.95	424.25
618.5	420.45
618.65	425.15
619.6	427.25
618.15	429
617.35	430.75
619.2	429.1
616.95	427.3
619.6	430.95
619.85	431.4
621.1	432.2
621.5	432.05
622.3	431.75
623.25	432.3
624.3	437.25
624	437.35
623.7	441.6
623.8	437.55
623.7	433.8
624.9	434.1
626.6	436
626.2	440.2
627.15	441.45
627.75	440.6
625.95	437.45
622.05	437.55
624.4	438.45
623.1	439.8
624.7	440.4
621.15	442.05
620.15	443.5
618.95	448.15
613.8	449.1
617.1	450.15
608.35	455.6
609.9	458.05
608.7	458.3
608.4	460.1
607.35	461.5
603.3	459.25
603.95	457.9
603.05	463.5
605.2	462.45
602.9	458.1
605.95	458.05
604.7	458.65
604.7	465.65
609.95	467.9
609	471.3
611	471.6
608.2	473.45
609.5	467.4
611.95	468.85
614.8	465.05
608.35	468.65
608.05	470.25
608.1	477.05
606.5	476.65
606.1	480.05
605.65	484.3
604.7	485.2
601.1	489.1
602	484.95
603.1	486.7
602	487.3
600.15	488.15
597.1	489.55
595.05	493.85
592.35	492.65
592.5	494.6
588.2	499.55
585.25	498.7
585.2	496.25
585.15	495.25
582.2	495.55
578.75	500.65
576.6	500.55
574.2	504.95
571	505.95
569.95	503.6
569.3	508.9
567.5	511
567.45	507.5
565.05	504.05
564.4	507.75
559.2	510.05
557.95	512.85
555.8	517.4
553.85	510.3
551.15	508.75
548.7	510.15
549.95	515.8
549.25	514.2
549	518.1
549.85	518
548.6	513.4
542.65	514.35
542.1	512.4
545.05	511.05
544.85	509.5
541.3	514.3
539.5	513.35
538.2	513.55
539.1	508.8
540.8	511.95
540.5	510.9
538.5	511.45
539.75	513.55
541.6	509.15
544.25	505.2
548.75	501.6
551.85	499.75
553.45	499.3
555.55	494.6
556.15	489.85
557.05	491.35
563.4	490
564.75	492.95
567	491.25
568.3	486.15
568.1	483.5
571.8	480.85
574.9	483.4
575.8	482.8
577.15	481.55
578.1	483.5
579	487.4
579.1	489.4
581.45	488.55
584.55	490.5
588.05	490.2
586.4	491.8
589.6	490.4
590.7	496.45
593.6	496.1
597.6	494.6
597.45	495.95
599.5	495.5
601.85	496.1
602.7	497.2
605.1	498.15
606.85	497.5
608.7	497.1
612.95	496.05
615.8	497.15
617.95	500.35
618.4	497.3
616.85	496.25
617	498.6
617.25	498.65
616.4	504.55
614.6	501.8
613.95	502.85
615.65	509.05
614.95	508.8
613.3	510.3
609.75	508.6
613.4	507.75
613.95	505.1
613.2	505.7
615.3	505.2
616.2	502.85
617.15	501.7
617.85	500.55
618.6	494.75
619.7	494.2
620.75	493.8
623.3	493.2
623.85	491.85
626.05	496.05
628.5	496.7
626	500.4
627.6	501.25
627.45	504.15
629.25	499.35
626.95	498.2
624.8	500.6
647.45	483.45
709.65	444.25
706.15	450
707.55	447.35
709	449.55
708.7	453.05
709.9	455.85
778.8	355.5
806.25	267.1
804.95	282.2
814.5	279
821.35	279.85
829.9	280.65
836.35	281.8
842.75	284.7
848.15	284.85
820.25	427.1
818.3	527.4
814.6	529.05
812.65	534.05
810.2	542.65
809.65	545.75
808.35	542.3
805.7	540.55
798.4	543.15
794.6	540.7
789.1	540.25
784.7	536.6
776.7	534.2
766.25	546.1
715.95	585.4
712.05	581.9
708.4	583.7
703.8	586.25
700	588.8
701	588
627.7	308.7
610.7	223.65
614.8	224.25
625.1	227.4
637.25	224.35
647	222.85
657.8	222.55
666.6	220.2
671.8	221.95
678.85	215.8
687.9	215.75
698.65	217.55
710.05	216
714.85	214.55
721.8	214.65
699.3	453.45
695.95	531.05
695.05	536.2
695.75	538.7
695.1	536.95
694.1	531.2
693.35	532.95
693.8	529.65
697.9	528.95
701.3	527.85
699.6	528.3
700.1	528.75
702.3	527.6
717.45	502.1
720.2	466.85
721.5	465.3
721.8	466
719.15	456.15
722.05	453.2
725.3	449.8
717.55	451.4
714.6	446.75
710.4	443.4
707.45	437.95
708.2	439.1
708.7	440.8
710.1	436.55
713.05	436.65
714	436.25
715.35	437.5
711.45	436.55
712.3	443.25
716.75	444.25
717.7	445.6
717.95	446.8
718.25	472.35
723.85	471.15
726.65	469.95
730.65	469
734.6	468.25
738.3	470.9
744.85	470.1
745.4	471.45
746.7	473.15
751.05	474.25
751.6	477.15
754.15	477.7
755.1	477
756.8	477.15
757.45	472.75
758.65	471.95
846.55	527.2
844.45	541.15
853.5	537.45
848.8	543.55
846.3	540.5
846.3	541.95
844.2	539.6
844.2	541.35
840.55	538.8
836.55	535.8
835.95	542.5
907.6	499.2
907.65	484.45
902.75	484
902.45	486.55
898.2	490.6
896.6	492.45
894.65	492.35
893.25	494.25
882.7	500.3
879.85	501.75
828.9	511.75
591.95	515.9
592.5	514.6
589.8	512.35
584.1	518.2
581.15	517.3
575	520.3
573	515.5
569	516.05
571.45	519
569.05	517.85
565.25	516.05
564.15	515.95
559.7	515.4
554.45	509.35
557.25	510.55
554.8	506.55
555.8	504.25
557.55	488.45
532.2	427.95
534.95	423.2
537.25	422.25
537.35	419.95
540.6	422
540.9	425.85
580.85	415.2
594	410.3
594.7	409.75
593.1	409.6
594.85	407.15
599.55	406.15
620.8	385.7
622	383.3
623.45	382.05
626.7	382.8
630.75	381.45
628.35	381.55
635.25	379.05
633.9	380.55
636.25	377.25
655.1	369.45
655.7	367.7
656.75	363.45
658.5	363
664.1	373
669.1	375.6
670.25	373.35
682.6	375.45
690.9	384
697.25	385
698.85	383.55
700.35	383.25
701.1	385.65
705	383.3
707.65	386.3
720.45	691.8
0	0
0	0
0	0
0	0
764.75	575.15
753.85	565.7
753.45	567.05
755.65	568.4
750.6	450.4
750.3	425.55
747.5	425.1
743.35	422.7
740.15	420.4
739	419.3
740.05	418.4
736.9	417.55
732.5	417.75
720.9	375.25
717.35	379
716.95	376.3
718.35	373.4
715.35	371.75
716.4	370.8
719.9	370.6
717.6	367.1
720.25	368.9
717.7	369.15
714.75	372.3
713.2	370.75
712.55	371.9
712.85	370.85
710.2	367.9
712.35	366.85
709.75	365.4
712.2	364.25
711.55	364.5
712.1	362.25
707.3	362.75
708.05	360.45
707.85	359.15
707.15	359.2
693.15	510.35
693	520.5
691.05	520.45
692	521.15
691.9	520.7
684.15	521.45
681.35	516.85
678	510.9
677.2	501.9
676.85	500.4
671.4	501.05
1026.5	512.1
1081.75	509.15
1079.15	507.8
1071.65	510.95
1069.2	510.35
1063.95	509.4
1052.85	510
1047.35	511
1042.3	510.5
1033.75	509.55
1028.25	512.25
721.65	402.75
751.55	416.65
748.2	417.55
744.45	412.05
735.85	410.6
735.25	408.15
732.85	406.8
730.5	408.3
727.05	407.95
726	411.9
727.25	404.4
698.3	374.7
693.6	357.4
698.35	356.3
697.7	359.2
699.9	358.5
696.8	359.15
887.85	420.25
852.2	416.25
848.8	418.8
847.45	416.15
850.1	416.4
853.85	420.1
659.4	473.65
349.4	480.45
362.85	474.9
359.55	480.35
361.4	483.95
361.9	477.6
364.55	472.95
369.1	479.3
366.9	479.3
368.15	475.75
373.5	483.3
375.05	480.9
375.25	477.45
374.9	483.55
377.5	482.65
803.85	440.9
864.65	432.15
871.85	435.7
873.35	436.3
875.35	436.8
873.3	438.45
869.15	441.45
871.55	435.85
872.1	431.6
825.4	358.1
834.9	358.05
835.75	359
835.7	355.75
837.15	357.5
837.05	353
838.85	358.25
839.2	356.1
841.85	352.8
837.25	356.45
844.55	350.7
842.7	353.1
846.1	353.7
849	358.65
758.35	304.85
467	138.05
492.8	148
490.45	148.6
489.55	149.25
490.15	151.7
491.3	152.8
493.9	156.25
430.3	246.7
309.45	453
315.35	425.6
316	429.45
319.8	427.8
327.45	432.65
332.3	432.35
335.35	431.55
337.85	443.05
337.65	440.85
346.35	429.1
298.45	441.15
163.85	434.35
173.15	427.95
176.5	430.65
179.7	428
176.55	430.4
179.75	435.15
180.8	435.75
181.5	435.5
184.15	435.1
186.45	434
191.1	438.35
191.6	440.6
194.4	441.05
486.35	422.9
753.9	447.85
754.05	441.75
753.55	445.1
756.9	438.55
760.8	442.85
769.2	447.95
766.6	450
770.35	446.15
825.5	392.8
821.15	397.45
820.95	395.95
822.55	395.5
821.5	396.3
825.65	393.05
826.2	397.4
827	396.85
823	395.95
824.45	393.75
825.15	393.15
829.5	391.9
493.35	421.75
527.35	429.8
524.2	426.15
519.9	433.6
522.4	429.55
523.6	427.55
526.05	431.45
530.35	428
532.9	425.85
533.05	427.85
534.4	437
533.65	436.05
535.55	432.85
537.05	428.35
537.55	434.3
541	437.1
539.8	439.55
542.55	435
539.9	434.3
543.25	429.8
544.1	435.75
635.05	414.75
803.15	367.85
798.5	364.4
803.05	361.25
803	358.45
804.4	364.85
806.75	370.55
808.7	369.15
808.05	362.35
808.8	359.3
804.75	363.85
810	362.4
657.75	422.7
505.45	435.7
516.1	435.25
523.05	432.35
527.95	431.45
531.55	429.1
536.7	433.45
537.05	449.5
0	0
0	0
0	0
0	0
538.75	446.95
534.6	434.7
535.4	424.8
542.8	428.8
544.85	431
548.25	430.55
514.6	516.85
531	526.85
531.25	532.1
538.85	536.9
537.95	534.7
540.25	532.8
544.15	535.25
545.55	538.1
546.3	537.6
549.65	537.45
514.3	599.7
522.25	595.15
524.85	584.45
523.9	576.5
527.25	578.9
530.7	578.95
532.4	576.1
518.55	492.05
506.95	416.5
510.85	423.3
513.35	418.7
515.7	405.85
517.6	405
522.25	403.15
526.55	403.4
691.95	442.1
869.8	449.3
873.2	452.75
879.35	453.25
885.5	453.5
887.45	453.95
888.5	453.45
887.85	450.4
893.15	452.15
892.35	452.65
894.85	453
896.4	456.65
677.1	469.5
606.45	436.25
600.65	443.6
602.6	447.4
605.25	447.7
612.1	450.2
615.55	447.6
613.45	445.35
619.45	445.4
645.2	411.15
646.85	415.9
653.3	413.5
656.75	414.75
662.65	415.7
662.25	421.55
664.95	424.65
669.05	427.9
669.9	420.15
670.5	419.7
670.7	416.5
632.35	516.1
643.9	499.55
643.6	502.3
645	503.3
649.05	503.45
644.35	500.8
648.5	501.85
