636.25	398.2
636.35	395.3
632.25	394.35
632.5	397.15
634.45	401.55
638.7	401.6
671.95	376.1
689.7	365
687.15	362.75
686.75	367.05
685.9	369
691.15	372
743.1	499.65
742.2	499.55
741.3	494.45
742.8	496.75
743.85	501.15
742.7	498.5
757.7	477.2
760.9	471
759.05	474.4
757.6	479.15
757.55	480.5
679.9	380.1
682	384.85
679.95	387.1
682	385.4
686.3	384.3
689.4	381.6
688.4	386.05
687.75	390.6
685.3	389.85
0	0
0	0
682.3	398.2
685.55	398.4
682.45	390.4
774.35	508.4
763	509.55
762.45	505.9
760.3	504.6
765.05	507
769.95	516.85
769.2	474.85
769.6	467.7
772.35	469.25
771.65	466.15
773.9	467.05
771.55	469.4
777.05	465.05
774.5	464.35
782.45	462
776.4	463.45
775.15	468.1
773.75	467.2
776.2	463.5
771.6	464.95
772.9	464.55
772.35	470.35
769.75	472.45
771.6	474.2
699.2	379.3
696.5	379.6
698.75	376.25
702.9	370.8
696.3	371.2
700.2	381.25
703.2	383.4
698.45	385.8
697.75	378.35
695.1	376.3
694.8	374.35
694.95	378.8
696.6	374.65
698.35	375.55
721.5	468.95
727	512.65
730.2	509.05
729.85	513.2
731.55	519.45
733.05	522.35
731.7	515.15
731.9	512.1
728.85	518.45
727.4	519.45
960.65	359.15
997.15	337.6
996.2	341.5
997.95	347.45
989.85	335.35
984.85	344.3
979.85	348.9
976.15	345.7
971.15	345.2
966.85	354.25
961.9	350.45
950.95	348.25
949.7	351.75
946.2	352.25
937.85	347.95
930.1	345.35
922.55	346.75
915.1	342.1
908.25	347.55
900.45	351.45
897.25	353.9
893	351
890.45	344.45
886.25	341.75
886.55	337
889.8	332.95
883	336.1
883.6	334.4
885.65	334.15
887.7	334.2
888.3	334.15
893.7	328.45
893.1	323.55
898.15	321.4
900.7	332.45
901.15	333.85
902.05	325.45
900	328.05
897.5	324.35
902.5	325.6
900.75	331.95
900.4	338.45
896.75	336.95
898.5	331.7
893.55	327
892.15	330.2
892.65	332.55
891.65	333.45
889.55	333.9
894.05	334.15
893.85	334.9
888.65	341.55
888.35	344.75
891.5	342.1
887.65	339.25
892.15	338.6
884.4	342.9
882.95	337.55
882.9	340.25
876.7	342.75
880.6	343.25
880.5	344.05
879.05	343.6
878	349.15
875.5	348.1
878.05	352.6
878.1	350.55
827.1	344.5
821.15	336.8
822.65	342.6
821.3	346.7
823.1	340.7
826.5	345.3
824.1	342.8
819	345.15
822.65	348.1
822.15	348.3
1045.15	628.35
0	0
0	0
0	0
0	0
0	0
0	0
0	0
0	0
0	0
0	0
0	0
0	0
0	0
0	0
0	0
808.4	419.9
811.95	444.5
808	451.25
813.55	440
819.45	426.25
861	321.7
864.15	318.9
861	317.25
860.5	312.95
881.4	308.65
891	307.4
894.8	308.15
893.3	304.7
893.7	301.9
894.25	300.5
894.2	298.45
894.35	297.85
892.5	295.85
892.25	302.75
896.55	309.1
888.9	314.25
874.45	292.3
872.65	285.7
865.35	284.05
862.8	283.05
866.5	279.7
863.35	284.9
861.45	284.45
858.15	283.95
852.75	289.3
845.65	283.5
844.95	286.6
841	286.55
835.45	294.2
833.05	296.9
835.1	296.8
830.2	297.95
825.05	294.7
823.25	290.85
822.8	298.5
819.3	295.35
821.45	307.05
821.4	307.1
818.5	318.8
817.95	308.3
823.7	313.65
826.6	316.7
822.3	319.3
821.15	320.5
825	321.1
821.6	323.4
824.95	322.65
818.35	320.65
784.05	313.65
781.1	319.75
781.65	324.9
781.5	327.2
777.6	316.25
778.3	320.1
777.45	330.65
769.25	325.7
773.6	327.8
772.05	329.2
765.55	327.5
761.7	335.25
759.4	342.95
750.3	343
755.8	335.05
749.2	336.8
747.95	336.9
749.55	343.9
750.85	344.15
732.35	403.3
733.2	395.85
729	397.5
735.2	400.1
733.45	399.25
735.05	403.4
735.95	404.2
735.8	400.25
738.3	403.4
734.3	400.85
737.05	401.7
738.4	393.45
747.1	368.5
748.05	368.6
750.9	364.35
755.35	357.15
764.4	354.6
763.15	348.8
762.2	354.9
764.9	352.95
773	319.1
775.4	318.65
773.7	315.35
780.45	326.75
782.5	331.2
784.75	325.95
788.3	332.4
780.9	324.55
783	320.05
783.75	319.55
782.05	321.75
783.2	329.6
785	328.15
779.9	319.55
779.65	324.85
782.7	329.7
776.05	326.15
773.8	338.05
739.8	370.65
735	377.75
731.75	381.95
728.6	386.85
724.75	384.2
722.35	380.2
720.05	383
713	391.1
714.35	384.35
715.65	381.45
712.75	389.85
707.55	383.9
706.6	390.05
707.35	391
706.95	393.45
707.75	390
707.25	391.1
703.55	390.55
704.75	397.95
702.95	401.5
709.3	400.1
706.5	399.85
614.1	448.6
616.7	445.3
616.4	447.4
612.1	444
608.35	445.7
610.3	439.4
610.55	446.4
600.2	442.3
605.85	438.15
609.75	437.05
612.05	437
612	441
609.4	436.9
610.25	428.55
611.4	424.75
615.15	424.95
618.25	432
624.4	423.55
621.65	422.7
623.75	426.65
619.95	421.65
621.65	424.8
620.45	426.7
620.15	421.95
625.2	417.75
626.9	417.15
628.5	416.6
631.55	415.9
631.1	416.5
631.25	418.75
637.45	420.9
637.6	421.35
636.85	424.75
641	422.5
642.4	414.45
635.95	417.6
634.25	411.35
712.4	285.2
733.85	262.55
736.8	263.7
737.7	276.3
739.3	273.7
743.2	273.6
746.45	279.95
741	284.35
759.05	285.25
789.4	257.8
791.7	252
793.3	255.4
791.35	263.7
0	0
0	0
0	0
0	0
0	0
767.3	280.55
762.8	276.45
762.55	280.25
665.35	327.1
664.8	331.15
659.95	329.85
658.95	333.25
650.6	334.75
644.35	331.65
640.05	331.3
638.55	323.55
638.8	320.3
637.35	321.15
640.4	314.45
642	315
649.1	319.15
682.2	257.9
687.55	258.15
694.5	256.05
696.1	254.4
697.05	252.15
700.65	252.4
702.25	252.05
706.2	252.75
712.1	252.05
717	255.4
777.9	241.5
778.6	243.75
782.1	244.3
785.65	248.45
793.55	248.75
798.75	249
841.15	230.5
843.05	230.85
847	232.5
850.8	227.4
853	227.75
846.25	235.45
845.1	232.85
848.05	233.95
836.95	242.2
833.45	243.75
829.25	247.8
824.5	249.95
817.8	255.8
813.15	257.9
808.15	260.8
809.7	269
803.15	270.05
801	275.25
796	280.05
741.25	258.2
741.3	260.85
739.3	261
738	262.45
732.9	266.55
725.9	259.4
715.95	251.4
714.85	255.3
711.05	257.2
707.85	251.45
705.1	251.05
707.7	249.5
705.2	250.3
707.9	247.65
706.95	254.6
732.65	275.5
730.75	279.35
733.25	279.4
736.05	280.25
733.45	275.95
730.7	275.05
731.1	281.7
728.65	288.6
726.25	296.15
726.75	293.6
724.55	298.3
726.55	302.3
727.1	297.65
733.1	299.85
738.65	297.7
738.95	299.05
738.8	299.4
739.65	296.9
738.9	295.1
740.05	287.25
738.85	283.25
739.4	282.25
738.6	285.5
742.5	283.5
740.25	284.65
741.1	283.7
742	285.65
738.3	282.45
740.05	276.65
734.3	277.5
733.05	279.25
728.5	271.85
719.8	277.65
718.1	282.45
612.4	256.85
604.8	255.95
600.9	257.9
594.55	264.65
590.15	264.35
588.95	262.8
586.95	267.55
561.2	249.05
559.95	246.3
558.45	247.95
562.55	251.7
565.3	253.65
563.45	251.85
562.3	252.9
560.65	251.3
561.9	256
531.35	261.7
531.1	265.55
529.85	269.25
527.15	272.65
524.1	274.45
531.6	271.85
525.75	272.85
520.45	271.9
523.25	271.2
486	298.4
480.25	299.45
480.9	302.6
480.05	302.85
480.9	301.5
479.2	310.45
475.4	305.1
481.3	310.25
478.55	305.95
476.15	309.45
374.65	324.45
370.8	323.15
375.05	325.95
370.6	324.95
369.75	325.95
368.35	324.1
367.3	322.6
366.35	325.6
370.75	330.45
438.9	454.75
439.25	450.15
440.2	452.45
445.2	457.45
452.8	455.1
453.45	447.65
455.3	441.55
456.25	442.6
464.25	443.55
468.2	452.15
474.8	449.9
475.5	450.15
475	442.45
476.05	433.9
476.8	433.75
476.85	425.75
476.15	432.3
479.8	432.7
479.4	429.2
475.85	428.6
473.75	426.65
471.65	426
469.25	426.45
471.4	428.55
468.85	419.55
469.95	410.75
472.55	413.55
477.05	411.7
480.05	409.25
480.05	404.2
482.05	400.1
483.8	400.95
485.55	394.2
488.75	394.4
488.8	395.1
487.9	402.35
486.2	397.5
489.4	395.95
493.3	394.75
489.85	399.35
493.1	403.6
497.25	408.2
500.6	409.35
498.6	405.05
502	403.45
506.35	400.2
502.75	397.4
438.95	364.9
441.45	364.8
447.55	366.9
449.25	366.05
598.8	474.3
626.1	487.1
627.35	483.4
623.95	487.5
625.95	487.3
613.05	552.45
620.15	550.1
615.85	555.55
618.35	558.95
620.1	556.1
620.2	557.35
622.6	558.55
626.15	557.15
622.65	560.45
623.05	555.1
622.7	557.5
616.25	553.25
614.9	557.4
614.35	552.85
617.1	549.35
618.5	549.95
619.6	550.05
621.85	549.9
624.35	551.75
628.4	549.25
629.4	546.85
630.65	548.5
633.8	545.9
634.9	547.65
636.3	547
640.05	547.35
639.65	549.1
647.65	549.8
653.25	554.55
650.5	553.8
653.25	554.6
654.3	548.45
656.85	549.85
662.75	552.4
665.25	552.85
668.2	550.05
668.2	548.3
670.1	548
667.1	548.35
673.05	546.75
670.95	546.9
672.7	549.05
675.7	549.3
553.45	545.1
554.65	545.4
557.35	547.15
564.5	546.45
564.55	539.7
567.9	541.9
570.9	541.95
576.4	541.6
498.3	500.75
501.7	498.5
505.05	500.65
507.15	496.45
513.65	498.1
540	496.55
805.15	455.5
815.85	456.9
820.2	465.1
824.6	469.05
828.65	464.9
830	462.6
831.25	462.1
831.2	465.8
715.1	514.1
702.9	515.5
703.95	517.25
709.15	517.85
715.55	515
717.7	512.2
719.75	513
722	512.9
725.45	511.2
734.2	511.15
734.9	518.05
733	518.3
735.5	517.65
735.75	522
739.65	522.2
748.65	525.35
0	0
0	0
0	0
0	0
0	0
0	0
699.15	542.95
702.95	541.2
703.45	546.9
699.85	545.65
704.1	548.35
701.1	549.1
703.6	546.05
701.85	549.5
702.75	546.35
706.3	546.3
709.6	551.3
709.55	548.5
711	544.55
710.95	545.6
712.8	547.6
711.5	545.3
712.35	552.6
712.7	550.3
713.45	551.8
714.7	554.5
715.55	554.6
717.8	558
719.3	559.6
718.35	556.2
719.5	557.05
717.9	557.9
721	555.45
723.35	557.9
723.6	560.65
723.8	559.2
722.95	561.75
722.85	559.5
726.25	561.9
726.3	563.7
722.7	565.85
720.6	572.45
725.35	572.7
728.4	574.35
727.45	576.05
725.65	575.55
725.55	577.45
724.3	572.95
722.1	570.9
719.5	571.3
717.4	564.7
722.1	560.45
718.8	554.95
717.85	553.1
718.75	550.7
598	277.7
592.45	276.75
587.15	279.95
585.2	282.35
584.05	280.65
584.15	278.55
584.1	289.9
588.45	284.4
590	284.9
589.6	281.6
589.7	282.65
597.05	287
600.9	287.95
603.1	291.4
600.4	295.95
605.45	295.25
608.8	288.4
609.25	286.35
605.2	288
603.8	281
609.05	288.95
610.2	290.35
608.65	289.9
610.95	300.55
610.35	302.85
612.65	301.9
616.15	306.55
612.8	308.9
614.25	305.9
613.4	314.15
617.85	310.8
621.4	309.15
621.1	303.25
620.4	309.1
617.75	306.6
620.7	307.35
623.75	295.5
618.65	294.3
620.25	294.85
620.8	296.7
621.25	294.6
619.95	300.55
619.55	298.5
619	298.5
619.85	298.9
621.15	306.75
619.8	298.35
624.1	299.05
623.65	300.9
623	303.8
622	303.05
626.4	299.85
625.2	300.85
631.05	296.8
632	298.15
627.15	296.45
634	299.3
624.85	295
630.15	290.2
622.05	294.95
628.5	295.1
625.25	297.2
624.75	293.1
625.8	286.35
629.1	286.65
627.8	294.5
626.85	293.6
631.7	293.7
628.55	292.75
630.25	290.65
630.8	301.5
629.15	301.7
632.3	298.55
631.05	300.65
629.8	300.75
633.1	299.9
634.1	296.5
636.7	298.5
633.3	292.6
634.4	291.35
633.4	284.5
630.45	290
635.7	291.25
632.35	292.55
628	294.9
629.3	290.3
628.4	296.45
631.2	296.55
627.25	293.05
629.85	294.15
633.2	305.15
627.85	296.65
627.5	295.7
628.35	291.65
623.25	290.75
626.3	289.7
625.2	295.6
629.65	294.3
624	295.15
627.65	295.5
622.7	300.2
630.15	303.75
628.95	306.4
628.05	303.15
625.25	303.2
622.25	299.65
621.95	300.25
617.4	300.7
616.35	301.95
614.8	301.65
612.15	302.75
610.5	298.6
610.55	297.35
606.7	299.3
628.65	592.15
628.05	593.65
622.15	583.65
625.6	577.85
622.05	577.9
627	575.3
621.3	563.3
620.7	557.6
619.35	551.5
619.5	546.15
620.45	541.15
623.85	542.8
619.35	531.1
624.3	532.6
623	540.4
628.75	546.95
627.8	553.6
627.85	550
623.35	543.4
617.15	542.35
614.95	543.25
615.95	540.65
617.4	548.45
617.6	552.7
618.2	550.2
616.3	556.55
620.65	560
616.6	560.55
616.8	562.55
614.45	558.2
617.1	558.95
621.4	556.8
618.25	554.25
618.45	543.65
612.65	541.5
615.95	549.5
619.15	543.8
613.1	544.8
618.35	539.05
619.6	539.95
616.65	540.95
615.2	546.3
616.6	551.05
624.2	543.4
622.2	544.25
620.6	549.35
619.75	550.35
622.25	550.75
619.4	549.6
621.9	546.1
619.6	551.95
616.55	554.55
620.55	549.2
617.9	552.95
618.3	550.4
618.65	547.1
618.25	548.7
614.55	556.1
614.45	557
613.15	556.05
610.45	556.05
611.65	560.95
608.9	561.7
608.3	567.1
607.85	569.35
606.35	574.15
612.4	567.85
607.2	570.55
599.4	569.35
599.95	569.45
599.75	568.3
603.05	564.75
605.5	565.65
603.5	565.3
601.55	563.8
598.35	564
600.1	565.15
601.4	567.65
599.65	575.95
603.15	576.65
602.4	583.4
603.1	584.3
600.75	582.8
597.15	578.85
597.6	570.4
603.65	577
607.15	579
607.95	578.85
608.2	583.65
606.65	583.4
609.35	581.55
606.1	579.1
608.85	580.9
610.15	581.4
610	580.9
615.65	582.5
611	581.25
610.85	583.15
610.85	583.4
609.4	587.85
610.5	589.65
611.85	592.9
616.15	588.9
617.4	592
616.05	596.75
619.4	598.5
617.65	597.8
621.35	598.15
621.75	596.5
631.95	597.95
628.7	595.75
632.05	596.85
626.1	593.8
627.15	595.4
628.95	596.95
624.45	591.5
627.25	593.5
629.25	591.15
629.15	592.55
627.1	594.7
627.7	594.95
629.05	592.85
619.95	590.2
622	589.85
625.25	589.1
624.35	588.75
623.05	591.65
621.45	590.75
618.65	590.55
620.75	592.35
622.45	590.65
619.9	589.3
619.6	587.1
620.25	582.25
620.6	583.5
620.85	581.6
622.8	579.55
619.05	582.5
621.85	583.7
625.1	583.2
620.15	583.05
625.2	582.55
623.3	585.05
632.15	582.85
626.6	583.85
633	582.5
623.6	587.7
625.55	585.55
629.1	585.15
627.8	588.1
629	584.45
622.4	581.6
621.65	577.85
625.1	578.35
625.9	579.2
626.3	576.4
626.95	577.3
629.7	582.95
626.55	577.6
625.8	580.25
626.65	586.05
630.7	579.85
633.2	583.3
629.3	586.5
630.95	586.4
635.95	588.3
634.6	588.85
634.35	588.7
626.1	574.25
630	582.9
630.75	585.65
632.4	583.4
622.25	589.9
627.5	588.05
625.5	587.1
620.15	588.05
619.75	583.05
617.9	582.2
618.4	578.85
618.75	581.95
622.65	588.2
619.45	590.4
626.65	583.95
621.8	583.65
628.65	583.55
626.3	582.75
625.65	581.05
626.2	587.05
627.75	584.35
626.2	585.65
621.75	589.45
624.4	583.7
622.95	574.85
630.75	578.75
626.7	578.7
625.8	578.9
623.6	576.9
622.45	576
622.55	576.05
619.65	576.85
618.65	576.5
620.1	578.2
617.85	583.35
621.9	580.5
620.85	581.25
619.1	579.5
614.05	578.05
619.15	578.3
618.95	571.35
618.3	567.7
622	567.95
625.1	568.5
626.9	574.85
625.7	576.25
626.85	573.3
634.05	527.4
715.4	256.55
719.8	239.55
722	239.15
718.6	248.15
719.2	253.6
715.55	256.2
714.6	261.6
714.85	261.5
714.05	263.25
714.15	266.95
708.55	267.4
709.75	269.25
710.35	269.8
710.4	271.65
708.9	273.65
713.3	276.55
712.35	275.35
711.3	274.3
714.5	274.6
711.4	273.2
712.2	277.65
714.65	277.65
712.85	279.25
711.55	279.95
714	280.85
717.1	279.35
717.4	282.4
716.35	281.6
717.55	281.75
712.85	281.8
773.45	345.7
771.05	334.65
770.95	334.05
773	336.9
773.55	334
764.05	307.65
765.3	313.85
763.45	308.85
761.25	308.45
765	314.7
769.5	313
768.45	310.95
769.5	308.7
769.85	313.1
766.65	311.8
764.95	324.95
765.7	322.7
762.45	321.05
761.2	313.5
755.15	321.45
761.75	321.6
758.7	322.85
763.55	327.7
763.85	331.65
758.9	334.85
754.55	318.05
756.5	307.15
749.5	312.5
754.7	316.3
752.2	336.35
0	0
0	0
0	0
0	0
0	0
0	0
0	0
767.25	329.8
766.2	332.1
767.45	334.6
769.55	339.25
758.8	334.1
762.6	323.4
758.25	337.8
757.1	336.6
757.1	342.05
755.6	339.75
768.05	335.05
763.95	333.75
767.7	345.1
763.15	337.25
764.7	341.95
761.5	330.75
760.3	342.9
758.9	331.5
759.65	332.65
761	336.7
762.6	328.1
762.3	328.5
767.55	334.05
766.5	326.85
764.4	325.95
785.9	314.8
769.4	322
776.2	323.3
777.3	330.1
779.3	327
777.85	323.4
775.9	319.9
779.2	327.85
784.35	319.2
787	318.8
782.65	321.7
785.8	322.5
786.75	324.8
782.4	316.6
786.2	321.95
783.55	318.4
784.6	321.65
782.5	317.9
781	312.75
780.2	319.7
778.3	318.95
779.85	315.25
777.75	319.55
778.45	318.45
780.8	318.8
779.2	322.4
780.85	325.25
780.6	323.55
774.1	321.05
777.35	328.65
777	323.45
768.55	327.6
770.2	315.7
776	318.35
780.35	317.6
778.35	320.9
777.65	328.15
780.5	321.35
781.95	325.7
780.85	326.3
780.6	334.2
779.95	336
781.55	333.85
780.05	321.05
788.2	324.8
789.25	328.15
789.05	326.8
793.8	320.9
789.15	320.9
790.6	322
787.9	327.2
705.7	351.4
702.7	355.9
702.4	358.95
708.9	354.8
706.25	356.9
703.9	355.7
704.75	361.3
703.55	364.4
704.1	371.4
708.1	365.65
708	367.45
704.85	375.1
701.5	374.65
698.1	373.05
701.3	351.7
712.25	342.9
708.8	344.85
706.8	351.25
554.25	243.2
400.35	142.2
394.95	138.1
385.9	135.25
390.85	149.1
391.75	146.85
390.7	150.4
390.05	153.45
386	152.05
720.65	373.6
707.85	387.35
696.95	388.75
702.8	385.5
708.85	394.1
706.75	399.4
701.1	393.3
701.75	388.7
704.35	393.45
698.1	395.4
703.45	401.7
701.05	403.25
698.5	408.45
698.3	408.8
693.1	408.35
709.8	431.05
739.9	485.85
739.7	486.2
740.6	494.3
741.85	494.5
729.2	483.5
730.4	493.5
720.7	486.4
718.1	491
727.1	497.6
721.7	498.95
768.9	486
776.45	494.9
773.35	496.05
770.5	493.9
767.35	498.6
766	496.7
757.65	494.05
754.55	498.75
759.05	503.25
749.55	502.2
748.9	505
746.9	498.2
744.5	503.85
745.85	508.75
741.9	505
738.75	507.3
733.5	508.05
735.9	510.4
729.3	507.35
722.4	481.3
721	487.95
723.2	489.2
720.25	490.75
719.75	501.8
714.25	496.8
715.65	500.2
714.85	505.05
753.1	500.75
765.8	484.6
757.1	483.9
759.85	486.3
756	484.6
747.6	484.15
748.5	494.75
740.7	490.25
745.95	494.1
737.9	483.5
739.55	487.3
735.4	492
735.4	486.1
734.1	488.45
729.9	486.75
730.95	497.2
729.45	492.5
726.2	490.45
723.05	495.6
723.2	496.65
720.05	495.4
714.95	494.8
714.6	494.1
714.4	500.6
713.75	504.45
710.1	498.9
709.35	504.4
710.85	512.45
702.4	506.4
699.4	506.55
699.35	509.8
695.3	514.35
697.55	512.05
689.55	505.6
691.15	517.05
693.3	520.55
682.2	514
685.45	510.3
786.15	502.7
785.15	506.45
779.3	505.45
776.5	500.2
767.25	504.65
764.6	502.75
764.15	504.75
757.1	506.6
748.1	509
744.75	499.35
740.4	487.85
737.65	494.9
738.8	503.7
736.1	502.75
717.95	498.8
707.65	495.3
711.8	503.95
701.7	498.2
881.5	479.45
907.8	485.35
889.35	483.75
879	490.7
877.8	484.05
861.7	485.25
852.1	484.7
852.45	492.5
839.25	487.1
838.85	501.15
834.45	499.95
841.75	494.2
881.85	436
881.1	450.5
880.3	457.9
875	465.45
874.05	460.95
865.05	362.3
860.75	370.4
854.9	365.25
848.1	368.15
849	378.5
840.3	379.5
836.25	379.25
833.25	388.9
803.95	406.6
790.4	410.05
785.45	418.85
778.75	406.4
770.05	408.1
768.9	409.05
756.2	417.85
740.9	415.3
738.9	420.55
736.25	408.7
725.8	412.2
719.3	415.1
715	421.45
731.65	388.45
728	393.65
728.65	392.9
729.55	395.65
725.55	384.65
660.95	373.5
653.3	356.65
652.5	366.15
645.95	352.05
799.3	235.45
0	0
0	0
0	0
0	0
689.5	352.85
685.75	342.45
687.35	338.75
686.9	342.9
689.05	326.75
688.45	336.45
683.2	337.1
682.85	338.4
682.5	337.05
685.25	326.2
691	331.35
691	319.95
693.05	329.65
694	329
696.2	323.35
693.25	320.1
696.8	327.55
697.65	314.95
703.9	322.3
689.3	418.1
684.3	409.7
686.75	408.15
691	406
694.15	404.45
695.75	410.35
698.25	407.2
702.7	411.9
705.25	414.55
706.2	418.35
717.95	421.8
723.1	428.4
606.85	402.1
612.15	416.3
623.7	421.4
625.95	429.55
631.55	432.85
639.65	428.8
645.8	427.85
650.45	432.4
654.7	427.1
487.75	411.85
477.65	424
483	422.85
495.15	429.7
506.4	424.35
515.2	423.75
527.2	430.75
535.5	421.3
541.95	417.55
561.05	406.4
565.6	408.5
574.15	408.6
586.55	397
594.25	397
601.6	391.05
608.25	391.4
614.15	387.9
619.5	385.65
624.15	376.55
625.2	370.8
628.6	371.55
630.9	370.4
634.4	367.25
637.15	367.75
637.35	361.1
638	359.3
616.05	422.85
607.8	427.3
611.4	435.55
613.55	447
610.8	446.65
609.55	446.55
608.55	441.55
609.95	438.95
608.25	443.6
606.25	447.6
602.5	449
599.2	450.7
631.8	447.7
761.3	401.1
760.95	403.1
756.6	399.2
754.25	401.1
746.9	405.7
746.45	399.45
663.95	459.85
659.4	447.9
665.1	445.65
659.8	445.7
661.75	445.45
662.9	449.75
657.35	449.7
661.25	451.4
659	450.9
659.2	456.35
658.25	460.4
526.9	430.75
524	429.25
529.95	434.15
531.35	438.15
533.65	441.8
532.85	441.15
535.5	443.15
534.55	444.6
534.75	444.25
528.1	442.15
527	438.5
526	438.9
526.3	437.15
524.2	437.45
524.7	440.3
525.8	436.6
544.65	450.15
551.9	451.25
554.5	454.95
552.35	459.1
557.6	460.05
559.8	455
558.35	456.85
558.55	462.85
561.3	470
562.15	468.45
561.1	466.55
560.05	468.75
561.65	469.4
557.85	465.55
552.85	461.95
552.1	458.25
551.95	458.05
554.25	455.85
552.95	461.2
554.8	464.9
556.95	465.55
558.65	464.65
637.45	461.65
663.05	463.6
663.45	470.5
663.8	470.95
667.2	463.2
669.65	464.8
668.7	463.3
661.6	469.1
0	0
0	0
0	0
0	0
0	0
0	0
0	0
623.75	503.75
621.6	510.5
629.35	505.05
616.3	496.55
620.8	501.7
624.45	506.4
626.35	502.7
629.05	496.6
617.1	491.5
599.6	431.45
598.2	419.15
598.05	429.4
598.05	426.4
597.55	429
596.1	430
598.55	428.55
594.4	427.9
596.2	426.45
594.35	435.8
592.8	436.55
591.2	430.1
592.05	434.55
512.7	426.35
507.8	419.3
508.55	420.85
507.35	409.25
514.75	425.6
510.45	424.55
514	420.7
506.15	418.35
511	415.45
502.5	415.55
502.8	425.3
501.8	424.75
499.8	417.8
496.05	422.5
499.15	423.45
502.95	422.05
506.85	429.35
494.85	430.7
498.8	418.85
498.1	427.35
491.8	429.15
467.6	387.95
471.2	388.95
467.7	392.05
471.9	393.5
588.5	438.6
589.95	431.35
591.5	442.1
589.65	435.6
586.4	427.2
586	427.75
583.4	427.5
0	0
0	0
0	0
0	0
0	0
0	0
607.35	454.9
598.05	456.4
605.95	451.8
605.5	452.65
601.45	453.9
606.45	416.1
609.8	428.4
610.3	430.85
609.2	422
611.3	424.9
612.65	430.45
615.7	423.45
615.95	427.4
619.05	428.45
621.8	420.6
619.7	419.8
569.9	414.2
573.75	416.75
569.75	418.7
568.2	414.5
564.65	410.8
569.55	408.55
0	0
0	0
0	0
0	0
0	0
0	0
594.35	376.9
593.85	367.65
594.45	371.75
592.65	368.15
596.55	370.2
592.45	367.8
593.05	365.75
593.95	365.6
592.05	360.75
588.45	368.25
592.25	361.25
589.9	355.75
592.6	363.6
589.05	367.55
606.05	361.65
599.85	355.7
605.4	362.3
601.95	356.7
600.1	363.25
601.4	360.15
604.3	360
541.6	350.5
539.8	352.65
540.95	350.8
539.5	354.05
539.7	356
539.8	359
538.65	356.25
534.5	360.55
534.95	361.7
535.3	366.15
532.15	367.1
530.1	364
523.6	358.95
590.95	371.1
584.95	373.05
585.8	377.95
580.5	385.95
574.9	384.15
576.3	367.6
573.15	384.65
570.25	382.55
569.05	380.7
565.35	390.05
510.05	363.65
503.25	359.25
505.25	364.5
502.35	368.15
0	0
0	0
0	0
0	0
509.15	360.8
508.85	361.15
505.9	356.3
513.2	366.05
512.3	366.5
504.7	359.15
507.4	361.3
510.25	367
507.1	368.65
507.9	373.25
507.2	371.85
507.9	372.55
503.35	365.5
503.75	377.25
505.75	376.45
506	378.2
503.05	376.75
503.4	377.65
504.3	377.95
500.15	375.95
500.35	376.15
499.15	373.5
493.2	368.15
490.3	370.85
496.65	369.7
496.1	368.2
496.5	366.7
499.4	365
493.55	369.25
494.3	363.5
493.75	367
490.9	362.6
492.2	362.2
491.35	359.65
487.75	364.3
485.85	360.7
445.3	351.65
453.5	351.75
455	359.75
452.6	356.55
449.25	354.1
449.05	353.85
457.7	351.9
458.6	359.8
459.55	360.2
462.45	358.45
528.35	379
527.85	375.75
526.6	375.2
520.85	380.15
521.65	381.75
528.15	381.65
525.35	387.35
939.7	450.3
936.6	453.05
935.15	453.3
931.4	457.5
933.2	458.75
930.25	462.8
938.1	461.15
1118.45	495.55
1172.75	523.75
1182.6	528.05
1179.65	532.7
1175.45	533.75
1175.25	533.15
1178.05	531.5
1177.15	536.25
958.6	435.3
952.3	421.5
952.6	426.6
951.75	424.7
948.25	432
948.05	426.25
1068.65	334.15
1076.55	341.5
1075	344.2
1074.75	344.15
1074.4	348.2
1078.25	343.6
1078.8	344.5
1080.2	344.45
1074	340.7
1074.15	340.7
1073.75	352.35
906.3	232.05
625.9	58.7
620.35	51.75
620.25	49.65
620.3	57.7
618.8	65.35
618.6	60.7
762	264.45
803.9	310.65
802.8	317.7
804.1	324.2
805.8	322.2
805.45	325.25
801.4	326.5
790.7	335.35
704.5	370.25
701.9	365.75
704.1	375.4
706.45	372.75
707.55	367.85
712.05	366.7
632.45	429.5
634.45	429
639	444.5
644.35	444.85
647.2	443.9
653.95	439.6
654.8	438.85
658.6	442.15
772.25	425.95
782.3	426.85
784.8	424.45
788.15	423.95
786.9	416.75
786.7	416.75
793.5	429.15
795.75	432.25
803.75	429.4
806.1	433.8
807.25	431.05
808.05	433.3
815.45	426.75
818.25	429.2
820.7	431.3
827.6	429.5
742.55	359.75
728.35	362.35
732.35	363.65
730.9	357.95
730.6	358.45
732.85	360.25
732.4	352.8
730.25	349.55
727.7	336.3
730.95	334.25
733.6	339.45
736.25	345.35
737.7	344.75
738.9	342.35
736.1	343.45
736.8	334.5
739.6	335.35
739.15	339.25
743.7	343
742.8	344.25
742.45	342.65
743.3	343.55
742.5	335.8
744.35	338.75
742.8	345.65
744.6	343.1
745.5	339.05
748.7	341.05
750.6	338.5
727.55	321.4
736.7	316.05
736.45	319.3
736.1	321.9
736.85	325
739.5	324.8
737.75	323.75
732.8	319.15
732.7	313.35
731.85	308
712.85	376.2
717.55	369.05
716.5	366.65
716.4	365.25
717.85	367.4
716.2	368.3
715.6	370.8
715.6	363.4
715.7	363.15
718	366.4
717.05	367.25
712.15	371.35
713.45	374.65
714.95	375.25
715.05	372.4
711.25	377.4
710.95	377.7
714.1	383.15
737.65	337.95
739.3	345.15
736.1	342.65
736.65	331.1
733.2	336.3
730.05	336.15
732.5	331.9
724.75	333.2
725.7	337.95
728.5	344.5
721.75	348.4
711.45	376
712.1	371.8
708.35	366.95
707.45	369.2
711.25	375.95
710.25	372.1
704.2	377
700.6	384.1
697.4	387.3
696.95	392.3
692.2	387.15
614.95	382.45
624.3	380.2
620.3	379.75
617.25	383.15
616.75	381.6
614.85	380.65
610	374.5
611.3	369.7
611.45	372.55
611.8	383.1
611.4	387.45
608.2	383.3
602.6	380.95
601.2	389.35
599.8	392.1
602	389.7
601.05	386.35
600.95	379.35
601.3	376.55
600.75	378.9
594.7	379.8
594.85	382.35
594.45	381.4
595	383.45
594.1	385.45
596.95	386.8
595.05	378.7
597.1	380.9
594.85	378.65
596.25	375.15
598.05	380.5
600.5	375.05
599.9	376.1
601.55	377.65
597.85	380
601.55	384.2
601.9	379.85
601.65	381.75
602.45	379.6
602.15	380.35
601.55	379.25
601.7	379.25
603.3	381.7
599.85	383.95
600.2	382.7
600.1	394.25
600.1	391.25
597.8	390.1
599.7	391.9
598.25	398.75
595.15	401.6
596.35	398.7
596.4	396.1
595.4	398.5
591.3	399.95
591.7	401.95
589.6	396.45
589.3	395.25
588	396.15
587.55	403.4
584.85	396.55
587	398.8
589.7	406.35
590.65	402.85
585.7	400
587.45	399.85
588.15	400.35
589.1	405.15
588.8	410.05
593.1	410.1
590.4	406.25
594.1	407.7
591.3	408.4
596.85	407.6
598.95	408.4
599.05	410.05
598.9	411.05
602.45	410.6
606.05	412.7
606.15	412.65
610.5	408.45
613.45	410.65
611.85	410.5
612.15	402.3
612.25	399.35
609.8	399.8
611.35	403.25
611.5	403.3
614.7	408.95
612.35	411.55
613.65	413.3
614.5	412.8
613.05	416.15
616.75	410
618.25	413.55
615.55	413.95
615.4	414
617	413.05
616.8	406.85
618.4	412.15
620.25	421.5
615.95	422.75
619.3	419.3
622.05	416.65
625.45	420.1
630.55	420.2
631.15	420.9
633.15	417.6
626.45	421.1
632.3	416.9
631.9	416.5
632.4	421.5
634.5	422.85
632.15	428.85
632.4	428.7
634.9	424.15
635.4	423.25
636.6	417.05
640.25	432
634.95	431.75
633.15	433.7
632.85	431.05
631.05	435
634.35	436.5
638.55	433.4
636.55	426.35
633.95	422.8
630.55	423.65
630.4	427.85
630.15	429.75
631.25	427.25
632.35	431.9
634.65	433.55
633.15	433.75
632.3	430.65
636.1	433.05
637.7	442.55
636.9	447.95
639.7	441
637.35	444.6
636	440.3
634.7	441.25
636.65	446.3
634.3	450.45
642.7	457.45
641.75	459.6
638.95	458.7
645.45	464.6
639.3	461.25
640.4	465.8
640.4	467.45
637.7	467.9
639.55	467.05
637.55	463.7
639.55	464.85
640.75	461.95
639.6	462.9
641.1	467.95
640.7	468.9
640.35	471.2
639.8	475.5
639.15	482.5
642.3	480.9
640	481.4
638.45	477.65
634.4	483.3
636.3	484.95
626.3	485.5
625.1	480.7
624.8	487.1
621.85	484.85
621.6	489.4
618.85	489.1
620.9	487.75
622.1	491.6
618.1	493.55
619.55	493.95
619	489.6
614.15	491.6
611.45	488.75
608.35	489.15
611.45	490.65
608.8	493
608.5	495.2
604.75	492.25
604.85	483
601.7	483.35
599.5	489.1
599.8	495.55
602.15	488.95
602.85	489.05
602.35	486.55
601.6	486.8
599.1	486.15
597.65	480.5
598.15	485.9
580.4	430.55
567.8	421.15
565.45	423.75
569.95	420.2
570.1	415.7
568.85	415.3
573.55	413.9
569.55	413.75
572.15	426.9
577.55	404.65
581.2	402.45
581	403.2
582	404.05
583.55	411.25
587.1	412.5
588.15	412.7
587.15	412
589.45	415.95
589.2	415.6
612.45	418.25
702.25	420.65
716.8	421.7
717.4	418.15
719.65	419.5
722.1	414.95
727.25	413.65
727.3	419.55
730.25	425.55
732.6	432.95
736.75	436.65
745.8	437.55
747.9	438.65
751.85	441.7
745.15	449.6
679.8	447.25
679.65	444.85
682.2	447.95
689.5	447.4
691.05	440.65
694.7	441.25
697.4	444.3
701.75	441.4
706.65	442.95
710.85	444.75
714.35	445.1
718.7	443
722.15	445.05
726.85	449.1
724.9	443.8
724.8	441.05
727.75	440.65
728.4	443.85
729.75	445.1
734.35	449.95
736.35	451.2
739	452.45
739.2	448.9
771.95	378.4
776.8	379.9
779.1	377.8
780.55	379.1
786.75	382.4
789.6	379.4
790.7	372.65
797.75	373.6
800.45	378.6
786.65	369.95
796.1	369.45
793.7	366.1
792.35	358.2
798.2	357.2
795.95	361.95
799.25	367.7
798.85	373.6
802.4	384.75
805.4	384.75
807.1	390.5
805.35	393.15
807.45	401.3
789.7	438.15
790.9	439.4
788.65	446.3
790.2	456.25
793.1	457.1
790.55	460.1
787.85	463.8
791.15	474
785.95	480.85
782.7	488
789.35	487.5
781.85	497.3
780.15	499.55
783.2	499.35
784.75	500.95
842.9	455.95
842.2	460.8
838.1	459.1
835.7	460.4
832	460.55
832.95	459.95
829.6	460.9
826.5	455.3
732.8	425.65
726.95	429.75
722.05	426
722.55	426.05
626.6	267.75
620.65	258.55
633.9	256.9
636.6	253.85
647	247.35
654.6	252.5
656.5	330.2
645.3	481.7
647.45	502.65
653.6	510.15
656.65	507.9
652.9	506.6
651.7	506.55
649.3	507.3
647.4	507.25
652.1	504.5
652.95	497.9
651.25	500.3
653.25	496.15
651.65	491.4
661.15	471.6
667.7	452.05
662.8	450.35
667.5	451
671.75	450.5
669.65	448.9
670.15	443.1
672.1	444.25
675.5	440.95
684.85	441.25
692.55	441.3
723.4	425.7
733.6	431.45
739.25	437.25
743.3	435.85
745.65	434.5
742.15	433.05
733.8	433.45
703.1	406.25
704.8	407.5
703.9	400.35
699.25	396.9
700.15	399.25
697.6	389.85
698.45	385.55
695.45	390.65
697.95	395.5
695.85	391.45
695.05	399.8
694.6	396.75
697	405.2
699.15	408.65
705.3	408.25
708.55	410.9
712	411.15
716.5	414.25
716.85	410.55
723.6	412.9
726.45	411.25
731	401.05
730.75	403.8
730.1	409.75
731.95	416
733.9	410.75
734	414.85
738.55	413.7
741.55	411.8
745.1	413.25
725.35	458.85
732.65	451.35
735.2	446.75
737.65	440.95
744.1	442.8
740.7	444.2
746.25	442
751.05	447.55
749.65	445.05
745.55	441.7
905.95	405.25
900.4	405.35
898.5	408.95
898	409.8
898.25	411.65
892.9	417.2
890.9	412.8
883.95	410.85
881.7	413.05
752.45	366.75
754.2	370.6
746.75	379.65
748.7	383.65
749.75	384.45
585.1	389.3
583.8	386.35
580	389.7
576.1	399.6
555.65	388.05
548.85	382.1
543.2	391.35
546.5	388.55
543.35	391.55
546.7	395.05
544.65	389.85
543.9	391.65
544.6	386.7
544.25	383.15
543.9	383.2
544.25	382.7
593.7	389.55
773.95	364.25
785.7	364.35
784.85	360.05
782.85	358.95
787.5	362.4
626.6	355.65
636.55	357.05
634.8	349.55
638.2	351.85
637.45	350.3
640.75	354.2
638.9	349.1
643.95	355.25
647.05	359.1
647.05	354.5
647.25	359.95
660.75	344.9
658.05	347.95
661	340.9
663.35	335.65
666.05	341.15
667.05	343.05
668.45	340.05
672.7	338.8
674.3	337.6
676.6	332.6
679.25	333.5
682.15	335.5
683.6	335.55
707.6	356.6
707.9	362.7
713.2	362.8
715.2	358.45
713.4	364.2
717.45	361.1
720.85	358.1
726.1	358.05
727.4	360.1
726.1	352.6
727.55	347
766.85	412.25
770.6	411.8
771	412.9
772.55	413.35
775.1	408.25
778.35	409.7
777.65	407.45
731.85	383.95
727.4	385.25
725.7	378.25
725.8	376.75
722.4	377.6
731.2	328.95
731.25	327.9
729.75	329.55
726.95	327.6
723.25	329.8
726.85	327.45
722.7	322.45
719.35	327.65
717.85	325.85
732.3	329.3
724.65	328.45
727.1	328.45
732.25	331.4
726.7	331.05
725.3	330.35
726.1	328.25
724.3	327.8
720.35	330.25
717.9	331.3
718.6	332.05
716.4	330.1
712.9	328.5
711.8	327.65
712	326.35
710.15	329.4
709.55	328.45
707.1	329.25
707.35	329.2
708.65	327.8
707.25	329.55
703.95	332.3
699.7	331.2
698.65	332.8
695.75	331.5
697.35	327
731.05	308.85
723.3	315.45
726.75	317.45
728.4	316
726.3	317.2
729	322.85
728.55	319.1
729	318.5
911.1	406.75
1015.35	439.55
1009.2	436.05
999.65	438.95
988.2	437.45
991.1	439.95
982.4	443.55
976.7	438.55
762.35	355.1
713.1	342.35
713.95	341.9
708.55	343.55
701.25	346.45
699.5	337.8
703	344.1
701.1	343.35
696.35	347.2
694.7	303.5
690.5	306.5
689.4	304.65
689.5	302.85
695.65	299.95
844	338
853.15	340.3
856.45	333.85
854.35	335.5
857.3	330.45
856.5	329.5
861.05	340.45
860.95	338.55
862.7	343.1
863.25	341.85
866.05	337.2
848.85	423.45
849.55	418.25
851.3	426.8
850.25	422.95
853.15	423.9
849.75	416.2
851.95	414.9
796.55	420.65
553	457.6
546.3	467.7
549.3	467.4
551.9	466.8
556.4	466
555	469.1
850.85	401.1
852.75	393.85
855.05	389.85
854.4	389.95
852.1	387.8
852.4	382.3
850.35	384.8
851.9	388.35
844.7	379.95
792	316
791.7	315.55
792	315.5
793.55	311.3
789.9	313.1
650.4	240.05
646.25	236.4
644.15	239.75
638.5	233.5
623.7	232.15
493.9	175.6
479.6	174.3
472.55	172.95
468.5	167.05
465.75	167.25
460.85	167.55
264.45	377.7
267.65	389.8
272.55	399.4
276.7	403.5
278.65	405.7
280.8	407.9
285.95	410.25
288.6	411.95
291.5	411.25
174.1	400.1
177.2	401.1
182.2	402.95
185.7	399.1
191.5	399.4
196.05	401.5
194.85	404.75
146.85	387.6
156.2	393.2
157.2	396.85
161	396.2
161.65	394.85
165.05	399.65
167.2	400.85
170.85	402.1
172.8	401.25
174.2	403.25
180.9	403.2
180.5	401.85
179.7	402.3
185.35	404.5
189.6	406.7
190	408.8
193.35	410.8
192.75	410.55
196.6	413.15
200.85	411.9
203.65	410.45
203.35	412.85
205.35	411.85
208.85	410.05
208.25	409.55
213.25	409
216.1	409.55
219.1	408.15
729.55	377.9
804.25	356.45
805.4	360.8
810.7	366.1
810	364.95
812.25	364.6
812.9	363.6
809.9	364.7
816.3	368.3
821	373.15
814.1	375.5
816.6	374.15
817.6	375.3
819.15	375.1
813.95	302.9
814.4	310
819.85	312.55
816.2	314.9
813.8	316.2
818.7	318.1
822.2	317.55
826.9	315.85
823.25	316.8
826.1	318.8
826.9	317.05
825.7	318.2
828.9	316
827.3	315.9
621.9	368.65
417.6	405.6
408.05	410.15
413.5	409.15
416.2	410.2
418.95	413.85
314.15	398.5
314.7	396.35
319.5	398.15
322.25	398.55
324.15	396.4
327.95	396.45
308.95	391.45
312.45	389.6
315.8	388.15
315.25	389.1
317.6	387.85
324.45	385.25
327.3	390.85
334.1	390.15
338.2	392.15
343.9	393.75
600.9	369.85
815.5	351.1
823.85	348.85
827.55	349.65
831.9	352.35
836.05	353.1
836.8	352.25
842.2	351.95
845.05	359.95
850.2	358.55
848.1	367.45
885	385.1
890.2	383.75
889.25	382.6
890.6	382.4
887.55	385.1
890.1	393.15
891.75	390.25
892.55	398.05
893.35	388.5
894.3	387.65
892.4	391.7
893.95	398.65
893.1	397.45
890.15	307
892.9	312.45
899.7	315.9
902.4	315.5
904.95	318.85
904.25	319
904.8	317.75
902.1	323.15
903.35	321
907.75	319.45
909	324.85
918.85	352.1
918.75	349.95
920.95	353.25
920.8	358.2
925.6	357.65
928	358.85
930.6	356.75
924	358.1
927.85	361.3
931.25	363.25
932.45	358.85
936.7	364.45
934.25	365.5
940	364.6
937.6	366.35
905.9	371.45
736.35	400.6
732.65	399.2
736.35	394.45
741.05	391.55
746.8	390.3
705.3	394
703.35	390.8
705.45	391.35
711.9	389.25
713.35	391.25
709.3	397.5
712.15	400.35
668.3	495.2
667.55	495.35
669.25	496
670.3	495.35
673.75	498.2
673.7	498.35
670.55	496.8
