0	0
0	0
0	0
0	0
0	0
0	0
0	0
0	0
0	0
0	0
0	0
0	0
622.85	360
568.75	360
498.81	358.71
463.19	358.71
459.23	358.71
459.23	358.71
459.23	358.71
459.23	358.71
459.23	358.71
459.23	358.71
459.23	358.71
459.23	358.71
459.23	358.71
459.23	358.71
457.91	363.88
457.91	379.38
457.91	391.01
457.91	405.22
456.59	416.85
444.71	429.77
428.88	434.94
401.17	434.94
348.39	434.94
323.32	434.94
286.37	434.94
273.17	434.94
273.17	434.94
273.17	434.94
273.17	434.94
273.17	434.94
278.45	434.94
294.29	434.94
376.1	438.82
444.71	438.82
505.41	438.82
519.92	438.82
527.84	437.53
533.12	436.23
541.04	436.23
554.23	434.94
563.47	433.65
579.3	432.36
583.26	429.77
585.9	429.77
596.46	427.19
608.33	425.9
654.51	422.02
684.86	422.02
704.66	422.02
707.3	420.73
707.3	420.73
711.25	420.73
736.32	420.73
742.92	420.73
742.92	420.73
744.24	419.44
744.24	419.44
744.24	419.44
744.24	419.44
744.24	419.44
744.24	419.44
744.24	419.44
744.24	419.44
744.24	419.44
744.24	419.44
744.24	419.44
744.24	419.44
744.24	419.44
744.24	419.44
744.24	419.44
744.24	419.44
744.24	419.44
744.24	419.44
744.24	419.44
744.24	419.44
744.24	419.44
744.24	419.44
744.24	419.44
744.24	419.44
744.24	419.44
744.24	419.44
744.24	419.44
744.24	419.44
744.24	419.44
744.24	419.44
744.24	419.44
744.24	419.44
744.24	419.44
744.24	419.44
744.24	419.44
744.24	419.44
744.24	419.44
744.24	419.44
744.24	419.44
744.24	419.44
744.24	419.44
744.24	419.44
744.24	419.44
744.24	419.44
744.24	419.44
744.24	419.44
744.24	419.44
744.24	419.44
744.24	419.44
744.24	419.44
744.24	419.44
744.24	419.44
744.24	419.44
744.24	419.44
744.24	419.44
744.24	419.44
744.24	419.44
744.24	419.44
744.24	419.44
744.24	419.44
744.24	419.44
744.24	419.44
744.24	419.44
744.24	419.44
744.24	419.44
744.24	419.44
744.24	419.44
744.24	419.44
744.24	419.44
744.24	419.44
744.24	419.44
744.24	419.44
744.24	419.44
744.24	419.44
744.24	419.44
744.24	419.44
744.24	419.44
744.24	419.44
744.24	419.44
744.24	419.44
744.24	419.44
744.24	419.44
744.24	419.44
744.24	419.44
744.24	419.44
744.24	419.44
744.24	419.44
744.24	419.44
744.24	419.44
744.24	419.44
744.24	419.44
744.24	419.44
744.24	419.44
744.24	419.44
744.24	419.44
744.24	419.44
744.24	419.44
744.24	419.44
744.24	419.44
744.24	419.44
744.24	419.44
744.24	419.44
744.24	419.44
744.24	419.44
744.24	419.44
744.24	419.44
744.24	419.44
744.24	419.44
744.24	419.44
744.24	419.44
744.24	419.44
744.24	419.44
744.24	419.44
744.24	419.44
744.24	419.44
744.24	419.44
744.24	419.44
744.24	419.44
744.24	419.44
744.24	419.44
744.24	419.44
744.24	419.44
744.24	419.44
744.24	419.44
744.24	419.44
744.24	419.44
744.24	419.44
744.24	419.44
744.24	419.44
744.24	419.44
744.24	419.44
744.24	419.44
744.24	419.44
744.24	419.44
744.24	419.44
744.24	419.44
744.24	419.44
744.24	419.44
744.24	419.44
744.24	419.44
744.24	419.44
744.24	419.44
744.24	419.44
744.24	419.44
744.24	419.44
744.24	419.44
744.24	419.44
744.24	419.44
744.24	419.44
744.24	419.44
744.24	419.44
744.24	419.44
744.24	419.44
744.24	419.44
744.24	419.44
744.24	419.44
744.24	419.44
744.24	419.44
744.24	419.44
744.24	419.44
744.24	419.44
744.24	419.44
744.24	419.44
744.24	419.44
744.24	419.44
744.24	419.44
744.24	419.44
744.24	419.44
744.24	419.44
744.24	419.44
744.24	419.44
744.24	419.44
744.24	419.44
744.24	419.44
744.24	419.44
744.24	419.44
744.24	419.44
744.24	419.44
744.24	419.44
744.24	419.44
744.24	419.44
744.24	419.44
744.24	419.44
744.24	419.44
744.24	419.44
744.24	419.44
744.24	419.44
744.24	419.44
744.24	419.44
744.24	419.44
744.24	419.44
744.24	419.44
744.24	419.44
744.24	419.44
744.24	419.44
744.24	419.44
744.24	419.44
744.24	419.44
744.24	419.44
744.24	419.44
744.24	419.44
744.24	419.44
744.24	419.44
744.24	419.44
744.24	419.44
744.24	419.44
744.24	419.44
744.24	419.44
744.24	419.44
744.24	419.44
744.24	419.44
744.24	419.44
744.24	419.44
744.24	419.44
744.24	419.44
744.24	419.44
744.24	419.44
744.24	419.44
744.24	419.44
744.24	419.44
744.24	419.44
744.24	419.44
744.24	419.44
744.24	419.44
744.24	419.44
744.24	419.44
744.24	419.44
744.24	419.44
744.24	419.44
744.24	419.44
744.24	419.44
744.24	419.44
744.24	419.44
744.24	419.44
744.24	419.44
744.24	419.44
744.24	419.44
744.24	419.44
744.24	419.44
744.24	419.44
744.24	419.44
744.24	419.44
744.24	419.44
744.24	419.44
744.24	419.44
744.24	419.44
744.24	419.44
744.24	419.44
744.24	419.44
744.24	419.44
744.24	419.44
744.24	419.44
744.24	419.44
744.24	419.44
744.24	419.44
744.24	419.44
744.24	419.44
744.24	419.44
744.24	419.44
744.24	419.44
744.24	419.44
744.24	419.44
744.24	419.44
744.24	419.44
744.24	419.44
744.24	419.44
744.24	419.44
744.24	419.44
744.24	419.44
744.24	419.44
744.24	419.44
744.24	419.44
744.24	419.44
744.24	419.44
744.24	419.44
744.24	419.44
744.24	419.44
744.24	419.44
744.24	419.44
744.24	419.44
744.24	419.44
744.24	419.44
744.24	419.44
744.24	419.44
744.24	419.44
744.24	419.44
744.24	419.44
744.24	419.44
744.24	419.44
744.24	419.44
744.24	419.44
744.24	419.44
744.24	419.44
744.24	419.44
744.24	419.44
744.24	419.44
744.24	419.44
744.24	419.44
744.24	419.44
744.24	419.44
744.24	419.44
744.24	419.44
744.24	419.44
744.24	419.44
744.24	419.44
744.24	419.44
744.24	419.44
744.24	419.44
744.24	419.44
744.24	419.44
744.24	419.44
744.24	419.44
744.24	419.44
744.24	419.44
744.24	419.44
744.24	419.44
744.24	419.44
744.24	419.44
744.24	419.44
744.24	419.44
744.24	419.44
744.24	419.44
744.24	419.44
744.24	419.44
744.24	419.44
744.24	419.44
744.24	419.44
744.24	419.44
744.24	419.44
744.24	419.44
744.24	419.44
744.24	419.44
744.24	419.44
744.24	419.44
744.24	419.44
744.24	419.44
744.24	419.44
744.24	419.44
744.24	419.44
744.24	419.44
744.24	419.44
744.24	419.44
744.24	419.44
744.24	419.44
744.24	419.44
744.24	419.44
744.24	419.44
744.24	419.44
744.24	419.44
744.24	419.44
744.24	419.44
744.24	419.44
744.24	419.44
744.24	419.44
744.24	419.44
744.24	419.44
744.24	419.44
744.24	419.44
744.24	419.44
744.24	419.44
744.24	419.44
744.24	419.44
744.24	419.44
744.24	419.44
744.24	419.44
744.24	419.44
744.24	419.44
744.24	419.44
744.24	419.44
744.24	419.44
744.24	419.44
744.24	419.44
744.24	419.44
744.24	419.44
744.24	419.44
744.24	419.44
744.24	419.44
744.24	419.44
744.24	419.44
744.24	419.44
744.24	419.44
744.24	419.44
744.24	419.44
744.24	419.44
744.24	419.44
744.24	419.44
744.24	419.44
744.24	419.44
744.24	419.44
744.24	419.44
744.24	419.44
744.24	419.44
744.24	419.44
744.24	419.44
744.24	419.44
744.24	419.44
744.24	419.44
744.24	419.44
744.24	419.44
744.24	419.44
744.24	419.44
744.24	419.44
744.24	419.44
744.24	419.44
744.24	419.44
744.24	419.44
744.24	419.44
744.24	419.44
744.24	419.44
744.24	419.44
744.24	419.44
744.24	419.44
744.24	419.44
744.24	419.44
744.24	419.44
744.24	419.44
744.24	419.44
744.24	419.44
744.24	419.44
744.24	419.44
744.24	419.44
744.24	419.44
744.24	419.44
744.24	419.44
744.24	419.44
744.24	419.44
744.24	419.44
744.24	419.44
744.24	419.44
744.24	419.44
744.24	419.44
744.24	419.44
744.24	419.44
744.24	419.44
744.24	419.44
744.24	419.44
744.24	419.44
744.24	419.44
744.24	419.44
744.24	419.44
744.24	419.44
744.24	419.44
744.24	419.44
744.24	419.44
744.24	419.44
744.24	419.44
744.24	419.44
744.24	419.44
744.24	419.44
744.24	419.44
744.24	419.44
744.24	419.44
744.24	419.44
744.24	419.44
744.24	419.44
744.24	419.44
744.24	419.44
744.24	419.44
744.24	419.44
744.24	419.44
744.24	419.44
744.24	419.44
744.24	419.44
744.24	419.44
744.24	419.44
744.24	419.44
744.24	419.44
744.24	419.44
744.24	419.44
744.24	419.44
744.24	419.44
744.24	419.44
744.24	419.44
744.24	419.44
744.24	419.44
744.24	419.44
744.24	419.44
744.24	419.44
744.24	419.44
744.24	419.44
744.24	419.44
744.24	419.44
744.24	419.44
744.24	419.44
744.24	419.44
744.24	419.44
744.24	419.44
744.24	419.44
744.24	419.44
744.24	419.44
744.24	419.44
744.24	419.44
744.24	419.44
744.24	419.44
744.24	419.44
744.24	419.44
744.24	419.44
744.24	419.44
744.24	419.44
744.24	419.44
744.24	419.44
744.24	419.44
744.24	419.44
744.24	419.44
744.24	419.44
744.24	419.44
744.24	419.44
744.24	419.44
744.24	419.44
744.24	419.44
744.24	419.44
744.24	419.44
744.24	419.44
744.24	419.44
744.24	419.44
744.24	419.44
744.24	419.44
744.24	419.44
744.24	419.44
744.24	419.44
744.24	419.44
744.24	419.44
744.24	419.44
744.24	419.44
744.24	419.44
744.24	419.44
744.24	419.44
744.24	419.44
744.24	419.44
744.24	419.44
744.24	419.44
744.24	419.44
744.24	419.44
744.24	419.44
744.24	419.44
744.24	419.44
744.24	419.44
744.24	419.44
744.24	419.44
744.24	419.44
744.24	419.44
744.24	419.44
744.24	419.44
744.24	419.44
744.24	419.44
744.24	419.44
744.24	419.44
744.24	419.44
744.24	419.44
744.24	419.44
744.24	419.44
744.24	419.44
744.24	419.44
744.24	419.44
744.24	419.44
744.24	419.44
744.24	419.44
744.24	419.44
744.24	419.44
744.24	419.44
744.24	419.44
744.24	419.44
744.24	419.44
744.24	419.44
744.24	419.44
744.24	419.44
744.24	419.44
744.24	419.44
744.24	419.44
744.24	419.44
744.24	419.44
744.24	419.44
744.24	419.44
744.24	419.44
744.24	419.44
744.24	419.44
744.24	419.44
744.24	419.44
744.24	419.44
744.24	419.44
744.24	419.44
744.24	419.44
744.24	419.44
744.24	419.44
744.24	419.44
744.24	419.44
744.24	419.44
744.24	419.44
744.24	419.44
744.24	419.44
744.24	419.44
744.24	419.44
744.24	419.44
744.24	419.44
744.24	419.44
744.24	419.44
744.24	419.44
744.24	419.44
744.24	419.44
744.24	419.44
744.24	419.44
744.24	419.44
744.24	419.44
744.24	419.44
744.24	419.44
744.24	419.44
744.24	419.44
744.24	419.44
744.24	419.44
744.24	419.44
744.24	419.44
744.24	419.44
744.24	419.44
744.24	419.44
744.24	419.44
744.24	419.44
744.24	419.44
744.24	419.44
744.24	419.44
744.24	419.44
744.24	419.44
744.24	419.44
744.24	419.44
744.24	419.44
744.24	419.44
744.24	419.44
744.24	419.44
744.24	419.44
744.24	419.44
744.24	419.44
744.24	419.44
744.24	419.44
744.24	419.44
744.24	419.44
744.24	419.44
744.24	419.44
744.24	419.44
744.24	419.44
744.24	419.44
744.24	419.44
744.24	419.44
744.24	419.44
744.24	419.44
744.24	419.44
744.24	419.44
744.24	419.44
744.24	419.44
744.24	419.44
744.24	419.44
744.24	419.44
744.24	419.44
744.24	419.44
744.24	419.44
744.24	419.44
744.24	419.44
744.24	419.44
744.24	419.44
744.24	419.44
744.24	419.44
744.24	419.44
744.24	419.44
744.24	419.44
744.24	419.44
744.24	419.44
744.24	419.44
744.24	419.44
744.24	419.44
744.24	419.44
744.24	419.44
744.24	419.44
744.24	419.44
744.24	419.44
926.33	419.44
0	0
0	0
0	0
0	0
1227.18	443.99
869.6	455.62
691.46	455.62
541.04	459.49
498.81	463.37
481.66	465.95
481.66	465.95
481.66	465.95
481.66	465.95
468.46	467.24
439.43	467.24
373.46	458.2
319.36	438.82
219.07	396.18
188.73	383.26
186.09	372.92
186.09	361.29
186.09	361.29
186.09	361.29
186.09	361.29
186.09	361.29
186.09	361.29
186.09	361.29
186.09	361.29
186.09	361.29
186.09	361.29
186.09	361.29
186.09	361.29
186.09	361.29
186.09	361.29
186.09	361.29
186.09	361.29
186.09	361.29
186.09	361.29
186.09	361.29
186.09	361.29
186.09	361.29
186.09	361.29
186.09	361.29
186.09	361.29
186.09	361.29
186.09	361.29
186.09	361.29
186.09	361.29
186.09	361.29
186.09	361.29
186.09	361.29
186.09	361.29
186.09	361.29
186.09	361.29
186.09	361.29
186.09	361.29
186.09	361.29
186.09	361.29
186.09	361.29
186.09	361.29
186.09	361.29
186.09	361.29
186.09	361.29
186.09	361.29
186.09	361.29
186.09	361.29
186.09	361.29
186.09	361.29
186.09	361.29
186.09	361.29
186.09	361.29
186.09	361.29
186.09	361.29
186.09	361.29
186.09	361.29
186.09	361.29
186.09	361.29
186.09	361.29
186.09	361.29
186.09	361.29
186.09	361.29
186.09	361.29
186.09	361.29
186.09	361.29
186.09	361.29
186.09	361.29
186.09	361.29
186.09	361.29
186.09	361.29
186.09	361.29
186.09	361.29
186.09	361.29
186.09	361.29
186.09	361.29
186.09	361.29
186.09	361.29
186.09	361.29
186.09	361.29
186.09	361.29
186.09	361.29
186.09	361.29
186.09	361.29
186.09	361.29
186.09	361.29
186.09	361.29
186.09	361.29
186.09	361.29
186.09	361.29
186.09	361.29
186.09	361.29
186.09	361.29
186.09	361.29
186.09	361.29
186.09	361.29
186.09	361.29
186.09	361.29
186.09	361.29
186.09	361.29
186.09	361.29
186.09	361.29
186.09	361.29
186.09	361.29
186.09	361.29
186.09	361.29
186.09	361.29
186.09	361.29
186.09	361.29
186.09	361.29
186.09	361.29
186.09	361.29
186.09	361.29
186.09	361.29
186.09	361.29
186.09	361.29
186.09	361.29
186.09	361.29
186.09	361.29
186.09	361.29
186.09	361.29
186.09	361.29
186.09	361.29
186.09	361.29
186.09	361.29
186.09	361.29
186.09	361.29
186.09	361.29
186.09	361.29
186.09	361.29
186.09	361.29
186.09	361.29
186.09	361.29
186.09	361.29
186.09	361.29
186.09	361.29
186.09	361.29
186.09	361.29
186.09	361.29
186.09	361.29
186.09	361.29
186.09	361.29
186.09	361.29
186.09	361.29
186.09	361.29
186.09	361.29
186.09	361.29
186.09	361.29
186.09	361.29
186.09	361.29
186.09	361.29
186.09	361.29
186.09	361.29
186.09	361.29
186.09	361.29
186.09	361.29
186.09	361.29
186.09	361.29
186.09	361.29
186.09	361.29
186.09	361.29
186.09	361.29
186.09	361.29
186.09	361.29
186.09	361.29
186.09	361.29
186.09	361.29
186.09	361.29
186.09	361.29
186.09	361.29
186.09	361.29
186.09	361.29
186.09	361.29
186.09	361.29
186.09	361.29
186.09	361.29
186.09	361.29
186.09	361.29
186.09	361.29
186.09	361.29
186.09	361.29
186.09	361.29
186.09	361.29
186.09	361.29
186.09	361.29
186.09	361.29
186.09	361.29
186.09	361.29
186.09	361.29
186.09	361.29
186.09	361.29
186.09	361.29
186.09	361.29
186.09	361.29
186.09	361.29
186.09	361.29
186.09	361.29
186.09	361.29
186.09	361.29
186.09	361.29
186.09	361.29
186.09	361.29
186.09	361.29
186.09	361.29
186.09	361.29
186.09	361.29
186.09	361.29
186.09	361.29
186.09	361.29
186.09	361.29
186.09	361.29
186.09	361.29
186.09	361.29
186.09	361.29
186.09	361.29
186.09	361.29
186.09	361.29
186.09	361.29
186.09	361.29
186.09	361.29
186.09	361.29
186.09	361.29
186.09	361.29
186.09	361.29
186.09	361.29
186.09	361.29
186.09	361.29
186.09	361.29
186.09	361.29
186.09	361.29
186.09	361.29
186.09	361.29
186.09	361.29
186.09	361.29
186.09	361.29
186.09	361.29
186.09	361.29
186.09	361.29
186.09	361.29
186.09	361.29
186.09	361.29
186.09	361.29
186.09	361.29
186.09	361.29
186.09	361.29
186.09	361.29
186.09	361.29
186.09	361.29
186.09	361.29
186.09	361.29
186.09	361.29
186.09	361.29
186.09	361.29
186.09	361.29
186.09	361.29
186.09	361.29
186.09	361.29
186.09	361.29
186.09	361.29
186.09	361.29
186.09	361.29
186.09	361.29
186.09	361.29
186.09	361.29
186.09	361.29
186.09	361.29
186.09	361.29
186.09	361.29
186.09	361.29
186.09	361.29
186.09	361.29
186.09	361.29
186.09	361.29
186.09	361.29
186.09	361.29
186.09	361.29
186.09	361.29
186.09	361.29
186.09	361.29
186.09	361.29
186.09	361.29
186.09	361.29
186.09	361.29
186.09	361.29
186.09	361.29
186.09	361.29
186.09	361.29
186.09	361.29
186.09	361.29
186.09	361.29
186.09	361.29
186.09	361.29
186.09	361.29
186.09	361.29
186.09	361.29
186.09	361.29
186.09	361.29
186.09	361.29
186.09	361.29
186.09	361.29
186.09	361.29
186.09	361.29
186.09	361.29
186.09	361.29
186.09	361.29
186.09	361.29
186.09	361.29
186.09	361.29
186.09	361.29
186.09	361.29
186.09	361.29
186.09	361.29
186.09	361.29
186.09	361.29
186.09	361.29
186.09	361.29
186.09	361.29
186.09	361.29
186.09	361.29
186.09	361.29
186.09	361.29
186.09	361.29
186.09	361.29
186.09	361.29
186.09	361.29
186.09	361.29
186.09	361.29
186.09	361.29
186.09	361.29
186.09	361.29
186.09	361.29
186.09	361.29
186.09	361.29
186.09	361.29
186.09	361.29
186.09	361.29
186.09	361.29
186.09	361.29
186.09	361.29
186.09	361.29
186.09	361.29
186.09	361.29
186.09	361.29
186.09	361.29
186.09	361.29
186.09	361.29
186.09	361.29
186.09	361.29
186.09	361.29
186.09	361.29
186.09	361.29
186.09	361.29
186.09	361.29
186.09	361.29
186.09	361.29
186.09	361.29
186.09	361.29
186.09	361.29
186.09	361.29
186.09	361.29
186.09	361.29
186.09	361.29
186.09	361.29
186.09	361.29
186.09	361.29
186.09	361.29
186.09	361.29
186.09	361.29
186.09	361.29
186.09	361.29
186.09	361.29
186.09	361.29
186.09	361.29
186.09	361.29
186.09	361.29
186.09	361.29
186.09	361.29
186.09	361.29
186.09	361.29
186.09	361.29
186.09	361.29
186.09	361.29
186.09	361.29
186.09	361.29
186.09	361.29
186.09	361.29
186.09	361.29
186.09	361.29
186.09	361.29
186.09	361.29
186.09	361.29
186.09	361.29
186.09	361.29
186.09	361.29
186.09	361.29
186.09	361.29
186.09	361.29
186.09	361.29
186.09	361.29
186.09	361.29
186.09	361.29
186.09	361.29
186.09	361.29
186.09	361.29
186.09	361.29
186.09	361.29
186.09	361.29
186.09	361.29
186.09	361.29
186.09	361.29
186.09	361.29
186.09	361.29
186.09	361.29
186.09	361.29
186.09	361.29
186.09	361.29
186.09	361.29
186.09	361.29
186.09	361.29
186.09	361.29
186.09	361.29
186.09	361.29
186.09	361.29
186.09	361.29
186.09	361.29
186.09	361.29
186.09	361.29
186.09	361.29
186.09	361.29
186.09	361.29
186.09	361.29
186.09	361.29
186.09	361.29
186.09	361.29
186.09	361.29
186.09	361.29
186.09	361.29
186.09	361.29
186.09	361.29
186.09	361.29
186.09	361.29
186.09	361.29
186.09	361.29
186.09	361.29
186.09	361.29
186.09	361.29
186.09	361.29
186.09	361.29
186.09	361.29
186.09	361.29
186.09	361.29
186.09	361.29
186.09	361.29
186.09	361.29
186.09	361.29
186.09	361.29
186.09	361.29
186.09	361.29
186.09	361.29
186.09	361.29
186.09	361.29
186.09	361.29
186.09	361.29
186.09	361.29
186.09	361.29
186.09	361.29
186.09	361.29
186.09	361.29
186.09	361.29
186.09	361.29
186.09	361.29
186.09	361.29
186.09	361.29
186.09	361.29
186.09	361.29
186.09	361.29
186.09	361.29
186.09	361.29
186.09	361.29
186.09	361.29
186.09	361.29
186.09	361.29
186.09	361.29
186.09	361.29
186.09	361.29
186.09	361.29
186.09	361.29
186.09	361.29
186.09	361.29
186.09	361.29
186.09	361.29
186.09	361.29
186.09	361.29
186.09	361.29
186.09	361.29
186.09	361.29
186.09	361.29
186.09	361.29
186.09	361.29
186.09	361.29
186.09	361.29
186.09	361.29
186.09	361.29
186.09	361.29
186.09	361.29
186.09	361.29
186.09	361.29
186.09	361.29
186.09	361.29
186.09	361.29
186.09	361.29
186.09	361.29
186.09	361.29
186.09	361.29
186.09	361.29
186.09	361.29
186.09	361.29
186.09	361.29
186.09	361.29
186.09	361.29
186.09	361.29
186.09	361.29
186.09	361.29
186.09	361.29
186.09	361.29
186.09	361.29
186.09	361.29
186.09	361.29
186.09	361.29
186.09	361.29
186.09	361.29
186.09	361.29
186.09	361.29
186.09	361.29
186.09	361.29
186.09	361.29
186.09	361.29
186.09	361.29
186.09	361.29
186.09	361.29
186.09	361.29
186.09	361.29
186.09	361.29
186.09	361.29
186.09	361.29
186.09	361.29
186.09	361.29
186.09	361.29
186.09	361.29
186.09	361.29
186.09	361.29
186.09	361.29
186.09	361.29
186.09	361.29
186.09	361.29
186.09	361.29
186.09	361.29
186.09	361.29
186.09	361.29
186.09	361.29
186.09	361.29
186.09	361.29
186.09	361.29
186.09	361.29
186.09	361.29
186.09	361.29
186.09	361.29
186.09	361.29
186.09	361.29
186.09	361.29
186.09	361.29
186.09	361.29
186.09	361.29
186.09	361.29
186.09	361.29
186.09	361.29
186.09	361.29
186.09	361.29
186.09	361.29
186.09	361.29
186.09	361.29
186.09	361.29
186.09	361.29
186.09	361.29
186.09	361.29
186.09	361.29
186.09	361.29
186.09	361.29
186.09	361.29
186.09	361.29
186.09	361.29
186.09	361.29
186.09	361.29
186.09	361.29
186.09	361.29
186.09	361.29
186.09	361.29
186.09	361.29
186.09	361.29
186.09	361.29
186.09	361.29
186.09	361.29
186.09	361.29
186.09	361.29
186.09	361.29
186.09	361.29
186.09	361.29
186.09	361.29
186.09	361.29
186.09	361.29
186.09	361.29
186.09	361.29
186.09	361.29
186.09	361.29
186.09	361.29
186.09	361.29
186.09	361.29
186.09	361.29
186.09	361.29
186.09	361.29
186.09	361.29
186.09	361.29
186.09	361.29
186.09	361.29
186.09	361.29
186.09	361.29
186.09	361.29
186.09	361.29
186.09	361.29
186.09	361.29
186.09	361.29
186.09	361.29
186.09	361.29
186.09	361.29
186.09	361.29
186.09	361.29
186.09	361.29
186.09	361.29
186.09	361.29
186.09	361.29
186.09	361.29
186.09	361.29
186.09	361.29
186.09	361.29
186.09	361.29
186.09	361.29
186.09	361.29
186.09	361.29
186.09	361.29
186.09	361.29
186.09	361.29
186.09	361.29
186.09	361.29
186.09	361.29
186.09	361.29
186.09	361.29
186.09	361.29
186.09	361.29
186.09	361.29
186.09	361.29
186.09	361.29
186.09	361.29
186.09	361.29
186.09	361.29
186.09	361.29
186.09	361.29
186.09	361.29
186.09	361.29
186.09	361.29
186.09	361.29
186.09	361.29
186.09	361.29
186.09	361.29
186.09	361.29
186.09	361.29
186.09	361.29
186.09	361.29
186.09	361.29
186.09	361.29
186.09	361.29
186.09	361.29
186.09	361.29
186.09	361.29
186.09	361.29
186.09	361.29
186.09	361.29
186.09	361.29
186.09	361.29
186.09	361.29
186.09	361.29
186.09	361.29
186.09	361.29
186.09	361.29
186.09	361.29
186.09	361.29
186.09	361.29
186.09	361.29
186.09	361.29
186.09	361.29
186.09	361.29
186.09	361.29
186.09	361.29
186.09	361.29
186.09	361.29
186.09	361.29
186.09	361.29
186.09	361.29
186.09	361.29
186.09	361.29
186.09	361.29
186.09	361.29
186.09	361.29
186.09	361.29
186.09	361.29
186.09	361.29
186.09	361.29
186.09	361.29
186.09	361.29
186.09	361.29
186.09	361.29
186.09	361.29
186.09	361.29
186.09	361.29
186.09	361.29
186.09	361.29
186.09	361.29
186.09	361.29
186.09	361.29
186.09	361.29
186.09	361.29
186.09	361.29
186.09	361.29
186.09	361.29
186.09	361.29
186.09	361.29
186.09	361.29
186.09	361.29
186.09	361.29
186.09	361.29
186.09	361.29
186.09	361.29
186.09	361.29
186.09	361.29
186.09	361.29
186.09	361.29
186.09	361.29
186.09	361.29
186.09	361.29
186.09	361.29
186.09	361.29
186.09	361.29
186.09	361.29
186.09	361.29
186.09	361.29
186.09	361.29
186.09	361.29
186.09	361.29
186.09	361.29
186.09	361.29
186.09	361.29
186.09	361.29
186.09	361.29
186.09	361.29
186.09	361.29
186.09	361.29
186.09	361.29
186.09	361.29
186.09	361.29
186.09	361.29
186.09	361.29
186.09	361.29
186.09	361.29
186.09	361.29
186.09	361.29
186.09	361.29
186.09	361.29
186.09	361.29
186.09	361.29
186.09	361.29
186.09	361.29
186.09	361.29
186.09	361.29
186.09	361.29
215.12	354.83
574.02	348.37
777.23	365.17
789.11	365.17
797.02	365.17
797.02	365.17
797.02	365.17
797.02	365.17
806.26	365.17
868.28	365.17
1047.73	365.17
1153.29	365.17
1165.17	365.17
1165.17	365.17
1155.93	365.17
1146.69	365.17
1140.1	366.46
1132.18	372.92
1120.3	388.43
1118.98	392.3
1117.66	398.76
1117.66	401.35
1117.66	401.35
1117.66	401.35
1117.66	401.35
1116.34	402.64
1107.11	402.64
951.41	409.1
951.41	409.1
856.4	420.73
841.89	420.73
824.73	420.73
816.81	420.73
816.81	420.73
816.81	420.73
816.81	420.73
816.81	420.73
816.81	420.73
816.81	420.73
807.58	420.73
794.38	420.73
720.49	407.81
700.7	405.22
698.06	405.22
698.06	405.22
698.06	405.22
698.06	405.22
696.74	400.06
694.1	370.34
694.1	347.08
694.1	319.94
691.46	305.73
691.46	305.73
691.46	303.15
684.86	292.81
663.75	274.72
643.96	264.38
633.4	261.8
633.4	261.8
633.4	261.8
633.4	261.8
633.4	261.8
633.4	261.8
633.4	261.8
633.4	261.8
633.4	261.8
633.4	261.8
633.4	261.8
633.4	259.22
642.64	256.63
712.57	247.59
761.4	242.42
793.06	239.83
802.3	237.25
811.54	234.67
816.81	234.67
816.81	234.67
816.81	234.67
816.81	234.67
818.13	241.13
816.81	248.88
808.9	272.14
807.58	304.44
808.9	334.16
818.13	349.66
852.44	388.43
868.28	403.93
948.77	441.4
989.67	442.69
1020.02	442.69
1076.76	442.69
1125.58	445.28
1163.85	451.74
1174.4	458.2
1175.72	459.49
1174.4	465.95
1157.25	469.83
1124.26	475
1104.47	484.04
1097.87	491.79
1095.23	495.67
1095.23	496.96
1095.23	496.96
1095.23	496.96
1095.23	496.96
1095.23	496.96
1086	496.96
1029.26	496.96
919.74	495.67
866.96	490.5
827.37	485.33
810.22	480.17
737.64	460.78
662.43	438.82
616.25	425.9
607.01	423.31
607.01	423.31
607.01	423.31
607.01	422.02
609.65	416.85
614.93	414.27
651.88	403.93
676.95	397.47
692.78	391.01
695.42	389.72
702.02	387.13
702.02	387.13
702.02	387.13
702.02	387.13
702.02	387.13
702.02	387.13
702.02	387.13
702.02	387.13
702.02	387.13
702.02	387.13
702.02	387.13
702.02	387.13
702.02	387.13
702.02	387.13
702.02	387.13
702.02	387.13
702.02	387.13
702.02	387.13
702.02	387.13
702.02	387.13
702.02	387.13
702.02	387.13
702.02	387.13
702.02	387.13
702.02	387.13
702.02	387.13
702.02	387.13
702.02	387.13
702.02	387.13
702.02	387.13
702.02	387.13
702.02	387.13
702.02	387.13
702.02	387.13
702.02	387.13
702.02	387.13
702.02	387.13
702.02	387.13
702.02	387.13
702.02	387.13
702.02	387.13
702.02	387.13
702.02	387.13
702.02	387.13
702.02	387.13
702.02	387.13
702.02	387.13
702.02	387.13
702.02	387.13
702.02	387.13
702.02	387.13
702.02	387.13
702.02	387.13
702.02	387.13
702.02	387.13
702.02	387.13
702.02	387.13
702.02	387.13
702.02	387.13
702.02	387.13
702.02	387.13
702.02	387.13
702.02	387.13
702.02	387.13
702.02	387.13
702.02	387.13
702.02	387.13
702.02	387.13
702.02	387.13
702.02	387.13
702.02	387.13
702.02	387.13
702.02	387.13
702.02	387.13
702.02	387.13
702.02	387.13
702.02	387.13
702.02	387.13
702.02	387.13
702.02	387.13
702.02	387.13
702.02	387.13
702.02	387.13
702.02	387.13
702.02	387.13
702.02	387.13
702.02	387.13
702.02	387.13
702.02	387.13
702.02	387.13
702.02	387.13
702.02	387.13
702.02	387.13
702.02	387.13
702.02	387.13
702.02	387.13
702.02	387.13
702.02	387.13
702.02	387.13
702.02	387.13
702.02	387.13
702.02	387.13
702.02	387.13
702.02	387.13
702.02	387.13
702.02	387.13
702.02	387.13
702.02	387.13
702.02	387.13
702.02	387.13
702.02	387.13
702.02	387.13
702.02	387.13
702.02	387.13
702.02	387.13
702.02	387.13
702.02	387.13
702.02	387.13
702.02	387.13
702.02	387.13
702.02	387.13
702.02	387.13
702.02	387.13
702.02	387.13
702.02	387.13
702.02	387.13
702.02	387.13
702.02	387.13
702.02	387.13
702.02	387.13
702.02	387.13
702.02	387.13
702.02	387.13
702.02	387.13
702.02	387.13
702.02	387.13
702.02	387.13
702.02	387.13
702.02	387.13
702.02	387.13
702.02	387.13
702.02	387.13
702.02	387.13
702.02	387.13
702.02	387.13
702.02	387.13
702.02	387.13
702.02	387.13
702.02	387.13
702.02	387.13
702.02	387.13
702.02	387.13
702.02	387.13
702.02	387.13
702.02	387.13
702.02	387.13
702.02	387.13
702.02	387.13
702.02	387.13
702.02	387.13
702.02	387.13
702.02	387.13
702.02	387.13
702.02	387.13
702.02	387.13
702.02	387.13
702.02	387.13
702.02	387.13
702.02	387.13
702.02	387.13
702.02	387.13
702.02	387.13
702.02	387.13
702.02	387.13
702.02	387.13
702.02	387.13
702.02	387.13
702.02	387.13
702.02	387.13
702.02	387.13
702.02	387.13
702.02	387.13
702.02	387.13
702.02	387.13
702.02	387.13
702.02	387.13
702.02	387.13
702.02	387.13
702.02	387.13
702.02	387.13
702.02	387.13
702.02	387.13
702.02	387.13
702.02	387.13
702.02	387.13
702.02	387.13
702.02	387.13
702.02	387.13
702.02	387.13
702.02	387.13
702.02	387.13
702.02	387.13
702.02	387.13
702.02	387.13
702.02	387.13
702.02	387.13
702.02	387.13
702.02	387.13
702.02	387.13
702.02	387.13
702.02	387.13
702.02	387.13
702.02	387.13
702.02	387.13
702.02	387.13
702.02	387.13
702.02	387.13
702.02	387.13
702.02	387.13
702.02	387.13
702.02	387.13
702.02	387.13
702.02	387.13
702.02	387.13
702.02	387.13
702.02	387.13
702.02	387.13
702.02	387.13
702.02	387.13
702.02	387.13
702.02	387.13
702.02	387.13
702.02	387.13
702.02	387.13
702.02	387.13
702.02	387.13
702.02	387.13
702.02	387.13
702.02	387.13
702.02	387.13
702.02	387.13
702.02	387.13
702.02	387.13
702.02	387.13
702.02	387.13
702.02	387.13
702.02	387.13
702.02	387.13
702.02	387.13
702.02	387.13
702.02	387.13
702.02	387.13
702.02	387.13
702.02	387.13
702.02	387.13
702.02	387.13
702.02	387.13
702.02	387.13
702.02	387.13
702.02	387.13
702.02	387.13
702.02	387.13
702.02	387.13
702.02	387.13
702.02	387.13
702.02	387.13
702.02	387.13
702.02	387.13
702.02	387.13
702.02	387.13
702.02	387.13
702.02	387.13
702.02	387.13
702.02	387.13
702.02	387.13
702.02	387.13
702.02	387.13
702.02	387.13
702.02	387.13
702.02	387.13
702.02	387.13
702.02	387.13
702.02	387.13
702.02	387.13
702.02	387.13
702.02	387.13
702.02	387.13
702.02	387.13
702.02	387.13
702.02	387.13
702.02	387.13
702.02	387.13
702.02	387.13
702.02	387.13
702.02	387.13
702.02	387.13
702.02	387.13
702.02	387.13
702.02	387.13
702.02	387.13
702.02	387.13
702.02	387.13
702.02	387.13
702.02	387.13
702.02	387.13
702.02	387.13
702.02	387.13
702.02	387.13
702.02	387.13
702.02	387.13
702.02	387.13
702.02	387.13
702.02	387.13
702.02	387.13
702.02	387.13
702.02	387.13
702.02	387.13
702.02	387.13
702.02	387.13
702.02	387.13
702.02	387.13
702.02	387.13
702.02	387.13
702.02	387.13
702.02	387.13
702.02	387.13
702.02	387.13
702.02	387.13
702.02	387.13
702.02	387.13
702.02	387.13
702.02	387.13
702.02	387.13
702.02	387.13
702.02	387.13
702.02	387.13
702.02	387.13
702.02	387.13
702.02	387.13
702.02	387.13
702.02	387.13
702.02	387.13
702.02	387.13
702.02	387.13
702.02	387.13
702.02	387.13
702.02	387.13
702.02	387.13
702.02	387.13
702.02	387.13
702.02	387.13
702.02	387.13
702.02	387.13
702.02	387.13
702.02	387.13
702.02	387.13
584.58	375.51
481.66	369.04
455.27	365.17
444.71	365.17
444.71	365.17
444.71	365.17
444.71	365.17
444.71	360
457.91	343.2
496.17	325.11
534.44	312.19
571.39	301.86
593.82	300.56
593.82	300.56
609.65	300.56
630.76	304.44
655.83	312.19
692.78	325.11
692.78	325.11
692.78	325.11
692.78	325.11
692.78	325.11
694.1	325.11
694.1	325.11
694.1	325.11
694.1	325.11
694.1	325.11
694.1	325.11
694.1	325.11
694.1	325.11
694.1	325.11
694.1	325.11
694.1	325.11
694.1	325.11
694.1	325.11
694.1	325.11
694.1	325.11
694.1	325.11
694.1	325.11
694.1	325.11
694.1	325.11
694.1	325.11
694.1	325.11
694.1	325.11
694.1	325.11
694.1	325.11
694.1	325.11
694.1	325.11
694.1	325.11
694.1	325.11
694.1	325.11
694.1	325.11
694.1	325.11
694.1	325.11
694.1	325.11
694.1	325.11
694.1	325.11
694.1	325.11
694.1	325.11
694.1	325.11
694.1	325.11
694.1	325.11
694.1	325.11
694.1	325.11
694.1	325.11
694.1	325.11
694.1	325.11
694.1	325.11
694.1	325.11
694.1	325.11
694.1	325.11
694.1	325.11
694.1	325.11
694.1	325.11
694.1	325.11
694.1	325.11
694.1	325.11
694.1	325.11
694.1	325.11
694.1	325.11
694.1	325.11
694.1	325.11
694.1	325.11
694.1	325.11
694.1	325.11
694.1	325.11
694.1	325.11
694.1	325.11
694.1	325.11
694.1	325.11
694.1	325.11
694.1	325.11
694.1	325.11
694.1	325.11
694.1	325.11
694.1	325.11
694.1	325.11
694.1	325.11
694.1	325.11
694.1	325.11
694.1	325.11
694.1	325.11
694.1	325.11
694.1	325.11
694.1	325.11
694.1	325.11
694.1	325.11
694.1	325.11
694.1	325.11
694.1	325.11
694.1	325.11
694.1	325.11
694.1	325.11
694.1	325.11
694.1	325.11
694.1	325.11
694.1	325.11
694.1	325.11
694.1	325.11
694.1	325.11
694.1	325.11
694.1	325.11
694.1	325.11
694.1	325.11
694.1	325.11
694.1	325.11
694.1	325.11
694.1	325.11
694.1	325.11
694.1	325.11
694.1	325.11
694.1	325.11
694.1	325.11
694.1	325.11
694.1	325.11
694.1	325.11
694.1	325.11
694.1	325.11
694.1	325.11
694.1	325.11
694.1	325.11
694.1	325.11
694.1	325.11
694.1	325.11
694.1	325.11
694.1	325.11
694.1	325.11
694.1	325.11
694.1	325.11
694.1	325.11
694.1	325.11
694.1	325.11
694.1	325.11
694.1	325.11
694.1	325.11
694.1	325.11
694.1	325.11
694.1	325.11
694.1	325.11
694.1	325.11
694.1	325.11
694.1	325.11
694.1	325.11
694.1	325.11
694.1	325.11
694.1	325.11
694.1	325.11
694.1	325.11
694.1	325.11
694.1	325.11
694.1	325.11
694.1	325.11
694.1	325.11
694.1	325.11
694.1	325.11
694.1	325.11
694.1	325.11
694.1	325.11
694.1	325.11
694.1	325.11
694.1	325.11
694.1	325.11
694.1	325.11
694.1	325.11
694.1	325.11
694.1	325.11
694.1	325.11
694.1	325.11
694.1	325.11
694.1	325.11
694.1	325.11
694.1	325.11
694.1	325.11
694.1	325.11
694.1	325.11
694.1	325.11
694.1	325.11
694.1	325.11
694.1	325.11
694.1	325.11
694.1	325.11
694.1	325.11
694.1	325.11
694.1	325.11
694.1	325.11
694.1	325.11
694.1	325.11
694.1	325.11
694.1	325.11
694.1	325.11
694.1	325.11
694.1	325.11
694.1	325.11
694.1	325.11
694.1	325.11
694.1	325.11
694.1	325.11
694.1	325.11
694.1	325.11
694.1	325.11
694.1	325.11
694.1	325.11
694.1	325.11
694.1	325.11
694.1	325.11
694.1	325.11
694.1	325.11
694.1	325.11
694.1	325.11
694.1	325.11
694.1	325.11
694.1	325.11
694.1	325.11
694.1	325.11
694.1	325.11
694.1	325.11
694.1	325.11
694.1	325.11
694.1	325.11
694.1	325.11
694.1	325.11
694.1	325.11
694.1	325.11
694.1	325.11
694.1	325.11
694.1	325.11
694.1	325.11
694.1	325.11
694.1	325.11
694.1	325.11
694.1	325.11
694.1	325.11
694.1	325.11
694.1	325.11
694.1	325.11
694.1	325.11
694.1	325.11
694.1	325.11
694.1	325.11
694.1	325.11
694.1	325.11
694.1	325.11
694.1	325.11
694.1	325.11
694.1	325.11
694.1	325.11
694.1	325.11
694.1	325.11
694.1	325.11
694.1	325.11
694.1	325.11
694.1	325.11
694.1	325.11
694.1	325.11
694.1	325.11
694.1	325.11
694.1	325.11
694.1	325.11
694.1	325.11
694.1	325.11
694.1	325.11
694.1	325.11
694.1	325.11
694.1	325.11
694.1	325.11
694.1	325.11
694.1	325.11
694.1	325.11
694.1	325.11
694.1	325.11
694.1	325.11
694.1	325.11
694.1	325.11
694.1	325.11
694.1	325.11
694.1	325.11
694.1	325.11
694.1	325.11
694.1	325.11
694.1	325.11
694.1	325.11
694.1	325.11
694.1	325.11
694.1	325.11
694.1	325.11
694.1	325.11
694.1	325.11
694.1	325.11
694.1	325.11
694.1	325.11
694.1	325.11
694.1	325.11
694.1	325.11
694.1	325.11
694.1	325.11
694.1	325.11
694.1	325.11
694.1	325.11
694.1	325.11
694.1	325.11
694.1	325.11
694.1	325.11
694.1	325.11
694.1	325.11
694.1	325.11
694.1	325.11
694.1	325.11
694.1	325.11
694.1	325.11
694.1	325.11
694.1	325.11
694.1	325.11
694.1	325.11
694.1	325.11
694.1	325.11
694.1	325.11
694.1	325.11
694.1	325.11
694.1	325.11
694.1	325.11
694.1	325.11
694.1	325.11
694.1	325.11
694.1	325.11
694.1	325.11
694.1	325.11
694.1	325.11
694.1	325.11
694.1	325.11
694.1	325.11
694.1	325.11
694.1	325.11
694.1	325.11
694.1	325.11
694.1	325.11
694.1	325.11
694.1	325.11
694.1	325.11
694.1	325.11
694.1	325.11
694.1	325.11
694.1	325.11
694.1	325.11
694.1	325.11
694.1	325.11
694.1	325.11
694.1	325.11
694.1	325.11
694.1	325.11
694.1	325.11
694.1	325.11
694.1	325.11
694.1	325.11
694.1	325.11
694.1	325.11
694.1	325.11
694.1	325.11
694.1	325.11
694.1	325.11
694.1	325.11
694.1	325.11
694.1	325.11
694.1	325.11
694.1	325.11
694.1	325.11
694.1	325.11
694.1	325.11
694.1	325.11
694.1	325.11
694.1	325.11
694.1	325.11
694.1	325.11
694.1	325.11
694.1	325.11
694.1	325.11
694.1	325.11
694.1	325.11
694.1	325.11
694.1	325.11
694.1	325.11
694.1	325.11
694.1	325.11
694.1	325.11
694.1	325.11
694.1	325.11
694.1	325.11
694.1	325.11
694.1	325.11
694.1	325.11
694.1	325.11
694.1	325.11
694.1	325.11
694.1	325.11
694.1	325.11
694.1	325.11
694.1	325.11
694.1	325.11
694.1	325.11
694.1	325.11
694.1	325.11
694.1	325.11
694.1	325.11
694.1	325.11
694.1	325.11
694.1	325.11
694.1	325.11
694.1	325.11
694.1	325.11
694.1	325.11
694.1	325.11
694.1	325.11
694.1	325.11
694.1	325.11
694.1	325.11
694.1	325.11
694.1	325.11
694.1	325.11
694.1	325.11
694.1	325.11
694.1	325.11
694.1	325.11
694.1	325.11
694.1	325.11
694.1	325.11
694.1	325.11
694.1	325.11
694.1	325.11
694.1	325.11
694.1	325.11
694.1	325.11
694.1	325.11
694.1	325.11
694.1	325.11
694.1	325.11
694.1	325.11
694.1	325.11
694.1	325.11
694.1	325.11
694.1	325.11
694.1	325.11
694.1	325.11
694.1	325.11
694.1	325.11
694.1	325.11
694.1	325.11
694.1	325.11
694.1	325.11
694.1	325.11
694.1	325.11
694.1	325.11
694.1	325.11
694.1	325.11
694.1	325.11
694.1	325.11
694.1	325.11
694.1	325.11
694.1	325.11
694.1	325.11
694.1	325.11
694.1	325.11
694.1	325.11
694.1	325.11
694.1	325.11
694.1	325.11
694.1	325.11
694.1	325.11
694.1	325.11
694.1	325.11
694.1	325.11
694.1	325.11
694.1	325.11
694.1	325.11
694.1	325.11
694.1	325.11
694.1	325.11
694.1	325.11
694.1	325.11
694.1	325.11
694.1	325.11
694.1	325.11
694.1	325.11
694.1	325.11
694.1	325.11
694.1	325.11
694.1	325.11
694.1	325.11
694.1	325.11
694.1	325.11
694.1	325.11
694.1	325.11
694.1	325.11
667.71	335.45
584.58	344.49
559.51	344.49
556.87	344.49
551.59	345.79
541.04	348.37
537.08	348.37
527.84	348.37
509.37	348.37
504.09	348.37
488.26	347.08
481.66	347.08
481.66	347.08
481.66	347.08
480.34	347.08
480.34	347.08
480.34	347.08
480.34	347.08
480.34	347.08
480.34	347.08
480.34	347.08
480.34	347.08
480.34	347.08
480.34	347.08
480.34	347.08
480.34	347.08
480.34	347.08
480.34	347.08
480.34	347.08
480.34	347.08
480.34	347.08
480.34	347.08
480.34	347.08
480.34	347.08
480.34	347.08
480.34	347.08
480.34	347.08
480.34	347.08
480.34	347.08
480.34	347.08
480.34	347.08
480.34	347.08
480.34	347.08
480.34	347.08
480.34	347.08
480.34	347.08
480.34	347.08
480.34	347.08
480.34	347.08
480.34	347.08
480.34	347.08
480.34	347.08
480.34	347.08
480.34	347.08
480.34	347.08
480.34	347.08
480.34	347.08
480.34	347.08
480.34	347.08
480.34	347.08
480.34	347.08
480.34	347.08
480.34	347.08
480.34	347.08
480.34	347.08
480.34	347.08
480.34	347.08
480.34	347.08
480.34	347.08
480.34	347.08
480.34	347.08
480.34	347.08
480.34	347.08
480.34	347.08
480.34	347.08
480.34	347.08
480.34	347.08
480.34	347.08
480.34	347.08
480.34	347.08
480.34	347.08
480.34	347.08
480.34	347.08
480.34	347.08
480.34	347.08
480.34	347.08
480.34	347.08
480.34	347.08
480.34	347.08
480.34	347.08
480.34	347.08
480.34	347.08
480.34	347.08
480.34	347.08
480.34	347.08
480.34	347.08
480.34	347.08
480.34	347.08
480.34	347.08
480.34	347.08
480.34	347.08
480.34	347.08
480.34	347.08
480.34	347.08
480.34	347.08
480.34	347.08
480.34	347.08
480.34	347.08
480.34	347.08
480.34	347.08
480.34	347.08
480.34	347.08
480.34	347.08
480.34	347.08
480.34	347.08
480.34	347.08
480.34	347.08
480.34	347.08
480.34	347.08
480.34	347.08
480.34	347.08
480.34	347.08
480.34	347.08
480.34	347.08
480.34	347.08
480.34	347.08
480.34	347.08
480.34	347.08
480.34	347.08
480.34	347.08
480.34	347.08
480.34	347.08
480.34	347.08
480.34	347.08
480.34	347.08
480.34	347.08
480.34	347.08
480.34	347.08
480.34	347.08
480.34	347.08
480.34	347.08
480.34	347.08
480.34	347.08
480.34	347.08
480.34	347.08
480.34	347.08
480.34	347.08
480.34	347.08
480.34	347.08
480.34	347.08
480.34	347.08
480.34	347.08
480.34	347.08
480.34	347.08
480.34	347.08
480.34	347.08
480.34	347.08
480.34	347.08
480.34	347.08
480.34	347.08
480.34	347.08
480.34	347.08
480.34	347.08
480.34	347.08
480.34	347.08
480.34	347.08
480.34	347.08
480.34	347.08
480.34	347.08
480.34	347.08
480.34	347.08
480.34	347.08
480.34	347.08
480.34	347.08
480.34	347.08
480.34	347.08
480.34	347.08
480.34	347.08
480.34	347.08
480.34	347.08
480.34	347.08
480.34	347.08
480.34	347.08
480.34	347.08
480.34	347.08
480.34	347.08
480.34	347.08
480.34	347.08
480.34	347.08
480.34	347.08
480.34	347.08
480.34	347.08
480.34	347.08
480.34	347.08
480.34	347.08
480.34	347.08
480.34	347.08
480.34	347.08
480.34	347.08
480.34	347.08
480.34	347.08
480.34	347.08
480.34	347.08
480.34	347.08
480.34	347.08
480.34	347.08
480.34	347.08
480.34	347.08
480.34	347.08
480.34	347.08
480.34	347.08
480.34	347.08
480.34	347.08
480.34	347.08
480.34	347.08
480.34	347.08
480.34	347.08
480.34	347.08
480.34	347.08
480.34	347.08
480.34	347.08
480.34	347.08
480.34	347.08
480.34	347.08
480.34	347.08
480.34	347.08
480.34	347.08
480.34	347.08
480.34	347.08
480.34	347.08
480.34	347.08
480.34	347.08
480.34	347.08
480.34	347.08
480.34	347.08
480.34	347.08
480.34	347.08
480.34	347.08
480.34	347.08
480.34	347.08
480.34	347.08
480.34	347.08
480.34	347.08
480.34	347.08
480.34	347.08
480.34	347.08
480.34	347.08
480.34	347.08
480.34	347.08
480.34	347.08
480.34	347.08
480.34	347.08
480.34	347.08
480.34	347.08
480.34	347.08
480.34	347.08
480.34	347.08
480.34	347.08
480.34	347.08
480.34	347.08
480.34	347.08
480.34	347.08
480.34	347.08
480.34	347.08
480.34	347.08
480.34	347.08
480.34	347.08
480.34	347.08
480.34	347.08
480.34	347.08
480.34	347.08
480.34	347.08
480.34	347.08
480.34	347.08
480.34	347.08
480.34	347.08
480.34	347.08
480.34	347.08
480.34	347.08
480.34	347.08
480.34	347.08
480.34	347.08
480.34	347.08
480.34	347.08
480.34	347.08
480.34	347.08
480.34	347.08
480.34	347.08
480.34	347.08
480.34	347.08
480.34	347.08
480.34	347.08
480.34	347.08
480.34	347.08
480.34	347.08
480.34	347.08
480.34	347.08
480.34	347.08
480.34	347.08
480.34	347.08
480.34	347.08
480.34	347.08
480.34	347.08
480.34	347.08
480.34	347.08
480.34	347.08
480.34	347.08
480.34	347.08
480.34	347.08
480.34	347.08
480.34	347.08
480.34	347.08
480.34	347.08
480.34	347.08
480.34	347.08
480.34	347.08
480.34	347.08
480.34	347.08
480.34	347.08
480.34	347.08
480.34	347.08
480.34	347.08
480.34	347.08
480.34	347.08
480.34	347.08
480.34	347.08
480.34	347.08
480.34	347.08
480.34	347.08
480.34	347.08
480.34	347.08
480.34	347.08
480.34	347.08
480.34	347.08
480.34	347.08
480.34	347.08
480.34	347.08
480.34	347.08
480.34	347.08
480.34	347.08
480.34	347.08
480.34	347.08
480.34	347.08
480.34	347.08
480.34	347.08
480.34	347.08
480.34	347.08
480.34	347.08
480.34	347.08
480.34	347.08
480.34	347.08
480.34	347.08
480.34	347.08
480.34	347.08
480.34	347.08
480.34	347.08
480.34	347.08
480.34	347.08
480.34	347.08
480.34	347.08
480.34	347.08
480.34	347.08
480.34	347.08
480.34	347.08
480.34	347.08
480.34	347.08
480.34	347.08
480.34	347.08
480.34	347.08
480.34	347.08
480.34	347.08
480.34	347.08
480.34	347.08
480.34	347.08
480.34	347.08
480.34	347.08
480.34	347.08
480.34	347.08
480.34	347.08
480.34	347.08
480.34	347.08
480.34	347.08
480.34	347.08
480.34	347.08
480.34	347.08
480.34	347.08
480.34	347.08
480.34	347.08
480.34	347.08
480.34	347.08
480.34	347.08
480.34	347.08
480.34	347.08
480.34	347.08
480.34	347.08
480.34	347.08
480.34	347.08
480.34	347.08
480.34	347.08
480.34	347.08
480.34	347.08
480.34	347.08
480.34	347.08
480.34	347.08
480.34	347.08
480.34	347.08
480.34	347.08
480.34	347.08
480.34	347.08
480.34	347.08
480.34	347.08
480.34	347.08
480.34	347.08
480.34	347.08
480.34	347.08
480.34	347.08
480.34	347.08
480.34	347.08
480.34	347.08
480.34	347.08
480.34	347.08
480.34	347.08
480.34	347.08
480.34	347.08
480.34	347.08
480.34	347.08
480.34	347.08
480.34	347.08
480.34	347.08
480.34	347.08
480.34	347.08
480.34	347.08
480.34	347.08
480.34	347.08
480.34	347.08
