647.66	360.9
644.26	351.05
622.12	352.84
622.12	352.84
622.12	352.84
622.12	352.84
622.12	352.84
622.12	352.84
622.12	352.84
622.12	352.84
622.12	350.15
638.3	338.51
640.85	338.51
624.68	341.2
617.02	342.99
637.45	344.78
643.4	344.78
643.4	344.78
643.4	344.78
643.4	344.78
643.4	344.78
619.57	363.58
574.46	401.18
511.47	445.05
487.63	466.54
477.42	477.29
468.05	486.24
466.35	488.03
468.05	489.82
474.86	490.71
486.78	492.51
495.29	492.51
503.81	492.51
503.81	492.51
503.81	492.51
503.81	492.51
503.81	492.51
503.81	492.51
503.81	492.51
503.81	492.51
503.81	492.51
503.81	492.51
502.95	492.51
502.95	492.51
502.95	492.51
502.95	492.51
502.95	492.51
502.95	492.51
502.95	492.51
502.95	492.51
502.95	492.51
583.82	493.4
637.45	492.51
654.47	488.92
678.3	481.76
717.46	468.33
764.28	445.95
818.76	420.88
842.59	405.66
851.1	397.6
858.76	390.44
866.42	385.96
873.23	381.49
879.19	376.12
881.75	374.32
885.15	372.53
890.26	369.85
897.07	364.48
906.43	357.31
916.65	351.05
934.52	341.2
964.31	331.35
983.89	325.98
990.7	325.08
999.21	335.83
1010.28	381.49
1011.98	431.62
1009.43	458.48
1003.47	478.18
999.21	496.98
993.26	528.32
988.15	574.87
996.66	616.95
1001.77	634.86
1001.77	634.86
1015.39	617.85
1027.3	592.78
1035.82	575.77
1041.77	564.13
1046.88	555.18
1049.44	548.01
1050.29	534.58
1029.86	500.56
973.68	456.69
870.68	428.04
779.6	434.31
728.53	452.22
709.8	466.54
693.63	477.29
677.45	482.66
645.96	484.45
631.49	481.76
628.93	480.87
628.93	480.87
629.79	477.29
629.79	473.7
629.79	473.7
629.79	473.7
629.79	473.7
629.79	473.7
629.79	473.7
629.79	473.7
629.79	473.7
630.64	473.7
630.64	473.7
630.64	473.7
630.64	473.7
630.64	473.7
630.64	473.7
630.64	473.7
630.64	473.7
630.64	473.7
630.64	473.7
630.64	473.7
630.64	473.7
630.64	473.7
630.64	473.7
630.64	473.7
659.58	473.7
685.11	473.7
685.11	473.7
685.11	473.7
685.11	473.7
690.22	473.7
690.22	473.7
691.07	473.7
692.78	473.7
692.78	473.7
692.78	473.7
692.78	473.7
692.78	473.7
692.78	473.7
692.78	473.7
692.78	473.7
692.78	473.7
691.92	473.7
691.92	473.7
691.92	473.7
691.92	473.7
691.92	473.7
691.92	473.7
691.92	473.7
691.92	473.7
691.92	473.7
691.92	473.7
691.92	473.7
691.92	473.7
691.92	473.7
691.92	473.7
691.92	473.7
691.92	473.7
691.92	473.7
691.92	473.7
691.92	473.7
691.92	473.7
691.92	473.7
691.92	473.7
691.92	473.7
691.92	473.7
691.92	473.7
691.92	473.7
691.92	473.7
691.92	473.7
691.92	473.7
691.92	473.7
691.92	473.7
691.92	473.7
691.92	473.7
691.92	473.7
691.92	473.7
691.92	473.7
691.92	473.7
691.92	473.7
691.92	473.7
691.92	473.7
691.92	473.7
691.92	473.7
691.92	473.7
691.92	473.7
691.92	473.7
691.92	473.7
691.92	473.7
691.92	473.7
691.92	473.7
684.26	450.43
663.83	416.4
625.53	380.59
587.22	356.42
546.37	334.93
491.04	317.92
416.13	306.28
346.33	296.43
332.71	292.85
332.71	292.85
335.26	291.06
348.88	285.69
365.91	282.11
381.23	280.32
435.71	280.32
514.87	285.69
531.9	286.58
531.9	286.58
531.9	286.58
531.9	286.58
548.07	289.27
653.62	316.13
767.68	337.62
786.41	339.41
786.41	339.41
786.41	339.41
786.41	340.3
781.3	361.79
785.56	381.49
811.09	398.5
857.06	417.3
904.73	440.58
957.5	478.18
984.74	505.04
1010.28	536.38
1026.45	558.76
1029.86	566.82
1037.52	580.25
1044.33	590.99
1045.18	593.67
1045.18	593.67
1045.18	593.67
1033.26	580.25
1013.68	562.34
989.85	543.54
963.46	525.63
927.71	502.35
881.75	472.81
831.52	441.47
811.09	430.73
795.77	426.25
786.41	425.36
778.75	424.46
766.83	422.67
754.06	420.88
739.59	418.19
721.72	414.61
710.65	411.03
710.65	411.03
710.65	411.03
710.65	411.03
710.65	411.03
710.65	411.03
710.65	411.03
710.65	411.03
710.65	411.03
721.72	402.97
737.04	389.55
743	378.8
740.44	361.79
742.15	327.77
751.51	276.74
759.17	214.96
768.53	178.25
773.64	164.82
773.64	164.82
773.64	165.72
771.94	179.15
766.83	201.53
764.28	214.96
765.98	223.91
771.94	248.09
769.39	270.47
740.44	322.4
711.5	367.16
698.73	385.96
690.22	407.45
684.26	424.46
674.05	442.37
660.43	462.06
646.81	476.39
636.6	481.76
633.19	482.66
628.93	482.66
623.83	482.66
622.98	482.66
611.06	482.66
607.65	482.66
607.65	482.66
607.65	482.66
607.65	482.66
607.65	482.66
607.65	482.66
607.65	482.66
607.65	482.66
607.65	482.66
607.65	482.66
607.65	482.66
607.65	482.66
607.65	482.66
647.66	479.97
737.04	473.7
765.98	470.12
774.49	468.33
788.11	467.44
802.58	467.44
810.24	470.12
826.42	471.91
833.23	472.81
837.48	472.81
838.33	472.81
838.33	472.81
838.33	472.81
838.33	472.81
838.33	472.81
838.33	472.81
838.33	472.81
838.33	472.81
838.33	472.81
838.33	472.81
838.33	472.81
838.33	472.81
838.33	472.81
838.33	472.81
838.33	472.81
838.33	472.81
838.33	472.81
838.33	472.81
838.33	472.81
837.48	472.81
830.67	472.81
823.01	472.81
817.05	472.81
806.84	471.91
795.77	471.91
781.3	471.91
765.98	471.91
752.36	471.91
738.74	472.81
731.93	472.81
727.68	472.81
727.68	472.81
727.68	472.81
720.01	472.81
708.95	474.6
689.37	476.39
671.5	478.18
649.36	478.18
637.45	479.08
634.89	479.08
634.04	479.08
634.04	479.08
634.04	479.08
634.04	479.08
634.04	479.08
634.04	479.08
634.04	479.08
634.04	479.08
634.04	479.08
634.04	479.08
634.04	479.08
634.04	479.08
634.89	479.08
642.55	479.08
642.55	479.08
642.55	479.08
642.55	479.08
642.55	479.08
642.55	479.08
642.55	479.08
642.55	479.08
642.55	479.08
642.55	479.08
642.55	479.08
642.55	479.08
642.55	479.08
642.55	479.08
642.55	479.08
642.55	479.08
642.55	479.08
642.55	479.08
642.55	479.08
642.55	479.08
642.55	479.08
642.55	479.08
642.55	479.08
642.55	479.08
642.55	479.08
642.55	479.08
642.55	479.08
642.55	479.08
642.55	479.08
642.55	479.08
642.55	479.97
642.55	479.97
642.55	479.97
642.55	479.97
642.55	479.97
642.55	479.97
642.55	479.97
642.55	479.97
642.55	479.97
642.55	479.97
642.55	479.97
642.55	479.97
642.55	479.97
642.55	479.97
642.55	479.97
642.55	479.97
642.55	479.97
642.55	479.97
642.55	479.97
642.55	479.97
642.55	479.97
642.55	479.97
642.55	479.97
642.55	479.97
642.55	479.97
642.55	479.97
642.55	479.97
642.55	479.97
642.55	479.97
642.55	479.97
642.55	479.97
642.55	479.97
642.55	479.97
642.55	479.97
642.55	479.97
642.55	479.97
642.55	479.97
642.55	479.97
642.55	479.97
642.55	479.97
642.55	479.97
642.55	479.97
642.55	479.97
643.4	479.97
643.4	479.97
643.4	479.08
655.32	468.33
662.98	459.38
670.64	450.43
673.2	445.05
673.2	445.05
673.2	445.05
673.2	445.05
673.2	445.05
673.2	445.05
673.2	445.05
673.2	445.05
673.2	445.05
673.2	445.05
673.2	445.05
673.2	445.05
673.2	445.05
673.2	445.05
673.2	445.05
673.2	445.05
673.2	445.05
673.2	445.05
673.2	445.05
673.2	445.05
673.2	445.05
673.2	445.05
673.2	445.05
673.2	445.05
673.2	445.05
673.2	445.05
673.2	445.05
673.2	445.05
673.2	445.05
673.2	445.05
673.2	445.05
673.2	445.05
673.2	445.05
673.2	445.05
673.2	445.05
673.2	445.05
673.2	445.05
673.2	445.05
673.2	445.05
673.2	445.05
673.2	445.05
673.2	445.05
673.2	445.05
673.2	445.05
673.2	445.05
673.2	445.05
673.2	445.05
673.2	445.05
673.2	445.05
675.75	444.16
680.86	441.47
680.86	441.47
680.86	441.47
680.86	441.47
680.86	441.47
680.86	441.47
685.11	464.75
693.63	497.88
697.88	522.95
699.59	532.79
699.59	533.69
699.59	533.69
699.59	533.69
699.59	533.69
690.22	529.21
650.21	512.2
603.4	495.19
582.12	487.13
565.09	479.97
565.09	479.97
564.24	479.97
564.24	479.08
564.24	479.08
564.24	479.08
565.09	479.08
565.09	479.08
565.09	479.97
565.09	479.97
565.09	479.97
565.09	479.97
565.09	479.97
565.09	479.97
565.09	479.97
565.09	479.97
565.09	479.97
565.09	479.97
565.09	479.97
565.09	479.97
565.09	479.97
565.09	479.97
565.09	479.97
565.09	479.97
565.09	479.97
565.09	479.97
565.09	479.97
565.09	479.97
565.09	479.97
591.48	478.18
642.55	470.12
668.09	462.96
682.56	459.38
690.22	456.69
695.33	455.8
699.59	455.8
709.8	455.8
714.91	454.9
719.16	453.11
721.72	451.32
722.57	448.64
729.38	441.47
730.23	428.04
733.63	411.93
732.78	397.6
725.97	383.28
715.76	373.43
697.03	361.79
684.26	354.63
672.35	345.68
667.24	336.72
663.83	326.87
658.73	304.49
658.73	289.27
662.13	268.68
670.64	248.98
686.82	214.07
698.73	191.68
702.99	176.46
705.54	171.99
705.54	169.3
705.54	168.4
705.54	168.4
705.54	168.4
705.54	168.4
705.54	168.4
705.54	168.4
702.99	171.09
699.59	171.99
697.88	171.99
697.88	170.2
697.88	170.2
697.88	170.2
697.88	170.2
697.88	170.2
697.88	170.2
697.88	170.2
697.88	170.2
697.88	170.2
697.88	170.2
697.88	170.2
697.88	170.2
692.78	175.57
685.11	180.04
666.39	189
627.23	199.74
595.74	209.59
577.86	219.44
567.65	229.29
560.84	239.13
560.84	243.61
562.54	246.3
565.94	248.09
566.8	248.09
572.75	251.67
574.46	252.56
574.46	252.56
574.46	252.56
583.82	256.14
600.84	262.41
614.46	266.89
626.38	271.36
632.34	273.16
633.19	274.05
635.74	274.05
640.85	277.63
646.81	283
647.66	285.69
647.66	285.69
647.66	285.69
647.66	285.69
647.66	285.69
647.66	285.69
647.66	285.69
647.66	285.69
670.64	285.69
680.86	286.58
680.86	286.58
680.86	287.48
680.86	287.48
680.86	287.48
680.86	296.43
684.26	304.49
691.07	309.86
702.99	314.34
714.91	316.13
725.12	317.03
738.74	320.61
754.06	325.08
774.49	334.04
823.01	360
868.13	385.07
887.7	397.6
891.11	401.18
891.11	401.18
891.11	401.18
891.11	401.18
891.11	401.18
891.11	401.18
886	401.18
857.06	411.03
812.8	436.1
793.22	454.9
783	466.54
779.6	471.91
778.75	473.7
778.75	473.7
778.75	473.7
775.34	474.6
771.94	475.49
771.94	476.39
771.94	476.39
773.64	473.7
788.11	462.96
800.88	452.22
811.09	445.95
819.61	445.05
821.31	445.05
821.31	445.05
808.54	450.43
757.47	459.38
702.14	457.59
671.5	454.01
658.73	452.22
658.73	452.22
658.73	452.22
658.73	452.22
658.73	452.22
658.73	452.22
658.73	452.22
640.85	455.8
590.63	458.48
546.37	457.59
510.61	445.95
473.16	427.15
430.6	400.29
391.44	374.32
371.02	360.9
365.06	355.52
358.25	351.94
348.88	350.15
340.37	348.36
329.31	346.57
327.6	346.57
327.6	346.57
327.6	345.68
331.01	344.78
344.63	344.78
400.81	364.48
519.98	421.78
634.89	480.87
690.22	505.04
716.61	512.2
725.12	512.2
729.38	509.52
737.04	503.25
740.44	492.51
738.74	484.45
733.63	479.08
724.27	475.49
700.44	472.81
668.09	471.02
649.36	472.81
637.45	475.49
632.34	478.18
631.49	478.18
631.49	478.18
631.49	478.18
631.49	479.08
631.49	479.08
631.49	479.08
631.49	479.08
631.49	479.08
631.49	479.08
631.49	479.08
631.49	479.08
631.49	479.08
631.49	479.08
631.49	479.08
631.49	479.08
631.49	479.08
631.49	479.08
631.49	479.08
631.49	479.08
631.49	479.08
631.49	479.08
631.49	479.08
631.49	479.08
631.49	479.08
631.49	479.08
631.49	479.08
631.49	479.08
631.49	479.08
631.49	479.08
631.49	479.08
631.49	479.08
631.49	479.08
631.49	479.08
631.49	479.08
631.49	479.08
631.49	479.08
631.49	479.08
631.49	479.08
631.49	479.08
631.49	479.08
631.49	479.08
631.49	479.08
631.49	479.08
644.26	478.18
650.21	475.49
655.32	472.81
658.73	470.12
662.13	464.75
668.09	424.46
661.28	381.49
650.21	368.06
642.55	361.79
639.15	359.1
629.79	352.84
612.76	341.2
599.99	333.14
584.67	325.98
574.46	320.61
574.46	320.61
577.01	317.92
616.17	306.28
684.26	307.18
771.94	325.08
802.58	334.04
809.39	335.83
813.65	336.72
818.76	336.72
822.16	336.72
823.86	336.72
824.71	336.72
824.71	336.72
824.71	336.72
824.71	336.72
824.71	336.72
813.65	330.45
776.19	317.03
728.53	303.6
664.69	293.75
593.18	288.38
535.3	288.38
508.91	288.38
484.23	288.38
468.05	288.38
462.95	288.38
462.95	288.38
462.95	288.38
467.2	284.79
501.25	272.26
582.12	265.99
657.02	263.31
678.3	262.41
683.41	261.52
698.73	262.41
734.49	271.36
768.53	279.42
788.96	283
793.22	283
793.22	283
793.22	283
793.22	283
794.92	285.69
809.39	295.54
812.8	297.33
812.8	297.33
812.8	297.33
811.09	297.33
788.96	297.33
725.97	296.43
668.94	299.12
647.66	314.34
638.3	334.93
640	359.1
653.62	379.7
689.37	398.5
737.04	405.66
763.43	403.87
794.07	389.55
811.09	371.64
806.84	358.21
780.45	345.68
731.08	342.09
697.88	368.06
696.18	442.37
748.1	499.67
836.63	529.21
879.19	519.36
896.22	486.24
882.6	451.32
847.7	422.67
822.16	411.93
819.61	411.03
818.76	411.03
819.61	411.03
820.46	411.03
805.99	404.77
772.79	388.65
734.49	369.85
722.57	361.79
720.87	361.79
720.87	361.79
720.87	361.79
725.12	360
747.25	357.31
819.61	365.37
874.94	367.16
893.66	363.58
897.92	359.1
892.81	353.73
859.61	336.72
790.67	315.23
760.87	308.97
750.66	308.07
743	308.07
735.34	311.65
718.31	317.92
700.44	324.19
669.79	333.14
630.64	338.51
599.99	339.41
581.27	339.41
568.5	336.72
551.47	334.93
548.07	332.25
548.07	332.25
547.22	331.35
535.3	322.4
521.68	315.23
503.81	307.18
488.48	303.6
481.67	302.7
474.86	300.91
474.01	300.91
473.16	300.91
473.16	300.91
473.16	300.91
473.16	300.91
476.57	301.81
480.82	301.81
481.67	301.81
481.67	301.81
482.52	301.81
482.52	301.81
482.52	299.12
483.38	295.54
484.23	293.75
485.93	292.85
489.33	292.85
495.29	291.96
500.4	291.96
501.25	291.06
501.25	290.17
502.1	290.17
502.1	290.17
507.21	288.38
514.87	284.79
525.09	278.53
539.56	269.57
554.03	257.04
559.13	247.19
559.13	245.4
559.13	245.4
552.32	248.98
542.11	264.2
538.71	296.43
536.15	316.13
533.6	334.04
533.6	344.78
536.15	353.73
540.41	362.69
544.66	369.85
550.62	379.7
554.88	386.86
556.58	391.34
560.84	395.81
565.94	399.39
577.01	404.77
583.82	408.35
588.93	409.24
588.93	410.14
588.93	410.14
588.93	410.14
588.93	410.14
588.93	410.14
588.93	410.14
588.93	410.14
588.93	410.14
588.93	410.14
588.93	410.14
588.93	410.14
588.93	410.14
588.93	410.14
588.93	410.14
588.93	410.14
588.93	410.14
588.93	410.14
588.93	410.14
588.93	410.14
588.93	410.14
588.93	410.14
588.93	410.14
588.93	410.14
588.93	410.14
588.93	410.14
588.93	410.14
588.93	410.14
588.93	410.14
588.93	410.14
588.93	410.14
588.93	410.14
588.93	410.14
588.93	410.14
588.93	410.14
588.93	410.14
588.93	410.14
588.93	410.14
588.93	410.14
588.93	410.14
588.93	410.14
588.93	410.14
588.93	410.14
588.93	410.14
588.93	410.14
588.93	410.14
588.93	410.14
578.71	419.99
576.16	423.57
576.16	423.57
581.27	420.88
591.48	414.61
602.55	402.97
606.8	386.86
603.4	372.53
595.74	360
581.27	347.47
567.65	339.41
554.88	334.04
538.71	329.56
512.32	325.98
477.42	324.19
431.45	321.5
394	321.5
366.76	320.61
341.22	316.13
325.9	312.55
313.98	310.76
313.13	309.86
313.13	309.86
318.24	307.18
336.97	300.91
388.89	291.96
484.23	292.85
606.8	308.07
673.2	312.55
701.29	312.55
730.23	307.18
752.36	301.81
768.53	297.33
773.64	293.75
773.64	293.75
773.64	292.85
756.62	291.96
689.37	287.48
563.39	272.26
472.31	257.94
390.59	244.51
340.37	236.45
313.13	233.76
296.11	232.87
280.79	231.08
279.93	231.08
279.93	230.18
322.5	220.33
488.48	219.44
660.43	231.97
728.53	235.55
728.53	235.55
714.91	238.24
625.53	239.13
422.94	221.23
311.43	214.07
306.32	214.07
394.85	240.92
732.78	310.76
886	336.72
856.21	332.25
704.69	298.22
562.54	275.84
540.41	274.05
542.96	274.05
597.44	285.69
644.26	292.85
626.38	294.64
569.35	289.27
520.83	283
520.83	282.11
530.19	279.42
554.03	278.53
554.88	278.53
546.37	282.11
532.75	289.27
524.23	300.01
522.53	316.13
524.23	326.87
526.79	334.93
527.64	343.88
527.64	344.78
527.64	344.78
527.64	344.78
527.64	344.78
527.64	344.78
527.64	344.78
527.64	344.78
527.64	344.78
527.64	344.78
527.64	344.78
527.64	344.78
527.64	344.78
527.64	344.78
527.64	344.78
527.64	344.78
527.64	344.78
527.64	344.78
527.64	344.78
527.64	344.78
527.64	344.78
527.64	344.78
527.64	344.78
527.64	344.78
527.64	344.78
527.64	344.78
527.64	344.78
527.64	344.78
527.64	344.78
527.64	344.78
527.64	344.78
527.64	344.78
527.64	344.78
527.64	344.78
527.64	344.78
574.46	341.2
601.7	341.2
609.36	341.2
617.87	341.2
630.64	342.09
635.74	342.09
635.74	342.09
635.74	342.09
635.74	342.09
635.74	342.09
635.74	342.09
635.74	342.09
635.74	342.09
635.74	342.09
635.74	342.09
635.74	342.09
635.74	342.09
635.74	342.09
635.74	342.09
635.74	342.09
635.74	342.09
635.74	342.09
635.74	342.09
635.74	342.09
635.74	342.09
635.74	342.09
635.74	342.09
635.74	342.09
635.74	342.09
635.74	342.09
635.74	342.09
635.74	342.09
635.74	342.09
635.74	342.09
635.74	342.09
635.74	342.09
635.74	342.09
635.74	342.09
635.74	342.09
635.74	342.09
635.74	342.09
635.74	342.09
635.74	342.09
635.74	342.09
635.74	342.09
635.74	342.09
635.74	342.09
635.74	342.09
649.36	342.09
676.6	342.09
691.07	342.09
708.95	339.41
724.27	334.04
747.25	325.98
788.11	307.18
811.09	295.54
824.71	291.06
841.74	285.69
866.42	272.26
883.45	260.62
897.92	247.19
908.98	233.76
912.39	231.97
912.39	231.97
909.84	234.66
905.58	237.34
903.03	238.24
902.18	238.24
902.18	238.24
901.32	238.24
885.15	241.82
834.93	259.73
752.36	289.27
581.27	312.55
452.73	311.65
428.9	310.76
428.9	310.76
428.9	310.76
433.15	307.18
455.29	302.7
525.09	294.64
645.11	293.75
680.86	291.96
682.56	290.17
683.41	290.17
683.41	290.17
683.41	290.17
683.41	290.17
683.41	290.17
683.41	290.17
680.01	292.85
675.75	295.54
674.9	295.54
674.9	295.54
674.9	295.54
674.9	295.54
674.9	295.54
674.9	295.54
674.9	295.54
674.9	295.54
674.9	295.54
674.9	295.54
674.9	295.54
674.9	295.54
674.9	295.54
674.9	295.54
674.9	295.54
674.9	295.54
674.9	295.54
674.9	295.54
674.9	295.54
674.9	295.54
674.9	295.54
674.9	295.54
674.9	295.54
674.9	295.54
674.9	295.54
674.9	295.54
674.9	295.54
674.9	295.54
674.9	295.54
674.9	295.54
674.9	295.54
674.9	295.54
674.9	295.54
674.9	295.54
674.9	295.54
674.9	295.54
674.9	295.54
674.9	295.54
674.9	295.54
674.9	295.54
674.9	295.54
674.9	295.54
674.9	295.54
674.9	295.54
674.9	295.54
674.9	295.54
674.9	295.54
674.9	295.54
674.9	295.54
674.9	295.54
674.9	295.54
674.9	295.54
674.9	295.54
674.9	295.54
674.9	295.54
674.9	295.54
674.9	295.54
674.9	295.54
674.9	295.54
674.9	295.54
674.9	295.54
674.9	295.54
674.9	295.54
674.9	295.54
674.9	295.54
674.9	295.54
674.9	295.54
674.9	295.54
674.9	295.54
674.9	295.54
674.9	295.54
674.9	295.54
674.9	295.54
674.9	295.54
674.9	295.54
674.9	295.54
674.9	295.54
674.9	295.54
674.9	295.54
674.9	295.54
674.9	295.54
674.9	295.54
674.9	295.54
679.16	307.18
684.26	325.98
688.52	343.88
691.07	354.63
696.18	364.48
701.29	375.22
704.69	380.59
707.25	383.28
708.1	385.07
708.95	394.92
708.1	408.35
706.39	413.72
705.54	416.4
705.54	417.3
705.54	417.3
705.54	417.3
705.54	417.3
705.54	417.3
705.54	417.3
705.54	417.3
705.54	417.3
705.54	417.3
705.54	417.3
705.54	417.3
705.54	417.3
705.54	417.3
705.54	417.3
705.54	417.3
705.54	417.3
705.54	417.3
704.69	417.3
630.64	421.78
597.44	423.57
568.5	430.73
549.77	439.68
541.26	445.05
533.6	454.01
533.6	455.8
532.75	455.8
529.34	459.38
526.79	460.27
525.94	462.06
525.94	462.06
525.94	462.06
525.94	462.06
525.94	462.06
525.94	462.06
525.94	462.06
525.94	462.06
525.94	462.06
525.94	462.06
525.94	462.06
525.94	462.06
525.94	462.06
525.94	462.06
525.09	462.06
519.98	463.86
519.98	463.86
519.98	463.86
519.98	463.86
527.64	462.96
563.39	451.32
587.22	440.58
598.29	435.21
605.95	429.83
611.06	425.36
614.46	421.78
615.31	421.78
615.31	421.78
615.31	421.78
615.31	421.78
637.45	422.67
680.86	432.52
707.25	443.26
720.87	450.43
725.97	453.11
733.63	456.69
739.59	457.59
743.85	457.59
750.66	456.69
752.36	455.8
755.77	454.9
759.17	453.11
760.87	451.32
767.68	448.64
774.49	446.84
780.45	444.16
782.15	443.26
782.15	443.26
782.15	443.26
781.3	443.26
752.36	439.68
703.84	436.1
645.96	433.42
596.59	436.1
563.39	440.58
530.19	445.95
513.17	449.53
509.76	450.43
507.21	451.32
502.95	452.22
497.85	454.01
490.19	459.38
478.27	472.81
467.2	494.3
461.24	515.78
456.14	522.95
451.03	525.63
445.07	527.42
432.3	530.11
421.24	533.69
406.77	539.96
399.11	550.7
402.51	565.03
410.17	571.29
424.64	572.19
441.67	563.23
451.88	550.7
463.8	529.21
472.31	508.62
477.42	489.82
479.97	471.91
481.67	456.69
485.93	445.95
491.04	437
500.4	423.57
514.02	411.03
520.83	405.66
521.68	404.77
521.68	404.77
521.68	404.77
514.02	419.99
502.1	454.01
487.63	479.08
478.27	489.82
468.91	496.98
461.24	502.35
451.03	506.83
445.92	509.52
441.67	511.31
441.67	512.2
441.67	512.2
441.67	512.2
443.37	511.31
458.69	509.52
519.13	519.36
590.63	533.69
642.55	542.64
663.83	543.54
677.45	543.54
689.37	543.54
692.78	543.54
702.99	545.33
706.39	546.22
706.39	546.22
706.39	546.22
706.39	546.22
700.44	544.43
660.43	536.38
597.44	522.95
517.42	507.73
486.78	503.25
469.76	500.56
446.77	500.56
428.9	501.46
402.51	505.04
386.34	508.62
383.78	510.41
383.78	510.41
383.78	510.41
383.78	510.41
400.81	512.2
520.83	529.21
737.89	565.03
825.57	573.08
857.06	568.61
912.39	564.13
982.19	562.34
1035.82	557.86
1066.46	557.86
1098.81	557.86
1103.91	557.86
1103.91	557.86
1103.91	557.86
1103.91	557.86
1103.91	557.86
1103.91	557.86
1103.91	557.86
1103.91	557.86
1103.91	557.86
1103.91	557.86
1091.15	553.39
1051.99	541.75
976.23	525.63
837.48	496.98
753.21	482.66
712.35	477.29
659.58	468.33
625.53	461.17
594.89	453.11
576.16	445.95
556.58	438.79
541.26	433.42
539.56	432.52
531.04	428.94
500.4	416.4
460.39	402.08
412.72	388.65
386.34	383.28
365.91	382.38
353.14	389.55
361.65	421.78
423.79	468.33
488.48	494.3
525.09	504.14
525.09	504.14
525.09	504.14
525.09	504.14
530.19	499.67
544.66	495.19
616.17	495.19
763.43	505.04
845.14	505.93
853.66	503.25
853.66	502.35
853.66	502.35
853.66	502.35
850.25	502.35
845.99	502.35
837.48	500.56
822.16	495.19
788.11	484.45
732.78	471.02
688.52	462.96
639.15	455.8
618.72	454.9
611.06	454.9
607.65	454.9
600.84	454.01
577.01	449.53
524.23	437.89
447.62	427.15
374.42	420.88
332.71	420.88
311.43	419.99
308.88	419.99
308.88	419.99
308.88	419.99
313.98	419.99
362.5	424.46
462.95	443.26
505.51	451.32
517.42	452.22
537.85	454.01
553.18	454.9
565.94	455.8
565.94	455.8
565.94	455.8
565.09	455.8
555.73	455.8
547.22	454.9
547.22	454.9
547.22	454.9
547.22	454.9
547.22	454.9
547.22	454.9
547.22	454.9
547.22	454.9
547.22	454.9
547.22	454.9
547.22	454.9
547.22	454.9
547.22	454.9
547.22	454.9
547.22	454.9
547.22	454.9
547.22	454.9
547.22	454.9
553.18	456.69
553.18	456.69
545.51	453.11
542.11	424.46
531.9	393.13
528.49	373.43
520.83	354.63
515.72	337.62
514.02	326.87
509.76	314.34
507.21	303.6
506.36	302.7
506.36	302.7
496.14	302.7
490.19	303.6
489.33	303.6
489.33	303.6
489.33	303.6
489.33	303.6
490.19	304.49
492.74	305.39
494.44	305.39
494.44	305.39
494.44	305.39
494.44	305.39
494.44	305.39
494.44	305.39
494.44	305.39
494.44	305.39
491.89	310.76
471.46	332.25
444.22	363.58
428.9	380.59
411.87	394.92
399.11	404.77
373.57	417.3
342.07	428.94
306.32	435.21
285.04	437.89
282.49	438.79
282.49	438.79
299.51	415.51
336.12	376.12
376.97	344.78
396.55	332.25
398.25	331.35
405.92	327.77
429.75	326.87
452.73	326.87
511.47	346.57
654.47	424.46
730.23	467.44
731.08	468.33
731.93	469.23
731.93	469.23
732.78	469.23
742.15	470.12
769.39	469.23
782.15	463.86
796.62	454.9
808.54	446.84
809.39	441.47
799.18	430.73
771.94	411.03
697.88	374.32
621.27	339.41
559.99	319.71
513.17	304.49
480.82	293.75
459.54	285.69
441.67	279.42
422.94	272.26
400.81	267.78
380.38	265.1
361.65	262.41
353.14	260.62
348.88	260.62
339.52	269.57
332.71	287.48
331.86	314.34
339.52	334.93
350.59	348.36
366.76	360.9
394.85	373.43
464.65	394.92
544.66	412.82
593.18	416.4
622.12	411.93
643.4	404.77
668.09	394.92
681.71	385.96
697.03	376.12
711.5	365.37
724.27	354.63
741.29	342.09
762.58	328.66
794.07	314.34
833.23	300.91
863.87	289.27
887.7	279.42
888.56	279.42
888.56	279.42
888.56	279.42
888.56	279.42
888.56	279.42
888.56	279.42
888.56	279.42
888.56	279.42
888.56	279.42
872.38	286.58
815.35	308.07
741.29	338.51
707.25	366.27
689.37	391.34
674.05	428.04
671.5	453.11
671.5	460.27
668.94	463.86
665.54	464.75
655.32	464.75
622.12	456.69
589.78	443.26
558.28	429.83
543.81	422.67
537	419.99
534.45	417.3
533.6	417.3
531.9	415.51
525.09	412.82
507.21	411.03
482.52	412.82
463.8	424.46
449.33	434.31
438.26	446.84
433.15	461.17
432.3	478.18
432.3	488.03
432.3	491.61
432.3	491.61
433.15	491.61
443.37	488.92
456.14	484.45
465.5	479.97
479.12	478.18
502.1	481.76
550.62	498.77
599.14	514.89
622.12	522.95
642.55	529.21
666.39	533.69
686.82	537.27
718.31	540.85
746.4	541.75
760.02	541.75
768.53	538.17
774.49	534.58
779.6	533.69
783	531.9
794.07	528.32
806.84	526.53
831.52	525.63
848.55	525.63
857.06	524.74
868.13	522.05
869.83	521.16
869.83	521.16
869.83	521.16
869.83	522.05
866.42	522.05
865.57	522.05
865.57	522.05
865.57	522.05
865.57	522.05
865.57	522.05
865.57	522.05
858.76	522.05
824.71	518.47
793.22	513.1
766.83	505.93
740.44	495.19
723.42	488.92
708.95	484.45
697.88	480.87
692.78	479.97
684.26	477.29
665.54	471.91
645.96	468.33
628.93	464.75
606.8	461.17
580.41	458.48
550.62	454.9
539.56	454.01
534.45	453.11
528.49	451.32
527.64	450.43
527.64	450.43
527.64	450.43
527.64	450.43
527.64	450.43
531.04	450.43
531.9	450.43
602.55	451.32
651.92	446.84
663.83	445.95
664.69	445.95
673.2	448.64
693.63	461.17
702.99	467.44
708.1	471.91
714.06	476.39
720.01	480.87
720.87	480.87
720.87	480.87
720.87	480.87
720.87	480.87
720.87	480.87
720.87	480.87
721.72	480.87
727.68	473.7
729.38	460.27
729.38	445.05
727.68	437
725.97	431.62
725.12	428.04
724.27	422.67
724.27	414.61
720.87	405.66
716.61	400.29
710.65	396.71
702.99	398.5
680.01	420.88
669.79	450.43
662.13	477.29
661.28	496.09
660.43	501.46
661.28	501.46
664.69	501.46
664.69	501.46
668.09	501.46
668.09	501.46
668.09	501.46
668.09	501.46
668.09	501.46
668.09	501.46
668.09	501.46
668.09	501.46
668.09	501.46
668.09	501.46
668.09	501.46
668.09	501.46
668.09	501.46
668.09	501.46
668.09	501.46
668.09	501.46
668.09	501.46
668.09	501.46
668.09	501.46
668.09	501.46
668.09	501.46
668.09	501.46
668.09	501.46
668.09	496.09
671.5	487.13
673.2	476.39
678.3	466.54
689.37	451.32
699.59	436.1
708.1	421.78
713.2	410.14
713.2	405.66
713.2	400.29
713.2	398.5
713.2	393.13
716.61	380.59
721.72	370.74
729.38	360.9
731.93	356.42
732.78	355.52
732.78	355.52
731.93	352.84
721.72	346.57
689.37	346.57
641.7	361.79
605.1	379.7
581.27	398.5
577.01	407.45
579.56	415.51
589.78	423.57
610.21	428.94
639.15	425.36
659.58	412.82
668.94	399.39
674.9	379.7
673.2	364.48
668.94	356.42
662.98	353.73
656.17	353.73
649.36	353.73
645.11	355.52
644.26	355.52
644.26	355.52
644.26	355.52
644.26	355.52
644.26	355.52
644.26	355.52
644.26	355.52
644.26	355.52
643.4	355.52
629.79	355.52
617.87	355.52
614.46	355.52
614.46	355.52
614.46	355.52
614.46	355.52
614.46	355.52
614.46	355.52
614.46	355.52
614.46	355.52
614.46	355.52
614.46	355.52
614.46	355.52
614.46	355.52
614.46	355.52
614.46	355.52
614.46	355.52
614.46	355.52
614.46	355.52
614.46	355.52
614.46	355.52
614.46	355.52
614.46	355.52
614.46	355.52
614.46	355.52
614.46	355.52
614.46	355.52
614.46	355.52
614.46	355.52
614.46	355.52
614.46	355.52
614.46	355.52
614.46	355.52
614.46	355.52
614.46	355.52
614.46	355.52
614.46	355.52
614.46	355.52
614.46	355.52
614.46	355.52
614.46	355.52
614.46	355.52
614.46	355.52
614.46	355.52
614.46	355.52
614.46	355.52
614.46	355.52
614.46	355.52
614.46	355.52
614.46	355.52
614.46	355.52
614.46	355.52
614.46	355.52
614.46	355.52
614.46	355.52
614.46	355.52
614.46	355.52
614.46	355.52
614.46	355.52
614.46	355.52
614.46	355.52
614.46	355.52
614.46	355.52
614.46	355.52
614.46	355.52
614.46	355.52
614.46	355.52
614.46	355.52
614.46	355.52
614.46	355.52
614.46	355.52
614.46	355.52
614.46	355.52
614.46	355.52
614.46	355.52
614.46	355.52
614.46	355.52
614.46	355.52
614.46	355.52
614.46	355.52
614.46	355.52
614.46	355.52
614.46	355.52
614.46	355.52
614.46	355.52
614.46	355.52
614.46	355.52
614.46	355.52
614.46	355.52
614.46	355.52
614.46	355.52
614.46	355.52
614.46	355.52
614.46	355.52
614.46	355.52
614.46	355.52
614.46	355.52
614.46	355.52
614.46	355.52
614.46	355.52
614.46	355.52
614.46	355.52
614.46	355.52
614.46	355.52
614.46	355.52
614.46	355.52
614.46	355.52
614.46	355.52
614.46	355.52
614.46	355.52
614.46	355.52
614.46	355.52
614.46	355.52
614.46	355.52
614.46	355.52
614.46	355.52
614.46	355.52
614.46	355.52
614.46	355.52
638.3	358.21
880.04	387.75
944.74	395.81
949.84	395.81
949.84	395.81
948.14	395.81
908.98	387.75
855.36	377.01
782.15	367.16
697.03	363.58
623.83	363.58
594.89	367.16
582.97	369.85
571.9	374.32
559.13	380.59
539.56	391.34
512.32	408.35
489.33	424.46
472.31	437.89
458.69	448.64
444.22	455.8
426.34	458.48
386.34	454.01
351.44	446.84
344.63	445.05
340.37	444.16
339.52	443.26
339.52	443.26
339.52	443.26
353.99	446.84
403.36	457.59
498.7	477.29
562.54	491.61
628.08	509.52
687.67	527.42
748.1	547.12
777.05	555.18
798.33	559.65
823.01	563.23
834.93	562.34
847.7	559.65
864.72	556.07
881.75	550.7
887.7	545.33
896.22	538.17
907.28	530.11
926.01	522.05
943.88	519.36
954.95	518.47
959.21	518.47
959.21	518.47
959.21	518.47
959.21	517.57
959.21	517.57
959.21	517.57
959.21	517.57
957.5	517.57
942.18	513.99
912.39	511.31
881.75	507.73
825.57	499.67
756.62	486.24
655.32	475.49
591.48	481.76
548.92	491.61
519.13	497.88
506.36	499.67
505.51	499.67
505.51	499.67
503.81	495.19
501.25	482.66
497	472.81
491.04	463.86
479.97	457.59
451.88	454.01
403.36	459.38
367.61	463.86
347.18	467.44
346.33	468.33
346.33	468.33
349.73	468.33
376.97	456.69
438.26	437
548.92	422.67
720.87	427.15
886.85	444.16
944.74	445.95
951.55	445.95
951.55	445.05
951.55	445.05
951.55	445.05
951.55	445.05
958.36	445.05
967.72	444.16
981.34	445.05
993.26	445.95
1001.77	448.64
1011.98	451.32
1025.6	454.9
1033.26	455.8
1035.82	456.69
1034.11	456.69
1004.32	454.9
959.21	446.84
903.03	432.52
833.23	414.61
739.59	396.71
691.92	389.55
668.09	388.65
652.77	388.65
645.11	387.75
638.3	385.96
634.04	385.96
632.34	385.07
632.34	385.07
632.34	385.07
632.34	385.07
632.34	385.07
655.32	383.28
714.91	386.86
745.55	398.5
760.87	423.57
769.39	443.26
772.79	456.69
772.79	460.27
772.79	460.27
772.79	460.27
772.79	460.27
771.09	460.27
771.09	460.27
771.09	460.27
771.09	460.27
771.09	460.27
771.09	460.27
771.09	460.27
771.09	460.27
771.09	460.27
771.09	460.27
771.09	460.27
771.09	460.27
715.76	496.09
704.69	505.93
704.69	505.93
704.69	505.93
704.69	505.93
704.69	505.93
704.69	505.93
704.69	505.93
704.69	505.93
704.69	505.93
705.54	505.93
737.04	497.88
796.62	487.13
820.46	481.76
844.29	476.39
863.02	469.23
884.3	462.96
912.39	453.11
927.71	447.74
939.63	445.95
943.88	444.16
948.14	443.26
951.55	439.68
954.95	436.1
958.36	428.04
958.36	421.78
959.21	417.3
959.21	411.93
959.21	411.03
959.21	411.03
959.21	411.03
959.21	411.03
959.21	411.03
959.21	411.03
959.21	411.03
959.21	411.03
959.21	411.03
959.21	411.03
960.06	411.03
960.06	411.03
960.06	411.03
960.06	411.03
960.06	410.14
957.5	405.66
954.95	398.5
950.69	392.23
943.03	384.17
918.35	369.85
862.17	345.68
815.35	327.77
789.81	316.13
785.56	314.34
784.71	314.34
784.71	314.34
783.86	314.34
783	314.34
779.6	314.34
778.75	314.34
778.75	314.34
777.05	314.34
771.94	315.23
762.58	318.82
737.89	324.19
674.05	324.19
629.79	324.19
605.95	324.19
598.29	325.98
597.44	326.87
597.44	326.87
598.29	327.77
603.4	330.45
612.76	339.41
621.27	351.05
635.74	365.37
645.96	377.01
663.83	393.13
675.75	402.08
687.67	407.45
701.29	410.14
706.39	410.14
712.35	405.66
716.61	402.08
722.57	397.6
732.78	390.44
748.96	381.49
808.54	371.64
905.58	371.64
931.97	369.85
931.97	369.85
931.97	369.85
932.82	369.85
939.63	374.32
945.59	377.91
946.44	377.91
946.44	377.91
951.55	375.22
958.36	368.95
962.61	356.42
963.46	342.09
963.46	329.56
961.76	324.19
960.91	323.29
953.25	326.87
930.27	354.63
924.31	394.02
922.6	423.57
920.9	432.52
918.35	434.31
914.94	435.21
905.58	436.1
892.81	436.1
885.15	434.31
874.08	430.73
853.66	424.46
811.09	411.03
741.29	395.81
679.16	389.55
653.62	394.02
645.11	399.39
637.45	403.87
624.68	411.93
588.93	428.94
529.34	443.26
472.31	449.53
428.05	454.9
398.25	456.69
380.38	456.69
366.76	456.69
334.41	453.11
299.51	453.11
274.83	456.69
255.25	463.86
244.18	475.49
234.82	494.3
225.46	513.99
222.9	527.42
226.31	532.79
237.37	533.69
251.84	523.84
275.68	498.77
291.85	463.86
302.07	431.62
319.94	408.35
345.48	387.75
369.31	374.32
420.39	356.42
500.4	352.84
549.77	352.84
557.43	353.73
560.84	353.73
564.24	358.21
568.5	378.8
559.99	410.14
554.03	427.15
551.47	435.21
551.47	436.1
553.18	436.1
583.82	429.83
602.55	445.05
592.33	446.84
582.97	445.05
582.97	445.05
582.97	445.05
582.97	445.05
582.97	445.05
582.97	445.05
582.97	444.16
582.97	444.16
582.97	444.16
582.97	444.16
582.97	444.16
582.97	444.16
582.97	444.16
582.97	444.16
582.97	444.16
582.97	444.16
582.97	444.16
607.65	439.68
608.5	438.79
608.5	438.79
608.5	438.79
608.5	438.79
608.5	438.79
608.5	438.79
608.5	438.79
608.5	438.79
608.5	438.79
608.5	438.79
608.5	438.79
608.5	438.79
608.5	438.79
608.5	438.79
608.5	438.79
608.5	438.79
608.5	438.79
639.15	436.1
713.2	441.47
732.78	447.74
732.78	447.74
732.78	448.64
731.93	449.53
731.93	449.53
732.78	449.53
735.34	446.84
735.34	445.05
693.63	394.02
560.84	284.79
485.93	231.97
478.27	226.6
478.27	226.6
478.27	226.6
478.27	226.6
478.27	226.6
478.27	226.6
478.27	226.6
478.27	226.6
478.27	226.6
478.27	226.6
478.27	226.6
478.27	226.6
449.33	219.44
422.09	201.53
416.98	197.05
416.98	197.05
416.98	197.05
416.98	197.05
416.98	197.05
416.98	197.05
416.98	197.05
417.83	197.05
417.83	197.05
417.83	197.05
417.83	197.05
417.83	197.05
417.83	197.05
417.83	197.05
410.17	202.43
402.51	206.01
401.66	206.01
401.66	206.01
424.64	206.9
581.27	210.48
722.57	236.45
765.98	248.09
765.98	248.09
765.98	248.98
765.13	248.98
763.43	247.19
748.96	241.82
724.27	231.97
677.45	216.75
657.88	214.96
631.49	214.96
603.4	215.86
587.22	219.44
577.86	222.12
577.86	222.12
577.01	223.91
573.61	227.49
570.2	229.29
570.2	230.18
570.2	231.08
570.2	231.08
570.2	231.08
570.2	231.08
568.5	240.03
566.8	245.4
550.62	259.73
513.17	287.48
497.85	302.7
494.44	309.86
494.44	309.86
494.44	309.86
494.44	309.86
513.17	305.39
546.37	299.12
572.75	300.91
584.67	300.91
599.99	300.91
605.95	300.91
629.79	300.91
634.89	301.81
636.6	301.81
645.96	296.43
654.47	284.79
661.28	274.05
668.09	248.09
673.2	182.73
627.23	97.68
550.62	45.75
513.17	41.27
502.95	45.75
502.1	56.49
514.87	81.56
550.62	116.48
568.5	135.28
571.05	141.55
567.65	156.77
548.92	178.25
492.74	217.65
402.51	259.73
343.78	283
308.03	299.12
294.41	308.07
287.6	313.44
287.6	313.44
287.6	314.34
302.92	319.71
330.16	330.45
412.72	379.7
567.65	457.59
623.83	479.97
640.85	479.97
652.77	471.02
665.54	458.48
680.01	443.26
690.22	428.94
698.73	410.14
704.69	398.5
716.61	388.65
717.46	386.86
717.46	386.86
709.8	386.86
702.14	386.86
702.14	386.86
702.14	386.86
702.14	386.86
702.14	386.86
700.44	385.96
679.16	379.7
674.9	378.8
669.79	377.01
661.28	377.01
640.85	384.17
626.38	393.13
611.06	409.24
605.95	419.09
605.95	423.57
622.12	426.25
645.11	420.88
667.24	414.61
685.11	407.45
700.44	394.92
706.39	384.17
706.39	382.38
706.39	382.38
700.44	381.49
673.2	389.55
603.4	401.18
513.17	391.34
484.23	390.44
480.82	390.44
480.82	390.44
478.27	391.34
467.2	394.92
455.29	399.39
428.05	404.77
388.89	409.24
359.95	412.82
342.07	419.09
331.86	420.88
331.01	420.88
331.01	420.88
336.97	416.4
358.25	405.66
424.64	402.97
489.33	403.87
573.61	412.82
615.31	415.51
635.74	413.72
661.28	411.93
705.54	417.3
737.04	423.57
771.94	427.15
814.5	423.57
846.85	413.72
884.3	396.71
937.93	381.49
993.26	370.74
997.51	369.85
997.51	369.85
997.51	369.85
997.51	369.85
997.51	369.85
997.51	369.85
997.51	369.85
984.74	369.85
920.05	360.9
845.14	355.52
783.86	351.94
743.85	350.15
699.59	344.78
664.69	339.41
633.19	337.62
584.67	335.83
545.51	335.83
492.74	334.93
454.43	336.72
399.96	339.41
361.65	342.99
339.52	342.99
315.69	342.99
299.51	342.99
287.6	342.09
285.04	342.09
284.19	341.2
298.66	342.09
383.78	342.99
448.48	349.26
485.93	357.31
515.72	368.06
568.5	386.86
628.93	405.66
710.65	429.83
767.68	445.95
787.26	449.53
804.29	451.32
816.2	452.22
823.01	453.11
829.82	451.32
837.48	447.74
844.29	445.05
851.95	442.37
866.42	439.68
876.64	437.89
880.89	437.89
880.89	437.89
880.89	437.89
865.57	437.89
834.93	437.89
811.95	437.89
791.52	430.73
781.3	419.99
777.9	405.66
776.19	396.71
776.19	395.81
776.19	395.81
776.19	395.81
776.19	395.81
776.19	395.81
776.19	395.81
771.94	395.81
761.72	392.23
744.7	386.86
729.38	382.38
702.14	376.12
674.05	366.27
664.69	362.69
662.98	362.69
657.02	361.79
651.92	361.79
648.51	361.79
648.51	361.79
648.51	361.79
648.51	361.79
648.51	361.79
648.51	361.79
648.51	361.79
648.51	361.79
648.51	361.79
648.51	361.79
648.51	361.79
648.51	360.9
648.51	360.9
648.51	360
648.51	360
648.51	359.1
648.51	359.1
648.51	359.1
648.51	359.1
648.51	359.1
648.51	359.1
648.51	359.1
648.51	359.1
648.51	359.1
648.51	359.1
648.51	359.1
648.51	359.1
648.51	355.52
647.66	351.94
647.66	345.68
647.66	340.3
647.66	335.83
648.51	333.14
648.51	331.35
648.51	331.35
648.51	331.35
648.51	331.35
648.51	331.35
648.51	331.35
648.51	331.35
648.51	331.35
648.51	331.35
648.51	331.35
648.51	331.35
648.51	331.35
648.51	331.35
648.51	331.35
648.51	331.35
648.51	331.35
648.51	331.35
648.51	331.35
648.51	331.35
648.51	331.35
648.51	331.35
648.51	331.35
648.51	331.35
648.51	328.66
648.51	328.66
648.51	328.66
652.77	328.66
652.77	328.66
652.77	328.66
652.77	328.66
652.77	328.66
652.77	328.66
652.77	328.66
652.77	328.66
652.77	328.66
652.77	328.66
652.77	328.66
652.77	328.66
652.77	328.66
652.77	328.66
652.77	328.66
652.77	328.66
652.77	328.66
652.77	328.66
652.77	328.66
652.77	328.66
652.77	328.66
652.77	328.66
652.77	328.66
652.77	328.66
652.77	328.66
652.77	328.66
652.77	328.66
652.77	328.66
652.77	328.66
652.77	328.66
652.77	328.66
652.77	328.66
652.77	328.66
652.77	328.66
652.77	328.66
652.77	328.66
652.77	328.66
652.77	328.66
652.77	328.66
652.77	328.66
652.77	328.66
652.77	328.66
652.77	328.66
652.77	328.66
652.77	328.66
652.77	328.66
652.77	328.66
652.77	328.66
652.77	328.66
652.77	328.66
652.77	328.66
652.77	328.66
652.77	328.66
652.77	328.66
652.77	328.66
652.77	328.66
652.77	328.66
652.77	328.66
652.77	328.66
652.77	328.66
652.77	328.66
652.77	328.66
652.77	328.66
652.77	328.66
652.77	328.66
652.77	328.66
652.77	328.66
652.77	328.66
652.77	328.66
652.77	328.66
652.77	328.66
652.77	328.66
652.77	328.66
652.77	328.66
652.77	328.66
652.77	328.66
652.77	328.66
652.77	328.66
652.77	328.66
652.77	328.66
652.77	328.66
652.77	328.66
652.77	328.66
652.77	328.66
652.77	328.66
652.77	328.66
652.77	328.66
652.77	328.66
652.77	328.66
652.77	328.66
652.77	328.66
652.77	328.66
652.77	328.66
652.77	328.66
652.77	328.66
652.77	328.66
652.77	328.66
652.77	328.66
652.77	328.66
652.77	328.66
652.77	328.66
652.77	328.66
652.77	328.66
652.77	328.66
652.77	328.66
652.77	328.66
652.77	328.66
652.77	328.66
652.77	328.66
652.77	328.66
652.77	328.66
652.77	328.66
652.77	328.66
652.77	328.66
652.77	328.66
652.77	328.66
652.77	328.66
652.77	328.66
652.77	328.66
652.77	328.66
652.77	328.66
652.77	328.66
652.77	328.66
652.77	328.66
652.77	328.66
652.77	328.66
652.77	328.66
652.77	328.66
652.77	328.66
652.77	328.66
652.77	328.66
652.77	328.66
652.77	328.66
652.77	328.66
652.77	328.66
652.77	328.66
652.77	328.66
652.77	328.66
652.77	328.66
652.77	328.66
652.77	328.66
652.77	328.66
652.77	328.66
652.77	328.66
652.77	328.66
652.77	328.66
652.77	328.66
652.77	328.66
652.77	328.66
652.77	328.66
652.77	328.66
652.77	328.66
663.83	325.08
677.45	322.4
679.16	322.4
679.16	322.4
676.6	324.19
635.74	343.88
508.06	381.49
411.87	409.24
374.42	428.94
361.65	437
359.1	439.68
356.54	448.64
358.25	465.65
370.16	495.19
396.55	523.84
434.86	544.43
468.05	551.6
484.23	544.43
494.44	537.27
502.95	530.11
511.47	522.05
517.42	513.99
521.68	508.62
523.38	505.93
525.94	504.14
531.04	502.35
542.96	500.56
567.65	496.98
605.95	493.4
629.79	487.13
645.96	482.66
655.32	478.18
657.02	475.49
657.02	475.49
657.02	475.49
657.02	475.49
657.02	475.49
657.02	475.49
657.02	476.39
653.62	477.29
650.21	477.29
650.21	477.29
650.21	477.29
650.21	477.29
651.92	470.12
652.77	466.54
652.77	466.54
652.77	466.54
652.77	466.54
652.77	466.54
652.77	466.54
652.77	466.54
652.77	466.54
652.77	466.54
652.77	466.54
652.77	466.54
652.77	466.54
652.77	466.54
652.77	466.54
652.77	466.54
652.77	466.54
652.77	466.54
652.77	466.54
652.77	466.54
652.77	466.54
652.77	466.54
652.77	466.54
652.77	466.54
652.77	466.54
652.77	466.54
652.77	466.54
652.77	466.54
652.77	466.54
651.07	466.54
651.07	467.44
651.07	467.44
651.07	467.44
651.07	467.44
651.07	467.44
652.77	467.44
660.43	464.75
672.35	464.75
684.26	463.86
691.07	462.96
697.88	461.17
706.39	457.59
718.31	450.43
730.23	443.26
739.59	437.89
746.4	434.31
753.21	431.62
760.87	430.73
775.34	428.04
801.73	427.15
817.9	427.15
838.33	428.94
869.83	433.42
896.22	437.89
905.58	439.68
908.98	439.68
909.84	440.58
910.69	440.58
910.69	440.58
910.69	440.58
910.69	440.58
910.69	440.58
910.69	440.58
910.69	440.58
910.69	440.58
910.69	440.58
909.84	440.58
908.98	440.58
906.43	440.58
905.58	440.58
905.58	440.58
905.58	440.58
905.58	440.58
904.73	440.58
901.32	441.47
899.62	442.37
899.62	442.37
895.37	444.16
893.66	444.16
893.66	444.16
893.66	444.16
894.51	444.16
894.51	442.37
894.51	441.47
894.51	441.47
894.51	440.58
894.51	440.58
894.51	440.58
894.51	440.58
894.51	440.58
893.66	440.58
893.66	440.58
893.66	440.58
893.66	440.58
893.66	440.58
893.66	440.58
893.66	440.58
893.66	440.58
893.66	440.58
893.66	440.58
893.66	440.58
893.66	440.58
893.66	440.58
893.66	440.58
893.66	440.58
893.66	440.58
893.66	440.58
893.66	440.58
893.66	440.58
893.66	440.58
893.66	440.58
893.66	440.58
893.66	440.58
893.66	440.58
893.66	440.58
893.66	440.58
893.66	440.58
893.66	440.58
893.66	440.58
893.66	440.58
893.66	440.58
893.66	440.58
893.66	440.58
893.66	440.58
893.66	440.58
893.66	439.68
893.66	439.68
893.66	439.68
893.66	439.68
893.66	439.68
893.66	439.68
893.66	439.68
893.66	439.68
893.66	439.68
893.66	439.68
893.66	439.68
902.18	437.89
914.94	433.42
926.86	429.83
935.37	425.36
939.63	422.67
939.63	422.67
939.63	422.67
939.63	422.67
