0	0
0	0
0	0
0	0
0	0
0	0
0	0
0	0
0	0
0	0
0	0
0	0
0	0
0	0
0	0
0	0
0	0
0	0
0	0
0	0
0	0
0	0
0	0
479.89	361.27
449.17	372.71
445.12	376.53
443.51	379.07
442.7	380.34
442.7	380.34
442.7	380.34
442.7	380.34
442.7	380.34
442.7	380.34
445.93	379.07
497.68	377.8
563.18	381.61
578.55	387.97
583.4	390.51
585.82	390.51
585.82	390.51
585.82	390.51
585.82	390.51
585.82	390.51
585.82	390.51
585.82	390.51
585.82	390.51
585.82	390.51
585.82	390.51
594.72	390.51
606.04	390.51
627.87	389.24
664.26	386.7
675.58	385.43
686.09	385.43
696.6	385.43
696.6	385.43
704.69	386.7
705.5	386.7
705.5	386.7
705.5	386.7
705.5	386.7
705.5	386.7
705.5	386.7
705.5	386.7
705.5	386.7
705.5	386.7
935.95	330.76
935.95	330.76
990.13	325.67
1008.73	323.13
1014.39	325.67
1025.71	328.22
1054.01	332.03
1070.99	338.39
1087.97	342.2
1110.61	344.74
1118.7	347.29
1119.51	347.29
1119.51	347.29
1119.51	347.29
1119.51	347.29
1119.51	347.29
1117.89	348.56
1108.19	349.83
921.4	291.35
834.07	277.36
737.84	295.16
661.83	326.95
624.64	343.47
618.98	344.74
616.55	344.74
616.55	344.74
616.55	344.74
616.55	343.47
616.55	343.47
616.55	343.47
616.55	344.74
615.74	401.95
614.12	427.38
612.51	442.64
612.51	445.18
613.32	447.72
614.93	450.26
631.11	460.44
640	462.98
645.66	466.79
655.36	475.69
661.02	482.05
663.45	487.13
665.07	489.68
666.68	490.95
669.11	492.22
677.2	496.03
678.81	497.3
680.43	497.3
681.24	497.3
681.24	497.3
681.24	497.3
681.24	497.3
681.24	497.3
681.24	497.3
681.24	497.3
681.24	497.3
681.24	497.3
681.24	497.3
681.24	497.3
681.24	497.3
681.24	497.3
681.24	497.3
681.24	497.3
681.24	497.3
681.24	497.3
681.24	497.3
681.24	497.3
681.24	497.3
681.24	497.3
681.24	497.3
681.24	497.3
681.24	497.3
681.24	497.3
681.24	497.3
681.24	497.3
681.24	497.3
681.24	497.3
681.24	497.3
681.24	497.3
681.24	497.3
681.24	497.3
681.24	497.3
681.24	497.3
681.24	497.3
681.24	497.3
681.24	497.3
681.24	497.3
681.24	497.3
681.24	497.3
681.24	497.3
681.24	497.3
681.24	497.3
681.24	497.3
681.24	497.3
681.24	497.3
681.24	497.3
681.24	497.3
681.24	497.3
681.24	497.3
681.24	497.3
681.24	497.3
681.24	497.3
681.24	497.3
681.24	497.3
681.24	497.3
681.24	497.3
681.24	497.3
681.24	497.3
681.24	497.3
681.24	497.3
681.24	497.3
681.24	497.3
635.15	471.88
635.15	471.88
559.14	400.68
484.75	366.36
424.91	348.56
386.9	342.2
348.9	337.12
333.54	332.03
323.83	326.95
309.28	319.32
297.15	309.15
281.79	295.16
268.85	286.26
260.76	277.36
249.44	255.75
247.01	250.67
245.4	248.12
243.78	244.31
242.97	241.77
242.97	240.49
242.16	240.49
242.16	240.49
242.16	240.49
242.16	240.49
242.97	240.49
242.97	241.77
243.78	250.67
243.78	267.19
241.35	296.43
239.74	311.69
239.74	315.5
240.55	318.05
301.19	287.53
410.35	227.78
442.7	230.32
461.3	234.14
471	237.95
499.3	249.39
509	262.11
518.71	281.18
522.75	295.16
526.79	339.66
525.18	370.17
525.18	384.16
522.75	419.75
521.94	423.57
521.94	427.38
522.75	431.19
524.37	433.74
525.99	435.01
530.03	438.82
568.84	457.89
610.08	469.33
649.7	482.05
679.62	489.68
707.92	498.58
755.63	534.17
788.78	572.31
789.59	573.58
789.59	573.58
789.59	573.58
789.59	573.58
789.59	573.58
789.59	573.58
789.59	573.58
789.59	573.58
789.59	573.58
789.59	573.58
789.59	573.58
789.59	573.58
789.59	573.58
934.33	615.54
956.98	628.25
978	639.69
1007.92	654.95
1018.43	662.58
1025.71	667.66
1026.52	667.66
1026.52	667.66
1026.52	667.66
1026.52	667.66
1026.52	667.66
1026.52	667.66
1026.52	667.66
1026.52	667.66
1026.52	667.66
1026.52	667.66
1028.13	666.39
1032.99	663.85
1096.87	633.34
1105.76	633.34
1108.99	634.61
1109.8	634.61
1110.61	634.61
1110.61	634.61
1110.61	634.61
1110.61	634.61
1110.61	634.61
1110.61	634.61
1110.61	634.61
1109.8	634.61
1109.8	634.61
1107.38	634.61
1094.44	633.34
967.49	530.36
879.35	436.28
787.98	323.13
775.04	307.88
763.72	297.7
760.48	295.16
747.55	293.89
742.69	295.16
736.22	297.7
712.78	307.88
701.45	314.23
699.84	315.5
698.22	315.5
698.22	315.5
698.22	315.5
698.22	315.5
698.22	315.5
698.22	315.5
698.22	315.5
698.22	315.5
698.22	315.5
698.22	315.5
698.22	315.5
698.22	315.5
698.22	315.5
606.04	419.75
597.14	431.19
592.29	440.09
590.67	445.18
589.87	447.72
588.25	452.81
587.44	454.08
587.44	454.08
586.63	455.35
586.63	455.35
586.63	456.62
583.4	456.62
549.44	460.44
459.68	451.54
367.5	447.72
301.19	450.26
240.55	460.44
234.08	461.71
230.03	461.71
228.42	461.71
228.42	461.71
228.42	460.44
228.42	460.44
228.42	459.16
238.93	450.26
307.66	419.75
346.47	414.67
417.63	423.57
458.06	427.38
529.22	447.72
566.42	473.15
580.97	479.51
583.4	479.51
584.21	479.51
584.21	479.51
589.06	476.96
596.33	474.42
620.59	474.42
707.92	515.1
724.1	532.9
725.71	535.44
728.95	537.99
728.95	537.99
729.76	537.99
729.76	537.99
729.76	537.99
729.76	537.99
729.76	537.99
729.76	537.99
729.76	537.99
726.52	534.17
715.2	520.19
696.6	499.85
684.47	489.68
684.47	489.68
684.47	489.68
683.67	489.68
683.67	489.68
683.67	489.68
683.67	489.68
683.67	489.68
683.67	489.68
683.67	489.68
683.67	489.68
683.67	489.68
683.67	489.68
683.67	489.68
683.67	489.68
683.67	489.68
683.67	489.68
683.67	489.68
683.67	489.68
683.67	489.68
683.67	489.68
683.67	489.68
683.67	489.68
683.67	489.68
683.67	489.68
683.67	489.68
683.67	489.68
683.67	489.68
683.67	489.68
683.67	489.68
683.67	489.68
683.67	489.68
683.67	489.68
683.67	489.68
683.67	489.68
683.67	489.68
683.67	489.68
683.67	489.68
683.67	489.68
681.24	487.13
672.34	482.05
670.73	480.78
668.3	479.51
667.49	478.23
666.68	478.23
666.68	478.23
665.88	478.23
665.88	478.23
665.07	478.23
665.07	478.23
665.07	478.23
665.07	478.23
665.07	476.96
665.07	476.96
661.02	469.33
550.24	386.7
536.5	385.43
511.43	387.97
504.96	389.24
501.73	390.51
500.92	390.51
500.92	390.51
502.54	389.24
511.43	387.97
704.69	398.14
735.42	408.31
746.74	410.85
750.78	413.4
751.59	414.67
755.63	418.48
770.19	433.74
785.55	451.54
791.21	457.89
809.81	474.42
817.89	479.51
828.41	479.51
831.64	479.51
834.88	478.23
838.92	476.96
839.73	476.96
839.73	476.96
838.92	474.42
832.45	469.33
825.17	464.25
786.36	443.91
773.42	438.82
771	437.55
768.57	436.28
766.14	436.28
762.91	435.01
753.21	433.74
741.89	432.47
722.48	431.19
719.24	431.19
718.44	431.19
717.63	431.19
717.63	431.19
717.63	431.19
717.63	429.92
717.63	429.92
719.24	429.92
720.05	429.92
720.05	429.92
720.86	429.92
720.86	429.92
720.86	429.92
720.86	429.92
720.86	429.92
720.86	429.92
720.86	429.92
721.67	429.92
721.67	428.65
723.29	426.11
723.29	423.57
723.29	422.3
723.29	419.75
723.29	418.48
723.29	418.48
723.29	417.21
723.29	417.21
723.29	417.21
723.29	417.21
724.1	417.21
724.1	419.75
726.52	429.92
727.33	432.47
727.33	433.74
728.14	433.74
728.14	433.74
728.14	433.74
728.14	433.74
728.14	433.74
728.14	433.74
728.14	433.74
728.14	433.74
728.14	432.47
728.14	432.47
728.14	432.47
728.14	432.47
728.14	433.74
728.14	435.01
728.14	435.01
728.14	436.28
727.33	437.55
727.33	438.82
727.33	438.82
727.33	438.82
725.71	438.82
721.67	437.55
717.63	437.55
597.14	484.59
547.01	517.65
541.35	524
541.35	524
541.35	522.73
542.16	521.46
542.16	520.19
542.16	518.92
542.97	518.92
543.78	517.65
555.1	504.93
589.87	466.79
595.53	461.71
597.95	459.16
601.19	455.35
601.19	455.35
602	454.08
602	454.08
602	454.08
602	454.08
602	454.08
602	454.08
602	454.08
602	454.08
602	454.08
602	454.08
616.55	457.89
693.37	476.96
769.38	489.68
790.4	480.78
792.83	476.96
796.06	471.88
800.91	462.98
803.34	457.89
814.66	436.28
822.75	423.57
825.98	419.75
828.41	417.21
837.3	417.21
840.54	419.75
841.34	419.75
842.15	422.3
841.34	426.11
815.47	442.64
796.87	445.18
793.64	445.18
792.83	445.18
792.02	445.18
791.21	445.18
789.59	446.45
771.8	466.79
750.78	484.59
710.35	507.47
648.09	532.9
641.62	534.17
636.77	534.17
636.77	534.17
635.15	534.17
635.15	534.17
635.15	534.17
635.15	534.17
635.15	534.17
635.15	534.17
635.15	534.17
635.15	534.17
635.15	534.17
635.15	534.17
635.15	534.17
674.77	257.02
712.78	146.42
761.29	65.05
787.17	32
791.21	29.45
793.64	29.45
795.25	29.45
796.06	29.45
796.06	29.45
796.06	29.45
796.06	30.72
787.17	62.51
743.5	199.81
743.5	199.81
737.84	220.15
737.03	223.97
737.03	223.97
737.03	223.97
737.03	225.24
737.84	229.05
737.84	240.49
734.61	295.16
731.37	333.3
730.56	340.93
730.56	340.93
729.76	338.39
728.14	332.03
720.86	307.88
708.73	273.55
707.11	268.46
707.11	268.46
706.31	268.46
704.69	269.74
701.45	273.55
697.41	277.36
695.79	278.63
694.99	278.63
694.99	278.63
694.18	278.63
694.18	278.63
693.37	278.63
692.56	279.91
649.7	319.32
640.81	326.95
639.19	328.22
639.19	328.22
639.19	328.22
638.38	328.22
638.38	328.22
638.38	328.22
638.38	328.22
638.38	328.22
638.38	328.22
638.38	328.22
636.77	326.95
632.72	325.67
546.2	307.88
503.34	305.33
500.11	305.33
498.49	306.6
489.6	312.96
484.75	316.77
483.94	316.77
483.94	316.77
483.13	316.77
483.13	316.77
483.13	316.77
483.13	316.77
483.13	316.77
483.13	316.77
483.13	316.77
483.13	316.77
483.13	316.77
483.13	316.77
483.13	316.77
483.13	316.77
483.13	316.77
483.13	316.77
483.13	316.77
483.13	316.77
483.13	316.77
483.13	316.77
483.13	316.77
483.13	316.77
483.13	316.77
483.13	316.77
483.13	316.77
483.13	316.77
483.13	316.77
483.13	316.77
483.13	316.77
483.13	316.77
483.13	316.77
483.13	316.77
483.13	316.77
492.83	325.67
533.26	393.05
567.22	485.86
568.03	489.68
568.03	490.95
568.03	490.95
568.03	490.95
568.03	490.95
567.22	490.95
567.22	490.95
563.99	488.4
476.66	348.56
420.06	250.67
411.97	241.77
386.9	236.68
372.35	241.77
357.79	258.29
344.86	278.63
318.17	318.05
318.17	318.05
315.75	319.32
315.75	319.32
315.75	319.32
314.94	318.05
314.94	318.05
314.94	318.05
315.75	316.77
316.56	316.77
316.56	316.77
317.36	316.77
318.17	318.05
318.17	318.05
318.17	318.05
318.17	318.05
400.65	249.39
415.21	240.49
445.12	234.14
509	239.22
531.65	246.85
538.11	250.67
564.8	267.19
599.57	286.26
606.04	295.16
609.27	310.42
611.7	332.03
615.74	380.34
616.55	451.54
615.74	460.44
615.74	466.79
614.93	469.33
614.93	470.61
614.93	470.61
617.36	474.42
619.78	480.78
621.4	485.86
621.4	487.13
621.4	487.13
621.4	488.4
612.51	492.22
579.35	488.4
560.76	479.51
559.95	478.23
559.95	478.23
559.95	478.23
559.95	478.23
559.95	478.23
559.95	478.23
559.95	478.23
559.95	478.23
559.95	478.23
559.95	478.23
559.95	478.23
559.95	478.23
559.95	478.23
559.95	478.23
559.95	478.23
559.95	478.23
559.95	478.23
559.95	478.23
559.95	478.23
559.95	478.23
559.95	478.23
559.95	476.96
559.95	476.96
559.95	476.96
559.95	476.96
559.95	476.96
559.95	476.96
559.95	476.96
559.95	476.96
559.95	476.96
559.95	476.96
559.95	476.96
559.95	476.96
559.95	476.96
551.05	395.6
538.11	307.88
533.26	235.41
536.5	193.46
536.5	192.18
536.5	192.18
537.31	190.91
538.11	190.91
538.92	189.64
538.92	189.64
540.54	189.64
542.97	190.91
544.58	193.46
547.01	197.27
549.44	209.98
549.44	215.07
549.44	223.97
549.44	226.51
549.44	232.87
549.44	235.41
549.44	239.22
549.44	239.22
551.05	240.49
557.52	243.04
572.89	243.04
620.59	226.51
631.11	221.42
640	218.88
651.32	218.88
669.92	220.15
685.28	222.7
720.86	226.51
731.37	227.78
742.69	226.51
749.97	225.24
769.38	223.97
771.8	223.97
773.42	223.97
775.85	223.97
775.85	223.97
776.66	225.24
778.27	229.05
778.27	240.49
768.57	258.29
756.44	273.55
734.61	291.35
727.33	296.43
724.9	297.7
723.29	298.98
721.67	300.25
720.86	301.52
718.44	307.88
715.2	319.32
711.16	333.3
707.92	343.47
706.31	351.1
705.5	353.64
704.69	353.64
704.69	353.64
707.11	354.91
717.63	357.46
724.9	357.46
724.9	357.46
764.53	373.98
773.42	377.8
775.85	377.8
776.66	379.07
776.66	379.07
776.66	379.07
776.66	379.07
776.66	379.07
776.66	379.07
776.66	379.07
776.66	379.07
776.66	379.07
775.85	379.07
775.85	379.07
775.85	379.07
775.85	379.07
775.85	379.07
775.85	379.07
775.85	379.07
775.85	379.07
775.85	379.07
775.85	379.07
775.85	379.07
775.85	379.07
775.85	379.07
775.85	379.07
775.85	379.07
775.85	379.07
775.85	379.07
775.85	379.07
775.85	379.07
775.85	379.07
775.85	379.07
775.85	379.07
775.85	379.07
775.85	379.07
775.85	379.07
775.85	379.07
775.85	379.07
758.87	316.77
713.58	122.26
701.45	45.98
701.45	42.17
703.07	39.62
714.39	40.9
735.42	59.97
771.8	150.23
783.12	251.94
783.93	292.62
781.51	318.05
779.08	328.22
778.27	330.76
775.85	333.3
775.04	334.57
775.04	334.57
774.23	333.3
791.21	325.67
885.01	346.02
918.16	377.8
936.76	408.31
973.15	480.78
982.85	502.39
982.85	502.39
982.85	502.39
982.85	502.39
982.85	502.39
982.85	502.39
982.85	502.39
982.85	502.39
982.85	502.39
982.85	502.39
982.85	502.39
982.85	502.39
982.85	502.39
982.85	502.39
992.55	520.19
999.83	544.34
990.94	578.67
960.21	604.1
868.84	658.76
656.98	674.02
656.98	674.02
475.04	569.77
424.1	465.52
414.4	391.78
414.4	379.07
414.4	379.07
414.4	377.8
416.01	375.26
417.63	371.44
418.44	365.09
424.1	282.45
426.53	268.46
433.8	257.02
438.66	258.29
459.68	274.82
467.77	286.26
482.32	332.03
486.36	349.83
487.17	352.37
487.98	354.91
487.98	354.91
488.79	360
494.45	376.53
496.07	381.61
496.88	385.43
519.52	414.67
523.56	418.48
525.18	419.75
528.41	421.02
531.65	421.02
535.69	422.3
538.11	423.57
541.35	426.11
546.2	429.92
548.63	433.74
555.9	438.82
580.16	451.54
587.44	452.81
590.67	454.08
591.48	454.08
593.1	454.08
594.72	454.08
594.72	454.08
595.53	454.08
595.53	454.08
597.95	455.35
599.57	455.35
602	455.35
604.42	456.62
606.85	456.62
607.66	456.62
607.66	456.62
608.46	456.62
608.46	456.62
607.66	456.62
606.04	456.62
599.57	457.89
597.14	457.89
596.33	457.89
593.91	457.89
592.29	457.89
591.48	457.89
588.25	457.89
582.59	457.89
580.97	457.89
580.97	457.89
579.35	457.89
576.93	457.89
576.12	457.89
575.31	457.89
574.5	457.89
574.5	457.89
574.5	457.89
573.69	457.89
573.69	456.62
564.8	418.48
523.56	366.36
487.17	358.73
413.59	362.54
386.9	361.27
361.84	352.37
357.79	348.56
352.94	342.2
350.52	338.39
348.9	332.03
347.28	319.32
346.47	314.23
344.86	309.15
344.05	307.88
341.62	302.79
339.2	296.43
330.3	277.36
325.45	268.46
321.41	260.84
320.6	259.56
319.79	258.29
318.98	257.02
318.98	255.75
318.17	255.75
318.17	255.75
317.36	255.75
317.36	255.75
318.17	253.21
322.22	250.67
351.33	241.77
410.35	240.49
445.12	248.12
513.05	271.01
536.5	278.63
568.03	290.08
574.5	291.35
582.59	291.35
588.25	290.08
607.66	282.45
656.98	260.84
656.98	260.84
710.35	240.49
715.2	239.22
720.05	237.95
728.14	236.68
738.65	235.41
744.31	235.41
750.78	236.68
764.53	241.77
775.04	248.12
778.27	248.12
779.89	248.12
780.7	248.12
783.12	245.58
784.74	244.31
786.36	244.31
787.98	244.31
790.4	245.58
792.83	246.85
796.87	250.67
800.91	254.48
809.81	277.36
809	282.45
800.11	293.89
790.4	301.52
779.89	306.6
764.53	312.96
762.91	314.23
761.29	316.77
760.48	318.05
758.06	324.4
750.78	335.84
740.27	351.1
697.41	390.51
661.02	426.11
644.85	437.55
617.36	450.26
594.72	456.62
591.48	456.62
585.82	456.62
578.55	455.35
570.46	454.08
552.67	451.54
531.65	448.99
525.99	446.45
524.37	445.18
522.75	445.18
521.94	443.91
521.13	442.64
521.13	442.64
520.33	441.37
513.86	441.37
483.94	441.37
461.3	441.37
454.83	441.37
449.17	441.37
435.42	445.18
424.91	447.72
417.63	448.99
397.42	447.72
388.52	445.18
384.48	445.18
382.05	445.18
379.63	446.45
378.01	447.72
371.54	451.54
354.56	460.44
349.71	461.71
347.28	460.44
346.47	459.16
345.67	459.16
345.67	459.16
344.86	459.16
344.05	459.16
343.24	459.16
343.24	459.16
343.24	459.16
342.43	459.16
342.43	457.89
343.24	457.89
347.28	457.89
354.56	457.89
373.97	460.44
382.86	459.16
387.71	457.89
390.95	457.89
391.76	456.62
392.56	456.62
394.18	455.35
397.42	450.26
408.74	438.82
438.66	423.57
455.64	423.57
483.13	427.38
490.41	429.92
517.09	426.11
662.64	373.98
786.36	302.79
859.13	257.02
928.67	240.49
936.76	241.77
940.8	241.77
941.61	241.77
942.42	240.49
942.42	240.49
942.42	240.49
942.42	239.22
942.42	236.68
942.42	229.05
940.8	225.24
939.99	222.7
935.95	220.15
930.29	217.61
925.44	217.61
923.01	218.88
919.78	221.42
915.74	229.05
914.12	232.87
912.5	241.77
912.5	245.58
912.5	246.85
912.5	249.39
912.5	250.67
912.5	250.67
912.5	250.67
912.5	250.67
912.5	250.67
912.5	249.39
912.5	248.12
912.5	248.12
903.61	246.85
857.52	260.84
842.96	273.55
834.88	286.26
834.88	286.26
821.94	312.96
819.51	319.32
817.09	321.86
813.85	325.67
808.19	329.49
772.61	346.02
737.84	352.37
717.63	348.56
712.78	346.02
709.54	340.93
708.73	340.93
708.73	338.39
713.58	319.32
718.44	298.98
719.24	296.43
719.24	296.43
719.24	295.16
720.05	292.62
723.29	290.08
724.9	288.81
726.52	288.81
728.14	291.35
725.71	318.05
700.65	379.07
661.83	423.57
635.15	445.18
632.72	445.18
631.91	446.45
631.91	446.45
631.91	446.45
632.72	446.45
639.19	448.99
665.07	454.08
698.22	464.25
698.22	464.25
729.76	468.06
748.35	469.33
763.72	470.61
771	471.88
771.8	470.61
772.61	470.61
773.42	468.06
775.04	466.79
776.66	462.98
778.27	456.62
778.27	455.35
778.27	454.08
777.46	450.26
777.46	450.26
734.61	414.67
729.76	412.12
724.1	412.12
715.2	409.58
702.26	404.5
693.37	398.14
686.09	386.7
677.2	371.44
669.11	349.83
665.07	329.49
663.45	320.59
661.83	316.77
661.83	316.77
661.83	315.5
661.83	315.5
661.83	315.5
661.83	315.5
661.83	315.5
661.83	315.5
661.83	315.5
661.83	315.5
661.83	315.5
661.83	315.5
661.83	315.5
640	307.88
600.38	320.59
589.06	334.57
585.01	389.24
587.44	400.68
595.53	413.4
606.04	423.57
633.53	436.28
644.85	437.55
652.13	437.55
658.6	435.01
678	421.02
691.75	408.31
696.6	400.68
699.84	396.87
702.26	394.33
703.88	394.33
705.5	395.6
712.78	417.21
715.2	436.28
716.01	462.98
714.39	475.69
711.97	489.68
708.73	498.58
707.92	499.85
703.88	497.3
703.88	497.3
707.11	413.4
710.35	404.5
714.39	396.87
717.63	393.05
720.86	390.51
724.9	387.97
727.33	385.43
729.76	382.88
730.56	382.88
732.18	379.07
732.18	379.07
732.18	377.8
732.99	377.8
732.99	377.8
732.18	379.07
731.37	380.34
730.56	382.88
730.56	382.88
729.76	382.88
729.76	384.16
728.95	384.16
728.95	384.16
728.14	385.43
728.14	385.43
727.33	387.97
726.52	390.51
725.71	394.33
721.67	400.68
719.24	403.23
714.39	405.77
709.54	407.04
661.02	403.23
653.75	400.68
648.89	399.41
647.28	399.41
644.85	399.41
609.27	414.67
542.16	445.18
491.22	462.98
474.23	468.06
471.81	469.33
467.77	473.15
466.15	478.23
462.91	493.49
459.68	517.65
454.83	546.89
452.4	558.33
437.85	595.2
433.8	601.55
433.8	601.55
433.8	601.55
433.8	601.55
433.8	601.55
433.8	601.55
433.8	601.55
433.8	601.55
433.8	601.55
433.8	601.55
433.8	601.55
433.8	601.55
436.23	578.67
445.12	503.66
473.43	396.87
515.47	351.1
541.35	334.57
596.33	311.69
596.33	311.69
596.33	311.69
593.1	314.23
501.73	372.71
501.73	372.71
407.93	424.84
398.23	429.92
396.61	431.19
396.61	431.19
396.61	431.19
406.31	432.47
441.08	435.01
513.86	442.64
513.86	442.64
606.85	427.38
623.83	423.57
666.68	413.4
675.58	410.85
675.58	410.85
694.99	409.58
711.16	410.85
749.97	417.21
834.88	454.08
841.34	457.89
842.15	457.89
842.15	457.89
842.15	457.89
842.15	457.89
842.15	457.89
842.15	457.89
842.15	457.89
842.15	457.89
842.15	457.89
842.15	457.89
842.15	457.89
851.05	459.16
881.77	461.71
885.82	462.98
885.82	462.98
885.01	462.98
875.31	466.79
830.83	482.05
829.22	482.05
829.22	482.05
828.41	482.05
834.88	482.05
944.85	507.47
969.1	521.46
1023.28	550.7
1052.39	572.31
1061.29	582.48
1061.29	582.48
1069.37	590.11
1070.99	592.65
1071.8	592.65
1072.61	593.93
1072.61	593.93
1072.61	593.93
1072.61	593.93
1072.61	593.93
1072.61	593.93
1072.61	593.93
1072.61	593.93
1072.61	593.93
1065.33	593.93
789.59	574.86
789.59	574.86
680.43	569.77
661.02	567.23
657.79	565.96
655.36	565.96
652.94	564.68
652.13	562.14
652.13	562.14
652.13	562.14
652.13	562.14
652.13	562.14
652.13	562.14
652.13	562.14
652.13	562.14
652.13	562.14
652.13	562.14
652.13	562.14
632.72	535.44
604.42	492.22
593.1	468.06
589.87	445.18
589.87	442.64
592.29	440.09
594.72	440.09
606.04	464.25
606.85	492.22
580.16	559.6
500.11	635.88
417.63	680.38
365.07	681.65
331.92	656.22
327.88	644.78
325.45	628.25
324.64	621.89
324.64	620.62
324.64	619.35
324.64	618.08
324.64	618.08
327.07	611.72
335.15	592.65
376.39	518.92
394.99	494.76
402.27	488.4
405.5	487.13
409.55	487.13
411.16	487.13
414.4	485.86
431.38	466.79
500.92	358.73
545.39	290.08
580.97	241.77
609.27	213.8
625.44	203.63
661.02	206.17
673.96	211.25
685.28	217.61
696.6	223.97
701.45	226.51
702.26	227.78
703.07	227.78
703.07	227.78
703.07	227.78
703.07	227.78
657.79	269.74
626.25	293.89
509.81	377.8
477.47	404.5
477.47	404.5
464.53	424.84
462.91	428.65
461.3	435.01
462.11	437.55
465.34	440.09
475.04	445.18
496.88	448.99
504.15	450.26
504.96	450.26
505.77	450.26
506.58	450.26
512.24	455.35
522.75	459.16
603.61	446.45
606.85	446.45
608.46	446.45
610.89	447.72
613.32	448.99
614.12	451.54
614.12	455.35
593.91	497.3
534.88	564.68
463.72	585.03
435.42	585.03
424.91	583.75
423.29	583.75
416.82	581.21
416.82	581.21
413.59	577.4
411.97	574.86
411.97	574.86
427.34	555.79
475.04	527.82
475.04	527.82
542.16	520.19
579.35	518.92
623.83	513.83
659.41	508.75
697.41	506.2
718.44	508.75
742.69	516.37
753.21	521.46
758.87	524
763.72	525.27
766.95	525.27
770.19	525.27
777.46	524
784.74	524
788.78	524
797.68	527.82
802.53	529.09
802.53	529.09
802.53	530.36
802.53	530.36
802.53	530.36
802.53	530.36
802.53	530.36
802.53	530.36
802.53	530.36
802.53	530.36
802.53	530.36
802.53	530.36
802.53	530.36
802.53	530.36
802.53	530.36
802.53	530.36
802.53	530.36
802.53	530.36
802.53	530.36
802.53	530.36
802.53	530.36
827.6	539.26
842.15	545.61
843.77	545.61
847.81	544.34
850.24	544.34
850.24	544.34
850.24	544.34
850.24	544.34
850.24	543.07
850.24	543.07
846.2	541.8
797.68	534.17
754.82	525.27
749.16	522.73
743.5	525.27
715.2	539.26
580.97	558.33
500.11	545.61
420.87	518.92
369.92	492.22
352.94	466.79
344.05	447.72
337.58	422.3
333.54	372.71
333.54	351.1
333.54	349.83
333.54	348.56
334.34	347.29
334.34	346.02
334.34	344.74
334.34	343.47
337.58	338.39
344.86	325.67
353.75	311.69
403.08	277.36
409.55	277.36
411.97	279.91
413.59	282.45
418.44	307.88
418.44	307.88
416.01	332.03
414.4	338.39
411.97	346.02
407.12	367.63
403.08	382.88
399.03	393.05
385.29	427.38
385.29	427.38
378.01	442.64
377.2	442.64
377.2	442.64
377.2	443.91
377.2	448.99
377.2	464.25
377.2	479.51
377.2	501.12
377.2	513.83
377.2	516.37
377.2	517.65
377.2	517.65
377.2	517.65
378.01	516.37
381.24	513.83
397.42	502.39
427.34	489.68
451.59	488.4
465.34	489.68
503.34	494.76
538.11	503.66
552.67	510.02
578.55	512.56
585.01	513.83
594.72	513.83
619.78	512.56
636.77	513.83
661.02	517.65
666.68	520.19
667.49	520.19
667.49	520.19
667.49	520.19
667.49	520.19
667.49	520.19
667.49	520.19
667.49	520.19
667.49	520.19
667.49	520.19
720.86	502.39
720.86	502.39
758.06	497.3
784.74	497.3
789.59	498.58
792.02	498.58
792.02	498.58
792.02	498.58
792.02	498.58
793.64	499.85
798.49	501.12
801.72	502.39
803.34	503.66
812.23	508.75
819.51	511.29
826.79	510.02
834.07	506.2
839.73	502.39
842.15	498.58
846.2	493.49
847.81	484.59
844.58	448.99
815.47	367.63
737.03	293.89
714.39	284.99
703.07	284.99
678	284.99
652.94	290.08
623.83	296.43
623.83	296.43
592.29	307.88
592.29	307.88
574.5	318.05
566.42	324.4
566.42	324.4
553.48	353.64
548.63	376.53
548.63	376.53
537.31	435.01
536.5	437.55
536.5	437.55
536.5	438.82
535.69	442.64
534.88	457.89
534.88	506.2
535.69	524
535.69	529.09
535.69	531.63
535.69	531.63
535.69	531.63
535.69	531.63
535.69	531.63
536.5	532.9
540.54	536.72
559.14	535.44
568.84	532.9
596.33	526.54
596.33	526.54
625.44	527.82
635.15	527.82
656.17	530.36
675.58	531.63
686.9	534.17
711.16	535.44
765.33	539.26
779.89	539.26
796.06	539.26
800.11	539.26
801.72	539.26
802.53	537.99
802.53	537.99
802.53	536.72
802.53	532.9
801.72	529.09
800.91	524
800.11	522.73
795.25	521.46
783.93	521.46
762.1	527.82
731.37	536.72
712.78	540.53
682.05	544.34
651.32	549.43
630.3	553.24
623.02	555.79
609.27	559.6
603.61	562.14
597.95	563.41
592.29	565.96
581.78	571.04
581.78	571.04
565.61	577.4
561.56	578.67
558.33	578.67
555.9	578.67
554.29	578.67
553.48	578.67
555.1	574.86
563.18	565.96
612.51	536.72
634.34	530.36
708.73	520.19
728.95	521.46
749.97	521.46
749.97	521.46
778.27	524
778.27	524
779.08	524
779.89	524
779.89	524
779.08	524
779.08	524
742.69	521.46
648.89	535.44
572.08	560.87
554.29	564.68
551.86	564.68
550.24	563.41
550.24	563.41
550.24	563.41
550.24	563.41
550.24	563.41
550.24	563.41
549.44	562.14
549.44	562.14
549.44	562.14
550.24	550.7
554.29	512.56
571.27	441.37
584.21	422.3
604.42	412.12
619.78	412.12
628.68	417.21
632.72	421.02
635.15	426.11
640	443.91
644.04	468.06
648.89	517.65
650.51	524
651.32	526.54
652.94	529.09
658.6	530.36
673.96	529.09
686.9	527.82
692.56	527.82
694.99	527.82
697.41	526.54
697.41	526.54
706.31	522.73
706.31	522.73
719.24	518.92
724.1	517.65
725.71	517.65
725.71	517.65
725.71	517.65
725.71	517.65
725.71	517.65
725.71	517.65
725.71	518.92
722.48	524
722.48	524
684.47	564.68
673.15	574.86
671.54	577.4
670.73	577.4
669.92	577.4
669.92	577.4
669.92	577.4
669.92	577.4
669.92	577.4
669.92	577.4
669.92	577.4
669.92	577.4
669.92	577.4
669.92	577.4
669.92	577.4
669.92	577.4
669.92	577.4
669.92	577.4
669.92	577.4
669.92	577.4
669.92	577.4
669.92	577.4
669.92	577.4
669.92	577.4
633.53	465.52
633.53	465.52
583.4	288.81
582.59	281.18
583.4	278.63
585.82	277.36
609.27	278.63
636.77	281.18
656.17	283.72
658.6	284.99
659.41	286.26
658.6	287.53
634.34	298.98
496.07	340.93
444.32	347.29
403.08	346.02
370.73	342.2
369.12	342.2
369.12	340.93
368.31	340.93
368.31	340.93
368.31	340.93
368.31	340.93
368.31	340.93
368.31	340.93
368.31	340.93
369.12	342.2
382.05	358.73
390.95	365.09
411.16	372.71
441.08	367.63
462.91	353.64
475.04	346.02
487.98	338.39
494.45	334.57
503.34	334.57
525.99	337.12
544.58	343.47
546.2	344.74
546.2	344.74
546.2	344.74
546.2	344.74
546.2	344.74
546.2	344.74
546.2	344.74
546.2	344.74
546.2	344.74
546.2	344.74
546.2	344.74
546.2	344.74
558.33	358.73
576.93	375.26
582.59	380.34
591.48	385.43
591.48	385.43
595.53	387.97
600.38	390.51
614.12	398.14
624.64	404.5
631.11	409.58
653.75	426.11
663.45	437.55
671.54	446.45
683.67	461.71
697.41	478.23
699.03	482.05
699.03	482.05
699.03	482.05
699.03	482.05
699.03	482.05
699.03	482.05
699.03	482.05
699.03	482.05
699.03	482.05
699.03	482.05
699.03	482.05
699.03	482.05
699.03	482.05
699.03	482.05
700.65	483.32
701.45	483.32
702.26	483.32
702.26	483.32
702.26	483.32
702.26	483.32
702.26	483.32
702.26	483.32
702.26	483.32
702.26	483.32
702.26	483.32
702.26	483.32
702.26	483.32
702.26	483.32
703.88	479.51
703.88	476.96
704.69	471.88
705.5	468.06
705.5	466.79
705.5	466.79
705.5	465.52
705.5	465.52
705.5	465.52
705.5	465.52
705.5	465.52
705.5	465.52
705.5	465.52
705.5	465.52
705.5	465.52
705.5	465.52
705.5	465.52
705.5	465.52
705.5	465.52
705.5	465.52
572.08	376.53
504.15	340.93
479.89	326.95
476.66	325.67
476.66	325.67
476.66	325.67
476.66	325.67
477.47	325.67
479.09	326.95
479.09	326.95
479.09	326.95
479.09	326.95
479.89	326.95
482.32	329.49
486.36	332.03
487.17	333.3
487.98	333.3
487.98	333.3
487.98	333.3
487.98	333.3
487.98	333.3
487.98	333.3
487.98	333.3
487.98	333.3
487.98	333.3
487.98	333.3
487.98	333.3
487.98	333.3
487.98	333.3
479.89	337.12
437.85	352.37
400.65	395.6
400.65	395.6
407.93	413.4
423.29	419.75
568.84	413.4
602.8	407.04
631.11	400.68
636.77	396.87
638.38	394.33
639.19	390.51
639.19	386.7
639.19	384.16
639.19	382.88
639.19	381.61
639.19	381.61
639.19	380.34
639.19	380.34
639.19	380.34
639.19	380.34
639.19	380.34
639.19	380.34
638.38	381.61
636.77	386.7
626.25	418.48
615.74	460.44
614.93	466.79
614.93	471.88
614.93	471.88
615.74	474.42
616.55	475.69
616.55	475.69
616.55	475.69
616.55	475.69
616.55	475.69
616.55	475.69
616.55	475.69
616.55	475.69
616.55	475.69
616.55	475.69
616.55	475.69
616.55	475.69
616.55	475.69
618.98	474.42
624.64	471.88
631.91	471.88
644.85	471.88
646.47	471.88
646.47	471.88
646.47	471.88
646.47	471.88
646.47	471.88
677.2	480.78
700.65	489.68
706.31	490.95
716.01	493.49
726.52	497.3
737.03	499.85
737.03	499.85
737.03	499.85
737.03	499.85
737.03	499.85
737.03	499.85
737.03	499.85
737.03	499.85
737.03	499.85
740.27	501.12
742.69	502.39
742.69	502.39
743.5	503.66
743.5	503.66
739.46	503.66
682.86	497.3
635.96	488.4
632.72	485.86
629.49	480.78
618.17	446.45
608.46	393.05
607.66	382.88
608.46	375.26
610.08	371.44
610.08	370.17
610.08	368.9
610.08	368.9
610.08	367.63
610.08	367.63
610.08	366.36
608.46	365.09
602.8	365.09
596.33	365.09
586.63	363.81
585.82	363.81
580.16	361.27
579.35	361.27
577.74	360
577.74	360
577.74	360
576.93	360
576.93	360
576.12	360
576.12	360
574.5	360
573.69	360
572.89	360
572.89	360
574.5	357.46
578.55	351.1
582.59	337.12
583.4	329.49
583.4	329.49
581.78	315.5
580.97	311.69
580.16	309.15
580.16	309.15
580.97	306.6
584.21	304.06
606.04	301.52
627.87	304.06
659.41	309.15
690.13	315.5
690.13	315.5
803.34	376.53
825.98	393.05
838.11	401.95
843.77	407.04
847	409.58
848.62	410.85
851.05	413.4
851.05	413.4
852.66	415.94
852.66	415.94
852.66	415.94
852.66	415.94
852.66	415.94
852.66	415.94
852.66	415.94
851.86	417.21
842.15	409.58
838.92	404.5
830.83	382.88
830.02	376.53
830.02	376.53
830.83	376.53
833.26	381.61
824.36	462.98
807.38	522.73
805.77	527.82
804.96	529.09
804.96	530.36
804.96	530.36
804.96	531.63
804.96	531.63
804.96	531.63
804.96	531.63
805.77	530.36
807.38	521.46
807.38	521.46
809	488.4
809.81	484.59
809.81	483.32
809.81	480.78
801.72	479.51
743.5	482.05
743.5	482.05
696.6	476.96
689.33	473.15
686.09	470.61
685.28	469.33
684.47	468.06
682.86	464.25
672.34	415.94
667.49	396.87
665.07	386.7
663.45	381.61
661.83	379.07
660.22	376.53
656.17	375.26
648.89	375.26
646.47	376.53
645.66	376.53
649.7	376.53
805.77	349.83
805.77	349.83
959.4	290.08
989.32	279.91
994.17	282.45
994.17	282.45
996.6	284.99
996.6	291.35
996.6	297.7
997.41	301.52
998.21	307.88
999.83	315.5
1001.45	319.32
1003.07	340.93
996.6	373.98
988.51	389.24
988.51	389.24
977.19	393.05
974.77	391.78
973.96	390.51
973.15	390.51
973.15	389.24
973.15	389.24
973.15	389.24
973.15	389.24
973.15	389.24
973.15	389.24
972.34	389.24
972.34	389.24
972.34	389.24
972.34	389.24
972.34	389.24
972.34	389.24
972.34	389.24
972.34	389.24
972.34	389.24
972.34	389.24
972.34	389.24
923.01	380.34
786.36	362.54
764.53	363.81
761.29	363.81
760.48	363.81
760.48	363.81
760.48	363.81
760.48	363.81
760.48	362.54
760.48	362.54
760.48	362.54
760.48	362.54
760.48	362.54
760.48	362.54
760.48	362.54
760.48	362.54
760.48	362.54
760.48	362.54
760.48	362.54
790.4	366.36
889.05	367.63
934.33	361.27
978.81	347.29
991.75	340.93
997.41	338.39
1001.45	337.12
1003.88	337.12
1003.88	337.12
1004.68	337.12
1006.3	337.12
1007.11	337.12
1007.92	337.12
1007.92	337.12
1007.92	337.12
1007.92	337.12
1007.92	337.12
1007.92	338.39
999.02	343.47
924.63	344.74
834.07	318.05
732.99	282.45
716.01	274.82
704.69	268.46
701.45	265.92
701.45	265.92
698.22	263.38
697.41	262.11
697.41	262.11
696.6	262.11
696.6	262.11
695.79	262.11
695.79	262.11
695.79	262.11
695.79	262.11
695.79	262.11
694.99	263.38
694.18	263.38
694.18	263.38
694.18	263.38
720.86	204.9
741.08	169.3
751.59	159.13
756.44	157.86
758.06	157.86
758.06	157.86
758.06	157.86
757.25	157.86
737.84	171.84
702.26	192.18
685.28	201.08
682.05	202.35
682.05	202.35
681.24	202.35
681.24	202.35
679.62	204.9
679.62	204.9
652.13	253.21
642.43	267.19
639.19	274.82
637.57	282.45
636.77	298.98
640	319.32
646.47	335.84
652.13	348.56
657.79	354.91
661.83	360
666.68	363.81
668.3	363.81
669.92	365.09
670.73	365.09
671.54	365.09
677.2	367.63
687.71	373.98
707.92	387.97
754.01	426.11
773.42	448.99
781.51	459.16
783.12	460.44
785.55	474.42
783.12	484.59
783.12	484.59
614.93	634.61
575.31	657.49
556.71	663.85
550.24	663.85
547.01	661.31
544.58	654.95
544.58	646.05
544.58	646.05
547.82	621.89
547.82	607.91
547.01	597.74
543.78	586.3
543.78	586.3
530.84	563.41
520.33	540.53
514.67	499.85
514.67	474.42
521.13	446.45
526.79	435.01
529.22	431.19
532.45	428.65
538.11	426.11
578.55	419.75
602.8	417.21
623.83	418.48
634.34	419.75
694.99	440.09
704.69	443.91
704.69	443.91
734.61	457.89
745.93	461.71
762.91	465.52
792.02	473.15
804.15	475.69
809.81	476.96
817.89	478.23
824.36	480.78
828.41	480.78
832.45	482.05
834.07	482.05
834.88	482.05
834.88	482.05
834.88	482.05
834.88	482.05
834.88	482.05
834.88	482.05
834.88	482.05
834.88	482.05
834.88	482.05
834.88	482.05
834.88	482.05
834.88	482.05
834.88	482.05
829.22	478.23
829.22	478.23
814.66	473.15
814.66	473.15
796.06	473.15
766.14	476.96
733.8	468.06
733.8	468.06
706.31	446.45
686.09	409.58
679.62	382.88
675.58	334.57
675.58	296.43
685.28	257.02
693.37	235.41
694.99	230.32
696.6	227.78
699.03	226.51
700.65	225.24
702.26	223.97
704.69	222.7
707.11	222.7
709.54	222.7
711.16	223.97
711.97	225.24
713.58	227.78
714.39	231.6
717.63	243.04
719.24	249.39
722.48	254.48
739.46	271.01
749.97	277.36
782.32	295.16
782.32	295.16
801.72	306.6
804.15	307.88
805.77	307.88
805.77	307.88
805.77	307.88
805.77	307.88
805.77	307.88
805.77	307.88
805.77	307.88
805.77	307.88
805.77	307.88
805.77	307.88
805.77	307.88
805.77	307.88
805.77	307.88
805.77	307.88
787.98	307.88
787.98	307.88
752.4	305.33
741.89	305.33
737.84	306.6
737.03	306.6
736.22	306.6
736.22	306.6
735.42	306.6
734.61	306.6
734.61	306.6
734.61	306.6
734.61	306.6
734.61	306.6
734.61	306.6
734.61	306.6
734.61	306.6
734.61	306.6
734.61	306.6
734.61	306.6
734.61	306.6
734.61	306.6
734.61	306.6
734.61	306.6
734.61	306.6
734.61	306.6
734.61	306.6
734.61	306.6
734.61	306.6
734.61	306.6
734.61	306.6
734.61	306.6
734.61	306.6
734.61	306.6
732.99	306.6
678	297.7
585.82	255.75
551.05	225.24
532.45	198.54
527.6	193.46
525.99	190.91
525.18	190.91
525.18	190.91
525.18	190.91
525.18	190.91
525.18	190.91
525.18	190.91
525.18	190.91
525.18	190.91
525.18	190.91
525.18	190.91
525.18	190.91
525.18	190.91
525.18	190.91
525.18	190.91
525.18	190.91
525.18	190.91
525.18	190.91
525.18	190.91
525.18	190.91
525.18	190.91
525.18	190.91
525.18	190.91
525.18	190.91
525.18	190.91
525.18	190.91
525.18	190.91
525.18	190.91
525.18	190.91
525.18	190.91
525.18	190.91
525.18	190.91
525.18	190.91
525.18	190.91
525.18	190.91
525.18	190.91
525.18	190.91
525.18	190.91
525.18	190.91
525.18	190.91
525.18	190.91
525.18	190.91
525.18	190.91
525.18	190.91
525.18	190.91
525.18	190.91
525.18	190.91
525.18	190.91
525.18	190.91
525.18	190.91
525.18	190.91
525.18	190.91
525.18	190.91
525.18	190.91
525.18	190.91
525.18	190.91
525.18	190.91
525.18	190.91
525.18	190.91
633.53	334.57
633.53	334.57
698.22	414.67
704.69	422.3
706.31	424.84
706.31	424.84
706.31	424.84
706.31	424.84
706.31	424.84
706.31	424.84
706.31	424.84
706.31	423.57
706.31	423.57
706.31	423.57
706.31	423.57
705.5	422.3
682.86	414.67
682.86	414.67
661.83	409.58
654.56	412.12
651.32	412.12
648.09	413.4
645.66	414.67
641.62	419.75
638.38	424.84
632.72	437.55
618.17	512.56
615.74	536.72
615.74	536.72
616.55	549.43
617.36	553.24
619.78	557.06
625.44	560.87
635.96	565.96
647.28	569.77
651.32	572.31
656.17	572.31
664.26	572.31
674.77	568.5
679.62	565.96
682.86	563.41
690.94	555.79
706.31	541.8
706.31	541.8
709.54	537.99
712.78	535.44
715.2	532.9
718.44	527.82
722.48	524
725.71	520.19
728.14	518.92
731.37	516.37
732.99	516.37
733.8	515.1
733.8	515.1
733.8	515.1
733.8	515.1
733.8	515.1
733.8	515.1
733.8	515.1
733.8	515.1
733.8	515.1
733.8	515.1
733.8	515.1
733.8	515.1
733.8	515.1
733.8	515.1
733.8	515.1
733.8	515.1
733.8	515.1
733.8	515.1
733.8	515.1
733.8	515.1
733.8	515.1
733.8	515.1
733.8	515.1
733.8	515.1
733.8	515.1
733.8	515.1
733.8	515.1
733.8	515.1
733.8	515.1
771	476.96
771	476.96
854.28	407.04
872.07	395.6
885.82	394.33
885.82	394.33
891.48	394.33
891.48	394.33
891.48	394.33
890.67	395.6
886.63	403.23
879.35	412.12
840.54	436.28
840.54	436.28
837.3	436.28
837.3	436.28
836.49	436.28
836.49	436.28
836.49	436.28
836.49	436.28
836.49	436.28
836.49	436.28
836.49	436.28
836.49	436.28
836.49	436.28
836.49	436.28
836.49	436.28
836.49	436.28
836.49	436.28
836.49	436.28
836.49	436.28
836.49	436.28
836.49	436.28
836.49	436.28
836.49	436.28
836.49	436.28
836.49	436.28
836.49	436.28
836.49	436.28
836.49	436.28
745.12	442.64
629.49	445.18
584.21	448.99
575.31	450.26
572.89	451.54
572.89	451.54
572.08	451.54
572.08	451.54
572.08	450.26
572.08	450.26
572.08	450.26
572.08	450.26
572.08	450.26
572.89	450.26
576.93	450.26
635.15	464.25
635.15	464.25
637.57	474.42
635.15	498.58
630.3	517.65
623.83	537.99
619.78	551.97
619.78	551.97
617.36	559.6
616.55	560.87
616.55	560.87
617.36	558.33
619.78	543.07
622.21	530.36
624.64	517.65
627.06	504.93
628.68	489.68
631.11	447.72
631.91	427.38
632.72	417.21
632.72	417.21
632.72	396.87
631.91	386.7
631.91	382.88
631.91	377.8
631.11	372.71
631.11	363.81
631.11	337.12
631.11	323.13
630.3	309.15
630.3	309.15
627.87	288.81
619.78	237.95
615.74	216.34
606.85	174.39
600.38	141.33
598.76	123.53
597.95	118.45
597.95	117.18
597.95	115.9
597.95	115.9
597.95	115.9
597.95	115.9
597.95	115.9
597.95	115.9
597.95	115.9
597.95	115.9
597.95	115.9
597.95	115.9
597.95	115.9
597.95	115.9
597.95	115.9
597.95	115.9
597.95	115.9
597.95	115.9
597.95	115.9
597.95	115.9
576.12	26.91
0	0
0	0
0	0
0	0
0	0
0	0
0	0
0	0
0	0
0	0
0	0
0	0
0	0
0	0
0	0
0	0
0	0
0	0
0	0
0	0
626.25	159.13
628.68	180.74
629.49	187.1
629.49	187.1
629.49	202.35
629.49	207.44
629.49	207.44
629.49	208.71
629.49	213.8
630.3	220.15
631.11	231.6
631.91	239.22
631.91	244.31
630.3	253.21
629.49	253.21
629.49	253.21
629.49	253.21
627.06	258.29
621.4	268.46
583.4	302.79
539.73	314.23
522.75	314.23
520.33	314.23
520.33	314.23
517.9	314.23
515.47	315.5
511.43	316.77
507.39	318.05
507.39	318.05
500.92	321.86
493.64	325.67
480.7	334.57
478.28	338.39
474.23	362.54
472.62	421.02
473.43	431.19
473.43	433.74
473.43	433.74
473.43	433.74
473.43	433.74
474.23	438.82
475.04	441.37
475.85	445.18
477.47	452.81
479.89	461.71
479.89	464.25
479.89	464.25
479.89	464.25
479.89	464.25
479.89	464.25
479.89	464.25
479.89	464.25
479.89	464.25
479.89	464.25
479.89	464.25
479.89	464.25
479.89	464.25
479.89	464.25
479.89	464.25
479.89	464.25
479.89	464.25
479.89	464.25
479.89	464.25
479.89	464.25
479.89	464.25
479.89	464.25
479.89	464.25
479.89	464.25
479.89	464.25
479.89	464.25
479.89	464.25
479.89	464.25
497.68	440.09
507.39	428.65
517.09	422.3
520.33	419.75
521.94	418.48
521.94	418.48
522.75	418.48
525.18	418.48
527.6	418.48
527.6	418.48
527.6	418.48
527.6	418.48
528.41	418.48
528.41	418.48
528.41	418.48
528.41	418.48
528.41	418.48
528.41	418.48
528.41	418.48
528.41	419.75
528.41	424.84
527.6	431.19
522.75	466.79
522.75	466.79
521.13	474.42
521.13	478.23
521.13	480.78
521.13	483.32
521.13	484.59
521.13	488.4
520.33	494.76
520.33	499.85
519.52	503.66
519.52	506.2
519.52	506.2
519.52	507.47
519.52	507.47
519.52	507.47
519.52	507.47
519.52	507.47
519.52	507.47
519.52	507.47
519.52	507.47
519.52	507.47
519.52	507.47
519.52	507.47
517.9	506.2
508.2	492.22
485.56	436.28
471	385.43
467.77	368.9
469.38	349.83
487.17	301.52
498.49	283.72
513.86	273.55
537.31	277.36
542.97	281.18
548.63	286.26
559.14	297.7
569.65	311.69
571.27	314.23
573.69	318.05
573.69	319.32
574.5	321.86
575.31	323.13
587.44	332.03
587.44	332.03
656.98	343.47
682.86	344.74
700.65	346.02
700.65	346.02
716.01	351.1
720.86	354.91
729.76	365.09
734.61	371.44
737.03	375.26
737.03	379.07
732.18	390.51
732.18	390.51
703.07	427.38
661.02	447.72
661.02	447.72
645.66	452.81
639.19	455.35
633.53	454.08
629.49	454.08
626.25	454.08
623.02	452.81
622.21	452.81
621.4	452.81
621.4	452.81
620.59	452.81
620.59	452.81
619.78	452.81
619.78	452.81
619.78	452.81
619.78	452.81
619.78	452.81
618.17	452.81
602.8	450.26
587.44	446.45
576.93	445.18
559.14	445.18
549.44	446.45
545.39	446.45
543.78	446.45
542.97	446.45
542.16	446.45
541.35	446.45
541.35	446.45
540.54	445.18
540.54	445.18
541.35	441.37
541.35	440.09
541.35	440.09
541.35	438.82
541.35	437.55
540.54	437.55
537.31	437.55
537.31	437.55
521.94	440.09
520.33	440.09
510.62	440.09
390.14	415.94
388.52	414.67
387.71	414.67
387.71	414.67
387.71	414.67
387.71	414.67
387.71	414.67
387.71	414.67
388.52	414.67
407.12	404.5
417.63	399.41
417.63	399.41
430.57	395.6
451.59	387.97
471.81	384.16
491.22	380.34
531.65	373.98
560.76	373.98
601.19	370.17
635.15	368.9
669.11	366.36
690.94	366.36
712.78	365.09
737.03	366.36
740.27	367.63
740.27	367.63
740.27	367.63
740.27	367.63
740.27	367.63
740.27	367.63
740.27	367.63
740.27	367.63
740.27	367.63
740.27	367.63
740.27	367.63
740.27	367.63
740.27	367.63
763.72	357.46
815.47	334.57
875.31	320.59
880.16	320.59
893.9	319.32
893.9	319.32
899.56	319.32
899.56	319.32
899.56	319.32
899.56	319.32
899.56	319.32
900.37	319.32
904.42	320.59
913.31	326.95
915.74	328.22
916.55	330.76
917.35	334.57
918.16	348.56
917.35	353.64
917.35	357.46
916.55	360
915.74	363.81
914.12	366.36
864.79	393.05
809.81	399.41
758.06	398.14
739.46	398.14
739.46	398.14
722.48	398.14
693.37	400.68
685.28	400.68
682.86	400.68
680.43	399.41
680.43	399.41
680.43	399.41
680.43	399.41
680.43	399.41
680.43	399.41
680.43	399.41
680.43	399.41
680.43	399.41
680.43	399.41
680.43	399.41
680.43	399.41
680.43	399.41
680.43	399.41
680.43	399.41
680.43	399.41
680.43	399.41
680.43	399.41
680.43	399.41
