0	0
0	0
0	0
0	0
0	0
0	0
0	0
0	0
0	0
0	0
0	0
0	0
0	0
0	0
0	0
0	0
0	0
0	0
0	0
0	0
0	0
0	0
0	0
0	0
0	0
0	0
0	0
0	0
0	0
645.29	358.01
645.29	358.01
645.29	377.95
638.94	435.78
617.76	519.54
598.7	567.4
581.76	597.32
569.05	617.26
564.81	621.25
564.81	621.25
562.69	621.25
560.58	621.25
549.99	611.28
539.4	597.32
530.93	579.37
524.57	559.42
522.45	541.48
522.45	523.53
526.69	501.59
545.75	469.68
560.58	447.75
571.17	427.8
583.87	407.86
598.7	385.93
609.29	371.97
615.64	363.99
622	358.01
624.12	356.01
624.12	354.02
628.35	354.02
634.71	352.02
649.53	348.03
662.24	344.05
674.95	342.05
685.54	340.06
696.13	338.06
713.07	332.08
744.84	326.1
787.2	314.13
914.27	288.21
958.75	282.22
1073.12	264.28
1234.09	244.33
1253.15	240.35
1265.86	240.35
1267.97	240.35
1267.97	240.35
1267.97	240.35
1270.09	240.35
1270.09	240.35
1270.09	240.35
1270.09	240.35
1270.09	240.35
1270.09	240.35
1270.09	240.35
1270.09	240.35
1270.09	240.35
1270.09	240.35
1270.09	240.35
1270.09	240.35
1270.09	240.35
1270.09	240.35
1263.74	244.33
1238.32	254.3
1215.02	262.28
1138.78	288.21
1062.53	312.14
992.64	338.06
941.81	354.02
914.27	367.98
895.21	377.95
876.15	389.91
850.74	405.87
810.5	437.78
787.2	453.73
774.49	461.71
768.14	465.7
763.9	467.69
761.78	467.69
755.43	471.68
746.96	475.67
742.72	479.65
736.37	481.65
730.01	483.64
730.01	483.64
723.66	485.64
721.54	489.63
721.54	489.63
717.31	491.62
715.19	493.61
713.07	495.61
710.95	495.61
708.83	497.6
708.83	497.6
708.83	497.6
708.83	497.6
708.83	497.6
708.83	497.6
708.83	497.6
708.83	497.6
708.83	497.6
708.83	497.6
708.83	497.6
708.83	497.6
708.83	497.6
708.83	497.6
708.83	497.6
708.83	497.6
710.95	497.6
713.07	495.61
715.19	495.61
715.19	493.61
719.42	493.61
721.54	491.62
723.66	491.62
725.78	491.62
727.9	489.63
727.9	487.63
730.01	487.63
730.01	485.64
736.37	485.64
738.48	483.64
742.72	481.65
744.84	481.65
746.96	479.65
749.07	477.66
751.19	477.66
751.19	477.66
753.31	475.67
753.31	475.67
753.31	475.67
753.31	475.67
753.31	475.67
753.31	475.67
753.31	473.67
753.31	473.67
753.31	473.67
753.31	473.67
753.31	471.68
751.19	461.71
749.07	453.73
744.84	445.75
744.84	437.78
744.84	431.79
742.72	425.81
742.72	417.83
740.6	411.85
740.6	409.86
740.6	403.87
740.6	399.88
740.6	395.9
740.6	389.91
738.48	385.93
738.48	381.94
738.48	375.95
738.48	365.98
738.48	358.01
738.48	352.02
736.37	340.06
732.13	328.09
730.01	318.12
725.78	302.17
721.54	294.19
715.19	286.21
713.07	282.22
700.36	264.28
679.18	242.34
660.12	226.39
638.94	210.43
624.12	200.46
613.53	198.47
605.05	196.47
590.23	190.49
564.81	178.52
535.16	160.58
520.34	152.6
516.1	146.62
507.63	144.62
503.39	142.63
501.27	142.63
490.68	146.62
473.74	156.59
450.44	168.55
425.03	182.51
412.32	190.49
399.61	196.47
395.38	200.46
389.02	204.45
384.79	208.44
378.43	216.41
369.96	226.39
359.37	244.33
350.9	262.28
336.07	282.22
325.48	296.18
321.25	302.17
319.13	304.16
317.01	304.16
306.42	294.19
289.48	278.24
278.89	264.28
272.54	252.31
272.54	246.33
272.54	240.35
278.89	240.35
304.3	240.35
357.25	248.32
431.38	258.29
528.81	268.26
590.23	274.25
628.35	278.24
645.29	278.24
660.12	278.24
670.71	280.23
681.3	282.22
689.77	286.21
696.13	292.2
700.36	296.18
702.48	296.18
708.83	302.17
715.19	312.14
719.42	320.12
725.78	328.09
734.25	342.05
742.72	350.03
749.07	354.02
761.78	361.99
780.84	367.98
804.14	369.97
821.09	373.96
840.15	377.95
861.33	381.94
876.15	389.91
888.86	395.9
901.57	409.86
924.86	431.79
948.16	455.72
962.99	475.67
973.58	489.63
979.93	497.6
984.17	503.59
986.29	511.56
986.29	519.54
986.29	525.52
979.93	531.51
956.63	545.47
914.27	559.42
833.79	573.38
766.02	577.37
713.07	577.37
681.3	571.39
664.36	567.4
647.41	563.41
628.35	553.44
605.05	545.47
585.99	537.49
571.17	533.5
560.58	529.51
547.87	525.52
545.75	525.52
539.4	525.52
533.04	525.52
526.69	525.52
520.34	525.52
511.86	521.53
505.51	519.54
486.45	515.55
471.62	511.56
450.44	511.56
437.74	511.56
425.03	511.56
414.44	511.56
405.97	513.56
397.49	515.55
382.67	519.54
372.08	523.53
363.61	525.52
353.02	525.52
348.78	525.52
344.55	525.52
342.43	525.52
340.31	521.53
338.19	517.55
336.07	515.55
336.07	513.56
333.96	513.56
325.48	511.56
312.78	511.56
295.83	509.57
287.36	509.57
285.24	509.57
285.24	509.57
285.24	507.57
285.24	507.57
306.42	495.61
323.37	495.61
382.67	493.61
463.15	493.61
516.1	493.61
549.99	493.61
564.81	495.61
579.64	495.61
590.23	495.61
602.94	495.61
622	495.61
630.47	495.61
651.65	495.61
666.47	495.61
672.83	495.61
687.65	495.61
700.36	495.61
708.83	493.61
715.19	493.61
725.78	491.62
730.01	491.62
736.37	491.62
744.84	491.62
751.19	491.62
755.43	491.62
759.66	491.62
761.78	491.62
761.78	491.62
761.78	491.62
761.78	491.62
755.43	491.62
734.25	493.61
704.6	495.61
683.42	495.61
672.83	495.61
670.71	495.61
668.59	495.61
666.47	495.61
664.36	495.61
664.36	495.61
662.24	495.61
662.24	495.61
658	495.61
655.88	495.61
651.65	493.61
647.41	493.61
645.29	493.61
643.18	493.61
638.94	491.62
632.59	489.63
622	487.63
609.29	483.64
592.35	481.65
575.4	477.66
564.81	475.67
558.46	473.67
549.99	473.67
545.75	471.68
539.4	471.68
533.04	469.68
528.81	469.68
526.69	469.68
522.45	469.68
520.34	469.68
518.22	469.68
518.22	469.68
518.22	469.68
518.22	469.68
518.22	469.68
518.22	469.68
518.22	469.68
518.22	469.68
518.22	469.68
518.22	469.68
516.1	467.69
513.98	467.69
505.51	467.69
501.27	467.69
497.04	467.69
492.8	467.69
490.68	467.69
488.57	467.69
488.57	467.69
486.45	467.69
486.45	467.69
484.33	467.69
480.09	467.69
477.98	467.69
475.86	467.69
473.74	467.69
473.74	467.69
473.74	467.69
473.74	467.69
471.62	467.69
469.5	467.69
461.03	473.67
450.44	481.65
437.74	495.61
425.03	503.59
408.08	517.55
397.49	525.52
386.9	529.51
380.55	535.49
369.96	541.48
367.84	545.47
363.61	551.45
357.25	553.44
355.14	557.43
355.14	559.42
355.14	559.42
355.14	561.42
355.14	561.42
363.61	561.42
372.08	553.44
391.14	547.46
414.44	537.49
427.15	533.5
435.62	531.51
437.74	529.51
441.97	527.52
446.21	525.52
452.56	525.52
458.91	525.52
465.27	523.53
471.62	521.53
473.74	519.54
480.09	517.55
484.33	517.55
488.57	515.55
494.92	511.56
505.51	509.57
518.22	505.58
533.04	499.6
543.63	495.61
549.99	495.61
556.34	495.61
560.58	493.61
569.05	493.61
575.4	493.61
579.64	493.61
588.11	493.61
594.46	495.61
605.05	495.61
611.41	497.6
622	497.6
632.59	497.6
638.94	499.6
645.29	499.6
649.53	499.6
655.88	499.6
660.12	499.6
668.59	499.6
672.83	499.6
679.18	499.6
685.54	499.6
687.65	499.6
689.77	499.6
691.89	499.6
694.01	499.6
694.01	499.6
696.13	499.6
696.13	499.6
696.13	499.6
696.13	499.6
696.13	499.6
696.13	499.6
696.13	499.6
696.13	499.6
696.13	499.6
696.13	499.6
696.13	499.6
696.13	499.6
696.13	499.6
696.13	499.6
696.13	499.6
696.13	499.6
696.13	499.6
696.13	499.6
704.6	501.59
715.19	503.59
730.01	507.57
732.13	509.57
734.25	509.57
736.37	509.57
738.48	511.56
740.6	511.56
742.72	511.56
742.72	513.56
744.84	517.55
746.96	523.53
751.19	527.52
753.31	533.5
753.31	535.49
753.31	537.49
753.31	537.49
753.31	537.49
753.31	537.49
753.31	537.49
753.31	537.49
753.31	537.49
753.31	537.49
755.43	537.49
757.55	537.49
761.78	531.51
768.14	529.51
774.49	527.52
776.61	525.52
785.08	525.52
791.43	523.53
793.55	521.53
797.79	519.54
802.02	517.55
804.14	517.55
806.26	515.55
806.26	515.55
808.38	515.55
808.38	515.55
810.5	513.56
812.61	513.56
816.85	513.56
818.97	513.56
823.2	513.56
825.32	513.56
831.67	511.56
833.79	511.56
835.91	511.56
835.91	511.56
840.15	511.56
842.26	511.56
846.5	511.56
848.62	511.56
850.74	511.56
854.97	509.57
861.33	503.59
876.15	483.64
882.51	477.66
882.51	475.67
882.51	473.67
882.51	473.67
882.51	471.68
884.62	471.68
884.62	471.68
884.62	471.68
884.62	469.68
884.62	469.68
884.62	469.68
882.51	469.68
878.27	467.69
874.03	467.69
867.68	467.69
861.33	459.71
854.97	451.74
850.74	439.77
846.5	423.82
844.38	411.85
842.26	397.89
840.15	387.92
840.15	379.94
840.15	367.98
840.15	358.01
838.03	354.02
838.03	348.03
838.03	344.05
838.03	340.06
840.15	332.08
840.15	328.09
840.15	326.1
840.15	324.1
840.15	322.11
838.03	318.12
821.09	312.14
789.32	310.14
749.07	306.16
715.19	304.16
700.36	302.17
694.01	302.17
685.54	300.17
674.95	300.17
666.47	298.18
660.12	298.18
651.65	298.18
638.94	300.17
630.47	302.17
624.12	302.17
617.76	304.16
613.53	306.16
605.05	310.14
590.23	312.14
573.28	318.12
549.99	326.1
528.81	334.07
518.22	338.06
505.51	340.06
499.16	342.05
492.8	346.04
486.45	350.03
477.98	354.02
467.39	356.01
461.03	361.99
454.68	365.98
448.33	367.98
444.09	367.98
444.09	369.97
441.97	371.97
441.97	371.97
441.97	371.97
441.97	371.97
444.09	371.97
448.33	369.97
454.68	367.98
458.91	363.99
458.91	363.99
458.91	361.99
458.91	361.99
458.91	361.99
458.91	361.99
446.21	363.99
414.44	367.98
372.08	371.97
338.19	373.96
336.07	373.96
336.07	375.95
333.96	375.95
333.96	375.95
333.96	377.95
331.84	381.94
327.6	395.9
325.48	421.82
325.48	433.79
325.48	441.76
325.48	445.75
325.48	447.75
325.48	447.75
325.48	447.75
325.48	447.75
317.01	423.82
300.07	389.91
287.36	356.01
276.77	336.07
268.3	320.12
261.95	312.14
259.83	306.16
257.71	300.17
255.59	296.18
253.47	294.19
253.47	292.2
255.59	288.21
261.95	286.21
278.89	284.22
317.01	282.22
359.37	282.22
395.38	282.22
425.03	282.22
444.09	284.22
465.27	290.2
484.33	296.18
505.51	312.14
539.4	336.07
592.35	373.96
617.76	393.9
638.94	411.85
647.41	415.84
649.53	417.83
649.53	417.83
649.53	417.83
649.53	417.83
632.59	417.83
585.99	405.87
518.22	389.91
465.27	375.95
446.21	365.98
439.85	360
429.26	354.02
422.91	348.03
408.08	342.05
395.38	340.06
384.79	334.07
378.43	332.08
374.2	332.08
374.2	330.09
374.2	330.09
374.2	330.09
374.2	330.09
374.2	330.09
374.2	330.09
374.2	330.09
380.55	328.09
395.38	332.08
410.2	336.07
444.09	342.05
463.15	350.03
484.33	356.01
503.39	365.98
526.69	375.95
549.99	385.93
573.28	389.91
594.46	395.9
617.76	395.9
636.82	395.9
649.53	395.9
660.12	393.9
664.36	391.91
670.71	389.91
674.95	385.93
683.42	381.94
687.65	375.95
694.01	365.98
700.36	354.02
706.72	338.06
708.83	316.13
710.95	292.2
710.95	266.27
710.95	238.35
708.83	222.4
702.48	204.45
700.36	188.49
696.13	174.53
694.01	168.55
691.89	166.56
691.89	162.57
691.89	160.58
691.89	160.58
691.89	160.58
691.89	160.58
691.89	188.49
691.89	254.3
691.89	326.1
691.89	401.88
691.89	425.81
691.89	441.76
696.13	451.74
696.13	457.72
698.24	465.7
698.24	467.69
698.24	471.68
700.36	477.66
700.36	481.65
700.36	489.63
702.48	501.59
702.48	513.56
702.48	525.52
702.48	527.52
700.36	531.51
694.01	533.5
662.24	521.53
638.94	511.56
605.05	485.64
581.76	457.72
571.17	439.77
564.81	427.8
562.69	415.84
560.58	403.87
558.46	393.9
556.34	383.93
556.34	379.94
556.34	373.96
554.22	371.97
554.22	369.97
554.22	369.97
554.22	369.97
554.22	369.97
554.22	369.97
564.81	371.97
583.87	375.95
598.7	375.95
602.94	375.95
602.94	375.95
602.94	375.95
602.94	375.95
602.94	375.95
602.94	375.95
602.94	375.95
607.17	375.95
624.12	369.97
636.82	367.98
645.29	363.99
649.53	361.99
651.65	361.99
651.65	361.99
651.65	361.99
651.65	361.99
651.65	361.99
651.65	361.99
653.77	361.99
655.88	361.99
662.24	365.98
664.36	365.98
664.36	365.98
664.36	365.98
664.36	365.98
664.36	365.98
664.36	365.98
664.36	365.98
664.36	365.98
664.36	365.98
664.36	365.98
662.24	367.98
653.77	373.96
638.94	381.94
624.12	391.91
611.41	399.88
609.29	405.87
607.17	409.86
607.17	411.85
607.17	419.83
607.17	429.8
607.17	439.77
607.17	453.73
609.29	463.7
609.29	467.69
609.29	471.68
609.29	475.67
609.29	477.66
611.41	481.65
615.64	481.65
619.88	481.65
624.12	481.65
628.35	481.65
632.59	481.65
636.82	481.65
641.06	479.65
643.18	477.66
649.53	475.67
653.77	473.67
660.12	471.68
664.36	471.68
668.59	469.68
672.83	469.68
677.06	469.68
681.3	467.69
685.54	467.69
687.65	465.7
696.13	453.73
702.48	439.77
708.83	425.81
710.95	417.83
713.07	413.84
713.07	411.85
713.07	407.86
713.07	401.88
713.07	399.88
710.95	395.9
704.6	393.9
700.36	393.9
696.13	393.9
685.54	393.9
670.71	395.9
662.24	403.87
653.77	415.84
647.41	427.8
643.18	439.77
643.18	457.72
643.18	477.66
647.41	491.62
670.71	495.61
715.19	493.61
808.38	461.71
918.51	405.87
973.58	354.02
996.88	324.1
1005.35	312.14
1015.94	306.16
1030.76	300.17
1079.48	296.18
1117.6	296.18
1143.01	298.18
1153.6	304.16
1157.84	310.14
1157.84	314.13
1155.72	322.11
1119.72	340.06
941.81	385.93
717.31	423.82
564.81	435.78
535.16	435.78
533.04	435.78
533.04	435.78
533.04	435.78
533.04	435.78
533.04	435.78
533.04	435.78
528.81	451.74
516.1	499.6
509.75	525.52
507.63	539.48
507.63	549.45
507.63	555.44
507.63	561.42
507.63	569.4
503.39	577.37
501.27	581.36
497.04	585.35
488.57	589.34
473.74	589.34
458.91	585.35
452.56	579.37
446.21	571.39
444.09	567.4
444.09	555.44
450.44	539.48
461.03	527.52
477.98	515.55
501.27	503.59
505.51	497.6
507.63	495.61
511.86	491.62
513.98	489.63
513.98	485.64
516.1	483.64
516.1	481.65
518.22	481.65
518.22	481.65
518.22	481.65
518.22	479.65
518.22	479.65
518.22	479.65
518.22	479.65
518.22	479.65
518.22	479.65
518.22	479.65
518.22	479.65
518.22	479.65
518.22	479.65
518.22	471.68
511.86	457.72
501.27	439.77
497.04	433.79
497.04	431.79
497.04	431.79
497.04	431.79
497.04	431.79
497.04	431.79
497.04	431.79
497.04	431.79
497.04	431.79
497.04	431.79
497.04	431.79
490.68	427.8
473.74	417.83
439.85	407.86
414.44	397.89
410.2	397.89
410.2	395.9
410.2	395.9
410.2	395.9
408.08	395.9
408.08	395.9
408.08	395.9
408.08	391.91
412.32	389.91
412.32	387.92
414.44	383.93
418.67	381.94
420.79	375.95
422.91	373.96
422.91	367.98
422.91	367.98
422.91	361.99
420.79	356.01
416.56	354.02
416.56	354.02
416.56	354.02
416.56	354.02
441.97	354.02
488.57	361.99
545.75	375.95
585.99	391.91
611.41	405.87
613.53	409.86
613.53	413.84
613.53	419.83
602.94	431.79
571.17	447.75
539.4	451.74
503.39	449.74
486.45	441.76
463.15	427.8
446.21	413.84
425.03	395.9
395.38	371.97
380.55	361.99
367.84	354.02
353.02	346.04
346.66	344.05
340.31	340.06
338.19	338.06
331.84	332.08
329.72	330.09
327.6	326.1
325.48	326.1
325.48	326.1
331.84	324.1
359.37	324.1
416.56	326.1
511.86	330.09
564.81	330.09
588.11	330.09
594.46	326.1
598.7	326.1
598.7	326.1
598.7	326.1
598.7	326.1
598.7	326.1
600.82	326.1
607.17	322.11
622	316.13
651.65	306.16
666.47	302.17
670.71	298.18
674.95	298.18
674.95	298.18
677.06	296.18
679.18	296.18
683.42	284.22
685.54	268.26
685.54	252.31
685.54	240.35
685.54	230.37
685.54	226.39
685.54	220.4
685.54	214.42
681.3	212.43
677.06	210.43
670.71	210.43
655.88	212.43
632.59	218.41
624.12	222.4
619.88	224.39
617.76	226.39
617.76	226.39
615.64	228.38
615.64	230.37
613.53	236.36
609.29	250.32
607.17	264.28
602.94	282.22
594.46	312.14
588.11	338.06
581.76	360
579.64	377.95
575.4	391.91
573.28	401.88
573.28	411.85
571.17	417.83
571.17	427.8
571.17	431.79
571.17	437.78
571.17	443.76
571.17	449.74
571.17	451.74
571.17	453.73
571.17	453.73
571.17	455.72
571.17	455.72
571.17	455.72
571.17	455.72
571.17	455.72
564.81	453.73
549.99	445.75
537.28	441.76
524.57	439.77
518.22	439.77
509.75	439.77
494.92	441.76
480.09	445.75
467.39	447.75
458.91	451.74
448.33	453.73
444.09	455.72
437.74	455.72
433.5	455.72
431.38	455.72
429.26	455.72
429.26	455.72
429.26	455.72
427.15	455.72
427.15	455.72
427.15	455.72
427.15	455.72
429.26	455.72
429.26	455.72
429.26	455.72
429.26	455.72
429.26	455.72
429.26	455.72
429.26	455.72
437.74	455.72
463.15	461.71
488.57	465.7
513.98	465.7
539.4	465.7
552.1	465.7
562.69	465.7
571.17	465.7
579.64	465.7
588.11	465.7
594.46	465.7
602.94	465.7
609.29	463.7
619.88	461.71
624.12	459.71
628.35	459.71
634.71	457.72
636.82	457.72
641.06	457.72
643.18	457.72
647.41	457.72
647.41	457.72
649.53	457.72
649.53	457.72
649.53	465.7
628.35	479.65
579.64	499.6
535.16	515.55
513.98	519.54
511.86	519.54
509.75	519.54
509.75	519.54
507.63	519.54
505.51	517.55
503.39	515.55
503.39	513.56
505.51	511.56
522.45	503.59
556.34	491.62
600.82	483.64
617.76	481.65
619.88	481.65
619.88	481.65
619.88	481.65
619.88	481.65
619.88	481.65
619.88	481.65
619.88	481.65
617.76	485.64
613.53	489.63
607.17	495.61
602.94	495.61
600.82	497.6
598.7	497.6
598.7	497.6
596.58	497.6
594.46	495.61
594.46	495.61
592.35	493.61
592.35	491.62
590.23	489.63
590.23	487.63
590.23	485.64
592.35	483.64
594.46	481.65
600.82	477.66
609.29	469.68
624.12	451.74
632.59	435.78
641.06	419.83
647.41	407.86
651.65	399.88
651.65	395.9
651.65	395.9
653.77	393.9
653.77	387.92
653.77	381.94
653.77	373.96
653.77	369.97
653.77	365.98
653.77	361.99
653.77	360
653.77	358.01
653.77	356.01
653.77	356.01
653.77	356.01
653.77	356.01
653.77	356.01
653.77	356.01
653.77	356.01
653.77	356.01
653.77	356.01
653.77	356.01
653.77	356.01
653.77	356.01
653.77	356.01
653.77	356.01
653.77	356.01
662.24	363.99
674.95	371.97
689.77	381.94
700.36	387.92
704.6	391.91
706.72	391.91
708.83	393.9
710.95	395.9
713.07	395.9
715.19	399.88
715.19	403.87
719.42	411.85
721.54	415.84
723.66	417.83
723.66	417.83
723.66	419.83
723.66	419.83
723.66	419.83
723.66	419.83
723.66	419.83
723.66	419.83
723.66	419.83
723.66	419.83
723.66	419.83
723.66	419.83
723.66	419.83
723.66	419.83
723.66	419.83
723.66	419.83
723.66	419.83
723.66	395.9
719.42	363.99
713.07	348.03
708.83	340.06
704.6	336.07
704.6	334.07
702.48	332.08
702.48	332.08
702.48	332.08
700.36	332.08
700.36	332.08
698.24	332.08
696.13	332.08
694.01	332.08
694.01	332.08
694.01	332.08
691.89	332.08
691.89	332.08
691.89	332.08
691.89	332.08
691.89	332.08
689.77	332.08
674.95	328.09
636.82	318.12
554.22	308.15
503.39	298.18
482.21	292.2
471.62	288.21
465.27	286.21
458.91	284.22
454.68	282.22
448.33	282.22
444.09	280.23
437.74	280.23
427.15	280.23
412.32	280.23
397.49	280.23
382.67	278.24
367.84	278.24
353.02	278.24
338.19	276.24
323.37	276.24
312.78	276.24
300.07	276.24
291.6	278.24
281.01	282.22
268.3	288.21
228.06	322.11
189.93	358.01
158.17	401.88
141.22	449.74
139.1	473.67
139.1	495.61
139.1	511.56
145.46	531.51
147.58	539.48
149.69	539.48
149.69	539.48
149.69	539.48
149.69	539.48
145.46	523.53
141.22	497.6
130.63	463.7
126.4	431.79
126.4	413.84
126.4	403.87
134.87	387.92
151.81	373.96
175.11	363.99
206.88	358.01
251.36	352.02
291.6	348.03
310.66	344.05
329.72	340.06
340.31	338.06
344.55	338.06
348.78	336.07
353.02	336.07
353.02	336.07
359.37	340.06
365.73	352.02
369.96	367.98
369.96	393.9
369.96	411.85
363.61	427.8
353.02	447.75
346.66	457.72
340.31	467.69
333.96	477.66
327.6	493.61
323.37	509.57
321.25	521.53
321.25	537.49
321.25	547.46
323.37	559.42
331.84	573.38
338.19	583.36
346.66	595.32
353.02	603.3
359.37	609.28
367.84	611.28
374.2	611.28
384.79	611.28
410.2	603.3
465.27	581.36
518.22	565.41
562.69	549.45
594.46	539.48
619.88	533.5
641.06	527.52
647.41	527.52
653.77	525.52
655.88	525.52
655.88	525.52
655.88	525.52
655.88	525.52
658	525.52
660.12	525.52
664.36	525.52
672.83	523.53
691.89	521.53
715.19	515.55
730.01	515.55
742.72	511.56
749.07	511.56
755.43	511.56
761.78	511.56
766.02	511.56
776.61	511.56
778.73	511.56
785.08	511.56
791.43	511.56
795.67	511.56
799.91	511.56
802.02	509.57
804.14	509.57
804.14	509.57
804.14	509.57
804.14	509.57
804.14	509.57
787.2	509.57
742.72	507.57
685.54	507.57
645.29	511.56
636.82	511.56
632.59	511.56
626.23	513.56
622	513.56
613.53	513.56
605.05	517.55
583.87	519.54
560.58	523.53
541.52	523.53
522.45	523.53
509.75	523.53
499.16	517.55
490.68	515.55
486.45	513.56
480.09	511.56
477.98	511.56
473.74	511.56
471.62	511.56
467.39	511.56
465.27	511.56
463.15	511.56
463.15	509.57
463.15	509.57
463.15	509.57
463.15	509.57
463.15	509.57
463.15	509.57
463.15	509.57
463.15	509.57
469.5	511.56
477.98	517.55
486.45	525.52
490.68	529.51
494.92	533.5
497.04	537.49
501.27	539.48
503.39	541.48
507.63	543.47
518.22	547.46
533.04	549.45
552.1	549.45
579.64	549.45
596.58	549.45
607.17	549.45
609.29	549.45
611.41	549.45
613.53	549.45
617.76	549.45
619.88	549.45
619.88	549.45
622	549.45
624.12	547.46
626.23	545.47
630.47	543.47
634.71	541.48
638.94	539.48
641.06	539.48
645.29	539.48
649.53	537.49
651.65	537.49
658	535.49
662.24	533.5
668.59	533.5
672.83	531.51
679.18	531.51
685.54	527.52
689.77	527.52
696.13	527.52
700.36	525.52
708.83	525.52
715.19	525.52
723.66	525.52
730.01	523.53
740.6	523.53
746.96	521.53
753.31	521.53
759.66	521.53
763.9	517.55
770.25	517.55
774.49	517.55
776.61	515.55
776.61	515.55
778.73	515.55
778.73	513.56
778.73	511.56
778.73	495.61
776.61	479.65
768.14	457.72
761.78	443.76
759.66	431.79
755.43	425.81
753.31	421.82
749.07	417.83
749.07	413.84
746.96	413.84
746.96	411.85
744.84	411.85
744.84	411.85
744.84	411.85
744.84	411.85
744.84	411.85
744.84	411.85
738.48	411.85
725.78	417.83
679.18	431.79
647.41	439.77
634.71	439.77
632.59	439.77
628.35	439.77
624.12	439.77
617.76	439.77
602.94	439.77
581.76	439.77
549.99	439.77
513.98	439.77
477.98	439.77
461.03	439.77
452.56	441.76
448.33	441.76
446.21	441.76
444.09	441.76
439.85	443.76
433.5	445.75
427.15	447.75
425.03	447.75
425.03	449.74
425.03	449.74
425.03	449.74
425.03	449.74
427.15	449.74
441.97	449.74
486.45	451.74
528.81	453.73
564.81	459.71
592.35	459.71
600.82	461.71
609.29	463.7
613.53	463.7
624.12	465.7
632.59	467.69
647.41	467.69
662.24	469.68
674.95	469.68
685.54	469.68
691.89	469.68
698.24	469.68
702.48	469.68
708.83	469.68
715.19	469.68
717.31	469.68
723.66	469.68
730.01	469.68
734.25	469.68
742.72	469.68
749.07	469.68
757.55	469.68
763.9	469.68
770.25	469.68
776.61	469.68
778.73	469.68
785.08	469.68
791.43	469.68
795.67	469.68
802.02	469.68
804.14	467.69
808.38	465.7
810.5	459.71
812.61	451.74
812.61	437.78
812.61	425.81
812.61	423.82
812.61	423.82
812.61	423.82
812.61	423.82
812.61	435.78
816.85	453.73
823.2	469.68
831.67	481.65
835.91	485.64
835.91	487.63
840.15	487.63
842.26	487.63
844.38	487.63
844.38	487.63
846.5	487.63
848.62	487.63
848.62	489.63
848.62	489.63
848.62	489.63
848.62	489.63
842.26	489.63
833.79	489.63
772.37	475.67
691.89	459.71
660.12	451.74
649.53	447.75
632.59	441.76
598.7	433.79
588.11	431.79
564.81	429.8
533.04	427.8
509.75	427.8
463.15	431.79
441.97	435.78
427.15	437.78
403.85	443.76
399.61	445.75
393.26	449.74
376.31	455.72
369.96	457.72
365.73	461.71
363.61	463.7
363.61	463.7
363.61	463.7
367.84	467.69
372.08	469.68
393.26	471.68
435.62	471.68
446.21	471.68
469.5	471.68
475.86	471.68
480.09	471.68
486.45	471.68
494.92	471.68
501.27	471.68
503.39	471.68
511.86	471.68
526.69	471.68
535.16	471.68
549.99	471.68
562.69	471.68
579.64	471.68
607.17	471.68
609.29	471.68
628.35	471.68
638.94	471.68
649.53	471.68
660.12	471.68
670.71	471.68
681.3	471.68
685.54	471.68
696.13	471.68
700.36	471.68
702.48	471.68
710.95	471.68
713.07	471.68
715.19	471.68
719.42	471.68
721.54	471.68
725.78	469.68
730.01	469.68
732.13	469.68
736.37	469.68
744.84	469.68
753.31	467.69
763.9	467.69
782.96	465.7
791.43	463.7
799.91	461.71
806.26	459.71
810.5	449.74
812.61	443.76
816.85	411.85
816.85	395.9
816.85	389.91
816.85	381.94
814.73	369.97
814.73	363.99
812.61	354.02
812.61	354.02
812.61	354.02
810.5	354.02
810.5	354.02
810.5	354.02
806.26	354.02
795.67	365.98
780.84	375.95
719.42	407.86
702.48	413.84
683.42	417.83
670.71	421.82
670.71	421.82
668.59	421.82
664.36	421.82
662.24	419.83
658	413.84
655.88	411.85
655.88	411.85
655.88	411.85
655.88	411.85
655.88	411.85
655.88	411.85
653.77	411.85
653.77	411.85
653.77	411.85
653.77	411.85
653.77	411.85
653.77	411.85
653.77	411.85
653.77	411.85
653.77	411.85
653.77	411.85
653.77	411.85
653.77	411.85
653.77	415.84
653.77	425.81
653.77	425.81
653.77	431.79
651.65	443.76
649.53	447.75
636.82	455.72
630.47	455.72
624.12	455.72
617.76	455.72
617.76	455.72
615.64	455.72
615.64	455.72
611.41	461.71
609.29	465.7
605.05	481.65
602.94	487.63
600.82	491.62
598.7	493.61
598.7	493.61
598.7	493.61
598.7	493.61
598.7	497.6
617.76	511.56
662.24	539.48
694.01	551.45
738.48	565.41
776.61	571.39
776.61	571.39
776.61	571.39
776.61	571.39
776.61	571.39
776.61	571.39
776.61	571.39
774.49	571.39
770.25	567.4
761.78	555.44
757.55	553.44
749.07	547.46
730.01	545.47
721.54	545.47
696.13	545.47
670.71	545.47
655.88	545.47
651.65	545.47
647.41	541.48
645.29	539.48
643.18	539.48
638.94	529.51
638.94	527.52
638.94	519.54
638.94	513.56
638.94	507.57
638.94	499.6
645.29	483.64
649.53	467.69
649.53	463.7
649.53	453.73
649.53	439.77
649.53	425.81
649.53	407.86
647.41	401.88
645.29	391.91
645.29	383.93
645.29	383.93
645.29	383.93
645.29	385.93
647.41	391.91
655.88	397.89
668.59	413.84
685.54	439.77
702.48	457.72
717.31	473.67
725.78	481.65
730.01	483.64
744.84	489.63
755.43	491.62
759.66	491.62
776.61	495.61
778.73	495.61
782.96	497.6
789.32	507.57
791.43	513.56
799.91	533.5
808.38	561.42
810.5	563.41
812.61	565.41
812.61	565.41
812.61	565.41
814.73	565.41
814.73	559.42
814.73	545.47
814.73	541.48
814.73	533.5
814.73	531.51
814.73	529.51
806.26	525.52
799.91	525.52
782.96	525.52
768.14	525.52
763.9	525.52
761.78	525.52
761.78	525.52
761.78	525.52
761.78	523.53
761.78	523.53
761.78	523.53
761.78	523.53
759.66	523.53
759.66	523.53
759.66	523.53
759.66	523.53
759.66	523.53
759.66	521.53
757.55	519.54
755.43	519.54
755.43	517.55
753.31	517.55
751.19	515.55
744.84	511.56
736.37	503.59
719.42	499.6
710.95	499.6
685.54	497.6
634.71	497.6
622	495.61
605.05	495.61
594.46	493.61
590.23	491.62
577.52	481.65
571.17	479.65
556.34	467.69
533.04	451.74
526.69	447.75
516.1	439.77
505.51	435.78
497.04	431.79
492.8	427.8
490.68	425.81
488.57	425.81
488.57	425.81
488.57	425.81
488.57	425.81
488.57	425.81
488.57	419.83
488.57	415.84
492.8	409.86
492.8	401.88
492.8	397.89
492.8	393.9
492.8	391.91
492.8	389.91
492.8	389.91
492.8	389.91
492.8	389.91
492.8	389.91
492.8	389.91
492.8	389.91
494.92	389.91
494.92	389.91
494.92	389.91
503.39	387.92
539.4	387.92
549.99	387.92
577.52	389.91
634.71	403.87
645.29	407.86
670.71	415.84
706.72	433.79
715.19	437.78
732.13	447.75
755.43	457.72
761.78	461.71
768.14	465.7
774.49	467.69
776.61	467.69
776.61	467.69
778.73	467.69
778.73	469.68
780.84	469.68
782.96	469.68
782.96	469.68
782.96	469.68
785.08	469.68
787.2	475.67
789.32	485.64
789.32	511.56
785.08	515.55
776.61	523.53
768.14	529.51
768.14	529.51
766.02	529.51
766.02	529.51
766.02	529.51
766.02	529.51
766.02	529.51
766.02	529.51
766.02	529.51
766.02	529.51
766.02	529.51
766.02	529.51
759.66	519.54
753.31	511.56
742.72	487.63
732.13	467.69
719.42	451.74
713.07	443.76
700.36	439.77
698.24	439.77
687.65	437.78
681.3	437.78
681.3	437.78
681.3	437.78
679.18	437.78
679.18	437.78
679.18	437.78
679.18	437.78
679.18	437.78
679.18	437.78
679.18	437.78
679.18	437.78
679.18	437.78
679.18	437.78
679.18	437.78
677.06	437.78
677.06	437.78
677.06	437.78
677.06	437.78
677.06	437.78
677.06	437.78
677.06	437.78
677.06	437.78
677.06	437.78
677.06	437.78
677.06	437.78
672.83	431.79
670.71	429.8
655.88	413.84
638.94	395.9
611.41	371.97
575.4	350.03
545.75	338.06
537.28	332.08
509.75	326.1
503.39	324.1
501.27	324.1
494.92	324.1
490.68	324.1
488.57	324.1
488.57	322.11
484.33	322.11
482.21	322.11
480.09	322.11
480.09	322.11
477.98	322.11
477.98	322.11
477.98	322.11
477.98	322.11
477.98	322.11
477.98	322.11
477.98	322.11
475.86	330.09
475.86	334.07
475.86	348.03
482.21	358.01
492.8	365.98
509.75	367.98
526.69	367.98
541.52	367.98
560.58	367.98
588.11	367.98
594.46	365.98
600.82	365.98
609.29	363.99
624.12	360
634.71	358.01
655.88	352.02
664.36	350.03
687.65	342.05
713.07	340.06
717.31	340.06
725.78	340.06
736.37	340.06
740.6	340.06
746.96	340.06
755.43	338.06
761.78	338.06
763.9	338.06
768.14	336.07
774.49	336.07
774.49	336.07
780.84	334.07
785.08	332.08
789.32	332.08
793.55	332.08
795.67	332.08
795.67	332.08
797.79	332.08
799.91	332.08
799.91	332.08
795.67	334.07
780.84	334.07
759.66	334.07
658	326.1
628.35	324.1
571.17	322.11
547.87	320.12
541.52	320.12
533.04	320.12
505.51	322.11
482.21	326.1
471.62	330.09
427.15	348.03
408.08	356.01
399.61	360
382.67	371.97
367.84	381.94
361.49	385.93
346.66	399.88
338.19	403.87
336.07	409.86
329.72	415.84
323.37	425.81
323.37	427.8
321.25	437.78
321.25	439.77
321.25	441.76
323.37	453.73
327.6	457.72
338.19	467.69
353.02	475.67
359.37	477.66
372.08	481.65
380.55	485.64
389.02	487.63
395.38	491.62
412.32	495.61
425.03	495.61
429.26	497.6
454.68	499.6
465.27	499.6
473.74	499.6
492.8	499.6
505.51	501.59
513.98	501.59
528.81	505.58
537.28	505.58
545.75	507.57
562.69	511.56
564.81	511.56
575.4	511.56
592.35	513.56
594.46	513.56
607.17	513.56
617.76	513.56
632.59	515.55
643.18	515.55
655.88	517.55
660.12	517.55
670.71	519.54
679.18	521.53
685.54	523.53
687.65	523.53
700.36	525.52
702.48	525.52
713.07	525.52
721.54	525.52
734.25	525.52
744.84	525.52
757.55	525.52
774.49	523.53
804.14	513.56
842.26	497.6
895.21	467.69
948.16	433.79
1001.11	399.88
1022.29	383.93
1028.64	377.95
1028.64	377.95
1028.64	375.95
1028.64	375.95
1028.64	375.95
1028.64	375.95
1028.64	375.95
1030.76	375.95
1030.76	377.95
1032.88	381.94
1032.88	383.93
1026.53	389.91
1018.05	395.9
1003.23	401.88
988.4	409.86
979.93	411.85
971.46	413.84
962.99	415.84
958.75	419.83
956.63	419.83
952.4	419.83
948.16	421.82
943.93	423.82
935.45	425.81
912.16	427.8
850.74	431.79
776.61	433.79
689.77	433.79
573.28	429.8
554.22	429.8
526.69	427.8
503.39	425.81
482.21	425.81
467.39	425.81
456.8	425.81
446.21	425.81
437.74	427.8
429.26	429.8
425.03	429.8
418.67	431.79
414.44	431.79
412.32	431.79
410.2	431.79
405.97	431.79
403.85	429.8
401.73	429.8
397.49	425.81
386.9	405.87
386.9	397.89
384.79	381.94
384.79	371.97
384.79	361.99
382.67	354.02
382.67	354.02
382.67	350.03
382.67	346.04
382.67	344.05
382.67	340.06
389.02	334.07
391.14	330.09
395.38	326.1
401.73	318.12
403.85	316.13
408.08	312.14
412.32	306.16
416.56	302.17
422.91	296.18
465.27	284.22
475.86	282.22
518.22	274.25
564.81	268.26
577.52	268.26
592.35	266.27
605.05	264.28
619.88	262.28
636.82	260.29
649.53	256.3
670.71	254.3
681.3	252.31
687.65	250.32
689.77	250.32
691.89	250.32
694.01	250.32
696.13	250.32
698.24	248.32
700.36	246.33
704.6	246.33
708.83	246.33
727.9	246.33
732.13	246.33
751.19	250.32
776.61	260.29
789.32	264.28
804.14	272.25
816.85	282.22
821.09	288.21
829.56	292.2
835.91	296.18
842.26	306.16
850.74	312.14
863.44	322.11
865.56	326.1
874.03	334.07
882.51	346.04
888.86	354.02
897.33	361.99
905.8	371.97
907.92	375.95
912.16	381.94
918.51	389.91
920.63	393.9
924.86	395.9
926.98	401.88
926.98	403.87
931.22	405.87
933.34	411.85
933.34	411.85
935.45	415.84
937.57	419.83
937.57	421.82
937.57	423.82
937.57	425.81
937.57	429.8
929.1	437.78
914.27	445.75
890.98	455.72
886.74	457.72
880.39	463.7
876.15	465.7
867.68	471.68
854.97	481.65
850.74	481.65
846.5	485.64
838.03	489.63
835.91	491.62
831.67	495.61
821.09	497.6
806.26	501.59
791.43	503.59
759.66	509.57
746.96	509.57
730.01	511.56
717.31	511.56
704.6	511.56
698.24	513.56
685.54	515.55
683.42	515.55
674.95	515.55
655.88	515.55
649.53	515.55
628.35	515.55
611.41	511.56
594.46	509.57
581.76	503.59
569.05	495.61
562.69	495.61
554.22	493.61
533.04	493.61
522.45	493.61
484.33	499.6
444.09	505.58
412.32	511.56
397.49	515.55
382.67	519.54
367.84	523.53
355.14	525.52
342.43	527.52
336.07	529.51
325.48	533.5
314.89	539.48
308.54	539.48
295.83	541.48
283.12	545.47
268.3	545.47
238.65	527.52
194.17	491.62
162.4	457.72
147.58	439.77
139.1	423.82
136.99	419.83
134.87	411.85
130.63	401.88
130.63	395.9
130.63	383.93
134.87	367.98
139.1	360
149.69	342.05
166.64	322.11
170.87	314.13
187.82	300.17
206.88	290.2
247.12	272.25
281.01	264.28
333.96	256.3
359.37	254.3
393.26	254.3
429.26	254.3
454.68	254.3
473.74	254.3
490.68	256.3
494.92	256.3
503.39	258.29
526.69	258.29
539.4	258.29
549.99	258.29
564.81	258.29
575.4	256.3
583.87	256.3
594.46	256.3
600.82	256.3
611.41	256.3
628.35	254.3
634.71	254.3
647.41	254.3
670.71	256.3
674.95	256.3
691.89	258.29
702.48	260.29
715.19	264.28
717.31	266.27
723.66	268.26
732.13	272.25
742.72	276.24
751.19	282.22
759.66	284.22
768.14	290.2
776.61	296.18
785.08	298.18
793.55	302.17
802.02	308.15
806.26	308.15
808.38	312.14
812.61	312.14
816.85	312.14
821.09	312.14
827.44	314.13
829.56	314.13
838.03	316.13
850.74	318.12
865.56	320.12
897.33	324.1
920.63	326.1
941.81	330.09
956.63	334.07
960.87	336.07
969.34	340.06
973.58	344.05
984.17	350.03
988.4	354.02
996.88	360
1007.46	367.98
1018.05	379.94
1035	391.91
1056.18	411.85
1062.53	417.83
1066.77	425.81
1073.12	435.78
1073.12	439.77
1073.12	439.77
1068.89	449.74
1047.71	453.73
1022.29	453.73
1005.35	447.75
996.88	441.76
988.4	435.78
982.05	429.8
973.58	425.81
965.11	419.83
958.75	415.84
956.63	411.85
954.52	411.85
952.4	411.85
950.28	409.86
943.93	405.87
933.34	403.87
926.98	403.87
922.75	403.87
907.92	403.87
897.33	403.87
895.21	403.87
882.51	407.86
869.8	411.85
865.56	413.84
844.38	425.81
829.56	431.79
821.09	435.78
804.14	447.75
793.55	453.73
787.2	459.71
766.02	471.68
759.66	475.67
740.6	485.64
708.83	499.6
691.89	505.58
658	515.55
638.94	521.53
632.59	523.53
632.59	523.53
630.47	523.53
628.35	525.52
626.23	525.52
622	525.52
609.29	533.5
602.94	537.49
583.87	543.47
556.34	551.45
522.45	555.44
482.21	561.42
444.09	563.41
427.15	563.41
378.43	569.4
344.55	571.39
310.66	577.37
261.95	583.36
247.12	587.34
223.82	589.34
181.46	591.33
170.87	591.33
158.17	591.33
149.69	589.34
147.58	587.34
141.22	579.37
126.4	551.45
122.16	535.49
109.45	495.61
100.98	459.71
94.63	417.83
90.39	385.93
88.27	346.04
88.27	332.08
88.27	312.14
90.39	300.17
94.63	296.18
113.69	284.22
228.06	254.3
268.3	248.32
340.31	242.34
425.03	240.35
458.91	240.35
477.98	240.35
503.39	244.33
505.51	246.33
516.1	248.32
520.34	248.32
522.45	248.32
530.93	252.31
547.87	260.29
564.81	268.26
585.99	280.23
602.94	288.21
615.64	296.18
622	298.18
624.12	300.17
626.23	300.17
628.35	302.17
632.59	302.17
634.71	304.16
638.94	304.16
647.41	306.16
653.77	306.16
658	310.14
668.59	312.14
672.83	316.13
679.18	320.12
687.65	328.09
696.13	340.06
700.36	350.03
704.6	360
708.83	377.95
710.95	395.9
715.19	415.84
715.19	423.82
717.31	437.78
719.42	441.76
721.54	447.75
727.9	453.73
738.48	463.7
761.78	471.68
791.43	481.65
842.26	487.63
850.74	487.63
867.68	487.63
880.39	483.64
884.62	481.65
895.21	475.67
910.04	463.7
924.86	453.73
941.81	441.76
948.16	435.78
956.63	425.81
965.11	417.83
973.58	413.84
973.58	411.85
977.81	411.85
979.93	411.85
986.29	411.85
988.4	413.84
992.64	415.84
992.64	417.83
994.76	419.83
994.76	421.82
988.4	421.82
956.63	421.82
890.98	421.82
852.85	421.82
833.79	421.82
823.2	421.82
816.85	421.82
806.26	421.82
772.37	423.82
763.9	423.82
746.96	425.81
738.48	425.81
725.78	425.81
710.95	425.81
674.95	425.81
662.24	425.81
638.94	425.81
609.29	429.8
585.99	431.79
554.22	437.78
522.45	439.77
473.74	441.76
425.03	443.76
367.84	445.75
357.25	447.75
331.84	447.75
306.42	447.75
293.71	447.75
276.77	449.74
255.59	451.74
245	453.73
242.88	455.72
240.77	457.72
240.77	461.71
261.95	469.68
327.6	481.65
395.38	481.65
486.45	481.65
528.81	479.65
547.87	479.65
571.17	475.67
590.23	473.67
609.29	473.67
628.35	473.67
638.94	473.67
651.65	473.67
664.36	479.65
679.18	483.64
685.54	487.63
689.77	491.62
700.36	503.59
713.07	511.56
730.01	529.51
744.84	541.48
766.02	555.44
791.43	571.39
838.03	585.35
850.74	587.34
869.8	587.34
895.21	587.34
907.92	587.34
918.51	587.34
926.98	587.34
929.1	587.34
933.34	587.34
937.57	587.34
939.69	587.34
941.81	587.34
943.93	587.34
943.93	585.35
948.16	585.35
952.4	583.36
956.63	581.36
960.87	577.37
967.22	563.41
967.22	557.43
969.34	525.52
969.34	475.67
967.22	451.74
956.63	419.83
943.93	381.94
939.69	373.96
935.45	363.99
935.45	356.01
933.34	354.02
933.34	350.03
931.22	344.05
931.22	344.05
929.1	344.05
929.1	342.05
926.98	338.06
912.16	330.09
844.38	318.12
717.31	308.15
480.09	306.16
325.48	306.16
232.29	302.17
189.93	298.18
183.58	298.18
183.58	298.18
181.46	298.18
175.11	298.18
170.87	302.17
160.28	312.14
147.58	322.11
124.28	352.02
113.69	367.98
113.69	385.93
115.81	403.87
124.28	425.81
134.87	449.74
139.1	453.73
143.34	461.71
149.69	463.7
149.69	463.7
151.81	463.7
151.81	463.7
151.81	463.7
151.81	463.7
151.81	463.7
151.81	463.7
153.93	463.7
156.05	463.7
158.17	463.7
170.87	461.71
219.59	447.75
259.83	433.79
276.77	429.8
314.89	417.83
323.37	413.84
333.96	411.85
338.19	411.85
346.66	409.86
355.14	405.87
382.67	399.88
393.26	395.9
422.91	391.91
465.27	383.93
477.98	381.94
503.39	379.94
543.63	375.95
583.87	369.97
594.46	369.97
611.41	367.98
622	365.98
628.35	365.98
636.82	361.99
638.94	361.99
643.18	360
645.29	356.01
651.65	352.02
658	340.06
664.36	326.1
666.47	322.11
666.47	318.12
668.59	314.13
670.71	312.14
670.71	310.14
670.71	308.15
672.83	306.16
672.83	306.16
672.83	304.16
672.83	302.17
672.83	300.17
664.36	292.2
647.41	284.22
592.35	278.24
511.86	268.26
509.75	268.26
507.63	268.26
507.63	268.26
507.63	268.26
507.63	268.26
511.86	286.21
518.22	318.12
530.93	354.02
535.16	383.93
539.4	395.9
547.87	427.8
554.22	455.72
562.69	485.64
569.05	517.55
583.87	557.43
607.17	617.26
619.88	647.17
638.94	679.08
658	712.98
0	0
0	0
0	0
0	0
0	0
0	0
0	0
0	0
0	0
0	0
651.65	523.53
638.94	473.67
624.12	417.83
613.53	381.94
609.29	352.02
600.82	322.11
594.46	302.17
588.11	282.22
579.64	264.28
571.17	250.32
564.81	244.33
562.69	234.36
549.99	212.43
547.87	204.45
541.52	192.48
533.04	168.55
530.93	162.57
528.81	150.6
526.69	140.63
520.34	132.66
518.22	122.68
518.22	112.71
513.98	104.74
511.86	98.75
509.75	94.76
507.63	90.78
505.51	86.79
503.39	84.79
503.39	82.8
499.16	82.8
497.04	80.81
494.92	80.81
492.8	80.81
490.68	80.81
490.68	80.81
490.68	80.81
488.57	78.81
488.57	78.81
488.57	78.81
482.21	78.81
480.09	78.81
477.98	78.81
475.86	78.81
475.86	78.81
473.74	74.82
465.27	70.83
463.15	70.83
458.91	70.83
454.68	78.81
446.21	102.74
444.09	140.63
441.97	194.48
446.21	236.36
454.68	260.29
463.15	282.22
473.74	296.18
473.74	304.16
477.98	312.14
482.21	322.11
486.45	334.07
490.68	350.03
497.04	363.99
503.39	385.93
511.86	407.86
516.1	415.84
524.57	435.78
533.04	453.73
545.75	477.66
549.99	485.64
562.69	513.56
564.81	523.53
566.93	539.48
569.05	553.44
571.17	567.4
566.93	579.37
562.69	585.35
556.34	593.33
549.99	595.32
545.75	595.32
535.16	597.32
522.45	599.31
505.51	601.3
503.39	601.3
503.39	601.3
503.39	601.3
503.39	601.3
503.39	601.3
501.27	601.3
499.16	599.31
499.16	587.34
509.75	561.42
524.57	519.54
524.57	469.68
503.39	409.86
482.21	387.92
437.74	367.98
391.14	354.02
342.43	344.05
331.84	340.06
331.84	338.06
331.84	338.06
331.84	336.07
333.96	336.07
336.07	336.07
342.43	334.07
350.9	330.09
363.61	322.11
382.67	306.16
416.56	264.28
446.21	212.43
456.8	186.5
458.91	160.58
458.91	158.58
458.91	158.58
458.91	156.59
458.91	154.59
463.15	154.59
473.74	154.59
524.57	158.58
539.4	158.58
588.11	162.57
622	170.55
638.94	176.53
700.36	202.45
723.66	216.41
761.78	248.32
789.32	276.24
821.09	308.15
852.85	342.05
882.51	371.97
897.33	381.94
916.39	385.93
933.34	389.91
941.81	389.91
948.16	389.91
956.63	391.91
956.63	393.9
962.99	395.9
969.34	401.88
977.81	415.84
984.17	427.8
988.4	439.77
988.4	447.75
973.58	459.71
905.8	481.65
863.44	487.63
789.32	489.63
715.19	495.61
710.95	495.61
694.01	501.59
672.83	509.57
628.35	525.52
600.82	531.51
579.64	539.48
560.58	543.47
537.28	551.45
507.63	555.44
501.27	557.43
488.57	559.42
486.45	563.41
480.09	563.41
473.74	565.41
452.56	571.39
446.21	573.38
435.62	577.37
416.56	581.36
393.26	587.34
376.31	591.33
355.14	593.33
355.14	593.33
355.14	593.33
454.68	555.44
530.93	539.48
732.13	495.61
835.91	479.65
835.91	479.65
835.91	479.65
825.32	479.65
821.09	479.65
802.02	483.64
785.08	491.62
766.02	495.61
751.19	497.6
715.19	503.59
679.18	507.57
649.53	507.57
630.47	507.57
628.35	507.57
628.35	501.59
628.35	495.61
628.35	495.61
630.47	489.63
632.59	485.64
634.71	483.64
636.82	481.65
636.82	479.65
638.94	477.66
638.94	475.67
638.94	475.67
638.94	473.67
638.94	473.67
628.35	469.68
624.12	467.69
609.29	467.69
590.23	463.7
566.93	461.71
556.34	457.72
552.1	457.72
549.99	455.72
547.87	455.72
545.75	455.72
545.75	455.72
545.75	455.72
545.75	455.72
545.75	455.72
545.75	455.72
545.75	455.72
545.75	455.72
545.75	457.72
543.63	461.71
541.52	463.7
535.16	467.69
526.69	473.67
518.22	477.66
501.27	481.65
490.68	483.64
490.68	483.64
499.16	479.65
526.69	467.69
541.52	463.7
566.93	459.71
602.94	453.73
609.29	453.73
622	451.74
636.82	451.74
670.71	449.74
698.24	445.75
719.42	443.76
742.72	439.77
761.78	437.78
782.96	437.78
789.32	435.78
795.67	435.78
808.38	433.79
812.61	433.79
823.2	433.79
857.09	429.8
869.8	427.8
886.74	427.8
897.33	425.81
903.69	425.81
912.16	425.81
916.39	425.81
924.86	421.82
929.1	421.82
937.57	421.82
943.93	419.83
948.16	419.83
952.4	417.83
956.63	415.84
960.87	411.85
965.11	411.85
973.58	401.88
975.7	395.9
982.05	391.91
984.17	391.91
986.29	387.92
990.52	387.92
994.76	385.93
996.88	385.93
1003.23	385.93
1003.23	385.93
1007.46	385.93
1011.7	387.92
1011.7	387.92
1011.7	387.92
1011.7	387.92
1007.46	387.92
937.57	387.92
785.08	389.91
645.29	399.88
571.17	409.86
566.93	411.85
566.93	411.85
558.46	411.85
522.45	415.84
505.51	419.83
471.62	423.82
418.67	429.8
386.9	431.79
369.96	431.79
308.54	439.77
297.95	439.77
276.77	441.76
261.95	443.76
255.59	445.75
249.24	451.74
236.53	473.67
219.59	509.57
206.88	563.41
200.52	643.18
200.52	667.11
200.52	667.11
200.52	667.11
200.52	667.11
200.52	667.11
200.52	667.11
200.52	667.11
