640.2	370.6
639.55	367
639.8	366.6
637.55	365.75
636.6	359.3
634.15	358.9
639.85	367.7
801.75	659.15
0	0
0	0
0	0
576.35	335.25
582.35	341.75
581	338.65
581.05	339.95
576.85	339.65
560.35	453.95
564.25	450.45
567.9	449.3
564.95	451.8
562.9	442.5
560.85	434.75
565.1	439.5
492.55	449.3
509.45	434.15
509.9	426.15
511.45	421.2
515	416.15
520.05	409.45
516.6	407.45
514.95	403.45
520.7	394.55
522.2	391.35
521.1	391.7
521.65	388.95
507.45	375.05
474.45	371
0	0
0	0
0	0
0	0
0	0
0	0
480.95	380.8
0	0
0	0
0	0
0	0
0	0
0	0
0	0
530.05	389.05
532.7	401.2
531.1	402.25
535.6	394.9
541.05	391
554.9	383.25
568.85	382.4
582.9	377.25
587.7	376.2
604.1	367.6
614.3	366
627.4	362.6
649.05	355.85
657.35	349.7
672.35	346.6
682.7	343.85
690.25	343.25
695.1	340.8
709.4	339.4
721.35	337.3
732.85	336.75
610.25	466.7
596.2	492.85
591.35	493.8
586.05	495.3
582.65	489.8
580.55	490.3
579.05	490.8
574.3	490.75
566.3	490.25
0	0
0	0
0	0
0	0
0	0
608.75	536.5
604.45	534.3
603.35	530.2
603.35	526.75
603.1	529.85
608.25	533.3
619.8	523.3
643.15	496.85
643.5	495.15
642.9	500.35
0	0
0	0
0	0
0	0
0	0
822.65	382.5
828.85	388.55
827.95	390.7
827.15	394.7
828.05	393.65
685.05	477.2
693.65	461.3
693	464.25
690.35	466.8
690.05	467.65
947.1	482.85
1149.35	525.75
0	0
0	0
0	0
0	0
0	0
0	0
0	0
0	0
0	0
0	0
1139.4	676.8
1135.4	673.65
1125.05	681
1117	678.9
1112.9	679.9
1114.1	674.85
1116.7	674.8
1086.95	679.2
1061.8	675.35
1063.7	675.7
1066.35	674.15
1065.9	673.95
1064.6	675.2
0	0
0	0
0	0
0	0
0	0
665.15	458.9
658.85	464.15
655	458.35
652.55	459.45
649.3	458.65
678	458.05
679.75	459.9
680.5	460.55
681.9	458.7
682.7	461.4
681	462.05
920.7	373.4
911.35	376.25
909.1	374.75
908.95	374.75
909	367.55
910.65	364.2
913.1	365.05
914.1	366.25
908.3	366.95
0	0
0	0
0	0
0	0
0	0
868.3	345.25
860.9	344.35
858.9	345.35
859.25	342.75
856.8	339.65
853.3	340.1
855.05	340.35
555.65	294.9
589.9	299
588	297.35
584.6	295.75
582.65	294.05
581.7	292.25
580.1	290.45
503.65	248.65
423.05	236.1
428.85	234.85
429.9	231.5
431.65	224.85
428.05	225.5
426.45	226.4
425.95	223.55
428	223.65
433.1	218.7
386.2	221.95
381.6	219.75
380.6	223.35
380.15	228.75
379.7	225.5
380.95	229.75
380.55	226.35
0	0
0	0
0	0
0	0
0	0
462.55	245.95
464.85	241.85
464.35	243.95
462.5	243.45
460.4	242.3
461.55	241.5
461.05	239.15
478.5	255.85
746.75	393.4
740.3	377.5
740.05	378.8
741.85	377.7
744.55	378.1
746.15	379.3
749.4	379.7
580.85	331.8
568.15	322.6
564.25	325.25
562.05	327.9
560.5	326.45
560.9	321.35
557.85	318.2
0	0
0	0
0	0
0	0
0	0
720.75	398.25
715.25	402.9
711.8	408.1
711.5	410.15
710.05	404.05
712.3	401.45
712.85	401.15
708.3	408.05
708.55	414.7
709.15	414.3
689.55	324.8
691.2	335.45
691.75	337
691.3	337.1
689.25	338
690.5	336
689.1	331.45
0	0
0	0
0	0
0	0
683.95	370.45
682.45	376.2
682.2	378.1
685.6	376.45
692.05	367.8
688.05	378.35
688.75	379.35
688.85	378.2
694.3	377.35
693.6	379.25
694.25	379
693.9	376.85
690.95	379.65
688.2	387.05
692.75	387.2
0	0
0	0
0	0
0	0
736.95	401.55
740.2	400.15
740.8	400.9
746.55	398.45
751.95	398.1
746.9	397.1
748.15	392.25
746.45	394.05
746.95	394.6
745.1	396
748.2	400
748.2	400.55
747.6	397.3
744.9	400.7
748.45	401.6
749.65	402.95
751.05	409.05
744.6	409.5
663.4	446.7
662.85	454
666.3	449.45
667.1	453.7
668.5	454.3
672	453.45
637.35	472.65
638.75	471.95
638.6	459.9
634.6	464.85
634.4	463.85
634.1	471.3
0	0
0	0
0	0
0	0
0	0
640.35	470.7
633.75	476.6
631.05	478.05
986.65	588.05
1130.8	652.05
1140.5	657.75
1152.35	658.05
1153.8	664.9
1032.45	652.4
1064.95	653.3
1066.65	655.85
1065.85	655.35
1049.7	649.15
674.2	464.3
658.7	467.3
659.1	468.6
655.85	472.85
653.8	476.8
652.25	478.45
650.4	480.05
650.2	479
636.05	469.25
630.9	467.1
634.5	466.5
643.3	490.05
0	0
0	0
0	0
0	0
608.65	462.25
607.9	461.7
612.2	464.95
611.7	469.35
612.65	470.1
612.5	470.75
631.75	465.05
632.2	462.45
633.85	462
633	460.25
633.55	461.6
635.05	460.65
634.75	458.2
636.7	460.55
635.2	467.05
635.85	467.85
637.35	464.45
637.55	463.15
638.2	457.9
638.95	458.85
638.6	459.2
638	459.1
640.35	458.7
642.3	454.95
0	0
0	0
0	0
0	0
650.15	426.45
648.05	420.55
649.8	421.4
650.35	421.9
653.5	422.3
656.25	426.15
655.35	427.95
656.15	431.55
655.55	430.25
654.35	428.05
628.05	379.45
631.9	394.35
634.55	393.55
631.75	393.55
630.45	393.05
629.7	395.3
630.5	395.85
631.4	393.7
639.35	444.95
644	446.3
643.6	448.95
644.75	446.95
643.75	451.65
0	0
0	0
0	0
0	0
0	0
1084.15	648.6
1085.65	644.25
1082.4	641.15
1084.3	638.85
1083.55	635.35
1084.25	635.95
780.95	487.7
627.95	457.65
620.5	454.6
622	450.45
620.1	448.3
618.3	451.25
616.3	451.2
616.65	450.15
621.7	447.1
622.05	449.05
621.95	453.5
623.15	454.45
622.9	457.45
620.65	461.3
725.15	456.5
746.45	488.4
759.25	521.45
763.5	550.45
763.1	602.05
0	0
0	0
0	0
0	0
0	0
0	0
695.85	443.15
693.85	450.5
691.75	451.6
689.95	452.2
687.3	453
689.95	449.15
682.4	393.7
683.2	403
683.8	405.45
680.7	407.65
684.3	409.05
686.35	406.35
686.5	400.1
686.4	404.35
690.45	405.45
693.75	404.75
697.75	401.7
743.5	421.35
733.7	417.65
742.15	422
744.45	423.95
750.55	425.7
750.6	425.5
749.2	424.55
748.7	428.05
750.8	426.2
726.65	402.75
725.55	402.45
723.9	400.35
724.6	397.55
721.25	394.05
724.65	395.15
724.8	394.95
729.5	432.75
0	0
0	0
0	0
0	0
741.85	414.8
739.15	421.75
739.2	422.75
738.9	420.1
742.5	421.25
745.35	421.7
745.7	418
746.8	417.95
709.7	416.3
718.8	416.4
722.75	412.55
721.4	412.35
719	414.15
719.55	411.25
720.25	408.5
721.3	411
720.55	407.55
717.8	409.05
715.55	413.1
713.65	413.45
715.6	411.45
715.95	413.15
719.5	415.25
724.35	416.85
728.4	417
730.05	418.9
733.55	415.85
734.8	418.75
735	416.5
741.95	439.5
744.4	438.85
743.8	438.95
742.3	438.35
743.3	437.9
741.85	435.05
745.25	435.45
747	437.15
748.05	437.75
750.1	435.2
749.35	434.45
747.4	433.6
749.1	430.75
745.2	431
742.35	429.4
742.75	429.6
745.4	428.3
749.2	455.45
0	0
0	0
0	0
731.75	422.15
732.3	424.25
738.8	421.85
660.3	452.75
659.4	456.3
655.25	454.3
653.15	453.3
654.1	453.15
622.45	459.8
627.3	458.4
631.45	455.1
634.2	452.3
637	450.65
633.95	452.25
633.95	452.55
635.35	452.1
634.3	452
635	450.3
632.7	449
632.6	450.05
632.25	451.1
632.95	446.4
635.95	446.1
633.4	448.45
631.9	450.1
633.3	450.55
862.35	475.25
0	0
0	0
0	0
0	0
1049.9	613.4
1042.6	616.35
1041.45	616.35
1040.15	621.65
1040.9	624.15
1038.75	622.1
1034.4	622.3
861	427.15
873.05	448.15
869.1	441.65
866.7	442.55
864.6	440.8
864.9	440.55
865.55	442.1
865.4	439.65
866.85	437.95
868.5	438.2
716	444.9
741.05	437.65
739.1	435.5
738.7	431.6
737.2	430.35
738.5	431.4
0	0
0	0
0	0
0	0
706.9	403.8
707.5	412.45
708.3	409.65
714.1	401.65
716.95	400.55
715.6	400.2
717.3	399.2
715.6	398.75
716.2	399.65
719.6	397.8
721.1	398.2
723.8	396.6
728.35	395.65
726.45	398.6
727.05	402.25
731.45	397.25
737.8	395.4
737.75	392.9
737.4	395.25
735.8	400
654.5	301.5
663.2	313
665.85	312.1
666.6	310
666.3	311.85
666	312.6
666.2	315.4
668.45	314.5
668.95	316.65
670.3	316.4
672.2	315.85
674.15	315.4
794.4	383.8
789.85	379.7
791.25	381.7
790.85	387.5
0	0
0	0
0	0
0	0
0	0
948.35	387.25
947.3	387.5
944.05	386.45
945.35	387.3
948.2	388.6
945.75	392.85
947.1	397.7
952.35	401.4
953	403.35
953.6	404.35
952.7	406.75
953.55	410.75
955.3	412.8
957.3	415.3
960.95	417.8
805.5	320.3
813.8	323.35
811.1	322.3
808.6	321.9
808.75	321.6
807.95	319.45
807.35	320
808.55	319.9
768.8	317.6
499.6	350
507.75	343.7
508.55	343.15
506.2	344.5
506.25	343.5
508.55	340.05
512.35	336
511.8	337.85
511.95	340.4
512.05	339.45
512.15	344.25
511.25	346.95
516	349.35
687.9	385.55
685.95	386.3
686.1	386.9
686.95	390.25
684.25	391.05
685.4	390.65
686.75	389.65
686.65	387.8
684.65	393.1
688.85	388.75
690.6	389.45
693.1	390.2
693	392.55
688.05	399.3
690.8	400.9
691.15	397.5
692.9	394.75
693.1	396.4
693.8	392.35
694.3	392.05
693.3	384.5
693.05	383.9
695.75	387.55
694.9	385.85
694.75	384.1
696.1	383.65
697.75	382.3
699	379.55
696.3	377.8
692.95	371.9
691.9	368.05
690.35	365.95
691.45	367.4
688.9	363.35
688.65	361.5
687	363.15
686.35	361
686.5	361.7
687.1	359.45
685.1	356.65
686.85	357.55
688.1	355.95
684.6	356.8
683.9	356.6
674.65	357.75
494.4	380.1
507.75	374.25
503.1	372.5
502.7	372.9
499.8	371.6
499.7	370.45
498.3	369.6
499.2	370.4
500.85	369.95
500	367.4
496.65	366.35
493.55	364.3
492.9	361.9
491.8	358.95
492.25	358.8
492	358.85
493.2	360.55
494.85	368.05
493	363.1
607.3	443.4
604.6	447.05
609.85	449.15
616.2	451
618.85	449.9
0	0
0	0
0	0
0	0
597.9	484.05
600.75	488
603.9	486.9
604.6	489.05
605.05	487.3
607.05	480.8
610.2	477.9
610.8	476.1
610.2	476.5
611.9	479.65
612.6	477.05
612.8	478.35
610.75	476.45
609.85	477.55
597.8	476.7
591.1	488.25
598.4	481.65
594.85	481.25
589.5	481.65
591.3	480
592.6	476.25
589.45	479.6
592.05	484.15
600	477.5
596.4	478.6
594.35	478.1
595.9	479.7
596.5	479.5
596.8	480.85
597.5	484.95
591.95	486.65
596.75	484.95
598.45	489.55
0	0
0	0
0	0
0	0
0	0
603.75	484.3
611.25	484.7
611.1	487.7
611.05	488
608.15	490.85
606.45	489.95
607.3	489.2
608.15	488.5
606.95	488.15
608	487.85
477.75	424.9
482.05	427.35
481.7	424
479.8	423.85
476.45	419.5
475	417.5
691.55	526.5
723.95	535
725.55	537.15
725.3	538.45
723.35	541.6
722.55	541
721.2	540.85
721.85	537.1
719.15	541.05
722.25	537.9
722.65	537.2
725.3	540
724.6	540.3
724.4	543.15
722.7	544.45
720.1	545.6
718.85	543.4
720.55	540.3
720	542.8
720.4	545.4
717.2	543.1
718.25	543.6
719.45	541.2
719.4	540.05
719.25	541.65
722.5	540.95
724.1	541.15
724.8	542.2
724.95	539.85
726	539.85
726.8	540.35
727.3	541.2
731.6	539.4
732.65	541.1
729.7	539.45
733.4	537.3
0	0
0	0
0	0
0	0
0	0
0	0
781.3	361.1
775.4	363.05
775.8	360.4
775.85	361.45
775.85	367
777.55	365.85
778.35	365.65
777.6	366.35
778.95	367.35
777.5	370.2
777.25	369.25
778.25	367.25
777.55	366.45
775.6	366.5
776.2	367.35
778.4	365.1
780.25	365.6
760.35	439.65
762.7	440.6
760.5	448
758.15	451
759.7	452.3
757.7	453.05
756.05	451.8
754.05	452.75
753.8	454.35
753.1	453.95
750	455.35
751.7	456.65
750.55	456.5
750.2	458.55
752.75	455.85
752.1	458.35
751.35	457.9
752.2	460.35
753.3	460.25
755.2	459.8
755.85	462.85
754.7	465.1
755.9	466.15
756.2	466.3
757.15	467.2
759.75	468.6
761.55	464.75
762.9	464.5
762.45	464.65
761.45	467.7
763.4	467.75
764.65	469.3
766.75	471.5
765.6	470.25
771.6	459.2
765.3	458.05
768.1	454.3
767.05	458.3
772.1	462.05
769.85	465.1
768.35	467.7
769.85	470.6
772.15	471.95
771.95	471.8
773.8	467.9
777	467.6
776.35	471
776.2	474.3
777.55	475.05
779.7	479.45
765.45	482.1
526.5	562.95
537.1	556.9
533.6	557.9
530.3	562.05
535.4	565.35
532.9	564.15
531.6	566
532.3	566.45
531.65	567.25
537.05	566.85
534.3	566
531.95	563.85
532.3	562.2
534.65	559.55
536.1	559.95
537.6	560.75
538.55	560.7
540.45	560.7
542.45	561.3
544.65	563.1
545.4	567.6
545.75	572.5
0	0
0	0
0	0
0	0
593.8	446.25
602.9	439.5
601.4	436.4
603.85	438.85
605.7	439.35
607.25	434.55
607.7	437.4
606.85	437.05
603.9	433.8
603.05	433.6
603.55	434.5
605.25	433.9
606.5	433.9
606.75	434.7
607	434.15
609	440.2
609.3	440.85
608.35	442.85
608.15	444.75
607.55	446.65
607.6	447
606.35	450.1
606.1	449.75
604.6	452.45
607.1	450.6
605.15	447.35
606.55	443.2
604.8	445.5
606.45	451.7
604.95	455.3
605.75	458.95
605.45	460.8
606.6	459.35
603.7	456.85
608.45	452.25
606.05	452.7
605.55	453.95
607.1	454.65
607.5	455.75
607.4	452.9
610.65	459.3
612.1	462.15
613.35	469.3
617.2	470.15
615.4	473.3
616.15	473.9
618.3	469.05
619.45	469.4
619.25	469.95
617	471.5
613.95	474.9
613.75	475.2
0	0
0	0
0	0
0	0
608	440.45
602.7	447.1
603.5	450.9
604.8	451.1
603	455.75
598.75	458.85
595.4	461.2
600.45	457.35
603.4	456.7
604.9	458.45
596.85	466.55
598.05	456.9
593.9	457.6
596.95	458.35
600.8	464.15
595.85	466.65
594.55	470.65
595.9	470.85
597.5	468.65
600.25	469.5
600.75	470.95
600.05	470.1
603.05	470.65
606.7	473
608.35	473.1
610.8	470
610.55	470.05
609.2	467.85
610.95	467.9
610.05	467.6
611	466.8
611.8	469.15
613.65	466.75
613.75	467.3
401.8	449.9
353.55	438.15
354.45	441.4
353.2	442.15
352.6	439.55
355.85	436.15
355.55	433
353.85	432
352.8	426.55
354.7	428.95
358	430.95
358.6	433.2
358	436.95
357.4	434.65
359.15	432.6
358.2	431.65
357	429.9
354.8	429.35
352.9	429.5
353.9	428.2
354.8	431.2
354.25	428.4
352.7	427.8
354.4	427.45
353.8	426.2
352.95	422.95
352.2	423.15
353.45	422.85
355.1	422.35
355.25	423.35
355.95	421.95
354.55	420.2
355	419.75
356.25	418.5
356	417.9
354.7	416.85
354.6	416.05
354.1	417.05
354.25	415.35
356.8	416.2
358.1	415.75
357.65	417.5
354.15	414.7
350.25	410.6
348.7	405.8
348.7	403.45
352.9	408.45
354.1	409.15
354.1	410.3
353.45	407.5
354.3	408.95
358.9	406.45
359.9	406.65
358.15	407.35
358.5	404.65
357.5	403.2
354.8	402.3
353.05	403.5
350.9	404.65
352.9	401.25
352	400.7
354	402.45
353.6	402.1
355.3	403.05
351.4	397.75
346.7	399.2
347.95	397.25
347.8	398
348.1	401.15
348.25	399.35
0	0
0	0
0	0
0	0
0	0
782.85	415.25
781.1	429
780.1	425.1
777	425.6
776.95	424.2
777.95	425.3
777.1	425.4
776.2	423.25
774.45	423
776.75	420.05
777.55	418.95
776.25	420.6
777.95	419.35
779.85	420.75
780.3	419.1
779.4	420.9
779.9	419.8
781.05	420.05
780.8	418.6
781.65	420
783.7	418.05
782.2	416.95
783.05	416.5
782.65	416.75
783.3	414.1
782.35	412.55
783.65	413.4
783.05	414.9
784.4	417.65
785.2	416.5
786.25	415.1
788.3	414.6
788.15	415.4
788.95	414.4
786.9	413.8
788.95	412.15
789.9	411.45
787.45	409.5
789.4	408.6
788.5	407.25
787.65	408.1
788.2	410.8
785.15	409.85
786.1	404.25
787.45	401.75
785.95	399.6
785.85	402.45
784.9	407.9
784.95	410.8
785.4	412.15
788.2	413.15
790.6	413.35
789.7	410.5
791.25	410.6
793.95	410.8
795.7	411.25
796.4	410.75
796.7	413.95
798.3	414.95
797.45	415
798.3	416.75
798.25	417.05
799.65	414.15
798.05	412.65
800	405.45
803.2	404.9
804.95	404
805.25	404.6
804.4	403.5
809.95	400.8
808.8	401.1
811.15	401.15
810.75	401.6
812.95	399.75
813.65	400
812.45	403.3
814.45	405.95
562.05	456.75
302	523.75
299.9	526.9
294.55	527.1
297.65	525.1
298.9	525.45
301.15	523.9
302.85	519.55
306.35	520.35
307.55	519.85
312.25	516.85
313.1	516.7
315.15	517.7
316.5	516.5
316.25	516.5
316.9	514.4
318.85	512.15
316.6	512.35
317.95	510.2
317.9	509.55
318.1	509.05
318.4	507.9
320.6	503.8
319.35	503.3
319.45	502.45
320.9	500.7
320.25	500.4
318.55	499.95
318.1	502.45
616.35	421.9
0	0
0	0
0	0
0	0
757.6	399.75
759.2	403.05
758.8	402.35
759.35	400.4
758.05	404.45
759.45	401.95
758.95	397.9
760.3	397.3
764.1	396.05
763.95	398.4
764.45	398.6
767.8	392.55
766.35	398.8
770.5	396.55
769	399.6
765.7	398.7
764.4	396.65
765.25	397.45
769.3	395.1
765.15	395.45
762.45	399.95
758.2	401.3
758.85	401.85
760.15	403
762	401.2
0	0
0	0
0	0
0	0
0	0
0	0
667.25	429.4
668.5	431
668.95	435.95
671.6	439.2
668.85	440.25
664.35	435.6
665.35	429.75
663.95	426.7
666	434.8
670.95	437.7
670.8	433.4
666.6	431.3
670.55	429.05
0	0
0	0
0	0
0	0
0	0
0	0
736.3	372.95
739.7	377.15
741.15	382.6
741.15	381.3
741.95	383.5
742.75	386
744.65	386.9
745.25	389.45
745.9	389.7
746.35	390.05
745.85	390.75
747.05	390.1
746.5	391.4
0	0
0	0
0	0
0	0
0	0
0	0
737.45	410
732.85	416.6
732.35	418.75
732.2	420.7
731.8	419
731.75	415.15
729.85	410
757.5	399.95
750.5	401.8
750.15	404.8
750.3	409.85
752.75	410.65
755.7	412.05
757.15	411.75
757.35	410.8
757.2	408.2
758.85	407.9
757.85	413.05
766.15	416.05
1138.45	562
0	0
0	0
0	0
0	0
0	0
0	0
639.25	417.75
636.45	419.15
634.1	418.3
638.85	415.55
640.2	414.3
705.35	415.1
734	412.1
741.05	413.35
734.9	417.45
737.65	417.2
740.25	412.55
735.6	410
737.85	407.55
737.55	409.25
738	411.9
739.55	414.05
740.45	412.65
739.65	412.75
735.8	413.25
732.75	413.45
0	0
0	0
0	0
0	0
0	0
522.9	541.95
523.7	544.25
519.85	550.3
517.95	551
514.15	551.95
514.5	551.5
516.6	554.85
516.45	552.45
519.45	546.4
517.8	544.8
515.25	542.65
517.3	538.85
519.1	532.65
524.9	530
525.75	530.35
525.65	530.45
527.5	530.9
552.15	468.85
553	470.65
552.4	470.65
554.2	465
555.5	464.85
556.15	464.9
562.95	514.85
0	0
0	0
0	0
0	0
683.2	466.25
681.85	463.9
483.3	465.15
509.2	464.1
506.9	463.3
505.2	465.5
503.55	468.35
504.1	468.4
526.05	461.4
526.85	461.85
521.55	462.45
559.95	462.1
664.45	468.3
662.15	469.5
663.15	470.1
665.25	466.7
664.7	468.55
664.65	468.55
662.65	469.5
752.8	458.5
746.4	460.85
747.9	461.8
748.8	464.25
756.85	462.55
817.95	466.15
814.05	466.45
814.5	467.05
830.05	555
0	0
0	0
0	0
0	0
792.55	443.25
792.8	459.5
791.9	459.25
791.9	459.7
790.7	460.25
773.95	459.9
776.75	457.35
773.5	456.35
774.65	460.25
773.9	462.5
770.9	462.9
785.5	459.6
822.9	458.35
819.85	460.4
817.55	458.7
817.3	458.8
817.1	458.4
819.25	463.55
818.75	464.4
820.7	461.35
825.3	458.7
0	0
0	0
0	0
0	0
0	0
0	0
694	446.4
691.2	442.65
691.7	446.8
693.4	452.9
692.55	453.5
693.7	457.65
697.65	455.7
616.65	500.6
620.7	501.45
621.1	504.6
624.55	508.35
625	508.4
621.4	507
621.4	512.95
521.55	544.5
532.8	536.9
530.9	538.25
528.4	539.85
528.05	541
529	538.05
528.35	540.45
528.15	542.8
527.35	541.1
526.65	539.3
600.1	713.65
0	0
0	0
0	0
0	0
0	0
509.4	548.15
504.7	556.65
505.3	551.65
507.65	552.3
503.5	555.85
500.8	559.4
525.5	557.55
1066.3	626.5
1069.45	631.55
1070.6	631.5
1074.4	630.75
1074.15	630.95
1074.5	632.55
1072.8	633.25
1073.55	635.15
1074.6	642.1
1078.2	640.7
1078.6	643.05
1079.8	644.2
735.6	566.6
558.15	558.35
559.85	564.05
556.4	566.65
551.45	563.75
552.45	564
551.35	562.1
556.4	563.1
554.85	567
553.1	566.85
551.1	567.95
551.6	566.75
553.75	563.6
551.45	562.65
552.4	562.5
553.2	560.7
499.05	545.75
504.25	544.9
0	0
0	0
0	0
0	0
0	0
524.1	422.95
527.2	431.05
529.5	436.25
531.85	437.65
538.35	435.15
527.4	487.85
525.65	496.35
527.05	498.1
525.15	501.4
524.55	498.3
524.6	496.35
601.4	510.5
601.45	510.25
603	509.2
605.5	504.8
605.45	504.3
603	502.45
604.85	502.9
603.95	502.5
740.75	518.7
778.45	506.15
781.2	503.65
780.1	505.25
780.7	505.45
779.95	503.35
779.7	502.05
779	505.65
802.2	653.55
0	0
0	0
0	0
0	0
341.5	371.85
339.1	379.25
339.15	383.45
342.2	382.55
532.65	447.1
674.6	501.4
678.7	504.9
683.3	506.45
683.7	505
682.5	503.65
683.35	505.2
683.35	507.55
685.65	507.5
710.85	519.6
712.3	517.65
712.4	510.25
712.4	508.6
710.3	511.45
715.05	520.7
786.2	507.9
790.35	515.95
790.6	518.7
786.8	512.75
543.2	509.25
553.6	501.5
552.25	499.6
551.9	497.75
548.2	501
547.95	500.95
549.05	502.95
548.75	502.2
548.7	501.7
551.55	499.5
566.55	507.1
819.5	533.2
816.15	530.85
817.55	529.05
815.7	523.7
817.7	525.1
818.65	526.45
783.15	503.6
786.05	510.1
785.5	510.2
786.6	514.45
787.95	513.75
789.15	518.15
792.65	520.95
0	0
0	0
0	0
0	0
923.2	499.05
923.75	501.25
926.8	498.45
927	496.3
927.05	496.4
926.65	497.3
927.15	497.3
1026.1	617.7
1019.1	605.2
1021.25	605.2
1020.5	607.25
1017.35	604.4
1017.9	603.75
1017.05	607.05
1016.2	603.95
1016.1	605.85
1060.3	613.25
1051.45	613.6
1047.9	617.85
1045	614.6
924.15	524.45
528.5	324.8
542.35	335.8
544.4	330.5
540.25	333.85
538.65	334.4
537.85	334.55
536.5	334.2
539.75	330.8
542.45	331.7
510	483.6
527.6	476.25
525.5	478.55
525.7	474.8
527.1	473.1
532.5	473.65
512.15	498.1
511.05	500.65
514.15	499.4
517.65	501.75
520.85	504.15
521.1	504.6
702.6	509.25
731	522.3
729.35	521.45
729.55	522.1
728.75	512.05
727.6	507.8
651.75	510.35
655.9	515
653.55	512.6
652	513.55
652.15	515.8
653.25	514.95
540.1	525.3
0	0
0	0
0	0
0	0
525.25	519.25
523.75	516.2
528.9	514
568.4	515.95
561.35	512.35
563.3	512.65
562.65	511.95
561.95	513.25
700.7	655.1
0	0
0	0
0	0
0	0
709.15	490.5
711.85	497.1
713.05	498.75
715.3	500.6
683.1	513.8
673.15	517.1
671.65	519.55
671.45	521.45
669.1	522.2
670.75	520
670.25	520.7
668.45	522.55
669.35	522.5
668.3	523.35
667.9	519.9
670.55	521
671.15	519.9
671.05	519.85
670.05	521.35
673.05	518.1
673.65	521.25
521.4	516.25
544.2	518.35
543.45	515.7
543.85	516.05
544.7	515.75
544	516.95
547.3	517.5
549.3	517.15
551.85	518.05
552.85	518.1
554.25	518.7
556.35	517.55
555.35	517.9
554.95	518.8
554.5	516.4
0	0
0	0
0	0
0	0
0	0
0	0
577.55	486.1
579.2	486
586.3	483.65
589.85	481.65
591.5	484.7
591.8	480.7
820.55	568.25
1014.45	632.45
1027.6	634.7
1031	637.3
1035.5	633
1035.6	639.2
1033.7	640.5
1017.05	627.7
598.85	500.15
628.25	506.55
628.95	507.85
627.15	512.6
627.4	513.05
630	513.55
632.25	510.15
634.55	508.85
633.75	511.2
637.65	506.95
636.9	505.45
636.45	502.25
637.95	502.65
639.6	499.7
639.7	499.3
641.65	500.85
639.6	502.4
641.5	501.2
643.8	494.65
640.65	493.7
642.3	495.7
644.75	493.95
644.5	494.05
643.5	497.9
648.1	493.15
649.7	490.8
650.65	493.8
568.15	506.25
567.55	506.4
569.6	506.75
570.4	508.3
573.35	508.9
623.25	515.5
616.85	512.7
615.75	512.4
622.1	557.5
0	0
0	0
0	0
0	0
767.45	534.4
766.15	537.15
769.65	541.7
768.05	545.15
769.15	544.6
771.1	545.45
640.95	523.95
565.35	522.8
564.9	525.35
564.65	528.9
564.7	527.7
562.05	527.85
540.2	531.2
543.3	531.05
545.75	529.3
546.6	526.1
546.65	525.25
546.4	525.9
543.35	529.7
541.7	532
0	0
0	0
0	0
0	0
641.6	510.15
638.4	518.35
631.35	516.5
632.95	517.7
635.75	515.45
638.6	512
640.3	511.1
643.3	509.85
643.4	511.85
646.6	512.1
646.5	515.15
696.2	539.6
693.9	541.65
689.7	540.8
689.75	542.85
691.35	543.2
693.95	544.45
695.3	542.3
670.75	579.45
677.8	565.6
676.2	562.85
679.75	559.65
677.25	561.9
680.45	562.55
681.6	559.3
681.05	557.4
685.85	558.35
686.45	561.9
686.3	559.3
684.05	558.3
685.4	556
685.7	558.5
689.15	560.7
0	0
0	0
0	0
0	0
0	0
680.45	522.8
679.9	528.95
680.2	527.2
678.3	527.2
681.5	526.2
682.35	523.85
679.35	522.65
639	477
338.1	89.6
354.85	115.75
356.3	106
352.2	112.5
351.95	114.4
349.6	117.05
349.65	120.3
347.75	123.35
462.65	218.95
703.05	503.85
694.2	486.15
698.1	484.85
697.9	487.55
699.25	488.95
698.35	489.75
696.7	491.95
696.5	492.7
697.95	492.7
678.85	480.15
643.15	437.95
645.75	438.05
645.75	438.05
647.95	437.25
649.5	436.75
652.45	491.8
0	0
0	0
0	0
524.6	378.3
524.55	387
526.45	387.6
527	386.6
529.55	381.95
529.35	382.05
531.15	383.55
531.15	383.55
532.1	383.05
532.8	383.65
533.95	381.6
532.05	380.25
533.3	379.95
534.9	377.75
537.7	376.55
537.2	378.95
536.75	378.45
537.35	381.55
539.05	382.9
541.15	386.6
542.75	386.8
546.2	386.6
549.75	384
547.05	386.05
550.4	391.15
0	0
0	0
0	0
0	0
532.7	380.4
529.35	381.8
530.15	380.8
533.45	378.25
534.2	383.05
599	391.75
591.25	386
589.2	383.5
587.7	381.65
593.15	379.9
592.4	377.5
590.4	376
589.1	376.05
737.55	507.9
728.7	495.9
727.9	498.1
731.6	497
730.9	498.7
732.15	495.75
727.45	490.6
0	0
0	0
0	0
0	0
611.3	400.85
607.15	397.15
604.45	395.65
604.2	394.3
607.8	394.45
609.65	391.95
611.8	386.3
718.1	454.95
707.9	444.15
709.05	445.6
711.7	446.25
713.6	445.35
713.9	444.3
715.15	496.75
716.8	497.1
718.05	493.65
718.4	494.9
718.95	492.45
717	491.6
715.8	489.6
716.65	489.15
719.7	492.75
718.45	496.3
719.5	499.25
720.9	500.55
722.7	499.15
723.9	497.6
723.1	498.2
725.45	498.4
723.85	497.4
728.15	498
589.25	341.1
577.75	327.05
582.4	326.5
581.65	324.65
582	322.1
580.5	321.5
580.95	322.7
578.9	383
0	0
0	0
0	0
0	0
600.95	359.35
599.75	358.5
598	356.05
600.1	353.15
600.65	343.65
713.95	457.8
720.25	492.75
721.95	489.55
722.35	487.3
727.75	488.35
726.55	492.25
726.65	493.05
727.35	493.2
727.85	496.6
728	501.75
729.3	503.15
728.35	500
730.25	500.15
729.65	498.2
730.75	501.5
730.15	497.85
731.1	499.15
731.4	499.8
734.3	497.7
732.55	495.65
733.25	496.6
734.25	492.95
739.1	490.15
738.85	487.95
738.6	488
736.7	490.05
736.15	490.85
738.65	491
740.05	491.2
740.9	488.85
742.2	487.75
744.9	486.95
748.1	482.95
749.2	479.8
747.6	479.7
749.5	477.75
748.75	478.95
751.35	477.65
752.65	476.6
755.6	478.45
755.15	478.55
753.45	479.85
753.9	480
752.6	478.2
752.95	477.6
755	475.75
757.15	476.15
757.95	472.25
757.8	474.45
752.35	477.6
751.5	479.1
752.75	479.9
753.3	479
683.35	420.15
685.15	423.55
687.45	425.6
686.3	424.8
684.7	426.45
0	0
0	0
0	0
403.25	440.35
404.15	442.5
402.7	437.3
402.7	435.8
402.35	434.8
403.05	429.45
403.9	429.25
403.1	430.25
409.3	431.2
619.1	478.45
615.7	477.95
617.6	484.5
617.3	483
618.6	483.45
619.9	483.4
618.5	485.7
619.25	487.4
620.1	485.55
617.95	485.1
616.6	485.1
613.2	484.15
613.25	484.25
614.1	482.4
402.9	449.2
371.65	435.7
371.6	433.9
369.9	432.75
367.35	438.6
366.95	439.05
367.75	437.35
370.2	434.6
368.45	435.3
366.95	436.1
368.4	437.65
363.95	436.65
367.55	434.55
0	0
0	0
0	0
0	0
0	0
724.8	419.95
723.1	422.55
721.6	417.75
717.65	418.1
717.15	413.2
718.7	415.05
719.9	418.6
719.85	418.5
724.95	414.2
727.05	414.15
729.9	410.95
729.2	408.7
734.4	409.1
738.65	409.15
740.25	407.7
736.15	406.6
739.75	402.8
740.2	407.6
763.85	510.7
768.05	495.05
769.5	490.5
772.65	494.1
773.7	494.9
775.35	497.5
775.35	499.75
774.95	499.5
775.7	500.4
776.85	499.75
778.15	501.45
778.55	500.3
783.6	495.6
939.85	458.4
1054.7	455.3
1053.7	456
1054.4	456
1052.45	456.95
981.1	420.1
737.1	341.6
732.7	337.15
734.4	337.15
735.45	338.25
738.55	333.55
741.15	334.6
742.35	336.05
743.05	331.4
745.1	330.55
745	330.75
744.7	332.25
743.25	335.85
741.8	338.15
742.6	338.9
739.1	281.5
743.15	285.2
740.9	282.95
743.15	282.7
742.35	284.4
741.2	291.25
735.45	296.35
738.3	296.1
739.55	297.15
600.6	333
364.15	466.3
367.45	454.05
364.05	455.45
362.05	455.3
363	457.25
358.75	458.55
360.6	456.4
361.75	458
362.1	459.8
363.65	458.95
366.65	465.05
0	0
0	0
0	0
723.05	333.25
720.05	349.5
717.25	353.7
721.35	352.45
720.8	348.55
722.85	348.9
725.4	349.3
726.8	346.05
724.45	345.15
817.35	396.45
814	390.55
819.35	388.4
823.45	386.7
823.8	387.95
825.15	389.75
824.85	389.95
824	391.55
826.6	389.6
824.55	390.1
827	389.4
828.35	390.6
827.85	392.6
452.05	326.6
470.8	328.05
467.5	330.2
463.65	331.35
461.7	334.05
461	335.95
467.15	333.45
470.75	336.4
471.55	336.85
472.95	336.4
471.45	340.05
693.05	321.15
762.85	320
768.05	317.05
771.65	315.15
773.3	310.5
775.5	314.9
779.35	312.5
782.45	311.5
781.05	310.5
784.1	312.3
787.35	319.8
0	0
0	0
0	0
914.6	387.7
918.2	384.45
916	382.15
917.55	376.35
914.9	378.8
913.8	380.35
914.75	380.3
916.85	377.15
903.95	378.65
671.7	371.25
684.05	372.9
681.35	370.95
674.1	374.6
676.7	370.35
675.8	366.25
674.85	366.8
676.6	361.75
676.3	365.3
677.05	368.85
679.15	368.65
660.8	370.4
476.2	322.05
495.7	326.6
490.75	325.3
487.85	326.5
487.2	326.65
486.5	327.25
484.55	326.2
484.55	323.8
486.7	325.25
484.85	326.75
485.85	324.55
909.9	384.3
888.75	382.25
895.1	382.5
900.4	384.35
898	384.2
0	0
0	0
0	0
1043.4	694.8
1047.6	713.6
1051.25	715.3
1061.95	714.6
1028.2	657.9
695.65	453.85
716.35	446.45
711.6	447.9
712.55	445.35
709.95	441.75
709.7	443.9
710.05	440.45
708.85	444.2
708.6	443.75
599.55	437.5
593.05	436.8
590.55	434.15
590.75	438.95
589.9	435.85
588.4	436.85
0	0
0	0
0	0
0	0
710.8	397.05
716.05	389.75
716.7	386.1
719.1	380.05
720.05	378.6
721.55	379.45
722	375.95
721.15	380.85
719.35	383.15
718.3	380.95
715.25	384.7
715.25	383.65
715	385.05
715.3	384.8
629.45	395.95
628.3	391.65
627.45	388.2
627.3	387.15
629.35	386.55
845.9	262.55
836.15	269.5
840.75	265.25
842.4	267.9
842.8	273.35
847.5	271.6
849.15	267.55
851.35	266.25
844.4	261.15
790.55	195.05
794.55	196.35
795.95	194.8
796.55	197.9
819.1	529.9
0	0
0	0
0	0
0	0
0	0
584.65	418.5
575.95	422.3
581.05	423.8
583.7	429.6
585.85	418.7
584.55	421.1
582.15	422.8
656.85	421.2
691.4	431.7
696.85	435.25
700.85	431.45
698.65	431.75
700.85	432.65
696.9	427.9
692.55	425.25
696.65	427.8
697.65	434.85
696.65	434.45
696.05	433.1
694.85	436.2
696.45	437.7
615.55	379.4
519.35	345.55
517.55	349.35
0	0
0	0
0	0
0	0
0	0
0	0
598.55	381.1
599.05	388.3
598.4	389.65
595.4	390.3
592.05	388
590.1	391.8
588.55	391.6
587.7	389.05
590.45	385.4
586.95	384.7
585.05	390.85
670.9	385.85
668.5	386.3
666.2	384.35
665.25	382.3
664.3	378.95
663.25	377.9
662.2	376.25
661.65	376.05
661	376.65
660.65	375.05
658	375.6
0	0
0	0
0	0
0	0
0	0
846.85	379.5
838.8	384.6
839.25	392.45
839.8	392.95
844.9	394.9
848	392.55
842.05	387.95
673.7	417.15
677.85	410.05
678.4	411.35
675.1	413
672.45	413.05
670.6	413.9
668.6	413.2
665.85	415.65
666.25	415.25
665.55	417.5
820.45	363.1
809.95	361.35
808.65	357.8
814.4	355.45
812.45	353.8
810.95	353.2
530.55	234.3
508.4	233.05
503.2	233.3
500.9	235.8
503.7	236.6
507.4	232
561.85	262.5
559.65	256.6
562.65	255.8
568.4	254.9
573.5	250.1
586.2	248.1
619.8	239.55
625.35	239
629.8	237.8
633.5	235.9
636.9	235.35
640.45	237.3
641.95	237.9
795.55	333.4
810.75	345.95
814.9	352.8
822.6	354.2
828.95	349.45
834.05	345.75
839.5	352.1
835.35	349.9
834	358.65
561.8	236.05
594.2	241.55
588.2	243.8
589.95	233.3
589.3	237.75
592.1	231.75
591.15	232.7
592.45	232.25
591.55	231
594	236.35
596.05	235.2
597.65	229.65
815.2	292.55
793.55	293.7
799.05	290.95
803.15	291.3
802.6	292.8
803.4	291.95
806.7	292.65
792.8	311.85
695.3	479.8
695.25	477.35
692.55	479.5
694.45	476.15
694.25	477.6
696.3	471.65
694.1	465.75
695.4	464.7
691.45	471.75
693.5	471.6
691.3	472.9
692.5	470.1
692.85	471.2
693.15	470.2
696.75	469.05
696.95	466.75
0	0
0	0
0	0
0	0
609.95	461.7
609.15	465.55
614.45	463.05
617.55	463.45
621.3	462.1
625.3	462.55
625.55	458.65
626.7	457.1
626.4	460.55
625.45	458.45
623.15	458.4
627.15	406.2
625.3	330.3
629.95	330.8
628.5	330.45
630.05	329.8
630.4	311.35
666.65	208.7
664.7	211.75
664.5	212.65
668.1	210.6
668.15	212.45
668.4	214.7
669.2	213.9
672.05	217.6
614.15	201.85
621.3	225.25
0	0
0	0
0	0
0	0
594.85	212.35
599.35	214.15
595.15	216.05
597.7	213.65
603.2	212.4
606.75	214.95
609.3	214.7
611.2	213.15
616.05	211.65
546.35	233.75
564.3	230.95
565.8	228.75
566.85	228.5
568.15	229.9
569.5	230.15
572.35	228.5
575.35	229.3
576.15	230.7
578.3	229.85
579.35	228.45
581.15	230.1
583	231.5
585.9	227.9
588.7	227.8
590.5	227.45
590.9	224.65
625.6	385.75
619.75	360.2
619.1	359.95
618.1	360.75
618.65	360.55
619.55	359.95
618.95	361.55
618.35	361.15
620.7	360.45
675.85	400.55
676.2	398.85
677.6	400.2
678	401.3
677.6	403.75
677.55	404.05
676.4	404.2
624.95	480.3
629.15	472.9
628.1	470.6
627.55	472
626.05	474.6
626.85	474.2
627.55	475.2
627	475.55
629.25	477.25
637.65	509.35
637.1	501.15
638.2	502.6
638.85	503.9
639.5	505.7
641.1	502.8
641.65	504.6
642.15	504.45
642.45	505.25
643	506.6
644.1	504.75
644.65	504.45
644.4	507.35
645.25	507.45
646.95	507.05
651.4	508.1
651.9	510.1
651.9	507.6
654.8	503.95
653.45	502.6
654.8	505
655.55	506.25
657.4	507.75
476.25	362.55
482.15	373.35
480.4	369.75
477.9	367.05
476.45	364.1
475.95	359.25
476.9	357.3
480.55	356.45
480.4	355.65
451.4	428.7
452.65	429.75
452.8	432.65
453.8	433.75
456.25	433.85
455.15	437.3
456.2	434.65
457.05	431.95
455.3	433.1
459.45	434.65
628.55	436.05
860.1	453.35
863.45	456.2
868.45	451.55
870.75	449.1
873.55	450.35
874.8	449.9
877.05	447.55
876.4	447.75
879.9	447.3
881.15	448.15
884.15	450.35
883.9	449.5
883.65	449.7
883.95	452.7
885.2	458.25
886.4	457.45
883.85	457.5
884.1	454.65
882.65	455.9
883.9	454.25
883.05	455.35
886.6	455.7
659.1	397.15
604.45	397.8
602.45	395.9
608	398.25
0	0
0	0
0	0
596.85	421.95
587.85	424.15
589.65	423.05
591.65	419
591.2	419.65
592.9	419.1
595.05	419.2
597.1	420.2
598.7	423.35
598.4	426.85
598.45	428.8
604.55	440.95
600.2	443.7
601.05	450.15
597.35	456.1
596.65	464.6
586.9	470
586.45	477.65
586.85	486.75
724.25	388.1
713.35	414.25
713.55	419.2
712.35	424.25
711.65	426.85
709.85	430.9
708	434.5
709	435.05
711.6	441
715.85	445.1
715.5	446.25
720.5	448.45
718.05	453.65
714.2	456.15
714.7	455.85
723.3	553.55
0	0
0	0
0	0
716.85	319.1
715.55	331.95
717.85	331.3
720.6	337.95
715.9	333.25
718.75	337.2
720	331.5
715.9	331.5
662.5	423
656.7	415
653.45	416.3
660.65	407.1
657.7	406.15
701.8	524.85
700.85	510.25
700.55	509.4
699.35	511.05
697.9	508.35
701.4	505.45
703.55	493.8
704	494.95
701.8	490.95
697.5	487.2
697.1	487.45
688.15	480.6
688.35	481.25
685.9	476
679.4	476.95
581.1	449.05
529.55	421.8
523.6	420.15
520.4	422.45
518.35	416.55
618.15	463.45
644.75	475.45
644.65	476.1
647.25	475.3
646.1	478.1
643.85	478.5
644.35	477
639.65	480.7
638.9	480.8
639.1	481.3
638	482.4
638.6	481.15
638	483.35
639.05	479.2
635.7	477.8
633.9	477.6
632.95	478.05
630.1	478.5
628.8	476.6
631.35	472.3
702.25	452.75
689.4	459.8
688	459.65
688.65	460.25
691.05	458.5
691.7	455.95
691.95	457.6
694.1	461.55
601.45	369.05
600.4	372.35
604.25	368.75
602.75	365.55
597.5	361.6
598.6	345.05
596.2	342.45
592.8	335.9
595.6	330
593.3	334.95
766.4	413.55
752.35	401.9
752.2	395.3
754.85	395.9
753.45	395.05
753.5	391.5
756.85	389.25
758.7	383.95
756.9	383.55
650.8	410.3
664.7	407.05
660.15	401.4
664.7	401.5
663.6	404.3
666.1	407.7
666.9	406.75
666	408.15
663.3	415.85
659.5	415.75
666.15	411.9
667.6	408.45
662.7	412.85
663.8	417.25
893	404.6
922.3	395.95
923.5	397.15
929.15	399.4
930.1	398.35
927.15	399.9
924.3	395.75
926.8	388
926.3	382.7
925.65	376.05
816.55	371.35
792.85	366.8
792.55	366.95
790.75	362.05
786.95	359.35
0	0
785.1	354.85
784.65	354.5
786.2	343.85
821.3	627.8
0	0
0	0
0	0
632.25	333.6
634.5	329.55
634.7	329.6
636.45	326.1
637	324.85
636.95	328.2
636.25	331.7
629.6	339.15
456.05	397.35
475.8	391.8
477.2	392.95
473.05	391.6
472	393.5
474.5	394.3
473.85	395.3
506.25	400.6
501.6	401.4
501.25	402.4
503	401.85
504.4	405.25
505.15	408.6
508	406.85
507.85	410.05
509.8	407.35
511.4	411.2
512.15	416.95
507.4	426.55
506.95	430.5
509.25	432.4
510	431.3
508.45	432.2
509.15	431.6
507.75	431.9
507.45	429.5
507.95	431.85
510.25	427.25
512.5	426.9
513.4	426.15
512.55	425.9
508.5	428.2
505.5	429
508.9	430.75
505	431.4
506.2	428.9
509.15	428.8
507.95	428.8
507	431.25
509.35	428.2
513.25	427.75
511.75	428.7
516.1	426.75
514.8	427.75
515.2	429.45
748.65	525.15
740.9	538.85
741.35	539.55
743.6	541.6
748.2	540.8
749.7	540.9
749.05	539.15
750.2	538.15
752.7	545.5
843.05	395.05
833.5	409.85
836.95	411.3
838	404.8
840	401.75
840.35	398.7
838.2	400.7
840.9	401.95
843.55	402
570.75	397.85
539.35	409.7
538.1	418.9
504.8	452.75
509.4	447
507.1	447.55
505.15	443.2
504	443.2
502.35	441.2
502.2	444.1
503.75	441.6
503.1	439.05
505.4	440.05
508.65	441.8
511.6	443.3
513.35	444.05
513.45	438.3
514.4	438.4
515.4	438.7
519.75	437.5
519.55	436.95
520.4	431.3
520.65	432.15
521.55	434.45
523.85	435.25
632.25	427.25
635.85	433.5
637.55	436.85
641.1	431.45
645.15	429.35
647.4	428.8
646.15	429.95
647.4	429.45
647.5	429.55
649.75	429.4
650.45	429.55
647.1	430
648.45	431.2
740.45	434.55
730.75	432.45
731.55	429.65
732.3	428.5
736.75	429.9
882.95	545.05
999.2	606.95
1011.15	610.1
1014.45	614.15
1015.3	613.65
1017.95	616.75
1015.8	619.95
1018.5	618.45
811.5	484.5
703.45	462
696.4	462.25
698	459.55
693.25	461.9
696.6	456.1
692.25	459.45
0	0
0	0
0	0
0	0
0	0
647.2	402.8
650.25	406.5
652.2	403.45
650.6	403.75
648.65	403.6
651.8	401.35
654	399.7
651	397.55
645.7	399.05
647.9	397.55
649.85	394.55
651.4	394
647.4	389.45
672.5	415.05
675.2	415.5
673.3	420.2
672.55	419.9
670.6	420.2
674	419.65
673.3	418.6
673.6	418.95
694.5	339.95
697.5	351.2
702.6	348.1
705.1	349.2
705.05	350.4
708.7	349.35
713.45	347.3
716.7	348.35
718.15	348.5
718.25	354.65
718.25	351.7
599.7	387.05
503	393.8
495.45	396.25
491.2	394.25
492.4	394.3
483.05	389.5
432.9	358.85
432.25	357.2
434.35	352.7
435.35	353.75
434.85	352.65
435.8	350.55
436.8	355.05
437.5	353.3
440.95	358.5
441.15	345.75
441.05	348.25
441.65	347.45
443.4	344.75
443.25	347.25
446.75	347.45
0	0
0	0
0	0
0	0
504.5	377.85
506.25	384.4
507	380.8
508.95	385.95
506.45	386.4
507.5	383.5
714.7	400.95
788.25	385.6
787.7	384.55
787.4	382.3
792.95	383.45
793.55	383.2
793.75	383.35
788.15	385.85
788.4	386.95
789.65	388.05
789.05	385.45
791	384.65
789.7	386.35
794.85	386.65
847.7	379.05
847.6	381.05
846.5	382.9
846	385.15
847.15	384.7
847.9	384.75
845.75	385.6
845.7	390.1
467.95	327.4
438.2	336.85
437.2	337.95
437.95	336.35
437.4	338.15
438.2	335.9
438.95	335
439.4	336.45
474.05	352.45
713.95	441.95
701.45	433.35
704.45	438.1
705	441.35
707.3	437.85
707.25	439.7
709.05	442.3
822.85	451.4
822.95	449.9
824.05	453
823.85	456.25
837.7	563.35
0	0
0	0
0	0
0	0
724.05	376.95
728.6	375.55
726.8	376
726.35	379.8
727.4	379.95
730.2	376.9
614.6	375
530.85	361.25
531.1	359.85
530.25	362.75
528.25	368.1
528.4	367
530.15	366.15
529.75	362.05
531.15	362.95
532.3	364.15
533.3	366.2
532.45	367.95
533.9	364.5
531.8	364.95
606.05	376.9
661.3	386.4
664.8	388.5
666.65	389.95
669.85	389.05
668.25	389.25
668.25	389.15
667.6	389.4
670.4	391.7
