0	0
0	0
0	0
0	0
0	0
0	0
0	0
0	0
0	0
0	0
0	0
0	0
0	0
0	0
205.52	332.47
255.01	300.91
309.01	269.35
361.5	242.1
370.5	237.79
370.5	237.79
366	237.79
358.5	237.79
357	237.79
357	237.79
352.5	239.23
331.5	292.3
313.51	369.76
312.01	392.71
312.01	398.45
312.01	398.45
312.01	398.45
312.01	398.45
307.51	394.15
300.01	388.41
298.51	385.54
297.01	385.54
297.01	385.54
297.01	385.54
297.01	385.54
304.51	379.8
321.01	372.63
336	371.2
340.5	369.76
340.5	369.76
340.5	369.76
340.5	369.76
340.5	369.76
340.5	369.76
340.5	369.76
340.5	369.76
339	369.76
330	366.89
315.01	364.03
309.01	361.16
309.01	361.16
309.01	361.16
309.01	361.16
309.01	361.16
309.01	361.16
309.01	361.16
309.01	361.16
309.01	361.16
309.01	361.16
309.01	361.16
309.01	361.16
309.01	361.16
309.01	361.16
309.01	361.16
309.01	361.16
309.01	361.16
309.01	371.2
310.51	375.5
313.51	379.8
316.51	386.98
328.5	397.02
342	405.62
349.5	409.93
358.5	412.8
372	417.1
385.5	421.4
406.5	424.27
415.5	425.71
417	427.14
417	427.14
417	427.14
417	427.14
417	427.14
417	427.14
418.5	428.58
418.5	430.01
420	430.01
420	430.01
420	430.01
420	430.01
421.5	430.01
421.5	431.44
421.5	431.44
421.5	431.44
421.5	431.44
421.5	431.44
391.5	418.53
358.5	388.41
339	364.03
321.01	333.9
315.01	316.69
315.01	313.82
315.01	313.82
315.01	313.82
315.01	313.82
315.01	313.82
315.01	313.82
315.01	313.82
315.01	313.82
315.01	313.82
315.01	313.82
315.01	313.82
313.51	300.91
312.01	273.66
315.01	219.15
325.5	166.07
334.5	130.21
337.5	118.73
339	115.87
339	115.87
339	115.87
339	115.87
339	115.87
339	115.87
339	115.87
339	115.87
333	141.69
325.5	163.2
325.5	166.07
324.01	167.51
321.01	177.55
318.01	186.15
318.01	186.15
318.01	186.15
318.01	186.15
318.01	186.15
318.01	186.15
318.01	186.15
318.01	186.15
318.01	186.15
318.01	186.15
318.01	186.15
301.51	177.55
291.01	167.51
283.51	153.16
282.01	145.99
282.01	145.99
282.01	145.99
282.01	145.99
283.51	145.99
283.51	145.99
283.51	145.99
283.51	145.99
283.51	145.99
283.51	145.99
283.51	145.99
283.51	145.99
283.51	145.99
283.51	145.99
283.51	145.99
283.51	145.99
283.51	145.99
283.51	145.99
283.51	145.99
283.51	145.99
283.51	145.99
283.51	145.99
285.01	140.25
289.51	111.56
294.01	90.05
297.01	81.44
297.01	81.44
297.01	81.44
300.01	84.31
301.51	105.82
298.51	118.73
295.51	124.47
292.51	124.47
270.01	124.47
240.01	113
222.01	95.78
210.01	81.44
204.02	72.83
201.02	68.53
201.02	68.53
201.02	68.53
201.02	68.53
201.02	68.53
201.02	68.53
201.02	68.53
201.02	68.53
201.02	68.53
196.52	68.53
189.02	68.53
189.02	68.53
196.52	68.53
243.01	74.27
328.5	87.18
420	104.39
487.49	118.73
550.49	131.64
610.48	141.69
649.48	148.86
674.98	160.33
691.47	183.29
686.97	233.49
653.98	305.21
593.98	382.67
509.99	461.57
460.49	494.56
446.99	498.86
446.99	498.86
446.99	498.86
446.99	498.86
449.99	491.69
449.99	491.69
449.99	491.69
449.99	491.69
454.49	491.69
484.49	496
530.99	501.73
553.49	506.04
556.49	507.47
562.48	508.91
571.48	513.21
580.48	517.51
587.98	518.95
592.48	518.95
596.98	500.3
589.48	421.4
560.99	329.6
530.99	233.49
508.49	135.95
497.99	85.74
496.49	49.88
497.99	25.5
499.49	12.59
499.49	6.85
499.49	5.41
499.49	5.41
499.49	5.41
499.49	5.41
499.49	5.41
499.49	5.41
499.49	6.85
488.99	26.93
460.49	61.36
429	91.48
403.5	113
378	137.38
360	157.47
351	167.51
348	170.38
348	173.24
346.5	173.24
346.5	173.24
346.5	174.68
345	176.11
345	176.11
345	176.11
345	176.11
345	176.11
345	176.11
345	176.11
340.5	186.15
337.5	190.46
337.5	190.46
337.5	190.46
337.5	190.46
360	173.24
408	145.99
458.99	120.17
488.99	105.82
515.99	92.91
520.49	88.61
520.49	88.61
520.49	88.61
520.49	88.61
520.49	88.61
520.49	88.61
520.49	88.61
520.49	88.61
520.49	88.61
520.49	88.61
520.49	88.61
520.49	88.61
520.49	88.61
520.49	90.05
511.49	100.09
497.99	108.69
496.49	110.13
496.49	110.13
496.49	108.69
491.99	98.65
491.99	80
494.99	65.66
497.99	57.05
497.99	57.05
497.99	57.05
497.99	57.05
497.99	57.05
497.99	57.05
497.99	57.05
497.99	57.05
497.99	57.05
497.99	57.05
497.99	57.05
497.99	57.05
497.99	57.05
497.99	57.05
497.99	57.05
497.99	57.05
497.99	57.05
497.99	57.05
497.99	57.05
497.99	57.05
497.99	57.05
497.99	57.05
497.99	57.05
497.99	57.05
497.99	57.05
497.99	57.05
497.99	57.05
497.99	57.05
497.99	57.05
497.99	57.05
497.99	57.05
497.99	57.05
497.99	57.05
497.99	57.05
497.99	57.05
485.99	62.79
467.99	74.27
436.5	102.96
400.5	137.38
367.5	168.94
337.5	196.2
313.51	214.84
289.51	227.75
273.01	234.93
250.51	237.79
223.51	236.36
202.52	232.06
180.02	222.02
162.02	209.11
150.02	197.63
144.02	193.33
144.02	193.33
144.02	193.33
106.52	244.97
49.53	332.47
18.03	372.63
9.03	382.67
9.03	382.67
9.03	382.67
6.03	361.16
1.53	290.87
0.03	224.88
6.03	153.16
12.03	98.65
19.53	65.66
24.03	51.32
25.53	49.88
25.53	49.88
25.53	59.92
21.03	125.91
22.53	203.37
36.03	256.44
70.53	329.6
100.52	398.45
99.02	461.57
78.03	514.64
61.53	536.16
51.03	541.9
51.03	541.9
57.03	510.34
81.03	463
103.52	437.18
117.02	425.71
117.02	425.71
117.02	425.71
117.02	425.71
117.02	425.71
112.52	441.49
109.52	457.27
109.52	457.27
115.52	455.83
150.02	430.01
208.51	376.94
253.51	315.25
282.01	233.49
294.01	145.99
298.51	100.09
304.51	51.32
315.01	11.15
0	0
0	0
0	0
0	0
354	69.96
393	170.38
415.5	213.41
418.5	217.71
418.5	217.71
418.5	217.71
418.5	217.71
418.5	217.71
438	204.8
482.99	186.15
581.98	178.98
677.98	199.06
737.97	240.66
766.47	288
0	0
0	0
0	0
0	0
763.47	497.43
722.97	488.82
665.98	460.13
587.98	395.58
536.99	329.6
526.49	300.91
527.99	276.52
538.49	255.01
563.98	220.58
581.98	197.63
587.98	187.59
589.48	174.68
590.98	164.64
590.98	163.2
590.98	163.2
584.98	171.81
548.99	230.62
511.49	283.7
493.49	300.91
493.49	302.34
491.99	302.34
491.99	285.13
499.49	234.93
524.99	164.64
550.49	115.87
568.48	101.52
580.48	104.39
598.48	135.95
614.98	201.93
614.98	246.4
613.48	252.14
613.48	252.14
607.48	250.7
578.98	216.28
551.99	154.6
541.49	92.91
538.49	65.66
538.49	58.49
538.49	58.49
538.49	58.49
538.49	58.49
538.49	58.49
538.49	55.62
529.49	31.23
523.49	6.85
0	0
0	0
0	0
545.99	25.5
551.99	52.75
551.99	81.44
542.99	133.08
530.99	166.07
503.99	194.76
472.49	201.93
411	190.46
351	168.94
283.51	141.69
241.51	121.6
232.51	115.87
232.51	115.87
232.51	115.87
232.51	115.87
232.51	115.87
232.51	115.87
223.51	130.21
183.02	170.38
103.52	229.19
64.53	252.14
60.03	255.01
60.03	255.01
60.03	255.01
79.53	237.79
141.02	204.8
210.01	184.72
273.01	178.98
310.51	178.98
328.5	181.85
330	181.85
330	181.85
330	181.85
330	181.85
330	181.85
340.5	186.15
385.5	203.37
426	219.15
442.5	224.88
445.49	226.32
445.49	226.32
443.99	226.32
436.5	220.58
427.5	214.84
424.5	201.93
430.5	180.42
461.99	150.29
529.49	120.17
589.48	108.69
635.98	101.52
647.98	101.52
652.48	104.39
652.48	113
647.98	121.6
644.98	125.91
629.98	131.64
616.48	134.51
601.48	138.82
575.98	148.86
539.99	167.51
491.99	190.46
449.99	200.5
420	200.5
408	197.63
402	191.89
399	174.68
400.5	156.03
402	151.73
402	151.73
402	151.73
402	151.73
387	171.81
343.5	229.19
309.01	267.92
289.51	290.87
288.01	292.3
288.01	292.3
288.01	292.3
288.01	292.3
301.51	285.13
309.01	283.7
309.01	283.7
310.51	286.57
310.51	293.74
310.51	305.21
310.51	316.69
313.51	323.86
321.01	329.6
324.01	332.47
325.5	332.47
325.5	332.47
325.5	332.47
325.5	332.47
325.5	332.47
325.5	332.47
325.5	332.47
325.5	332.47
325.5	332.47
325.5	332.47
325.5	332.47
325.5	332.47
325.5	332.47
325.5	332.47
325.5	332.47
325.5	332.47
325.5	332.47
325.5	332.47
325.5	332.47
325.5	332.47
325.5	332.47
325.5	332.47
325.5	332.47
325.5	332.47
325.5	332.47
325.5	332.47
325.5	332.47
325.5	332.47
325.5	332.47
325.5	332.47
325.5	332.47
325.5	332.47
325.5	332.47
325.5	332.47
325.5	332.47
325.5	332.47
325.5	332.47
325.5	332.47
325.5	332.47
325.5	332.47
325.5	332.47
325.5	332.47
325.5	332.47
325.5	332.47
325.5	332.47
325.5	332.47
325.5	332.47
325.5	332.47
325.5	332.47
325.5	332.47
325.5	332.47
325.5	332.47
325.5	332.47
334.5	339.64
358.5	361.16
376.5	379.8
385.5	388.41
385.5	388.41
385.5	388.41
385.5	388.41
385.5	388.41
385.5	388.41
385.5	388.41
385.5	388.41
385.5	388.41
385.5	388.41
388.5	388.41
402	379.8
408	375.5
412.5	369.76
418.5	361.16
426	345.38
433.5	320.99
441	302.34
451.49	282.26
457.49	276.52
457.49	275.09
464.99	279.39
472.49	289.43
476.99	299.48
478.49	303.78
478.49	305.21
478.49	306.65
478.49	308.08
478.49	308.08
478.49	308.08
478.49	308.08
478.49	308.08
478.49	308.08
478.49	308.08
478.49	308.08
478.49	308.08
478.49	308.08
478.49	308.08
478.49	308.08
478.49	308.08
478.49	308.08
478.49	308.08
478.49	308.08
478.49	308.08
478.49	308.08
478.49	308.08
478.49	308.08
478.49	308.08
479.99	322.43
484.49	336.77
488.99	346.81
494.99	351.12
494.99	351.12
505.49	343.94
520.49	323.86
523.49	300.91
509.99	279.39
500.99	270.79
488.99	265.05
479.99	259.31
475.49	247.84
470.99	230.62
466.49	214.84
464.99	209.11
464.99	209.11
461.99	206.24
458.99	204.8
452.99	201.93
451.49	197.63
451.49	183.29
452.99	164.64
458.99	150.29
463.49	143.12
466.49	141.69
469.49	141.69
476.99	141.69
488.99	138.82
509.99	138.82
529.49	138.82
575.98	140.25
625.48	154.6
661.48	184.72
680.97	217.71
692.97	237.79
698.97	253.57
689.97	270.79
652.48	288
566.98	283.7
460.49	255.01
343.5	211.97
288.01	193.33
285.01	191.89
285.01	191.89
285.01	191.89
271.51	183.29
252.01	170.38
243.01	163.2
243.01	161.77
249.01	158.9
265.51	154.6
273.01	154.6
273.01	154.6
271.51	153.16
264.01	150.29
259.51	150.29
258.01	150.29
258.01	150.29
255.01	150.29
249.01	153.16
240.01	170.38
229.51	196.2
223.51	222.02
217.51	256.44
211.51	286.57
204.02	313.82
198.02	325.3
189.02	336.77
178.52	353.98
171.02	371.2
163.52	392.71
160.52	415.67
160.52	428.58
159.02	437.18
159.02	442.92
159.02	448.66
159.02	450.09
159.02	450.09
159.02	450.09
159.02	451.53
168.02	460.13
198.02	468.74
246.01	473.04
312.01	471.61
360	470.18
378	468.74
381	467.31
381	467.31
381	467.31
381	467.31
381	467.31
381	467.31
381	467.31
381	467.31
382.5	464.44
417	419.97
466.49	349.68
494.99	302.34
506.99	269.35
506.99	252.14
506.99	246.4
506.99	246.4
506.99	246.4
506.99	246.4
506.99	246.4
506.99	247.84
517.49	265.05
533.99	282.26
545.99	288
563.98	286.57
596.98	272.22
619.48	256.44
628.48	243.53
631.48	236.36
631.48	236.36
631.48	236.36
616.48	250.7
590.98	288
566.98	318.12
556.49	331.03
544.49	342.51
536.99	345.38
518.99	345.38
493.49	333.9
475.49	319.56
455.99	298.04
446.99	275.09
449.99	255.01
463.49	239.23
479.99	230.62
497.99	224.88
509.99	220.58
520.49	220.58
532.49	222.02
545.99	229.19
548.99	229.19
548.99	229.19
548.99	229.19
548.99	229.19
545.99	230.62
542.99	232.06
539.99	233.49
536.99	233.49
533.99	234.93
532.49	234.93
532.49	234.93
542.99	232.06
580.48	223.45
602.98	219.15
610.48	219.15
610.48	219.15
610.48	219.15
610.48	219.15
610.48	219.15
610.48	219.15
610.48	219.15
610.48	219.15
610.48	219.15
610.48	219.15
610.48	219.15
596.98	219.15
544.49	216.28
497.99	211.97
449.99	207.67
394.5	203.37
384	203.37
384	203.37
387	203.37
400.5	209.11
411	213.41
427.5	219.15
439.5	226.32
443.99	259.31
439.5	305.21
427.5	353.98
408	388.41
378	397.02
334.5	355.42
315.01	290.87
298.51	242.1
276.01	186.15
250.51	150.29
234.01	133.08
231.01	131.64
231.01	131.64
229.51	135.95
226.51	147.42
226.51	154.6
225.01	163.2
225.01	167.51
223.51	174.68
220.51	196.2
220.51	213.41
220.51	216.28
220.51	216.28
220.51	216.28
220.51	216.28
220.51	216.28
220.51	217.71
204.02	243.53
181.52	293.74
160.52	339.64
145.52	371.2
133.52	395.58
124.52	417.1
120.02	431.44
120.02	435.75
135.02	437.18
213.01	428.58
358.5	404.19
476.99	395.58
503.99	405.62
505.49	422.84
497.99	448.66
487.49	478.78
478.49	506.04
470.99	530.42
466.49	543.33
464.99	547.64
464.99	547.64
464.99	547.64
464.99	547.64
464.99	539.03
464.99	528.99
454.49	517.51
443.99	501.73
442.5	480.22
464.99	451.53
502.49	431.44
532.49	422.84
557.99	414.23
575.98	404.19
589.48	388.41
599.98	361.16
607.48	329.6
613.48	300.91
614.98	292.3
614.98	290.87
614.98	290.87
614.98	290.87
614.98	290.87
583.48	316.69
535.49	351.12
502.49	371.2
481.49	381.24
461.99	388.41
448.49	392.71
448.49	392.71
448.49	392.71
448.49	394.15
448.49	394.15
448.49	394.15
448.49	394.15
448.49	394.15
448.49	394.15
448.49	394.15
448.49	394.15
448.49	394.15
448.49	394.15
448.49	394.15
448.49	394.15
445.49	391.28
429	384.11
406.5	368.33
384	349.68
351	312.39
315.01	265.05
279.01	209.11
256.51	176.11
249.01	163.2
249.01	163.2
249.01	163.2
249.01	163.2
249.01	163.2
252.01	163.2
258.01	164.64
273.01	166.07
289.51	163.2
298.51	160.33
309.01	158.9
312.01	157.47
312.01	157.47
312.01	157.47
312.01	157.47
312.01	157.47
312.01	157.47
312.01	157.47
312.01	157.47
312.01	157.47
312.01	157.47
312.01	157.47
312.01	157.47
312.01	157.47
312.01	157.47
312.01	157.47
319.51	158.9
349.5	163.2
405	168.94
449.99	171.81
479.99	173.24
482.99	174.68
482.99	174.68
482.99	174.68
482.99	174.68
482.99	174.68
482.99	174.68
479.99	174.68
475.49	176.11
455.99	177.55
376.5	189.02
268.51	211.97
196.52	234.93
165.02	244.97
151.52	247.84
142.52	247.84
135.02	247.84
129.02	247.84
127.52	247.84
127.52	247.84
127.52	247.84
127.52	247.84
127.52	247.84
127.52	247.84
127.52	247.84
127.52	247.84
114.02	279.39
81.03	374.07
57.03	440.05
51.03	454.4
49.53	458.7
49.53	458.7
49.53	458.7
49.53	458.7
49.53	458.7
48.03	455.83
45.03	408.49
73.53	310.95
126.02	189.02
153.02	128.78
178.52	91.48
201.02	77.14
252.01	77.14
355.5	92.91
432	115.87
458.99	130.21
460.49	131.64
464.99	134.51
469.49	135.95
473.99	138.82
481.49	141.69
496.49	150.29
517.49	158.9
548.99	166.07
581.98	171.81
622.48	178.98
647.98	183.29
671.98	189.02
692.97	199.06
710.97	211.97
725.97	227.75
739.47	247.84
752.97	283.7
757.47	323.86
751.47	358.29
725.97	401.32
674.98	455.83
632.98	491.69
607.48	510.34
589.48	523.25
578.98	534.73
569.98	539.03
548.99	540.46
502.49	533.29
441	521.82
366	513.21
321.01	511.77
307.51	511.77
307.51	511.77
306.01	513.21
304.51	526.12
303.01	553.37
0	0
0	0
0	0
0	0
0	0
253.51	572.02
267.01	553.37
286.51	541.9
306.01	537.59
312.01	536.16
312.01	536.16
312.01	536.16
312.01	536.16
312.01	536.16
313.51	531.86
313.51	524.68
313.51	523.25
313.51	523.25
313.51	523.25
313.51	523.25
313.51	523.25
313.51	524.68
322.51	533.29
342	541.9
364.5	553.37
385.5	564.85
399	572.02
405	573.46
405	573.46
405	573.46
406.5	573.46
408	573.46
408	573.46
408	573.46
408	573.46
408	573.46
408	573.46
408	573.46
402	567.72
366	531.86
289.51	452.96
255.01	399.89
250.51	389.85
250.51	389.85
258.01	388.41
262.51	389.85
265.51	389.85
265.51	389.85
265.51	389.85
265.51	385.54
258.01	352.55
238.51	302.34
226.51	253.57
243.01	176.11
307.51	107.26
387	75.7
460.49	75.7
472.49	77.14
472.49	77.14
464.99	82.87
460.49	84.31
457.49	88.61
451.49	107.26
448.49	127.34
443.99	157.47
441	190.46
436.5	211.97
433.5	219.15
433.5	223.45
433.5	224.88
433.5	224.88
433.5	224.88
433.5	224.88
433.5	223.45
438	197.63
442.5	170.38
443.99	158.9
443.99	157.47
443.99	157.47
443.99	157.47
443.99	157.47
443.99	157.47
443.99	157.47
443.99	157.47
443.99	157.47
443.99	157.47
443.99	157.47
443.99	157.47
443.99	157.47
443.99	157.47
435	161.77
409.5	167.51
375	167.51
349.5	167.51
333	166.07
327	164.64
325.5	164.64
325.5	164.64
325.5	164.64
325.5	164.64
349.5	167.51
402	160.33
442.5	154.6
490.49	150.29
511.49	150.29
512.99	150.29
509.99	170.38
482.99	223.45
445.49	280.83
391.5	361.16
343.5	418.53
319.51	437.18
319.51	437.18
319.51	437.18
325.5	399.89
358.5	313.82
400.5	236.36
421.5	194.76
435	173.24
436.5	170.38
436.5	170.38
436.5	170.38
436.5	170.38
436.5	170.38
436.5	170.38
436.5	170.38
436.5	170.38
436.5	170.38
436.5	170.38
436.5	170.38
436.5	170.38
436.5	170.38
436.5	170.38
436.5	170.38
436.5	170.38
436.5	170.38
436.5	170.38
436.5	170.38
436.5	170.38
436.5	170.38
436.5	170.38
436.5	170.38
436.5	170.38
436.5	170.38
436.5	170.38
436.5	170.38
436.5	170.38
436.5	170.38
436.5	170.38
436.5	170.38
436.5	170.38
436.5	170.38
436.5	170.38
436.5	170.38
436.5	170.38
436.5	170.38
436.5	170.38
436.5	170.38
436.5	170.38
436.5	170.38
436.5	170.38
436.5	170.38
436.5	170.38
436.5	170.38
436.5	170.38
436.5	170.38
436.5	170.38
436.5	170.38
436.5	170.38
436.5	170.38
436.5	170.38
436.5	170.38
436.5	170.38
436.5	170.38
436.5	170.38
436.5	170.38
436.5	170.38
436.5	170.38
436.5	170.38
436.5	170.38
436.5	170.38
436.5	170.38
436.5	170.38
436.5	170.38
436.5	170.38
436.5	170.38
436.5	170.38
436.5	170.38
436.5	170.38
436.5	170.38
446.99	161.77
457.49	156.03
461.99	154.6
464.99	153.16
464.99	153.16
464.99	153.16
464.99	153.16
464.99	153.16
464.99	153.16
464.99	153.16
464.99	156.03
461.99	167.51
460.49	176.11
460.49	177.55
460.49	177.55
460.49	177.55
460.49	177.55
460.49	177.55
460.49	177.55
463.49	173.24
470.99	164.64
478.49	156.03
481.49	150.29
481.49	150.29
481.49	150.29
481.49	150.29
481.49	150.29
481.49	150.29
481.49	150.29
481.49	150.29
481.49	150.29
481.49	150.29
481.49	150.29
481.49	150.29
475.49	150.29
451.49	153.16
429	154.6
415.5	156.03
415.5	156.03
415.5	156.03
415.5	156.03
415.5	156.03
417	156.03
433.5	154.6
451.49	153.16
463.49	151.73
467.99	151.73
467.99	151.73
467.99	151.73
467.99	151.73
467.99	151.73
467.99	151.73
467.99	151.73
467.99	151.73
461.99	151.73
441	154.6
417	156.03
406.5	158.9
400.5	160.33
399	160.33
399	160.33
399	160.33
399	160.33
405	160.33
429	151.73
449.99	141.69
461.99	137.38
467.99	134.51
467.99	134.51
467.99	134.51
467.99	134.51
467.99	134.51
467.99	134.51
467.99	134.51
467.99	138.82
463.49	143.12
461.99	145.99
460.49	147.42
458.99	147.42
458.99	147.42
458.99	147.42
458.99	147.42
458.99	147.42
458.99	147.42
458.99	147.42
458.99	147.42
458.99	151.73
458.99	156.03
458.99	158.9
460.49	160.33
463.49	163.2
466.49	167.51
470.99	173.24
473.99	178.98
475.49	183.29
475.49	184.72
475.49	186.15
475.49	186.15
475.49	186.15
475.49	186.15
475.49	186.15
475.49	186.15
475.49	186.15
475.49	187.59
473.99	191.89
469.49	200.5
467.99	206.24
464.99	213.41
461.99	219.15
461.99	223.45
460.49	224.88
460.49	224.88
460.49	224.88
460.49	224.88
460.49	224.88
460.49	224.88
460.49	224.88
460.49	224.88
460.49	224.88
460.49	224.88
460.49	224.88
460.49	224.88
460.49	224.88
460.49	224.88
460.49	224.88
460.49	224.88
460.49	224.88
460.49	224.88
460.49	224.88
460.49	224.88
460.49	224.88
460.49	224.88
460.49	224.88
460.49	224.88
460.49	224.88
460.49	224.88
460.49	224.88
460.49	224.88
460.49	224.88
460.49	224.88
460.49	224.88
460.49	223.45
467.99	209.11
475.49	193.33
479.99	184.72
479.99	184.72
479.99	184.72
479.99	184.72
479.99	184.72
478.49	186.15
470.99	197.63
464.99	207.67
461.99	211.97
458.99	217.71
445.49	224.88
415.5	236.36
391.5	246.4
370.5	253.57
358.5	257.88
351	260.75
349.5	260.75
349.5	260.75
349.5	260.75
348	260.75
336	262.18
322.51	260.75
318.01	247.84
330	213.41
351	187.59
369	173.24
370.5	171.81
370.5	171.81
370.5	171.81
361.5	173.24
343.5	176.11
330	177.55
324.01	178.98
322.51	178.98
322.51	178.98
324.01	168.94
337.5	138.82
351	120.17
360	107.26
364.5	102.96
364.5	102.96
364.5	102.96
364.5	102.96
364.5	102.96
364.5	102.96
364.5	102.96
355.5	101.52
348	95.78
345	87.18
345	77.14
346.5	69.96
352.5	64.23
358.5	62.79
361.5	62.79
364.5	62.79
369	64.23
375	69.96
379.5	82.87
378	98.65
367.5	128.78
349.5	158.9
337.5	177.55
333	181.85
333	181.85
333	181.85
321.01	177.55
304.51	173.24
283.51	173.24
267.01	174.68
258.01	178.98
256.51	180.42
256.51	180.42
256.51	184.72
259.51	191.89
265.51	199.06
273.01	206.24
276.01	210.54
280.51	213.41
288.01	216.28
300.01	220.58
315.01	227.75
334.5	234.93
351	240.66
361.5	244.97
366	247.84
366	247.84
366	247.84
366	247.84
366	247.84
366	247.84
366	247.84
366	247.84
366	247.84
366	247.84
366	247.84
366	247.84
366	247.84
366	247.84
366	247.84
366	247.84
366	247.84
366	247.84
366	247.84
366	247.84
366	247.84
366	247.84
366	247.84
366	247.84
366	247.84
366	247.84
366	247.84
366	247.84
366	247.84
366	247.84
366	247.84
366	247.84
366	247.84
366	247.84
366	247.84
366	247.84
366	247.84
366	247.84
364.5	246.4
363	243.53
363	240.66
361.5	239.23
361.5	239.23
361.5	237.79
360	237.79
360	237.79
360	237.79
360	236.36
358.5	230.62
352.5	222.02
342	210.54
336	203.37
334.5	199.06
333	197.63
333	196.2
333	196.2
333	196.2
333	196.2
333	194.76
334.5	193.33
334.5	191.89
337.5	191.89
339	190.46
345	187.59
354	183.29
370.5	174.68
381	167.51
387	164.64
387	163.2
387	163.2
387	163.2
387	163.2
387	163.2
387	170.38
384	184.72
376.5	209.11
366	233.49
357	249.27
354	257.88
351	262.18
349.5	266.48
348	270.79
346.5	275.09
343.5	280.83
343.5	285.13
342	288
342	288
342	288
342	288
342	288
346.5	289.43
352.5	290.87
354	290.87
357	292.3
358.5	292.3
369	289.43
382.5	282.26
399	269.35
411	256.44
415.5	249.27
418.5	242.1
418.5	230.62
411	217.71
390	204.8
373.5	196.2
354	187.59
342	183.29
328.5	181.85
312.01	181.85
297.01	184.72
282.01	191.89
267.01	203.37
255.01	216.28
249.01	229.19
244.51	237.79
241.51	247.84
241.51	260.75
247.51	273.66
256.51	283.7
270.01	295.17
292.51	309.52
315.01	318.12
345	320.99
384	320.99
412.5	318.12
448.49	308.08
479.99	295.17
503.99	286.57
514.49	283.7
514.49	283.7
514.49	283.7
514.49	285.13
514.49	299.48
509.99	318.12
505.49	328.16
502.49	335.34
500.99	338.21
500.99	338.21
500.99	338.21
500.99	338.21
500.99	338.21
496.49	335.34
490.49	326.73
490.49	323.86
488.99	316.69
488.99	306.65
487.49	295.17
485.99	277.96
482.99	259.31
481.49	244.97
478.49	226.32
478.49	206.24
481.49	190.46
482.99	183.29
484.49	183.29
484.49	183.29
484.49	183.29
484.49	183.29
469.49	219.15
442.5	260.75
415.5	288
400.5	302.34
396	305.21
396	305.21
396	305.21
396	305.21
396	305.21
396	305.21
396	305.21
396	305.21
396	305.21
396	305.21
396	305.21
397.5	303.78
399	293.74
402	279.39
402	260.75
402	243.53
399	226.32
393	206.24
390	183.29
390	163.2
393	148.86
394.5	141.69
394.5	141.69
394.5	140.25
394.5	140.25
394.5	140.25
394.5	140.25
394.5	140.25
394.5	140.25
394.5	140.25
394.5	140.25
394.5	140.25
394.5	140.25
394.5	140.25
394.5	140.25
394.5	140.25
394.5	140.25
394.5	140.25
394.5	140.25
394.5	140.25
394.5	140.25
394.5	140.25
394.5	140.25
394.5	140.25
394.5	140.25
394.5	140.25
394.5	140.25
394.5	140.25
394.5	140.25
394.5	140.25
394.5	140.25
394.5	140.25
394.5	140.25
394.5	140.25
396	140.25
397.5	141.69
399	143.12
400.5	143.12
400.5	145.99
400.5	160.33
400.5	171.81
399	180.42
397.5	183.29
397.5	186.15
397.5	189.02
396	191.89
396	193.33
396	193.33
396	193.33
396	193.33
396	193.33
396	193.33
396	193.33
396	193.33
396	193.33
396	194.76
394.5	211.97
391.5	224.88
390	237.79
388.5	246.4
388.5	249.27
388.5	249.27
388.5	250.7
388.5	250.7
388.5	250.7
388.5	250.7
388.5	250.7
388.5	250.7
388.5	250.7
388.5	250.7
388.5	250.7
388.5	252.14
390	257.88
391.5	262.18
393	263.61
394.5	265.05
394.5	266.48
396	266.48
397.5	267.92
399	267.92
402	267.92
405	267.92
408	266.48
411	263.61
414	259.31
414	252.14
409.5	240.66
403.5	230.62
394.5	217.71
388.5	207.67
381	197.63
375	190.46
364.5	180.42
352.5	171.81
339	164.64
324.01	157.47
312.01	151.73
306.01	148.86
304.51	148.86
304.51	148.86
304.51	148.86
304.51	148.86
304.51	148.86
304.51	148.86
304.51	148.86
298.51	150.29
295.51	150.29
292.51	151.73
291.01	151.73
289.51	153.16
288.01	157.47
285.01	163.2
283.51	167.51
282.01	173.24
279.01	178.98
279.01	183.29
277.51	190.46
276.01	193.33
276.01	196.2
276.01	199.06
276.01	201.93
276.01	203.37
276.01	204.8
276.01	206.24
276.01	206.24
276.01	206.24
276.01	206.24
276.01	206.24
276.01	206.24
276.01	207.67
276.01	213.41
277.51	222.02
280.51	227.75
283.51	234.93
288.01	242.1
289.51	246.4
289.51	247.84
291.01	247.84
291.01	249.27
291.01	249.27
291.01	249.27
291.01	249.27
291.01	249.27
291.01	249.27
291.01	249.27
291.01	247.84
289.51	219.15
286.51	186.15
286.51	164.64
286.51	153.16
288.01	150.29
292.51	143.12
300.01	137.38
306.01	133.08
307.51	131.64
307.51	131.64
307.51	131.64
307.51	131.64
307.51	131.64
307.51	131.64
307.51	133.08
307.51	144.56
307.51	156.03
307.51	168.94
307.51	180.42
307.51	189.02
307.51	191.89
307.51	193.33
307.51	196.2
307.51	199.06
307.51	201.93
307.51	203.37
307.51	204.8
307.51	206.24
307.51	207.67
307.51	207.67
309.01	209.11
309.01	210.54
309.01	214.84
312.01	220.58
316.51	227.75
322.51	237.79
328.5	250.7
334.5	266.48
340.5	283.7
346.5	309.52
352.5	331.03
357	348.25
364.5	371.2
372	392.71
379.5	411.36
384	421.4
387	430.01
391.5	435.75
397.5	441.49
403.5	444.36
411	447.22
421.5	450.09
430.5	451.53
432	451.53
432	451.53
433.5	448.66
439.5	428.58
443.99	409.93
445.49	401.32
445.49	399.89
445.49	399.89
445.49	399.89
445.49	399.89
446.99	398.45
452.99	394.15
457.49	389.85
464.99	385.54
475.49	376.94
493.49	364.03
515.99	348.25
539.99	328.16
551.99	316.69
557.99	312.39
557.99	310.95
557.99	310.95
557.99	310.95
557.99	310.95
557.99	310.95
557.99	310.95
557.99	310.95
556.49	300.91
544.49	283.7
518.99	262.18
478.49	242.1
435	229.19
409.5	220.58
394.5	217.71
387	216.28
381	214.84
379.5	214.84
379.5	214.84
379.5	214.84
381	214.84
406.5	226.32
441	242.1
466.49	253.57
482.99	263.61
488.99	269.35
488.99	270.79
490.49	273.66
491.99	280.83
493.49	290.87
496.49	300.91
500.99	310.95
508.49	320.99
515.99	328.16
523.49	333.9
527.99	336.77
529.49	336.77
529.49	336.77
529.49	336.77
529.49	336.77
527.99	336.77
509.99	322.43
485.99	298.04
464.99	277.96
436.5	252.14
412.5	230.62
388.5	217.71
364.5	206.24
339	196.2
321.01	189.02
301.51	180.42
288.01	174.68
283.51	170.38
282.01	168.94
280.51	168.94
280.51	168.94
280.51	168.94
280.51	168.94
280.51	168.94
280.51	168.94
280.51	168.94
280.51	168.94
280.51	168.94
280.51	168.94
280.51	168.94
280.51	168.94
276.01	167.51
261.01	161.77
246.01	157.47
238.51	156.03
237.01	156.03
237.01	156.03
237.01	156.03
237.01	156.03
237.01	156.03
237.01	156.03
237.01	156.03
237.01	156.03
237.01	156.03
237.01	158.9
238.51	163.2
238.51	164.64
238.51	167.51
238.51	168.94
238.51	171.81
240.01	173.24
240.01	176.11
240.01	178.98
240.01	180.42
240.01	181.85
241.51	186.15
243.01	193.33
243.01	197.63
244.51	200.5
244.51	204.8
246.01	207.67
246.01	209.11
247.51	209.11
247.51	209.11
247.51	209.11
247.51	209.11
247.51	209.11
247.51	209.11
247.51	209.11
247.51	209.11
247.51	209.11
247.51	209.11
247.51	209.11
247.51	209.11
247.51	209.11
247.51	209.11
247.51	209.11
247.51	209.11
247.51	209.11
247.51	209.11
247.51	209.11
247.51	209.11
247.51	209.11
247.51	209.11
247.51	209.11
247.51	209.11
247.51	209.11
247.51	209.11
249.01	207.67
252.01	201.93
255.01	196.2
259.51	190.46
262.51	183.29
265.51	177.55
268.51	171.81
270.01	167.51
270.01	161.77
270.01	157.47
270.01	153.16
270.01	150.29
270.01	147.42
270.01	147.42
270.01	147.42
270.01	147.42
270.01	147.42
270.01	147.42
270.01	147.42
270.01	147.42
270.01	147.42
270.01	147.42
270.01	147.42
270.01	147.42
270.01	147.42
270.01	147.42
270.01	147.42
270.01	147.42
270.01	147.42
270.01	147.42
265.51	140.25
255.01	127.34
247.51	121.6
244.51	120.17
244.51	118.73
244.51	118.73
244.51	118.73
244.51	118.73
244.51	118.73
244.51	118.73
244.51	118.73
244.51	118.73
244.51	118.73
244.51	130.21
249.01	147.42
252.01	166.07
258.01	184.72
262.51	199.06
264.01	206.24
265.51	209.11
265.51	209.11
265.51	209.11
265.51	209.11
265.51	209.11
265.51	209.11
265.51	209.11
265.51	209.11
265.51	209.11
265.51	209.11
264.01	204.8
261.01	199.06
259.51	193.33
258.01	189.02
258.01	186.15
256.51	183.29
256.51	181.85
255.01	180.42
255.01	178.98
255.01	176.11
255.01	176.11
255.01	176.11
255.01	176.11
255.01	176.11
255.01	176.11
255.01	176.11
255.01	176.11
255.01	176.11
255.01	176.11
255.01	176.11
255.01	176.11
253.51	178.98
252.01	184.72
250.51	190.46
250.51	193.33
250.51	196.2
250.51	199.06
250.51	201.93
250.51	204.8
250.51	204.8
250.51	204.8
250.51	204.8
250.51	204.8
250.51	204.8
250.51	204.8
250.51	204.8
250.51	204.8
250.51	204.8
250.51	204.8
250.51	204.8
250.51	204.8
250.51	204.8
250.51	204.8
250.51	204.8
250.51	204.8
252.01	204.8
262.51	207.67
288.01	211.97
310.51	214.84
325.5	217.71
336	217.71
346.5	217.71
354	219.15
361.5	219.15
372	217.71
384	216.28
397.5	214.84
418.5	211.97
445.49	209.11
472.49	207.67
490.49	206.24
511.49	203.37
533.99	200.5
553.49	199.06
565.48	199.06
571.48	199.06
572.98	197.63
572.98	197.63
572.98	197.63
572.98	197.63
572.98	197.63
572.98	197.63
572.98	197.63
572.98	200.5
572.98	204.8
572.98	206.24
571.48	209.11
571.48	211.97
571.48	214.84
569.98	217.71
569.98	219.15
569.98	220.58
569.98	222.02
569.98	222.02
569.98	222.02
569.98	222.02
569.98	222.02
569.98	222.02
569.98	222.02
569.98	222.02
568.48	224.88
566.98	237.79
559.49	259.31
545.99	282.26
527.99	296.61
511.49	303.78
491.99	306.65
472.49	308.08
454.49	305.21
439.5	299.48
426	290.87
420	283.7
415.5	276.52
414	270.79
414	266.48
412.5	263.61
412.5	262.18
412.5	260.75
412.5	260.75
412.5	260.75
412.5	260.75
412.5	260.75
412.5	260.75
412.5	260.75
412.5	260.75
412.5	260.75
412.5	260.75
412.5	260.75
412.5	260.75
409.5	256.44
400.5	247.84
388.5	234.93
378	223.45
370.5	217.71
367.5	216.28
366	214.84
361.5	211.97
357	210.54
355.5	210.54
354	209.11
354	209.11
354	209.11
354	209.11
354	209.11
354	209.11
354	209.11
354	209.11
354	209.11
354	209.11
354	209.11
354	209.11
354	209.11
354	209.11
354	209.11
354	209.11
354	209.11
354	209.11
354	209.11
354	209.11
354	209.11
354	209.11
354	209.11
354	209.11
354	209.11
354	209.11
354	209.11
354	209.11
354	209.11
354	209.11
354	209.11
354	209.11
354	209.11
354	209.11
354	209.11
354	209.11
354	209.11
354	209.11
354	209.11
354	209.11
354	209.11
354	209.11
354	209.11
354	209.11
354	209.11
354	209.11
354	209.11
354	209.11
354	209.11
354	209.11
354	209.11
354	209.11
352.5	209.11
349.5	207.67
348	206.24
342	201.93
339	200.5
333	196.2
327	193.33
321.01	189.02
313.51	183.29
307.51	177.55
300.01	171.81
294.01	167.51
289.51	163.2
285.01	158.9
282.01	157.47
279.01	154.6
273.01	151.73
264.01	148.86
256.51	143.12
252.01	141.69
252.01	140.25
250.51	140.25
247.51	138.82
244.51	137.38
241.51	135.95
238.51	133.08
237.01	133.08
237.01	133.08
237.01	133.08
237.01	133.08
247.51	138.82
262.51	150.29
271.51	156.03
273.01	157.47
273.01	157.47
273.01	160.33
276.01	174.68
276.01	191.89
276.01	201.93
276.01	203.37
276.01	203.37
276.01	203.37
276.01	203.37
268.51	200.5
253.51	181.85
237.01	158.9
219.01	135.95
210.01	114.43
205.52	97.22
205.52	84.31
210.01	74.27
213.01	71.4
213.01	69.96
214.51	69.96
214.51	69.96
214.51	69.96
214.51	69.96
214.51	71.4
214.51	71.4
214.51	72.83
216.01	78.57
216.01	91.48
216.01	104.39
217.51	118.73
220.51	133.08
225.01	144.56
229.51	156.03
234.01	163.2
241.51	173.24
247.51	181.85
253.51	190.46
259.51	201.93
267.01	214.84
274.51	232.06
282.01	249.27
289.51	263.61
292.51	273.66
294.01	277.96
295.51	279.39
295.51	279.39
295.51	279.39
295.51	279.39
295.51	282.26
298.51	290.87
303.01	303.78
307.51	316.69
310.51	329.6
312.01	338.21
313.51	343.94
313.51	346.81
313.51	351.12
315.01	353.98
315.01	359.72
315.01	362.59
316.51	365.46
316.51	366.89
318.01	371.2
324.01	379.8
328.5	391.28
333	397.02
334.5	402.76
336	409.93
337.5	415.67
337.5	422.84
337.5	430.01
337.5	441.49
334.5	460.13
333	475.91
333	483.09
333	484.52
333	484.52
333	484.52
333	484.52
333	484.52
333	484.52
333	484.52
333	484.52
339	470.18
355.5	448.66
373.5	427.14
384	405.62
393	356.85
399	305.21
402	263.61
402	239.23
402	232.06
403.5	227.75
403.5	227.75
405	226.32
408	223.45
409.5	219.15
414	210.54
418.5	194.76
421.5	184.72
423	177.55
423	176.11
424.5	174.68
424.5	174.68
424.5	174.68
424.5	174.68
424.5	174.68
424.5	174.68
424.5	174.68
424.5	174.68
424.5	174.68
432	173.24
445.49	171.81
455.99	170.38
466.49	170.38
470.99	170.38
470.99	170.38
470.99	170.38
470.99	170.38
470.99	170.38
470.99	170.38
475.49	170.38
482.99	173.24
503.99	180.42
523.49	187.59
538.49	191.89
547.49	194.76
553.49	197.63
554.99	197.63
554.99	197.63
554.99	197.63
554.99	197.63
536.99	197.63
499.49	193.33
433.5	187.59
388.5	178.98
372	176.11
372	174.68
372	174.68
378	174.68
388.5	176.11
397.5	176.11
412.5	168.94
436.5	157.47
452.99	147.42
458.99	141.69
460.49	140.25
461.99	140.25
461.99	140.25
461.99	140.25
461.99	140.25
461.99	140.25
461.99	140.25
461.99	138.82
451.49	120.17
436.5	97.22
427.5	77.14
424.5	61.36
424.5	54.18
426	51.32
426	51.32
426	51.32
426	51.32
427.5	58.49
433.5	98.65
439.5	138.82
442.5	156.03
443.99	166.07
443.99	166.07
443.99	166.07
443.99	166.07
443.99	166.07
443.99	166.07
443.99	166.07
443.99	166.07
441	163.2
426	147.42
417	121.6
414	108.69
412.5	105.82
412.5	105.82
412.5	105.82
412.5	105.82
412.5	105.82
412.5	111.56
420	157.47
430.5	190.46
438	209.11
442.5	220.58
443.99	223.45
443.99	223.45
443.99	223.45
443.99	223.45
443.99	223.45
443.99	223.45
443.99	223.45
443.99	223.45
443.99	223.45
436.5	217.71
418.5	190.46
406.5	147.42
405	121.6
405	97.22
406.5	87.18
406.5	82.87
406.5	82.87
408	84.31
417	135.95
430.5	203.37
435	232.06
435	237.79
435	237.79
435	237.79
429	230.62
420	211.97
412.5	189.02
409.5	174.68
406.5	157.47
403.5	143.12
403.5	125.91
403.5	115.87
403.5	113
403.5	113
405	114.43
414	158.9
426	239.23
432	275.09
433.5	283.7
433.5	285.13
433.5	285.13
433.5	285.13
433.5	285.13
433.5	276.52
435	270.79
435	266.48
435	265.05
435	265.05
435	265.05
435	265.05
435	263.61
441	226.32
457.49	186.15
475.49	151.73
487.49	133.08
490.49	128.78
490.49	128.78
490.49	128.78
490.49	128.78
490.49	128.78
490.49	128.78
490.49	128.78
493.49	135.95
505.49	156.03
509.99	163.2
509.99	163.2
509.99	163.2
502.49	161.77
484.49	154.6
464.99	144.56
449.99	133.08
433.5	127.34
394.5	124.47
358.5	131.64
339	140.25
334.5	143.12
334.5	143.12
334.5	143.12
334.5	143.12
334.5	143.12
334.5	143.12
334.5	143.12
334.5	143.12
334.5	143.12
336	150.29
342	164.64
348	178.98
349.5	190.46
352.5	204.8
354	219.15
354	227.75
354	232.06
355.5	234.93
355.5	242.1
357	255.01
360	273.66
361.5	286.57
363	298.04
364.5	309.52
366	326.73
367.5	345.38
367.5	358.29
369	368.33
369	372.63
369	376.94
369	384.11
369	391.28
369	399.89
369	407.06
369	409.93
369	409.93
369	409.93
369	409.93
369	409.93
369	414.23
369	414.23
370.5	415.67
370.5	418.53
370.5	422.84
370.5	427.14
370.5	434.31
370.5	440.05
370.5	444.36
370.5	444.36
370.5	444.36
370.5	444.36
381	415.67
397.5	381.24
415.5	351.12
420	343.94
420	343.94
420	343.94
420	343.94
409.5	343.94
381	339.64
352.5	333.9
333	329.6
313.51	322.43
307.51	320.99
307.51	320.99
307.51	320.99
307.51	320.99
312.01	312.39
328.5	300.91
361.5	283.7
369	279.39
436.5	239.23
479.99	216.28
517.49	203.37
538.49	199.06
544.49	197.63
544.49	197.63
544.49	197.63
544.49	197.63
544.49	197.63
544.49	197.63
544.49	197.63
544.49	197.63
535.49	193.33
511.49	184.72
472.49	177.55
442.5	173.24
429	171.81
429	171.81
429	171.81
433.5	171.81
445.49	174.68
469.49	174.68
491.99	171.81
506.99	168.94
511.49	167.51
511.49	167.51
511.49	167.51
511.49	167.51
511.49	167.51
506.99	173.24
496.49	184.72
475.49	201.93
451.49	219.15
438	229.19
426	237.79
421.5	242.1
415.5	243.53
411	246.4
409.5	246.4
409.5	246.4
409.5	246.4
409.5	246.4
409.5	246.4
409.5	246.4
409.5	246.4
409.5	246.4
409.5	246.4
409.5	246.4
409.5	246.4
409.5	246.4
409.5	246.4
409.5	246.4
414	247.84
426	250.7
433.5	252.14
436.5	253.57
436.5	255.01
439.5	257.88
442.5	265.05
448.49	277.96
452.99	286.57
457.49	296.61
461.99	305.21
464.99	308.08
464.99	309.52
464.99	309.52
464.99	309.52
464.99	309.52
464.99	309.52
464.99	309.52
464.99	309.52
464.99	309.52
464.99	309.52
464.99	309.52
466.49	303.78
472.49	289.43
479.99	267.92
485.99	249.27
488.99	234.93
493.49	217.71
494.99	210.54
497.99	206.24
497.99	204.8
497.99	204.8
497.99	204.8
497.99	204.8
497.99	204.8
493.49	191.89
481.49	176.11
460.49	158.9
446.99	151.73
433.5	147.42
420	145.99
408	145.99
403.5	145.99
403.5	145.99
400.5	145.99
399	145.99
399	145.99
399	145.99
399	145.99
399	145.99
399	145.99
399	145.99
399	145.99
393	138.82
387	125.91
385.5	117.3
385.5	111.56
385.5	110.13
385.5	110.13
385.5	110.13
385.5	110.13
385.5	110.13
385.5	110.13
385.5	110.13
385.5	110.13
385.5	108.69
387	95.78
388.5	85.74
391.5	78.57
391.5	75.7
391.5	75.7
391.5	75.7
391.5	75.7
391.5	75.7
391.5	75.7
391.5	75.7
391.5	75.7
391.5	75.7
391.5	75.7
391.5	75.7
391.5	75.7
390	97.22
388.5	147.42
388.5	191.89
390	244.97
397.5	300.91
405	333.9
411	351.12
415.5	359.72
418.5	362.59
418.5	362.59
418.5	362.59
418.5	362.59
418.5	362.59
418.5	361.16
408	343.94
388.5	315.25
376.5	295.17
370.5	289.43
370.5	289.43
370.5	289.43
370.5	289.43
370.5	289.43
370.5	289.43
370.5	289.43
378	289.43
396	298.04
421.5	315.25
458.99	351.12
482.99	376.94
505.49	401.32
547.49	435.75
599.98	478.78
640.48	510.34
656.98	523.25
661.48	527.55
661.48	527.55
661.48	527.55
661.48	527.55
661.48	527.55
661.48	527.55
661.48	527.55
661.48	527.55
661.48	527.55
661.48	527.55
659.98	527.55
644.98	514.64
617.98	490.26
575.98	447.22
533.99	405.62
482.99	358.29
445.49	326.73
421.5	309.52
411	303.78
402	299.48
400.5	298.04
400.5	298.04
400.5	298.04
400.5	298.04
400.5	298.04
400.5	298.04
381	292.3
333	277.96
285.01	260.75
255.01	252.14
243.01	247.84
243.01	247.84
243.01	247.84
243.01	247.84
243.01	247.84
243.01	246.4
243.01	246.4
243.01	246.4
247.51	246.4
256.51	246.4
265.51	246.4
268.51	246.4
268.51	246.4
268.51	246.4
268.51	246.4
268.51	246.4
268.51	246.4
268.51	246.4
268.51	246.4
271.51	246.4
288.01	242.1
306.01	237.79
318.01	234.93
322.51	234.93
322.51	233.49
322.51	233.49
322.51	233.49
327	217.71
336	190.46
346.5	164.64
364.5	135.95
378	117.3
387	108.69
387	107.26
387	107.26
387	107.26
387	107.26
399	110.13
418.5	117.3
436.5	125.91
457.49	137.38
466.49	140.25
469.49	141.69
470.99	141.69
470.99	141.69
470.99	141.69
470.99	141.69
472.49	141.69
478.49	145.99
488.99	153.16
502.49	166.07
524.99	189.02
544.49	209.11
554.99	223.45
562.48	233.49
569.98	252.14
575.98	270.79
581.98	293.74
587.98	320.99
592.48	338.21
596.98	351.12
605.98	361.16
613.48	372.63
620.98	379.8
632.98	391.28
647.98	404.19
659.98	412.8
667.48	418.53
674.98	421.4
674.98	422.84
676.48	422.84
676.48	422.84
679.48	422.84
683.97	422.84
688.47	415.67
691.47	394.15
680.97	359.72
649.48	305.21
614.98	253.57
586.48	204.8
566.98	171.81
560.99	150.29
559.49	137.38
557.99	130.21
556.49	124.47
548.99	118.73
539.99	113
535.49	110.13
532.49	110.13
526.49	110.13
502.49	113
458.99	124.47
415.5	134.51
408	135.95
408	135.95
408	135.95
409.5	135.95
418.5	137.38
433.5	140.25
442.5	141.69
446.99	143.12
448.49	144.56
448.49	144.56
449.99	144.56
449.99	144.56
449.99	144.56
449.99	144.56
449.99	144.56
449.99	144.56
449.99	144.56
449.99	144.56
449.99	144.56
449.99	144.56
449.99	144.56
449.99	144.56
451.49	148.86
452.99	153.16
452.99	156.03
452.99	158.9
452.99	158.9
452.99	158.9
452.99	158.9
452.99	158.9
452.99	158.9
452.99	158.9
452.99	158.9
460.49	156.03
478.49	145.99
494.99	138.82
514.49	128.78
527.99	120.17
538.49	115.87
539.99	114.43
539.99	114.43
539.99	114.43
539.99	114.43
539.99	114.43
539.99	114.43
539.99	114.43
539.99	114.43
539.99	114.43
539.99	114.43
539.99	114.43
539.99	114.43
539.99	114.43
539.99	114.43
539.99	114.43
539.99	114.43
539.99	114.43
539.99	114.43
539.99	114.43
539.99	114.43
539.99	114.43
539.99	114.43
539.99	114.43
539.99	114.43
539.99	114.43
539.99	114.43
539.99	114.43
539.99	114.43
539.99	101.52
539.99	81.44
539.99	67.09
541.49	52.75
542.99	39.84
545.99	25.5
553.49	11.15
559.49	2.54
0	0
0	0
0	0
0	0
0	0
0	0
514.49	18.32
461.99	44.14
412.5	71.4
372	85.74
333	98.65
295.51	105.82
259.51	111.56
222.01	114.43
196.52	117.3
172.52	120.17
150.02	124.47
132.02	135.95
111.02	158.9
96.02	189.02
90.02	214.84
84.03	253.57
79.53	292.3
76.53	329.6
73.53	356.85
69.03	386.98
66.03	409.93
63.03	430.01
61.53	445.79
61.53	455.83
63.03	465.87
66.03	475.91
70.53	485.95
75.03	493.13
84.03	500.3
97.52	506.04
114.02	513.21
130.52	517.51
144.02	520.38
160.52	517.51
193.52	488.82
244.51	427.14
285.01	351.12
297.01	270.79
292.51	200.5
288.01	158.9
291.01	127.34
304.51	108.69
336	88.61
376.5	67.09
411	49.88
441	35.54
445.49	31.23
445.49	31.23
446.99	31.23
454.49	35.54
487.49	72.83
518.99	107.26
557.99	151.73
586.48	177.55
593.98	184.72
595.48	184.72
595.48	184.72
602.98	178.98
626.98	154.6
661.48	114.43
686.97	65.66
698.97	24.06
0	0
0	0
0	0
0	0
0	0
0	0
718.47	15.45
710.97	57.05
698.97	108.69
680.97	153.16
649.48	206.24
617.98	247.84
593.98	272.22
569.98	289.43
556.49	295.17
545.99	296.61
538.49	296.61
527.99	295.17
493.49	266.48
448.49	199.06
405	115.87
376.5	64.23
357	35.54
355.5	32.67
355.5	32.67
342	72.83
316.51	163.2
295.51	234.93
277.51	298.04
265.51	335.34
259.51	361.16
256.51	368.33
256.51	368.33
256.51	365.46
237.01	296.61
210.01	194.76
190.52	113
180.02	75.7
177.02	59.92
174.02	67.09
142.52	210.54
124.52	384.11
121.52	455.83
123.02	465.87
