0	0
0	0
0	0
0	0
0	0
0	0
0	0
0	0
0	0
0	0
0	0
0	0
0	0
381.54	279.45
380.32	279.45
379.09	279.45
375.41	278.23
374.18	278.23
374.18	277.01
371.72	277.01
354.54	291.66
334.9	313.64
328.76	331.95
336.13	346.6
348.4	355.15
354.54	356.37
356.99	356.37
360.68	356.37
365.59	355.15
366.81	353.92
366.81	353.92
366.81	353.92
366.81	353.92
366.81	353.92
366.81	353.92
368.04	350.26
375.41	333.17
382.77	307.53
385.23	291.66
386.46	284.34
386.46	278.23
386.46	273.35
387.68	270.91
387.68	268.47
386.46	266.03
380.32	262.36
374.18	248.93
371.72	225.74
369.27	207.43
369.27	202.54
368.04	201.32
368.04	201.32
366.81	201.32
366.81	201.32
366.81	201.32
366.81	201.32
366.81	201.32
366.81	201.32
366.81	201.32
370.5	209.87
380.32	235.5
379.09	259.92
361.9	295.32
341.04	335.61
325.08	362.47
321.39	368.57
321.39	368.57
321.39	368.57
321.39	368.57
321.39	368.57
321.39	369.8
325.08	373.46
325.08	373.46
325.08	373.46
325.08	373.46
325.08	373.46
323.85	375.9
317.71	386.89
314.03	394.21
314.03	395.43
314.03	395.43
314.03	395.43
312.8	395.43
312.8	392.99
311.57	391.77
311.57	391.77
310.35	391.77
310.35	391.77
307.89	395.43
307.89	403.98
318.94	418.63
332.44	430.84
349.63	435.72
371.72	439.38
385.23	440.6
388.91	439.38
390.14	438.16
392.59	438.16
393.82	438.16
393.82	436.94
393.82	435.72
392.59	434.5
384	434.5
350.86	434.5
314.03	433.28
269.84	433.28
220.73	430.84
175.32	427.17
151.99	425.95
134.81	424.73
118.85	423.51
107.8	423.51
106.57	423.51
104.12	423.51
102.89	423.51
102.89	423.51
128.67	423.51
203.55	423.51
312.8	423.51
445.38	422.29
548.49	417.41
595.14	411.3
604.96	406.42
606.19	406.42
606.19	406.42
606.19	406.42
611.1	406.42
614.78	406.42
614.78	406.42
614.78	406.42
614.78	406.42
613.55	406.42
604.96	405.2
563.22	399.1
487.11	394.21
425.74	394.21
361.9	394.21
317.71	396.65
302.98	399.1
295.62	401.54
291.93	402.76
288.25	402.76
288.25	402.76
287.02	402.76
285.8	402.76
285.8	401.54
310.35	384.45
338.58	368.57
368.04	350.26
388.91	327.07
401.19	305.09
413.46	288
420.83	279.45
431.87	269.69
440.47	259.92
449.06	251.38
462.56	239.17
480.98	222.08
499.39	203.76
510.44	192.78
512.89	189.11
512.89	189.11
512.89	191.55
510.44	194
506.76	196.44
498.16	197.66
471.16	192.78
425.74	183.01
372.95	167.14
317.71	154.93
273.52	148.83
246.51	148.83
226.87	150.05
210.91	152.49
199.87	153.71
194.96	154.93
188.82	154.93
185.14	154.93
181.45	156.15
166.72	163.48
149.54	175.68
133.58	189.11
120.07	201.32
112.71	211.09
109.03	218.41
109.03	224.52
117.62	228.18
129.9	229.4
144.63	229.4
161.81	225.74
182.68	222.08
203.55	220.85
214.6	220.85
219.51	223.3
225.64	233.06
230.56	247.71
233.01	266.03
236.69	279.45
239.15	284.34
240.38	284.34
240.38	284.34
240.38	284.34
240.38	284.34
240.38	284.34
242.83	284.34
253.88	284.34
280.89	288
318.94	288
361.9	286.78
406.1	286.78
457.65	291.66
512.89	301.43
553.4	305.09
575.5	305.09
585.32	302.65
587.77	298.99
587.77	298.99
587.77	298.99
587.77	298.99
587.77	298.99
587.77	298.99
587.77	298.99
586.55	298.99
582.86	297.77
570.59	295.32
538.67	289.22
479.75	284.34
431.87	284.34
393.82	285.56
387.68	286.78
387.68	286.78
387.68	286.78
387.68	286.78
387.68	286.78
387.68	286.78
387.68	286.78
387.68	286.78
387.68	288
406.1	288
450.29	283.12
490.8	269.69
505.53	261.14
527.62	233.06
534.99	217.19
538.67	208.65
542.36	196.44
542.36	196.44
542.36	196.44
542.36	196.44
542.36	203.76
547.27	215.97
563.22	240.39
579.18	266.03
582.86	288
581.64	308.75
580.41	323.4
581.64	351.48
580.41	361.25
569.36	367.35
548.49	371.02
525.17	372.24
498.16	368.57
467.47	360.03
428.19	349.04
371.72	335.61
342.26	328.29
264.93	316.08
235.47	313.64
209.69	309.97
185.14	306.31
181.45	305.09
180.23	305.09
176.54	302.65
174.09	301.43
174.09	301.43
174.09	301.43
174.09	301.43
174.09	301.43
174.09	301.43
164.27	302.65
156.9	302.65
149.54	303.87
155.67	295.32
171.63	277.01
192.5	264.8
221.96	255.04
269.84	253.82
336.13	256.26
397.5	261.14
419.6	264.8
472.38	279.45
515.35	288
546.04	294.1
571.82	296.55
593.91	298.99
600.05	298.99
616.01	303.87
623.37	306.31
624.6	306.31
624.6	309.97
623.37	320.96
618.46	330.73
569.36	364.91
509.21	394.21
483.43	407.64
420.83	441.82
391.37	456.47
369.27	465.02
350.86	468.68
333.67	469.9
317.71	469.9
306.66	468.68
300.53	468.68
291.93	468.68
284.57	471.12
283.34	471.12
280.89	467.46
266.15	443.05
255.11	428.4
248.97	423.51
235.47	417.41
230.56	414.97
223.19	405.2
217.05	388.11
215.82	379.56
217.05	361.25
233.01	327.07
236.69	323.4
247.74	323.4
267.38	325.85
282.11	328.29
306.66	330.73
320.17	330.73
325.08	329.51
337.35	324.62
361.9	311.2
369.27	306.31
379.09	297.77
380.32	296.55
380.32	297.77
380.32	297.77
380.32	297.77
380.32	297.77
374.18	297.77
366.81	291.66
354.54	283.12
347.17	278.23
326.3	266.03
317.71	258.7
314.03	255.04
301.75	251.38
296.84	250.15
296.84	250.15
285.8	250.15
283.34	250.15
275.97	246.49
273.52	242.83
272.29	241.61
271.06	236.73
272.29	229.4
273.52	226.96
273.52	225.74
274.75	223.3
274.75	222.08
274.75	220.85
274.75	220.85
274.75	220.85
274.75	220.85
274.75	220.85
274.75	220.85
274.75	220.85
274.75	220.85
274.75	220.85
273.52	219.63
260.02	219.63
245.29	220.85
237.92	222.08
221.96	229.4
214.6	235.5
214.6	240.39
207.23	250.15
203.55	255.04
202.32	258.7
202.32	258.7
202.32	258.7
207.23	258.7
255.11	255.04
288.25	246.49
306.66	244.05
365.59	237.95
413.46	236.73
439.24	235.5
494.48	231.84
522.71	230.62
537.44	228.18
542.36	225.74
544.81	224.52
546.04	223.3
546.04	223.3
546.04	222.08
546.04	220.85
546.04	220.85
546.04	220.85
546.04	219.63
546.04	219.63
544.81	218.41
544.81	218.41
544.81	218.41
541.13	217.19
531.31	218.41
512.89	231.84
490.8	250.15
476.07	259.92
425.74	289.22
403.64	300.21
398.73	303.87
395.05	305.09
395.05	308.75
395.05	308.75
391.37	309.97
391.37	312.42
387.68	322.18
387.68	335.61
387.68	342.94
369.27	364.91
339.81	384.45
325.08	391.77
298.07	403.98
271.06	412.52
262.47	416.19
258.79	418.63
257.56	419.85
255.11	421.07
255.11	421.07
251.42	419.85
250.2	419.85
250.2	419.85
252.65	419.85
278.43	424.73
306.66	427.17
425.74	419.85
457.65	412.52
503.07	390.55
527.62	355.15
527.62	329.51
530.08	317.3
538.67	284.34
538.67	266.03
538.67	251.38
539.9	242.83
541.13	236.73
541.13	234.28
539.9	222.08
538.67	215.97
538.67	213.53
538.67	207.43
539.9	196.44
541.13	189.11
538.67	168.36
534.99	154.93
532.53	150.05
527.62	143.94
523.94	142.72
520.26	142.72
509.21	145.16
509.21	145.16
512.89	148.83
523.94	152.49
538.67	153.71
547.27	156.15
575.5	173.24
596.37	189.11
603.73	197.66
613.55	217.19
613.55	233.06
613.55	240.39
608.64	255.04
607.42	258.7
607.42	258.7
606.19	261.14
604.96	263.58
602.51	263.58
587.77	266.03
577.95	267.25
552.18	269.69
504.3	270.91
485.89	273.35
446.61	279.45
413.46	284.34
399.96	288
395.05	288
390.14	291.66
387.68	295.32
387.68	295.32
388.91	295.32
402.41	288
413.46	280.68
415.92	272.13
408.55	267.25
404.87	266.03
407.32	266.03
420.83	267.25
465.02	274.57
517.8	277.01
560.77	270.91
569.36	267.25
606.19	250.15
616.01	240.39
617.24	236.73
618.46	229.4
618.46	228.18
618.46	228.18
638.1	222.08
650.38	218.41
685.98	213.53
727.72	211.09
737.54	209.87
741.22	209.87
758.41	214.75
759.63	214.75
0	0
0	0
0	0
0	0
0	0
0	0
767	233.06
706.85	240.39
542.36	251.38
501.85	257.48
442.92	277.01
425.74	283.12
398.73	295.32
365.59	309.97
347.17	317.3
337.35	319.74
299.3	328.29
273.52	334.39
264.93	335.61
246.51	339.27
244.06	339.27
242.83	339.27
239.15	320.96
234.24	305.09
230.56	296.55
219.51	278.23
214.6	273.35
213.37	273.35
212.14	273.35
212.14	269.69
212.14	269.69
212.14	262.36
212.14	261.14
212.14	261.14
212.14	261.14
212.14	261.14
212.14	261.14
199.87	258.7
185.14	258.7
179	258.7
170.4	262.36
166.72	264.8
165.49	266.03
163.04	268.47
163.04	268.47
163.04	268.47
163.04	268.47
163.04	268.47
163.04	268.47
163.04	266.03
163.04	262.36
164.27	259.92
176.54	251.38
182.68	248.93
199.87	244.05
217.05	237.95
219.51	237.95
221.96	236.73
223.19	236.73
229.33	241.61
230.56	244.05
234.24	247.71
236.69	251.38
239.15	255.04
242.83	266.03
244.06	269.69
244.06	270.91
252.65	272.13
262.47	272.13
266.15	269.69
280.89	261.14
288.25	253.82
290.71	251.38
294.39	245.27
295.62	244.05
296.84	242.83
298.07	241.61
298.07	240.39
298.07	237.95
296.84	233.06
295.62	231.84
295.62	229.4
291.93	223.3
290.71	218.41
289.48	214.75
287.02	206.2
284.57	202.54
284.57	201.32
282.11	197.66
282.11	197.66
282.11	196.44
282.11	194
284.57	191.55
284.57	190.33
288.25	189.11
288.25	189.11
288.25	187.89
288.25	187.89
289.48	189.11
289.48	190.33
278.43	202.54
266.15	211.09
262.47	214.75
258.79	218.41
258.79	222.08
258.79	222.08
258.79	223.3
258.79	223.3
258.79	223.3
258.79	223.3
258.79	223.3
258.79	223.3
257.56	223.3
255.11	222.08
253.88	222.08
244.06	219.63
239.15	218.41
233.01	218.41
221.96	217.19
218.28	217.19
213.37	217.19
212.14	217.19
210.91	218.41
210.91	218.41
210.91	218.41
210.91	218.41
212.14	218.41
221.96	219.63
225.64	219.63
234.24	219.63
242.83	220.85
244.06	222.08
248.97	222.08
253.88	220.85
260.02	214.75
262.47	214.75
266.15	212.31
269.84	211.09
273.52	209.87
278.43	209.87
283.34	207.43
284.57	206.2
289.48	203.76
289.48	203.76
290.71	203.76
290.71	203.76
290.71	203.76
290.71	203.76
280.89	203.76
277.2	203.76
266.15	201.32
253.88	200.1
241.6	200.1
236.69	201.32
235.47	201.32
235.47	201.32
248.97	202.54
296.84	203.76
314.03	203.76
350.86	203.76
406.1	200.1
429.42	198.88
485.89	198.88
547.27	196.44
557.09	192.78
568.13	187.89
575.5	181.79
576.73	181.79
584.09	179.35
606.19	178.13
612.33	179.35
612.33	179.35
612.33	181.79
608.64	186.67
579.18	192.78
531.31	200.1
485.89	211.09
442.92	219.63
407.32	225.74
398.73	226.96
377.86	231.84
342.26	244.05
331.21	250.15
328.76	252.6
325.08	258.7
322.62	261.14
318.94	266.03
314.03	269.69
310.35	270.91
300.53	273.35
288.25	273.35
284.57	273.35
284.57	273.35
277.2	270.91
273.52	269.69
269.84	267.25
260.02	262.36
256.33	258.7
255.11	256.26
255.11	252.6
255.11	250.15
261.24	244.05
280.89	225.74
284.57	220.85
289.48	214.75
289.48	209.87
289.48	209.87
289.48	207.43
288.25	207.43
287.02	203.76
284.57	196.44
283.34	194
282.11	192.78
282.11	192.78
274.75	196.44
272.29	196.44
269.84	201.32
266.15	208.65
266.15	212.31
275.97	223.3
311.57	261.14
327.53	278.23
349.63	313.64
355.77	350.26
355.77	357.59
353.31	372.24
350.86	389.33
350.86	394.21
348.4	402.76
347.17	414.97
347.17	418.63
348.4	423.51
349.63	429.62
349.63	432.06
350.86	434.5
354.54	444.27
356.99	449.15
375.41	452.81
417.14	449.15
473.61	429.62
516.58	399.1
536.22	364.91
541.13	357.59
550.95	346.6
568.13	333.17
570.59	329.51
576.73	320.96
589	303.87
597.6	291.66
606.19	279.45
618.46	266.03
623.37	256.26
623.37	256.26
619.69	257.48
619.69	258.7
617.24	259.92
617.24	259.92
617.24	259.92
613.55	259.92
607.42	259.92
607.42	259.92
603.73	258.7
593.91	255.04
592.68	253.82
579.18	251.38
548.49	248.93
496.94	244.05
442.92	237.95
397.5	233.06
358.22	225.74
353.31	224.52
328.76	218.41
317.71	215.97
298.07	211.09
289.48	209.87
284.57	209.87
277.2	209.87
277.2	209.87
277.2	209.87
277.2	207.43
272.29	194
269.84	187.89
264.93	175.68
250.2	163.48
240.38	158.59
225.64	153.71
203.55	153.71
192.5	154.93
163.04	159.81
122.53	174.46
96.75	192.78
88.16	207.43
84.48	236.73
84.48	247.71
83.25	277.01
70.97	320.96
64.83	339.27
52.56	372.24
45.19	401.54
41.51	427.17
41.51	433.28
42.74	445.49
45.19	445.49
45.19	445.49
45.19	445.49
57.47	441.82
89.39	433.28
159.36	429.62
192.5	435.72
258.79	450.37
291.93	460.14
291.93	463.8
288.25	468.68
284.57	473.57
283.34	474.79
283.34	474.79
283.34	476.01
283.34	476.01
283.34	476.01
291.93	478.45
309.12	482.11
372.95	485.77
446.61	489.44
521.49	490.66
602.51	494.32
674.93	497.98
710.53	499.2
712.99	499.2
712.99	497.98
712.99	497.98
712.99	497.98
712.99	497.98
712.99	497.98
712.99	497.98
710.53	500.42
704.39	504.09
700.71	506.53
698.25	506.53
695.8	506.53
687.21	504.09
673.7	500.42
671.25	499.2
663.88	496.76
656.52	495.54
651.61	493.1
638.1	477.23
625.83	454.03
616.01	419.85
611.1	383.22
608.64	338.05
609.87	328.29
612.33	316.08
614.78	311.2
616.01	308.75
616.01	308.75
614.78	311.2
613.55	313.64
612.33	313.64
597.6	323.4
587.77	329.51
559.54	346.6
521.49	367.35
493.25	390.55
477.29	408.86
472.38	417.41
471.16	419.85
472.38	419.85
472.38	421.07
472.38	421.07
469.93	429.62
462.56	449.15
447.83	474.79
430.65	497.98
418.37	511.41
415.92	511.41
415.92	511.41
415.92	506.53
414.69	499.2
413.46	491.88
413.46	485.77
417.14	474.79
413.46	457.7
403.64	421.07
384	378.34
359.45	331.95
347.17	294.1
342.26	266.03
339.81	255.04
339.81	252.6
339.81	252.6
339.81	251.38
338.58	250.15
336.13	246.49
334.9	244.05
333.67	242.83
333.67	242.83
333.67	242.83
333.67	242.83
333.67	242.83
333.67	247.71
352.08	285.56
395.05	340.5
413.46	394.21
412.23	430.84
412.23	455.25
417.14	467.46
418.37	474.79
418.37	476.01
418.37	476.01
418.37	480.89
417.14	489.44
417.14	496.76
417.14	497.98
417.14	497.98
417.14	497.98
417.14	497.98
417.14	496.76
415.92	489.44
406.1	474.79
384	455.25
358.22	433.28
331.21	412.52
312.8	395.43
302.98	384.45
293.16	371.02
289.48	355.15
287.02	339.27
285.8	322.18
288.25	305.09
295.62	290.44
300.53	279.45
302.98	269.69
304.21	261.14
306.66	251.38
306.66	246.49
306.66	242.83
309.12	240.39
312.8	234.28
317.71	229.4
320.17	225.74
321.39	224.52
323.85	223.3
327.53	222.08
332.44	219.63
334.9	218.41
338.58	215.97
343.49	213.53
348.4	209.87
352.08	207.43
354.54	204.98
355.77	204.98
358.22	203.76
368.04	206.2
385.23	209.87
409.78	214.75
439.24	218.41
471.16	224.52
483.43	225.74
484.66	225.74
490.8	225.74
495.71	225.74
499.39	225.74
499.39	224.52
499.39	224.52
499.39	224.52
499.39	223.3
499.39	223.3
498.16	222.08
498.16	222.08
498.16	222.08
495.71	222.08
494.48	220.85
494.48	219.63
488.34	220.85
474.84	239.17
450.29	270.91
417.14	307.53
391.37	340.5
375.41	372.24
361.9	397.87
347.17	422.29
334.9	440.6
328.76	460.14
322.62	478.45
317.71	494.32
315.26	507.75
314.03	518.74
312.8	526.06
312.8	526.06
312.8	526.06
312.8	526.06
315.26	524.84
325.08	515.07
343.49	496.76
363.13	468.68
380.32	436.94
393.82	405.2
409.78	375.9
424.51	350.26
435.56	330.73
447.83	307.53
458.88	288
468.7	272.13
474.84	261.14
476.07	253.82
478.52	250.15
479.75	244.05
479.75	244.05
479.75	244.05
468.7	248.93
442.92	270.91
413.46	301.43
372.95	339.27
341.04	378.34
325.08	410.08
314.03	436.94
309.12	452.81
307.89	462.58
306.66	463.8
306.66	463.8
306.66	463.8
306.66	463.8
306.66	463.8
305.44	468.68
302.98	474.79
302.98	474.79
302.98	474.79
302.98	474.79
301.75	474.79
295.62	473.57
285.8	472.35
284.57	472.35
282.11	469.9
282.11	468.68
288.25	467.46
302.98	466.24
314.03	463.8
320.17	461.36
327.53	456.47
344.72	443.05
361.9	428.4
372.95	411.3
387.68	386.89
396.28	357.59
406.1	336.83
412.23	318.52
420.83	301.43
428.19	285.56
434.33	273.35
440.47	262.36
452.74	246.49
458.88	233.06
463.79	218.41
467.47	208.65
467.47	203.76
467.47	202.54
467.47	202.54
465.02	202.54
450.29	202.54
424.51	202.54
396.28	202.54
376.63	202.54
358.22	200.1
341.04	197.66
321.39	196.44
295.62	196.44
258.79	203.76
221.96	209.87
188.82	211.09
170.4	213.53
164.27	214.75
158.13	214.75
150.76	211.09
145.85	209.87
143.4	203.76
138.49	197.66
134.81	192.78
131.12	185.45
129.9	180.57
126.21	168.36
124.99	159.81
122.53	152.49
121.3	148.83
121.3	145.16
121.3	143.94
122.53	143.94
127.44	141.5
144.63	141.5
193.73	145.16
269.84	152.49
354.54	167.14
428.19	180.57
479.75	189.11
495.71	192.78
496.94	192.78
496.94	192.78
496.94	192.78
496.94	192.78
496.94	192.78
496.94	192.78
496.94	192.78
496.94	192.78
526.4	196.44
565.68	204.98
600.05	215.97
620.92	219.63
624.6	220.85
624.6	220.85
624.6	220.85
624.6	220.85
624.6	220.85
624.6	220.85
624.6	220.85
624.6	220.85
624.6	220.85
624.6	220.85
624.6	228.18
628.28	247.71
630.74	281.9
630.74	318.52
625.83	357.59
623.37	390.55
623.37	406.42
623.37	412.52
623.37	414.97
623.37	416.19
623.37	416.19
623.37	416.19
623.37	416.19
623.37	419.85
623.37	423.51
623.37	423.51
623.37	423.51
623.37	423.51
622.15	422.29
619.69	419.85
618.46	416.19
616.01	412.52
614.78	407.64
613.55	405.2
613.55	405.2
613.55	403.98
602.51	390.55
581.64	372.24
557.09	355.15
516.58	327.07
472.38	294.1
460.11	275.79
455.2	262.36
452.74	251.38
452.74	244.05
452.74	239.17
452.74	237.95
450.29	236.73
446.61	230.62
446.61	230.62
446.61	230.62
446.61	230.62
446.61	230.62
446.61	230.62
445.38	230.62
445.38	230.62
445.38	230.62
445.38	230.62
445.38	230.62
445.38	229.4
447.83	222.08
447.83	218.41
449.06	218.41
449.06	218.41
449.06	218.41
449.06	218.41
449.06	222.08
444.15	229.4
435.56	248.93
419.6	281.9
401.19	317.3
380.32	346.6
368.04	361.25
365.59	363.69
365.59	363.69
365.59	363.69
365.59	363.69
360.68	366.13
358.22	368.57
355.77	372.24
354.54	383.22
354.54	397.87
356.99	413.75
358.22	424.73
360.68	434.5
360.68	443.05
358.22	451.59
355.77	456.47
354.54	460.14
354.54	460.14
354.54	460.14
354.54	460.14
353.31	463.8
352.08	463.8
352.08	463.8
350.86	467.46
348.4	471.12
345.95	474.79
343.49	478.45
342.26	478.45
339.81	480.89
338.58	480.89
334.9	482.11
329.99	484.55
325.08	485.77
325.08	485.77
325.08	485.77
323.85	485.77
321.39	478.45
320.17	468.68
320.17	461.36
320.17	458.92
318.94	457.7
316.48	457.7
315.26	460.14
316.48	469.9
318.94	476.01
320.17	476.01
328.76	469.9
332.44	457.7
332.44	445.49
331.21	435.72
328.76	430.84
328.76	430.84
325.08	430.84
322.62	430.84
320.17	429.62
317.71	429.62
316.48	429.62
314.03	429.62
310.35	429.62
306.66	430.84
305.44	432.06
302.98	434.5
300.53	439.38
298.07	441.82
296.84	443.05
296.84	443.05
296.84	443.05
296.84	443.05
296.84	443.05
296.84	443.05
296.84	443.05
296.84	443.05
296.84	449.15
298.07	451.59
298.07	451.59
299.3	451.59
299.3	451.59
300.53	449.15
301.75	449.15
301.75	449.15
301.75	449.15
301.75	445.49
310.35	430.84
328.76	408.86
345.95	383.22
354.54	361.25
361.9	342.94
370.5	323.4
380.32	302.65
391.37	283.12
398.73	269.69
409.78	255.04
417.14	245.27
425.74	237.95
436.79	229.4
446.61	223.3
452.74	217.19
457.65	207.43
457.65	197.66
453.97	189.11
449.06	181.79
449.06	180.57
446.61	175.68
444.15	168.36
442.92	163.48
441.7	158.59
440.47	156.15
440.47	156.15
440.47	156.15
440.47	156.15
440.47	156.15
440.47	156.15
440.47	156.15
440.47	156.15
440.47	156.15
436.79	163.48
435.56	167.14
435.56	167.14
435.56	167.14
434.33	170.8
431.87	183.01
431.87	203.76
433.1	225.74
434.33	247.71
434.33	266.03
434.33	283.12
429.42	297.77
423.28	316.08
419.6	333.17
418.37	350.26
418.37	368.57
419.6	383.22
424.51	402.76
424.51	423.51
424.51	441.82
423.28	460.14
420.83	476.01
417.14	488.22
413.46	500.42
412.23	511.41
411.01	518.74
408.55	524.84
406.1	537.05
401.19	551.7
399.96	557.8
399.96	557.8
399.96	562.69
398.73	572.45
0	0
0	0
0	0
0	0
0	0
0	0
0	0
0	0
0	0
0	0
0	0
0	0
0	0
0	0
0	0
415.92	555.36
411.01	533.39
399.96	515.07
395.05	507.75
384	482.11
387.68	458.92
399.96	434.5
411.01	410.08
425.74	379.56
440.47	352.7
453.97	334.39
467.47	320.96
480.98	309.97
490.8	295.32
498.16	285.56
501.85	277.01
505.53	267.25
507.98	253.82
507.98	246.49
507.98	240.39
507.98	236.73
505.53	234.28
494.48	224.52
476.07	211.09
463.79	202.54
457.65	197.66
457.65	196.44
457.65	196.44
457.65	196.44
457.65	196.44
457.65	196.44
457.65	196.44
457.65	196.44
457.65	196.44
457.65	196.44
450.29	200.1
442.92	206.2
434.33	214.75
428.19	223.3
415.92	233.06
395.05	248.93
372.95	262.36
350.86	277.01
334.9	286.78
328.76	290.44
327.53	291.66
327.53	291.66
327.53	288
328.76	280.68
328.76	280.68
323.85	280.68
299.3	281.9
269.84	288
255.11	291.66
240.38	295.32
226.87	295.32
217.05	291.66
207.23	284.34
202.32	280.68
202.32	280.68
207.23	277.01
241.6	269.69
288.25	259.92
327.53	248.93
363.13	235.5
387.68	222.08
407.32	207.43
425.74	197.66
442.92	190.33
466.25	183.01
489.57	174.46
500.62	167.14
505.53	158.59
506.76	148.83
504.3	139.06
487.11	135.4
458.88	147.6
414.69	172.02
375.41	192.78
359.45	211.09
356.99	222.08
359.45	234.28
364.36	244.05
368.04	251.38
369.27	255.04
369.27	255.04
369.27	255.04
369.27	255.04
369.27	255.04
369.27	255.04
371.72	256.26
375.41	257.48
376.63	257.48
377.86	253.82
379.09	244.05
374.18	229.4
369.27	218.41
366.81	213.53
365.59	211.09
365.59	211.09
365.59	211.09
365.59	211.09
365.59	211.09
365.59	211.09
365.59	213.53
364.36	217.19
361.9	219.63
361.9	222.08
360.68	222.08
360.68	223.3
360.68	223.3
360.68	223.3
360.68	223.3
360.68	223.3
359.45	224.52
359.45	224.52
359.45	224.52
359.45	229.4
361.9	235.5
365.59	245.27
387.68	266.03
423.28	295.32
451.52	338.05
458.88	379.56
453.97	423.51
446.61	461.36
441.7	484.55
438.01	496.76
434.33	500.42
431.87	502.87
431.87	502.87
431.87	502.87
431.87	502.87
431.87	502.87
431.87	502.87
431.87	500.42
431.87	494.32
433.1	480.89
435.56	456.47
435.56	423.51
429.42	380.78
424.51	339.27
420.83	312.42
420.83	295.32
419.6	290.44
419.6	290.44
419.6	290.44
419.6	290.44
419.6	290.44
419.6	290.44
418.37	290.44
418.37	290.44
418.37	290.44
415.92	288
407.32	281.9
398.73	277.01
393.82	273.35
390.14	272.13
387.68	269.69
385.23	267.25
384	266.03
384	266.03
384	266.03
384	266.03
382.77	266.03
382.77	266.03
382.77	266.03
382.77	266.03
382.77	266.03
382.77	261.14
382.77	253.82
384	244.05
386.46	237.95
391.37	230.62
395.05	224.52
402.41	217.19
406.1	211.09
412.23	203.76
418.37	197.66
426.96	192.78
430.65	191.55
433.1	189.11
433.1	189.11
439.24	196.44
452.74	217.19
463.79	245.27
471.16	280.68
482.2	312.42
490.8	340.5
494.48	366.13
498.16	392.99
499.39	412.52
500.62	423.51
500.62	427.17
500.62	427.17
500.62	427.17
500.62	427.17
506.76	423.51
527.62	408.86
546.04	386.89
564.45	358.81
579.18	329.51
593.91	301.43
604.96	277.01
613.55	255.04
617.24	236.73
619.69	223.3
617.24	213.53
608.64	201.32
593.91	192.78
573.04	187.89
558.31	184.23
538.67	184.23
516.58	189.11
484.66	198.88
453.97	203.76
425.74	211.09
403.64	218.41
380.32	231.84
358.22	246.49
336.13	261.14
320.17	273.35
306.66	284.34
295.62	292.88
287.02	301.43
279.66	307.53
274.75	313.64
267.38	323.4
258.79	335.61
253.88	342.94
253.88	345.38
255.11	346.6
273.52	346.6
333.67	346.6
398.73	339.27
435.56	328.29
456.43	313.64
471.16	296.55
494.48	279.45
514.12	269.69
526.4	266.03
534.99	266.03
557.09	268.47
576.73	269.69
581.64	270.91
586.55	270.91
600.05	272.13
611.1	274.57
612.33	275.79
612.33	277.01
608.64	283.12
592.68	294.1
564.45	306.31
532.53	314.86
514.12	319.74
503.07	319.74
498.16	317.3
493.25	308.75
483.43	297.77
468.7	288
450.29	284.34
438.01	283.12
431.87	281.9
424.51	283.12
412.23	288
399.96	301.43
393.82	313.64
388.91	328.29
384	353.92
376.63	382
372.95	406.42
372.95	433.28
372.95	462.58
366.81	495.54
361.9	523.62
364.36	550.48
368.04	562.69
370.5	562.69
380.32	552.92
395.05	535.83
406.1	511.41
417.14	485.77
419.6	456.47
420.83	424.73
420.83	397.87
420.83	378.34
424.51	360.03
426.96	342.94
426.96	325.85
423.28	307.53
418.37	280.68
415.92	255.04
412.23	225.74
403.64	195.22
397.5	172.02
391.37	153.71
387.68	145.16
387.68	145.16
403.64	173.24
430.65	207.43
446.61	244.05
450.29	280.68
446.61	309.97
450.29	338.05
458.88	356.37
465.02	367.35
472.38	379.56
476.07	384.45
476.07	385.67
476.07	390.55
474.84	399.1
468.7	406.42
453.97	411.3
428.19	412.52
390.14	407.64
355.77	397.87
323.85	383.22
298.07	372.24
279.66	364.91
262.47	361.25
247.74	361.25
235.47	367.35
221.96	375.9
208.46	386.89
199.87	399.1
196.18	410.08
203.55	423.51
231.78	430.84
278.43	435.72
342.26	435.72
406.1	432.06
466.25	419.85
490.8	402.76
503.07	380.78
511.67	362.47
519.03	346.6
522.71	339.27
525.17	329.51
526.4	322.18
527.62	319.74
527.62	319.74
531.31	320.96
546.04	330.73
562	339.27
575.5	353.92
581.64	368.57
576.73	386.89
559.54	406.42
546.04	418.63
534.99	428.4
522.71	438.16
510.44	444.27
500.62	450.37
490.8	458.92
479.75	463.8
471.16	466.24
462.56	467.46
453.97	467.46
444.15	467.46
431.87	467.46
414.69	466.24
398.73	463.8
387.68	461.36
384	458.92
374.18	451.59
366.81	439.38
358.22	425.95
352.08	410.08
350.86	391.77
355.77	372.24
365.59	357.59
382.77	339.27
408.55	322.18
425.74	313.64
431.87	311.2
433.1	306.31
431.87	300.21
419.6	291.66
398.73	279.45
377.86	267.25
368.04	263.58
354.54	266.03
343.49	269.69
331.21	275.79
320.17	277.01
306.66	278.23
296.84	280.68
288.25	278.23
277.2	268.47
271.06	262.36
268.61	256.26
266.15	248.93
263.7	236.73
262.47	224.52
267.38	211.09
274.75	200.1
280.89	190.33
285.8	180.57
288.25	175.68
291.93	173.24
299.3	176.9
322.62	200.1
353.31	239.17
365.59	272.13
374.18	300.21
388.91	322.18
397.5	335.61
404.87	353.92
413.46	372.24
420.83	388.11
424.51	397.87
425.74	400.32
425.74	400.32
425.74	400.32
425.74	400.32
425.74	400.32
424.51	401.54
424.51	401.54
424.51	401.54
424.51	401.54
426.96	401.54
431.87	401.54
434.33	401.54
434.33	401.54
434.33	401.54
434.33	401.54
434.33	401.54
434.33	401.54
434.33	401.54
435.56	401.54
435.56	405.2
438.01	411.3
439.24	423.51
441.7	435.72
442.92	445.49
442.92	446.71
442.92	446.71
442.92	446.71
442.92	446.71
442.92	446.71
442.92	446.71
442.92	447.93
440.47	452.81
439.24	457.7
435.56	460.14
434.33	462.58
434.33	462.58
430.65	460.14
424.51	454.03
419.6	449.15
415.92	449.15
408.55	449.15
402.41	451.59
397.5	451.59
391.37	447.93
387.68	438.16
380.32	419.85
369.27	407.64
365.59	401.54
365.59	401.54
368.04	403.98
375.41	411.3
387.68	422.29
398.73	429.62
403.64	433.28
404.87	433.28
409.78	434.5
420.83	438.16
431.87	441.82
435.56	444.27
435.56	444.27
435.56	444.27
435.56	444.27
435.56	444.27
435.56	444.27
434.33	441.82
428.19	440.6
426.96	438.16
425.74	438.16
425.74	438.16
425.74	438.16
425.74	438.16
425.74	440.6
425.74	443.05
426.96	446.71
426.96	449.15
428.19	454.03
429.42	456.47
430.65	460.14
430.65	460.14
430.65	460.14
428.19	460.14
428.19	460.14
428.19	460.14
428.19	458.92
424.51	456.47
424.51	454.03
423.28	452.81
424.51	450.37
424.51	449.15
426.96	446.71
431.87	445.49
436.79	446.71
445.38	450.37
451.52	454.03
455.2	456.47
457.65	460.14
458.88	461.36
458.88	461.36
458.88	461.36
458.88	461.36
458.88	461.36
458.88	461.36
458.88	461.36
457.65	461.36
456.43	461.36
455.2	461.36
455.2	461.36
453.97	461.36
453.97	461.36
453.97	461.36
452.74	461.36
452.74	461.36
452.74	461.36
451.52	461.36
451.52	461.36
450.29	461.36
444.15	462.58
436.79	462.58
428.19	463.8
424.51	463.8
424.51	463.8
424.51	463.8
424.51	463.8
424.51	463.8
423.28	460.14
420.83	456.47
420.83	455.25
420.83	454.03
420.83	452.81
420.83	449.15
420.83	446.71
419.6	441.82
419.6	434.5
420.83	428.4
422.05	422.29
424.51	416.19
425.74	413.75
426.96	412.52
428.19	411.3
428.19	410.08
428.19	407.64
429.42	402.76
429.42	397.87
429.42	394.21
433.1	390.55
445.38	392.99
466.25	403.98
479.75	413.75
483.43	416.19
483.43	416.19
483.43	416.19
483.43	416.19
483.43	416.19
487.11	416.19
487.11	412.52
483.43	405.2
471.16	396.65
450.29	386.89
429.42	379.56
418.37	375.9
418.37	375.9
417.14	375.9
417.14	375.9
415.92	375.9
413.46	375.9
413.46	375.9
413.46	375.9
409.78	375.9
401.19	373.46
391.37	372.24
380.32	371.02
372.95	369.8
371.72	369.8
371.72	369.8
371.72	369.8
371.72	369.8
371.72	369.8
368.04	364.91
361.9	353.92
354.54	339.27
345.95	320.96
336.13	309.97
328.76	301.43
325.08	296.55
323.85	294.1
322.62	294.1
321.39	292.88
321.39	291.66
318.94	289.22
318.94	286.78
318.94	284.34
317.71	281.9
317.71	278.23
317.71	275.79
317.71	273.35
317.71	273.35
316.48	270.91
316.48	269.69
316.48	269.69
316.48	269.69
316.48	269.69
316.48	269.69
315.26	269.69
314.03	270.91
314.03	270.91
314.03	270.91
314.03	270.91
317.71	273.35
325.08	279.45
342.26	298.99
360.68	320.96
369.27	342.94
376.63	364.91
384	385.67
396.28	399.1
403.64	407.64
409.78	412.52
413.46	418.63
415.92	423.51
417.14	427.17
417.14	427.17
417.14	427.17
417.14	427.17
417.14	427.17
417.14	427.17
415.92	427.17
414.69	419.85
413.46	408.86
412.23	392.99
409.78	379.56
408.55	371.02
408.55	366.13
408.55	363.69
408.55	360.03
408.55	357.59
409.78	355.15
411.01	355.15
411.01	353.92
411.01	353.92
411.01	353.92
413.46	353.92
418.37	352.7
424.51	350.26
434.33	349.04
445.38	346.6
452.74	346.6
456.43	346.6
462.56	350.26
467.47	355.15
469.93	360.03
471.16	361.25
472.38	363.69
472.38	363.69
473.61	364.91
473.61	364.91
473.61	364.91
473.61	364.91
473.61	363.69
473.61	361.25
473.61	360.03
473.61	357.59
477.29	350.26
484.66	339.27
488.34	327.07
489.57	313.64
483.43	301.43
480.98	295.32
485.89	288
501.85	281.9
521.49	278.23
548.49	277.01
575.5	277.01
591.46	281.9
603.73	290.44
609.87	296.55
612.33	301.43
613.55	302.65
613.55	302.65
613.55	302.65
613.55	302.65
613.55	302.65
613.55	302.65
613.55	302.65
613.55	302.65
613.55	298.99
613.55	294.1
609.87	285.56
601.28	274.57
590.23	261.14
571.82	244.05
555.86	231.84
548.49	225.74
541.13	222.08
541.13	220.85
541.13	220.85
539.9	219.63
539.9	218.41
538.67	215.97
538.67	214.75
538.67	214.75
538.67	214.75
527.62	214.75
483.43	204.98
420.83	190.33
377.86	175.68
358.22	167.14
353.31	164.7
353.31	163.48
353.31	163.48
353.31	163.48
353.31	163.48
353.31	163.48
353.31	163.48
353.31	163.48
352.08	163.48
352.08	163.48
352.08	163.48
352.08	163.48
352.08	163.48
344.72	163.48
329.99	163.48
301.75	164.7
260.02	184.23
221.96	215.97
196.18	251.38
181.45	288
174.09	317.3
175.32	346.6
177.77	368.57
181.45	378.34
188.82	382
215.82	383.22
248.97	380.78
294.39	375.9
333.67	367.35
364.36	352.7
390.14	338.05
412.23	324.62
430.65	312.42
449.06	302.65
472.38	291.66
494.48	284.34
509.21	279.45
516.58	273.35
520.26	272.13
521.49	268.47
526.4	263.58
530.08	261.14
531.31	259.92
531.31	259.92
506.76	275.79
456.43	302.65
381.54	338.05
323.85	378.34
288.25	414.97
262.47	445.49
244.06	466.24
239.15	476.01
239.15	480.89
240.38	485.77
245.29	489.44
247.74	494.32
253.88	505.31
258.79	511.41
266.15	517.52
284.57	528.5
309.12	537.05
337.35	540.71
365.59	544.37
398.73	548.04
417.14	551.7
420.83	552.92
426.96	559.02
429.42	563.91
430.65	565.13
424.51	566.35
412.23	566.35
387.68	563.91
350.86	562.69
306.66	557.8
284.57	548.04
266.15	538.27
251.42	522.4
240.38	507.75
234.24	499.2
225.64	489.44
217.05	478.45
212.14	465.02
209.69	444.27
207.23	432.06
207.23	430.84
201.09	435.72
177.77	472.35
151.99	508.97
137.26	532.17
128.67	555.36
0	0
0	0
0	0
0	0
0	0
0	0
0	0
0	0
228.1	566.35
236.69	495.54
241.6	432.06
242.83	394.21
241.6	379.56
239.15	368.57
237.92	342.94
236.69	314.86
235.47	284.34
236.69	264.8
239.15	257.48
239.15	257.48
239.15	257.48
229.33	266.03
207.23	284.34
190.05	292.88
180.23	296.55
170.4	298.99
165.49	298.99
165.49	298.99
165.49	298.99
166.72	292.88
181.45	284.34
217.05	277.01
262.47	270.91
301.75	258.7
332.44	242.83
355.77	225.74
375.41	213.53
385.23	208.65
391.37	206.2
392.59	206.2
392.59	206.2
392.59	206.2
384	217.19
370.5	233.06
353.31	246.49
336.13	253.82
321.39	255.04
302.98	247.71
278.43	226.96
256.33	211.09
248.97	206.2
242.83	201.32
229.33	192.78
218.28	185.45
213.37	180.57
210.91	178.13
203.55	175.68
196.18	173.24
188.82	169.58
185.14	164.7
188.82	156.15
207.23	146.38
247.74	134.18
295.62	128.07
334.9	125.63
372.95	129.29
420.83	137.84
465.02	146.38
489.57	152.49
499.39	154.93
509.21	157.37
521.49	159.81
531.31	162.25
548.49	167.14
564.45	172.02
566.91	174.46
566.91	174.46
553.4	180.57
530.08	192.78
503.07	213.53
490.8	233.06
479.75	251.38
474.84	273.35
472.38	292.88
472.38	308.75
471.16	320.96
468.7	331.95
465.02	342.94
462.56	357.59
461.34	372.24
461.34	386.89
461.34	401.54
461.34	411.3
461.34	412.52
463.79	412.52
477.29	412.52
507.98	403.98
536.22	394.21
568.13	379.56
592.68	363.69
609.87	344.16
616.01	322.18
612.33	302.65
601.28	290.44
568.13	285.56
527.62	291.66
487.11	308.75
442.92	328.29
406.1	340.5
375.41	349.04
353.31	352.7
336.13	353.92
320.17	353.92
305.44	356.37
289.48	358.81
280.89	362.47
275.97	364.91
274.75	364.91
274.75	364.91
274.75	364.91
274.75	364.91
274.75	364.91
274.75	364.91
274.75	364.91
274.75	366.13
273.52	367.35
273.52	369.8
273.52	375.9
273.52	379.56
273.52	382
274.75	383.22
277.2	384.45
277.2	384.45
279.66	386.89
284.57	390.55
288.25	394.21
289.48	396.65
289.48	397.87
289.48	401.54
290.71	405.2
291.93	408.86
298.07	416.19
304.21	428.4
307.89	434.5
309.12	440.6
310.35	446.71
310.35	449.15
310.35	451.59
310.35	451.59
310.35	451.59
310.35	451.59
310.35	451.59
310.35	451.59
310.35	451.59
311.57	450.37
315.26	449.15
317.71	447.93
321.39	445.49
326.3	444.27
328.76	441.82
328.76	440.6
326.3	435.72
314.03	425.95
280.89	408.86
240.38	390.55
214.6	380.78
206	377.12
201.09	371.02
196.18	366.13
192.5	363.69
188.82	361.25
188.82	361.25
187.59	361.25
187.59	361.25
187.59	361.25
187.59	361.25
187.59	361.25
187.59	361.25
196.18	366.13
207.23	369.8
221.96	375.9
236.69	383.22
246.51	388.11
250.2	389.33
252.65	390.55
262.47	394.21
272.29	399.1
278.43	405.2
284.57	412.52
287.02	414.97
294.39	416.19
306.66	413.75
321.39	407.64
329.99	401.54
334.9	390.55
338.58	373.46
345.95	350.26
358.22	320.96
369.27	295.32
376.63	277.01
385.23	262.36
398.73	246.49
408.55	233.06
412.23	225.74
414.69	220.85
417.14	214.75
417.14	212.31
417.14	212.31
417.14	212.31
417.14	212.31
417.14	212.31
417.14	207.43
414.69	201.32
413.46	200.1
413.46	200.1
413.46	200.1
413.46	200.1
413.46	200.1
413.46	200.1
413.46	200.1
413.46	200.1
413.46	200.1
413.46	200.1
413.46	200.1
413.46	200.1
413.46	200.1
413.46	200.1
413.46	200.1
413.46	200.1
413.46	204.98
418.37	220.85
434.33	241.61
447.83	258.7
453.97	269.69
461.34	290.44
476.07	319.74
483.43	336.83
488.34	353.92
494.48	368.57
498.16	371.02
499.39	372.24
500.62	372.24
500.62	372.24
500.62	372.24
501.85	372.24
501.85	372.24
501.85	372.24
501.85	372.24
501.85	372.24
501.85	375.9
501.85	377.12
501.85	378.34
501.85	379.56
501.85	379.56
501.85	379.56
501.85	379.56
501.85	379.56
499.39	383.22
496.94	385.67
494.48	386.89
494.48	386.89
487.11	380.78
480.98	369.8
472.38	355.15
463.79	338.05
455.2	324.62
450.29	309.97
447.83	290.44
449.06	273.35
449.06	258.7
450.29	242.83
452.74	225.74
457.65	214.75
462.56	206.2
467.47	196.44
471.16	190.33
472.38	186.67
472.38	186.67
472.38	186.67
472.38	186.67
473.61	186.67
485.89	186.67
507.98	189.11
534.99	192.78
569.36	196.44
580.41	197.66
585.32	197.66
600.05	195.22
611.1	192.78
622.15	187.89
639.33	181.79
649.15	178.13
651.61	175.68
652.84	175.68
652.84	175.68
652.84	175.68
652.84	175.68
652.84	175.68
652.84	175.68
652.84	175.68
649.15	175.68
623.37	181.79
558.31	196.44
488.34	215.97
420.83	234.28
365.59	246.49
317.71	252.6
277.2	256.26
244.06	258.7
218.28	258.7
188.82	258.7
159.36	256.26
138.49	255.04
126.21	255.04
116.39	255.04
107.8	255.04
107.8	255.04
107.8	255.04
106.57	255.04
106.57	255.04
106.57	255.04
106.57	255.04
107.8	259.92
110.25	269.69
122.53	291.66
137.26	313.64
148.31	333.17
161.81	350.26
176.54	363.69
188.82	373.46
190.05	375.9
190.05	375.9
190.05	375.9
190.05	375.9
190.05	375.9
190.05	375.9
194.96	377.12
206	385.67
214.6	396.65
224.42	414.97
230.56	434.5
235.47	449.15
237.92	457.7
239.15	461.36
240.38	462.58
240.38	462.58
240.38	462.58
240.38	462.58
242.83	462.58
252.65	456.47
269.84	446.71
296.84	429.62
325.08	408.86
354.54	388.11
401.19	372.24
441.7	364.91
465.02	361.25
476.07	358.81
477.29	357.59
478.52	356.37
478.52	356.37
478.52	355.15
478.52	355.15
472.38	351.48
458.88	345.38
439.24	335.61
413.46	324.62
396.28	317.3
382.77	313.64
372.95	309.97
366.81	306.31
365.59	306.31
364.36	306.31
364.36	306.31
364.36	306.31
364.36	306.31
364.36	306.31
363.13	306.31
363.13	313.64
366.81	330.73
369.27	346.6
369.27	357.59
369.27	364.91
366.81	368.57
365.59	372.24
365.59	372.24
365.59	372.24
365.59	372.24
365.59	372.24
365.59	372.24
365.59	372.24
365.59	372.24
371.72	371.02
387.68	366.13
408.55	357.59
420.83	351.48
428.19	345.38
433.1	335.61
433.1	328.29
433.1	327.07
433.1	325.85
433.1	325.85
433.1	325.85
431.87	325.85
431.87	325.85
431.87	328.29
442.92	341.72
462.56	353.92
476.07	361.25
483.43	367.35
488.34	371.02
489.57	371.02
489.57	371.02
489.57	371.02
509.21	360.03
530.08	338.05
542.36	302.65
549.72	258.7
549.72	217.19
548.49	185.45
539.9	163.48
536.22	152.49
534.99	143.94
534.99	140.28
533.76	139.06
531.31	137.84
514.12	137.84
485.89	141.5
446.61	152.49
402.41	164.7
370.5	174.46
347.17	180.57
337.35	184.23
336.13	184.23
336.13	184.23
337.35	184.23
345.95	179.35
353.31	173.24
355.77	167.14
358.22	161.03
361.9	152.49
369.27	147.6
380.32	145.16
390.14	146.38
406.1	156.15
423.28	174.46
442.92	196.44
465.02	214.75
479.75	226.96
496.94	241.61
505.53	250.15
512.89	258.7
521.49	269.69
527.62	280.68
531.31	289.22
532.53	291.66
532.53	295.32
531.31	297.77
531.31	298.99
531.31	298.99
531.31	298.99
527.62	300.21
522.71	300.21
512.89	300.21
494.48	292.88
471.16	279.45
450.29	266.03
409.78	246.49
369.27	230.62
337.35	219.63
323.85	214.75
316.48	213.53
309.12	213.53
301.75	215.97
298.07	218.41
294.39	222.08
291.93	225.74
291.93	229.4
290.71	237.95
284.57	247.71
268.61	258.7
244.06	272.13
218.28	283.12
207.23	288
202.32	291.66
202.32	291.66
202.32	291.66
202.32	291.66
202.32	291.66
199.87	294.1
198.64	300.21
194.96	307.53
185.14	319.74
174.09	334.39
167.95	347.82
163.04	360.03
161.81	364.91
155.67	385.67
154.45	402.76
151.99	414.97
151.99	427.17
155.67	441.82
159.36	451.59
166.72	461.36
175.32	471.12
188.82	478.45
203.55	485.77
221.96	490.66
246.51	493.1
272.29	494.32
294.39	495.54
336.13	494.32
391.37	483.33
439.24	467.46
494.48	454.03
557.09	441.82
609.87	427.17
638.1	419.85
656.52	416.19
676.16	410.08
700.71	406.42
712.99	402.76
715.44	397.87
716.67	394.21
716.67	392.99
708.08	390.55
685.98	389.33
658.97	389.33
631.97	392.99
608.64	395.43
579.18	394.21
546.04	389.33
527.62	386.89
519.03	383.22
500.62	372.24
485.89	357.59
482.2	346.6
485.89	331.95
493.25	320.96
498.16	314.86
498.16	314.86
495.71	313.64
476.07	313.64
439.24	324.62
395.05	339.27
360.68	353.92
336.13	368.57
325.08	375.9
321.39	383.22
317.71	388.11
316.48	390.55
314.03	391.77
310.35	392.99
299.3	392.99
277.2	390.55
240.38	385.67
207.23	380.78
180.23	375.9
163.04	369.8
159.36	368.57
159.36	368.57
159.36	368.57
170.4	366.13
204.78	360.03
248.97	353.92
299.3	349.04
339.81	342.94
360.68	333.17
364.36	327.07
364.36	324.62
364.36	324.62
369.27	322.18
374.18	317.3
377.86	314.86
379.09	312.42
379.09	311.2
381.54	306.31
384	301.43
385.23	298.99
385.23	298.99
385.23	298.99
385.23	298.99
379.09	296.55
369.27	295.32
356.99	298.99
342.26	302.65
334.9	309.97
328.76	317.3
327.53	317.3
327.53	318.52
327.53	318.52
326.3	318.52
326.3	318.52
326.3	318.52
326.3	318.52
326.3	318.52
326.3	318.52
327.53	319.74
334.9	320.96
354.54	324.62
375.41	325.85
401.19	328.29
434.33	328.29
460.11	329.51
474.84	330.73
476.07	330.73
476.07	330.73
476.07	330.73
476.07	330.73
476.07	330.73
476.07	330.73
476.07	330.73
476.07	330.73
476.07	330.73
476.07	330.73
476.07	330.73
476.07	330.73
465.02	327.07
442.92	319.74
429.42	313.64
417.14	298.99
409.78	283.12
406.1	266.03
399.96	248.93
393.82	236.73
387.68	229.4
376.63	222.08
361.9	215.97
336.13	209.87
299.3	203.76
256.33	203.76
207.23	207.43
156.9	213.53
126.21	219.63
112.71	224.52
101.66	225.74
93.07	226.96
91.84	226.96
91.84	226.96
91.84	226.96
96.75	229.4
116.39	233.06
149.54	237.95
194.96	244.05
245.29	248.93
299.3	252.6
328.76	256.26
332.44	256.26
332.44	256.26
332.44	256.26
332.44	256.26
332.44	256.26
332.44	256.26
334.9	258.7
345.95	266.03
358.22	277.01
368.04	295.32
370.5	313.64
370.5	331.95
371.72	346.6
374.18	353.92
376.63	358.81
380.32	362.47
391.37	366.13
414.69	371.02
453.97	379.56
488.34	390.55
517.8	395.43
538.67	401.54
562	408.86
571.82	411.3
574.27	412.52
575.5	412.52
575.5	412.52
576.73	412.52
587.77	416.19
604.96	423.51
616.01	427.17
623.37	428.4
638.1	430.84
652.84	430.84
654.06	430.84
656.52	429.62
657.75	423.51
658.97	416.19
654.06	401.54
640.56	385.67
627.06	366.13
614.78	349.04
601.28	331.95
590.23	317.3
582.86	309.97
582.86	309.97
584.09	309.97
597.6	323.4
611.1	346.6
613.55	373.46
613.55	403.98
614.78	427.17
614.78	438.16
614.78	444.27
614.78	444.27
614.78	444.27
616.01	444.27
616.01	444.27
616.01	444.27
619.69	441.82
624.6	433.28
627.06	416.19
620.92	386.89
608.64	352.7
601.28	316.08
595.14	285.56
586.55	259.92
575.5	235.5
562	211.09
541.13	191.55
525.17	178.13
507.98	168.36
494.48	161.03
490.8	159.81
487.11	159.81
483.43	159.81
483.43	159.81
483.43	159.81
483.43	159.81
482.2	159.81
480.98	159.81
479.75	161.03
476.07	164.7
468.7	173.24
462.56	185.45
453.97	204.98
446.61	223.3
440.47	236.73
438.01	244.05
436.79	244.05
435.56	244.05
433.1	245.27
420.83	244.05
409.78	244.05
395.05	242.83
368.04	241.61
341.04	241.61
321.39	247.71
306.66	255.04
295.62	269.69
289.48	291.66
289.48	316.08
298.07	338.05
305.44	353.92
312.8	362.47
317.71	367.35
317.71	369.8
311.57	373.46
298.07	379.56
277.2	383.22
255.11	389.33
237.92	395.43
221.96	401.54
199.87	406.42
176.54	410.08
154.45	413.75
128.67	414.97
105.34	414.97
93.07	414.97
86.93	414.97
84.48	412.52
77.11	399.1
72.2	377.12
74.66	351.48
82.02	324.62
94.3	291.66
102.89	263.58
107.8	244.05
115.16	229.4
123.76	214.75
131.12	203.76
139.72	196.44
151.99	192.78
180.23	189.11
225.64	184.23
278.43	181.79
328.76	179.35
371.72	176.9
395.05	170.8
418.37	164.7
439.24	159.81
457.65	156.15
477.29	156.15
494.48	156.15
504.3	154.93
504.3	154.93
504.3	154.93
504.3	154.93
498.16	159.81
494.48	164.7
498.16	167.14
528.85	170.8
574.27	172.02
612.33	174.46
627.06	176.9
634.42	180.57
641.79	184.23
647.93	187.89
654.06	192.78
658.97	198.88
663.88	212.31
657.75	233.06
634.42	258.7
611.1	279.45
603.73	289.22
602.51	292.88
602.51	302.65
607.42	316.08
608.64	323.4
612.33	356.37
612.33	383.22
609.87	405.2
608.64	423.51
608.64	433.28
616.01	445.49
620.92	456.47
628.28	467.46
633.19	472.35
636.88	474.79
638.1	474.79
638.1	474.79
638.1	474.79
638.1	474.79
638.1	474.79
638.1	474.79
638.1	474.79
638.1	473.57
627.06	469.9
595.14	465.02
557.09	460.14
505.53	458.92
458.88	457.7
409.78	456.47
366.81	455.25
333.67	455.25
312.8	457.7
295.62	460.14
280.89	463.8
269.84	465.02
255.11	466.24
229.33	463.8
196.18	460.14
188.82	460.14
188.82	460.14
188.82	460.14
202.32	456.47
241.6	449.15
269.84	438.16
278.43	423.51
288.25	397.87
302.98	372.24
317.71	349.04
332.44	327.07
348.4	302.65
360.68	284.34
369.27	269.69
375.41	258.7
376.63	251.38
376.63	246.49
376.63	241.61
374.18	236.73
372.95	233.06
372.95	229.4
375.41	223.3
377.86	217.19
377.86	209.87
371.72	206.2
352.08	203.76
314.03	203.76
277.2	212.31
262.47	218.41
258.79	220.85
255.11	222.08
252.65	223.3
252.65	223.3
252.65	223.3
252.65	223.3
257.56	224.52
269.84	229.4
275.97	237.95
266.15	252.6
240.38	268.47
217.05	288
225.64	302.65
266.15	295.32
312.8	279.45
354.54	275.79
387.68	277.01
414.69	266.03
442.92	247.71
465.02	239.17
472.38	239.17
477.29	247.71
484.66	252.6
488.34	252.6
488.34	252.6
