330.45	341.25
330.5	343.75
330.7	346.35
328.55	349.65
331.55	347.15
332.3	348.55
332.35	349.8
333.15	348.65
460.6	427.3
580.85	513.75
581.65	519.65
584.9	523.6
585.7	523.7
585.05	524.7
631.4	559.1
627.85	561.2
630.4	561.2
632.25	558.85
632.15	557.3
413.35	389.85
344.4	335.1
347.05	338.75
346.5	338.75
345.85	337.9
344.9	337.3
345.8	339.2
348.25	337.25
348.1	340.55
367.3	300.5
369.95	304.15
367.95	308.05
367.5	305.4
0	0
0	0
0	0
0	0
0	0
337.75	282.45
337.15	290.15
336.95	298.2
337.45	299.65
337.6	303.7
338.9	302.9
260.5	413.5
263.9	410.8
261.35	414.65
260.05	419.1
260.05	419.95
261.75	419.35
262.1	420.65
260.6	425.5
260.05	425.25
258.05	384.95
258.3	383.45
257.5	380.55
256.4	383.6
257.8	384.9
254	391.3
254.55	388.9
252.95	389.75
252.05	395.45
251.6	393.9
249.55	396.2
249.8	398.35
248.95	397.05
249.45	396.95
248.85	395.2
248.1	394.05
249.8	394.75
258.45	371.35
0	0
0	0
0	0
0	0
0	0
0	0
236.95	372.65
236.75	374.2
235.2	379.2
237.85	378.95
238.3	378.7
237.4	376.25
238.35	378.4
260.7	393.15
262.4	390.15
265.35	388.65
265.35	390.4
264.3	390.55
266.2	393.15
252.8	389.75
250.45	391.4
251.8	391.2
251	393.15
250.2	392.7
249.5	392.75
248.95	393.1
272.4	299.9
279.5	299.6
279.4	298.9
276.9	295.5
277.65	300.85
277.1	300.35
275.65	302.8
274.7	305.25
277.55	306.9
278.4	307.5
279.5	308.9
277.1	307.9
276.6	309.45
278.25	305.8
278.1	307.6
276.7	312
284.6	309.65
315.95	296.25
314.7	298.8
315.1	299.95
313.85	303.25
328.65	247.45
0	0
0	0
0	0
0	0
0	0
0	0
227.55	358.2
226.75	359.9
225.3	361.9
226.5	364.05
228.55	364.95
288.1	310.65
292.25	308.1
293.45	309.95
294	310.45
293.8	311.9
292.05	311.55
294.3	314.15
294.6	316.65
295.7	314.75
298.1	314.95
298.5	317.8
297.65	318.75
298.65	320.3
298.3	321.5
297.8	323.85
299.2	324.35
299.9	326.9
298.65	326.6
297.4	329.65
299.75	325.9
304.9	317.35
302.75	319.45
299	325.55
295.9	315.75
297.95	319.35
297.4	313
297.65	311.55
296.1	313.55
379	383.6
376.25	381.3
0	0
377.75	380.8
378.7	380.55
379.4	377.5
379.2	378.9
377.65	378.55
380.2	373.15
382.35	369.9
383	362.25
383.55	358.8
383.6	356.25
383.75	351.25
384.3	351.4
383.4	349.6
383.8	344.2
383.4	340.8
386.55	335.75
388.55	324.1
388.75	311.55
386.8	276.9
0	0
0	0
0	0
0	0
0	0
0	0
0	0
0	0
0	0
0	0
0	0
0	0
279.95	272.2
276.4	274.05
278.4	265.4
278.15	264.7
0	0
0	0
0	0
0	0
0	0
0	0
0	0
0	0
0	0
0	0
505.95	322.8
501.1	341.45
501.2	341.3
498.6	333.55
498.35	330.15
496.95	320.65
496.9	306.5
497.15	297.9
496.7	297.55
495.1	304.05
495.95	311.5
498.5	311.45
501.4	312.7
502.15	321.1
503.35	326.35
505	330.55
504.65	339
506.9	340.45
504.75	345.15
502.75	351.5
506.8	355.45
534.7	355.8
535.15	358.3
535.05	359.5
535.75	363.8
529.75	368.8
528.7	372.2
419.45	252.4
416.55	252.15
416.2	251.55
416.6	249.75
416.7	252.9
415.7	254.9
412.25	255.75
411.65	257.5
414.5	258.6
417.65	257.9
414.4	264.25
417.55	261.85
420.45	266
418.6	273.35
417.45	280.8
417.45	283.35
422.85	235.7
0	0
0	0
0	0
0	0
0	0
0	0
0	0
0	0
0	0
0	0
0	0
0	0
0	0
0	0
0	0
0	0
381.65	367
381	374.6
379.95	370.4
382.6	365.35
380.65	366.9
377.8	370.4
378.2	366.75
377.5	368.95
377.35	373.5
379.55	376.7
384.7	380.45
386.45	384.85
382.9	390.05
381.2	388
381.6	392.15
383.15	389.5
382.1	389.85
381.15	389.2
384.3	386.75
385.8	387.05
384.95	391.1
385.9	388.1
385.9	390.1
381.5	393.45
382.15	392.95
379.1	394.2
377.6	394.55
376.05	390.4
373.65	394.45
370.85	392.8
371.9	388.8
371.8	388.05
322.4	381.15
313.7	381.9
312.15	382.8
310.75	382.05
312.2	381
311.15	378.4
312.8	375.7
313.25	377.8
308.95	378.6
311.1	379.75
308.95	383.15
311.25	380.85
311.8	381.3
314.15	382.95
316.2	382
317.75	382.95
318.55	389.3
320.8	389.8
320.5	390
319.95	394.85
321.35	396.8
323	401.7
321.55	401.7
323	403.25
323.95	401.05
323.5	403.9
327.95	399.55
330.3	393.55
331.05	393.15
320.65	315.85
316.15	327.6
315.95	327.55
317.75	327.85
319.7	330.4
321.8	328.15
262.55	298.45
266.8	300.05
268.1	300.8
268.25	303.55
269.9	305.55
272.6	301.05
274.75	299.4
274.7	302.65
276.95	299.1
278.7	297.7
281.2	211.7
283.25	211.35
284.2	213.95
288.5	211.35
287.4	215.3
288.45	216.2
293	217.25
297.65	219.5
298.6	224.7
301.65	226.8
301.4	225.05
302.4	228.55
305.75	231.05
307.75	229.45
308.3	234.1
310.2	232.25
311.2	232.45
315	231.55
315.9	227.7
156.9	221.6
125.4	223.1
127.85	223.2
126.4	230.65
130.3	228.35
132.35	232.9
132.8	242.5
135.25	244.1
135.25	243.25
137.85	247.75
141.05	244.65
77.85	196.35
71.7	195.9
74.9	193.7
76.85	190.65
79.05	188.9
80.6	192.05
79.35	194.65
290.15	291.85
297.4	299.5
298.45	303.2
298.2	306.5
298.45	308.45
297.9	307.25
299.05	310.1
302.1	308.5
301.1	307.6
399.45	277.4
445.85	274.5
444.6	273.15
445.25	271.85
447.45	275.75
445.85	276.3
454.7	266.5
0	0
0	0
0	0
0	0
0	0
0	0
0	0
0	0
0	0
0	0
0	0
371.15	345.2
372.3	342.2
373	350.6
372.7	347.65
371.6	350.7
371.6	352.8
372.45	352.5
377.5	344.95
506.45	219.8
506.85	226.85
505.75	224.95
507.25	227.8
508.85	226.3
507.35	228.7
506.4	229.65
504.95	228.35
506.3	229.75
506.2	230.65
506.15	233
506.65	232
507.65	233.3
508.9	237.35
509.75	236.85
510.3	219.35
509.55	183.05
0	0
0	0
0	0
0	0
0	0
0	0
322.7	238.9
321.2	245.75
322.7	246.7
323	248.75
321.15	250.55
320.4	250.15
321.3	248.9
322.05	244.05
323.25	247
323.9	249.55
323.9	244.65
365.3	284.15
363.2	292.85
362.3	297.45
363.95	301
363.5	302.85
364	306.4
276.5	382.45
272.15	391.4
272.8	391.6
274.2	395.4
272.45	393.45
272	394.8
271.65	396.15
272.1	394.9
273.15	393.25
271.8	393.9
276.05	392.7
357.6	425.3
359.5	427.85
359.5	429.7
359.5	428.95
361.55	427.1
362.25	422.7
361.25	422.75
364.1	421.95
363.8	417.2
362.7	416.55
360.8	421.3
358.45	422.9
357.45	424.6
358.65	426.6
396.2	407.7
398.1	409.45
400.45	410.4
401.7	410.6
413.3	411.85
0	0
0	0
0	0
0	0
0	0
623.5	568.9
617.9	565.65
621.4	564
624.3	561.65
622.8	562.3
382.05	412.05
291.35	351.9
287.4	357.35
288.2	358.95
288.4	355.3
290	352.35
289.6	352.2
270.8	336.9
200.95	293.6
194.9	289.4
196.7	292.9
196.45	293.6
196.9	289.15
199.55	289.25
197.6	287.35
199.25	287.65
197.7	291.85
200.1	287.6
111.75	257.9
110.5	258.55
113	263.45
113.35	260.55
112.75	261.65
110.55	266.85
110.95	264.7
109.35	266.1
108.15	269.1
107.1	271.1
110.2	273.7
160.1	275.7
282.55	300.65
281.3	304.4
283.75	300.6
286.3	295.75
285.45	300.75
285.85	300.55
288.05	298.3
286.55	303.6
286.9	293.5
285.5	301.05
286.1	299.9
285.75	299.2
285.85	304.95
284.6	307.65
285.2	310.8
286	309.6
0	0
0	0
0	0
0	0
0	0
0	0
0	0
0	0
0	0
0	0
0	0
0	0
0	0
0	0
0	0
208.2	303.4
211.95	306.95
212.85	309.6
214.6	307.25
216.45	308.4
215.45	306.65
217.55	308.5
177.85	267.1
180.1	269.25
180.85	271.85
183.35	272.8
184.2	273.9
0	0
0	0
0	0
0	0
0	0
208.75	229.25
205.95	232.25
205.6	239.15
207.75	241.9
209.6	240.25
211	253.5
210	255.7
207.55	257.25
206.3	258
207.35	255
269.6	259.95
414.95	260.25
422.5	257.15
424.7	258.1
427.7	259.2
426.8	260.7
427.9	262.5
427.5	258.3
425.45	262.35
424	267.65
422.9	270.4
421.6	271.9
419.65	271.3
420.7	273.6
419.7	272.5
418.8	273.6
418.75	273.7
256.7	271.7
202.75	277.85
199.1	277.6
200.5	276.25
197.1	278.65
198.25	277.35
196.8	276.4
195.55	276.15
194.35	276.9
195.5	275.85
195.15	272
193.55	277
191.6	277.85
192.05	280.55
190.3	280.1
190.85	280.7
191.5	282.95
192.9	282.05
191	280.2
188.5	285.5
190.25	285.6
190.1	286.75
191.3	290.3
194.35	288.55
193.2	292.9
187.8	292.85
165.8	285.3
165.55	285.1
166.95	284.2
162.7	287.5
166.6	285
165.6	263.3
0	0
0	0
0	0
0	0
0	0
0	0
156.75	238.65
157.6	242.9
157.25	240.95
155	245
155.05	252.3
154.9	259.3
155.45	259.8
156.05	262
154.85	263.15
156.25	264.1
155.9	270.05
155.7	265.25
155.35	265.55
155.85	263.65
157.55	264.75
157.75	266.65
158.9	265.65
158.9	269.35
159.15	268.05
157.15	265.8
158.75	266.25
158.8	265.65
157.95	265.75
158.6	263.55
158.95	264.75
157.8	264.75
161.75	266.4
161.25	267.8
161.2	268.2
160.85	267.9
161.2	272.1
161.7	271.7
161.15	268.8
162.6	268.8
161.1	273.05
161.5	274.6
162.3	274.4
160.95	270.1
175.85	243.55
173.75	244.95
172.55	252
170.5	258.55
170.8	260.55
170.95	255.45
172	254.05
172.35	249.65
173.5	242.45
217.15	218.15
557.15	52.8
550.65	51.5
552.65	54.5
553.6	55.35
553.55	59.95
553.25	60.25
551.9	58.45
551.95	62.75
232.05	251.8
205.8	270.9
206	274.4
205.8	273.65
207.1	274.65
206.55	276.25
204.35	279.45
203.5	278.8
202.55	279.4
202.35	278.6
203.05	276.5
200	279.55
199.9	273.25
179.5	275.45
180.35	285.25
178.4	286.4
177.3	281.3
177.9	283.7
177.75	285.8
179.6	284.25
179.35	285
187.5	283.25
219.35	266.2
218.6	265.15
220.85	266.6
221.55	268.5
220.55	272.45
222.85	273.5
0	0
0	0
0	0
0	0
0	0
234.65	241.7
231.45	250.05
229.1	258.3
228.6	257.15
227.65	255.8
221.5	254.05
204.5	249
204.2	246.85
206.5	247.15
204.95	250.6
208.7	250.7
207.7	253.6
208	258.8
209.25	256.85
207.25	258.8
207.95	257.95
220.05	257.9
221.05	261.2
222.15	257.5
222.45	258.75
224.2	251.4
0	0
0	0
0	0
0	0
0	0
0	0
0	0
173.95	208.25
209.3	227.25
205.9	234.85
208.4	229.75
208.65	228.3
209	229.8
209.6	229.5
209.5	231.9
222.55	239.3
222.6	250
221.15	251.65
221.75	253.8
221.6	254.4
221.35	258.8
219.75	260.85
220.45	265.85
220.35	262.25
219.95	264
220.05	264.55
220.6	266.55
217.75	267.4
217.85	268.45
215.55	269.55
217.55	267.3
216.65	263.6
217.4	258.95
218.95	255.5
225.65	261.05
227.05	265.5
225.35	262.35
224.8	268.35
222.65	271.05
223.2	271.45
223.65	273.85
221.7	282.15
222.3	281.6
224.25	280.15
222.75	282.75
223.8	284.9
225.1	283.15
225.25	285.3
224.7	280.95
223.9	281.9
223.6	282.4
223.15	280.9
223.6	285.5
241.25	296.15
242.2	298.4
241.55	298.9
240.7	295.55
240.25	294.9
240.2	284.4
213.65	273.2
213.65	273.7
217.7	275.65
216.1	279.3
216.85	277.8
219.05	277.45
217.8	277.1
220.45	273.35
220.7	273.4
238.75	278.2
240.15	273.25
240.6	276.5
239.35	278.65
238.45	279.85
0	0
0	0
0	0
0	0
0	0
0	0
0	0
226.85	234.75
227.95	240.55
225.15	245.15
224.65	243.7
226.25	239.3
225.3	241.8
226.25	241.2
225.8	242.15
227.05	239.4
226.9	242.5
227.65	240.3
226.65	239.3
224.55	242.8
214.1	253.05
211.5	258.45
210.2	261.85
208.85	263.45
209	262.3
210.05	257.9
212.05	259.3
210.75	260.2
227.05	262.4
226.35	257.55
225.5	260.05
225.95	261.55
226.55	259.45
225.55	264.1
225.9	264.65
228.35	267
228.6	272.35
228.95	271.6
229.15	270
227.8	270.2
226.85	267.05
227.75	268.7
225.45	270.5
221.45	270.05
195.8	280.7
195.15	277.5
196.15	276.4
199.25	275.7
197.3	276.45
199.8	271.95
231.9	238.75
228.25	237.9
230.45	239.95
228.65	241.7
228.3	244.45
226.2	248.4
229.6	247.05
230.45	247
231.2	251.55
221.45	246.05
219.95	247.9
221.7	252.05
220.4	249.3
220.95	251.1
219.1	257.55
220.4	259.05
220.8	253.15
220	254.4
219.4	251.35
192.85	246.25
196.3	246.8
199.65	243.85
199.35	244.1
199.35	245.3
201.75	246.65
201.95	248
202.7	247.8
202.2	248.75
203.05	248.45
204	250.3
216.6	265.1
220.1	261.85
218.95	260.55
216.85	266.05
215.75	262.95
217.85	261.8
221.3	262.2
246.45	138.6
0	0
0	0
0	0
0	0
0	0
0	0
0	0
0	0
220.15	236.65
218.15	249.45
221.25	244.9
222.45	244.15
223.5	240.4
220.85	229.25
224.2	230.2
223.9	219
204.5	232.55
203.05	227.9
203.4	221.15
202.95	228.05
202.4	229.45
204.95	224.05
202.05	233.85
203.1	236.85
202.5	241.55
203.1	240.95
205.25	235.05
204.85	243.6
207.05	249.25
209.35	249.8
207.1	248.65
222.75	239.2
224.4	245.6
226	247.4
227.95	248.05
230.55	240.65
229.65	244.15
231.75	245.3
231	243.75
231.15	249.1
230.8	250
232.95	252.8
236.55	249.1
234.65	253.65
233.7	251.45
233.6	255.85
234.15	258.95
232.6	257.7
234.6	263.35
232.8	264.6
234.9	262.1
233.9	265.3
232.65	264
230.3	266.55
230.05	268.05
229.25	267.15
246.5	255.85
249.25	264.55
250.2	266.7
249.25	265.25
320.95	260.5
319.05	273.1
322.6	272.85
325.35	272.2
330	269.95
333.6	268.3
373.3	259.25
378.1	259.85
379.65	259.05
381.7	258.35
384.45	260.4
385.25	258.5
385	258.45
0	0
0	0
0	0
0	0
0	0
396.6	227.15
396.65	230.7
396.1	232.9
394.65	232.25
392.95	239.45
393.75	236.85
392.95	239.8
395	250.45
0	0
0	0
0	0
0	0
0	0
0	0
0	0
414.6	243.35
412.05	252
414.8	247.75
413.1	251.4
414.9	248.85
377.6	250.5
387.6	253.85
386.15	263.8
386.95	262.25
387.25	261.25
387.75	262.4
407.85	264.9
409.4	266.35
410.15	269.35
409.25	270.4
413.3	268.05
414.15	266.65
418.65	265.2
416.25	269.8
419.4	265.65
308.65	333.9
182.4	417.45
179.1	425
180.25	424.1
176.6	423.6
180	423.3
354.65	294.25
406.25	259.8
407.15	270.3
403.1	274.9
402.35	274.55
403.4	275.15
405	277.5
407.65	273.2
407.9	267.7
406.95	273.4
378.6	240.85
384.15	240.55
387.65	255.15
386.05	250.2
386.1	248.65
386.6	252.55
383.15	259.85
389.15	256.4
392.9	266.95
391.1	280.35
390.45	271.8
392.8	277.4
390.1	286.75
394.5	278.45
391.3	277.4
393.45	280.95
389.9	279.15
390.45	281.05
389.2	286.2
389.6	282
408.95	273.55
406.85	276.35
408.55	274.15
408.35	278.6
408.15	284.5
406.65	280.25
412.55	272.1
412.15	275.6
413.9	274.85
394.35	268.1
391	272.65
394.4	258.2
390.05	263.7
390.75	263.25
391.95	269.15
391.8	273.2
396.55	265.65
399.5	268.5
399	270.5
401.45	266.55
409.15	289.85
408.75	283.75
410.6	280.4
412.55	280
410	280.7
411.35	283.45
411	281.25
414.15	284.85
405.45	169
0	0
0	0
0	0
0	0
423.5	238.05
420.15	248.6
420.95	250.7
420.35	256.15
419.85	256.3
420.5	256.5
415.05	263.8
414.8	265.45
414.8	264.95
447.2	12.2
0	0
0	0
0	0
0	0
0	0
398.95	232.5
398.05	231.55
400.4	229.65
402	233
401.1	232.05
400.75	236.15
367.85	260.4
367.3	261.5
368.3	256.3
370.8	258.35
370.7	262.85
370.2	267.25
372.3	262.85
368.45	269.95
385.15	269.55
383.15	272.3
384.15	270.9
385.1	272.6
385.4	264.8
385.9	266.6
387.7	268.95
389.65	265.35
374.35	263.1
373.85	265.1
373.25	266.9
373	269.7
375.3	267.2
374.6	271.3
379.15	274.6
0	0
0	0
0	0
0	0
0	0
0	0
374.05	233.9
374.9	245.45
370.8	249.7
369.65	253.2
370.4	253.5
370.25	252.65
387.15	271.6
383.45	271.4
384.9	270.2
385.6	268.25
385.75	272.25
386.5	275.65
384.6	278.15
387.05	277.8
386.65	276.55
389.25	276.65
390.25	279.85
389.4	279.05
392.65	277.2
395.2	278.45
394.05	278.5
395.4	277.85
398.7	279.8
0	0
0	0
0	0
0	0
0	0
0	0
0	0
388.1	236.15
382	241.35
381.8	245.5
380.85	247.65
381.3	249.95
381.7	251.65
414.85	271.05
410.4	271.05
412.85	267.3
412.4	273.2
409.55	277.05
411.1	275.35
413.2	274
412.95	273.2
409.95	274.85
408.2	275.95
408.8	274.55
409.25	278.4
411.35	279
407.45	288.65
406.9	294.6
408.55	293.05
409.15	287.4
408.45	287.5
409.25	284.45
409.1	278
407.25	283.25
409.85	278.45
408.4	282.1
405.7	288.75
407.15	285.6
406.2	287.15
384.45	267.75
393.05	261.3
393.1	266.1
396.3	260.8
397.3	259.4
394.9	264.6
415.65	268.1
405.7	271
402.8	278
404.95	274.4
409.3	267.6
407.4	269.5
410.1	267.8
410.35	267.1
409.8	268.2
407.9	276.4
407.75	279.35
405.7	281.35
0	0
0	0
0	0
0	0
0	0
0	0
413.1	261.75
411.45	266.4
409.05	269.4
407.45	269.8
405.15	275.2
406	272.8
406.5	273.2
409.05	273.9
408.5	272.65
409.85	267.5
408.45	271.5
409.55	271.6
407.45	272.15
410.05	273.5
407.65	273.95
408.35	275.35
407.9	275.8
417.7	273.25
418.2	273.4
418.3	275.5
418.4	274.85
419.75	276
421	275.9
419.4	278.05
422.6	279.9
405.85	273.7
410.35	274
410.55	277.25
409.9	281.1
409.75	280.35
411.85	278.9
410.75	279
417.75	280.4
421.45	276.5
421.3	279.1
423.15	279.15
421.2	278.95
421.35	276.05
421.65	276.75
421.8	276.3
422.7	276.6
421.2	274.5
402.8	259.15
402.9	267.1
405.55	265.1
405.5	267.05
406.35	247.95
0	0
0	0
0	0
0	0
0	0
0	0
421.95	240.85
415.75	243.7
415.4	241.55
413.1	246
388.05	273.05
386.45	274.9
384.55	280.9
388.55	277.7
387	283.9
392.95	278.65
394.1	278.7
392.6	284.65
384.7	267.8
379.4	274.7
379.9	275.1
380.95	278.15
383.35	276.2
382.15	274.2
380	277.7
381.45	278.65
380.55	277.65
378.75	276.6
376.3	276.4
377.7	276.9
378.1	276.65
379.65	277.05
376.65	280.55
378.7	281.7
380.3	280.05
381	281.3
381.1	285.35
381.45	286.1
381.65	287.15
381.65	286.45
381.1	286.15
384.75	284.05
383.95	285.85
381.35	286.9
400.85	281.4
400.8	276.35
403.6	277.05
404.7	276.6
401.3	273.15
400.2	276.5
400.7	272.1
403	272.2
401.1	271.85
405.15	276.45
0	0
0	0
0	0
0	0
0	0
0	0
0	0
421.55	225.2
418.95	232.55
418.6	237
418.15	232.5
418.45	233.65
396.5	256.6
399.7	256
398.9	264.55
400.45	262.05
400.95	264
400.25	267.2
403.95	261.5
402.1	269.25
403.95	267.2
402.25	268.8
405.6	268.15
404.3	273.1
405.5	269.35
409.25	270.1
405.6	273
408.35	272.6
406.1	274.15
408	276.15
408.15	278.8
402.95	279.1
407.55	281.65
404.75	282.85
404.8	283.8
404.7	279.3
403.5	283.2
408.55	283.7
408.5	282.85
407.25	285.35
405.65	281.85
406.15	283.1
405.85	280.4
408.5	283
410.6	278.55
409.5	284.15
411.35	286.15
414.2	278.9
0	0
0	0
0	0
0	0
0	0
0	0
0	0
393.85	235.6
393.55	239.5
394.65	237.2
394.45	233.3
392.85	231.8
393.8	237.9
394.65	241.4
393.25	246.65
394	247.7
393.15	252.8
395.6	254.9
394.95	257.4
394.2	257.05
339.6	292.35
335.1	301.5
336.15	304.35
336.6	301.95
338.2	306.05
339.15	297.45
343.85	296.7
341.85	294.3
341.8	297.9
342.2	298.6
344.8	300.65
344.4	301.9
344.8	303.45
347.75	303.05
348.1	306.25
349.85	314.5
355.85	312.6
359.5	305.55
357.4	306.15
354.25	313.1
352.25	320.15
352.35	326.75
349.45	334.55
351.25	329.75
349.6	329.8
348.35	332.1
351.55	323.55
354	321.55
318.9	321.2
319.35	323.05
316.8	321.5
316.4	325.75
316.9	321.6
317.1	318.9
316.55	317.85
321.1	318.15
319.05	321
317.2	321.35
312.95	325.65
314.95	324.8
315.55	325.35
315.8	322.2
315.65	329.7
315.95	327
317.55	328.75
317.8	329.4
317.55	334.4
317.2	336.5
319.05	335.85
319.25	336.8
320.3	338.35
321.05	339.1
324.05	334.9
327.15	335.7
324.7	334.2
327.65	335.25
326.5	335.5
291.55	311.2
293.6	311.6
292.35	317.4
291.1	314.45
293.1	311.95
293.5	309.55
292.6	308.35
293.35	310.8
294.45	312.65
295.7	313.15
296.5	310.7
298.8	306.2
298	311.5
297.9	313.9
280.3	298.7
281.9	290.35
284.45	292.95
281.55	292.5
284.55	293.7
281.85	294.5
280.8	296.1
283.05	293.75
282.5	295.2
283.4	294.65
282.85	298.65
285.35	293.5
295.55	272
0	0
0	0
0	0
0	0
0	0
296.4	259.7
296.85	267.3
297.85	268
294.35	269.4
295.3	267.15
296	269.65
297.45	269.2
297.85	271.4
298.4	269.6
299.75	268.7
301.2	268.2
300.15	275.85
299.25	272.1
298.05	279.8
299.3	279.6
301.2	277.35
300	277.6
301.55	276.25
173.85	143.1
169.3	140.05
170.6	142.65
171.55	143.45
171.9	142.2
172.45	143.15
290.85	245.5
323.55	289.55
323.45	291.95
324.8	291.6
324.9	292.55
324.4	296.3
326.7	294.65
305.7	291.25
308.2	288.25
305.8	289.35
307	289.7
307.7	293.9
306.25	299.05
304.8	304.75
308.05	293.35
308.35	293.55
306.7	294.9
305.9	294.35
302.9	296.25
301.3	298.6
302.95	294
304.2	293.8
301.85	291.25
299.25	288.85
298.55	287.9
338.4	233.85
344.6	228.05
342.75	231
348.05	223.85
350.1	226.5
347.4	231.35
350.5	224.65
348.35	229.4
347.9	223.1
351.5	212.9
350.4	215.95
349.9	218.5
273.6	242.9
270.3	249.8
270.4	252
270	254.9
269.3	256.05
271.3	259.2
270.25	260.15
271.6	261.1
272.1	253.25
276.25	256.05
279.3	254.75
197.8	250.3
135.4	254.6
136.4	251.75
136.7	257.35
137.8	259.45
145.35	265.55
345.5	248.55
346.75	250.9
348.15	253.85
348.25	257.8
350.8	262.55
346.75	265.45
343.4	272.7
341.85	272.5
337.7	275.5
331.5	287.15
326.45	292.3
320.7	303.65
313.95	306.4
263.25	300.5
253.15	303.3
248.3	308.5
246.45	313.25
238.6	317.35
236.7	317.9
237.5	323.45
197.05	340
154.9	364.2
154.5	367.1
155.55	366.2
164.05	364.35
0	0
0	0
0	0
0	0
0	0
446	252.75
448.35	274.55
448.95	278.35
452.5	277.45
455.45	287.3
459.5	291.15
460.9	293.8
458.25	295.3
462.7	300.55
466.25	301.35
466.25	302.25
467.05	302.4
466.9	300.05
464.1	299.55
464.7	300.95
402.8	321.5
306.4	387.55
299.6	391.55
297.05	389
292.85	391.8
288.55	392.65
286.5	392.3
284.1	396.6
280.15	398.95
369.4	402.8
380.2	417.6
379.6	420.4
378.2	418.35
379.6	417.1
378.75	415
376.4	412.05
375.65	413.65
373.15	415.95
374.5	414.1
377.45	415.45
349.2	276.05
347.45	275.6
352.45	272.25
352.7	271.85
351.9	275.15
356.35	269.55
353.45	272.55
353.4	274.45
351.3	267.75
349.6	272.05
351.3	270.75
350.8	274.25
350.8	278.8
350	278.8
351.8	275.15
354.55	272.15
352.15	268.2
352.1	268.3
353.9	263.35
354.8	274.65
357.9	273.05
357.75	273.9
359.05	273.7
359.3	271.2
358.3	273.9
358.1	273.4
359.85	272.45
360.55	270.3
360.1	267.65
357.5	268.9
357.65	268.3
358.15	266.25
357.9	265
359.05	266.35
359.5	269.65
358.5	268.5
361.95	265.6
363.2	264.35
363.95	265.1
367.2	267.75
367.65	265.15
366.05	267
366.8	266.5
368.75	266.7
368.75	267.15
368.6	265.75
370.15	261.55
374.5	244.5
0	0
0	0
0	0
0	0
0	0
0	0
0	0
0	0
0	0
0	0
0	0
0	0
0	0
0	0
0	0
0	0
0	0
0	0
0	0
0	0
0	0
0	0
0	0
0	0
0	0
0	0
0	0
0	0
0	0
0	0
0	0
0	0
0	0
0	0
0	0
0	0
0	0
0	0
0	0
0	0
0	0
0	0
0	0
0	0
0	0
0	0
0	0
0	0
0	0
0	0
0	0
0	0
0	0
0	0
0	0
0	0
0	0
0	0
0	0
0	0
0	0
0	0
0	0
0	0
0	0
0	0
0	0
0	0
0	0
284.9	272.05
282.35	272.35
282.05	275.65
281.65	282
281.25	282.15
226.4	225.15
229.25	231.35
228.4	231.35
226.55	235.45
227.75	238.6
228	237.75
227.15	246.4
225.85	247.85
225.75	250.05
224.3	252.75
224.4	254.35
221.85	255.4
221.2	255.75
219.7	255.35
216.45	253.05
218.25	254.95
217.1	252.65
216.65	257.75
216.9	259.05
215.75	257.3
215.2	259.3
219.7	260.2
220.15	262.7
220	264.35
221.35	260.5
233.25	271.8
231.15	277.4
232.5	279.8
234.25	278.2
234.6	277.7
236.15	274.15
235.9	273.3
262.8	34.75
0	0
0	0
0	0
0	0
203.65	208.9
205.65	217.75
205.2	219.5
208.45	218.25
210.2	218.95
211.15	220.65
211.65	221.25
212.7	226.05
213.95	224.15
215.1	226.55
214.1	226.6
217.95	238
219.15	239.9
220.85	241.5
221.7	240
224	240.3
225.55	241.3
225.95	243.95
227.45	243.7
229.15	243.7
229.25	244.9
231.05	248.05
231.75	246.7
231.45	248.6
226.3	221.1
227.05	223.35
228.25	222.5
227.7	226.25
228.9	228.2
228.4	228.2
230.15	227.7
246.25	248.75
251.65	258.8
253.85	260.8
253.35	260.65
255.2	261.85
255.3	268.8
0	0
0	0
0	0
0	0
0	0
0	0
241.25	231.4
239.05	228
239.2	228.65
239.3	227.6
239.9	230.95
239	234.3
238.35	234.8
226.1	220.65
225.7	221.8
224.3	221.35
221.35	222.15
222.3	224.35
220.8	231.35
219.95	234.2
220.1	238.2
220.9	243.5
221.7	242.55
219.4	240.3
221.15	240.6
220.55	240.25
220.85	242.75
221.5	245.1
220.7	246.15
221.25	246.5
220.9	248.5
223.05	250.3
224.25	252.55
226.95	258.45
222.75	264.4
221.6	266.8
219.25	266.8
220.9	261.65
222.45	259.4
218.7	259.15
220.4	258.65
219	257.65
218.3	258.15
196.55	253.3
195.45	250.2
194.5	250.7
195.8	248.05
197.05	246.65
197	246.85
214	251.05
215	252.55
213.95	250.6
213.45	252.05
213.6	253.45
213.85	252.05
213.05	250.6
212.45	252.65
202.75	253.15
202.15	254.05
203.85	252.45
201.85	252.45
203.05	251.1
201.6	252.2
202.5	248.9
205.75	249.2
206.45	244.6
204.6	245
205	249.35
203.35	250.4
205.6	248.05
239.05	255.2
242.25	260.6
241.45	254.75
240.55	262.5
240.95	259.4
210.9	253.7
214.15	250.6
212.75	251.5
214.3	250.7
213.55	251
214.95	251.15
215.55	254.25
215.85	260.75
218.2	265.9
224.2	247.05
0	0
0	0
0	0
0	0
0	0
0	0
0	0
0	0
0	0
0	0
0	0
0	0
0	0
191	212.7
191.3	208.6
192.4	201.7
194.2	204.45
205	239.1
205.75	246.7
204.8	246.1
208.15	246.6
208.95	248.15
209.45	249.25
211	257.2
209.65	261.35
210.15	265.7
210.6	264.8
211.8	267.9
211.05	269.55
213.1	266.6
211	272.7
188.7	283.25
193.45	278.2
192.95	280.7
192.85	274.6
193.1	273
194	270.05
194	270.9
195.65	269.15
195.15	274.5
196.2	270.7
197.3	269.6
195.15	277.6
207.05	265.25
203.05	266.9
205.55	266.35
205.55	263.7
206.95	265.15
206.55	270.1
205.55	274
206.9	272.9
208.6	270.25
207.45	272.85
206.85	272.4
208.75	274.1
194	276
194.75	283.95
197.05	278.25
197.7	277.45
201.6	276.6
201.1	280.9
199.45	282.1
199.8	283.95
200.7	281.6
213.45	277.05
216	273.25
216.1	271.1
216.75	269.35
218.45	269.9
216.15	271.8
209.35	276.1
203.25	276.85
202.4	278.35
203.3	276.4
203.7	280.35
205.65	276.4
207.75	275.5
209.9	275.35
208.25	275.75
208.65	274.9
208.65	273.1
209.15	275.1
211.05	274.05
213.15	270.5
214.5	276.9
213.35	278.3
214.3	275.35
213.45	279.75
230.05	275.3
242.85	274.85
241.45	274.5
240.55	274.55
240.9	274.55
239.3	272.7
240.55	274.25
238.85	275.15
236.35	272.05
235.4	272.65
234.9	276.8
234.75	277.3
256.1	140.15
0	0
0	0
0	0
0	0
213.7	263.65
210.6	266.55
210.3	267.15
211.4	265.6
210.55	266
208.8	267.5
208.1	270.2
206.75	269.35
210.3	270.55
189.4	259.7
189.2	263.6
191.95	265.2
191.1	270.1
194.5	268.05
194.4	268.05
194.15	269.25
193.4	271.65
192.25	271.5
191.35	273.3
190	273.85
190.4	270.45
210.3	270.5
209.85	267.5
209.25	265
207.55	265.9
205.75	265.4
207.45	262.35
210.95	259.6
209.8	264.1
211.8	263.75
211.5	268.45
212.05	267.15
213.1	267.9
214.15	269.85
215.35	268.75
203.75	260.1
204.95	264.95
205.8	263.35
205.65	262.5
207.45	260.9
208	260.65
210.95	265.85
211.6	266.95
211.7	269.75
212.65	269.55
211.25	268
211.05	267.85
211.25	257.05
212.55	256.4
212.9	256.7
214.05	255.6
214.6	255.05
215.5	252.9
211.45	258.3
212.85	256.7
213.3	251.9
213.95	252.2
212.45	252.75
200.1	258.1
199.3	257.5
201.5	253.85
200.1	253.05
198.2	254.9
199.3	255.25
198.65	251.25
199	251.65
197.65	253.2
197.6	250.55
197.3	253.65
198.85	248.7
197.05	250.5
197.1	247.9
198.15	249.3
227.85	247.65
227.1	250.5
230.35	246.45
229.35	246.4
230.15	245
231	246.9
225.65	248.2
217.6	248.2
215.25	248.85
216	252.1
215.8	251.9
219.35	256.75
319	291.5
355.45	135.65
0	0
0	0
0	0
0	0
0	0
0	0
340.15	285.05
335.9	287.35
335.95	291.1
335.75	291.65
339.55	275.3
337.5	282.55
339.95	273.65
385.7	283.75
387.6	282.35
389.7	286.05
392.95	288.7
396.35	286.35
395.5	293.05
400.5	291.05
404.35	293
143.3	456.4
132.9	491.65
138.2	489.85
144.3	484.6
152.1	484.85
158	481.05
166.35	478.3
170.05	476.1
176.55	473.85
181.8	470.4
189.05	469.45
195.1	468.8
201.75	465.4
269.55	503.35
288.15	502.2
301.5	501.05
311.15	495.25
322.7	492.15
326.9	490.3
335.75	487.15
338.25	487.6
340.65	483.65
344.5	478.95
345.5	475.9
347.25	467.8
347.75	458.9
348.35	456.4
325.35	454.3
245.55	445.1
241.75	437.35
245.55	428.25
243	424.15
245.65	419.95
243.25	418
242.4	422.15
242.85	420.35
241.2	422.35
242.9	416.4
242.3	418.15
243.45	415.65
242.8	411.8
242.55	406.85
256	392.6
268.7	363.9
269.7	360.25
270.5	350.35
270.9	349.85
272.3	343.45
270.7	340.45
272.85	340.55
273.05	332.45
273.7	331.05
275.3	325.45
292.2	285.65
293.35	283
292.45	281.55
290.6	284.6
288	283.8
289.1	285.6
0	0
0	0
0	0
0	0
0	0
291.8	260.5
288	272.25
286.7	277.05
285.55	279.7
285.4	279.7
283.75	279
285.05	279.8
285.2	279.3
285.35	279.8
287.45	277.15
287.75	277.55
286.75	278.45
288.4	279.45
289.25	280
289.1	280.3
290	281.75
291.05	281.6
290.05	284.05
292.3	282.45
288.85	283.4
293.2	292.25
293.2	293.05
291.2	299
291.2	297.1
291.75	294.95
294.4	297.45
292.2	293.65
292.15	294.45
293.45	291.95
290	295.35
294.3	281.7
0	0
0	0
0	0
0	0
0	0
0	0
0	0
0	0
0	0
0	0
0	0
0	0
0	0
500.85	228.65
492.8	247.45
481.7	255.35
486.7	255
483.3	257.8
484.65	256.3
482.6	261.95
482.2	258.8
482.5	264.6
560.6	410.9
564.15	420.3
562.45	422.55
566.95	419.05
567.35	421.8
566.85	424.25
569.7	425
567	428.1
565.05	435.4
564	435.4
563.85	434.35
486.45	486.8
366	541.45
357.45	545.3
358.45	544.75
354.9	545.7
356.85	546.75
358.35	543.9
356.85	546.2
354.25	547.9
354.45	546.65
356.8	543.75
356.45	541.35
356	541.8
357.25	541.85
243.85	456.25
242.7	442.2
239.4	447.65
238.55	446.8
241.15	447.4
238.3	447.6
241.3	441.2
240.1	434.15
241.15	438.35
240.25	440.6
240.35	437.75
240.7	438.55
240.4	437.35
240.15	434.05
241.5	436.3
241.85	439.85
242.05	441.25
243.5	440.65
242.95	441.3
244	439.75
244.5	439.55
243.25	440.75
243.9	444.5
243.45	444.85
243.1	446.4
243.25	446
242.25	444.6
242	447.9
242	445.95
240.9	443.55
241.3	446.7
238.45	447.3
241.45	442.8
240.15	437.95
240.85	439.65
239.25	446.8
243.5	432.95
240.65	443.75
240.3	439.2
243	433.35
241.05	441.5
240.6	438.5
239.95	443
239.85	445.05
249.5	382.7
248.7	384.6
248.9	387.4
247.15	388.45
245.5	386.55
243.7	386.95
247.85	382.8
246.45	384.35
249.15	384
248.75	381.7
249	370.25
0	0
0	0
0	0
0	0
0	0
289.8	373.85
289.9	388.05
285.6	392.6
288.65	400.65
286.75	401.15
287.8	398.65
287.6	399.1
288.55	397.1
292.6	392.8
336.35	323.5
338.7	321.35
341.05	324.3
0	0
0	0
0	0
0	0
0	0
0	0
0	0
317.1	293.05
318.1	297.95
317.1	294.4
316.1	289.95
317	285.7
316.45	283.95
275.3	268.85
277.65	276.85
279	274.1
278.85	271.8
275.5	278.55
274.8	279.2
341.65	288.2
349.8	292.75
351.1	293.3
352.25	295.5
351.3	297.5
350.85	295.8
351.35	297.35
374.8	296.45
368.65	289.7
368.35	295.85
370.5	303.1
367.35	298.65
363.1	304.25
366.5	299.05
363.45	302.3
347.6	298.1
353.4	298.2
355.65	295.25
354.15	297.05
354.55	295.2
355.65	294.6
355.7	292.9
356.8	294.55
358.45	289.1
357.4	296.9
358.35	298.15
356.85	297.75
360.3	296.55
360.65	300.55
359.35	302.4
361.75	297.05
362.1	301.9
361.05	301.6
361.2	301.35
362.4	298.35
362.7	292.65
364	291.95
364.6	293.75
379.55	299.65
380.5	299.35
381.25	296.65
381.95	296.6
384.35	294.75
384.3	291.15
0	0
0	0
0	0
0	0
0	0
0	0
384.9	282.6
386.05	279.4
387.85	279.75
387.3	277.6
387.55	278.25
386.3	287.55
387.45	291.65
364.3	292.75
364.3	294.75
366.7	291.35
367.4	289.8
370.4	287.75
369.9	290.25
369.65	287.85
370.4	287.95
0	0
0	0
0	0
0	0
0	0
0	0
0	0
364.5	284.75
366.8	293.15
365.95	297.9
366.5	300.4
362.95	302.85
365.5	299.4
367.65	297.6
367.65	296.85
366.35	285.9
369.45	284.85
373.4	289.7
370.05	298.9
371.1	299.2
370.75	301.65
371.8	303.45
371.95	301.2
371.85	303.85
371.75	301.95
369.6	303.85
357.9	284.9
363.5	290.4
362.45	292.55
361.2	291.7
361.5	290.1
361.05	292.7
362.45	296.25
361.95	296.4
361.7	293.85
361.5	292.35
361.6	295.2
361.8	299.9
370.1	301.2
372.3	305.6
372.6	304.45
375.3	299.9
375.6	301.2
376.05	303.7
363.65	286
365.4	288.7
368.95	287.5
366.75	292.05
368.75	295.55
367.95	298.85
368.25	296.05
368.2	294.45
367.7	292.35
365.95	290.35
367.3	288.1
366.55	294.4
355.9	291.25
353.15	293.8
355.6	295.25
352.5	299.85
352.55	299.3
354.05	298.6
354.7	297.3
354.75	298.55
362.95	292.75
363.2	292.95
365.85	287.65
367.65	287.35
365.9	296.95
364.5	300.9
363.1	299.15
367.8	290.1
367.25	287.65
364.1	290.55
364.25	292.35
363.65	294.75
361.85	295
362.75	292.55
366.9	291
364.35	293.15
365.3	291.35
362.5	291.3
357.5	300.1
356.6	307.35
357.65	305.7
356.25	306.55
355.45	309.5
355.65	305.55
359.65	304.7
352.7	301.55
354.75	298.2
356.15	300.75
356	305.85
353.95	307.7
354.8	304.3
358.65	303.4
357.15	303.25
355.95	305.6
357.15	300.85
355.8	302
359.55	299.6
357.3	300.45
358.55	301.95
335.4	318.2
292.25	388.45
292.5	383.05
290.2	382.15
0	0
0	0
0	0
0	0
0	0
324.45	454.9
326.6	456.25
0	0
0	0
0	0
0	0
0	0
0	0
0	0
0	0
0	0
0	0
268.9	253.85
269.5	257.75
270.25	259.2
267.75	259.5
271.1	255.9
328.7	221.4
328	228.6
330.15	224.65
331.05	228
329.7	227.2
332.45	228.55
333.4	227.5
308.2	232.4
315.3	235.05
313.75	239
315.05	237.2
314.4	241.2
314.9	241.1
313.3	237.85
328.2	233.85
470.85	135.5
469.85	137.65
472.25	136.3
471.9	136.75
472.9	136.45
471.85	136.65
473.9	133.1
295.75	233.55
130.55	301.5
135.3	292.25
135.8	290.75
135.5	296.05
135.45	298.85
135.65	301.3
135.65	302.4
122.9	302.7
112.05	300.1
110.95	305.5
111.8	306.4
111.9	305.15
86.35	340.9
73.7	371.85
72.7	375.15
69.75	378.3
69.75	383.8
68.5	386.9
69	382.85
67.6	384.15
261.65	226.3
284.8	206.55
276.05	223.7
272.4	233.2
268.55	236.4
264.4	243.05
496.85	302.25
504.7	312.95
493.9	319.9
489.05	325.85
486.55	324.4
475	332.95
467.8	336.4
455.7	345.15
453.9	346.7
447.8	349.25
442.25	349.7
436.8	352.9
429.85	355.1
422.8	359.6
414.55	362.3
559.7	272.5
577.8	253.1
564	263.45
550.5	271.45
542.5	272.4
535.1	271.9
522.5	277.4
511.9	277.65
497.15	283.1
485.3	290.15
473.6	299.2
470.25	221.8
0	0
0	0
0	0
0	0
541	216.7
520.2	243.75
511.95	247.8
502.2	252.25
493	259.3
483.7	267.5
479.6	273.7
471.05	280.7
466.55	283.05
460.8	279.1
457.3	280.85
453.5	285.45
446.35	290.2
523.45	332.85
517.65	334.95
512.15	336.9
507.4	339.85
503.65	338.65
498.45	341.65
497.6	336.05
492.55	337.75
489	337.05
485.55	335.25
477.6	337.9
476.25	337.8
475.65	331.25
475.05	329.85
473.15	328.6
467.75	328.9
466	327.1
462.6	327.75
458.45	330.05
455	331.05
454.1	331.05
450.65	333.6
430.95	323.25
428.35	319.05
422.7	322.2
419.85	326.55
419.2	325.65
419.7	323.35
415.2	326.55
414.4	327.75
415.15	323.25
411.4	327.3
411.3	322.75
409.75	323.4
411.55	323.65
415.8	298.5
414.5	298.65
412.65	302
413.85	304.8
408.9	309.75
409.15	311.35
407.8	310.25
410.05	305.9
339.95	394.8
337.6	397.55
336.2	398.05
336.75	399.45
336.65	400.9
338.25	401.5
346.95	473.75
339.8	480.1
343.4	477.25
344.2	478.9
343.75	480.25
340.8	486.5
336.45	528.9
340.25	532.55
340.65	530.15
341.25	526
343.75	521.5
344.2	518.6
363.75	539.45
361.4	544.55
382	479.75
0	0
0	0
0	0
0	0
0	0
0	0
0	0
0	0
276.15	509.7
273.1	515.65
274.85	517.7
299.1	532.05
300.2	529.45
298.3	534.15
298.75	536.65
320.1	390.05
318.1	397.85
318.55	406.6
320.3	408.45
321.15	406.9
319.4	408.2
318	410
325.9	362.65
328.35	360.8
328.7	359.05
327.8	364.55
327.05	365.75
327.5	365.25
328.5	366.65
328.1	362.85
328.35	364
327.9	365.45
326.8	368
328.1	368.6
328.4	371.45
325.3	369.85
327.25	369.4
328.45	372.05
655.2	523.75
0	0
0	0
0	0
0	0
0	0
0	0
608.15	549.1
607.25	560.55
607.95	562.95
609.45	565.25
611.95	565.65
612.1	568.65
611.35	571.15
615.05	573.6
617.85	569.2
636.65	520.2
634.85	522.2
637.55	522.1
639.3	523.65
639.6	524.1
643	523.25
645.85	523.1
648.4	523.5
651.55	537.6
680.4	555.1
687	552.95
685.65	556.25
685.7	557.7
686.75	557.9
688.05	561.1
687.05	556.5
689.75	549.1
692.55	549.3
692.35	549.5
690.95	545.1
691.9	535.45
692.8	528.55
660	354.45
0	0
0	0
0	0
429.85	426.2
425.3	441
421.7	443.55
419.7	441.45
420.4	439.9
420.35	442.25
421.3	439.6
361.7	381.2
346.85	378.25
346.05	378.7
347.05	374.4
349.95	373.15
348.15	374.5
349.75	372.95
346.9	368
350.45	369
349	368.95
347.7	365.75
348.25	364.8
345.15	362.85
346.7	359.2
345.3	361.1
345.15	361.05
325.7	317.4
313.85	253.55
313.65	259.25
311.8	258.05
312.65	256.8
313.6	262.05
312.85	264.4
311.3	267.6
313.25	268.55
313.1	268.85
312.45	271.9
311.85	272
310.75	268.9
309.25	268.35
309.15	269.95
310.7	271.95
312	274.95
341.4	102.75
0	0
0	0
0	0
0	0
0	0
327.75	312.15
328.15	316.6
328.85	317.1
331.05	318.75
335.55	315.5
339.3	311.8
340.6	314.75
341	313.85
342.45	320
345.9	312.1
345.9	316.4
347	315.1
350.45	313.9
350.45	314.8
352.85	312.95
288.1	336.7
267.25	362.25
267.55	363.55
268.75	364.45
269.2	364.2
268.8	366.9
269.8	365.25
271.7	365.45
274	363.5
272.15	364.6
271.95	364.7
271.6	365.25
269.5	363.8
271.6	367.8
269.3	369.35
269.4	366.95
366.15	305.7
367.8	305.95
367.95	305.85
366.15	306.65
366.85	304.35
364.75	306.75
365.05	307.9
365.6	306.85
485.2	364
538.8	374.35
539.85	373.35
539.3	374.1
541.1	371.55
540	371.6
538.35	374.75
541.7	371.5
543.3	373.45
543.95	376.35
540.75	383.25
0	0
0	0
0	0
0	0
0	0
503.45	276.1
504.25	278.45
504.45	279.6
505	277.4
504.45	277
503.6	280.95
502.6	283.9
504.1	281.95
506.55	285.8
504.05	284.7
504.5	287.4
339.85	346.05
314.6	354.7
310.7	360.2
305.9	363.75
309.1	361.45
307.15	363.05
306.25	363.65
307	358.5
306.5	356.9
307.65	354.4
307.7	352.3
307.3	351.8
309.25	350.1
309.25	344.25
310.05	346
308.2	349.4
306.05	347.2
304.05	346.85
304.25	344.3
303.8	343.3
304.3	344.05
306	341.7
304.1	345.7
305.95	342.8
305.4	346.05
305.9	345.4
473	199.15
467	205.3
468.25	207
468.5	203.55
473.05	200.9
473.7	201
477.55	198.9
476.8	198.2
478.3	198.35
460.05	128.5
319.1	42.55
323.85	47.95
324.15	49.15
321.25	53.7
320.55	60.05
319.2	64.35
319.25	66.8
316.7	72.3
316.75	76.15
316.1	81.15
321.8	80.4
0	0
0	0
0	0
0	0
0	0
0	0
0	0
0	0
597.75	553.1
600.05	556.25
602.15	557.4
600.75	558.45
604.15	557.5
602.6	558.35
603.75	556.9
605.6	555.65
606.45	554.35
605.5	555
607.45	551.4
625.25	550.45
628.9	548.65
628.2	547.55
631.85	549
632.65	547.75
632.1	550.2
633.65	550.7
636.6	546.45
633.7	548.95
635.95	549.15
635.65	548.25
623.5	545.1
625.2	546.4
623.35	547.9
625.6	547.2
627.3	545.05
624.45	547.45
625.6	547.95
624.55	545.9
624.8	547.25
624.9	548.85
623.95	548.65
623.45	550.3
623.35	548.8
622.7	550.8
619.8	551.7
622.3	552.4
615.95	549.05
465.2	341.5
475.8	360
476.4	355.8
475.6	356.5
477.4	351.6
478.75	348.1
479.3	348.3
479.85	348.9
478.8	354.15
477.95	356.6
476.65	356.7
436.9	358
441	361.9
440.55	364.65
438.2	364.25
440.15	364.9
435.9	368.6
437.6	366.8
461.55	378.2
598.8	470.4
595.35	480.1
598.35	481.7
596.45	482.7
595.3	486.25
595.75	481.2
598.45	481.15
595.3	483.7
417.15	368.35
392.6	358.25
394.15	356.2
392.45	356.25
393.8	352.05
393.65	351.9
391.05	352.95
392.85	350.55
391.3	356.1
391.5	352.45
390.15	350.85
392.1	348.95
392.05	349.15
391.4	342.7
390.7	344.8
391.25	342.5
394.2	340.9
390.35	340.9
392.7	338.85
388.8	343.2
388.45	341.45
387.4	343.05
387.2	341.55
385.5	344.8
386.75	345.25
387.6	344.5
387.3	346.45
386.2	343.3
388.25	344.7
387.4	345.9
385.15	345.2
385.2	347.95
386.85	347.2
386.2	348.45
385.15	349.5
395.7	318.7
0	0
0	0
0	0
0	0
0	0
419.05	310.1
416.2	318.2
417.95	315.35
413.45	318.95
412.75	317.5
413.3	316.85
411.2	316.35
588	505.05
589.9	508.4
589.25	512.5
592.95	510.4
602.9	529.05
