631.9	416.8
629	413.8
629.85	411.4
625.35	414.5
626.75	422.05
633.45	423.95
724.55	388.35
761.4	371.2
760.75	371.4
759.75	377.3
756.4	372.35
0	0
0	0
0	0
0	0
0	0
0	0
0	0
0	0
0	0
0	0
0	0
0	0
0	0
708.9	371.4
705.5	372.65
698.8	376.3
703.3	372.8
692.6	358.35
689.5	361.3
690.4	365
685.3	369.45
685.65	365.45
688.85	367.4
684.8	368.45
685.8	372.65
683	370.6
689.05	377.15
685.75	373.85
678.8	375.3
679.65	382.8
683.55	377.15
683.5	377.65
683.45	379.95
685.25	382.15
695.35	386.75
698.7	387.35
699.3	380.35
699.85	385.75
705.15	372.95
705.1	365.2
709.8	370.05
0	0
0	0
718.45	360.2
728.3	360.8
722.1	359.85
725.4	360.2
729.6	355.4
726.35	352
731.5	354.9
732.85	359.1
737.55	355.65
735.3	353.3
731.3	353
731.2	351.15
738.9	359.15
728.75	351.25
735.05	352.1
729.3	350.7
428.95	251.25
441.9	253.8
448.15	253.95
453.95	256.65
454.7	256.85
461.5	253
466.05	248.55
463.4	250.9
473.25	254.65
481.4	259.6
479.7	252.4
493.9	266.75
587.8	293.3
623.65	318.95
616.35	311
518.65	280.95
525.4	269.3
528.4	285.8
631.05	333.05
283.45	260.2
243.75	253.2
410.9	339.95
410.45	350.4
409.05	359.7
308.05	364.85
308.25	366.25
310.1	362.85
309.2	371.65
308.8	372.6
306.4	370.5
310.05	368.9
447.3	369.9
555.95	378.6
556.2	383.85
560.25	387.3
558.45	382.95
600.15	377.55
773.55	351.85
777.95	340.55
779.25	348.1
778.35	345.75
775.8	345.4
775.1	348.15
776.1	350.45
580.65	429.4
525.2	439.85
523.35	437.5
522.1	437.65
529	440.05
530.4	445.75
535.8	452.45
692.6	414.3
705.15	426.15
704.4	433.05
702.75	434.15
698.8	440.85
702.65	439.5
704.75	441.3
649.2	440.15
606.55	420.75
605.35	423.75
607.3	430.2
604.25	426.55
608.95	430.15
608.05	434.2
601.4	428
601.85	425.55
609.15	437.35
609.6	437.65
598.15	425.1
604.6	431.65
603.25	439.15
604.45	432.35
613.4	436.65
612.2	436.8
603.75	434.8
602.5	432.15
599.2	432.5
604.4	432.6
605	437.4
604.15	445.45
610.25	448.5
609.9	446.4
617.3	451.4
618.55	448.15
617.7	446.9
600.8	485.15
605.65	492.2
605.2	491.95
602.25	493.8
595.65	491.15
590.3	481.1
588.4	476.35
593	480.05
589.1	473.8
587.5	470.65
580.5	467.5
582.4	464.7
581.45	462.75
582.65	458.7
576.4	453.8
574.5	450.85
567	442.55
567.8	440.35
562.45	451.55
566.9	457.55
565.4	464
565.5	466.65
446.7	314.6
439.7	303.7
447.1	317.9
448.4	323.5
457.3	335
458.8	338.75
465.5	342.05
472.35	345.1
482.3	354.35
490.1	353.7
493	360.05
499.85	361.45
510.35	364
516.8	354.3
521.65	363.35
503.45	347.45
394.1	311.15
386.9	304.1
370.3	288.6
370.7	299.8
534.6	382.25
541.25	400
537.95	397.75
537.75	413.4
539.4	416.6
745.4	364.65
753	365.7
756	371.35
759.95	377.4
755.9	379
755.1	379.8
754	379.2
753.1	380.2
750.75	379.6
754	373.25
756.5	370.05
744.65	354.8
746.3	360.25
746.8	361.05
750.05	353.65
751.2	354.65
746	356
744.35	353.9
737.3	346.75
737.65	340.2
733.45	344.4
736.6	337.75
739.85	342.4
738.65	341.55
741.35	349.3
738.8	346.6
732.25	348.25
392.5	285.95
387.2	277.4
380.15	280.6
422.3	319.1
531.2	357.4
0	0
0	0
433	360.55
430.7	366.4
429.45	365.65
745.2	342.15
792	349.6
790.95	353.55
794.9	357.75
794	341.05
583.55	406.3
0	0
0	0
0	0
0	0
0	0
0	0
0	0
739.45	385.6
746.75	392.4
744.65	387.55
742.55	388
746.05	390.6
747.05	397.6
753.35	396
751.7	399.2
754.7	402.45
752.95	403.5
753.35	403
752.1	398.05
746.55	399
745.7	401.5
746.4	396.9
756.35	399.75
758.85	407.75
755.85	406
749.45	399.6
755.1	406.2
755.85	399.75
754.5	401.9
753.05	406.25
751.5	405.35
755.3	402.2
751.25	404.8
749.6	405
747.5	408.1
753.05	408.6
752	405.35
746.2	412.3
673.6	423.95
556.85	453.55
556.9	464.85
561.95	483.3
562	487.2
561.9	488.15
563.15	487.7
615.1	481.05
673.45	462.05
671.85	474.35
677.4	478.5
668.7	476
665.45	465.45
662.3	453.05
660.25	452.75
656.95	452.4
651.5	455.9
652.7	456.3
651.45	456.6
648.15	453.45
646.95	452.55
644.35	452.8
640.05	453.2
638.1	443
640.5	447
642.4	450.8
638.75	443
556	413.95
637.3	442.85
638.05	447.2
499.4	380.25
0	0
575.05	218.25
578.45	221.95
579.05	228.15
585.9	232.3
583	238.85
590.9	236.95
589.95	241.1
591.85	240.7
590.7	236.55
586.15	236.05
515.95	249.75
224.1	202.8
221.6	202.6
227.8	206.7
235.85	211.15
243.6	211.05
254.95	215.7
263.9	217.4
278.3	217.85
289.9	221.6
310.45	231.75
341.9	244.05
340.15	237.85
352.3	239.85
367.15	251.55
389.8	267.8
376.65	248.05
375.9	243.75
381.2	244.25
380.55	241.75
387.15	248.15
393.3	246.95
406.9	256.55
412.05	260.25
414.1	260.9
416.2	261.65
415.15	260.7
418.45	257.85
424.55	262.6
427.6	265.45
431	271.85
442.65	289
569.8	347.75
726.2	316
0	0
0	0
792.15	317.4
794.15	316.95
0	0
0	0
0	0
0	0
0	0
426.85	332.15
424.15	332.1
579.45	336.75
589.3	346.25
589.05	348.7
590.8	348.65
592.7	347.25
598.1	349.3
599.4	346.9
595.5	350.35
728.15	337.4
728.3	329.55
726.75	328.55
727.35	325.65
726.4	328.1
858.45	336.55
860.5	345.1
857.3	347.7
850.85	351.7
852.7	352.4
858.4	353.65
858.5	365.45
771.1	361.3
525.25	340.75
514.4	334.4
517.25	352.65
515.25	355.5
519.9	356.2
518.2	347.65
525.6	356.85
528.5	356
528.7	355.25
528.55	355.7
533	365.15
530.85	363.9
532.25	365.3
529.7	367.95
535.1	377.25
538.55	379.15
529.75	369.7
530.7	367.55
536.55	376.3
536.05	382.2
530.55	384.15
526.45	375.75
529.1	376.8
533.95	385.05
527.95	387.2
527.05	383
529.9	380.45
534.2	380.3
531.5	375.25
530.45	374.5
535.7	374.15
530.35	373.45
534.25	372.4
533.6	369.35
536.35	367.5
539.3	364.05
542.75	368.8
543.65	375.1
542.6	374.5
539.3	374
532.95	367.7
537	368.95
540.55	376.6
539.8	374.35
600.95	376.15
750.4	435.15
751.7	438.6
746.85	433.75
748.85	447.1
741.6	442.55
741.8	442.25
736.6	440.25
737.5	433.7
732.85	419.3
0	0
0	0
0	0
0	0
0	0
0	0
0	0
0	0
0	0
0	0
0	0
425	510.45
416.6	475.1
422.55	465.5
421.05	460.4
421.4	461.15
412.25	455.5
457.9	375.65
453.9	345.25
447.95	338.7
449.6	332.2
452.45	321.8
446.3	307
445.25	296.6
445.35	295.35
443.45	290.35
448.8	287.4
444	271.9
438.7	266.4
442.85	266.65
442.1	263.5
443.95	266
407.1	245.2
390.45	217.55
384.95	219.8
386.95	212.65
385.85	214.85
386.15	217.35
389.95	218
391.6	221.9
391.45	216.9
398.45	215.2
400.35	215.05
398.8	216.5
404.1	217.75
406.65	217.2
444	174.1
437.7	172.7
437.25	163.35
434.25	159.6
442.5	167.9
433.7	160.25
437.45	152.1
451	164.1
446.7	160.8
437.75	150.1
443.3	144.9
432	129.05
542.85	319.6
593.85	384.8
592.85	386.7
590.65	378.15
598.15	357.7
591.65	332.6
602.85	461.75
603.35	471.35
600.55	463.95
600.4	460.65
614.55	319.5
618.65	276.8
618.05	285.1
553.6	244.35
466.8	222.85
467.5	250.7
617.75	356.1
616.25	359.95
616.35	359.05
616.65	366.8
617.2	382.4
611.5	340
616	343.9
608.45	328.55
609.15	337.55
612.95	337.8
611.8	329.35
614.7	329.45
621.5	330.3
626.5	327.05
625.4	325.35
624.25	325.35
491.45	272.1
490.7	281.75
468.5	270.95
468.85	273.5
465.45	274.75
468.35	274.6
473.45	276.2
470.3	277.2
478.1	278.4
479.9	278.25
478.85	280.8
495.45	261.45
488.2	255.6
483.15	256.85
485.85	258.9
492.15	260.15
497.75	262.65
499.15	261.75
497.1	261.55
498.25	261.8
500.2	264.4
502	264.75
491.45	264.85
489.45	264.3
486.85	261.4
485.6	259.95
490.1	261.95
491.05	263.85
487.5	260.2
495.05	264.65
490.25	261.2
486.3	258.2
483.25	260.65
615.75	317.2
632.3	338.1
635.55	337.6
632.35	342.45
636.45	342.9
636.35	344.9
639.75	344.15
642.05	347.1
632.9	338.5
639.95	341.7
645.9	351.3
641.55	342.7
624	223.05
621.75	225.45
623.2	220.6
626.85	226.25
623.7	228.35
624.15	227.95
621.1	230.5
622.05	234.2
621.9	235.4
626.55	166.85
629.15	172.95
628.65	176.3
616.25	303.15
612.35	383.5
607.6	384.25
609.75	382.55
604.45	385.05
602.35	383.75
604.3	380.65
604.95	377.1
600.65	370.3
600.45	370.6
602.05	364.7
607.85	374.15
603.9	368.75
601.4	363.2
601.95	358.75
605.25	366.25
608.9	371.6
604.8	365.55
688.55	246.65
681	250.7
679	250.1
676.05	248.3
673.45	252.4
676.6	256.55
680.2	256.9
679.4	256.15
676.05	258.5
671.4	257.55
673.15	262.5
667.9	266
670.15	265.8
661.1	265.75
594.3	302.8
464.3	351.8
414.7	356.65
525.8	404.25
394.7	343.5
384.2	331.85
388.9	337.45
388.6	336.25
386.6	340.3
387.65	342
385.4	347.55
384.8	347.6
387.15	347.55
387.8	349.9
383.05	352.35
376.7	348.35
377.25	349.45
376.85	351.25
383.25	352.35
377.9	351.6
378	349.6
378.75	345.15
375.5	346.3
575.5	323.85
560.65	310.8
576.8	321.3
491.65	294.7
507.15	300.85
506.15	309.95
498.95	305.2
485.6	297.2
483.15	295.85
477.35	300
473.1	295.2
467.2	295.6
463.25	296.95
465.3	298.55
482.15	317.75
497.5	313.6
497.55	326.75
371.2	202.2
357.6	138.25
358.15	151.4
360.9	154.3
349.15	141
354.35	154.9
359.4	159.2
350.2	157.3
350.9	165.15
349.1	167.35
345.15	160.8
347.05	166.45
351.55	173.75
339.75	167.1
348.8	178.55
348.1	178.15
349.85	175.55
356.35	177.2
357.9	179.55
359.05	181.35
360.6	181.75
359.65	180.35
357.2	177.3
361.05	182.8
360.8	183.8
355.95	186.4
356.65	191
352.3	186.95
349.05	185.75
343.95	188.45
295.25	172.45
296.5	173.15
298.25	178.35
286.8	170.85
298.1	187.35
290.7	181.95
292.85	188.1
292.35	194.45
502.4	344.25
562.1	492.8
570	507.4
571.15	513.75
572.75	516.05
576.3	520.05
578.3	516.25
616.45	361
614.2	367.4
621.85	388.75
626.8	404.3
625.7	412.1
628.5	415.2
635.8	420.2
634	423.75
646.3	432
647.05	432.7
645.6	431.45
641.95	423.7
646.3	423.1
395	555.65
388.05	576.2
391.8	579.05
397.05	580.7
397.9	577.7
399.75	581.05
393.15	582.65
604.65	360.55
646.65	351.8
643.6	352.7
642	357.1
643.35	357.1
643.75	360.15
643.4	361.05
643	358.95
642.9	360.55
642.5	362.15
639.65	357.3
644.9	356.7
648.9	355.9
649.95	358.95
652.45	353.5
652.25	349.7
653.65	347
648.4	346.5
646.8	342.1
638	339.1
628.75	340.85
623.8	345.85
624.7	346.2
622.1	345.25
628.4	342.95
624.75	350.25
627.3	344.7
622.9	348.2
621.65	347.1
619.8	346.9
619.3	354.65
619.35	346.2
617.95	346.1
614.05	344.7
611.7	345.25
610.05	342.1
608.5	345.85
607.8	350.85
608.85	361.85
608.95	374.95
609	378.45
606.65	377.8
605.35	380.45
737.9	315.25
738.4	333.15
718.55	336.45
699.55	336.2
688.25	341.75
673.4	341.25
667.9	345.5
532.95	338.45
544	335.8
532.45	328.7
526.2	325.45
514.7	327.8
516.1	332.25
501.05	325.55
391.6	285.75
427.1	293.35
515.8	328.65
742.55	294.9
740.4	295.25
732.85	297.4
732.45	303.9
730.3	307.15
723.2	317.6
715.05	331.55
710.15	337.55
701.9	347.9
706.25	356.75
702.05	360.6
693.45	362.15
692.25	365.85
694.75	372.35
689.25	365.6
682.3	357.2
682.2	356.5
687	366.5
625	338.55
606.35	324.4
607.95	335.65
608.5	349.55
613.7	359.6
612.45	362.5
610.8	363.15
611.1	364.7
610.45	366.65
618.85	369
616.55	373.5
618	369.35
604.05	403.55
600.7	404.15
605.9	406.8
603.5	411.1
282.7	326.9
279.1	332.15
286.6	339.25
287.8	349.25
290.75	348.7
284.7	342.3
587.6	374.3
776.6	390.85
776.55	390.65
776.2	388
778.45	392.45
778.8	388.65
771.45	384.95
756.75	385.1
740.85	387.45
743.25	392.95
738.7	389.6
746.75	395.2
741	387.8
731.65	373.6
707.85	321.1
707.6	319.45
713.55	320.6
712.1	318.35
667.45	330.95
597.55	386.8
602.4	387.6
599.15	390.8
599.7	392.2
603.65	388.4
607.35	386.7
603.7	383.3
605.75	381.8
863.65	382
880.6	391.3
881.85	392.05
885.1	384.6
888.25	388.75
885.8	392.8
889.05	395.3
890.4	396.65
891.05	398.3
891.2	400.2
0	0
0	0
0	0
0	0
0	0
0	0
0	0
0	0
0	0
0	0
0	0
0	0
0	0
479.45	264.4
0	0
186.2	329.85
187.95	319.7
190.8	316.7
187.05	301.35
191.1	299.9
191.3	302.55
195.5	293.9
269	297
476.35	281.9
510.25	293.6
634.55	341.05
636.65	342.6
633.7	342.25
634.05	345.25
632.6	345.5
633.95	342.2
634.55	347.6
638.55	350.6
636.95	353.45
702.9	376.8
714.6	381.55
709.5	378.8
704.25	372.5
709	377.15
713.6	385.45
706.85	373.25
706.1	370.85
716.65	380.1
711.25	371.55
708.25	367.9
708.25	368.2
710.45	374.55
714.05	384.2
705.05	382.05
692.45	370.5
686.2	366.4
681.35	373
672.45	376.75
651.05	363.85
653.65	360.2
599.2	345.85
570.95	338.55
592.6	342.05
564.25	343.15
517.6	323.7
514.8	329.1
531.55	342.25
518.55	328.8
588.6	346.35
557.35	345.35
643.15	370.6
564.6	339.5
553.35	338.7
541.5	319.5
542.95	319.8
536.6	318.55
543.95	327.5
568.2	327.95
610.85	343.9
536.55	314.9
552.05	326.9
535.3	317.25
538.45	317.55
543.65	320.9
543.2	326.9
542.75	323
539.55	325.3
540.25	319.85
543.75	331.05
566.75	346.3
620.3	360.2
565	344.75
568.45	348.4
432.3	332.3
446.05	333
448.5	333.75
452	335.7
453.6	338.1
451.65	335
456.1	340.15
457.15	345.1
449.25	340.7
455.35	342.2
448.75	343.95
445.85	344.25
449.8	342.75
448.45	345.25
453.4	347.35
454.7	345.2
451.5	338.2
468.6	352.8
456.15	332.9
575	408.1
471.6	246.85
589.1	296.7
594.05	304.55
592.6	315
594.4	326.95
596.85	334.05
599.5	339.9
599.1	342.2
593.8	338.65
594.8	345.15
591.85	343.2
591.7	340.2
593.35	331.4
600.05	331.35
607.3	334.35
702.75	267.5
692.05	267.7
690.65	275.75
688.9	275.4
687.15	270.05
688.1	269.3
692.7	272.35
697.2	275.85
697.1	273.9
695.95	274
691.85	272.7
689.75	272.55
689.65	272.5
621.9	288.65
627.85	296.25
632.25	295.15
636.55	306.95
633.9	298.05
632.9	300.2
637.3	304.1
638.6	308.2
638.8	306.6
634.4	303.6
637.65	302.8
637.45	300.35
636.1	302.55
635.1	303.3
637.7	305.5
638.05	304.8
0	0
635.4	302.7
638.3	301.9
643.15	304.2
645.9	306.25
643	307.95
651	320.9
653.75	334.8
652.25	343.05
652.65	358.5
655.75	361.2
659.2	361.85
655.45	369.4
655.55	371
655.65	373
655.15	372.6
656.65	374.25
656.75	373.35
653.65	375.45
656.35	376.4
655.85	379
408.3	325.5
351.35	302.15
359.3	310.15
360.3	315.45
361.15	316.75
358.85	321.55
355.55	318.1
539.8	310.9
707.7	328.55
713.9	327.9
707	324.5
704.4	325.4
714.25	332.8
705.75	331.35
859.7	309.3
874.1	310.45
867.35	305.85
869	310.85
875.3	310.85
552.15	402.55
554.65	406.45
559.2	405.55
560.85	393.4
564.05	396.6
563.7	397.75
564.85	392.15
493.1	403.35
272.75	374.15
274.7	376.7
274	378.85
271.7	377.6
270.6	379.45
267.15	380.65
358.3	383.5
568.7	459.65
572.8	459.05
569.95	457.45
513.25	436.95
449.65	425.1
874.9	451.9
903.2	452.9
908.5	460.6
909.45	459.35
912.45	462.95
905.05	467.3
899.75	462
905.4	465
597.85	392.25
448.2	373.7
442.6	372.4
440.15	378.9
465.1	401.95
438.75	378.45
450.75	385.45
535	414.8
597.65	441.2
499.3	402.85
575.65	428.35
564.15	420.4
616.35	404.8
627.75	357.5
627.4	352.4
627.9	352.55
627.2	355.85
630.2	352.5
623.9	353.2
625.75	355.1
629	358.2
627.3	356
632.6	358.75
633	362.65
638.55	368.75
639.65	367.65
638.95	369.35
638.65	372.85
638.95	376
640.5	376.7
636.5	374.2
630.1	366.3
636.7	375.2
641.2	376.8
641.8	380.4
639.9	382.75
644.35	385.2
648.1	387.5
649.25	403
649.25	411.15
648.55	408.55
650.65	407.2
652.65	414.15
654.25	419.7
654.15	419.85
650.95	416.55
651.05	413.6
657.9	414.1
657.25	407.05
660.15	405.35
657.3	402.6
652.05	395.4
650.05	391.6
654.7	387.35
653.65	386.8
658.75	383.65
659.95	383.05
661.25	383.65
726.95	277.25
730.85	273.65
735.95	272.95
739.4	274.6
732.05	272.85
734	268.25
685.7	294.25
583.9	282.65
604.25	303.9
613.05	317.4
621.7	321.6
627.6	331.2
630.05	334.5
629.75	334.4
630.3	333.15
630.85	337.1
628.25	331.8
627.95	333.75
621.2	330.75
616.4	332.05
611.8	328.8
609.75	329.75
610.95	327.2
608.5	327.75
612.85	329.95
615.35	332.1
607.15	327.4
598.65	315.2
624.2	339.05
624.7	338.75
627.7	343.8
628.5	346.25
608.6	330.45
594.05	320.75
516.55	308.65
541.1	308.15
515.7	306.65
508.1	301.55
514	298.85
510.6	305.55
493.4	288.2
505.1	300.95
496.85	306.25
490.75	293.75
517.65	324.1
516.8	317.85
501.4	310.65
569.85	333.55
545.15	326.5
545.5	344.05
551.55	346.65
552.6	353.55
583.2	357.45
647.8	384.2
554.7	350.7
559.9	363.45
594.95	369.3
615.85	370.55
550.35	354.7
654.8	395
640.4	379.95
549.15	367.8
616.75	386.85
658.35	414.05
541.7	358.55
604.85	387.5
546.35	372.1
539.2	364.85
538.6	366.75
503.8	324.75
502.05	283.15
508	291.25
504.55	286.45
505	288.3
503.95	286.55
503.05	287.75
507.8	292.5
502.25	283.45
506.05	283.1
511.55	282.9
508.95	285.95
514.75	289.4
511.7	290.2
515.45	296.95
511.6	308.7
512.6	340.65
508.15	351.05
508.55	362.2
504.35	365.35
505.65	379.4
492.95	368.7
490.25	367.4
487.25	372.6
486.45	373.05
481.4	372.95
473.55	370.65
477.4	380.5
481.85	381.4
476.9	380.85
474.5	378.25
477.05	377
476.25	376.05
467	379.3
472.35	375.1
470.9	371.45
468.25	373
472.65	374.3
471.2	375.1
476.6	373.15
476.3	368.8
476.3	369.25
550	334.05
555.8	326.8
561.95	328.85
551.5	323.25
553.4	324.1
547.8	322.45
543	319.55
547.35	325.15
546.55	332.75
547.4	334.75
542.3	331.3
537.5	334.6
540.35	346.1
547.35	351.8
542.95	358.95
547.4	360.65
541.9	355
543.85	356.8
546.1	360.15
540.9	359.05
543.3	368.35
546.65	365.05
547.35	370.95
546.8	375.55
548.05	367.25
539.95	359.9
545.9	356.25
545.9	354.5
544.2	353.8
545.55	357.55
550.95	357.65
548.6	348.05
549.05	338.45
552.8	348.2
554.05	350.1
549.35	340.4
542.05	337.35
559.8	340
564.35	347.35
557.4	343.9
558.15	345.2
550.9	346.95
558.4	351.95
561.45	360.8
677.3	414.45
681.5	416.15
677.65	418.95
676.95	418.55
671.75	418.35
668.8	417.3
669.1	416.85
670.3	414.9
667.05	407.2
668.75	405.5
670.35	404.7
667.6	400.35
671.9	405.65
673.75	404.75
675	400.45
678.15	400.1
677.1	403.1
679.25	399.7
677.55	403.5
673.15	404.35
672.75	402.7
676.65	402.7
658.9	384.85
669.6	395.5
663.25	393.05
641.55	375.85
657.6	386.7
673.4	400.05
606.35	367.65
556.9	353.7
648.6	392
666.7	392.3
633.35	383.75
586.85	377.4
551.85	350.5
553.35	361.05
659.5	396.6
574.1	363.4
660.75	396
546.05	344.8
562.55	357
548.45	347.35
550	348.55
566.4	366.75
566.3	366.05
551.35	353.05
555.55	359.2
569.55	366.5
558.45	361.3
555.6	365.95
575	379.65
576.85	376.15
581.85	386.85
579.05	384.95
531.3	363.2
413.95	291
399.4	282
398.1	280.45
393.1	276.4
385.45	277.4
384.2	281.35
381.25	277.55
379.75	278.65
367.5	274.85
364.75	274.75
365.25	286.75
364.25	284.65
357.3	287.25
350.85	290.45
352.05	294.5
348.05	297.85
349.45	299.95
341.4	306.45
336.9	319.85
333.65	322.8
326.15	324.4
322.1	333.05
318.55	335.3
321.5	337
322	347.7
319	355.75
309.95	357.8
308.4	358.05
311.15	363.8
311.55	363.1
309.65	366
312.2	370.45
311.15	368.8
321.3	375.05
330.7	372.05
341.35	371.55
357.95	372.9
376.5	375.85
392.85	373.6
411.6	375.4
424.7	366.75
435.3	363.8
446.95	361.05
463.1	369.25
465.65	370.7
463.35	363.5
463.75	368.8
456.75	367
464.75	374.25
460.5	383.4
466.1	388.7
459.85	382.55
449.1	378.65
453.1	387.7
448.2	388.7
459.6	388.4
456.9	391.4
462	392.9
464.65	388.65
466.5	392.95
462.9	388.75
466.05	394
471.8	392.2
471	391.1
476.2	392.45
476.5	402.1
474.75	404.8
471.95	397.8
478.45	399.35
470.8	393.8
482.6	403.95
485.3	405.2
479.05	401.85
474.9	397.4
480.2	402.95
479.1	411.7
485.05	410.8
477.35	402.6
470.2	401.6
483.75	416.65
491.05	423.75
471.6	408.8
582.65	474.2
546.4	455.4
612.55	481.75
558.25	451.35
480	410.6
489.05	423.75
487.05	415.5
480	410.65
481.05	403.8
487.75	406.8
493.15	418.25
491.55	418.7
492.55	426.2
488.75	420.1
483	416.3
492.75	428
491.6	428.8
493.5	429.2
492.15	432.6
491.8	435.5
495	440.65
495.7	445.5
494.1	444.65
495.65	438.1
495.55	434.5
626.2	528.05
700.15	566.35
723.45	588.2
723.2	591.1
723.65	587.35
710.75	572.4
696.45	559.45
703.8	574.45
627.7	548.55
708.95	582.65
729.6	599.7
726.15	605.8
722.6	601.25
724.4	601.6
538.75	517.7
484.6	508.9
488.15	506.7
487.05	510.15
492	515.65
491.65	515.1
479.9	508.25
486.75	518
487.05	517.95
487.45	516.25
487	513.7
479.5	511.85
496.15	524.8
494.75	520.25
394.8	426
390.45	385.2
389.1	388.1
395.35	388.85
395.15	392
389.05	383.9
382.1	384.55
391.9	390.3
392.2	391.5
386.4	381.55
390.8	377.6
391.6	380.8
386.3	368.95
395.4	374.7
387.3	370.15
389.75	363.5
386.9	357.7
395.6	367.7
394.95	361.8
395.95	357.9
396.05	359
396.65	354.9
395	355.95
398.6	362.85
401.3	361.4
397.35	367.15
401.55	369.35
401.9	357.45
407.05	370
405.1	366.6
403.85	363.9
410.55	364.1
406.6	365.4
408.1	358.6
408	357.15
415.1	365.7
409.45	364.35
413.65	370.35
412.45	368.2
406.85	363.6
414.45	364.1
413.8	358.1
416.05	362.05
418.55	368.55
416.5	360
412.6	357.35
416.2	370.95
411.95	372.65
419.15	376.8
412.9	379.3
419.3	377.2
419.9	377.65
418.35	381.8
419	379.2
415.8	379.1
409.8	375.7
418.85	384.55
422.9	386.65
423	385.6
429.45	387.85
567.55	500.55
570.5	511
578.85	515.65
577	516.35
566.7	510.35
564.55	516.8
561.4	515.85
568.55	522.5
562.55	525.05
559.6	523.7
561.1	535.1
560.15	534.6
550.75	531.15
547.4	527.05
526.95	525.85
364.1	336.35
368.75	314.2
368.7	317.05
367.65	313.8
367.4	311.5
374.2	313.55
369.4	308.85
370.95	305.25
371	303.05
368.4	302.85
362.75	301.35
363	304.05
361.85	307.45
366.95	309.2
368.7	311.6
374.15	315.45
376.55	316.85
381.9	315.25
383.3	316.45
386.4	320.9
388.1	320.45
414.15	306.3
477.95	213.35
473.1	212.85
592.9	269.6
538.2	242.9
602.3	279.9
583.45	274.15
607.4	292.5
616.35	299.45
613.45	311.2
615.4	324.05
620.2	334.7
629.5	344.05
636.8	356.55
636.15	364.35
594.3	257.05
599.5	217.35
607	237.95
615.15	249.7
636.85	220.75
642.2	219.6
647.1	227.75
644.1	234.45
641.9	230.15
642.15	236.1
653.65	248.8
650.3	252.95
652.9	259.7
654.7	268.9
656.85	270.9
654.6	272.7
653.55	277.85
653.3	281.75
656	280.85
654.8	286.5
652.25	280.1
651.7	279.4
657.45	285.95
657.6	279.15
656.65	279.15
653.45	278.85
654.05	288.2
653.25	293.4
654.1	297.65
655.55	301.7
654.8	305.6
670.4	438.1
664.15	479
667.3	479.2
666.2	482.05
666.3	481.45
641.15	489.65
614.85	483.5
596.85	455.75
498.1	413
492.6	418.25
495.85	418.65
501.55	420.3
401.8	400.8
388.95	396
386.95	393.2
389.1	390.9
394.5	390.1
393.95	382.55
395	381.65
573.85	302.5
631.8	287
731.85	324.85
724.95	328.2
726.6	325.4
734.1	333.1
742.4	327.85
833.6	268.7
839.55	274.15
840.05	276.85
843.2	283.3
838.05	278.4
839.25	286.05
837.8	293.1
836.3	291.65
830.85	298.8
830.55	295.5
830.7	299.95
827.85	299.15
825.25	301.35
825.6	300.9
824.75	299.7
823.3	301.05
822.6	302.2
823.5	302.4
821.05	306.2
801.1	306.45
396.3	182.5
538.2	246.8
549.5	261.75
521.45	236.85
547.4	269.85
545.75	274.9
547.15	281.1
544.55	284.55
540.95	283.3
543.95	281.25
543.25	289.95
549.05	289.25
550.35	295.3
553	292.65
552.5	287.05
552.85	287.35
553.6	289.6
658.1	295.8
650.75	295.4
655.6	296.95
656.4	305.2
660.55	304.9
657.5	305.35
659.9	298.9
654.25	296.95
653.2	295.95
655.45	304.05
661.8	311.55
659.3	306.5
658.5	307.5
658.65	312.9
658.45	310.3
651.7	310.5
648.1	305.8
646.8	306.6
655.05	320
656.15	318.7
645.05	323.8
604.15	393.2
602.9	397.45
597.15	395.35
603.95	397.4
604	399.85
600.55	398.6
600.35	313.25
603.4	224.8
607.9	237.95
602.5	235.45
595.4	234.25
592.95	234.6
596.85	241.05
596.8	257.15
609.6	400.35
612.5	407.25
610.55	414.75
616.2	411.45
612.9	413.55
612.2	415.85
615.85	419.15
610.55	421.3
604.6	408.25
603.25	449.55
605.7	522.4
611	527.9
607.95	532.35
609.7	532.35
606.3	533.8
608.7	531.9
608.35	530.75
604.1	527.1
599.1	524.05
606.7	525.15
615.45	537.15
609.5	538.3
606.1	532.35
605.5	530
608.05	536.75
613.75	539.2
610.6	538.6
611.75	537.25
610.85	540.4
497.9	359.75
574.25	323.25
606.75	352.75
601.2	348.2
596.3	339.7
574.85	280.5
577.9	284.55
573.5	281.25
578.25	281.6
586.95	293.9
589.45	297.15
588.9	302.95
609.6	282.9
883.75	301
933.9	325.95
926.9	328.35
925.2	330.65
928.55	326.5
927.05	330.35
924.3	329.05
941.95	325.15
944.75	322.55
937.35	321.05
938.95	326.05
939.2	330.3
945.2	330.65
939.95	332.7
945.55	331
949.65	340.45
0	0
946.35	339.7
945.75	333.65
944.7	337.15
944.3	330
682.35	382.6
601.3	402.7
599	410.7
608.1	415.8
603.75	421.05
605.7	407.1
610.85	411.6
614.2	411.25
609	405.55
548.05	362
546.35	363.4
582.1	362.85
624.75	368.05
616.3	363.85
0	0
622.6	370.7
617.8	368.1
622.1	364.15
622.7	371.45
630.15	367.9
625.7	370.6
633.2	375.8
628.25	365.6
630.4	379.5
637.15	380.85
636.8	383.1
635.8	382.65
639.45	383.45
641.65	389.65
640.6	383.45
635.2	386
636.85	392.25
644.15	395.4
642.1	396.95
644.55	392.65
640.9	387.6
639	394.9
645.65	397.6
647.35	396.6
613.05	382.95
614.55	384.55
616.4	384.65
622.4	392.1
623.15	391.5
627.1	389.7
627.3	391.9
633.2	396.55
631.6	394.75
630	393.6
640.9	402.8
634.85	400.6
633.95	399.35
642.55	406.85
633.8	400.85
632.9	399.45
637	405.1
635.5	412.5
642.3	423.25
635.1	415.55
684.05	396.55
686.15	400.65
682.95	404.85
677.95	407.2
682.6	412.8
691.05	421.9
680.3	417.05
679.15	421
681.95	424.8
685.35	427.75
686	435.85
682.25	442.3
684.5	444.6
0	0
0	0
0	0
0	0
0	0
514.75	369.6
522.8	329.25
528.85	313.35
635.65	336.25
647.4	339.2
669.95	362.95
668.5	364.8
670.1	368.85
696.4	356.45
696.85	360.9
695	359.3
694.95	353.75
698.85	354.5
696.7	350.8
701.45	351
700.2	350.5
698.7	349.95
701.55	348.9
709.3	353.4
697.35	346.95
692.2	354.25
691.25	354.1
692.65	360.05
693.8	358.9
682.7	339.2
691.65	329.3
688.5	332.9
685.3	322.35
688.25	328.05
681.25	321.1
682.4	322.8
684.25	327.45
680.4	330.75
689.65	336.05
685.3	340.7
684.1	339.05
683.1	349.15
690.1	355.4
677	347
689.8	356.5
691.05	356.45
690.45	355.15
692.1	362.55
697.05	363.05
696.45	363
699.1	362
699.5	363.55
703.1	359.25
696.75	353.9
703.4	355.85
667.4	342.7
548.8	255.7
562.65	275.25
569.5	280.9
571.3	281.25
573.65	279.45
575.4	287.1
576.85	287.5
550.85	297.65
356.5	309.75
400.9	321.05
435.85	351.95
453.3	372.9
457.3	376.85
415.1	408.4
344.8	597.7
338.1	598.5
305.45	573.25
329.05	594.3
209.45	556.25
172.35	563.05
185.15	571.75
148.85	532.85
149.7	533
479.6	640.15
636.35	663.55
636.85	673.05
634.5	665.3
636.6	666.6
635.5	666.25
804.6	650.05
877.15	630.95
876.65	634.7
878.5	641.2
878.45	643.75
875.8	640.65
877.15	640.65
919.25	403.5
914.1	406.15
915.55	405.5
916.45	417.25
918.95	414.55
920.65	399.05
960.4	358.95
959.25	361.1
960.95	361.5
963.45	360.05
963	368.05
988.75	350.35
983.05	360.4
985.8	365.05
982.65	355.6
989.2	353.05
984	356.5
983.55	354
982.55	349.2
986.2	349.95
677.5	335.15
659.9	341.75
662.55	343.75
661.35	343.6
656.5	343.4
661.65	343.95
571.1	256.5
627.1	270.15
629.2	275.65
630.8	271.4
631.15	272.25
623.1	274.65
626.85	278
634.35	282.4
633.75	347.7
642.05	462.1
641.9	473.1
649.05	475.25
645.9	474.85
648.15	467.75
646	461.75
645.2	454.45
631.7	439.15
652.15	452.75
645.1	449.4
648.3	448.3
649.45	445.15
648.05	447.3
652.5	444.95
650.7	439.3
652.7	439.4
648.95	438.25
648.2	434.4
647.2	329.2
640.2	328.4
639.85	325.1
646	333.9
652.8	339.3
649.7	339.15
641.25	332.35
649.65	342.25
645.85	355
644.7	367.6
643.5	373.8
643.05	385.95
653.35	396.15
654.7	400.4
652	402.8
652.6	407.9
652.85	309.3
654.5	322.6
659.85	325.85
658.8	322.4
653.2	315.55
658.75	318.9
655.55	325.45
650.9	256
654	261.5
650.75	266.85
651.15	271.1
661.7	241.2
675	215.6
677.7	221.15
673	203.5
681.8	211.4
675.1	213.9
674.85	211.4
685.5	281.05
684.5	398.15
689.3	416.55
686.8	412.95
678.95	410.55
677.85	410.65
673.9	411.65
675.35	416.95
670.6	409.4
665.5	405.25
664.25	405.9
664.35	405.3
667.2	404.2
666.45	408.5
669.5	411.7
667.45	412.85
671.1	411.75
669.25	413.3
602.4	405.95
604.5	406
602.8	407.5
597.05	406.2
487.75	339.9
499	351.9
510.55	375.55
534.8	381.7
538.7	393.15
559	387.8
581.6	410.55
650.55	408.25
650.05	410.25
653.15	411.25
634.1	399.65
656.5	410.55
653.5	414.8
600	387.4
612.95	395.05
639.3	408.35
641.8	413.1
649.75	417.5
574.75	383.9
646.2	418.45
579.4	388.05
614.9	397.35
627.55	405.85
627.2	415.35
642.85	428.75
617.85	400.15
623.6	409.5
655.6	401.15
656.9	405.7
637.75	384.35
653.1	400
657.65	404.45
659.7	410.15
646.95	404.1
651.15	409.3
653.45	410.15
641.05	403.65
636.75	404.05
648.85	412.85
627.8	392.55
637.55	406.45
654.25	424.7
658.95	427.55
660.05	427.2
646.95	416.75
638.7	410.65
656.65	423.55
669.05	436.2
667.2	443.65
463.6	356
580.35	419.6
596.7	446.65
592.8	452.45
586.1	450.15
584.9	458
587.9	466.8
596	467.45
586.5	466.25
551	484.9
557.4	493.7
563.95	498.1
564.05	493.3
557.5	493.85
555.2	492.95
560.7	496.55
553	401.55
550.7	403.8
558.9	410.75
563.7	417.55
562.05	416.05
559.25	418.55
563.2	434.35
568.1	494.05
576.35	500.05
575.8	503.35
572.65	510.9
571.35	506.5
568.6	500.85
569.4	503.05
568.7	508.55
568	509.85
567.85	504.75
565.75	502.8
568.65	508.2
571.95	510.6
531.75	521.55
533.25	518.2
529.7	518.15
532.05	513.9
532.65	516.2
527.25	513
528.2	511.6
525.3	512.15
526.05	516.2
525.4	512.8
610.05	468.05
688	435.35
686.5	435.25
690.25	444.85
691.65	456.25
683	455.65
695.85	468.5
691.6	470.55
689.8	470.35
554.15	485.75
332.05	488.45
329	491.65
333.45	498.8
338.5	502.35
339	510.8
339.8	512.2
339	510.45
336.5	514.4
335.55	511.45
330.3	506.75
330.05	506
338.65	514.85
342.85	519.05
342.5	517
343.15	517.45
339.65	517.2
343.2	517.65
341.95	518.35
343.1	517
335	514
335.7	514.2
334.2	518.15
334.7	518.35
334.7	520.3
334.05	518.2
334.15	512.5
340.55	516.95
636.65	439.1
645.65	442.3
646.2	447.55
647.6	449
648.15	444.8
649.65	441.9
648.75	441.4
650.9	444
596.5	485.1
599.65	486.4
607.65	488.8
617.9	491.55
621.8	495.2
687.35	477.65
686.65	475.75
685.9	467.95
677.7	465.25
682.65	463.6
681.95	462.2
690.05	469
695.3	478
692.7	480.3
755.2	475.4
743.15	470.9
740.7	467.25
734.9	465.95
737	465.4
737	466.15
736.1	466.15
737.6	466.7
736.4	466.55
733.9	469.95
738.95	470.45
737.45	472.05
740.2	479.45
738.3	467.4
741.2	466.6
734.9	464.6
732.35	465.55
736.35	462.2
736	466.75
736.8	466.35
739.2	464.45
738.95	469.3
737.65	467
730.55	457.95
686.55	454.4
678.7	453.8
681.3	455.25
681.7	456.1
682.6	457.9
684.25	456.15
688.35	465.8
683.6	462.2
681.5	463.9
614.15	443.7
611.6	449.4
613.2	450.8
610.35	445.2
611.65	451
608.25	454.85
611.55	452.25
612.85	452.8
613.1	458.25
614.1	463.95
614.15	466
611.4	464.1
614.6	463.55
617.55	464.25
610.9	464.4
611.9	464.7
615.9	462.9
599.75	412.8
593.05	409.8
596.65	408.6
599.3	415.9
596.35	416.15
600.2	418.45
743.4	385.2
755.85	398
749.95	391.6
749.7	383.4
749.65	381
759.4	390.2
753.7	393.35
752.55	394.15
721.4	392.6
525.05	373.6
526.05	373.45
530.25	372.3
532.25	368.45
522.2	364
522.3	367.15
528.15	362.8
522.9	366.85
523.3	368.8
527.8	364.2
529.85	360.15
523.8	363.95
534.3	344.15
534.15	341.4
544.45	347.8
539.8	342.05
537.8	340.55
545.9	354.95
545.65	364.05
550.9	356.1
544.5	362.35
535.2	359.3
543.4	372.5
541.55	376
541.1	387.75
544.65	390.45
544.65	388.65
545.4	387.5
508.7	406.3
506.95	403.8
505.9	402.75
502.65	394.8
499.45	389.2
500.55	392.65
497.65	391.75
499.6	387.65
499.55	385.4
500.65	382.5
506.35	385.6
506.8	383.05
509.6	387.45
506.8	384.3
510.7	383.55
510.3	383.65
509.45	380.3
511.55	383.3
441.75	256.1
439.95	266.55
443.85	266.5
442.3	267.3
446.1	274.3
0	0
0	0
0	0
0	0
0	0
0	0
0	0
0	0
0	0
326.35	262.5
335.7	243.95
346.9	226.25
357.8	219.9
360.2	216.35
359.8	211.4
405.2	221.95
492.6	251.5
602.6	290.35
606.7	289.65
625.15	312
611.5	298.45
627.3	314.95
632.1	313.6
631.5	319.55
641.55	325.3
648.1	328.35
648.1	330.7
650.55	329.7
653.45	332.1
650.25	330.55
657.05	330.35
653.65	331.5
652.45	332.15
652.35	329.15
647.15	329.75
647.8	332.9
635.95	330.6
625.45	333.9
619.3	339.3
612.9	341.55
608.05	337.6
611.55	336.35
611.2	336.65
637.9	342.1
711.55	329.75
714.15	334.05
719	335.75
713.8	330.4
721.25	340.45
720.45	343.65
721.6	345.25
724.9	348.7
770.9	412.55
771.5	423.2
769.8	431.9
775.9	428.15
776.1	421.1
783.6	424.1
778.65	428.9
779	418.3
785.45	418.25
783.85	422
784.6	424.9
633.1	324.3
565.55	264.8
575.25	281.55
575.75	295.55
584.65	304.5
583.3	300.35
589.85	308.85
637.05	378.05
635.75	378.25
636.95	386.05
634.55	379
636.3	385
635.75	381.45
631.65	375.85
638.25	386.05
632.55	375.65
631.05	372.15
629.3	372.8
599.05	347.45
596.75	338.7
600.5	339.1
601.05	336.35
606.25	335.15
605.7	334.5
605.85	339.75
605.3	338.25
609.3	342.35
610.45	345.8
612.1	348.7
608.6	349.55
604.45	350.35
603.15	347
600.4	345.75
600.1	346.75
602.15	349.2
605.35	351.15
606.9	353.9
606.55	352.75
610.85	358.45
609.8	358.95
615.95	378.25
624.2	394.3
512	393.15
487	403.75
484.6	407.9
486.3	406.5
478.3	403.2
482.45	407.95
482.15	410.3
484.8	412.45
484.55	410.1
485.5	412.6
590.95	404.05
707	395.55
711.7	405.9
707.2	402.25
706.4	405.65
710.7	403.4
710.2	399.45
708	402.75
707.15	401.95
709.95	403.85
707.05	400.7
709.65	404.55
709.2	402.8
708.95	397.6
710.6	404.15
703.55	400.85
704.55	400.8
707.15	400.3
709.05	398.3
709.95	394.45
566.1	364.2
553.5	355.1
558.5	363.45
552	354.25
559.65	357.75
560.75	355.55
560.05	359.45
557.95	366.75
561.85	361.3
558.05	368.15
555.35	364
562.9	362.75
570.2	367.7
567	366.25
572.15	378.15
563.65	378.3
574.05	386.05
583.3	383.45
650.3	312
650.3	317.75
652.2	316.75
653.65	314.95
652.35	313.75
649.75	309.75
892.9	299.95
908	318.9
897.95	311.1
900.35	303.9
899.2	312.8
898.35	302.1
902.45	316.95
897.2	324.8
893.6	324.05
895.45	327.3
890.95	331.7
888.65	334.55
885.2	339.75
886.9	348.25
873.15	342.55
877.35	358.55
871.2	353.25
869.1	356.1
863.3	366.9
858.1	356.45
856.15	364
851.9	361.4
699.4	320.6
702.9	318.05
707.65	325.3
701.5	323
704.1	333.75
703.95	331.1
699.9	340.75
701.65	341.2
701.5	349.05
701.85	351.45
704.85	351.45
701.95	346.05
697.7	341.95
704.2	341.8
710	341.9
706.85	342.35
710.3	342.8
702.55	337.8
715.2	350.35
709	342.65
712	346.65
710.55	343.45
706	333.8
718.85	346.2
716.35	346.1
708.45	337.15
714.25	347.85
709.95	346
716.15	362.25
715.35	361.65
712.2	358.2
716.25	358.15
720.3	365.05
715.55	359.65
712.65	358.3
717.4	359.25
712.75	351.95
711.7	355.55
711.55	351.9
709.95	351.8
712.8	353.5
719.15	349.65
718.9	347.95
712.1	350.05
716.05	351.85
716.4	349.75
715.35	352.6
721.85	347.2
721	345
724.4	346.9
728.85	342.05
730.9	342.65
736.8	345.75
747.85	349.1
745.2	343.75
745.1	347.6
747.55	344.7
752.5	352.55
751.05	344.35
748.95	341.3
754.75	344.55
755.85	343
755.9	343.9
760.9	343
755.2	345.1
757.3	339.65
758.55	338.6
761.15	339.85
762.9	347.55
764.75	358.15
771.5	371.4
769.55	395.65
774.65	410.6
776.7	413.1
778.3	411
777.25	412.05
780.65	411.2
567.95	399.9
562.45	402.2
560.05	398.25
561.85	396.45
560.45	400.35
560.1	401.25
563.1	401.3
559.9	403.4
562.7	398.4
560.85	398.9
562.4	404.95
564.8	407.5
559.8	396.65
558.9	394.45
556.8	407.85
558.75	405
558	399.35
562.1	403.7
563.9	404.15
556.7	400.55
565.05	409.1
565.8	411.65
565.55	406.35
559	401
559.6	397.8
560.35	403.05
563.7	404.55
563.4	400.3
562.95	399.5
560.05	399.05
562.25	398.15
559.95	396.9
560.3	393.2
563.4	394.25
566.1	396.85
564.55	395.9
568.9	397.25
565.75	400.4
559.65	395.2
563.7	400.75
565.35	398.65
558.75	394.65
559.45	400.05
560.3	400.3
565.45	405.8
565.2	408.3
563.35	408.2
565.2	402.05
559.45	398.25
560.25	393.5
563.35	394.9
564.75	398
564.95	400.9
565.45	401.45
562.55	401.7
566.3	400.45
567.55	397.35
571.2	397.2
571.7	396.5
567.95	395.6
570.35	388.9
574.9	391.3
572.35	390.1
569.9	379.5
566.05	373.3
566.1	375.5
567.4	372.85
567.4	375.9
568.65	370.1
569.3	375.6
575.3	378.1
576.95	384.95
579.6	379.6
580.5	379.3
582.55	378.9
574.9	377.45
576.35	372.2
577	370
575.8	371.4
576.2	373.8
575.3	373.3
576.5	376.7
577.25	373.4
575.75	375.7
543.6	360.5
545.75	349.1
558.25	353.05
573.05	365.2
570.2	364.95
565.25	371
578.75	382.45
573	378.1
576.95	382.2
578.1	386.45
580.05	388.45
570.65	379.5
569	373.75
572.45	375.85
566.4	370.85
580.35	383.15
578.7	385.3
580.85	383.75
579.95	383.65
564.25	368.85
583.05	381.9
577.2	383.7
561.85	372.7
565.45	377.1
568.95	377
558.15	366.65
569.35	373.85
571.95	377.4
571.75	380.55
546.75	357.1
492.55	349.6
489.05	338.9
471.65	327.75
552.05	352.55
462.15	320.7
479.5	337.7
553.15	360
477.45	337.35
554.8	358.4
576.25	383
577.95	392.8
581.4	411.8
585.9	430.8
591.25	437.6
592.3	441.05
596.2	443.8
600.55	445.95
601.1	445.9
602.35	447.95
604.65	449.75
604.3	446.25
605.85	447.55
603.5	444.95
601.6	445.45
605.75	447.5
604.85	441.85
604.45	444.95
607.35	449.3
607.15	449.25
605.9	450.8
607.75	454.25
606.7	445.2
606.95	449.7
606.55	447.25
607.3	450.8
609.1	456.6
604.6	449.05
604	449.7
625.45	447.4
882.85	382.1
899.15	378.25
894.45	382.1
897.85	382.45
897.8	379.55
896.85	377.6
898.8	378.45
898.7	373.7
895.7	372.25
896.4	374.2
899.2	378.8
896.35	373.6
897.55	378.7
895.7	375
896.95	373.05
899.8	369.7
895.55	371.5
894.25	371.95
898.55	370.35
906.85	375.65
909.15	375.05
909.5	371.65
903.55	374.25
900.35	365.75
898.35	369.8
901.7	364.4
901.5	364.15
902.45	361.4
903.8	359.3
904.75	362.3
900.2	361
903.65	363.35
903.55	364.5
906.1	364.55
902.7	361.15
900.95	361.4
900.5	361.95
0	0
0	0
0	0
0	0
0	0
0	0
0	0
0	0
0	0
0	0
0	0
0	0
0	0
424.55	398.85
438	394.45
444.2	393.8
444.5	389.35
447.2	381.9
445.5	380.1
452.25	380.3
452.4	372.85
447.35	366.65
452.75	371.8
452.85	372.45
447.05	370.45
448.95	367.3
455.55	373
451.5	368.65
454.75	369.8
456.4	374.3
458.05	376.95
451.45	369.3
459.35	375.5
455.35	376.95
461.4	377.6
465.5	379.85
462.45	380.3
464.15	386.55
463.55	383.3
467.15	388.65
474.35	387.55
477	389.95
479.65	392.9
482.9	392.15
488.3	397.1
493.1	396.3
486.9	385.55
499.05	388.95
498.2	382.7
491.55	377.75
494.4	386.9
503.8	386.4
499.3	377.6
507.4	389.85
506.6	385.15
507.45	381.95
500.75	377.4
505.55	375.8
506.65	377.15
512.45	379.4
512.9	386.1
517.6	382.7
517.4	380.2
520.05	383.55
523.4	384.1
524.5	386.45
516.5	381.9
517.25	384.05
468.85	395.65
304.35	431.05
290.75	424.85
295	423.3
297.15	420.05
297.95	421.05
303.35	416.35
303.45	419
304.25	414
301.15	416.05
304.15	410.55
302.95	415.1
300.8	416.35
303.7	416.2
299.65	416.1
303	418.8
304.3	415.85
308.35	424.6
311.9	422.05
303.3	408.5
305.55	404.9
315.6	416.7
309.85	409.7
314.8	419.95
313.8	426.55
320.85	425.25
319.15	426.7
320.8	429.25
311.7	421.75
320.3	430.95
313.65	420.1
315.35	423.95
316.75	423.8
317.55	420.7
317.95	421.05
322.9	423.75
323.55	415.3
329.5	412.35
333.45	406
338.8	395.55
392.75	339.75
388.85	297.75
387.7	281.25
393.1	271.5
404.1	273.9
426.05	249.35
436.55	246.6
470.2	257.25
419.4	239.2
429.65	253.1
432.2	249.1
514.6	287.7
478.35	276.15
488.1	276.25
500.25	278.35
500.75	278.95
426.7	265.45
437.8	267.45
527.25	314.3
527.3	313.25
506.75	293.35
491	285.55
526.1	307.8
495.5	289.95
443.15	265.6
413.5	248.7
417.9	246.15
431.65	268.5
515.4	303.4
452.65	276.4
430	266.9
420.2	256.65
410.05	249.2
413.65	249.55
421.45	255.9
414.95	246.65
413.6	245.15
418.55	251.45
426.05	253.5
425.85	255.9
418.75	247.55
418	251.15
421.15	253.4
422.1	260.9
422.85	258.8
420.7	255.15
412.8	258.2
526.95	326.3
539.45	355.2
542.2	374.85
544.25	381.25
543.75	383.1
545.4	386.4
551.05	399.5
552.4	398.9
550.1	399.8
554.7	398.15
556.3	395.8
548.25	387.55
557.25	401.65
559.25	398.4
558.75	396.55
555.15	396.7
559.7	406.65
561.8	407.3
558.35	401.95
556.7	397.9
557.1	403.85
555.2	405
557.3	402.2
558.35	399.6
561.05	401.15
560.1	395.3
559.05	396.35
558.9	398.95
561.3	397.25
559.25	398.8
560.35	400.15
561.3	394.55
554.4	390.4
559.5	391.45
562.6	391.3
562.45	387.2
560.65	385.6
563.45	375.95
561.7	377.05
547.4	366.9
541.45	361.9
449.15	334.8
563.9	377.8
565.85	380.8
566.15	385.1
560.9	379.4
460.75	330.6
425.25	317.35
442.05	335.75
453.8	344.4
433.6	318.05
427.75	315
425.25	315.7
436.8	315.9
431.8	314.2
433.2	311.7
436.95	321.7
438.2	316.05
430	313.5
436.2	317.3
436.4	319.55
437.35	323.05
437.85	324.55
435.75	327.75
434.2	326.4
434.8	322.35
433.75	322.2
433.05	320.5
434.6	323.65
612.2	321.2
839.45	304.1
920.45	335.85
933	354.4
947.85	368.5
933.9	359.15
877.05	344.25
941.45	365.4
956.35	376.05
957.9	376.85
960.15	380.8
957.7	384.1
952.9	383
952.05	380.45
956	391.1
951.75	387.4
950.75	388.85
950.55	390.05
947.45	386.75
948.5	387.75
949.2	387.1
951.3	396.05
945.9	396.25
946.35	392.4
946.7	393.35
947.2	393.6
419.25	272.65
414.2	269.25
414.7	267
451.65	286.25
418.3	269.95
552.1	339.15
561	352.9
562.7	363.6
554.1	362.95
551.5	369.15
555.6	370.9
568.1	380.05
575.7	387.45
579.55	384.15
579.35	380.05
576.8	371.55
574	370.4
578.25	366.85
580.7	364.9
578.4	359.2
583.85	351.6
584.95	352.75
648.6	291.25
652.55	283.35
658.55	281.95
659.35	279.65
665.2	278.2
666.75	272.95
666.5	282.35
670.3	286.95
672.5	289.85
671.6	300.8
665.1	347.5
665.2	351.95
666.15	348.85
667.55	349.5
669.2	346.85
667.4	345.4
664.45	339.9
671.75	344.25
671.25	349.05
376.05	219.6
362.8	205.8
359.1	204.5
353.95	211.75
497.15	297.7
499	299.05
469.35	304.75
460.65	308.1
464.2	306.9
471.2	320.5
470.1	325.4
465.6	321.95
465.8	312.35
449.65	298.8
452.95	294.95
372.05	253.95
343.8	243.8
576.25	275.4
624.2	272.5
621.45	274.5
624.1	277.65
619.8	277.1
626.95	278.8
541	282.2
534.1	270.75
525.7	267.4
526.05	272.15
407.15	296.9
0	0
0	0
0	0
0	0
0	0
0	0
0	0
0	0
326.3	399.25
329.7	363.5
330	332.85
338.5	307.75
344.4	305.1
341.15	288.6
361.65	287.2
431.2	304.9
439.9	301.75
429.75	295.55
422.1	292
418.95	292.2
420.9	291.9
412.75	286.1
412.25	296.6
462	310.65
0	0
664.75	423.3
658.45	428.75
648.15	429.3
644.2	432.05
635.75	441.55
627.25	443.05
618.1	439.3
614.25	445.8
608.8	446.6
601.6	441.4
603.9	453.65
602.2	451.45
610.55	480.3
611.6	522.25
614.5	519.25
618.65	528.7
616.2	520.3
619.1	526.3
619.5	517.2
623.3	516.2
626.5	519.25
627.5	517.8
631.05	515.95
683.5	478.6
686.55	482.05
688.6	483.6
681	472
687.95	476.85
696.75	483.15
699.25	471.15
687.05	469.55
703.3	480.1
653.1	458.15
700.4	466.85
604.5	499.5
705.95	528.75
716.8	538.45
719.55	535.8
718.35	533.4
722.85	533.95
709	514.65
705	511.35
698.7	500.4
557.25	301.5
560.15	286.1
700.55	343.25
715.05	353.25
713.45	355.75
412.25	282.3
388.05	268.25
387.05	275.55
378.8	282.8
0	0
0	0
0	0
0	0
0	0
0	0
0	0
0	0
0	0
0	0
437.95	366.05
447.6	341.6
465.75	298.1
469.65	266.8
472.75	263.95
479.75	260.55
483.5	257.45
484.2	256.5
456.6	228.5
457.2	228.95
463.4	235.75
462.25	235.75
453.05	227.9
450	225.8
515.95	259.1
611.9	302.6
613.65	304.1
620	305.15
637.55	312.25
639.8	309.85
640.4	311.95
642.2	311.5
639.9	313.7
637.4	309.45
639.55	311.4
643.15	310.45
644.5	290.35
641.05	290.85
645	292.95
608	276.1
629.2	272.15
643.25	283.9
609.35	263.75
665.7	283.35
666.05	284.95
666.55	289.2
657.95	283.55
654.15	285.9
628.8	266.45
666.85	293.95
704.7	284.35
750.95	280.2
749.35	280.35
748.75	279.05
745.95	276.05
744.15	281.8
748.65	282.55
419.45	231.7
381.4	226.3
393.5	231
387.75	226.8
409.25	247.65
443	252.8
399.35	232.9
767.65	261.55
766.3	271.7
767.7	269.95
765.95	270.4
767.15	273.25
767.5	274.95
743.6	272.25
697.5	288.85
694.05	288.85
695.2	298
692.2	296.2
697.05	294.5
692.25	294.2
679.25	297.75
656.75	320.75
659.95	326
660.1	327.1
666.15	331.85
545.2	347.95
0	0
0	0
0	0
0	0
0	0
0	0
0	0
540.5	326.45
537.25	294.1
505.85	279.2
506.5	269.35
508.8	262.7
516.4	260.9
518.95	264.1
518.05	261.15
517.75	255.7
517.45	256.35
518.85	253.55
542.15	266.65
528.9	264.4
532.9	267.8
626.2	298.95
638.1	310.65
649.65	316.8
650.95	321.25
654.3	315.55
643.55	312.65
632.25	300.7
633.15	311.35
572.6	305.95
648.3	340.05
646.95	345.2
633.5	331.15
638.05	336.45
512.95	293.45
0	0
0	0
0	0
0	0
0	0
0	0
0	0
0	0
0	0
0	0
599	469.8
602.6	442
590.45	421.6
592.6	410.95
592.15	397.2
