649.55	362.1
650.65	356.25
654	364.1
652.65	372.55
652.55	371.75
648.25	365.2
645.1	368.15
775.4	353.1
793.6	351
793.2	351.55
796.55	347.95
790.4	353.75
794.1	344.8
787.85	346.7
782.05	349.15
787.9	438.4
0	0
0	0
0	0
0	0
0	0
0	0
734.05	334.35
734.55	322.25
730.55	322.45
727.95	333.6
725.95	326.85
731.55	330.5
733.25	329.85
726.2	326.7
731.2	331.75
721.35	322.65
730.8	331.6
722	322.3
721.65	324.1
727.45	337.2
721.25	326.8
720.85	332.8
724.95	331.65
721	340
723.4	348.25
722.25	342.7
720.15	344.95
719	350.85
720.2	346.85
723.15	340.8
723.25	340
725.25	333.55
726.6	335.6
725.15	324.9
732.25	323.3
733.6	325.7
0	0
0	0
0	0
0	0
0	0
551.9	345.95
551.6	339.35
552.8	339.3
560.65	339.65
563.75	334
562.55	335.45
558.95	331.35
563.8	335.95
565.3	334.5
0	0
0	0
0	0
0	0
1011.5	174.5
1018.1	196
1020.65	194.7
1033.3	199.4
1035.5	199.4
1033.2	204.35
1040.5	200.55
1042.85	199.7
1044.45	205.4
1008.55	211.15
660.95	258.6
642.55	267.45
652.45	265.3
649.75	269.65
647	264
649	272.2
649.4	271.35
652.4	275.95
649.05	279.2
444.25	350.4
453.9	353.7
453.4	352.85
453.8	345.4
454.55	348.6
451.7	340.95
453.45	345.5
678.2	328.7
790.85	320.6
795.3	323.35
800.1	320.95
798.9	310.25
798.25	321.55
801.1	319.05
804	311.3
803.3	313.5
634.3	380.75
628.65	381.05
626.85	375.05
627.7	373.5
627.4	371.2
628.85	376.5
629.05	375.7
629.7	380.3
631.15	375.55
633.15	379.15
689.05	374.9
877.4	327.3
885.2	334.05
886.85	334.15
886.85	333.25
842.4	339.55
565.1	386.6
564.25	388.3
564.35	387.9
560.7	383.4
556.65	389.95
557	387.25
665.5	378.9
681.85	376.75
680.05	380
682.75	383.4
680.75	376.95
680.6	378.95
682.95	384.8
689.65	384.45
812.85	312.35
811.55	316.5
811.1	319.2
812.9	315.1
812.65	316.25
812.2	316.7
814.25	316.9
814.8	319.2
814.8	318.05
815.05	319.5
813.55	323.15
817.75	319.4
818.35	320.35
730.45	336.4
601.5	407.25
598.8	412.55
599.8	417.55
598.25	415.75
599.7	416.9
598.15	415.2
596.15	414.65
599.6	431.4
0	0
0	0
0	0
0	0
0	0
0	0
644.55	509.45
638.05	539.45
633.25	538.2
630.4	533.45
630.2	526.3
628.6	525.3
627.3	520.05
627.25	512.5
624.65	510.2
624.35	506
618.1	509.7
619.15	506.15
616.05	505.7
623.3	505.45
620.3	509.85
615.4	500.65
620.1	503.15
564.2	350.45
555.75	271.4
567.2	260.55
568.8	269.75
572.45	276.35
578.4	276.1
582.35	274.35
586.65	276.65
588.75	278.8
593.45	282
597.7	288.8
600.1	291.55
601.05	298.9
600.3	299
599.75	298.65
599.9	297.55
598.9	298.8
601.65	302.1
606.7	304
599.75	305.45
597.95	305.65
596.6	312.8
599.25	312.75
599.6	312.45
600	313.6
598.7	314.2
599.6	308.8
601.9	311.35
602	308.45
603.55	308.8
604.15	308
603.6	309.2
604.75	308
604.85	304.8
605.25	304.6
606.25	304.75
606.7	308.35
605.65	309
606.3	309.75
606.4	308.35
606.15	307.5
603.55	309.6
606.15	312.35
608.5	313.75
609.85	314.9
611.2	313.9
614.15	316.1
613	309.2
613.1	309.5
613.05	311.75
547.55	321.4
472	310.6
474.5	313.85
471.65	315.6
472	313.6
780.75	310.05
847.65	308.5
838.45	312.95
838.4	312.35
837.6	313.2
835.75	313
835.5	314.8
836.8	321.55
855.25	320.45
917.55	344.15
920.25	344.8
915.85	337.85
913.05	340.4
913.15	343.4
915.95	345.4
919.55	341.1
918.8	339.9
917.35	348.3
793	361.05
640.7	376.15
636.8	373.25
629.25	373.7
630.35	375.8
631.3	375.05
547.85	389.45
456	415.5
453.95	411.8
451.95	417.65
450.9	419.1
450.45	402.15
0	0
0	0
0	0
0	0
0	0
628.85	355.45
624.1	387.2
629.9	390.4
629	391.9
626.05	391.6
625.25	391.65
624.1	394.2
615.75	388.6
617.3	380.55
620.9	383.35
624.35	392.65
626.6	391.4
625.7	390.7
622.3	385.1
623.5	384.8
621	386.5
618.85	391.7
624.05	390.15
623.5	385.8
618.6	385.6
616.7	385
615.95	380.25
611.5	382.45
612.65	378.4
609.25	378.95
610.25	375.75
610.2	373.1
610.85	369.4
607.85	367.85
608.9	363.15
610.45	360.45
613.55	351.6
605.45	338.3
608.75	331.6
611.95	337
974.85	286.4
1023.5	280
1023.6	271.45
1025.95	265.45
1021.7	253.65
1029.15	258.6
1030.25	249.05
1032.6	247.15
632.7	276
616.5	285
622.2	282.9
626	285.65
626.7	287.1
626.25	272
625.4	279.55
628.4	268.7
627.9	267.25
628.25	267.65
626.15	270.05
625.8	268.4
625.75	269.5
0	0
0	0
0	0
0	0
0	0
0	0
0	0
518.75	375.3
521.5	381.4
523.55	384.45
528.5	386.9
530	387.6
532.6	382.45
534.5	383.2
535.15	384.7
539.85	384.95
534.95	383.9
542.55	390.55
533.85	387.25
542.45	393.95
543.5	396.45
537.65	390
549.95	402.3
549.1	392.4
553.95	401.2
550	393.95
550.4	404.15
551.35	409
547.35	400.65
543.7	398.1
629.5	375.85
767.8	339.05
760.6	342.3
757.15	341.3
757.35	335.8
755.9	343.2
599.25	327.5
493.6	318.9
489.25	322.85
487.9	317.9
487.5	324.35
488.25	324.05
487.15	320.1
619.5	323.1
632.25	316.45
631.7	318.85
630.1	320.85
629.6	320.45
628.4	321.5
629.8	321.65
629.2	321.65
674.55	318.75
901.15	310.35
900.55	309.8
895.2	322.65
895.05	312.85
898.55	315.55
898.9	313.85
897.7	316
543.55	335.15
501.85	339.1
501.45	332
504	340.95
504.25	346.55
501.85	343.25
495.8	336.7
657.8	329.75
658.25	334.3
651.85	327.65
654.3	330.65
652.3	330.25
652.6	328.45
651.85	326.15
652.3	325.3
655.4	327
658.75	337.45
660.7	343.45
664.35	340.05
505.75	331.7
437.05	325.35
435.95	340.85
434.45	327.95
438.15	335.7
438.1	328.95
442.2	334.25
445.65	329.55
445.45	330.9
446	328.3
667.6	320.05
681.05	329.75
682.6	327.5
682.7	326.85
682.15	327.2
681.85	325.95
684.25	323.9
683.4	323.25
686.55	323.15
687.45	326.1
694.4	321.3
709.05	454.05
0	0
0	0
0	0
0	0
0	0
0	0
0	0
0	0
473.15	329.7
465.5	346.15
465.35	344.6
468.35	350.15
467.6	354.7
464.9	354.7
463.9	353
463.8	346.4
462.25	339.45
464.3	338.2
467.8	335.65
466.6	334.6
467.95	334.4
468.4	337.8
465.45	340.75
702.55	378.75
733.6	375.95
729.85	383.75
728.9	381.85
734.45	380.2
727.9	382.95
0	0
0	0
0	0
0	0
0	0
0	0
0	0
0	0
0	0
0	0
0	0
0	0
0	0
0	0
643.4	289.4
642.25	286.2
641.1	285.75
639.75	286.15
640.2	280.1
633.4	279.55
639.6	285.3
634.35	278.05
632.35	279.2
634.1	279.45
630.35	272.05
630.2	283.15
629.05	266.45
629.05	279.8
632.25	273.1
628.15	278.2
629.55	279.95
635.6	286.3
635.35	285.45
636.35	285
644.85	286.95
649.3	285.55
649.85	276.2
652.05	270.6
655.9	267.9
657.9	270.75
661.65	270.35
660.95	267.2
662.75	265.15
660.95	262.2
662.7	250.7
663.85	238.95
661.15	237
662.75	221.9
657.35	207.15
658.8	203.45
637.4	433.9
648.7	572
651.85	566.45
653.75	549.8
652.75	530.1
653.2	521.35
651.85	513.1
653.5	500.45
652.15	247.6
654.4	253.45
651.3	261.7
654.85	261.85
654	261.5
664.1	257.95
659.7	264.85
662.1	264.2
666.1	260.5
667.25	263.8
653.95	299.25
656.95	295.55
655.25	296.55
655.2	294.65
654.95	296.1
656.15	298
655.55	302.5
657.95	299.95
660.35	300.85
663.3	298.55
664.45	301.3
666.35	302.2
664.25	308.55
662.55	304.8
659.3	305.3
651.9	305.9
647.15	306.85
648.95	304.95
650.05	301.6
649.7	302.3
649.1	307.6
648.45	311.45
642.5	459.35
641.45	579.6
643.1	577.85
643.45	578
644.15	582.55
645.55	583.85
647.9	588.15
646.05	587.35
655.7	506
681.95	319.15
667.9	311.5
667.45	308.75
665.1	307.7
670.45	306.3
669.1	309.8
668	314.45
668.55	312.65
669.65	314.65
670.7	312.5
671	315.1
670.8	310.6
674.25	307.55
675.05	303.35
673.85	307.25
673.15	310.7
673.2	309.05
671.05	311.25
667.6	313.95
875.4	297.6
873.25	300.7
876.55	297.9
874.85	302.45
871.05	301.75
874.6	301.85
698.45	312.6
672.2	318.9
671.05	316.15
670	320.8
667	334.75
0	0
0	0
0	0
0	0
0	0
614.45	158.4
615.45	162.2
614.95	159.2
613.6	159.9
613.25	183.65
593.85	369.1
594.95	375
595.9	379.8
598.8	381.3
596.25	380.9
596.65	382.25
858.6	459.4
1018.1	480.3
1013.5	484.1
1015.45	480.15
1018.15	483.45
1017.7	479.45
1019.85	481.65
1018.15	483.3
928.85	460.9
668.3	290.3
658.65	284.95
664.4	284.3
666.3	280.75
658.9	279.35
658.65	281.7
659.25	284.4
659.45	286.25
655.3	287.1
662.5	282.55
661.8	277.8
659.35	274.8
659.6	279
658.3	281.25
660.05	278.85
660.95	283.95
661.05	285.9
660.35	283.3
660.8	283.4
661.85	285.85
663	286.7
663.35	287.4
664.55	291.45
666.35	291.1
669.9	289.85
631.35	323.8
560.35	434.3
561.3	439.3
560.4	437.3
558.5	442.95
556.65	444.55
553.45	446.25
553.7	445.55
550.8	444.05
551.15	445.8
551.2	447.9
550.55	439.45
548.15	441
546.3	433.25
543.25	436.05
544.45	441.05
542.75	444.55
546.7	446.1
544.5	434.95
544.8	446.85
0	0
0	0
0	0
0	0
0	0
0	0
0	0
634.25	371.85
627.95	366.8
627.45	354.5
624.4	356.2
622.05	356.05
543.15	269.65
540.05	233.2
535.55	223.75
537.2	218.8
533.55	215.35
533.65	222.4
536.75	215.9
533.05	218.6
529.75	217.65
527.65	214.7
523.65	211.85
526.9	228.25
531.4	226.7
532.65	222.35
536.45	219.05
539.2	216.65
540.4	213.85
542.9	221.5
537.55	226.25
535.2	227.45
534.65	224.55
538.15	212.85
537.75	211.9
536.3	214
531.75	219.45
534.75	211.3
532.1	213.6
536	208.95
986.65	153.35
983.7	159.15
979.55	161
980.45	162.95
973.7	161.6
971.75	161.55
965.05	162.6
560.6	347.3
562.7	383.05
567.15	388.8
566.25	392.1
567.6	386.05
570.15	386
572	393.05
574.15	389.95
575.95	381.6
578.65	380.7
581.5	389.85
579.95	394.05
584.8	397.6
586	392.65
588.85	391.25
591.3	392.15
591.1	393.4
595.55	394.25
593.95	396.5
595.1	394.75
596	391.15
596.9	388.6
599.2	390.45
600.65	392.1
604.05	387.35
603.5	391
606.55	395.05
607.85	395.95
607.6	391.6
605.85	393.75
606.75	393.35
605.25	401.25
604.25	402.45
603.8	401.6
604.85	400.45
605.45	400.15
609.55	398.35
609.65	399.5
612.25	397.9
777.3	302.05
780.35	294.65
784.75	297.9
788.65	297.15
789.85	296.35
789.15	300.85
785.7	303.6
785	307.8
781.85	309.1
776.65	309.4
774.5	307.7
752.7	275.6
0	0
0	0
653.75	265.8
650.15	293.75
653.55	300.3
654.9	307.75
656	307
656.6	301.7
652.1	299.9
651.3	304.3
648.35	304.65
649.15	306.05
645.05	312.6
645.3	305.45
642.1	296.9
638.95	299.85
641.1	303.05
641.15	307.05
640.2	307.15
643.3	303.7
639.25	304.8
637.75	302.9
632.5	309.45
631.6	313.5
626.25	312.85
620.35	309.4
618	311.75
612.25	307.3
611.6	309.05
611	303.65
610.3	304.4
467.6	350.25
412.25	372.55
400.75	371.2
395	374.2
390.45	375.2
386.2	373.4
700.8	373.2
778.85	343.85
766.9	343.2
763.1	339.7
764.45	340.1
760.15	339.65
753.25	336.95
752.25	339.7
751.55	345.4
750.95	344.65
756.8	343.35
754.8	347.35
756	347.25
758.35	348.55
750.25	351.9
755.15	350.3
757.6	359.5
759.85	358.95
558.3	391.95
511.8	385.25
497.8	387.3
495.4	389.2
497.5	388.75
525.05	388.1
761.1	267.1
812.95	259.65
808.25	265.15
814.45	262.9
816.1	267.5
814.3	263.2
816.55	261.45
815.5	258.5
762	305.35
720.05	336.9
716.3	330.2
718.1	330.35
712.75	335.25
0	0
0	0
0	0
0	0
0	0
0	0
0	0
393.5	314.5
395.95	312.75
402.15	315.15
404.7	317.5
803.55	313.7
800.25	315.95
797.35	320.2
804.55	319.55
804.2	313.35
809.25	310.65
801.15	314
800	315.65
802.15	320.2
805.5	315.7
801.5	318.95
802.9	321.75
775.1	332
677.75	367.9
673.75	375.2
674.15	378.7
672.25	383.25
669.05	383.1
662.2	376.55
933.8	378.8
924.55	383.6
924.6	385.25
933.2	382.9
936.65	379.65
938.05	380.25
937.25	382
939.7	380.9
736.15	245.85
671.7	182.55
668.05	178.35
669.15	178.85
667.05	177.15
670.75	175.65
670.05	178.35
673.55	182.3
723.25	142.4
714.35	143.75
713.8	142.5
715.75	143.05
715.75	146.45
717.65	144.85
719.75	144.55
616.75	149.6
576.75	148.2
581.2	150.6
582.6	151.1
578.65	152
576.3	150.65
581.1	154.8
698.9	174
959.25	204.2
976.4	208.6
977.05	207.3
977.25	210.15
976.3	209.25
971.7	210.8
973	207.3
970.85	208.35
977.4	208.55
977.95	209.85
977.85	210.15
1051.7	217.45
1054.05	215.5
1049.4	215
1052.35	212.5
1055.15	218.9
1053.85	218.85
1054.1	218.05
763.05	263.5
725.15	274.95
725.15	271.75
727.4	266.15
721.3	267.65
725.65	271.95
722.65	272.9
721	272
719.25	270.1
717.05	272.85
717.35	267.05
715.75	272.5
706	279.95
700.1	280.15
689.45	280.85
677.5	278.2
665.9	271.5
659.25	274.4
653.45	277.55
655.55	280.2
654.05	278.45
655.8	276.85
651.95	281.95
648.8	284.7
648.4	275.4
653.7	273.35
654.65	273.25
659.7	284.65
671.5	282.6
677.05	277.65
681.3	272.05
854.3	359.7
853	354.75
858	354.55
862	349.1
867.4	348.65
868.5	349.4
869	348.1
867.75	349.45
860.4	357.05
854.35	366.15
854.85	369.4
851.2	374.45
854.25	377.95
846.85	386.1
846.05	380.45
845.55	377.35
846.25	374.75
548.8	443.05
523.75	461.1
525.6	460.7
525.4	465.6
530	459.5
527.15	454.35
530.45	452.5
532.5	465.2
532.4	465.35
530.45	464.7
528.35	465.6
924.3	395.25
1019.05	372.05
1007.3	374.5
1006.8	371.5
1011.95	370.9
1013.9	370.4
656.9	293.25
590.25	258
595.5	265.7
597.5	268.95
599.05	265.75
598.95	270
379.25	276.75
280.7	290.65
286.4	297.4
287.8	298.55
287.3	302.05
283.05	294.3
281.75	294.85
281.55	306.8
281.7	309.65
652.9	277.35
652	275.85
648.65	281.8
651.95	282.65
655.1	284.6
653.6	277.2
648.4	276.95
646.7	279.55
647.05	282.65
647.2	280.15
648.65	277.5
649	272.55
648.65	271.75
358.35	373.6
309.1	409.95
309.85	412.85
309.95	415.9
307.6	419.65
308.35	415.2
308.75	408.95
309.05	407.15
312.15	412.65
313.9	414.6
313.75	419.55
318.8	422.2
320.65	416.75
315.85	413.1
314.1	409.7
641.45	276.9
633.6	286.25
636.95	292.7
638.1	282.2
642.65	288
641.35	292.6
0	0
640.4	295.6
645.5	297.5
645.8	306.45
647.5	297.75
648.35	296.45
649.55	297.8
646.45	312.5
650.45	307.4
646.95	308.55
650.75	311.9
655.15	309.35
651.7	311.45
651.65	307.3
647.6	319.25
655.3	310.5
573.9	276.65
569.4	269.55
574.6	263.3
573.5	268
432.7	274.3
434.85	269.95
426.65	266.25
428.85	267.1
428.4	260.25
699	250.25
855.8	229.45
852.6	228.75
855.05	239.9
0	0
0	0
0	0
0	0
0	0
0	0
577.45	380.45
570.9	403.5
571.7	394.15
572.8	392.5
574.5	396.5
491.8	422.85
430.1	438.9
432.05	441.65
430.9	447.55
435.25	446.5
445.8	439.25
662.65	405.7
665.15	402.55
665.9	408.55
671.3	411.25
671.2	419.1
668.95	419.4
730.7	419.1
912.7	421
929.25	422.8
926.85	426
931.05	425.95
929	430.4
924.1	434.85
933.7	433.2
919.35	433.85
627.8	343.25
589.55	327.5
592.45	329.9
593.35	333.5
593.75	332.75
595.35	330.45
596.65	330.15
598.15	331.45
464.6	409.4
406.95	461.6
411.45	464.05
411.7	461.5
413.8	465.35
409.75	468.7
474.75	440.35
664.05	322.95
664.9	325
665.5	329.1
671.15	337.15
673.9	334.85
668.6	324.7
670.7	336.95
669.7	324.4
594.1	327.25
604.25	325.75
604.65	336.9
601.8	326.15
605.8	338.1
605.9	334.25
605.05	333.85
611.3	330.05
701.15	207.05
706.05	188.2
710.05	198.9
712.15	189
708.85	195.05
713.25	199
711.05	193
709.65	201.4
712.15	201.65
710.15	201.3
711.05	203.9
682.4	215.7
537.2	235.2
529.9	242.3
534.75	250
546.5	248.25
550.35	249.4
552.75	250.15
553.1	249.65
553.9	254.25
555.75	247.55
555.4	251.8
556.9	248.15
560.05	245.5
559.2	246.85
560.15	244.6
561.5	239.8
683.8	217
684.55	215.2
685.8	216.65
686.85	213.1
692.2	210.6
690.9	213.85
699.3	214.3
704.65	211.8
706.55	210.25
707.3	213.2
709.1	222.25
711.5	225.25
605.4	317.1
610.95	308.55
628.5	319.65
626.85	325.95
644.75	319
647.9	329.65
651.35	335.05
655.8	334.8
659.15	332
649.9	334.3
651.8	341.9
653.5	335.1
647.05	332.65
642.5	332.6
635.6	334.7
632.45	337.8
633.05	342.75
635.8	342.3
634.7	349.9
634.75	350.9
638.45	348.85
636.25	358.35
642.8	364.2
644.7	372.5
649.2	367.35
652.1	375.4
648.65	372.85
651.65	371.2
651.2	374.45
653.6	372
653.05	382.6
656.3	375.55
653.1	381.85
658.05	383.85
654.95	372.8
652.3	385.65
655.3	385.4
634.3	378.8
601.15	386.6
597.8	394.75
602.4	396.4
604.4	400.3
610.05	397.35
627.45	399.15
0	0
0	0
0	0
0	0
0	0
0	0
0	0
568.05	383.65
568.8	414.95
574.55	417.35
577.7	411.8
586.1	418.2
649.75	431.8
649.05	433.1
651.25	437.8
653.3	438.65
654.9	438.85
655.8	437.9
664.8	428.65
658.1	302.6
663.65	302.3
668.25	306.25
664.75	318.9
662.55	325.3
668.4	327.3
672.4	324.95
670.2	339.05
668.25	338.4
670.1	337.65
672.6	333.2
671.3	338.35
668.75	341.75
664.85	345.15
659.1	341.15
658.1	338.45
652.05	342.25
647.3	343.75
641.3	343.05
706.4	346
704.25	350.15
698.75	352.35
697.5	352.4
690	352.75
682.75	351.15
676	354.55
667.65	355.4
665.8	356.8
661.6	358.5
657.85	356.05
654.45	358.7
651.7	356.05
648.05	360.25
719.45	516.75
722.7	543.8
716.1	535.95
711.45	526.95
706.6	512.9
708.6	508.35
703.95	493.45
692.3	476.55
686.5	463.9
688.65	450.5
682.55	447.1
677.05	445.45
672	443.85
673.75	438.55
675.1	433.05
676.05	435
675.85	440.4
673.55	441.35
674.55	442.15
675.05	446.9
673	455.1
672.25	463.95
677.35	470.25
681.4	480.7
670.7	483.45
670.35	481.25
669.85	486.4
670.05	486.85
671.25	490.4
674.1	487.55
675.35	486.35
672.55	486.6
667.3	490.25
676.4	482.3
677.6	474.6
675.65	469.05
673.85	460
674.4	452.65
676.05	448.85
678.05	445.4
673.7	442.5
672.7	435.05
666.3	434
668.1	423.2
671.9	417.75
672.65	416.05
670	418.8
672.75	413.25
668.75	413.4
673.3	402
670.65	405.45
671.7	406.15
671.75	413.05
673	410.7
671.9	408.9
674.85	412
672.9	414.25
674.2	411.8
670.6	414.7
672.25	410.85
674.55	403.05
672.1	400
671.85	398.55
669.2	405.2
670.45	398.35
674.8	397.7
678.8	400.25
679.7	404.9
682.65	403.9
695.15	394.4
693.25	394.65
687.8	396.85
690.4	394.5
692.15	393.95
690.5	398.95
696.15	399.25
692	404.95
693.9	405.8
694.3	405.5
694.8	404.4
692.65	406.25
693.85	401.3
692.75	404.4
691	409.4
691.5	406.05
690.45	408.5
690.75	406.35
691.8	407.6
693.1	407.1
694.4	406
694.15	407.5
693.15	407.1
695.7	409.75
694.1	403.8
697.5	396.7
695.35	401.55
694.25	399.55
693.3	407.3
691.4	414.85
694.65	413.1
695.25	412.7
697.85	411.85
695.45	418.7
698.9	419.5
696.5	424.4
698.05	413.9
698.1	411.4
696.05	410.2
692.9	416.65
699.4	526.1
0	0
0	0
0	0
0	0
0	0
494.25	350.6
493.15	355.55
494.35	351.75
491.6	356.85
494.15	363.45
488.4	357.5
487.05	358.25
481.25	362.6
477.9	379.8
472.9	387.25
465.1	392.3
460.7	391.85
454.25	399.5
445.7	411.65
445.75	410.8
438.6	421.4
431.25	427
429.2	424.6
424.45	427.4
421.25	429.8
424.75	430.2
423.25	439.55
308.05	390.8
308.95	393.9
312.6	396.55
322.4	390.7
331.7	390.1
339.65	391.9
356.85	388.9
371.75	398.45
0	0
0	0
0	0
0	0
0	0
813.8	371.65
811.2	419.6
806	414.35
798.35	417.9
796.7	426.8
795.85	428.9
793.8	418.6
791.55	417.3
689.75	495.25
677.85	503.1
683.85	504.45
677.7	498.95
675.1	502.45
684.85	507.35
688.25	499.8
686.8	499.35
691.6	497.25
687.6	504.2
690.95	501.65
689.1	503.5
691.95	509.9
693.25	515
684.8	510.65
687.95	517.35
680.3	514.25
679.4	509.55
686.7	511.65
685.8	512.7
681.1	510.2
682.75	512.25
680.8	508.85
680.15	511.25
681.8	507.05
690.3	510.25
686.55	504.2
693.45	507.3
691.15	500.25
693.8	511.85
696.55	510.55
698.3	512.85
704.4	519.05
704.75	522.45
699.95	510.7
699.2	520.7
704.35	519.5
753.15	585.55
759.45	606.4
756.45	605.65
762.6	611.45
756.6	609.95
757.35	609.4
754.7	612.8
760.15	608.1
750	613.15
682.2	584.45
686.7	579.65
682.2	579.15
680.6	576.15
676.15	576.85
677.15	586.9
675.5	580.45
670.6	578.45
817	623.05
812.95	629.75
811.95	625.8
808.65	623.6
810.2	618.45
796.95	629.2
551.55	350.35
547.75	363.45
546.25	365.1
553.25	352.15
552.2	364.85
551.35	370
553	368
552.75	370.15
549.65	370.1
546.75	378.35
643.1	467.65
653	479.95
661.9	489.55
652.6	486.8
652.5	487.35
650.45	487.6
653.25	490.1
653.45	491.8
535.55	434.4
529.7	432.95
531.9	433.45
527.15	434.95
526.3	433
526.05	428.5
528.2	426.95
530.35	429.6
530.6	427.2
527.45	427.15
737.95	379.75
850.25	334.75
853.3	329.85
847.75	330.7
847.85	330.15
848.6	331.1
847.55	330.75
848.1	333.65
847.3	334.6
850.2	337.4
853.35	336.85
857.3	335
851.55	341.8
848.2	343.15
847.3	337.85
849.65	337.75
848.65	351.5
624.55	456.5
0	0
591.9	417.75
588	439.95
583.55	437.4
582.95	444.95
584.8	444.4
587.9	448.55
649	512.55
714.05	578.45
719.55	565.85
721.3	578.4
720.5	579.75
723.1	579.8
722.3	578.25
725.2	579.6
725.7	577.6
670	610.45
681.4	598.75
684.15	602.95
682.9	605
688.6	604.65
689.5	609.2
683.65	603.7
682.45	604.75
692.15	604.55
685.4	601.3
691.45	608
691.15	609.55
688.75	601.2
693.45	598.55
687.8	600.95
668.3	600.4
606.4	606.8
611.9	609.05
607.95	606.3
613.3	615.7
0	0
0	0
0	0
847.05	565.5
844.2	600.75
845.9	603.3
837.05	604.3
842.25	593.35
944.05	433.8
933.3	376.65
926.35	360.65
924.3	359.55
922.1	350.85
921.7	347.15
729.6	302.45
668.75	305.85
669.3	301.65
667.05	303.85
668	310
669.15	318.95
667.05	322.55
647.9	511.4
646.65	514.55
644.05	515.65
645.2	508.7
650.1	505.1
566.7	463.45
432.45	123.8
429.55	135.3
424.6	139.5
422.8	140.3
420.5	145.25
421	144.95
423.15	147.2
427.85	153.7
431.05	159.7
435.15	162.3
434.5	162.1
437.25	163.05
642.05	204.05
661.5	216.7
665.1	217.05
665.1	221.2
661.15	218.45
658.4	215.2
657.55	212.05
654.5	212.15
652.4	215.6
655.1	218.85
654.5	229.7
648.2	218
649.25	228.1
649.05	227.05
649.1	237.5
647.05	236.95
646.75	242.4
647.35	245.35
645.25	239.35
643.95	246.25
644.95	250.45
641.9	244.85
664.2	146.4
662.75	148.65
663.65	149.25
661.3	148.35
661.45	149.85
666.65	147.75
665.1	154.5
664.1	158.75
667.25	159.15
660.75	160.2
663.2	168.45
658.95	176.15
661.1	175.15
658.95	174.5
731.5	178.15
784.4	186.65
784.4	187.9
781.4	184.65
783.5	182.8
779.75	192.35
777.85	199.7
776.55	204.7
666.25	249.45
664.45	259.8
667.05	259.55
664.6	262.85
661.8	257.2
646.8	278.2
575.1	494.5
575.15	508.3
572.2	513.45
573.35	510.9
574.6	517.4
576.1	516.9
574.65	520.8
0	0
0	0
0	0
713.15	531.05
718.15	540.85
716.45	567.95
710.85	565.75
724.85	572.4
712.35	566.75
719.6	578.35
715.6	575.35
713.7	567.2
714.2	568.45
826.6	284.7
826.55	257.55
828.7	266.9
825.3	266.35
826.1	269.35
826.65	269.25
825.1	271.85
824.05	267.65
822.95	262.95
825.95	261.35
826.6	270
829.8	255.1
0	0
0	0
0	0
0	0
0	0
0	0
0	0
743.05	372.45
749	367.35
744.95	376.8
739	380.65
737.6	380.85
595.05	302.85
515.75	228.85
517.3	224.8
516.7	230.8
518.55	232.4
514.2	234
516.75	238.4
519.95	238.15
523.1	238.05
524.6	239.25
526.55	238.05
527.5	228.9
525.45	227.2
528.3	232.25
683.95	290.2
713.25	281.25
714	285
711.8	270.45
713.1	270.9
713.05	274.75
712.5	277.65
711.3	280.7
710.1	279.75
710.85	283.35
711	273.65
709.55	274.3
709.6	274.2
710.15	274.8
710.05	272.65
706.8	280.3
709.35	287.9
716.4	290.35
714.4	284.5
714.5	285.65
714.45	286.45
714.55	292
714.1	298.35
611.05	455.35
611.9	472.4
613.45	476.35
613.35	478.8
614.7	474.55
614.65	468.7
614.2	436.85
610.4	123
608	125.7
609.25	126.85
608.9	124.75
604.9	129.6
607.05	134.35
607.3	133.55
605.35	401.6
603.3	375.4
599.55	367
597.9	360.1
596.25	364.6
594.6	365.15
596	362.35
592.2	366.6
594.6	373.05
594.85	375.35
597.4	381.1
614.05	571.8
613.15	571.35
605.35	564.45
604.75	566.2
607.85	567.45
607.25	569.9
606.7	572.55
607.3	570.55
607.9	569.9
613.1	575.7
613.95	575.9
611.05	576.6
607.25	577.45
606.6	573.4
524.75	598.45
529.3	591.15
530.1	590.5
530.9	592.3
528.2	590.5
530.4	591.3
535.95	596.05
647.25	138.95
655.5	161.1
655.8	159.8
653.45	158.05
655.15	163
570.75	214.05
581.05	212.4
579.9	215.5
580.25	214.5
580.8	214.45
575.35	214.7
577.6	217.6
576.5	217.95
570.4	333.9
575.55	553.95
576.4	583.1
575.6	577
575	580.25
572.65	580.65
584.35	562.4
602.2	535.55
599.1	533.35
598.6	530
596.2	527.75
594.8	526.5
913.65	361.9
0	0
938.45	332.85
942.75	333.4
945.85	337.75
944.95	337.3
948.35	332.7
947.25	329.15
705.8	343.75
628.45	360.55
632.9	357.75
633.5	354.8
633.55	350.6
632.25	345.95
629.45	344.05
713.05	282.45
963.05	110.55
966.2	106.7
969.35	105.1
972.1	103.55
0	0
971.2	106.35
973.35	108.85
974.4	109.45
975.15	108.9
974.85	108.95
972.35	110.45
972.4	108.75
963.3	109.55
570.35	591.45
565.7	598.9
562.3	595.9
563.6	595.35
560.3	602.15
440.55	623.2
437.35	626.25
437.9	625.6
438.4	627.65
435.75	627.1
700.15	625.05
793	613.05
803.95	613
807	611.1
804.35	610.45
804.75	609.55
807.75	606.15
808.4	610.75
810.05	610.4
706.95	522
680.9	346.3
680.35	324.9
677.35	326.45
681.05	332.6
684.85	330.15
685.85	335.3
686.2	330.95
685.7	329.45
685.35	332.05
684.95	335.5
684	336.5
685.35	336.85
680.5	338.7
678.1	340.85
741.15	350.7
891	425.45
894.8	435.85
895.4	438.25
886.25	446.8
883.4	455.05
878.2	464.9
879.6	458.15
883.2	452.3
877.9	452.4
876.4	454.1
874.95	450.85
871.8	456.4
0	0
0	0
0	0
674.9	292.9
672.9	282.2
670.55	280
672.15	282.2
668.55	280.7
668.15	277.45
669.4	275.45
670.8	274
667.15	275.1
673.05	269.85
709.75	307.25
717.7	296.55
715.8	299.1
718.8	285.5
716	294.05
715.3	279.45
713.45	289.35
717.9	296.05
0	0
0	0
0	0
0	0
0	0
857.85	248.75
861.6	254
862.35	254.35
854.4	252.6
852.55	251.95
846.25	261.45
841.9	263.8
839.85	275.95
814.95	438.85
798.6	467.1
798	470.75
789.8	473.15
786.8	466.9
789.05	463.5
791.3	467.15
791.15	471.65
789.65	475.95
438.65	580.45
417.8	605.25
417.95	597.25
419.3	594.8
415.25	594.7
415.1	597.85
419.3	601.65
422.45	604.55
375.45	414.45
389.25	320.55
391.35	331.05
392.8	337.6
392.2	344.95
384.55	337.6
386.75	322.35
357.05	390.4
369	382.8
376.25	387.8
372.75	377.65
370.25	381.7
378.5	388.15
378.1	377.1
374.1	374.75
639.9	226.95
752.05	164.5
756.25	168.3
758.75	163.3
754.8	163.45
753.35	162.6
753.5	165.8
754.45	166.35
769.05	116.05
771	115.8
767.85	119.4
765.25	121.9
767.3	115.8
625.4	86.25
535.05	77.15
536.7	80.95
532.85	80.75
533.9	83.1
535	82.6
539.5	80.8
394.5	82.2
363.15	89.35
366.15	91.35
364.4	87.55
368.15	83
369.2	92.3
371.8	85.1
375.85	90.35
369.3	83.2
370.65	93.25
602.45	153.1
909.5	333.4
929.55	332.55
934.95	331.8
942.45	331.5
933.75	333.45
934.55	331.4
939.7	332.05
934.05	335
986.05	330.3
998.3	327.95
1001.35	323.4
1000.05	323.6
996.6	324
997.6	330.35
993.85	329.55
827.2	230.35
798.3	196.05
798.55	194.1
801.4	196.7
800	199.2
798.6	205.25
802.5	203.5
651.75	232.3
658.2	224.6
658.05	224.15
659.65	223.7
659.75	235.05
659.5	235.65
659.35	239.2
659.2	233.3
653	231.8
651.8	232
650.45	360.9
646.1	377.05
649.9	381.4
644.7	379.2
649.75	379.4
651.5	388.85
655.4	389.45
648.4	386.85
651.35	384.75
648.25	388.95
647	387.25
647.75	386.85
647.3	393.85
648.75	394.9
647.95	387.85
648.2	386.95
653.8	385.15
657.4	373.1
658.8	381.35
660.8	372
658.05	367.5
660.5	364.2
661.1	370.15
661.45	370.85
662.9	346.6
0	0
0	0
0	0
0	0
0	0
0	0
674.25	448.7
677.1	474.65
677.85	482.6
678.95	486.8
677.5	489.05
678.7	486.65
683.05	480.8
650.05	578.25
651.9	581.8
647.8	573.75
646.25	572.9
645.25	572.9
648.6	576.5
648.65	576.8
647.9	576.1
647.6	574.45
648.35	572.95
656.05	581.95
656.05	582.55
654.75	587.45
719.05	546.5
730	504.9
725.85	505.45
726.8	506
725	507.4
721.8	509.4
712.85	512.1
708.9	503.4
715.4	513.3
706.95	511.1
777.25	380.2
781.4	339.7
784.95	349.1
782.9	343.9
782.5	343.25
786	340.75
790.85	341.6
796.4	348.25
701.3	418.4
656.85	440.8
658.85	439.4
652.95	446.2
652	445.8
641.9	447.3
641.3	447.55
641.55	451.8
647	460.4
647.35	453.4
645.2	447.7
645.65	454.65
642.7	456.55
645.1	454.2
646.15	453
611.45	465.25
606.95	465.6
607.95	464.55
604.7	464.15
605.75	464.35
606.3	467.75
608	465.65
603.9	465.8
603.2	466.35
603.7	466.6
605.1	464.75
606.8	469.25
600.55	469.8
595.15	458.55
595.65	463.25
596.55	465.6
597.75	466.8
595.55	462
593.4	464.3
598.6	467.85
603.2	469.65
600.7	470.3
604.8	471.3
603.8	473.35
603.8	477.2
602.85	474.25
600.65	471.75
595.9	470.05
602.35	477.9
604.15	489.15
607.75	488.95
615.8	485.85
636.05	499.5
642.55	504.75
642.35	504
0	0
0	0
0	0
0	0
0	0
0	0
668.35	389.65
671.8	424.75
668.85	435.75
666.4	438
672.35	425.25
669.25	438.05
668.15	429.9
649.7	436
569.8	442.5
571	444.25
573.2	440.15
573.95	432.95
571.15	431.3
578.4	436.45
578.7	439.1
578.8	443.85
571.4	432.3
614.35	398.5
614.65	403.1
608.9	405.55
614.05	409.9
608.45	392.05
606.1	407.55
608.4	407.4
597.65	480.95
597.1	474
592.05	474.85
589.55	475.6
590.2	481
591.65	482.85
566.45	520.45
560.95	521.65
555.9	524.25
557.25	523.6
555.85	524.45
559.9	524.4
562	524.6
555.55	518.95
559.65	534.05
561	524.4
562.3	529.8
561.9	534.6
557	521.85
555.7	525.2
553.6	524.75
620.7	494.35
714.25	447.1
710.85	451.65
709.8	451.1
714.65	451
710.95	453.9
709.65	454.1
706.45	451.45
711	451.65
706.8	451.4
705.2	452.9
703	453.65
703.35	450.45
457.55	444.7
361.8	455.55
367.6	451.95
358.65	450.1
354.55	443.35
361.5	436.45
357.3	446.5
359.45	442.2
354.55	442.15
350.75	441.85
352.5	449.85
357.15	449.35
357.1	451.05
354.25	446.85
353.2	439.15
352.25	441.45
351.95	441.05
350.45	443.25
349.7	441.95
351.65	444.55
350.35	444.7
350.15	447.1
353.2	446
356.75	448.55
355.4	457.65
357.2	461.95
358.1	462.85
358.9	465.65
363.65	465.3
471.6	486.7
489.3	490.95
494.7	499.05
505.45	494.1
508.45	490.15
679.45	462.25
682.3	465.25
688.6	460.9
686.5	462.3
690.65	460.95
690.65	464.6
690.2	463.3
689.6	463.95
691.45	465.7
690.55	467.15
694.75	462.25
697.3	462.95
748.5	446
760	440.35
762.35	435.75
762.7	435.95
765	438.2
767.7	435.4
767.55	438.15
760.25	445.1
760.25	445.95
755	445.8
755.35	446.35
757.75	431.25
756.55	432.2
755	428.25
755	431.05
764.25	426.3
763.85	427
763.65	425.1
763.3	427.55
763.15	426.85
759.1	430
751.3	429.5
749.05	419.1
748.7	425.8
750.2	422.1
748.25	424.6
747.7	420.9
644.3	453.3
653.8	449.2
652.95	457.7
652.85	455.65
654.15	450.4
652.8	448.55
650.75	450.2
648.9	452.9
603	416.5
604.4	407.85
602.65	408.6
601.3	415.05
598.9	412.9
600.25	415.7
601.35	416.65
600.65	418.8
601.85	417.75
607.3	414.9
606.3	416.2
606.8	421.7
609.05	418.85
607.15	415.9
724.05	348.4
730.8	346.85
731.95	347.2
728.1	347.4
728.25	345.65
728.85	343.95
620.15	354.2
556.25	348.65
554.7	354.7
553.85	351.4
553.05	352.5
550.15	356.85
553.7	353.55
552.35	358.05
554.55	330
0	0
0	0
0	0
0	0
500.95	352
508.75	326.2
0	0
0	0
0	0
0	0
0	0
482.55	338.95
481.7	338.1
487.05	319.35
486.5	325.55
482.85	331.55
503.15	331
789.8	310.1
792.25	317.6
788.05	326
788.2	324.1
790	323.35
589.35	334.95
542.1	323.4
546.9	326.5
544.8	329.25
543.05	333.1
544.25	338.65
544.9	338.45
541.4	339.3
539.65	339.25
543.15	337.25
542.1	337.1
545.65	334.1
539.45	339.3
539.9	333.45
543.15	332.1
544.05	327.25
544.35	330.4
581.15	266.4
582.25	266.7
582.2	263.9
580	267.45
578.5	264.95
580.1	265.85
562.85	272.55
450.9	236
442.9	231.05
443.45	227.8
444.55	231.6
447.45	232.95
444.85	229.25
445	231.8
448.15	233.25
451.85	230.15
448.95	226.65
454.75	220.8
456.25	226.75
456.8	230.9
460.8	226.45
460.5	229.15
461.75	231.9
466.1	232.7
466.1	234.65
465.3	238.05
469.65	237.5
468.1	238.15
473.35	234.45
474.2	234.75
473.4	236.95
477.1	244.25
481.95	240.6
621.7	254.6
624.8	251.95
629.8	246.25
629.65	250.5
628.35	248.8
630.95	247.95
645.85	254.6
844.75	428.65
855.55	452
848.05	448.25
840.6	443.35
834.75	440.6
834.3	432.95
824.8	431.9
820.75	432.8
814.3	428.15
803.55	425
797	431.25
785.65	421.15
784.3	427.95
785	424.75
783.7	419.3
785.05	409.8
789.9	400.55
795.15	406.35
842.55	324.55
844.9	331.75
845.15	332.35
845.15	334.1
842.9	334.85
842.85	332.05
839.5	332.8
840.25	337.4
841.8	334.35
751.05	386.65
743.6	396.15
743	395.5
745.65	394.5
742.1	396.35
740.4	387.4
735.9	378
594.4	220.8
552.15	120.7
557.05	125.25
557.1	129.65
566.35	140.8
572.8	147.35
573.15	154.05
582.2	177.55
654.5	268.15
649.15	263.85
651.55	276.1
650.4	274.45
647.45	265.95
648	267.1
649.85	271.55
650.7	275.75
649.15	277.8
649.8	277.5
647.55	276.5
648.95	269.5
651.85	262
649.7	273.1
647.75	265.55
646.7	267.75
649.35	271.45
649.85	273.8
649.45	273.45
647.65	268.75
649.75	266.95
647.7	265.95
644.65	268.1
643.85	269.25
642.9	269.75
640.45	270.3
641	267.8
638.45	272.05
637.35	274.35
637.3	273.45
631.7	280.2
632.75	277.65
635.2	274.75
487.75	339.5
478.4	342.65
478.2	331.4
473.55	334.45
467.9	339.4
354.7	363.1
333.15	356.85
330.4	356.3
329.25	355.4
329	354.6
331.2	355.3
331.3	352.85
391.15	352.05
611.35	311.8
615.45	320.55
622.25	315.2
622.2	314.4
619.55	314.75
618.7	314.05
799.45	313.7
851.25	314.75
849.9	316.25
849.25	319.15
853	316.1
854.05	317.45
850.5	319.7
850.4	325.05
850.65	329.3
851.2	330.95
493.05	310.05
428.7	328.3
433.75	323.75
434.75	326.45
438.1	327
441.45	321.9
441.15	324.45
677.65	319.5
763.65	302.45
760.5	301.65
759.7	304
764.4	304.4
766.8	305.6
764.95	308.5
764.7	307.45
764.4	311.85
764.15	312.4
763.45	314.6
766.65	313.3
763.05	319.45
915.4	265
938.4	249
935.2	253.1
935.7	251.6
935.65	253.5
936.45	262.15
934.8	264.85
934.15	267.35
932.3	268.65
930.4	271.9
929.85	273.6
925.6	274.25
922.95	274.35
923.35	278.55
920.9	284.45
917.8	289.3
913.05	294.15
912.95	297.7
903.35	295
894	301.05
890.9	308.05
886.75	314.65
879.8	314.7
759.85	346.5
765.1	346.75
759.55	348.05
753.4	352.15
748.4	356.15
742.55	355.7
743.85	360.1
742.45	362.7
739.75	364.6
738.55	362.2
738	361.55
644.85	238.65
639.6	243.95
635.05	242.9
633.1	247.85
634	249.5
633.85	244.4
635.1	238.1
636.35	245.1
638.2	237.9
637.95	232.15
643.45	231.9
646.65	231.1
644.1	230.35
644.5	220.75
646.9	221.85
652.55	224.25
652.95	227.2
656.6	223.9
654.9	221.45
657.75	221.65
657	222.1
536.7	359.35
530.8	365.8
536.4	367.3
537.4	368.75
540.05	363.35
545.95	356.25
549	357.15
550.8	351.15
555.15	343.3
560.8	340.8
556.95	349.7
565.35	345.2
564.35	343.2
564	348.65
570.15	348
569.2	349.45
570.95	348
572.15	348.65
578.75	352.9
585.1	351.45
603.2	334.1
726.05	276.8
735.55	276.25
746	275.15
749.95	275.95
755.45	276.35
761.8	274.35
768.05	274.65
774.8	276.2
777.9	282
0	0
0	0
0	0
0	0
0	0
780.25	259.4
780.1	257.35
783.4	257.95
784.75	261.6
786.6	262.25
790	258.4
787.7	256.6
790.2	252
788.4	258.4
783.85	262.05
768.25	272.55
534.55	295.2
534.95	303.1
539.15	299.05
540.8	294.9
541.15	296.2
540.55	300.7
740.1	299.45
773.9	300.2
775.6	298.6
772.5	297.55
772.05	293.5
773.35	292.7
771.6	288.1
773.05	290.05
773.65	287.15
777.05	285.65
871	295.1
874.35	295.3
877.85	293.8
626.9	314.9
467.75	320.8
469.65	323.75
468.35	323.9
469	326
469.55	324.65
466.85	314.95
517.3	295
703.9	138.35
701.9	138
703.35	136.6
706.05	139.9
706.95	137.8
687.7	125.15
642.15	109.4
639.55	110.6
639.7	102.7
642.85	105.1
647.8	104.55
648.15	105.35
648.2	105.55
649.8	108.15
651.4	108.25
647.5	109.75
646.7	110.7
648.4	114.15
652.05	116.3
651.3	110
653	113.8
655.45	118.15
654.85	130
657.5	132.5
658.35	127.6
657.35	128.5
656.45	129.45
662.2	133.4
659.2	136.05
656.35	140.8
668.6	255.85
670.8	401.25
671.25	405.55
670.35	406.15
673.8	405.6
675.4	402.15
678.5	401.55
678.9	396.5
678.95	394.2
682.05	388.9
681.5	385.55
682.95	383.95
679.3	386.65
676.15	381.65
676.75	383.25
677.5	378.15
680	378.15
679.75	377.45
683.55	376.05
685.6	379.8
687.65	381.1
691.35	383.5
693.8	380.8
692.85	380.7
689.8	381.05
688.55	383.75
690.95	387.05
688.9	384.15
687.75	378.1
688.3	371.5
689.5	370
714.9	401.45
0	0
0	0
0	0
0	0
0	0
470.1	168.85
470.6	165.3
467.3	174.3
472.6	168.45
475.75	167
475.85	168.5
474.4	173.4
474.5	173.95
473.6	175.65
471.25	172.9
480.15	177.1
483.65	177.9
487.8	180.55
487.95	181.7
489.45	180.25
490.75	177.65
488.25	176.65
485.2	179.2
483.9	181.9
484.45	183.75
612.3	298.45
613.05	304.6
611.75	307.55
604.85	306
604.85	299.55
604.45	299.15
602.55	303
602.15	306.85
603.4	311.9
602.25	314.1
604.9	317.35
606.3	316.2
606.95	312.55
612.4	308.25
611.3	309.45
612.25	309.15
613.15	309.4
612.6	314.85
618	309.55
742.45	285
750.2	288.65
751.85	288.6
753.25	288.25
753.85	289.3
750.55	290.2
473	321.75
468.7	330.75
464.85	334.45
457.85	329.4
459.85	324.85
461.65	321.5
459.45	321.8
460.3	323.4
460	334.45
461.4	333.75
464.65	317
719.7	323.25
861.2	316.15
867.55	316.55
865.75	319.3
866.85	317.05
864.85	319.7
864.05	318.15
865.1	318.35
866.9	322.7
870.35	323.25
872.95	324.2
843.6	322.7
653.1	305.25
648.65	302.25
650.3	300.15
651.5	293.5
648.8	296.35
645.35	298.7
644	300.2
643.8	304.7
673.3	103.8
669.35	88.25
664.05	84
670.5	84.55
673.35	94.7
672.95	94.8
574.5	84.5
555.05	84.45
555	91.15
553.6	92.65
553.5	95.1
555.25	94.75
556.25	90.7
550.15	88.6
637.65	83.65
673	96.3
671.5	96.1
674	93.9
673.35	97.4
672.15	92.2
675.4	92.95
676.4	90
676.1	91
677.7	89.25
677.75	90.35
678.1	90.2
679.9	90.3
668.45	386.1
664.8	398.6
664.6	389.55
660.35	390.75
656.55	385.7
655.45	388
656.3	387.05
659.95	390.1
660.3	386.55
659.45	390.4
659.5	390.75
656.6	390.4
653.15	394.15
653.1	392.75
650.1	393.75
651.75	397
653.2	392.65
656.3	395.9
658	481.5
656.75	501.65
662	496
655.7	499.85
654.9	497.25
654.45	497.6
652.6	502.9
651.95	499.85
653.15	500.9
655.8	497.55
541.55	503.1
541.15	493.15
535.9	491.55
541.1	493.45
537.75	499.75
543.55	494.2
546.85	492.35
551.55	496.2
551.95	507.6
560.25	509
560.4	509.3
564.3	496.3
831.4	310.9
837.2	316.15
839.1	323.1
839.05	321.55
835.3	324.8
837	326.7
839.75	324.1
844.6	322.5
583.25	351.9
530.65	370.75
532.2	376.7
532.55	384.25
535.7	390.3
535.75	387.3
535.5	373
534.25	372.05
533.6	376.05
533.2	382.05
538.2	380.85
459.25	520.2
471.1	504
468.35	494.15
467.05	497.95
474.85	499.05
473.9	504.15
477.35	501.95
476.45	505.55
474.65	507.1
474.25	511.05
477.65	507.85
478.1	509.4
478.35	514.45
479.05	514.75
476.4	511.2
633.45	452.65
695.8	447
690.1	451.05
690.5	450.4
690.4	448.35
692	444.5
692.95	446.4
530.95	479.4
539.4	478.65
536.35	482.65
535.45	484.55
535.05	484.55
538	481.15
541.3	479
542.55	479.1
544.55	478
544.95	471.85
585	475.6
590.75	478.2
593.65	478.05
591.35	476
591.3	477.6
588.2	477.8
598.25	478.3
619.65	480.15
617.25	478.75
614	481.75
613.85	478.3
615.2	476.8
614.6	473.2
613.5	469.75
612.85	473.35
630.4	513.9
0	0
0	0
0	0
0	0
0	0
533.95	309.7
530.1	308.4
535.25	319.45
536.45	328.4
532.05	313.8
528.6	324.1
535.8	317.05
534.5	326.55
530	331.95
529.2	331.65
529.7	335.4
532.2	326.45
538.55	325.3
535.85	333.65
536.6	334.85
534.05	334.8
536.75	339.95
547.65	319
550.8	317.1
546.7	303.8
545.95	307.4
549.7	318.9
527.7	305.5
514.4	287.15
511.5	272.2
518.35	267.8
513.8	273.8
513.15	266.2
511.65	268.6
518.1	263.75
507.9	264.5
516.1	259.9
514.2	262.45
557.15	284.35
626.4	355.75
634.1	369.65
632.85	373.65
633.35	376.4
636.1	371.1
634.7	365.25
664.05	353
792.95	270.9
794.6	272.7
797.4	273.5
801.05	271.25
802.6	270.3
796.1	270
793.25	274.1
793.95	270.4
798.25	271.45
738.45	309.05
733.95	315.35
740.6	315.8
740.75	323.4
736.4	325.7
734.35	321.2
737.4	315.3
632.15	360
625.4	363.1
624.5	371.3
634.1	376.65
624.85	370.25
630	374.7
633.85	373.45
633.1	373.55
630.05	369.55
829.85	299
889.9	273.95
890.7	287.3
897.65	290.45
898.25	288.35
896.8	287.9
899.5	292.05
898.15	295.65
742.6	356.45
737.2	363.15
742.8	373.45
736.8	375
732.7	372.75
731.6	367
730.05	367.55
738.35	373.7
734.45	374.95
735.6	374.5
737.25	369.5
738.8	365.65
731.3	372.7
837.6	377.95
850.75	376.6
849.65	379.65
848.05	381.9
849.1	378.05
852.35	375.5
853.9	382.1
961.5	391.9
989.5	381.05
989.55	379.75
991.1	379.2
991.55	382.5
994.7	377.2
997.35	378.55
998.4	374.1
946.95	383.1
679.6	348.55
686.1	344.95
680	348.7
684.45	348
685.35	344.6
683	343.95
685.3	346.55
686.3	353.1
772.4	356.45
769.85	358.05
770.4	362
768.2	360.7
768.95	362.05
769.45	365.45
771.9	366.3
773.25	362.2
645.75	394.1
637.85	399.55
639.4	398.05
635.45	398.2
634.5	399.55
636.25	402.4
637.1	405.95
639.8	398.85
642.2	399.2
707.35	385.45
708.05	390.8
708	387.15
703.4	388.85
702.8	390.9
707.85	391.75
703.05	389.65
700.8	391.8
701.25	393.2
698.3	400.05
696.85	391.25
691.3	396.75
694.4	393.15
695.05	391
695.2	393.3
696.35	391.75
513.75	266.9
510.3	278.7
517.9	274.45
524	276.65
528.3	273.5
533.9	276.95
538.5	278.05
543	275.1
543.3	277.85
542.8	279.7
702.7	375.1
712.6	386.1
714.45	383.6
711.7	381.1
709.75	375.55
708.05	373.7
599.1	347.7
559.95	319.8
561.8	318.8
563.25	323.35
562.95	331.05
563.55	340.2
570.7	353.15
572.6	364.4
572.6	363.25
574.95	361.4
574.8	364.6
576.75	366.1
575.35	369.8
573.65	370.45
574.1	371.8
577	372.95
579.05	375.95
0	0
0	0
0	0
0	0
0	0
708.7	225.7
708.05	249.75
705.05	249.3
686.55	247.75
286.55	506.05
301.65	506.8
297.6	497.35
291.65	495.05
292.75	490.55
293.8	483.55
293.55	490.1
294.3	487.15
295.55	487.2
295.3	490.1
296.1	487.95
305.85	487.2
461.8	498.5
467.25	507
472.55	512.8
479	512.05
476.7	515.45
481.95	516.45
480.25	520.4
477.2	519.9
476.45	527.7
475.45	524.55
470.2	526.7
475.05	528.3
471.9	529.4
471.15	532.05
473.8	528.7
471.95	531.35
473	536.75
500	524.05
650.25	338.45
655.65	338.8
657.9	344.35
657.25	345.4
655.75	344.6
649.35	351.05
644.45	349.85
639.8	355.4
674.1	367
804.35	415.6
792.3	425.3
776.3	424.85
761.75	419.85
742.1	421.45
728	424.15
711.7	425.45
696.75	429.85
692.5	418
683.9	416.35
673.3	423.2
662.25	433.8
654.9	431.45
649.6	429.25
647.85	434
644.45	433.75
642.25	430.5
640.75	436.65
642.25	442.1
645.55	443.8
646.1	445.5
648.65	435.15
651.45	431.6
645.45	510.65
650.3	590.55
657.75	590.8
655.95	591.1
659.3	590.1
662.35	593.05
665.6	589.55
668.55	584.35
672.3	580.85
676.65	577.3
731.35	493.05
725.35	501.15
726.1	499
731.85	490.5
739.85	485.65
737.9	490.3
737.8	494.45
742.4	494.4
747.9	493.85
751.85	494.55
734.75	444.35
740.95	433.15
747.4	428.95
746.95	431.3
747.85	433.85
748.5	433.5
744.2	436.6
744.5	436.15
748.1	433.25
590.2	393.05
484.1	393.6
484.85	386.75
480.35	398.4
489.15	389.05
488.75	382.6
486.2	387.9
489.35	394.45
781.45	264.15
779.05	265.5
775.65	270
777.5	274.5
775.35	273.7
863.1	569.6
0	0
0	0
0	0
0	0
601.4	257.5
599.2	261.05
600	260.25
602	260.3
600.4	257.5
601.55	256.75
797.05	276.15
810.4	281.45
810.6	277.55
810.3	276.25
812.25	277
809.2	277.3
811.85	276.5
814.25	275.4
670.2	491.05
640.55	512.65
638.25	510.1
637.25	505.15
635.75	508.75
637.4	510.65
637.95	514.05
641.4	512.75
641.45	509.5
637.7	513.8
638.4	513.3
641.95	510.35
615.9	494.75
616.25	498.25
615.2	498.45
618.05	497.3
614.45	499.8
692.75	503.55
701.95	504.9
704.55	504.75
705.5	501.4
705.25	502.75
705.9	499.1
704.5	498.05
659.35	492.65
663.4	493.75
661.4	493.95
662.05	500
662.15	490.5
661.1	489.45
658.75	487.85
657.95	490.4
658.4	490.05
678.5	489.1
714.05	487.8
710.3	489.55
712.7	487.15
713.5	486.55
716.2	483.9
715.9	485.4
714.45	486.75
687.7	486.65
693.75	478.5
689.3	482.3
682.15	483.55
680	483
682.35	481.55
684.55	481.65
681.4	488.55
676.1	490.35
679.15	487.6
683.05	479.8
680.9	479.65
683.1	488.85
683.85	493.15
688.75	480.3
687.4	482.15
630.85	472.9
633.9	476.15
635.85	477.3
635.2	479.05
632.7	477.95
660.65	474.25
696.6	473.6
697.75	485.45
694.45	483.65
697.7	472.2
695.15	481.55
696.15	475.1
696.55	472.25
698	475.2
696.9	481.05
697.65	475.7
770.55	470.8
766.45	471.25
764.2	473.2
763.5	477.6
769.8	473.3
767.05	474.4
622.95	470.55
584.1	465.55
588.05	472.35
587.35	467.25
590.3	477.2
590.1	477.5
589.55	471
601.85	476.65
595.7	473.65
594.9	476.8
594.35	477.65
765.15	337.65
799.65	301.7
798	306.7
798.7	302.9
799.05	303.4
800.8	301.7
800.8	298.3
796.5	301.2
797.1	295.5
800.65	295.3
798.25	299.85
796.4	293.2
793.8	295.65
773.1	322.5
708.95	387.75
703.75	394.65
