643.3	365.85
644.5	363.3
651.5	366.15
650.1	375.35
652.1	378.9
652.35	378.95
653.3	376.25
788.55	342.05
791.25	327
791.45	329.2
789.7	329.05
790.95	325.25
789.45	328.05
789.1	329.55
787.55	329.45
786.45	326.85
785.55	330.9
0	0
0	0
0	0
0	0
0	0
0	0
736.4	347.5
732	357
721.45	360.4
725.75	366.45
721.35	368.85
718.2	363.75
717.2	360.3
722.7	356.55
723.15	347
722.45	349.95
724.15	350.05
727.95	352.75
724.1	354.3
719.55	353.85
719.15	352.35
719.5	353.55
717.1	361.05
715.2	365.35
722.25	363.4
723.85	358.45
722.35	353
725.1	347.7
731.5	342.85
737.95	338.1
741.3	332.9
745.55	325.7
750	317.05
756.5	315.3
401.9	313.7
0	0
0	0
0	0
417.6	296.8
420	299.25
422.55	300.15
422.05	303.85
429.55	297.25
430.7	297.7
434.4	293.75
440.1	288.9
445.1	288.9
449	294.45
451	288.35
513.25	273.2
507	263.9
512.2	264.7
522.35	265.3
528.8	265.4
538.25	265.55
546.95	263.35
557.65	261.8
563	260.15
566.05	260.55
577.15	260.7
580.35	256.75
586.5	255.85
592.5	252.4
600.5	255.45
607.75	254
612.1	250.6
617.2	251.7
619.5	249.75
621	246.75
622.55	246.35
624.65	247.55
505.95	314.05
510.4	308.95
512.05	320.3
515.05	322.8
303.45	330.2
311.6	332.95
312.8	333.9
313.95	335.4
314.5	337.35
313	334.45
626.35	339.85
719.55	322.15
721.85	324.15
724.25	337.1
0	0
0	0
0	0
0	0
0	0
868.8	337.5
872.55	331.05
877.05	328.25
864.65	333.95
871.4	338.8
621.1	394.2
625	392.45
619.35	391.65
621.85	394.4
624.1	388.1
628.15	387.6
634.1	387.9
632.5	387.6
631.4	395.05
628.4	398.35
629.85	402.1
629.6	404.7
629.4	401.25
627.05	407.05
626.15	406.05
624.2	405.5
556.15	387.65
554.5	381.65
552.45	378.9
547.05	380.6
0	0
0	0
0	0
0	0
0	0
0	0
811.7	356
806.35	364.3
802.35	361.2
809.45	370.65
809.4	368.2
807.25	360.65
803.1	365
804.45	364.25
809.6	361.75
812.2	364.75
758.1	362.9
579.2	357.8
572.55	351.2
565.95	344.55
566.05	342.65
569.15	352.4
569.7	357.1
568.25	352.9
566.45	356.3
568.25	360.9
570.3	357.1
560.65	376.95
569.75	515.7
562.15	507.7
555.5	499.1
554.45	494.15
555.2	493
553.65	490.55
552.55	490.85
550	485.15
548.5	482.95
548.85	480.7
546.3	479
542.85	475.85
544.4	475.05
543.5	477
546.3	479.3
545.4	482.9
545.9	482.5
545.45	487.2
544.8	484.95
548.9	485.4
554.05	484.9
559	485.55
564.5	481.55
570.8	479.05
580.65	477.7
502.8	382.15
514.85	370.65
521.2	370.2
523.95	371.3
525.75	366.15
530.4	362.45
534.35	361.9
536.55	361.9
538.95	361.15
541.95	363.5
545	362.8
548.4	358.2
550	356.85
549.25	361.85
546.6	364.8
545.95	370.55
545.55	368
546	365.95
545.05	365
542.85	362.15
542.95	368.15
545.9	365.75
545.85	368.4
609.15	383.3
841	422.45
848.15	418.05
854.7	414.35
859.5	413.95
862	412.8
862.7	412.2
862.3	413.4
866.9	417.3
867.7	417.55
867.55	416
868.4	413.65
869.45	403.9
868.7	403.25
741.95	377.4
699.3	303.75
694.3	302.65
693.25	303.85
691.75	304.25
693	305.65
691.85	307.2
693.55	308.2
691.55	306.2
654.9	327.35
448.25	326.3
409.1	324.15
405.4	324.25
402.4	333.25
402.65	334.95
400.55	332.6
810.3	320.85
799.45	321.85
796.95	322.7
796.45	321.95
796.3	322.8
796.45	324.5
795.05	322.85
793	322.7
795.25	321.1
563.6	385.95
578.4	387.35
574.1	388.85
0	0
0	0
0	0
0	0
0	0
0	0
737	386.15
734.55	389.4
732.4	391.1
738.5	387.3
737.2	390.5
746.7	395
741.5	398.55
733	394.2
731.45	396.05
729.85	392.9
733.7	395.65
737.9	397.6
740	396.05
584.25	412.15
586.65	400.2
587.6	404.75
585.2	404.3
588.5	403.8
590.7	401.8
591	401.9
591.8	401.5
594.2	402.5
594.1	397.75
594.2	400.55
592.6	400.5
594.45	403
591.9	401.15
594.2	407
592.15	409.55
591.3	411.4
636.4	407.3
869.25	351
870.9	353.4
871.1	357.65
871.3	353.55
869.85	358.35
869.2	361.15
870.35	362.95
872.45	364.9
872.7	366
877.35	369.65
882.25	368.25
885.1	369.25
884.4	367.75
886.3	368.7
889.65	371.4
889.2	369.2
890.75	356.1
954.8	391.95
957.25	389.2
955.95	386.75
962.2	386.75
962.2	383.6
783.15	391.2
544.75	393.25
533.55	386.6
533.05	384.05
533.25	383.05
566.25	283
555.6	241.1
557.35	245.6
558.05	237.65
562.8	226.75
566.4	218.1
576.9	223.9
578.15	221.65
582.05	220.5
581.4	224
583.55	217.85
584.15	209.15
584.3	208.75
583.55	203.15
590.45	204.2
452.05	217.2
336.45	203.05
336.6	201
343.55	200.55
351.85	198.4
357.95	200.5
369.5	194.7
375.7	194.75
386.85	199
394.6	201
400.25	203.35
406.75	202.65
414.95	201.8
424.6	208.75
430	208.15
435.55	209.2
440.6	208.95
444.2	210.1
457.9	210.15
686.75	336.7
701.6	333.3
712	329.15
722	334.55
727.5	334.7
733.45	337.1
736.9	339.9
742.35	338.7
746.15	341.65
747.85	344
743.9	347.35
523.25	324.05
523.5	324.9
526.4	333.15
521.65	337.35
0	0
0	0
0	0
0	0
0	0
689.65	333.55
694.5	333.7
695.35	320.5
697.5	327.25
700.4	331.1
700.85	321.8
692.8	321.2
694.7	327.75
700.8	331
703.15	332.5
530.1	338.85
489.9	326.1
487.55	323.7
488.25	335.2
493.15	335.1
497.4	338
827.4	340.85
865.05	325.85
866.7	329.55
864.15	331.05
863.45	327.95
865.25	322.35
867.95	323.15
868.75	323.85
863.7	332.2
865.05	328.65
867.1	325.75
866.45	323
867.75	321.9
867.95	321.9
869.15	322.55
832.85	322.6
415.85	343.8
423.45	342.1
420.3	352.9
422.45	354.35
0	0
0	0
0	0
0	0
0	0
0	0
0	0
496.05	353.05
495.95	364.4
483.4	351.3
481.75	358.95
485.6	350.75
491.25	352.6
494.2	350.1
497.6	357.2
497.1	360.2
627.95	340.05
626.65	334.25
628.4	337
628.9	333.85
630.2	334.35
633.7	336.4
633.85	334.55
631.65	334.25
630.95	340.35
630	338.4
630.2	337.35
629.25	340.9
629.4	339.7
625.9	338
624.35	338.05
626.35	339.05
628.3	338.9
629.6	336.3
630.35	334.95
672.1	352.95
786.3	408.9
791.05	406.65
790.35	400.15
788.1	390.6
782.05	388.95
778.2	377.05
771.8	373.7
772.05	381.1
762.7	378.45
759	374.8
754.8	373.4
747.8	369.65
661.1	344.3
653.5	338.75
653.25	339.25
649.85	333.25
648.35	328.45
647.65	324.55
645.1	322.25
643.05	320.25
638.95	311.85
631.6	310.65
626.4	306.85
619.25	303.95
615.5	299.1
615.2	297.9
608.5	295.6
603.9	294.95
601.3	292.95
598.9	293.7
595.65	291.7
592.15	288.15
590.3	284.5
591.6	285.9
591.35	281.6
586.65	280.9
585.45	278.65
584.7	280.15
581.15	281.3
578.5	279.8
579.25	276.65
563.75	452.2
0	0
0	0
0	0
0	0
595.7	281.6
598.9	278.9
594.95	280.2
603.15	276.9
603.8	268
610.4	268.5
611.5	266.95
616.25	264.05
612.5	256.8
611.5	260.85
614.8	263.45
618.85	262.35
611.15	256.3
609.65	247.75
608.5	246.15
609	246.1
608.4	250.15
610.4	250.8
607.25	248.15
671.65	596.6
661.55	637.45
659.55	633.8
662.7	630.7
665.45	624.65
667.3	621
629.05	559.9
626.5	375.05
625.25	383
623.75	376.5
626.65	373.65
611.6	326.75
618	313.05
618.35	318.75
618.8	318.3
616.6	317.2
615.2	317.15
615.65	315.25
615.3	313.2
615.6	312.65
612.5	314.15
612.45	315.3
611.65	317.4
613.7	315.25
612.05	312.85
612.1	311.1
618.95	311.05
624	308.2
629.25	309.6
628	305.8
630.65	303.6
626.3	306.3
615.95	304.75
609.55	306.2
610.1	306.75
612.05	304.5
614.3	296.8
617.95	293
624.35	292.15
627.8	295.8
629.55	297.95
633.65	296
632.5	299.3
632.8	285.75
633.75	286.5
631.65	273.7
637.15	289.1
632.25	289.3
619.7	313.5
621.9	312.1
621.9	308.95
621	292.4
621.7	299.5
622.5	282.5
625.55	299.75
629.45	281.6
630.75	303.7
631.8	305.55
632.5	307.4
635.55	310.75
633.25	311.45
636.65	308.35
635.65	308.05
633.2	298
749	179.45
748.4	217.2
747.55	217.9
753.55	231.55
755.35	258.4
754	261
756.15	257.95
753.15	256.6
754.4	250.2
756.35	253.05
759.2	256.9
739.75	215.25
617.35	98.9
616.25	120.25
0	0
0	0
0	0
0	0
0	0
592.9	168.8
602.6	149.05
597.85	153.6
599.45	171.15
596.95	170.85
600.8	190.5
563.75	269.85
561.8	267.05
559.75	275.1
562.35	283.4
718.95	334.2
1021.35	459.35
1026.05	460.2
1019.9	450.7
1026.5	464.3
1025.35	472.05
1025.15	476.95
1026.1	475.8
1023.8	487.45
1021.9	491.15
846.55	377.8
684.8	239.4
675.15	248.65
673.35	244.9
669.75	246.1
672.25	256.4
664.55	255.95
665.55	258.05
663.2	253.95
662.25	250.45
663.65	251.25
661.2	251.6
664.8	258.8
663.1	251.15
660.75	257.7
663.95	259.35
659.5	257
661.15	262.65
658.8	261.35
660.75	264
662.1	265.15
661.3	267.85
665.65	265.3
666.9	263.6
667.8	265
665.65	263.75
663.4	269.25
664.95	262.8
645.3	258.25
457	342.35
444.75	334.4
440.4	335.55
440.6	336.3
440.2	342.75
442.3	339.2
438.55	337.1
442.05	335.55
442.55	335.45
441.65	333.95
441.15	334.05
440.4	334
440.35	336.6
440.95	337.35
438.1	339.4
438.75	339.5
438.65	339.75
438.65	343.3
435.2	347.6
433.75	340.25
429.55	344.55
429.7	342.75
428.7	341.95
429.7	342.7
427.45	344.05
424.5	347.25
424.5	348.1
423.3	343.45
267.55	284
267.25	274.95
265.2	270.55
264.65	272
265.1	268.4
480.1	225.1
484.5	221.35
488.9	222.95
490.7	218.7
489.5	218.6
488.05	217.7
484.3	214.65
478.7	215.9
484.05	222
490.25	219.9
491.35	218.8
41.6	171.55
34.75	162.2
41.55	166.5
41.85	171.05
51.1	178.35
50.25	176.8
48.95	171.7
54.5	170.55
55	164.3
61.8	158.7
69.5	165.85
76.25	171.65
80.8	174.65
84.7	179.3
94.2	187.35
100.65	199.55
103.2	202.6
106.25	199.4
107	197.1
106.15	196.9
106.05	195.8
107.65	202.8
297.9	265.75
502	342.8
516.3	349.35
525.05	351.95
533.85	352.45
535.75	353.05
539.7	340.85
543.65	336.85
547.7	339.8
553.15	346.35
0	0
0	0
0	0
0	0
0	0
635.85	352.05
641.35	341.75
648.3	345.35
633.25	341.25
632.5	354.55
634.9	352.8
643.25	347.1
643.85	352
643.45	349.4
654.05	352.2
654.85	352.15
655.35	356.4
751.55	309
746.95	319.2
749.2	316.3
749.3	319.25
746.1	319.65
746.15	310.9
748.75	308.1
747.95	307
748.95	309.05
748.2	307.5
751.35	305.55
752.6	301.55
753.3	300.1
752.65	297.55
753.2	295.8
754.1	294.8
753.9	293.35
751.4	294.9
749.85	292.3
744.9	292.95
613.25	299.85
573.4	291.3
573.4	294.85
573.55	285.75
574.6	284.2
576.35	291.5
578.15	281.55
577.2	291.25
577.7	289.15
574.7	290.75
573.1	293
571.25	288.05
569.55	286.65
571.6	285.15
568.2	284.4
568.2	282.7
565.7	283.05
561.1	282.15
558.25	282
559.8	286.35
558.6	282.55
559.7	283.05
561.65	287.85
810.15	269.35
776.4	266.95
751	259.95
737.05	260.1
723.15	261.65
658.75	263.05
533.1	266.15
520	258.25
510.75	261.2
504.3	263.3
494.6	264.7
488.8	264.95
432.85	273.75
352.8	306.3
348.8	304
342.75	299.55
456.2	316.4
719.8	322.4
749.05	317.65
750.95	320.85
749.8	326.65
751.6	328.4
743.5	319.4
740.95	322.9
741.6	324.05
740.3	323.7
737.9	322.25
738.7	326.35
736.2	316.8
737.1	315.9
734.8	312.85
736.8	311.9
733.7	328
735.7	322.4
734.5	325.5
730.3	334.65
0	0
0	0
0	0
0	0
0	0
0	0
750.15	262.75
747.35	274.1
745.15	263.45
755.6	269.25
358.8	305.05
379.85	308.55
371.7	301.8
383.75	316.35
377.9	331.7
621.8	344.5
630.1	339.6
631.5	337.1
637.75	345.25
636.85	356.7
635.2	360.2
640.55	371.5
640.4	352.95
644.1	365.2
643	362.15
646.15	349
899.2	360.5
882.8	346.2
884.6	346.35
886.45	346.85
885.05	336.1
888.5	334.9
889.5	335.55
893.2	325.95
891.8	332.9
871.1	287.2
639.45	224.25
645.2	227.35
639.2	199.25
643.3	220.8
636.05	227.5
599.2	109.1
602.15	97.75
597.55	99.75
597.5	54.5
599.05	84.6
600.35	78.95
595.25	78.7
540.85	48.5
550.45	52.3
545.9	30
547.45	54.05
546.15	48.95
543.25	20.9
0	0
546.1	42.05
542.1	35.15
696.6	79.75
684.4	105.05
688.95	87.2
682.4	144
678.3	158.15
673.5	172.3
673.1	182.3
679.05	175.7
673.9	164.8
680.75	163.3
683.65	163.15
691.3	158.7
782.45	250.4
770.7	238.05
771.55	245.5
768.25	242.95
769.05	246.05
767.55	242.4
770.55	241.9
768.95	243.55
767.3	241.6
771.9	240.05
770.1	245.35
770.8	249.55
768.8	246.85
773	252.75
772.9	250.35
771.45	251.35
774.8	249.25
767.3	248.75
638.3	144.85
644.4	143.6
643.55	155.85
643.15	163.65
642.2	152.5
640.85	142.9
643.5	146.8
561.6	153
563.15	152.85
564.8	144.15
564.9	142
560.9	154.15
566.6	153.05
568	157.7
567.2	160.95
567.9	157.2
585.85	184.85
731.6	313.95
727.7	315.7
726	322.15
725.85	325.95
719.5	327.05
715.05	326.4
711.25	321.2
707.4	323
704.35	322.65
704.1	320.3
699.4	323.3
697.8	319.7
696.7	317.95
694.35	317.05
695.35	319.2
697.1	326.3
695.1	318.2
695.45	318
701.25	320.15
705.2	322.2
705.45	316.9
705.85	318.35
709.75	320.9
710.05	320.3
708.95	316.4
713.25	321
709.2	312.65
885.6	315.8
889.6	316.75
889.05	316.45
890.35	321.65
892.65	325.55
891.7	326.55
888.85	328.55
0	0
0	0
0	0
0	0
0	0
0	0
515.5	375.35
518.75	389.35
521.55	393.4
522.75	370.05
523.55	389.05
528.7	395.8
529.9	376.5
525.25	379.95
1030.8	377.85
967.75	375.65
974.4	369.25
979.2	374
979.45	376.75
977	375.15
976.1	375.25
971.85	375.65
971.75	376.65
451	283
483.4	278.95
477.75	274.25
478.5	285.3
474.6	284.9
473.05	285.55
251.6	277.1
256.1	272.95
254.6	270.8
255.9	271.8
251.9	266.95
256.15	268.55
257.45	266.4
258.2	271.85
257.65	272.6
612.8	301.85
601.95	293.8
606.95	284.5
614.05	278.1
613.05	275.3
699.6	261.45
660.5	247.7
657.6	248.3
660.2	248
661.8	248.65
666.1	248.05
671.9	247.5
671.6	247.25
414.75	308.7
346.95	318.65
339.05	318.1
337.4	318.5
335.75	316.6
334.2	312.9
335.15	307.8
338.8	308.2
341.35	315.6
343.95	317.05
343.8	318.7
345.85	314.8
346	313.4
346.25	314.25
347.65	313.7
349.55	309.5
352.65	311
129.5	300.45
172.25	301.7
172.8	300.9
168.6	295.55
0	0
169.25	294.9
170.15	298.25
170.25	295.3
546	291.7
617.15	289.95
622.35	294.8
628.45	295.45
634.4	299.7
635	303.55
636.35	306.05
638.15	307.8
638.15	306.85
637	308.75
637.3	311.6
638.55	310.65
637.85	313.1
621.8	312.05
462.25	301.65
455.95	294.55
457.75	300.65
456.65	298.4
454.45	296.7
455	286.95
452.55	286.8
450.6	291.8
457.8	418.75
456.15	421.35
453.7	422.65
451.35	471.8
0	0
0	0
0	0
0	0
804.65	445.5
800.45	433.8
799.75	458.55
801.45	444.1
798.4	448.9
807.45	460.25
810.2	456.3
650.35	295.45
632.65	284.2
635	282.95
631.05	284.9
624.7	283.4
628	283.1
362.15	275.9
355.4	280.05
352.55	282.3
349.4	280.65
344.2	271.75
342.7	267.05
343.45	270.15
777.85	285.5
771.85	274.85
772.4	278.55
776.4	276.55
777.9	276.9
776.6	277.6
883.4	256.1
884.25	260.55
885.3	258.75
888.35	255.35
889.55	255.05
601.5	362.4
606.7	362.35
605.1	356.95
607	350.4
606.75	352.25
606.55	354
606.65	355
609.2	350.4
609	350.1
612.15	354.75
417.35	432.45
341.45	466.45
298.75	571.85
320.35	482.1
330.5	463.85
334.3	465.75
334.9	467.5
333.6	468.6
641.35	479.05
805.7	452.4
809.85	453.25
814.1	455.2
816.8	454.6
817.2	456.15
819.35	456.5
819.35	460.3
567.5	461.7
591.55	458.15
588.2	458.4
586	461.7
350.35	335.55
347	300.45
347.6	293
346.75	292.45
347.3	293.4
347.85	296.1
349	298.05
353.95	310.45
0	0
0	0
0	0
0	0
0	0
737.7	292.15
738.35	293.35
729.55	289.9
729.75	287.85
736.8	294.25
729.25	291.25
724.25	285.35
726.7	289.75
730.35	294.7
730.15	293.05
733.5	286.3
735.1	284.55
734.55	283.65
736.95	284.85
717	279.65
680.9	254.4
680.65	251.15
685.1	253.55
688.95	250
689.15	257.65
688.3	260.75
688.1	262.9
689.55	263.55
695.8	268.2
705.2	264.95
572.75	341.85
586.7	338.45
599.65	342
608	340.5
615.35	343.35
616	346.85
618.95	348.3
617.9	350.85
615.5	348.9
612.35	349
606.65	349.1
601.75	346.4
599.05	348.95
588.7	347.95
588.1	347.1
589.4	350.2
589.65	345.85
593.35	349.1
594.95	352.25
598.5	356.1
601.9	355.5
627.05	358.65
727.55	373
734.85	375
735.8	377.15
737.95	375.75
739	376.4
740.45	374.85
741.85	375.3
739.75	371.7
735.9	373.7
526.05	372.45
537.55	374.05
534.25	375.55
533.15	375.4
531.55	375.1
532.45	376.5
533.5	379.05
537.25	379.05
541.3	380
547.75	384.3
554.4	384.9
557.5	384.7
561.3	387.1
564.45	387.15
568.65	388
568.35	387.75
568.25	385.75
590.05	377.85
611	277.3
612.65	295.55
610.8	304.45
612.5	311.3
611.55	307.7
614.85	303.9
620.15	316.65
619.85	322.35
620.9	319.65
622.25	319.55
628	325.6
626.4	333.75
624.45	344.25
0	0
0	0
0	0
0	0
0	0
638.95	309.6
644.25	311.4
643.85	305.65
647.65	312.55
643.35	311.65
642.9	300.5
643.5	303.15
641.2	317.9
636.7	317.55
632.2	311.4
629.35	312.65
626.65	315.9
627.5	327.85
713.2	350.8
715.8	359.2
711.85	362.7
708.85	367.75
703.15	371.05
695.7	372.3
688.75	374.7
681.85	373.8
672.5	369.8
667.7	369.15
659.35	367.2
654.7	369.4
651.75	371.6
651.55	366.5
647.9	367.45
648	368.8
640	367.55
753.6	509.25
757.35	495.8
751.25	484.1
746.2	477.8
745.85	471.35
741.8	462.05
738.85	451.7
733.2	445.75
725.45	442.8
725.4	438.65
630.95	421.55
633.65	413.05
635.45	406
632.85	406.75
634.35	411.25
634.35	416.25
637.65	418.4
636.6	414.65
630.2	415.55
629.3	422.3
631.55	431.9
630.1	435.6
631.7	440.75
636.65	437.5
638.7	435.15
636.6	437.15
635.95	433.05
634.85	432.4
636.2	436.8
638.3	440.8
638.55	439.25
637.9	436.6
640.4	435.3
642.45	428.6
642.85	424.5
642	421
644	418.25
641.6	413.25
641.95	406.2
642.3	404.3
640.3	394.7
642.35	388.7
641.15	385
642.4	384.55
642.3	382.9
642.7	374.2
647.35	372.05
651.2	376.75
652.05	382.15
653.15	386.65
648.9	386.2
643.1	379.45
644.7	378.2
642.85	373.55
644.4	379.3
643.5	380.3
644.25	380.05
645.4	374.85
640.7	374.5
641.75	379.3
642.75	379.2
640.65	387.65
0	0
0	0
0	0
0	0
0	0
718.9	407.85
725.3	408.9
734.15	402.15
731.25	406.15
730.95	409.2
735.25	412.45
736.3	413.75
736.9	406.25
732.55	398.65
726.25	398.4
720.55	405.55
714.6	411.25
714.2	408.3
630.7	438.15
652.25	446.55
651.75	438.6
651.75	438.85
654.55	437.6
653.5	440.4
656.05	441.55
656.65	440.3
656.4	440.85
654.15	442.65
660.05	442.65
658.8	439.5
655.1	434.05
658.7	441.6
663.85	440.25
664.75	443.25
665.8	441.4
663.45	438.35
663.55	438.25
666.2	444.6
668.4	452.05
673.85	459
673.85	457.1
544.45	382.1
533.65	350.2
533.1	356.15
527.15	356.7
518.2	355.25
511.95	353.35
509.85	352.1
506.85	361.45
499.15	361.4
495.45	361.55
492.85	365.45
431.8	310.45
448.05	282.75
447.3	288.8
447.2	288.45
444.7	291.3
441.4	294.45
437.65	299.25
427.3	301.25
420.8	298.7
409.6	297.95
397.35	296.8
392.4	300
377.65	299.45
347.55	294.7
271.95	290.05
255.65	285.5
245.6	282.1
241.3	278.1
234.7	278.1
239.05	280.2
246.55	285
256.65	292.8
229.5	374.8
258.5	373.15
273.9	369.75
287.25	370.55
304.25	374.55
322.15	380.45
337.6	382.95
355.15	385.9
370.95	387.65
363	627.85
0	0
0	0
0	0
0	0
0	0
663.95	367.4
672.35	383.35
673.5	380.15
671.5	380.35
668.55	389.9
668.35	386.85
667.85	393.55
672.9	388.5
675.35	383
672.3	388.25
668.05	384.2
665.35	477.3
666.75	461.95
662.8	461.75
658	458.15
655.35	453.3
654.7	458.35
654.95	462.95
654.4	464.35
345.45	435.8
373	427.8
373.1	421.4
370.15	425.7
370.5	422.85
366.15	423.25
365.3	424.8
372	424.3
369.1	423.85
373.65	427.3
382.2	427.65
751.45	421.25
721.15	422.15
725.15	411.7
728.1	425.3
727.3	422.3
730.05	426.15
733.75	425.4
676.1	569.1
681.45	560.2
683.85	553.2
684.45	559.55
682.4	576.9
0	0
0	0
0	0
0	0
0	0
715.25	579.95
714.15	568.85
718	580.7
712.15	581.05
715.45	577.85
728.8	586
726.3	588.95
721.9	583.65
717.1	584
722.1	590.05
722.6	593.75
624.4	541.55
516.9	388.5
524.8	400.25
524.95	403.55
523.1	408.15
523.7	410.25
525.1	406.45
528.4	408.2
526.6	412.45
527.55	412.75
529.6	415.05
595.25	567.75
599.65	566.05
601.5	567
602.8	562.65
602.65	562.05
602.65	568.25
604.35	568.3
603.9	568.5
605.4	568.45
730.75	591.2
730.5	588.35
730.95	588.4
732.5	591.45
733.1	588.2
730.15	589.25
730.8	587.55
881.25	606.3
876.4	612.9
876.7	615.45
878	615.35
876.9	616.25
645.25	488
530.1	365.75
534.75	374.5
530.45	380.15
528.4	379.3
527.2	376.4
530.4	380.9
527	381.95
525.7	380.6
527.85	380.6
525.15	380.35
524.75	379.05
525.7	380.3
524.15	381
524	381.85
525.2	375.6
523.8	374.95
523.1	369.45
524.5	371.7
525.45	370.9
526.45	368.75
525.45	364.75
523.95	364.35
524.25	364.75
525.25	364.05
587.3	502.7
580.2	494.7
585.05	496.2
585.65	500.1
635.45	532.55
640.3	561.05
638	560.15
643.55	559.8
640.75	562.7
639.7	561.1
638.2	562.2
638.95	562.1
638.45	563.3
639.7	562.35
635.15	561.95
635.45	557.7
640.15	555.9
641.45	555.65
640.15	556.35
641.8	556.85
639.15	559.75
637.35	557.75
636.3	518.1
650.8	392.25
650.3	405.5
648.2	407.35
651.95	406.7
647.5	407.4
648.5	411.9
0	0
0	0
0	0
0	0
0	0
590.3	588.45
588.45	589
586.35	594.9
593.8	590.9
596.75	578.15
596.5	594.7
596.85	594.75
813.15	586.05
812.15	586
814.75	596.7
822.25	587.95
815.95	591.05
814.35	590.85
613.75	321.1
592.5	288.75
587.75	286.65
588.3	283.85
588.45	279.25
587.65	276.95
403.35	232.75
412.25	231.05
408.9	229
408.7	231
408.5	233.4
407.95	231.75
408.4	230.8
406.1	231.95
400.75	235.15
393.55	239.5
390.1	241.65
390.8	244.75
393.8	248.8
399.1	254.3
404.05	251.95
405.35	251.1
408.75	251.8
409.25	254.65
612.7	270.3
603.6	269.6
604	271.85
604.7	275
605.35	272.65
604.85	271.55
606.7	272.8
608.2	273.75
609.3	272.25
611.4	276
610.85	276.15
610.75	276.65
611.5	277.15
615.8	277.65
618.4	277.3
621.4	278.75
621.4	278.5
622.8	280
626.7	282.25
633.05	281.95
636	287.4
623.8	218.05
624.4	225.45
629.85	234.65
631.25	238.6
631.9	237.6
633.75	242.5
635.35	245.15
638	249.25
633.05	247.9
633.65	248.7
634.7	252.65
637.6	254.1
641.15	258.25
645.75	257.7
646.15	260.8
646.8	263.35
650.8	265.1
654.5	267.2
654.8	269.45
657.15	273.4
657.55	274.65
658.7	278.25
658.1	277.15
658.9	277.75
658.2	281.1
658.95	281.4
659.2	279.5
561.5	375.7
555.6	455.6
553.2	451.5
553.85	450.55
553.25	451
550.9	451.9
553.5	451.95
551.6	457.9
551.85	457.85
555.95	453.1
553.35	450.3
556.8	447.6
551.1	511.75
0	0
0	0
0	0
0	0
0	0
624.25	336.75
636.55	348.95
630.2	338.95
739.35	329.8
797.85	288.9
798.95	283.65
798.25	281.75
799.85	280.5
791.35	279.7
784.8	275.8
785.2	274.35
650.5	401.25
646.55	550.6
637.8	547.8
634.6	548.75
638.15	550.3
641.25	550.65
550	619.4
565.05	611.15
566.6	608.55
567.45	609.2
570.65	608.9
573.2	609.7
576	608.55
698.9	617.4
737.3	598.2
732.6	596.85
735.7	592.05
743.4	593.9
495.05	267
509.4	269.25
511.3	276.3
511.85	275.85
511.7	275.6
508.7	274.75
507.25	267.95
509.1	270.6
507.15	274.85
511.8	276.35
510.45	273.8
507.85	272.2
509.45	276.45
511.9	274.85
513.15	277.7
512.25	273.6
512.2	274.35
512.4	276.05
514.05	275.8
514.8	277.65
516.5	279.45
518.4	278.2
517.8	279.55
517.3	277.45
518.85	279
520.45	278
521.85	276.55
520.8	275.15
523.15	272.85
522.7	274.25
524.15	272.85
524.6	271
523.3	271.55
522.3	273.95
523.3	271.65
525.9	271.3
524.1	275.4
0	0
0	0
0	0
0	0
0	0
550.85	372.05
548.35	375.1
556.3	375.5
561.05	375.65
558.7	372.05
561.05	367.05
563.3	368.05
565.55	365.9
568	362.8
570.45	363.65
571.95	363.2
570.85	364.45
567.6	362.35
569.55	362.15
565.95	363.8
566.4	367
566.55	366.3
568.55	366.45
569	366.35
570.95	366
570.85	367.25
569.5	364.6
568.95	358.3
571	370.7
571.5	371.65
570.85	370.15
573.05	369.95
570.45	374.65
564.7	564.15
556.75	552.5
558	551
561.6	555.2
559.7	554.55
561.5	556.3
0	0
0	0
0	0
0	0
0	0
0	0
0	0
641.65	495.1
639.55	489.3
642.2	492
582.45	236.05
586.3	236.95
585.5	229.75
589	239.3
592.45	242.1
597.35	246.2
593.15	236.8
592.8	236.55
599.2	243.95
599.5	247.95
595	245.35
594.9	245.65
548.65	430.35
558.8	486
557.8	490.65
558.95	506.1
561.05	516.35
563.05	519.2
899.25	367.85
947.45	287.3
948.5	288.9
0	0
949.45	288.05
951.55	287.2
950.05	291.15
952	287.7
950.5	286.8
949.75	285.45
846.65	302.35
536.1	373.6
529.15	365.75
526.75	364.35
527.1	357.6
530.2	362.1
535.55	360.2
538.6	357.75
547.85	361.8
550.55	357.25
557.6	350.55
557.85	351
0	0
565.35	352
567.9	351.6
574.15	350.15
572.75	344.9
572.95	342.1
579.85	345.95
580.95	347.05
582.75	346.25
402.35	525.25
433.7	602.7
427.4	601.1
427.55	607.35
429.65	602.3
427.1	604.65
497.05	611.6
739.25	609.9
749.2	612.9
752.8	609.85
752.45	610
753.15	610.6
750.55	608.8
751.85	608.95
870	605.85
856	605
859.45	599.55
861.75	600.75
867.8	606.85
673.2	377.95
677.7	375.9
679.6	374.85
674.45	373.75
674.5	373.55
675.15	373.3
674.75	371.8
673.65	373.8
674.3	376.15
675.05	381.85
674.25	380.55
673	377.65
672.2	379.25
673.2	376.75
666.5	379.6
665.5	377.55
664.7	382
664.5	387.95
658.8	393.05
660.1	397.55
660.15	403.35
890.5	525.45
889.6	515.45
893.5	511.75
891.55	512.85
890.4	512.25
889	510.9
854.2	511.75
0	0
0	0
0	0
0	0
0	0
610.75	327.1
615.7	340.5
624.6	337.15
620.4	341.8
619.8	325.9
486.4	260.5
511.3	257.7
509.75	243.55
507.3	243
506.95	242.1
513	243.85
520.25	244.2
523.45	244.45
528.15	245.9
531.5	250.7
534.15	255.15
541.9	261.75
544.5	259.85
551.45	259.85
555.05	259.25
555.3	260.95
554.1	260.85
769.7	242.45
771.6	242.3
772.55	242.2
768.55	241.15
763.15	242.45
788.55	396.9
773.3	467.1
773.45	472.7
771.35	468.8
774.85	460.3
779.3	460.4
781.25	458.7
813.35	394.15
833	333.45
830.95	338.75
829.05	338.5
828	335.15
827.2	333.35
828.05	337.8
901.55	139.8
899.15	154.45
897.65	158.35
895.15	158.45
892.1	155.3
891.75	154.2
500.95	124.25
425.15	116.35
424.3	111.8
425.65	112.15
427.6	110.2
432.1	109.45
435.05	110.8
440.5	114.95
443.2	118.15
448.7	119.5
451.85	121.95
453.6	121.9
897.75	114.5
883.55	114.35
885.85	113.5
886.45	115.05
886	116.45
782.3	129.8
787.05	129.6
786.45	131.95
786.8	133.1
785.55	128.4
785.95	127.45
436.3	123.9
423.75	123.9
422.15	120.3
419.8	124.55
418.9	125.8
418.2	129.5
418.3	129.4
320.1	263.9
357.6	408.5
354.95	422.3
354.15	418.5
353.65	416.55
350.95	410.5
385.2	424.4
984.95	374.35
966.5	368.1
967.3	365.85
973.35	368.95
976.9	368.95
976.3	368.05
974.9	367.8
983.3	348.3
984	346.25
984.2	348.3
982.6	351.4
983.75	344.5
942.35	325.35
771.7	161.85
768.85	157.25
769.6	158.5
771.15	154
771.6	154.95
772.5	151.85
773.3	149.25
616.25	154.1
343.05	125.75
335.15	119.05
337.5	124.45
335.1	125.15
334.85	128.9
339.45	121.9
655.35	298.3
657.5	285.9
658.95	285.7
662.25	287.1
663.7	288.3
661.65	286.8
661.6	285.3
661	288.1
660.5	288.25
661.85	283.6
658.85	281.75
657.35	284.1
658.75	280.55
660.7	282.6
659.5	280.2
660.2	280.15
662.15	279.5
663.05	283.6
663.7	285.6
640	472.75
630	483.2
629.75	482.65
628.75	481.7
632.15	483.6
629.95	484.2
629.6	486.7
628	490.85
0	0
0	0
0	0
0	0
647.2	396.15
651.9	399.55
650.55	386.25
646.15	387.65
639.9	383.1
642.1	380.25
645.85	382.45
651.5	384.7
653.8	391.35
652.6	389.05
652.9	392.75
655.45	392.85
655.15	398.05
656.35	400.3
653.6	406.7
652.1	401.2
654.85	307
652	307.9
653.5	311.8
655.8	307.95
654.2	303.5
655.15	300.1
653.5	296.85
655.45	297.25
659.45	294.1
678.4	262.25
669.2	251.2
670.95	248.95
669.25	248.35
668	246.5
667.35	244.5
669.9	247.8
672.6	246.05
723.2	384
718.65	384.75
714.4	380.05
708.7	391.2
0	0
0	0
0	0
0	0
0	0
712.6	363.15
716.6	367.2
712	361.65
704.35	357
703.8	354.3
707.9	362.7
710.2	364.7
630.65	381.85
626.85	378.35
623.35	382.05
625.2	382.9
625.35	385.4
628.05	391.85
630.05	393.95
633.65	391.05
632.05	390.45
635.65	390.85
637.55	402.4
638.55	411.75
641.3	412.65
643.1	411.15
642.95	411.25
640.05	410
639.1	411.15
638.85	411
638.3	409.35
638.4	407.05
635.75	406.95
633.4	412.5
635.3	411.7
635.35	410.35
636.05	407.65
636.95	407.3
639.15	410.65
636.9	412.15
637.85	412.7
638.2	413.55
639.7	413.5
640.9	414.1
642.55	411.75
642.3	411.8
643.2	412.25
643.95	414.3
643.8	414.5
644.5	416.2
644.65	418.35
646.05	419.75
647.75	422.25
644.5	424.35
645.3	424.25
642.75	423.55
642	423.7
644.65	427.05
646.6	425.1
647.95	425.85
649	426.8
649.25	432.9
649.2	433.7
648.4	431.7
650	428.9
650.8	429.95
654.4	430.8
554.55	430.55
552.05	434.55
548.45	435.1
548.6	438.15
550.6	442.65
547.5	444.35
547.8	451.8
552.15	452.55
551.05	455.95
554.95	454.85
520.8	437.65
528.45	437.55
528.65	438.65
527.1	437.65
531.2	436.9
532.45	437.35
530.1	435.15
530.85	433.05
913.6	383.45
898.8	371.35
902.35	371.25
906.1	372.25
907.75	372.05
909.6	369.7
909.65	367.3
909.2	370.95
909	369.3
907.7	369
909.75	369.6
911.05	365.75
906.05	365.8
907.25	367.1
907.1	361.95
907.9	364.75
909.45	366.2
907.5	365.2
908.3	362.8
907.4	363.75
904.85	370.15
907.7	372.4
909.6	374.85
914.15	368.7
912.1	372.55
910	370.6
909.05	370.1
910.3	369.6
910.05	369.55
749.9	377.95
655.25	396.15
651.85	391.45
650.7	396.25
649.95	402.6
648.65	402.35
650.3	404.25
650.15	408.15
647.35	407.5
649.3	408.3
649.75	408.65
317.75	431
316.4	428.05
315.8	425.95
316.8	428.05
316.5	424.15
315.5	428.75
316.45	430.3
314.15	435.85
316.45	438.2
317.05	434.35
317.8	435.9
316.55	435.95
320.65	436.15
322.05	437.45
324.5	442.9
321.65	441.95
323.3	442.2
322.95	442.6
323.1	441.9
322.6	443.2
323.55	442.15
323.5	442.55
323.2	444.8
322	442.3
321.95	440.2
321.9	443.1
323.1	444.9
324.4	448.3
327.25	446.95
331.1	447.85
336.6	451.05
570.3	476.9
560.85	454.05
566.2	452.5
572.5	454.5
578.65	450.8
584.25	448.75
687.55	442.05
686.2	426.95
694.95	428.45
695.55	427.1
694.25	429.8
696.1	427.9
693.55	432.1
698.1	430.05
697	428.9
698.9	431.8
698.95	433.9
700.45	431.6
701.7	432.3
726.4	427.05
736.9	425.85
736.6	423.9
737.25	427.85
737.4	428.85
739.55	426.35
738.2	424.55
737	421.9
736.15	421.05
737.05	420.85
738.95	422
738.6	421.8
739.05	421.4
739.85	421.7
741.05	422.9
741.15	420.4
741.25	417.5
741.3	417.75
741.15	415.35
740	414.85
740.75	416.15
742.3	415.25
741.6	412.35
721.15	410.75
690.45	416.75
691.75	412.85
688.6	409.6
688.3	414.75
684.1	418.35
685.1	424.05
690.1	427.65
693.45	435.55
691.35	439.3
693.7	439.6
695.8	427.1
698	399.5
696.75	392.85
694.15	388.85
692.1	392.65
691.2	392.9
689.45	403.15
688.75	401.7
686.65	404
687.55	393.4
684.4	395.65
684.85	399.45
684.1	401.5
685.35	403.8
651.9	392.65
536.85	347.05
540.3	349.35
538.2	345.6
535.15	360.65
534.4	364.95
535.65	360.85
546.55	346
755.4	325.4
757.9	315.05
759.95	310.9
759.55	312.1
762.8	317.5
628.2	338.55
487.85	341.65
482.95	333.7
482.45	335.55
481.35	337.1
551.25	187.4
584.5	155.15
585.2	159.7
583.15	161.75
584.2	162.35
584.35	162.1
590.05	167.8
569.05	169.2
558.6	150.75
556.55	144.25
553.55	138.4
552.65	136.55
549.95	132.7
547.95	139.85
720.8	140.05
700.65	139.65
703.5	146.95
704.85	137.9
690.6	161.95
524.7	296.5
523.1	274.4
517.5	259.65
511.2	261.25
509.25	270
509.65	270.7
476.55	327.25
477.2	317.55
476.6	314.5
477.75	316.75
476.55	314.05
477.4	313.8
479.95	313.65
478.7	327.75
483.5	319.15
0	0
0	0
0	0
0	0
0	0
489.15	313.6
494.45	313.65
500.15	319
497.9	317.05
500.7	313.35
412.35	243.05
413.1	250.35
414.65	259.6
415	257.65
414.3	252.05
415.55	255.5
414.3	254.35
408.7	251.55
410.05	247.3
414.5	246.85
418.8	247.15
421.95	246.5
426.95	247.1
426	246.4
568.95	248.35
537.2	247.2
539.35	247.1
542.75	244.4
546.05	249.1
545.5	246.5
548	244
547.55	244.8
546.9	246.5
550.2	251.35
555.55	252.75
562.9	252.25
571.2	250.95
577.5	247.85
584.05	244.55
586.9	243.05
590.15	240.25
592.3	243.1
593.1	242.15
591.25	242.55
815.25	285.05
781.85	289.95
776.2	287.2
774.15	286.5
768.45	284.6
764.1	287.5
756	285.5
743.1	288.8
738.35	285.7
727.3	289.85
727.6	288.6
728.7	288.4
728.45	290.5
729.3	289.3
729.85	290.6
729.9	287.5
728.4	286.65
728.85	287.95
729.4	291.65
726.7	294.15
725.7	295.05
727.8	294.65
730.95	294.75
731.9	293.35
578.75	283.2
610.25	280.35
611.25	279.6
612.75	279.05
614.45	279.8
611.55	278.6
611.1	275.7
610.85	278.25
612.2	278.9
610.9	276.85
612.75	273.45
613.25	272.8
615.05	274.25
616.05	276.45
618.5	277.05
617.4	274.75
613.65	268.3
609.55	262.75
608	263.85
605.3	264.75
604.15	268.3
603.15	267.35
604.05	263.95
558.55	279.5
590	274.55
592	275.2
592.05	276.35
593.15	276.35
592.85	274.6
595.9	278.95
597.15	280
597	283.2
601.4	285.6
599.7	284.5
600.7	281.95
620.7	291.3
620.35	292.95
619.05	293.15
614.45	294.6
612.45	293.3
607.8	295.1
606.3	294.6
606.6	295.75
609	294.6
609.15	300.45
610.75	301.85
609.75	300.5
610.65	301.65
613.35	306.45
616.65	307.9
570.2	343.75
581.55	344.3
584.4	346.2
579.4	344.75
578.85	345.25
757.55	361.15
796.65	350.05
799.9	349.65
802.15	352.75
804.8	360.45
579.85	402.1
0	0
0	0
0	0
0	0
0	0
505.9	347.5
506.95	359.1
500.9	351.9
505.25	349.7
510.8	356.8
587.35	354.8
867.1	351.55
872.65	355.85
875.4	360.8
874.2	358.05
877.4	355.4
876.3	358.2
876.45	359
582.4	346.95
518.6	338.1
514.6	327.2
512.05	324.55
509.7	319.85
510.1	322.85
510.85	325.9
513.85	323
473.75	338.15
461.3	341.05
461.75	345.8
461.35	344.7
463.4	343.1
462.5	341.9
870	285.6
866.65	281.8
872.25	277.15
877.05	276.3
877.25	274.95
881.05	278.65
880.95	280
882.15	284.2
881.1	288.1
880.5	291.6
880.25	301.15
882.7	303.35
913.15	296.95
939.4	281.45
936.5	284.4
937.65	288.75
936.3	292.4
935.05	294.35
931.65	295.15
931.05	303.2
929.35	309.95
927.85	306.5
921.65	303.4
919.4	314.2
914.85	311.95
914.35	313.4
903.05	314.75
903.1	309.95
895.9	314.6
891.45	319.6
889.2	317.2
696.15	321.4
718	318.5
714.55	313
710.3	305.45
711.55	314.5
709.55	310.4
707.45	305.6
705.25	307.2
616.5	207.2
626.45	197.15
621.2	211.75
619.8	215.75
622.5	210.2
626.8	214.45
620.9	216.3
620.2	200.15
623.95	196.95
626.4	202.05
629.2	199.95
629.9	198.95
632.1	199.25
637.45	202.9
635.9	201.7
637.2	204.35
640.15	210.45
640.8	196.9
640.55	182.85
639.65	175.15
641.2	179.75
644.7	180.65
649.75	190.75
655.3	193.45
660	190.9
866.65	346.2
855.15	337.45
857.1	340.2
860.8	338.4
860.7	343.6
859.7	334.25
856.8	337.9
856.7	337.3
854.5	329.7
853.05	332.4
860	341.9
858.05	347.2
858.25	340.35
852.4	336.85
859.95	339.25
741.45	308.55
764.55	288.15
766.5	291.1
763.7	289.15
762	296.5
765.45	297.9
765.15	289.2
765.3	285.6
764	284.2
764.45	281.6
765.8	285.55
770.5	293.4
767	291
769.05	292.1
767.95	298.35
773.35	308.05
773.35	303.15
772.1	303.9
848.55	274.85
826.25	280.35
822.3	279.5
822.75	275.6
823	275
822.85	281.1
820.7	285.85
816.5	301.4
815.45	299.7
813.2	295.55
809.55	294.75
471.8	319.3
485.8	307.85
486.75	311.35
484.75	310.2
483.35	330.75
0	0
0	0
0	0
0	0
0	0
786.5	343.45
781.2	344.45
780.1	353.25
781.45	346.75
787.4	350.4
791.55	345.15
617.9	367.9
462	366.45
457.95	365.05
455.1	359.3
448.25	352.35
539.9	167.3
559.35	136.6
561.7	145.2
561.35	148.65
560.4	151.75
560.25	152.1
559.25	151.2
701.8	129.7
702.55	142.35
703.25	139.85
701.55	140.1
702.5	135.1
702.85	133.75
699.8	131.35
698.3	127.2
702.2	129.9
700.25	133.05
700.45	133.6
700.55	134.6
700.4	134.25
698	137.75
697.65	138.8
699.85	139.2
699.85	138.85
703.3	135.45
705.3	139.45
704.2	140.45
704.15	139.75
704.3	140.05
701.5	141.6
701.5	147.5
615.2	260
633.55	272.5
635.45	267.85
633.7	272.7
632.7	274.8
631.45	278.5
628.5	278.35
630.1	277
630.35	275.1
630.85	276.75
632.2	277.25
631	274.45
631.95	272.9
633.4	272.3
633.6	276.2
634.4	276.2
633.05	280
634.3	280.3
634.9	275.75
633	276.05
633.3	276.45
636.8	280.8
637.25	282.9
635.8	286
635.25	286.3
633.35	286.5
636.2	285.05
636.65	282.9
634.5	282.1
634.65	281.9
635.2	280.4
636.55	279.75
634.7	279.45
636.75	278.95
634.3	275.65
628.5	274.9
424.4	245.2
428.1	244.2
426.8	242.7
425.5	240.7
422.9	241.25
419.95	241.75
420.2	238.95
421.65	243.05
421.3	241.75
419.85	247.55
422.45	248.95
423.2	249.85
419.9	249.2
420.7	253.95
423.75	256.05
423.4	257.45
426.7	259.75
428.15	259.8
431.35	259.7
433.45	260.5
434	260.8
435.1	259.4
438.1	260.6
440.55	259.85
441.25	261
443	258.7
496.55	307.45
499.25	302.6
500.2	303.05
501.55	305.5
503	305.7
501.4	305.4
501.6	304.4
503.85	310.2
504.05	311.15
507.1	309.8
508.8	305.8
510.25	311.5
513.4	315.75
516.25	325.45
0	0
0	0
0	0
0	0
0	0
788.75	296.3
788.4	301.65
787.95	309.25
784.5	307.3
773.15	304.35
470.45	347.75
475.2	341.05
470.25	347.8
466.35	349.3
467.15	346.05
467.4	343.1
466.15	340.6
461.6	342.95
461.55	342.3
466.25	344.2
480.1	349
750.05	351
749	357.85
750	356.4
751.15	350.75
753.75	348.3
755.7	350.4
757.4	352.2
754.4	357.85
753.6	360.45
763.4	348.8
859.55	348.05
859.8	352.5
865.45	348.9
857.85	368.75
0	0
0	0
0	0
0	0
0	0
0	0
764.45	355.9
768.15	362.85
763.25	363
759.4	359.35
420.8	371.5
426	383.1
420.3	375.4
417.45	372.25
413.45	364.55
412.45	366.65
416.5	370.55
420	373.5
417.7	372.6
413.8	376.45
717.2	356.2
756.4	349.15
760.3	348.75
763.65	348.05
761.25	350.3
762.3	344.25
761.15	343.5
759.8	343.45
762.3	343.55
760.4	344.9
758.95	342.95
704.8	375.75
658.15	434.75
653.25	432.65
652.55	440.1
648.4	444.5
645.75	440.15
644.75	442.25
647	439.2
648.55	437.6
649.35	437.45
650.9	435.25
653.1	431.85
654.75	429.85
655.1	432.25
672.2	472.55
674.6	471.8
680	475.7
678.7	474.7
678.75	473.4
677.2	471.6
676.65	465.6
673.4	464.9
675.45	466.7
674.15	465.85
671.55	467.6
547.85	468
578	460.8
575.9	455
569.45	452.5
569.25	452.7
567.6	449.6
446.15	461
486.5	457.2
484.3	458.05
486.8	456.6
489.7	461.6
491.6	463.6
496	466.2
499.8	468
501.7	469.4
781.4	404.4
848.25	343.4
843.65	343.65
846.65	344.15
847.3	343.25
847.85	346.95
847.35	349.9
845.35	347.25
908.4	278.8
911.5	290.6
911.4	292.55
912.45	291.25
914.4	292.4
478.2	438.05
444.85	479.25
439.65	472.9
437.35	471.45
437.15	477.2
437.85	476.9
438.6	473.05
441.45	468.6
442.95	467.25
445.15	466
443.05	464.55
443.75	464.2
446.45	467.15
369.35	497.35
365.45	498.65
364.3	499
364.55	499.45
365.2	496.05
366.4	503.6
366.2	504.45
364.5	505.2
366.7	504
629.65	426.6
624.55	408.95
628.9	411.85
633.9	410.1
636.8	411.1
636.05	412.15
635.9	410.6
482.25	459.55
473.45	453.65
474.6	460.95
473	470.05
471.45	465.4
471.4	462.45
469.2	459.5
470.05	458.3
471.4	452
472.15	449.7
474.25	451.2
476.6	450.65
477.75	447.85
479.9	447.45
480.85	447.45
478.85	448.3
482.55	444.4
482.9	440.7
483.05	438.8
484.25	437.1
487.3	431.15
490.05	430.4
494.75	430.3
496.9	425.85
494.6	413
497.5	409.15
501.65	402.5
488.4	348.8
493.75	340.6
500.65	332.35
503.6	327.95
506.45	326.45
506.25	325.9
508.7	327.2
509.1	303.45
509.65	305.4
509.45	307.05
507.6	310.3
508.95	311.95
508.2	313.8
510.4	315.45
508.85	313.5
510.5	315.55
511.75	315.8
510.1	314.2
509.2	317.35
509.2	317.5
509.4	320.35
508.6	318.75
506.4	318.85
505.2	317.5
505.5	316.05
506.6	314.45
506.5	311.9
506.05	311.25
505.5	310.65
507	311.25
506.7	310
507.15	306.65
509.6	310
508.4	305.45
507.75	302.65
507.85	302.45
507.2	296.9
506.25	298.65
506.05	300
507.6	305.15
506.9	307.95
508.25	306.15
510.25	306.8
505.7	313.55
0	0
0	0
0	0
0	0
0	0
850.3	276
851.85	275.6
853.9	274.65
852.9	273.15
852.05	275.4
847.8	275.45
728.45	313.1
665.9	365.7
663.65	365.35
662.55	375.35
656.3	375.9
655.8	366.4
655.45	367.55
661.8	359.95
661.6	366.85
658.15	363.8
655.85	362.95
660.8	373.3
662.15	376.4
662.85	377.2
663.8	379.8
677.55	385.9
881.75	369.45
879	376.35
878.05	379.4
882.7	372.95
883.1	374.75
882.75	370.4
884.55	368.75
885.25	367.75
885.75	368.15
883.55	370.5
855.65	374.45
629.5	330.55
632.25	338.75
633.3	336.5
630.25	332.8
633.5	335.3
636.15	335.15
637.75	334.3
640.4	335.1
639.75	331.5
650.15	328.2
651.9	267.25
653.05	275.45
654.55	277.9
655.65	272.75
654.6	265
653.6	263
654.25	263.35
654.7	261.3
628.7	247.05
612.4	189.15
616.1	194.4
616	201
612.2	196
611.35	194.4
615.75	189.35
537.9	185.6
538.45	187.15
537.6	189.4
537.9	188.1
531.25	185.95
533.85	185.2
534.3	188
531.65	182.05
527.05	284
0	0
0	0
0	0
0	0
0	0
826.15	348
820.7	362.05
819.45	344.05
822.2	347.6
820.05	352.05
818.4	348.25
667.05	353.55
672	335.6
670.2	339.9
667.85	334.25
289.55	326.5
283.9	305.6
284.35	282.2
282.85	305.25
283.95	302.5
282.9	296.95
283.4	303
280.6	312.6
281.55	310.6
278.75	310.1
276.45	306.6
272.25	307.9
270.45	305.45
625.6	341.2
735.35	354.65
749.2	334.9
754.85	344.9
757.35	347.45
758.55	348.05
535.1	284.55
541.5	281.25
553.7	269.45
561.55	280.95
565.2	278.55
565.85	274.8
569.95	270.45
565.55	268.15
567.9	270.45
573.65	272.3
574.35	268.65
574.05	269.35
573.85	265.1
575.5	256.6
573.6	263.55
576.7	259.7
576.65	262
580	268.6
582.85	272.3
584.25	274.8
583.95	274
582.85	280.3
584.5	277.15
581.9	276.4
579.5	274.7
578.6	272.55
575.65	269.6
576.4	272.05
574.9	272.65
419.55	291.55
439.2	288.35
438.9	282.7
438.6	286.3
437.15	290.35
437.4	293.55
730.65	269.05
818.8	242.1
831.55	242
835.95	242.45
837.05	243.3
834.95	243
837.3	242.3
838.2	241.2
841.2	241.55
607.1	262.95
494.8	274.5
485.15	276.75
485.05	279.95
486.75	281.55
489.5	281.55
490.6	281.95
489.25	273.35
490.7	272.05
490.95	273.95
493.9	274.9
494.75	270.55
494.45	271.9
492.85	270.8
494.8	275.1
493.7	275.3
493.55	282.95
491.35	281.5
491.95	284.4
489.9	284.6
487.65	283.1
448.65	288.3
431.45	293.6
431.75	292.2
429.65	293.95
428.95	293.1
430.15	295.85
429.7	295.25
428.3	295.75
428.25	294.4
429.05	296.4
798.05	336.25
814.95	331.55
808.65	339.3
808.85	341.7
807.4	346
800.55	349.65
799.85	355.2
795.55	353.85
790.85	344.85
788.95	352.15
786.15	357.7
789.05	362
787.6	363.45
785.15	359.8
783.05	358.85
785.2	358.35
702.2	386.2
628.7	428.65
622	426.8
615.9	425.95
615.8	434.7
616.05	436.4
621.15	438.95
621.75	434.85
622.7	444.6
0	0
0	0
0	0
0	0
0	0
660.25	477.7
667.95	479.6
669.25	479.25
663.95	491.8
663.05	486.75
672.6	481.3
673.6	490.6
677.85	492
681.9	490.2
682	486.5
684.15	477.3
732.2	524.4
722.3	539.85
724.7	534.6
727.5	530.4
732.7	529.3
736.95	526.25
740.8	525.2
747	529.3
749.9	531.85
755.85	528.95
756.8	524.8
761.35	527.25
626.9	364.6
638.85	369.1
638	368.4
635.95	365.95
634.55	365.4
632.2	363.2
633.5	364.4
638.15	359.75
640.65	366.7
638.75	363.55
636.45	363.5
639.2	361.1
639.05	362.35
635.7	362.7
639.4	365.95
651.25	354.3
651.7	356.2
650.45	355.35
646.9	356.5
645.1	353.8
642.9	345.15
643.3	345.6
644.5	343.25
647.5	346.65
351.55	467.65
339	549.2
337.75	542.45
334.95	541.25
334.05	539.05
335.5	538.65
337.05	536.2
336.85	542.3
334.05	555.6
0	0
0	0
0	0
0	0
0	0
0	0
641.05	312
638.65	326.7
637.6	319.85
640.15	325.25
637.65	328.4
638.65	329.7
662.85	318.65
710.6	298
711.5	292.05
711.45	289.45
714.7	285.95
717.25	285.65
674.35	289.25
574.9	305.15
567.6	302.5
570.2	300.5
569.35	295.6
568.8	297.55
569.95	298.05
571.05	297
569.15	297.05
572.85	304
572	299.55
572.3	305.3
573.05	302.8
573.15	303.95
623.95	320
762.6	314.6
772.1	322.95
776.15	321.1
775.5	324.95
779.1	327.65
782.15	332.4
781.45	329.95
781.2	333
674.55	301.9
642.95	258.75
640.9	247.65
636.15	246.95
634.6	249.85
633.05	252.1
633.05	252.1
636.75	256.3
572.15	205.45
577.65	213.2
576.85	214.35
574.5	218.1
573.45	219.95
572.9	220.55
574.3	224.1
572.4	223.45
572.6	229.05
573.85	231.1
574.45	231.3
573.5	242.75
565.05	411.2
566.65	398.75
566.8	406.45
568.65	411
571	409.65
572.4	412.65
572	411.5
553.4	460.9
553.55	507.85
553	505.45
551.15	506.15
549.1	506.55
548.45	504.45
550.15	498.05
550.5	500.1
576.85	502.45
653.7	355.25
653.2	358.95
653.65	358.95
653.9	357.45
653.7	358.3
637.35	342.25
625.9	284.55
623.95	295.6
623.85	298.75
625.95	299.15
625.15	297.2
625.3	297.2
623.85	298.75
625.1	298.3
626.1	295.95
624.5	294.35
624.45	294.3
624.25	289.6
625.4	289.45
623.7	290.15
397.8	360.2
402	408.35
397.45	410.75
395.05	414.6
393.8	415.35
394.05	416.1
394.55	419.2
395.15	416
397.05	414.25
396.05	417.2
395.15	414.3
