629.3	387.6
628.15	387.6
630.15	393.85
634.25	405.95
633.25	405.25
633.5	403.2
652	403.6
761.1	390.7
766.85	387.95
764.85	388.95
762.45	387.3
761.9	384.65
759.65	383.75
752.2	385.2
747.2	389.2
744	387
739.15	385.65
736	383.8
732.55	380.4
729.05	379.7
469	432.8
342.4	446.1
342.95	448.6
345.65	449.85
346.05	451.25
343.9	450.8
346.4	451.7
363.25	449.35
689.6	385.3
691.65	378.65
690.6	375.5
692.05	374.95
690.15	372.95
689	370.75
689.4	371.3
687.8	373.75
688.55	373.35
688.6	378.45
690.7	377.65
691.15	378.95
693.3	381.4
699.85	381.95
701.2	383.3
703.1	383
704.95	381.65
710.75	380.45
716.05	377.6
717.85	377.1
722.45	375.8
729.3	372.3
735	371.8
741.05	369.45
0	0
0	0
0	0
0	0
766	370.35
768.25	373.25
770.8	372.9
771.25	371.55
770.35	372.95
772.1	372.25
775.35	371.15
776.7	370.5
552	283.3
504.05	272.1
503.65	271.95
506.35	270.75
509.85	269.6
513	269.4
523.1	270.5
527.85	271.15
532.95	273.25
536.3	274.25
541.65	275
549.95	274.7
556.5	276.45
559.65	275.75
561.35	275.05
569.8	276.5
574.75	278.05
580.75	278.3
585.1	277
590.95	279.8
593	280.25
593.55	280.5
596.9	281.7
593.85	283.25
499.95	319.85
475.45	301.15
475.05	303.5
307.1	293.4
319.15	290.3
316.6	291.8
315.95	291.85
314.45	291.75
325.25	296.25
722	382.25
724.35	379.25
725.15	380.7
722.45	378.3
725.5	379.25
723.75	379.45
725.45	381.2
726.25	381.5
582.95	418.5
593.6	413.85
592.75	415.4
590.95	415.6
588.95	417.7
591.85	420.65
592.55	426.55
643.05	421.55
639.7	423.95
635.35	423.05
638	422.3
637.9	421.8
636.45	422.1
704.1	417.15
707.5	420
709.35	419.3
708.75	420.35
711.2	422.65
698.5	440.75
0	0
0	0
0	0
0	0
0	0
0	0
606.5	350.7
616.25	344.8
617.7	346.95
620.45	348.75
620.25	344
619.6	342.6
617.45	341.05
619.85	340.25
622.8	338.85
625.8	338.25
630.35	341.45
632.7	345
636.05	348.85
636.05	353.7
638.75	359.25
638.7	360.25
641.05	362.3
642.6	363.8
641.85	365.1
640.25	363.4
642.95	365.7
643.65	370.3
611.4	425.75
581.25	479.35
581.85	484.45
579.4	487.6
577.75	486.8
574.45	485.9
570.95	483.1
570.4	480.5
569.6	479.7
565.8	474.55
565.8	470.45
560.9	467.25
558.35	463.7
557.45	462.95
553.2	457.65
550	454.55
547.6	453.15
546.8	450.95
545.05	449.35
543.6	446.65
541.35	449.6
539.75	448
538.55	448.6
540.05	447.55
533.55	300.55
538.95	302.35
538.9	304.15
536.6	305.2
536.8	304.35
541.6	302.25
545.8	304.15
549.65	304.15
557.7	304.15
569.4	311.1
579.5	319
592.35	328.55
604.55	345.05
624.1	361.75
629	371.6
633.55	377.7
643.45	387.05
646.45	390.15
648.85	388.25
650.6	386.9
652.15	388.65
656.4	390.15
487.3	379.55
484.95	382.2
488.15	388.35
485.4	389.55
484.05	387.95
484.65	387.5
482.9	385.8
482	389.25
488.65	392.4
491.8	395.2
745.8	291.9
761.9	289.65
762.4	287.9
764.4	285.2
765.55	282.7
764.95	281.25
765.9	277.7
767.55	276.8
768.7	275.35
765.3	276.5
767.3	278.5
769.35	275.4
769.35	272.3
764.45	275.95
767	275.4
767.35	273.5
591.65	337
620	325.9
619.55	325.7
617.6	326.15
617.05	326.8
617.95	326.95
621.9	331.65
516.8	316.1
514.45	307.05
510.45	308.5
510.5	309.6
738.6	355.85
820.85	365.95
827.15	372.75
828.8	372.6
826.15	374.4
0	0
0	0
0	0
0	0
934.1	319.65
924.55	320.35
831.1	338
514	346.05
508.2	348.95
508.2	348.85
505.85	350.55
508.6	355.65
510.6	357.8
422	361
434.35	359.75
436.15	359.95
437.95	362.4
436.6	364.6
572.45	410.8
744.75	410.95
754.9	408.05
756.25	409.1
756.1	411.25
756.4	412
756.2	413.05
758.3	415.45
758.4	413.15
759.15	410.4
760.9	413.9
761.4	412.55
760.6	408.25
760.35	408.4
761.8	410.3
764.2	408.75
765	408.1
765.3	410.15
764.4	408.75
765.5	408.8
761.7	401.25
760.95	405.05
760.6	406.35
760.9	405.35
762.8	407.35
761.1	409
757.2	411.45
756.4	416.45
754.7	419.8
751.55	418.5
749.65	417.35
744.75	420.95
745.85	420.85
741.65	423.25
739.85	426.1
737.15	427.45
735.65	432.15
733.1	431.35
731.9	429.35
731.15	431.05
727.55	437.05
729.65	437.35
723.9	439
721.25	439.1
719.6	439.35
720	441.25
719.65	438.5
715.5	438.85
714.05	438.45
712.15	435.75
709.9	431.8
709.9	437.4
708.25	437.6
703.55	437.4
703.65	441.45
702.85	439.95
602.3	347.05
570.4	279.8
566.25	274
566.2	272.35
567	269
566.35	269.85
568.05	264.35
572.4	267.25
573.45	265.45
572.95	269.15
570.45	269.45
573.8	266.85
577.45	264.75
579.05	262.4
581.55	262.25
581.35	262
585.55	263
558.25	264.8
403.6	277.5
410.25	281.1
419.5	286.8
438.95	291.95
457.3	298.5
480.1	306.15
513.3	321.7
534.8	341.45
552.1	354.65
572.8	363.85
594.55	371.95
611.85	382
622.85	386.15
629.5	384.75
638.75	387.25
645.1	391.2
650.85	393.7
657.1	396.8
659.2	399.65
663.85	400.9
667.2	399.6
670.95	398.8
672.05	398.35
673.8	401.6
674.45	404.3
678.3	403.85
649.35	402.65
513.65	355.5
511	357.9
513.7	359.95
514.65	361.95
516.2	362.65
514.8	362.75
567.05	379.5
744.65	374.35
749.85	378.15
744.95	376.8
717.1	597.85
0	0
0	0
0	0
0	0
0	0
0	0
0	0
0	0
765.6	349.2
761.05	341.75
761.5	346.95
762.8	348.75
766.5	347.55
767.85	346.05
769.5	344.95
773.7	343.05
773.5	339.05
775.3	339.35
774.1	343.65
774.15	348.55
773.7	350.45
774.7	354.05
775.05	358.75
775.6	365.9
774.7	371.5
770.65	375.75
771.25	377.25
772.35	375.75
771.35	374.85
769.5	377.55
771.95	380.85
774.5	384.4
775.4	385.25
775.15	384.45
772.5	385.65
772.95	384.75
771.1	381.3
772.3	381
772.15	379.85
773.05	379.3
773.95	377.3
772.5	377.95
774.8	379.65
772.35	377.95
774.75	376.8
774.3	376.15
775.4	374.4
777.05	373.5
778.45	373.25
778.75	369.6
778.55	370
778.75	369.25
780.4	371.05
780.55	371.2
781	372.1
782.15	374.25
783.4	373.15
783.05	375.65
782.8	372.15
783.7	370.3
781.2	368.2
781.25	367.5
783.3	365.6
784.65	364.65
783.75	364.3
785.8	363.7
784.15	364.85
783.5	364.55
736.2	413.6
732.15	417.25
733.8	416.05
733.4	415
730.2	414.3
727.7	412
727.8	412.9
726.45	410.55
725.75	410.45
723.85	410.3
719.8	408.7
716.75	407.45
714.15	407.7
708.7	405.95
703.6	405.25
701.05	405.3
698.45	401.45
698	400.7
696.4	398.2
694.8	397.7
693.1	398.35
691.9	398.6
691.85	400.55
687.2	399.5
686.1	399.9
683.75	403.1
681.9	405.35
678.9	404
679.25	402.85
676.75	404.2
676.8	404.15
675.35	404.4
675.05	403.85
672.65	404.9
670.25	404.2
669.55	403.55
669.6	404.05
666.4	400.8
665.4	401.95
666.15	402.6
665.3	402.25
665.2	400.45
664.65	398.65
663.05	399.4
659.7	398.9
659.3	396.4
660.15	396.6
663.1	397.4
663.5	395.65
664.1	398.4
664.3	400.4
660.65	399.2
660.15	398.9
661.1	397
661.8	392.85
661	394.15
659.75	392.45
660.05	389.5
659.9	392.45
658.75	391.9
656.75	390.3
656.9	389.2
657.9	389.55
657.9	384.1
659.25	383.45
659.95	381.75
659.85	388.3
633.5	536.85
0	0
0	0
0	0
0	0
0	0
634.1	645.7
640.7	637.55
643.85	639.15
620.65	341.4
618.5	342.15
617.1	341.35
618.9	344.45
622.5	348.6
629.45	364.9
630.9	370.55
629.8	371.85
628	373.2
624.3	372.9
624.6	374.4
622.2	375.85
619.15	378.7
617.75	379.1
619	380.75
616.05	379.9
589.9	367.25
589.4	363.9
592.9	365.75
594.25	365.7
597.2	365.7
596.1	366.5
593.35	365.3
590.8	365
587.4	362.4
582.6	361.35
580.5	360.45
581.8	360.6
584.2	360.05
583.9	357.9
585.65	359.25
586.65	357.45
589.25	355.55
587.9	354.75
607.9	334.25
611.55	336.7
611.15	336.4
612.4	338
614.5	339.45
615.3	341.25
614	343
614.75	342.25
615.6	343.35
616.65	345.85
617	345.05
615.5	347.45
616.25	347.45
616.65	350.9
615.05	349.95
614.95	352.7
616.8	351.45
618.3	356.75
619.8	356.5
616.95	354.1
614.6	353.15
615.5	353.4
614.25	355.7
614.5	356.9
615.55	357.5
613.5	358.55
615.3	358.85
614.35	362.05
613.85	362.75
616.1	363.7
616.2	364.1
617.55	363.2
614.6	361.75
575	221.15
577.2	230.15
576.95	234.6
577.75	233.85
577.25	235.75
575.5	235
573.85	235
573.4	234.05
575.85	234.4
573.45	233.75
576.05	237.9
577.8	241.4
594.7	341.25
596.8	353.7
595.5	348.85
592.1	342.15
586.95	334.7
580.4	324.1
588.65	330.45
907.25	438.4
912.95	441.9
913.65	445.85
915.95	450.6
917.4	451.15
918.7	453.65
918.6	459.2
916.85	460.35
918.75	463.3
688.1	311.65
685.9	303.05
685.7	304.55
683.5	301.85
682.85	300.3
680.95	300.1
679.55	300.4
679.3	302.75
679.85	302.9
680.1	301.55
682	300.45
680.95	299.35
679.9	297.55
679.6	297.45
681.8	297.75
681.2	297.35
682.15	298.75
680.4	297.85
680.45	298.75
685.45	302.55
684.95	303.65
684.7	303.6
685.65	304.4
686.1	305.45
687.15	305.45
687	307.4
688.2	309.2
549.65	429.05
567.6	410.3
560.75	409.85
556.7	409.65
552.2	410.8
554.3	409.35
552.4	411.05
552.4	412.7
552.5	411.8
552	414.4
551.3	416.3
550.95	417.05
550.7	416.05
548.85	420.95
548.85	421.8
547.55	422.85
546.95	422.95
546.5	424.4
677.5	371.7
668.55	362.7
669.55	360.05
669.55	358.35
669.85	358.8
669.95	354.15
672.55	357
670.2	354
667.65	354.6
664.25	351.8
662.35	352.2
660.85	351.55
379.1	298.85
384.05	302.35
383.1	302.3
382.95	303.05
384.2	305.25
382.15	303.5
381.8	304.9
381.25	306.8
379.95	306.1
375.95	304.25
376.75	302.7
374.05	302.2
404.65	298
470.95	287.15
477.7	288.95
479.35	290.9
480.85	289.7
484.3	290.95
482.85	293.1
481.75	292.15
481.9	291.05
481.2	292.05
479.85	293.05
481	294.25
480.75	291.5
483.35	290.8
485.45	292.5
485.7	290.75
482.65	290.1
483.9	291.8
483.3	293.15
487.25	292.5
491	294.3
496.05	293.75
501	295.1
503.5	296.3
508.6	299.8
547.7	445.45
548.7	455.25
549.45	457.5
551.95	456.1
551.9	457.8
554.2	454.95
560.45	453.8
585.95	341.1
589.95	344.3
598.75	357.1
605.35	363.3
608.4	366.7
610.9	365.75
615.65	366.85
620.1	370.7
622.35	375.55
625.35	376.25
623.25	376.5
624.3	376.95
624.75	377.25
626.4	378.25
632.3	378.95
641.05	382.8
642.05	382.1
646.3	386.9
647.3	382.15
648.15	381.2
713.4	328.85
701.65	322.2
702.15	321.1
700.75	323.7
699.8	323.95
697.9	323.4
696.85	323.15
696.95	323.75
695.4	324.5
691.55	322.55
693.65	323.2
705.1	325.8
754.35	330.75
755.15	331.75
755.05	330.25
754.4	331.2
749.95	331.25
749.3	332.75
749.55	333.8
742.9	336.55
734.45	338
729.3	337.25
601.7	355.7
617.1	353.9
616.4	356.2
618.45	354.05
621.4	357.6
622.85	361.35
623.3	361.85
620.2	360.9
615.15	367.6
613.1	365.55
606.95	370.15
604.45	374.8
547.35	329.95
548.95	323.35
545.8	325.75
546	322
547.25	325.35
546.3	328.75
545.7	333.7
545.25	332.9
544.65	332.05
540.15	336.1
533.25	335.05
524.3	333.45
517.05	341.8
513.05	353.15
495.4	358.85
488.5	330.45
477.2	322.1
461.8	326.05
442.1	325.95
427.85	324.45
410.1	325.4
398.15	329.45
387.4	331.4
382.6	330.15
381.7	330.9
379.55	331.65
377.6	331.05
374.15	332.3
369.75	336.75
370.35	336.9
531.5	339.75
618	336.35
620.55	341.35
618	344.45
613.7	346.05
615.35	350.75
613.85	358.2
618.15	371.4
617.6	374.05
618.3	375
616.9	372.65
618.05	373.55
616.75	374.15
616.3	374.4
629.8	352.3
656.9	321.25
658.65	324.25
661.8	323.85
662.2	325.8
772.25	332.5
888.6	335.65
893.25	337.95
893.75	340.55
894	343.75
766.7	415.25
780.85	415.4
779.6	416.95
776.35	414.75
773.95	416.35
771.25	416.95
773.45	417.95
614.5	411.1
616.7	410.2
617.35	411.15
619.7	411
618.75	412.15
618.35	412.5
617.95	412.2
615.65	411.95
614.45	409.95
613.45	413.8
610.3	416.2
615.15	426.4
0	0
0	0
0	0
0	0
0	0
571.8	364.8
576.35	375.7
576.2	381.65
577.35	381.85
574.75	379.25
688.4	377.6
691.3	379.2
691.55	378.5
689.25	378.6
686.95	378.8
686	380.45
632.4	388.65
627.95	391.25
628.2	396.3
621.45	390.15
556.8	311.4
560.95	311.45
560.3	309.6
561.45	309.35
558.85	312.1
557.95	306.5
556.2	307.9
635.75	349.65
634.9	346.3
637.2	345.55
635.65	343.85
636.25	343.05
519.6	345.1
421.95	348.85
414.9	352.25
415.25	351.9
414.45	351.6
401.25	350.95
288.55	347.65
281	349.85
280.15	347.9
278.1	348.25
277.6	350
275.65	348.15
661.6	409.25
737.85	420.5
741.9	422.2
742.3	423.3
742.65	423.3
749.65	425.55
858.3	428.8
865.8	430.35
866.55	429.65
864.7	428.15
865.35	425.4
865.5	425
711.5	354.65
695.5	337.1
691.25	337.2
691.2	337.35
691.65	336.6
691.45	337.05
690.95	337.75
690.3	338.6
690.45	336.6
691	338.1
689.45	338.85
689.25	338.15
691.65	336.85
689.65	336.75
690	336
690.85	337.3
688.45	337.7
688.6	340.35
687.5	338.95
684.75	339.35
703.35	408
700.35	399.25
691.7	399.6
681.45	398.4
670.8	401.2
655.5	397.8
643.55	398.35
634.85	397.8
625.65	396.45
605.6	395.25
590.1	391.85
572.3	388.65
558.25	385.7
554.5	383.45
547.75	385.35
542.5	384.45
542.75	388.85
545.45	388.5
551.75	385.8
559.55	384.25
562	384.45
561.35	379.6
561.5	379.2
561.15	379.45
561.9	379.45
560.95	378.8
561.6	380.25
562.8	381.7
563.15	382
563.25	385.45
561.4	383.85
775.45	399.75
814.95	395.8
814.8	399.7
811.95	400.4
809.4	401.8
810.8	399.1
809.7	398.35
809.75	397.45
810.25	398.3
810.05	398.15
815.2	397.75
792.6	576.85
0	0
0	0
0	0
0	0
0	0
820.65	410.1
820.1	403.9
820.75	409.15
519.9	406.3
519.75	411.45
519.55	416.45
521.3	417.1
523.7	423.05
521.7	425.3
507	403.9
347.85	344.65
353.1	343
350.45	344.1
350.8	342.1
353	342
349.8	343.55
350.3	343.5
313	345.55
238.7	351.45
237.1	351.65
240.25	352.35
239.05	351.75
237.3	352.6
236.75	352.95
242.15	353.6
540.2	356.9
547.55	357.9
548.9	357.05
555	356.1
554.05	359.9
553.05	357.95
547.1	354.75
546.8	356.4
550.35	356.75
550.4	353.3
552	352.5
550.9	349.85
550.7	347.75
553.35	345.9
556.5	344.6
558	344.1
556	345.15
559.15	346.75
556.2	346.15
557.1	344.3
557.6	343.3
553.95	341.25
555.3	343.55
555.15	343.7
552.15	343.25
551.65	344.5
553.85	342.15
554.4	338.45
552.05	339.85
553.4	339.8
551.6	338.5
551.65	336.65
552.8	336.15
0	0
550.85	332.95
547	332.1
549.3	334.9
547.1	337.55
548.9	340.4
548.75	340.6
548.95	342.4
548.4	343.15
550	344.55
550.25	347.1
550.8	349
552.3	352.65
552.65	354.1
552.75	356.95
553.8	359
555.65	360.2
556.2	361.2
581.65	352.75
580.2	352.45
581.15	353
580.95	353.5
587.05	356.45
786.8	369.45
790.7	370.05
788	369.15
786.15	370
788.7	370.8
606.7	373.2
602.35	376.35
600.95	375.3
601.65	374.55
603.45	374.15
601.15	372.65
487.35	440.85
494.35	441.75
494.3	441.9
495.45	442.6
493.85	442.8
492.55	441.45
491.6	442.9
530.1	450.8
779.05	455.75
781.5	454.1
781.15	455.85
782.65	457.9
784.85	455.85
866.4	461.9
874.3	464.25
878.3	466.3
878.75	471.35
881.5	474.65
884.25	482.7
0	0
0	0
0	0
1020.1	447.4
1016.95	453.35
1015.05	461.9
1016.1	458.6
1019.4	454.8
0	0
0	0
0	0
0	0
0	0
978.65	417
972.7	412.9
966.15	419.9
968.55	427.45
746.2	407.55
744.3	405.05
747.5	406.9
747.95	405.95
749.35	402.1
748.9	401.25
746.4	400.3
603.35	392
599.45	392.1
597.7	395.15
597.1	390.85
596.5	390.15
594.3	388.2
596.55	389.8
576.65	360.7
575.3	360.2
575.05	358.65
575.1	357.65
571.55	355.45
571.35	353.8
569.45	353.3
568.55	348.95
568.75	351.55
568.25	349
571.7	320.1
576.75	323.6
578.65	322.7
577.8	323.45
575.4	322.25
573.55	322.55
571.65	321.1
574.3	320.45
572.35	320.55
573.85	319.65
573.35	320.7
572.5	319.55
577.75	322.65
580.45	322.1
581.9	322.35
587.15	323.5
587.35	323.45
588.3	322.6
584.45	320.05
581.95	318.55
584.1	316.15
584	316.8
584.7	315.9
586.9	318.5
587.45	315.9
591.8	313.75
595.7	315.95
598	316.25
598.7	316.55
601.9	318.2
601.8	317.4
605.35	317.85
610.45	318.9
610.95	320.45
613.05	320.55
614.9	319.9
596.85	319.55
539.6	333.5
548.5	337.2
562.55	339.7
567.25	340.05
581.45	343.25
591.35	342.25
599.3	344.7
605.4	346.65
608.75	349.75
608.7	349.5
607.9	347.9
607.3	350.4
601.8	351.1
599.2	350.3
596.45	355.5
560	442.1
555.05	450.15
552.25	451.05
555.45	452.05
559.3	453.65
562.6	453.05
569	455.05
576.95	461.35
587.95	465.35
595	473.55
600.15	474.05
601.8	474.9
603.05	480.15
603.55	479.3
602.9	480.3
602.35	480.5
606.45	482.4
603.05	480.75
603.35	477.2
599.85	480.05
601.05	483.25
601.1	484.75
605	489.4
605.15	488.45
618.85	525.4
626.8	546.1
567.65	546.2
490.35	405.95
490.15	359.2
496.05	364.15
495.85	364.65
493.75	368.55
492.35	370.05
491.6	369
617.2	436.35
604.1	433.5
603.25	435.05
603.55	434.25
605.55	435.55
606.8	436.75
607.4	436.9
605.35	438.3
606.1	438.95
606.55	439.4
604.15	435.2
595.35	417.65
596.1	420.85
594.75	422.2
593.55	423.65
593.9	423.85
591.75	426.45
592.6	427.05
591.4	427.8
592.7	427.2
613.55	375.25
607.15	377.85
609	383.25
610.1	390.3
609.35	392.75
610.5	392
609.1	392
609.4	392.9
606.55	394.15
602.75	395.9
638.7	387.85
630.65	393.75
627.15	397.1
623.2	405.95
622.15	410.85
619.85	416.65
615.85	416
611.65	417.6
605.5	417.95
600.05	419.2
596.5	418.7
592.8	419.85
589.25	418.15
583.65	420.05
578.9	420.2
576.8	421.85
575.2	421.75
574.3	422.55
575.1	422.15
650.75	464.1
628.6	453.25
627.9	455.15
627.85	455.85
628.9	461.7
630.05	458.6
631.6	454.4
627.8	451.35
624	448.4
622.75	443.75
623	445.1
622.95	445.55
624.5	448.3
624.15	445.3
621.6	442.1
623.8	441.35
626.25	444.95
624.9	444.2
624.8	435.4
626.1	437.4
625.25	439.9
623.05	439.75
622.4	439.9
618.55	443.1
611.5	472.7
614.4	452.7
626.7	441.25
626.55	448.05
628.3	453.5
629	455.55
628.2	452.2
630.65	452.85
630.5	450.8
630.35	452.2
632.7	456.4
633.4	458.3
630.15	459.65
631.95	458.4
630.25	457.35
628.45	454.65
628.45	454.1
627.15	453
625.7	451.4
628.65	450.1
626.2	450.45
626	453.1
625.35	454.5
625.8	455.5
622.95	458.4
621.2	458.7
618.75	459.6
617.95	461.65
615.9	464.6
612.5	462.75
606.8	462
607.8	461.9
608.55	463.1
605.8	463.1
606.05	463.35
605.2	461.3
600.8	459.15
600.55	456.25
601.3	456.65
601.95	456.95
606.25	455.3
606.5	454.05
608.6	452.85
611.25	455.55
610.95	455.85
662.25	457.5
664.15	457.8
665.1	456.95
662.85	454.35
664.6	452.05
666.3	452.75
652.85	447.15
651.15	419.7
649.8	420
653.4	420.5
649.4	421.95
649.1	419.75
647.65	419
648.8	421.45
646.5	421.05
644.7	423.95
645.2	423
645.55	422.2
648.1	423.25
649.2	421
649.1	424.6
657.5	416.75
0	0
0	0
0	0
0	0
635.05	414.2
634.1	409.7
638.4	414.75
644.05	417.55
644.75	419.7
648.15	423.55
654.7	426.85
660.65	439
660.75	439.5
656.75	440.05
646.95	436.25
524.9	376.4
521.4	379.4
516.3	377.85
509.3	378.7
505	377.05
499.85	377.1
493.25	375.8
487.95	377.35
486.9	379.4
484.75	380
481.85	383.65
485.2	387.2
480.35	390.45
477.3	393.8
446.35	375.75
383.4	342.85
373.05	343.75
366.05	343.55
358.35	341.3
353.2	341.75
343.05	341.25
338.1	341.85
326.25	340.2
285.65	339.05
217.1	333.6
199.6	334.05
191.95	334
190.15	335.7
192.15	335.3
198.4	335.85
206.1	339
212	338.05
209.4	358.35
215.85	363.8
228.1	360.45
233.85	363.9
258.5	375.05
0	0
0	0
0	0
0	0
0	0
542.65	441.65
549.95	411.15
548.3	400.1
545	395.85
547.35	393.8
547.1	392.6
546.65	387.8
544.75	387.55
544.2	388.55
542.8	391.2
549.75	409.1
546.85	411.3
547.4	415
549.2	426.05
550.95	435.65
550.15	436.5
548.65	437.7
548.2	443.6
545.75	445.2
546.4	447.1
544.65	446.4
543.25	447.8
539.2	447.55
535.9	447.55
535.75	451.3
537.3	451.45
539.15	448.05
540.2	447.75
542.05	449.35
539.95	448.9
540.45	448.4
542.15	448.25
543	448.75
545.05	448.95
548	449.9
549.85	451.5
551.75	452.75
555.7	453.2
555.55	454.05
557.6	454.8
607.9	477.95
609.55	505.95
615.5	512.75
616.8	516.6
616.55	517.6
616.45	520.2
616.5	524.2
616.65	526.55
724.95	598.55
708.95	597.15
713	602.8
712.35	605.4
711.6	610.15
712.6	613.75
713	614.55
712.25	615.9
712.1	616.75
711.8	614.8
711.05	617.5
710.5	618
710.55	615.6
709.5	616.1
709.05	616.8
707.25	621.65
706.4	626.15
706.15	623.75
709	625.05
0	0
0	0
0	0
0	0
0	0
553.05	415.25
556.15	410.65
552.6	407.4
552.65	402.2
550.7	397.5
552.35	393.65
553.35	388.9
554	387.4
552.4	387.7
554.75	386.5
655.35	473.45
685.35	499.25
688.8	506
687.45	509.3
686.1	511.8
689.5	508.65
691.1	508.9
691.15	509.75
778.95	608.2
786.2	613.4
788.15	614.35
783.4	606.75
782.6	606.6
783.05	607.15
780.05	608.6
781.45	618.65
835.55	627.1
820.7	623.55
821.7	625.6
821.45	626.9
818.85	627.4
820.9	623.45
821.55	514.9
785.9	397.9
789.55	391.35
791.7	394.05
792.8	394.9
794	396.25
794	399.15
794.75	403
530.1	354.95
527.1	355.4
525.9	355.3
525.85	355.45
526.6	355.1
525.2	354
523.05	354.3
523.4	355.5
523.85	355.8
524.55	358.15
518.1	360.35
497.55	397.3
497.5	398.8
495.45	400.4
496.85	402.1
496.9	399.2
492.45	399.3
494.25	400.75
495.15	402.2
494.7	402.15
494.95	406
496.15	409.9
497.55	413.65
499.55	411.25
499.45	411.5
502.1	411.2
504.65	415.35
661.8	591.7
653	581.9
653.35	583.45
651.95	582.35
652.1	584.35
654.85	584.9
654.55	583.95
653.25	587.05
646.55	563.3
618.95	324.6
617.85	333.4
618.8	331.45
620.8	332.05
620.8	330.6
622.6	327.85
626.5	326.45
898.85	403.9
921.8	406.35
922.85	409.6
917.85	408.7
919.25	408.6
915.9	406.05
913.15	404.2
907.15	402.45
905.2	402.15
888.1	400.05
738.3	383.55
727.1	389.8
722.2	389.55
718.6	391
0	0
0	0
0	0
0	0
431.3	371.65
431.65	367.95
423.25	354.75
422.1	351.4
417.9	348.3
414.55	345.2
411.15	343.1
410	341.1
402.95	336.7
405.25	336.8
403.5	331.9
405.25	329.6
404.85	328.8
407.85	325.05
409.5	325.4
412.2	325.35
416.85	326.15
419.7	327.05
595.7	331.9
593.85	332.75
594.05	332.9
595.15	333.4
591.8	333.6
590.45	329.15
588.65	326.25
592.25	331.35
592.75	331.4
595.75	334.1
599.95	338.85
603.95	347.15
611.3	349.7
614	349.55
617.65	353.45
618.3	351.2
584.75	302.3
586.2	308.45
589.95	310.2
590.05	307.4
588.6	307.3
589.9	307.65
588.35	310
590.55	312.5
589.2	313.8
589.8	317.75
587.85	318.95
590.3	321.5
590.7	318.85
592.85	320.45
594.25	321.65
591.7	318
594.35	315.95
594.75	315.7
594.3	315.5
598.75	316.55
602	316.45
604.25	314.7
602.75	315.05
601.6	313.2
605.15	313.3
606.45	314.1
605.15	314.85
609.05	448.35
607.2	449.2
610	448.95
608.9	447.85
606.3	446.6
613.4	449.1
756.25	442.35
757.7	444.5
759.15	444.45
758.15	445.85
759.4	446.15
606.35	517.5
616.7	553.35
616.5	557.7
616.45	557.55
616.15	556.8
614.65	556.05
612.4	552.2
617.5	555.6
617.65	557.55
617.1	567.2
615.95	565.65
615.5	564.95
614.05	562.2
613.75	562.85
613.5	563.5
612.75	565.15
614	564.55
615.6	562.75
615.6	564.55
614.9	562.15
614.5	559.3
615.25	570.9
603.3	519.65
698.6	307.05
702.45	321.5
703.55	320.9
703.5	318.85
701.25	314.6
699.2	315.25
698.05	314.05
694.15	309.55
689.3	308.45
690.65	308.15
686.05	305.65
679.95	305.05
680.3	300.95
677.7	300
670.8	295.2
0	0
0	0
0	0
0	0
0	0
509.6	396.9
510.5	378.7
512.5	375.55
513.05	368.75
510.35	360.3
509.15	358.8
506.9	354.65
505.65	350.35
504.55	349.15
505.75	347.4
503.85	346.45
499.85	344.75
500.7	345.15
495.95	342
496.15	342.25
498	342.05
497.55	343.1
496.5	343.15
494.8	343.05
492.35	339.8
491.5	341.5
489.95	340.5
489.95	339.95
487.4	338.9
486.95	339.7
482.65	339
480.6	340.8
479.05	340.45
480.35	340.3
479.9	340.2
477.65	336.35
476.4	336.4
481.6	338.8
546.6	418.3
553.9	427.95
554.5	427.45
554.75	428.3
554.9	428.8
554.35	427.7
550.7	426.95
551.3	425.05
552.45	425.1
550.3	424.45
551.1	424.7
549.8	421.45
549.75	419.4
547	417.5
549.15	418
549.7	416.55
548.4	416.65
547.6	415.6
547.35	416.8
547.7	417.35
545.1	417.95
545.35	417.95
547.05	419.8
545.85	418.75
546.25	418.8
546.4	417.8
547.25	418.35
545.45	418.65
546.55	417.4
561.6	532
567.55	528.3
568.1	536
568.45	538.15
570.05	539.75
572.05	540.45
572.4	539.5
572.35	541
572.4	540.6
572	540.05
573.95	540.45
575.1	543.8
574.45	544.2
573.65	545.8
574.65	549.6
573.6	551.35
556.3	298.3
544.25	287
548.35	287.45
548.05	287.8
546.05	287.05
548.65	288.55
548.1	289.75
541.85	289.15
520	295.6
518.1	297.3
518	298.3
517.2	295.25
0	0
0	0
0	0
0	0
0	0
592.05	385.85
605.5	351.6
607.9	343.55
604.9	340.4
862.45	348.35
891.1	347.65
892.3	346.4
895.25	347.5
896.3	349
0	0
893.55	349.35
895.9	348.2
896.35	349.75
897.35	351
897.95	352.2
597.25	389.55
598.8	402.1
600	407.1
597.6	408.85
599.9	413.4
601.25	410.5
604.6	407.3
608.45	409.5
610.8	408.95
595.45	383.55
240.55	310.35
228.6	303.35
232.95	303.2
0	0
233.85	305.65
234.7	302.55
236	300.3
482.7	342.85
491.5	328.85
505.15	337.7
507.6	339.75
507.7	341.4
512.2	338.85
511.85	340.6
513.75	340.8
518.9	341.8
521.3	342.85
534.55	370.95
527.3	610.6
528.35	592.7
528.45	599.2
528.5	600.35
530.6	604.85
530.45	604.8
710.65	622.45
739.9	623.55
742	623.45
740.5	624.1
744.3	622.7
741.05	625.15
832.05	629.95
814.8	628.95
819.05	627.2
819.95	632.5
821.9	633.3
637.05	429.75
633.8	431.85
635.75	426.2
636.45	427.75
636.8	427.5
637.75	429.4
635.95	429.25
635.65	429.45
634.2	428.65
635.5	428.1
844.95	425.15
838.85	422.8
838.8	421.8
833.05	426.55
831.8	430.05
830.35	427.8
846.85	526.4
849.3	520
847.1	520.45
845.15	520.65
844.8	519.35
845.4	519.05
842.75	520.85
843.05	522.15
838.55	522.4
838.45	520.7
675.45	417.05
683.1	420.1
681.8	418.9
683.65	418.8
679.5	419.05
681.7	418.7
679.25	416.65
681.15	415.5
682.35	414.7
681.8	413.8
680.15	411.75
679.6	411.45
680	409.45
679.2	406.9
680.55	405.75
679.55	401.5
675.45	402.55
835.85	384.65
813.05	393.2
815.45	395.8
811.55	396
812.15	396.15
813.95	398.15
811.4	397.95
809.75	396.65
804.9	397.6
798.6	398.55
793.2	397.45
784.9	400
776.75	401.65
773.45	403.55
767.55	404.35
767.65	403.9
759.3	404
755.75	403.45
753.65	403.85
753.55	403.6
752.35	403.8
752.65	403.65
753.15	402.95
751.45	403.5
508.65	571.8
520.3	569.75
518.7	572.7
517.15	573.9
518.3	578.6
361.4	556.35
351.95	551.1
348.55	552.5
348	551.3
346.85	551.9
342.7	549.75
692.05	635.3
783.35	629.3
789.75	622.6
790.7	620.25
793.25	626
791.45	624.7
791.6	627.05
792.5	627.4
886.55	631.95
884.35	630.4
886	632.25
889.95	629.45
895.35	686.4
0	0
0	0
766.15	329.4
774.4	314.3
772.2	316
771.7	314.65
770.55	316.6
771.15	315.25
771.5	313.5
773.5	314.05
774.2	313.45
775.1	311.7
776.85	308.95
779.2	306.5
778.8	306.75
777.7	305.35
778.3	306.4
769.25	308.1
752.8	298.85
751.05	297.8
754.5	298.7
748	286.1
752.65	288.25
752.65	286.6
754.35	288.25
755.6	287.35
752.55	286.85
752.4	287.2
749.35	289.9
748.45	288.55
591.7	285.8
433.55	259.6
426.6	259.15
425.25	260
425.15	258.1
426.35	256.95
300.2	267.3
307.5	264.8
303.45	260.25
301.85	263.65
298.9	262.2
294.15	271.95
347.95	357.25
392.15	423.85
393.1	430
391.65	431.3
391.2	433.4
393.55	433.2
391.7	433.2
602.9	385
594.7	361.9
594.95	354.45
592.85	348.35
594.7	349.65
591.75	344.8
591.7	345.6
590.5	344.6
598.75	349.75
596.45	355.7
596.65	356.75
597.95	365.55
598.55	371.15
598.15	374.15
601.55	379.05
604.65	452.45
606.7	441.2
605.9	444.55
607.45	447.05
605.7	447.45
603.35	447.05
603.05	446.45
604.3	445.8
604.6	445
604.6	446.65
602.55	443.05
601.25	445.85
602.9	446.7
606.65	447.3
608.5	446.5
606.8	449.25
609.55	448.65
607.75	450.7
609.4	452.75
611.4	449.25
610.75	448.45
613.95	451.1
612.75	452.3
613	456.15
610.3	458.7
611.05	464.65
608.9	469.6
610.95	481.3
613.45	483.3
613.6	483.4
615.05	481.1
614.1	476.9
624.55	321.55
616.65	320.85
620.8	321.9
624.4	319.6
621.45	317.7
617.2	316.2
618.1	309.35
617.85	309.3
618.05	310.85
633.65	290.65
628.75	294.25
632.9	296.05
632.6	295.15
0	0
0	0
0	0
0	0
0	0
0	0
710.75	400.75
711.9	391.5
713.7	382.8
711.5	376.45
701.95	371.6
699	370.95
698.35	370.3
696.85	373.9
696.75	373.95
698.15	377.75
696.8	381.65
701.35	393.6
702.2	411.7
701.65	418.45
702.8	422.85
702.9	426.15
706	427.65
707.9	429.5
712.8	428.7
711	433.35
712.95	434.6
711.3	436.2
711.2	436.85
712.05	439.25
713.05	439.75
713.25	437.2
712.55	438.25
710.1	437.6
709.9	435.4
707.7	437.3
708.05	437.75
709.1	434.3
705.55	433.8
708.1	433.15
704.9	431.65
705.25	432.65
704.15	430.9
705.3	430.85
704.15	431.15
706.05	430.4
706.5	428.25
706.85	428.15
707.3	428.35
706.6	427.7
708.3	427.6
710.15	429.05
655.15	422.3
632.65	412.7
632.15	412.6
633.1	412.1
635.75	410.2
637.65	410.15
638.65	410.6
638.6	410.35
640.8	410.75
638.25	411.1
641.75	412.45
643.65	411.9
641.85	413.1
641.5	414.85
642.3	414.1
648.1	419.2
646.25	417.45
649.8	417
650.65	426.45
650.7	417.55
646.8	416.2
643.85	414.8
643.35	421.65
645.4	420.8
644.05	421.45
641.45	420.8
641.25	421.9
643.9	423.15
644.5	425.05
643	424.15
645	425.6
645.45	425.45
644.4	424.75
644.3	427.45
645.2	426.8
642.5	425.15
643.8	426.6
647.85	424.6
647.35	423.95
645.4	425.15
646.45	425
646.85	421.8
628.75	420.8
559.15	407.6
557.55	409.75
558.25	407.55
558.9	406.5
558.95	410.1
557.9	407.85
557.65	408.35
559.6	407.4
557.6	405.2
558.3	407.55
557.2	407.95
557.45	407.45
555.55	407.35
555	406.15
553.3	405.75
553.15	406.25
553.2	406.55
553	408.05
553.65	409.95
554.6	407.55
553.15	407.15
551.45	406.9
551.7	406.4
552.2	406.45
550.85	408.5
550.55	409.4
550.1	408.85
552.65	409.65
552.65	410.45
551.3	410.8
549.4	411
550.2	411.4
545.55	412.9
548.25	414.45
547.95	416.5
548.1	417.95
546.7	417.8
657.4	426
661.4	426.95
658.2	425.7
658.25	426
655.05	427.95
655.05	425.65
655.45	426.25
363.3	433.2
350.2	434.4
352.95	437.1
350.2	437.9
349.55	438.25
347.95	439.7
347.1	438.6
346.2	441.1
346.05	439.2
346.75	440.75
345.6	440.5
345.75	441.9
343.95	442.8
344.85	440.5
342.4	440.9
342.45	440.2
341.05	442.6
344.25	442.85
341.45	443.45
341.55	442.1
340.9	441.5
642.65	438.35
652.65	434.85
655.55	432.45
653.95	431.6
653.4	433.95
651.8	434.6
650.95	434.45
653.35	433.55
653.6	431.65
655.4	437.7
650.3	538.35
0	0
0	0
0	0
0	0
0	0
626.8	388.25
634.45	375.55
635.3	379.9
641.2	386.45
646.75	383.45
650.2	385.55
650.4	391.95
651	401.25
691.45	438.4
691.25	440.9
693.55	439.1
693.55	437.45
693.55	435.4
693.5	434.05
691.65	431.9
693.8	432.65
693.85	434.3
695.6	432.4
696.75	432.1
697.4	430.6
697.55	434
697.4	433.9
699.2	433
701.45	433.85
700.15	433.4
698.55	433.5
696.4	436.65
697.85	437.4
695.9	436.65
694.35	438.55
694.2	435.95
693.45	438.05
692.15	436.05
691.15	436.2
690.35	433.25
691.75	431.3
691.75	430.7
691.85	428.2
695.15	427.2
695.15	428.95
696.05	429.15
697.85	427.9
698.95	426.25
699.15	425.9
689.4	421.8
687.4	418.35
685.9	418.2
684.2	415.3
685.5	416.6
687.4	417.05
687.35	417.7
685.9	420
684.4	420.75
683.75	420.5
684.9	420.2
564.45	398
564.2	392.25
560.7	394.35
563.4	394
561.55	394.45
559.95	396.5
558.55	397.4
559.95	398.2
559.3	398.75
561.5	401
560.35	402
557.95	401.95
557.95	403.1
560.5	404.3
559.55	403.7
557.25	402.65
559	403.6
559.9	402.9
561.35	406.55
563.65	406
563.2	405.05
564	400.65
562.85	402.3
547.4	393.05
501.85	359.4
501.45	367.1
505.05	384.35
525.6	426.85
0	0
0	0
0	0
0	0
0	0
0	0
574.95	358.9
587.2	356.65
586.5	356.9
588.5	356.4
590.35	355.05
596	355.5
596.7	355.25
601.1	358.05
493.6	371.85
514.15	372.85
515.6	381.5
515.85	388.4
516.35	393
516.35	396.2
517.8	398.95
520.05	398.4
522.25	401.75
522.3	401.6
523.5	402.7
522.95	401.75
522.3	405.6
521.75	405.25
522.05	408.35
522.4	407.05
520.1	407.85
522.95	407.4
522.65	407.85
523.6	406.65
524.95	404.1
480.1	348.85
384.55	304.85
384.5	305
384.6	301.25
382.75	300.9
382.85	296.3
382.15	297.5
381.4	294.55
384.1	293.6
385.4	292.6
390.5	289.45
393.4	291.05
395.25	288.45
402.25	289.5
404.65	290
408.05	288.15
410.5	288.45
413.3	291.45
415.25	289.65
417.15	285.45
417.75	288.4
417.95	286.9
414.5	288.3
419.4	287.1
423.2	289.5
426.7	291.15
430.45	289.25
433.6	290.2
536.35	291.3
537.2	291.9
536.7	291.25
533.5	290.4
534.45	291.65
531.9	290.6
529.4	288.9
528.65	288.7
529.7	289.15
527.15	291.3
520.9	288.75
515.6	290.7
511.6	292.35
504.2	291.8
501.25	292.5
499.2	293.2
501.55	293.1
502.55	292.35
501.95	292.9
506.65	294.1
704.8	358.75
704.6	357.45
706.35	359.85
703.65	363.15
703.25	364.3
705.1	368.1
705.45	370.05
704	370.6
705.85	373.3
706.45	372.75
708	374.3
710.9	373.15
713.5	373.5
713.7	375.75
713.1	373.7
714.2	376.55
715.35	377
712.35	376.55
714.85	377.05
714.05	378.75
649.8	338.3
614.3	316
614.95	321.05
613.85	319.45
615.2	317.9
609.3	316.1
611.55	314.85
609.85	315.25
605.65	315.75
603.7	316.65
605.7	317.6
604.3	316.85
605.45	317.65
617	342.1
621.05	341.1
617.45	327
591.55	377.75
595.55	369.45
593.85	370
594.65	371.1
594.3	370.25
592.95	370
596.15	369.55
594.15	369.85
597.05	371.5
597.25	368.9
597.5	370.15
597.7	369.8
595.5	370.65
593.25	369
593.4	371.25
592.4	371.3
593.8	373.3
597	376.15
581.55	425.3
0	0
0	0
0	0
0	0
0	0
0	0
573.45	366.65
577.7	361.65
580.95	361.05
431.2	363.85
425.7	357.7
419.75	354.9
418.4	353.8
418.2	349.65
598.65	355.35
798.75	391.55
802.6	394.7
802.55	404.4
805.1	409.95
803.45	410.5
919.55	412.15
923.9	412.4
923.55	412.1
924.65	409.7
924.65	409.75
925.6	411.05
927.4	410.05
590.5	370.95
523.5	344.35
524.2	343.5
524.5	346.1
525.1	347.05
527.25	352
529.55	355.3
530.9	357.25
534.6	362.2
534.4	363.95
536.6	365.95
537	366.65
540.55	370.25
543.2	371.95
544.75	373.35
547.1	379.55
545.7	377.95
549.65	379.6
548.85	383.25
551.65	386.8
552	388.7
713.6	396
841.05	386.55
850.35	383.2
851.45	381.95
848.05	381.65
849.45	383.5
845.9	383.1
847.65	382.95
844.6	385.55
843.15	386.45
844.4	387.35
844.6	386.55
845.8	385.35
843.05	385.85
843.15	384.4
839.85	383.75
841.75	384.6
841.4	382.75
840.9	383.4
837.4	386.45
830.9	390.15
826.35	391.65
822.45	390.35
820.65	386.5
814.75	387.85
810.7	390.4
804.6	390.95
802.5	392.55
800.3	395.45
798.85	397.4
792.6	401.2
791.5	400.2
788.65	400.3
786	399.75
784.7	400.2
783.75	401.9
736.9	387.8
622.9	338.3
621.8	338.05
626.7	350.75
628.85	355.45
627.75	359.45
626.5	361.7
626.7	364.9
631.05	365
637.25	366.4
638	366.3
640	368
643.15	369
645.65	369.8
645.95	369.95
645.95	370.6
646.65	368.75
649	368.55
647.1	366.45
647.65	367.55
649.35	366.2
648.15	367.4
648.7	367.15
647.1	367.2
649.35	367.8
418.55	355.7
398.75	305.85
404.3	306.95
407.65	301.95
410.8	303.1
416	306.75
421.35	303.85
422.1	310.8
427.75	319.75
436.65	334.1
439.65	336.4
443.5	344.35
445.4	346.2
447.65	347.65
448.85	349.55
452.1	357.1
453.9	357.15
458.75	360.15
672.5	369.95
696.65	370.7
708.5	372.65
713.15	370.1
718.05	371.9
724.15	370.95
727.95	371.55
731.85	371.5
734	369.55
736.15	370.9
737.85	370.5
741.05	371.9
743.35	373.35
746.7	372.8
747.55	373.95
749.4	376.65
749.75	379.05
753.55	381
750.35	376.9
748.45	372.55
607.6	375
609.5	378.7
609.3	382.5
611.1	384
608.25	388.25
609.45	390.2
611.7	389.25
610.65	392.3
612.15	393.35
611.2	396.1
729.95	392.85
730.75	392.05
729.5	394.95
728.7	393.5
727.5	392.65
607.85	458.5
0	0
0	0
0	0
0	0
0	0
525.3	325.55
538.7	323.9
538.05	328.1
646.45	339.45
667.45	346.9
667.95	348.35
669.85	350.1
670.9	360.3
674	369.15
676.2	374.3
679.9	378.2
678.45	381.1
680.45	389.1
682.6	393.45
680.6	396.45
680.75	397.1
681.75	395.55
678.8	394.75
677.25	396.2
679.2	397.3
679.25	397
679.1	397.55
679.5	395.1
680.05	395.25
681.75	393.3
683.1	395.25
681.15	395.35
679.2	394.75
677.45	393.85
677	393.55
677.7	394.1
675.25	392.3
678	393.7
676.75	394.75
675.55	394.6
674.85	392.9
565.1	376.35
568.95	375.55
564.55	374.85
564.55	375.7
561.7	370.75
561.7	374.15
562.4	373.5
562.3	373.2
561.1	371.65
563.2	369.75
562.45	369.7
562.6	369.6
562	370.1
563.25	368.75
562.95	368.55
564.05	367.65
562.2	367.4
563.8	366.2
563.3	367.15
562.3	363.9
563.25	363.5
565.15	362.9
564.85	363.7
566.15	363.85
566.2	363.4
566.75	362.4
568.05	362.65
572.25	365.5
571.85	365.95
572.45	364.6
571.8	364.2
570.45	365.45
492.8	345.65
428.65	310.9
427.8	314.4
428.25	314.1
426.95	312.15
428	316.25
426.1	311.15
426	310.55
430.9	308.6
433.45	313.3
436.4	314.7
434.95	315.45
437.95	314.6
439.3	314.55
440	315.55
442.15	316.5
443.8	315.85
444.6	315.25
444.15	314.75
444.9	313.7
445.15	313.75
444.25	311.6
445.7	314.7
447.65	317.1
449.7	319.1
452.7	321.85
453.9	326.2
455.25	329.45
454	327.5
453.2	327.5
455.65	328.7
456.2	330.85
456.85	332.95
460.65	335.95
463	336.25
464.85	338.4
465.6	340.7
465.9	342
460.4	331.35
460.6	329.05
535.85	332.6
557.25	359.6
578.95	402.95
596.8	395.75
620.9	394.25
635.85	393.85
641.1	392.65
641.55	395.4
639.55	398.75
634.15	402.35
634.4	405.35
629.45	406.7
629.7	408.1
631.85	409.45
632.15	411.1
749.3	405.1
748.4	404.15
744.45	405.35
745.85	408.55
743.5	453.25
0	0
0	0
0	0
0	0
0	0
0	0
395.9	386.05
402.85	386.6
400.5	383.4
396.9	374.85
366.05	370.45
331.6	363.05
330.15	357.85
328.75	355.05
324.3	350.75
322.6	348.35
361.8	343.85
603.2	346
624.3	351.45
623.95	352.4
624.2	351.3
626.75	348.95
629.1	351.45
631.9	352.55
635.85	360.95
639.25	368.15
641.35	368.6
644.45	370.7
644.35	369.3
645.6	376.35
647.5	379.7
649.25	385.9
649.5	385
650.75	389.1
647.9	388.2
649.55	388.5
650.6	387.6
650.65	388.5
651.75	390.4
652.2	390.85
650.95	389.8
650.1	389.7
651.2	390.65
651.5	393.25
651.05	393.25
649.25	395.55
648.05	394.85
649.2	396.05
650.2	395.35
650.7	396.35
649.05	398.3
645.5	398.4
643.95	394.15
647.25	422.25
648	430.6
643.85	431.95
641.55	430.85
640.05	431.65
636.65	429.7
637.95	430.25
636.95	426.8
637.15	431.3
638.7	430.05
637.55	431.5
550.6	458.7
556.9	458.85
556.85	458.5
555.65	465.85
557.25	466.05
560.9	464.7
564.65	465.25
573.5	463
617.35	460.95
620.95	454.95
620.8	452.95
610.6	453.35
608.95	454.35
606.45	450.45
607.5	448.15
607.55	446.7
503.05	447.15
525.2	443
521.55	443.75
522.85	444
521.25	446.4
520.25	449.55
521	453.15
519.7	453.85
523.6	455.65
528.15	457.6
534.45	459.35
540.55	461.45
541.2	463.85
544.15	462.75
698.45	368.6
699.25	358.35
701.3	358.65
701.6	358.75
702.55	359.35
701.8	362.85
702.75	364.3
705.95	362.95
703.75	364.85
702.9	368.85
703.05	370.15
475.65	471.65
469.65	472.5
466.7	477.25
463.65	476.95
462.95	473.3
461.05	475.75
457.8	478.45
456.45	481.15
456.9	479.55
458.35	477.75
459.35	481.35
459.9	479.75
458.55	481.95
458.35	482.7
458.1	481.55
457.4	482.75
454.3	483
454.25	487.35
455.75	486.2
453.05	484.25
454	487.1
451.95	487.9
451.85	487.6
451.45	487.5
586.95	405.4
595.55	411.95
596.5	410.95
598.85	409.7
598.1	408.65
597.1	406.45
601.05	405.65
600.75	406.85
601.1	407.15
601.9	405.9
600.3	406.1
512	424.6
512.85	423.6
512.2	422.5
512.15	424.15
512.1	424.2
511.9	425.95
510.75	425.45
510.4	425.55
512.35	427.15
511.45	429.15
510.5	427.5
533.85	440.25
547.55	456.95
550.9	458.75
550	457.55
550.4	458.7
552.85	457.7
550.65	458.1
551.6	456.25
552.35	456.15
556.35	454.65
558.2	452.45
561.1	450.25
516.5	383.95
522.95	384.1
521.8	380.55
520.8	379.5
521.45	378.75
487.1	333.75
477.05	317.55
477.45	316.4
477.95	317.6
477.05	319.3
478.7	322.2
478.05	320.65
480.55	323.9
482.3	324.65
480.85	325.2
480.8	326.2
479.25	326.5
479.5	326.45
477.6	327.25
480.2	329.35
479.15	328.9
480.6	331.1
480.5	334.1
479.7	334.35
476.85	333.15
477.85	332.15
475.4	331.95
474.3	332.45
475.1	331.8
469.05	328
472.65	331.35
474.45	330.7
473.2	330.55
475.15	331
490.05	320.6
488.7	321.55
489.35	322.3
488.15	320.8
491.5	329.65
494.65	333.5
493.65	332.35
492.3	331.7
490.85	331.5
640.95	317.8
699.4	319.3
707.1	325.95
712.5	345.75
715.95	348.6
715.05	359.45
642	497.7
0	0
0	0
0	0
589.15	382.5
585.4	385.95
588.9	404.55
588.75	447.45
0	0
0	0
0	0
0	0
0	0
0	0
592.1	388.7
593.2	391.05
588.55	386.8
584.75	379.05
581.2	379.2
582.4	382.4
584	380.85
732.95	386.75
755.45	395.7
760.3	404.8
759.2	406.55
761.65	409.4
760.3	410.1
759.05	410.3
761.3	410.8
761.95	412
815.85	419.35
819.2	420.1
820	419.85
821.05	417.4
821.35	417.25
822.7	417.55
823.05	416.8
821.75	416.5
822.55	415
823.2	415.15
826.1	409.8
830.35	408.6
827.95	408.15
828.7	406.7
831.9	404.2
833.65	404.2
837.4	404.25
838.85	402.45
653.25	404.25
318.35	315.2
315.55	317.5
320.2	316.05
319.5	315.5
318.55	309
317.35	308.9
316.45	307.9
315.9	308.05
316.6	307.4
323.3	299.85
322.05	298.5
319.55	299.05
316.95	299.85
317.55	297.85
314.25	297.55
313.15	297.9
313.8	298.6
219.65	294.35
218.9	293.9
216.85	292.95
214.1	294.9
208.45	292.85
208.65	290.3
213.7	287.15
209.6	419.45
0	0
0	0
0	0
0	0
0	0
681.25	305.7
693.5	310.9
696.75	321.1
699.7	323.05
702.1	321.25
698.7	317.65
699.5	314.7
697.9	311.6
701.1	308.2
698.4	308.5
697.25	308.3
697.5	308.85
700.9	309.75
700	310.15
703.3	310.4
704.55	313.75
704.3	312.5
708.55	317.7
709.15	320.55
712.9	324.2
715.35	325.7
719.7	325.9
726.85	329
732.6	327.9
735.6	333.6
736.9	339.2
500.65	341.1
526.35	311
524.9	312.3
523.15	310.75
526.2	310.55
529	312.05
528.8	317.85
529.6	316.05
534.75	323.85
540.65	334.3
541.4	335.55
544.05	334.8
546.65	339.2
551.45	349.35
552	355.35
553.95	357.15
555.9	362.65
557.25	363.9
557.6	366.1
558.6	365.8
556.8	366.8
559.4	369.9
557.4	367.85
558	368.6
557.25	368.55
559.55	368.55
558.95	370.15
664.7	353.8
782.7	345.95
786.3	344.85
787.85	340.95
785.75	340.1
783.9	336
785.3	333.8
776.55	328.05
425.95	269.65
434.15	269.65
431.4	270.5
433.4	270.2
436.3	269.75
435.9	269.8
440.1	272.1
442.3	274.7
443.75	273.65
446.05	273.7
447.25	271.6
448.05	272.7
445.4	271.2
554.35	273.05
787.35	299.3
788	289.25
784.5	295
779.95	298.4
777.1	304.85
778.6	308.15
778.1	311.6
778.15	313.7
779.15	315.7
779.65	318
778.95	320.4
779.5	320.85
779.35	322.4
778.15	324.85
780.65	330.65
778.7	330.15
777.85	333.4
775.75	337
771.35	339.55
770.05	344.35
764.15	347.05
758.85	351.75
753.45	354.3
741.65	358.25
735.55	360.25
728.7	360.5
721	363.15
694.2	359.25
0	0
0	0
0	0
0	0
0	0
585.15	481.5
588.85	456.85
588.05	443.1
580.65	438.7
576.75	438.3
571.9	439.4
568.45	436.3
565.25	439.85
566.8	437.85
569.05	436.45
565.75	437.75
566.45	438.85
565.5	439.45
564.75	439.15
567.4	438.1
565.8	438.15
567.5	437.35
566.75	437.85
569.55	440.55
571	441.2
573.05	440.25
573.7	443.05
572	440.3
574.5	441.2
576	441.95
576.2	443.45
578.05	444.55
578.9	442.5
580.15	444.15
580.75	444.25
581.4	445.1
594.05	441.9
730.15	462.75
738.35	462.6
742.2	465.35
741.5	464.9
742.9	463.8
743.5	466.7
745	470.15
745.25	466.6
744.6	466.65
746.45	464.45
746.2	460.15
747.45	459.25
745.3	459.9
745.65	456.5
747.2	457.35
747.35	456.45
751.85	353.75
752.7	348.35
753.5	348.65
753.75	352.85
752.5	351.75
672.45	354.1
538.2	327.9
537.1	331.6
540.15	334.05
540.6	333
538.35	328.65
540.25	329.1
538.85	334.05
737.25	349.65
734.7	346.6
730.8	344.85
0	0
0	0
0	0
0	0
0	0
0	0
0	0
540.2	382.8
553.25	355.5
556.1	349
557.05	346.8
559.5	345.1
557.75	342.5
555.9	342.6
556.85	335.35
563.9	455.3
565.95	445.55
565.1	446.05
565.9	446.5
566.65	447.55
563.8	446.95
607.75	424.1
659.25	302.1
660.45	301.3
658.45	301
658.95	299.65
656.95	301.6
656.7	299.95
655	301.8
656.15	301.65
652.75	300.9
652.25	302.8
652.85	298.8
653.15	296.05
651.8	297.45
657.55	272.2
657.6	273.35
658.6	269.9
657.4	269.65
656.1	269.3
660.2	267.7
545.6	252.2
541.35	250
543.8	251.5
544.4	247.75
545.55	246.45
540.4	246.65
559.95	275.4
560.4	268.2
562.6	269.95
562.75	271.4
560.5	270.6
559.95	269.25
556.8	268.3
558.95	268.95
558.15	267.75
562.3	267.65
559.6	268.35
562.6	270.05
562.65	271.4
562.35	269.65
562.75	270.95
563.7	271.4
771.8	330.1
773.3	330.1
775.3	329.4
777.1	328.4
778.4	326.65
777.35	327.45
775.95	325.3
774.25	326.25
638.6	343.8
637.7	343.15
637.45	344.1
637.2	345.2
635.8	345.5
537.4	491.1
572.4	536.85
574.55	543.6
576.15	544.5
577.35	546.7
575.55	547.4
619.1	504.6
615.9	504.85
618.35	507.45
616.95	505.85
619.2	510.45
617.65	508.85
623	521.55
625.25	531.05
624.65	525.25
662.15	366.6
666.6	370.65
667.85	370.15
666.25	370.65
664.7	370.85
665.1	364.05
0	0
0	0
0	0
0	0
0	0
0	0
0	0
535.05	388.2
552.15	347.25
552.35	339.35
548.75	336.75
545.45	331.35
540.8	328.3
541	326.95
541.7	323.9
540.9	323.2
541.45	321.65
539	321.95
540.4	321.2
539.15	321.05
537.25	321.3
