0	0
0	0
0	0
0	0
0	0
0	0
0	0
442.55	522.25
443.83	531.48
443.83	531.48
443.83	531.48
443.83	531.48
443.83	531.48
443.83	531.48
443.83	531.48
443.83	531.48
443.83	531.48
443.83	531.48
443.83	531.48
443.83	531.48
443.83	531.48
443.83	531.48
443.83	531.48
443.83	531.48
443.83	531.48
443.83	531.48
443.83	531.48
443.83	531.48
443.83	531.48
443.83	531.48
443.83	531.48
443.83	531.48
438.72	514.33
438.72	514.33
406.85	406.17
397.92	374.51
395.37	363.96
395.37	363.96
394.1	362.64
394.1	362.64
394.1	362.64
394.1	362.64
394.1	362.64
394.1	362.64
394.1	362.64
394.1	362.64
394.1	362.64
394.1	362.64
394.1	362.64
394.1	362.64
394.1	362.64
394.1	362.64
394.1	362.64
394.1	362.64
380.07	387.7
372.42	400.89
366.05	412.76
362.22	419.36
362.22	420.68
362.22	420.68
360.95	420.68
360.95	420.68
360.95	420.68
360.95	420.68
360.95	420.68
360.95	420.68
360.95	420.68
360.95	420.68
360.95	420.68
360.95	420.68
360.95	420.68
360.95	420.68
360.95	420.68
360.95	420.68
360.95	420.68
360.95	420.68
360.95	420.68
360.95	420.68
360.95	420.68
360.95	420.68
360.95	420.68
376.25	410.12
376.25	410.12
376.25	410.12
410.67	399.57
411.95	398.25
424.7	395.61
424.7	395.61
427.25	395.61
429.8	394.3
431.07	394.3
437.45	394.3
437.45	394.3
441.28	394.3
447.65	394.3
448.93	394.3
448.93	394.3
448.93	394.3
450.2	392.98
450.2	392.98
450.2	392.98
450.2	392.98
450.2	392.98
457.85	394.3
470.6	395.61
471.88	396.93
471.88	396.93
485.9	396.93
485.9	396.93
496.1	394.3
496.1	394.3
498.65	392.98
498.65	392.98
501.2	390.34
502.48	389.02
502.48	389.02
502.48	389.02
502.48	389.02
502.48	389.02
502.48	387.7
502.48	387.7
502.48	387.7
502.48	387.7
502.48	387.7
502.48	387.7
502.48	386.38
502.48	386.38
501.2	386.38
501.2	386.38
501.2	386.38
501.2	386.38
501.2	386.38
501.2	386.38
501.2	385.06
501.2	385.06
499.93	385.06
499.93	385.06
499.93	385.06
498.65	383.74
496.1	382.42
496.1	382.42
487.18	373.19
476.98	363.96
473.15	360
471.88	358.68
471.88	358.68
470.6	356.04
468.05	354.72
466.78	352.09
464.23	349.45
464.23	349.45
462.95	348.13
461.68	348.13
461.68	346.81
461.68	346.81
459.13	345.49
459.13	345.49
457.85	344.17
456.58	344.17
456.58	344.17
456.58	344.17
456.58	342.85
456.58	342.85
455.3	342.85
455.3	342.85
454.03	341.53
454.03	341.53
448.93	336.26
448.93	336.26
447.65	334.94
446.38	333.62
446.38	333.62
446.38	332.3
446.38	332.3
445.1	332.3
445.1	330.98
443.83	330.98
442.55	328.34
440	327.02
440	327.02
438.72	324.39
437.45	323.07
434.9	320.43
434.9	320.43
433.62	319.11
433.62	319.11
433.62	319.11
433.62	319.11
433.62	319.11
433.62	319.11
433.62	319.11
433.62	319.11
433.62	319.11
433.62	319.11
433.62	319.11
433.62	319.11
433.62	319.11
433.62	319.11
433.62	319.11
433.62	319.11
433.62	319.11
433.62	319.11
433.62	319.11
433.62	319.11
433.62	319.11
433.62	319.11
433.62	319.11
433.62	319.11
433.62	319.11
433.62	319.11
433.62	319.11
433.62	319.11
433.62	319.11
433.62	319.11
433.62	319.11
433.62	319.11
433.62	319.11
432.35	319.11
432.35	319.11
432.35	319.11
431.07	319.11
431.07	319.11
431.07	319.11
431.07	319.11
431.07	319.11
429.8	317.79
429.8	317.79
428.52	317.79
428.52	317.79
427.25	317.79
427.25	317.79
427.25	317.79
427.25	317.79
425.97	317.79
427.25	313.83
429.8	309.88
429.8	309.88
431.07	305.92
431.07	300.64
432.35	295.37
433.62	287.45
434.9	279.54
434.9	279.54
436.17	271.62
438.72	263.71
440	261.07
440	258.43
440	258.43
440	258.43
440	258.43
440	258.43
440	258.43
440	258.43
440	258.43
440	258.43
440	258.43
438.72	259.75
438.72	259.75
438.72	259.75
438.72	259.75
438.72	261.07
438.72	261.07
437.45	261.07
437.45	261.07
437.45	262.39
437.45	262.39
437.45	262.39
437.45	262.39
437.45	262.39
437.45	263.71
437.45	263.71
437.45	263.71
437.45	263.71
437.45	263.71
437.45	263.71
437.45	263.71
437.45	263.71
437.45	263.71
437.45	263.71
437.45	263.71
437.45	263.71
437.45	265.03
437.45	266.35
437.45	266.35
437.45	267.66
437.45	271.62
437.45	271.62
437.45	271.62
442.55	284.81
442.55	284.81
445.1	287.45
446.38	288.77
451.48	291.41
456.58	294.05
460.4	296.68
462.95	298
465.5	299.32
465.5	299.32
466.78	300.64
468.05	300.64
468.05	300.64
469.33	300.64
469.33	300.64
469.33	300.64
469.33	300.64
469.33	300.64
469.33	300.64
469.33	300.64
469.33	300.64
469.33	300.64
469.33	300.64
469.33	301.96
469.33	301.96
470.6	305.92
471.88	307.24
471.88	307.24
471.88	307.24
473.15	307.24
473.15	307.24
473.15	307.24
473.15	307.24
473.15	307.24
473.15	307.24
473.15	307.24
473.15	307.24
473.15	307.24
473.15	307.24
473.15	307.24
473.15	307.24
473.15	307.24
473.15	307.24
473.15	307.24
473.15	308.56
473.15	308.56
469.33	312.51
466.78	315.15
464.23	317.79
460.4	324.39
460.4	324.39
456.58	330.98
452.75	337.58
451.48	340.21
450.2	342.85
450.2	342.85
450.2	342.85
448.93	342.85
448.93	342.85
448.93	342.85
448.93	342.85
448.93	341.53
448.93	341.53
448.93	341.53
448.93	341.53
448.93	341.53
448.93	341.53
448.93	341.53
448.93	341.53
448.93	340.21
448.93	338.89
448.93	338.89
447.65	338.89
447.65	338.89
447.65	338.89
447.65	338.89
447.65	338.89
447.65	338.89
447.65	338.89
447.65	338.89
447.65	338.89
447.65	338.89
447.65	338.89
447.65	338.89
447.65	338.89
447.65	338.89
447.65	338.89
447.65	338.89
447.65	338.89
447.65	338.89
447.65	338.89
447.65	338.89
447.65	338.89
447.65	338.89
447.65	338.89
447.65	338.89
447.65	338.89
447.65	338.89
447.65	338.89
447.65	338.89
447.65	338.89
447.65	338.89
447.65	338.89
447.65	338.89
447.65	338.89
447.65	338.89
447.65	338.89
447.65	338.89
447.65	340.21
448.93	342.85
450.2	346.81
451.48	350.77
451.48	350.77
455.3	356.04
459.13	358.68
464.23	360
471.88	360
473.15	360
480.8	358.68
480.8	358.68
482.08	357.36
483.35	356.04
483.35	356.04
483.35	356.04
483.35	356.04
483.35	356.04
482.08	356.04
480.8	356.04
478.25	356.04
478.25	356.04
478.25	356.04
476.98	357.36
476.98	358.68
476.98	360
476.98	360
476.98	361.32
476.98	361.32
476.98	361.32
476.98	361.32
476.98	361.32
476.98	361.32
476.98	361.32
476.98	361.32
476.98	361.32
475.7	361.32
475.7	361.32
475.7	361.32
475.7	361.32
475.7	362.64
475.7	362.64
475.7	363.96
475.7	363.96
475.7	363.96
475.7	363.96
475.7	363.96
476.98	367.91
480.8	375.83
485.9	386.38
485.9	386.38
491	396.93
494.83	404.85
498.65	412.76
501.2	419.36
502.48	423.32
503.75	425.95
503.75	425.95
503.75	425.95
503.75	425.95
503.75	425.95
503.75	425.95
503.75	425.95
503.75	425.95
503.75	425.95
503.75	425.95
503.75	425.95
502.48	425.95
502.48	425.95
502.48	425.95
502.48	425.95
501.2	425.95
501.2	425.95
501.2	425.95
501.2	425.95
501.2	425.95
501.2	425.95
501.2	425.95
501.2	427.27
501.2	427.27
501.2	428.59
501.2	428.59
501.2	428.59
501.2	428.59
501.2	428.59
501.2	428.59
501.2	428.59
501.2	428.59
501.2	428.59
501.2	428.59
501.2	428.59
501.2	428.59
501.2	428.59
501.2	429.91
499.93	429.91
499.93	429.91
499.93	429.91
499.93	429.91
499.93	429.91
499.93	429.91
499.93	429.91
499.93	429.91
499.93	429.91
499.93	429.91
499.93	429.91
499.93	429.91
499.93	429.91
499.93	429.91
499.93	429.91
499.93	428.59
499.93	428.59
499.93	428.59
499.93	428.59
499.93	428.59
499.93	428.59
499.93	428.59
499.93	428.59
499.93	428.59
499.93	428.59
499.93	428.59
499.93	428.59
499.93	428.59
499.93	428.59
499.93	427.27
498.65	427.27
498.65	427.27
498.65	427.27
498.65	427.27
498.65	427.27
498.65	427.27
498.65	427.27
498.65	427.27
498.65	427.27
498.65	427.27
498.65	427.27
498.65	427.27
498.65	427.27
498.65	427.27
498.65	427.27
498.65	427.27
498.65	427.27
496.1	425.95
496.1	425.95
482.08	425.95
480.8	424.63
479.53	422
479.53	418.04
479.53	418.04
478.25	415.4
476.98	412.76
473.15	407.49
470.6	404.85
468.05	402.21
468.05	400.89
468.05	400.89
466.78	400.89
466.78	400.89
466.78	400.89
466.78	400.89
466.78	400.89
466.78	400.89
465.5	402.21
465.5	402.21
464.23	404.85
462.95	407.49
460.4	412.76
454.03	419.36
447.65	427.27
441.28	436.51
441.28	436.51
437.45	440.46
433.62	444.42
431.07	447.06
429.8	447.06
429.8	447.06
429.8	447.06
428.52	447.06
428.52	447.06
428.52	447.06
428.52	445.74
428.52	445.74
428.52	445.74
428.52	445.74
428.52	445.74
428.52	445.74
428.52	445.74
428.52	445.74
428.52	445.74
428.52	445.74
428.52	445.74
428.52	445.74
428.52	445.74
428.52	445.74
428.52	445.74
428.52	445.74
428.52	445.74
428.52	445.74
428.52	445.74
428.52	445.74
428.52	445.74
428.52	445.74
428.52	445.74
428.52	445.74
428.52	445.74
428.52	445.74
428.52	445.74
432.35	435.19
432.35	435.19
437.45	425.95
442.55	414.08
447.65	403.53
450.2	399.57
450.2	396.93
450.2	396.93
450.2	395.61
450.2	395.61
450.2	394.3
450.2	394.3
450.2	394.3
450.2	394.3
450.2	394.3
450.2	394.3
450.2	394.3
450.2	394.3
450.2	394.3
450.2	394.3
450.2	394.3
450.2	394.3
450.2	394.3
450.2	394.3
450.2	394.3
450.2	394.3
450.2	394.3
450.2	394.3
450.2	394.3
450.2	394.3
450.2	394.3
450.2	394.3
450.2	394.3
450.2	394.3
450.2	394.3
450.2	394.3
450.2	394.3
450.2	394.3
450.2	394.3
450.2	394.3
450.2	394.3
450.2	394.3
450.2	394.3
450.2	394.3
450.2	394.3
448.93	394.3
448.93	394.3
446.38	399.57
442.55	402.21
442.55	402.21
441.28	403.53
438.72	404.85
437.45	404.85
436.17	404.85
433.62	404.85
433.62	404.85
429.8	404.85
425.97	404.85
422.15	404.85
417.05	402.21
414.5	399.57
411.95	395.61
411.95	395.61
409.4	394.3
408.12	392.98
408.12	391.66
408.12	391.66
408.12	391.66
408.12	391.66
408.12	391.66
408.12	391.66
408.12	391.66
408.12	391.66
408.12	391.66
408.12	391.66
408.12	391.66
408.12	391.66
408.12	391.66
408.12	391.66
408.12	391.66
408.12	391.66
408.12	391.66
408.12	383.74
408.12	377.15
408.12	371.87
408.12	371.87
408.12	366.6
409.4	361.32
411.95	354.72
413.22	352.09
414.5	348.13
414.5	348.13
414.5	345.49
415.77	342.85
417.05	340.21
418.32	338.89
418.32	337.58
418.32	336.26
418.32	336.26
418.32	336.26
418.32	336.26
418.32	336.26
418.32	336.26
418.32	336.26
418.32	336.26
418.32	336.26
418.32	336.26
418.32	336.26
418.32	336.26
418.32	336.26
418.32	336.26
418.32	336.26
418.32	336.26
418.32	336.26
418.32	336.26
418.32	336.26
418.32	336.26
418.32	336.26
418.32	336.26
418.32	334.94
418.32	334.94
418.32	334.94
418.32	334.94
418.32	334.94
418.32	334.94
418.32	334.94
418.32	334.94
418.32	334.94
418.32	334.94
418.32	334.94
418.32	334.94
418.32	334.94
418.32	334.94
418.32	334.94
418.32	334.94
418.32	334.94
418.32	334.94
418.32	334.94
418.32	334.94
418.32	334.94
418.32	334.94
418.32	334.94
418.32	334.94
418.32	334.94
418.32	334.94
418.32	334.94
418.32	334.94
418.32	334.94
418.32	334.94
418.32	334.94
418.32	334.94
418.32	334.94
418.32	334.94
418.32	334.94
418.32	334.94
418.32	334.94
418.32	334.94
418.32	334.94
418.32	334.94
418.32	334.94
418.32	334.94
418.32	337.58
415.77	341.53
415.77	341.53
415.77	341.53
408.12	345.49
408.12	345.49
401.75	344.17
399.2	338.89
399.2	334.94
399.2	334.94
399.2	330.98
399.2	328.34
399.2	325.7
399.2	325.7
400.47	323.07
400.47	323.07
400.47	323.07
400.47	323.07
400.47	323.07
400.47	323.07
400.47	323.07
400.47	323.07
400.47	323.07
400.47	323.07
400.47	323.07
400.47	323.07
400.47	323.07
400.47	323.07
400.47	323.07
399.2	319.11
399.2	319.11
399.2	319.11
395.37	312.51
394.1	308.56
394.1	305.92
392.82	304.6
392.82	303.28
392.82	303.28
392.82	303.28
392.82	301.96
392.82	301.96
392.82	301.96
392.82	301.96
392.82	301.96
392.82	301.96
392.82	301.96
392.82	301.96
392.82	301.96
392.82	301.96
392.82	301.96
392.82	301.96
392.82	301.96
392.82	300.64
392.82	300.64
392.82	296.68
392.82	287.45
392.82	283.49
392.82	279.54
394.1	278.22
394.1	278.22
394.1	275.58
394.1	275.58
394.1	274.26
394.1	274.26
395.37	274.26
399.2	279.54
399.2	279.54
399.2	279.54
399.2	279.54
399.2	279.54
399.2	279.54
399.2	280.86
399.2	280.86
400.47	282.17
400.47	283.49
401.75	284.81
401.75	284.81
403.02	286.13
408.12	290.09
413.22	294.05
425.97	303.28
436.17	312.51
436.17	312.51
443.83	320.43
448.93	325.7
450.2	325.7
448.93	324.39
448.93	324.39
448.93	324.39
448.93	324.39
448.93	324.39
448.93	324.39
448.93	324.39
448.93	324.39
448.93	324.39
448.93	324.39
448.93	324.39
448.93	324.39
448.93	324.39
448.93	324.39
448.93	324.39
448.93	324.39
448.93	324.39
448.93	324.39
448.93	324.39
448.93	324.39
447.65	323.07
447.65	323.07
446.38	321.75
446.38	321.75
446.38	321.75
446.38	321.75
446.38	321.75
446.38	321.75
446.38	321.75
446.38	321.75
446.38	321.75
446.38	321.75
446.38	321.75
446.38	321.75
446.38	320.43
446.38	320.43
446.38	320.43
