0	0
0	0
0	0
0	0
0	0
0	0
0	0
0	0
0	0
0	0
0	0
0	0
0	0
0	0
0	0
0	0
499.88	287.83
431.66	247.27
411.6	226.99
390.54	206.71
359.44	185.41
351.41	181.36
347.4	176.29
347.4	174.26
346.4	169.19
348.41	162.09
350.41	158.03
352.42	153.98
353.42	150.93
355.43	148.91
359.44	142.82
359.44	140.79
360.44	137.75
360.44	137.75
360.44	136.74
360.44	136.74
360.44	136.74
359.44	136.74
359.44	136.74
358.44	136.74
356.43	136.74
355.43	136.74
355.43	136.74
355.43	136.74
355.43	136.74
355.43	136.74
355.43	136.74
355.43	136.74
354.42	136.74
347.4	136.74
336.37	139.78
325.33	141.81
320.32	143.84
319.31	143.84
318.31	143.84
318.31	143.84
323.33	143.84
338.37	140.79
373.48	134.71
439.69	135.72
465.77	141.81
483.83	148.91
499.88	154.99
505.89	158.03
512.92	160.06
515.93	160.06
517.93	161.07
519.94	161.07
519.94	161.07
519.94	161.07
521.94	161.07
525.96	161.07
544.01	159.05
584.14	157.02
657.36	156
693.48	156
721.56	156
727.58	156
734.6	156
737.61	156
738.62	156
739.62	156
739.62	156
739.62	156
739.62	156
739.62	156
739.62	156
739.62	156
739.62	156
739.62	156
739.62	156
739.62	156
739.62	156
739.62	156
739.62	156
739.62	156
739.62	156
739.62	156
739.62	156
739.62	156
739.62	156
739.62	156
739.62	156
739.62	156
739.62	156
718.55	157.02
651.35	163.1
645.33	165.13
627.27	166.14
625.26	167.16
623.26	168.17
623.26	168.17
618.24	171.21
615.23	173.24
614.23	173.24
614.23	173.24
614.23	173.24
614.23	173.24
614.23	173.24
614.23	173.24
614.23	173.24
614.23	173.24
614.23	173.24
614.23	173.24
614.23	173.24
614.23	173.24
614.23	173.24
614.23	173.24
614.23	173.24
614.23	173.24
614.23	173.24
614.23	173.24
614.23	173.24
614.23	173.24
614.23	173.24
614.23	173.24
614.23	173.24
614.23	173.24
614.23	173.24
614.23	173.24
614.23	173.24
614.23	173.24
614.23	173.24
614.23	173.24
614.23	173.24
614.23	173.24
614.23	173.24
614.23	173.24
614.23	173.24
614.23	173.24
614.23	173.24
614.23	173.24
614.23	173.24
614.23	173.24
614.23	173.24
614.23	173.24
614.23	173.24
610.22	174.26
610.22	174.26
519.94	188.45
503.89	192.51
490.85	195.55
488.84	197.58
487.84	197.58
487.84	197.58
487.84	197.58
487.84	197.58
487.84	197.58
487.84	197.58
487.84	197.58
487.84	197.58
487.84	197.58
487.84	197.58
487.84	197.58
487.84	197.58
487.84	197.58
487.84	197.58
487.84	197.58
487.84	197.58
487.84	197.58
487.84	197.58
487.84	197.58
487.84	203.66
487.84	249.3
487.84	249.3
491.85	269.58
496.87	300
496.87	300
509.91	375.04
519.94	425.74
519.94	425.74
522.95	439.94
522.95	442.98
522.95	442.98
523.95	444
523.95	444
523.95	444
523.95	444
523.95	444
523.95	444
523.95	444
523.95	444
523.95	444
523.95	444
523.95	444
523.95	444
523.95	444
523.95	444
523.95	444
520.94	422.7
510.91	348.67
510.91	348.67
499.88	275.66
492.85	222.93
492.85	222.93
491.85	201.64
491.85	197.58
491.85	197.58
491.85	195.55
491.85	195.55
491.85	195.55
491.85	194.54
491.85	194.54
491.85	194.54
491.85	194.54
491.85	194.54
491.85	194.54
491.85	194.54
491.85	194.54
491.85	194.54
491.85	194.54
491.85	194.54
491.85	194.54
491.85	194.54
491.85	194.54
491.85	194.54
491.85	194.54
491.85	194.54
491.85	194.54
491.85	194.54
491.85	194.54
491.85	194.54
491.85	194.54
491.85	194.54
491.85	194.54
491.85	194.54
491.85	194.54
491.85	194.54
491.85	194.54
491.85	194.54
491.85	194.54
491.85	194.54
491.85	194.54
491.85	194.54
491.85	194.54
491.85	194.54
491.85	194.54
491.85	194.54
491.85	194.54
491.85	194.54
491.85	194.54
491.85	194.54
491.85	194.54
491.85	194.54
491.85	194.54
491.85	194.54
491.85	194.54
491.85	194.54
491.85	194.54
491.85	194.54
491.85	194.54
491.85	194.54
491.85	194.54
491.85	194.54
491.85	194.54
491.85	194.54
491.85	194.54
488.84	194.54
436.68	197.58
436.68	197.58
392.54	199.61
392.54	199.61
385.52	199.61
384.52	199.61
384.52	199.61
384.52	199.61
384.52	199.61
385.52	198.59
386.52	198.59
387.53	198.59
388.53	198.59
391.54	198.59
391.54	198.59
396.55	198.59
396.55	198.59
399.56	198.59
399.56	198.59
400.57	198.59
400.57	198.59
400.57	198.59
400.57	198.59
400.57	198.59
400.57	198.59
400.57	198.59
400.57	198.59
400.57	198.59
403.58	202.65
403.58	203.66
404.58	206.71
404.58	206.71
404.58	206.71
404.58	206.71
404.58	206.71
404.58	206.71
404.58	206.71
404.58	206.71
404.58	206.71
404.58	206.71
404.58	206.71
404.58	206.71
404.58	206.71
404.58	206.71
404.58	206.71
404.58	206.71
404.58	206.71
404.58	206.71
404.58	206.71
404.58	206.71
410.6	205.69
426.65	203.66
426.65	203.66
457.74	203.66
471.79	203.66
480.82	204.68
494.86	206.71
500.88	206.71
506.9	206.71
515.93	206.71
516.93	206.71
521.94	206.71
522.95	206.71
522.95	206.71
522.95	206.71
522.95	206.71
522.95	206.71
522.95	206.71
522.95	206.71
522.95	206.71
522.95	206.71
522.95	206.71
522.95	206.71
522.95	206.71
522.95	206.71
522.95	206.71
522.95	206.71
522.95	206.71
522.95	206.71
499.88	206.71
436.68	206.71
436.68	206.71
313.3	206.71
299.25	206.71
292.23	206.71
291.23	206.71
291.23	206.71
291.23	206.71
291.23	206.71
291.23	206.71
291.23	206.71
291.23	206.71
291.23	206.71
291.23	206.71
261.13	207.72
261.13	207.72
213.99	207.72
200.95	204.68
198.94	202.65
196.93	202.65
195.93	202.65
192.92	202.65
190.92	202.65
190.92	203.66
187.91	206.71
182.89	210.76
167.84	243.21
167.84	255.38
183.89	283.78
212.98	328.39
234.05	361.86
273.17	421.69
298.25	448.05
311.29	458.19
332.36	465.29
363.45	464.28
373.48	460.22
431.66	422.7
453.73	404.45
471.79	391.27
527.96	358.82
555.05	346.65
575.11	336.51
610.22	316.22
624.26	305.07
635.3	295.94
650.34	267.55
652.35	232.06
648.34	221.92
640.31	182.37
637.3	150.93
637.3	130.65
641.31	105.3
648.34	98.2
660.37	93.13
700.5	86.03
736.61	94.15
747.64	100.23
771.72	125.58
774.73	129.64
792.78	166.14
805.83	178.31
811.84	186.43
813.85	197.58
813.85	205.69
809.84	210.76
794.79	220.9
778.74	244.23
764.7	264.51
724.57	320.28
719.56	328.39
683.45	381.12
673.41	394.31
671.41	398.36
666.39	415.6
670.4	424.73
675.42	428.79
706.52	435.88
720.56	435.88
743.63	435.88
757.68	437.91
764.7	437.91
770.72	437.91
773.73	437.91
788.77	433.86
791.78	430.81
792.78	429.8
801.81	415.6
804.82	406.48
806.83	402.42
807.83	401.41
807.83	399.38
807.83	399.38
807.83	399.38
807.83	399.38
807.83	399.38
807.83	399.38
807.83	399.38
807.83	399.38
807.83	399.38
807.83	399.38
807.83	399.38
807.83	399.38
810.84	399.38
823.88	401.41
838.93	402.42
842.94	402.42
845.95	402.42
851.97	402.42
856.98	401.41
857.99	401.41
856.98	401.41
856.98	401.41
856.98	401.41
856.98	401.41
856.98	401.41
856.98	401.41
856.98	401.41
855.98	401.41
855.98	401.41
855.98	401.41
855.98	401.41
855.98	401.41
855.98	401.41
855.98	401.41
855.98	401.41
855.98	401.41
855.98	401.41
855.98	401.41
855.98	400.39
854.98	400.39
854.98	400.39
854.98	400.39
854.98	399.38
854.98	399.38
854.98	399.38
854.98	399.38
854.98	399.38
854.98	399.38
854.98	399.38
854.98	399.38
854.98	399.38
854.98	399.38
854.98	399.38
854.98	398.36
854.98	398.36
854.98	398.36
854.98	398.36
854.98	398.36
854.98	398.36
854.98	398.36
854.98	398.36
854.98	398.36
854.98	398.36
854.98	398.36
854.98	398.36
854.98	398.36
854.98	398.36
854.98	398.36
854.98	398.36
854.98	398.36
854.98	398.36
850.97	397.35
832.91	393.29
782.75	383.15
675.42	357.8
662.38	352.73
647.33	333.46
649.34	321.3
655.36	309.13
658.37	304.06
663.38	287.83
668.4	267.55
668.4	256.4
668.4	256.4
663.38	247.27
656.36	240.17
654.36	238.14
652.35	233.07
652.35	229.02
651.35	226.99
651.35	225.97
651.35	225.97
651.35	225.97
651.35	225.97
651.35	225.97
651.35	225.97
651.35	225.97
651.35	225.97
651.35	225.97
651.35	225.97
651.35	225.97
651.35	225.97
651.35	225.97
651.35	225.97
651.35	225.97
651.35	225.97
651.35	225.97
651.35	225.97
651.35	225.97
651.35	225.97
651.35	225.97
651.35	225.97
651.35	225.97
651.35	225.97
651.35	225.97
651.35	225.97
651.35	225.97
651.35	225.97
651.35	225.97
651.35	225.97
651.35	225.97
651.35	225.97
651.35	225.97
651.35	225.97
651.35	225.97
651.35	225.97
651.35	225.97
651.35	225.97
640.31	215.83
632.29	208.73
611.22	193.52
600.19	186.43
592.16	182.37
589.15	180.34
588.15	178.31
585.14	177.3
584.14	176.29
583.13	176.29
583.13	176.29
583.13	176.29
583.13	176.29
583.13	176.29
583.13	176.29
583.13	176.29
583.13	176.29
583.13	176.29
600.19	172.23
600.19	172.23
637.3	177.3
661.38	194.54
671.41	201.64
681.44	206.71
692.47	215.83
700.5	222.93
706.52	228
710.53	231.04
711.53	231.04
710.53	232.06
702.5	232.06
689.46	228
616.24	212.79
537.99	189.47
517.93	183.38
499.88	178.31
472.79	177.3
451.73	177.3
438.69	178.31
416.62	178.31
412.6	178.31
406.59	178.31
400.57	178.31
399.56	178.31
395.55	178.31
393.55	178.31
391.54	178.31
388.53	177.3
380.5	176.29
376.49	175.27
371.48	174.26
367.46	174.26
365.46	174.26
364.45	174.26
364.45	174.26
364.45	174.26
364.45	174.26
364.45	174.26
364.45	174.26
364.45	174.26
364.45	174.26
364.45	174.26
364.45	174.26
364.45	174.26
364.45	174.26
364.45	174.26
364.45	174.26
364.45	174.26
364.45	174.26
364.45	174.26
364.45	174.26
364.45	174.26
364.45	174.26
364.45	174.26
364.45	174.26
364.45	174.26
364.45	174.26
372.48	172.23
395.55	168.17
398.56	168.17
401.57	168.17
402.57	168.17
402.57	168.17
402.57	168.17
402.57	168.17
402.57	168.17
402.57	168.17
402.57	168.17
402.57	168.17
402.57	168.17
402.57	168.17
402.57	168.17
402.57	168.17
402.57	168.17
402.57	168.17
402.57	168.17
402.57	168.17
402.57	168.17
402.57	168.17
402.57	168.17
402.57	168.17
402.57	168.17
402.57	168.17
402.57	168.17
402.57	168.17
402.57	168.17
402.57	168.17
402.57	168.17
402.57	168.17
402.57	168.17
402.57	168.17
402.57	168.17
402.57	168.17
402.57	168.17
402.57	168.17
402.57	168.17
402.57	168.17
402.57	168.17
402.57	168.17
402.57	168.17
402.57	168.17
402.57	168.17
402.57	168.17
402.57	168.17
402.57	168.17
402.57	168.17
402.57	168.17
402.57	168.17
402.57	168.17
402.57	168.17
402.57	168.17
402.57	168.17
402.57	168.17
402.57	168.17
402.57	168.17
402.57	168.17
402.57	168.17
402.57	168.17
402.57	168.17
402.57	168.17
402.57	168.17
402.57	168.17
402.57	168.17
402.57	168.17
402.57	168.17
402.57	168.17
402.57	168.17
402.57	168.17
402.57	168.17
402.57	168.17
402.57	168.17
402.57	168.17
402.57	168.17
402.57	168.17
402.57	168.17
402.57	168.17
402.57	168.17
402.57	168.17
402.57	168.17
402.57	168.17
402.57	168.17
402.57	168.17
402.57	168.17
402.57	168.17
402.57	168.17
402.57	168.17
402.57	168.17
402.57	168.17
402.57	168.17
402.57	168.17
402.57	168.17
402.57	168.17
402.57	168.17
402.57	168.17
402.57	168.17
402.57	168.17
402.57	168.17
402.57	168.17
402.57	168.17
402.57	168.17
402.57	168.17
402.57	168.17
402.57	168.17
402.57	168.17
402.57	168.17
402.57	168.17
402.57	168.17
402.57	168.17
402.57	168.17
402.57	168.17
402.57	168.17
402.57	168.17
402.57	168.17
402.57	168.17
402.57	168.17
402.57	168.17
402.57	168.17
402.57	168.17
402.57	168.17
402.57	168.17
402.57	168.17
402.57	168.17
402.57	168.17
402.57	168.17
402.57	168.17
402.57	168.17
402.57	168.17
402.57	168.17
402.57	168.17
402.57	168.17
402.57	168.17
402.57	168.17
402.57	168.17
402.57	168.17
402.57	168.17
402.57	168.17
402.57	168.17
402.57	168.17
402.57	168.17
402.57	168.17
402.57	168.17
402.57	168.17
402.57	168.17
402.57	168.17
402.57	168.17
402.57	168.17
402.57	168.17
402.57	168.17
402.57	168.17
402.57	168.17
402.57	168.17
402.57	168.17
402.57	168.17
402.57	168.17
402.57	168.17
402.57	168.17
402.57	168.17
402.57	168.17
402.57	168.17
402.57	168.17
402.57	168.17
402.57	168.17
402.57	168.17
402.57	168.17
402.57	168.17
402.57	168.17
402.57	168.17
402.57	168.17
402.57	168.17
402.57	168.17
402.57	168.17
402.57	168.17
402.57	168.17
402.57	168.17
402.57	168.17
402.57	168.17
402.57	168.17
402.57	168.17
402.57	168.17
402.57	168.17
402.57	168.17
405.58	164.12
426.65	152.96
510.91	117.47
572.1	101.25
598.18	98.2
637.3	95.16
647.33	95.16
652.35	95.16
668.4	95.16
680.44	94.15
690.47	94.15
707.52	97.19
710.53	97.19
712.54	97.19
721.56	99.22
721.56	99.22
744.64	102.26
752.66	105.3
756.67	109.36
768.71	113.41
779.74	119.5
786.77	125.58
806.83	139.78
813.85	144.85
816.86	149.92
816.86	150.93
816.86	150.93
816.86	150.93
816.86	150.93
816.86	150.93
816.86	150.93
816.86	150.93
816.86	150.93
816.86	150.93
816.86	150.93
816.86	150.93
816.86	150.93
817.86	151.95
826.89	166.14
827.89	169.19
832.91	178.31
832.91	179.33
832.91	179.33
832.91	179.33
832.91	179.33
832.91	179.33
832.91	179.33
832.91	179.33
832.91	179.33
833.91	180.34
837.93	182.37
844.95	185.41
849.96	187.44
863	197.58
872.03	202.65
876.04	206.71
881.06	210.76
882.06	211.78
882.06	211.78
882.06	211.78
883.07	211.78
884.07	211.78
884.07	211.78
884.07	211.78
884.07	211.78
884.07	211.78
884.07	211.78
884.07	211.78
884.07	211.78
884.07	211.78
884.07	211.78
884.07	211.78
884.07	211.78
884.07	211.78
884.07	211.78
884.07	211.78
884.07	211.78
884.07	211.78
884.07	211.78
884.07	211.78
884.07	211.78
884.07	211.78
884.07	211.78
884.07	211.78
884.07	211.78
884.07	211.78
884.07	211.78
884.07	211.78
884.07	211.78
884.07	211.78
884.07	211.78
884.07	211.78
884.07	211.78
884.07	211.78
848.96	191.5
833.91	183.38
831.91	181.36
830.9	180.34
832.91	179.33
833.91	178.31
836.92	175.27
839.93	174.26
840.93	174.26
840.93	174.26
840.93	174.26
840.93	174.26
840.93	174.26
840.93	174.26
840.93	174.26
840.93	174.26
840.93	174.26
840.93	174.26
840.93	174.26
840.93	174.26
840.93	174.26
840.93	174.26
840.93	174.26
840.93	174.26
840.93	174.26
840.93	174.26
840.93	174.26
840.93	174.26
840.93	174.26
840.93	174.26
840.93	174.26
840.93	174.26
840.93	174.26
840.93	174.26
834.92	173.24
822.88	170.2
816.86	167.16
808.83	164.12
806.83	163.1
804.82	161.07
804.82	159.05
805.83	157.02
805.83	157.02
809.84	150.93
811.84	149.92
812.85	149.92
814.85	147.89
815.86	146.88
816.86	145.86
816.86	145.86
816.86	145.86
816.86	145.86
816.86	144.85
816.86	143.84
816.86	143.84
815.86	143.84
815.86	143.84
813.85	143.84
812.85	143.84
811.84	143.84
810.84	143.84
810.84	143.84
810.84	143.84
810.84	143.84
810.84	143.84
810.84	143.84
810.84	143.84
809.84	143.84
807.83	148.91
807.83	148.91
788.77	161.07
760.69	168.17
736.61	171.21
708.52	174.26
701.5	174.26
699.5	174.26
697.49	173.24
697.49	172.23
698.49	172.23
700.5	170.2
701.5	169.19
701.5	169.19
703.51	167.16
708.52	167.16
709.53	167.16
710.53	167.16
710.53	167.16
710.53	166.14
710.53	166.14
710.53	166.14
710.53	166.14
710.53	166.14
710.53	166.14
710.53	166.14
710.53	166.14
710.53	166.14
710.53	166.14
714.54	166.14
714.54	166.14
714.54	166.14
714.54	166.14
714.54	166.14
714.54	166.14
714.54	166.14
714.54	166.14
714.54	166.14
704.51	166.14
704.51	166.14
648.34	166.14
612.22	164.12
572.1	164.12
470.79	169.19
445.71	170.2
441.69	170.2
441.69	171.21
441.69	172.23
440.69	172.23
440.69	172.23
440.69	172.23
440.69	172.23
440.69	172.23
440.69	172.23
440.69	172.23
440.69	172.23
440.69	172.23
440.69	172.23
440.69	172.23
440.69	172.23
440.69	172.23
440.69	172.23
440.69	172.23
440.69	172.23
440.69	172.23
440.69	172.23
440.69	172.23
440.69	172.23
440.69	172.23
440.69	172.23
440.69	172.23
440.69	172.23
440.69	172.23
440.69	172.23
440.69	172.23
440.69	172.23
440.69	172.23
440.69	172.23
411.6	169.19
411.6	169.19
373.48	163.1
367.46	163.1
365.46	163.1
359.44	167.16
351.41	172.23
345.4	178.31
327.34	197.58
321.32	203.66
314.3	210.76
303.26	217.86
301.26	218.88
298.25	220.9
297.25	220.9
297.25	220.9
297.25	220.9
297.25	220.9
297.25	220.9
297.25	220.9
297.25	220.9
297.25	220.9
297.25	220.9
297.25	220.9
297.25	220.9
297.25	220.9
297.25	220.9
297.25	220.9
297.25	220.9
297.25	220.9
297.25	219.89
298.25	218.88
298.25	218.88
298.25	218.88
298.25	218.88
298.25	218.88
298.25	218.88
298.25	218.88
298.25	218.88
298.25	218.88
298.25	218.88
298.25	218.88
298.25	218.88
298.25	218.88
298.25	218.88
298.25	218.88
298.25	218.88
298.25	218.88
298.25	218.88
298.25	218.88
298.25	218.88
298.25	218.88
298.25	218.88
298.25	218.88
298.25	218.88
298.25	218.88
298.25	218.88
298.25	218.88
298.25	218.88
298.25	218.88
298.25	218.88
298.25	218.88
298.25	218.88
298.25	218.88
298.25	218.88
298.25	218.88
298.25	218.88
298.25	218.88
298.25	218.88
298.25	218.88
298.25	218.88
295.24	218.88
270.16	218.88
270.16	218.88
210.98	202.65
186.9	191.5
180.88	189.47
163.83	182.37
163.83	182.37
159.82	178.31
157.81	176.29
155.81	175.27
155.81	175.27
155.81	175.27
155.81	175.27
155.81	175.27
174.87	181.36
251.1	212.79
319.31	239.16
334.36	245.24
343.39	246.26
351.41	245.24
364.45	241.18
379.5	237.13
404.58	231.04
413.61	231.04
419.63	231.04
430.66	229.02
435.68	226.99
439.69	225.97
444.7	224.96
451.73	221.92
456.74	220.9
456.74	220.9
456.74	220.9
456.74	220.9
456.74	220.9
456.74	220.9
456.74	220.9
456.74	220.9
456.74	220.9
456.74	220.9
456.74	220.9
456.74	220.9
456.74	220.9
456.74	220.9
480.82	226.99
511.91	238.14
517.93	239.16
527.96	241.18
549.03	245.24
561.07	247.27
571.1	250.31
581.13	251.33
584.14	251.33
593.17	254.37
601.19	255.38
603.2	255.38
605.2	255.38
612.22	255.38
617.24	255.38
619.25	255.38
620.25	255.38
621.25	255.38
630.28	255.38
636.3	255.38
640.31	255.38
644.32	255.38
652.35	255.38
654.36	255.38
656.36	255.38
656.36	255.38
657.36	255.38
658.37	255.38
658.37	255.38
658.37	255.38
658.37	255.38
658.37	255.38
648.34	255.38
648.34	255.38
608.21	256.4
595.17	256.4
573.1	256.4
557.05	256.4
531.98	259.44
499.88	259.44
490.85	258.42
481.82	256.4
469.78	255.38
463.76	255.38
455.74	254.37
446.71	253.35
444.7	253.35
444.7	253.35
444.7	253.35
444.7	253.35
444.7	253.35
444.7	253.35
444.7	253.35
444.7	253.35
444.7	253.35
444.7	253.35
446.71	252.34
488.84	247.27
560.06	255.38
582.13	261.47
595.17	265.52
612.22	266.54
616.24	266.54
624.26	265.52
638.31	263.49
644.32	263.49
652.35	261.47
654.36	260.45
657.36	259.44
658.37	259.44
658.37	259.44
658.37	259.44
658.37	259.44
658.37	259.44
658.37	259.44
658.37	259.44
658.37	259.44
658.37	259.44
658.37	259.44
658.37	259.44
656.36	256.4
656.36	256.4
641.31	237.13
617.24	200.62
611.22	189.47
600.19	161.07
596.17	141.81
595.17	137.75
593.17	133.69
593.17	131.67
593.17	130.65
593.17	130.65
593.17	129.64
593.17	130.65
595.17	133.69
596.17	137.75
598.18	141.81
600.19	145.86
605.2	162.09
607.21	171.21
609.21	181.36
612.22	190.48
612.22	194.54
612.22	194.54
612.22	194.54
612.22	194.54
612.22	194.54
612.22	194.54
612.22	194.54
612.22	194.54
612.22	194.54
612.22	194.54
612.22	194.54
612.22	194.54
612.22	194.54
612.22	194.54
612.22	194.54
608.21	210.76
600.19	240.17
596.17	257.41
590.16	271.61
584.14	280.73
583.13	284.79
583.13	286.82
582.13	287.83
582.13	289.86
581.13	290.87
580.12	293.92
577.12	297.97
571.1	304.06
535.99	325.35
500.88	337.52
463.76	348.67
437.68	360.84
418.62	370.98
388.53	387.21
368.47	398.36
347.4	415.6
327.34	441.97
326.34	446.02
326.34	449.07
331.35	455.15
334.36	455.15
338.37	455.15
341.38	455.15
344.39	455.15
347.4	455.15
352.42	455.15
355.43	455.15
356.43	455.15
356.43	455.15
356.43	455.15
355.43	455.15
311.29	442.98
225.02	411.55
142.77	389.24
54.49	370.98
49.48	370.98
44.46	370.98
44.46	370.98
44.46	370.98
44.46	370.98
44.46	370.98
44.46	370.98
49.48	366.93
104.65	326.37
118.69	316.22
122.7	309.13
126.72	303.04
133.74	288.85
139.76	275.66
162.83	230.03
173.86	212.79
197.94	182.37
217	165.13
247.09	153.98
263.14	153.98
294.24	157.02
339.38	175.27
355.43	185.41
369.47	198.59
397.56	226.99
405.58	237.13
412.6	248.28
416.62	254.37
420.63	267.55
421.63	273.63
422.64	275.66
422.64	275.66
422.64	275.66
422.64	275.66
422.64	275.66
422.64	275.66
422.64	275.66
422.64	275.66
422.64	275.66
422.64	275.66
422.64	275.66
422.64	275.66
422.64	275.66
422.64	275.66
422.64	275.66
422.64	275.66
422.64	275.66
422.64	275.66
422.64	275.66
422.64	275.66
422.64	275.66
422.64	275.66
424.64	276.68
424.64	276.68
437.68	284.79
439.69	284.79
440.69	284.79
447.71	285.8
464.77	287.83
475.8	287.83
482.82	289.86
494.86	290.87
499.88	290.87
501.88	290.87
501.88	290.87
501.88	290.87
501.88	290.87
501.88	290.87
501.88	290.87
501.88	290.87
501.88	290.87
501.88	290.87
501.88	290.87
501.88	290.87
501.88	290.87
501.88	290.87
501.88	290.87
501.88	290.87
501.88	290.87
501.88	290.87
501.88	290.87
501.88	290.87
501.88	290.87
501.88	290.87
501.88	290.87
501.88	290.87
501.88	290.87
501.88	290.87
501.88	290.87
501.88	290.87
501.88	290.87
501.88	290.87
501.88	290.87
501.88	290.87
501.88	290.87
501.88	290.87
501.88	290.87
501.88	290.87
501.88	290.87
501.88	290.87
501.88	290.87
501.88	290.87
501.88	290.87
503.89	289.86
503.89	289.86
516.93	279.72
522.95	278.7
524.95	275.66
527.96	260.45
527.96	245.24
526.96	237.13
525.96	232.06
525.96	231.04
524.95	231.04
523.95	226.99
522.95	225.97
522.95	224.96
522.95	224.96
522.95	224.96
522.95	224.96
522.95	224.96
522.95	224.96
522.95	224.96
522.95	224.96
522.95	224.96
522.95	224.96
522.95	224.96
522.95	224.96
522.95	224.96
522.95	224.96
522.95	224.96
522.95	224.96
522.95	224.96
522.95	224.96
522.95	224.96
522.95	224.96
522.95	224.96
522.95	224.96
522.95	224.96
522.95	225.97
530.97	247.27
532.98	252.34
535.99	258.42
536.99	260.45
537.99	260.45
539	260.45
539	260.45
553.04	264.51
561.07	266.54
564.07	267.55
568.09	267.55
569.09	267.55
573.1	267.55
582.13	266.54
583.13	265.52
572.1	251.33
512.92	212.79
491.85	209.75
465.77	210.76
445.71	216.85
441.69	217.86
439.69	218.88
436.68	220.9
435.68	220.9
435.68	220.9
435.68	220.9
435.68	220.9
435.68	220.9
435.68	220.9
435.68	220.9
435.68	220.9
435.68	220.9
437.68	220.9
437.68	220.9
437.68	220.9
437.68	220.9
437.68	220.9
437.68	220.9
437.68	220.9
437.68	220.9
437.68	220.9
437.68	220.9
437.68	220.9
448.72	220.9
463.76	225.97
479.81	233.07
480.82	234.09
480.82	234.09
482.82	234.09
488.84	235.1
517.93	243.21
526.96	246.26
540	251.33
543.01	252.34
546.02	253.35
548.02	253.35
549.03	253.35
558.06	256.4
563.07	258.42
564.07	259.44
565.08	259.44
565.08	259.44
565.08	259.44
565.08	259.44
565.08	259.44
565.08	259.44
565.08	259.44
565.08	259.44
565.08	259.44
565.08	259.44
565.08	259.44
565.08	259.44
565.08	259.44
568.09	259.44
571.1	260.45
572.1	260.45
572.1	260.45
572.1	260.45
572.1	260.45
572.1	260.45
572.1	259.44
576.11	259.44
580.12	259.44
596.17	259.44
603.2	260.45
612.22	263.49
624.26	268.56
635.3	273.63
641.31	276.68
652.35	281.75
655.36	281.75
664.39	283.78
668.4	284.79
671.41	286.82
681.44	289.86
690.47	294.93
694.48	295.94
696.49	297.97
696.49	297.97
696.49	297.97
696.49	297.97
696.49	297.97
696.49	297.97
696.49	297.97
696.49	297.97
696.49	297.97
696.49	297.97
696.49	297.97
696.49	297.97
696.49	297.97
696.49	297.97
696.49	297.97
677.43	295.94
614.23	280.73
588.15	274.65
535.99	266.54
529.97	264.51
507.9	263.49
504.89	263.49
503.89	263.49
499.88	263.49
483.83	264.51
466.77	265.52
451.73	265.52
451.73	265.52
451.73	265.52
451.73	265.52
451.73	265.52
451.73	265.52
451.73	265.52
451.73	265.52
451.73	264.51
451.73	263.49
451.73	263.49
469.78	258.42
480.82	256.4
499.88	254.37
536.99	255.38
541	256.4
561.07	259.44
587.15	263.49
593.17	263.49
604.2	263.49
612.22	263.49
619.25	262.48
625.26	262.48
625.26	262.48
625.26	262.48
625.26	262.48
625.26	262.48
625.26	262.48
593.17	287.83
568.09	312.17
540	341.58
497.87	396.34
483.83	414.59
475.8	422.7
471.79	427.77
470.79	427.77
470.79	428.79
467.78	429.8
467.78	429.8
465.77	429.8
465.77	429.8
465.77	429.8
465.77	429.8
462.76	428.79
455.74	426.76
439.69	425.74
288.22	409.52
249.1	405.46
235.05	402.42
214.99	401.41
205.96	403.43
199.94	405.46
183.89	409.52
181.89	410.53
179.88	410.53
169.85	414.59
151.79	419.66
139.76	422.7
134.74	424.73
134.74	424.73
134.74	423.71
144.77	420.67
174.87	407.49
285.21	380.11
327.34	384.17
344.39	389.24
359.44	394.31
387.53	405.46
399.56	410.53
399.56	410.53
429.66	417.63
438.69	418.64
441.69	418.64
445.71	418.64
446.71	418.64
464.77	413.57
471.79	410.53
475.8	409.52
483.83	405.46
486.83	404.45
487.84	404.45
487.84	404.45
487.84	404.45
481.82	404.45
460.75	401.41
355.43	391.27
307.28	385.18
286.21	383.15
235.05	380.11
198.94	379.1
160.82	383.15
158.82	383.15
164.84	380.11
231.04	348.67
280.19	333.46
375.49	315.21
499.88	295.94
549.03	290.87
607.21	281.75
637.3	265.52
658.37	251.33
678.43	239.16
697.49	230.03
704.51	228
709.53	226.99
709.53	226.99
709.53	226.99
709.53	226.99
709.53	226.99
709.53	226.99
709.53	226.99
709.53	226.99
709.53	226.99
709.53	226.99
709.53	226.99
709.53	226.99
709.53	226.99
709.53	226.99
709.53	226.99
709.53	226.99
709.53	226.99
709.53	226.99
709.53	226.99
709.53	226.99
709.53	226.99
709.53	226.99
709.53	226.99
709.53	226.99
709.53	226.99
709.53	226.99
709.53	226.99
704.51	224.96
683.45	216.85
669.4	212.79
660.37	210.76
644.32	208.73
635.3	206.71
632.29	206.71
632.29	206.71
632.29	205.69
632.29	205.69
632.29	204.68
648.34	198.59
664.39	195.55
672.41	195.55
680.44	194.54
686.45	194.54
700.5	196.57
710.53	201.64
725.58	210.76
727.58	211.78
736.61	220.9
742.63	228
742.63	229.02
742.63	230.03
742.63	230.03
742.63	230.03
742.63	231.04
741.63	231.04
735.61	235.1
725.58	241.18
716.55	245.24
694.48	254.37
694.48	254.37
641.31	260.45
624.26	260.45
594.17	258.42
592.16	258.42
584.14	257.41
569.09	255.38
556.05	254.37
514.92	252.34
491.85	251.33
476.8	251.33
451.73	254.37
424.64	259.44
417.62	259.44
409.6	262.48
371.48	275.66
352.42	281.75
335.36	287.83
324.33	290.87
320.32	291.89
307.28	294.93
281.2	303.04
274.17	305.07
264.14	308.11
245.08	316.22
239.07	319.27
224.02	324.34
210.98	329.41
205.96	329.41
198.94	329.41
196.93	328.39
192.92	326.37
186.9	320.28
183.89	316.22
172.86	308.11
155.81	291.89
153.8	287.83
152.8	283.78
158.82	273.63
165.84	265.52
175.87	254.37
178.88	252.34
178.88	251.33
179.88	250.31
183.89	247.27
188.91	243.21
189.91	243.21
189.91	243.21
190.92	242.2
191.92	241.18
194.93	240.17
198.94	239.16
210.98	235.1
217	234.09
227.03	232.06
241.07	232.06
252.11	235.1
266.15	239.16
299.25	246.26
305.27	247.27
330.35	249.3
367.46	259.44
379.5	263.49
393.55	269.58
413.61	287.83
420.63	300
431.66	323.32
454.74	373.01
459.75	389.24
464.77	402.42
469.78	427.77
471.79	437.91
474.8	448.05
478.81	482.53
479.81	489.63
479.81	491.66
474.8	495.71
465.77	498.75
445.71	498.75
411.6	498.75
403.58	498.75
396.55	498.75
365.46	498.75
349.41	498.75
332.36	497.74
317.31	490.64
311.29	485.57
308.28	479.49
304.27	446.02
315.3	405.46
343.39	344.62
365.46	306.08
394.55	266.54
412.6	246.26
438.69	222.93
508.9	177.3
540	157.02
564.07	140.79
613.23	116.46
619.25	113.41
648.34	102.26
648.34	102.26
672.41	98.2
682.44	97.19
705.51	101.25
721.56	106.32
747.64	116.46
788.77	133.69
804.82	138.77
813.85	142.82
825.89	144.85
832.91	144.85
841.94	144.85
850.97	141.81
852.97	140.79
852.97	140.79
852.97	140.79
852.97	140.79
852.97	140.79
852.97	140.79
852.97	140.79
852.97	140.79
852.97	140.79
852.97	140.79
852.97	140.79
851.97	140.79
839.93	141.81
750.65	149.92
721.56	150.93
708.52	149.92
692.47	145.86
663.38	145.86
653.35	147.89
647.33	149.92
644.32	149.92
644.32	149.92
644.32	149.92
644.32	149.92
644.32	149.92
645.33	148.91
646.33	147.89
646.33	147.89
659.37	147.89
680.44	153.98
690.47	158.03
713.54	175.27
720.56	184.4
728.59	203.66
731.59	210.76
734.6	219.89
739.62	231.04
739.62	232.06
739.62	233.07
739.62	233.07
739.62	235.1
739.62	238.14
740.62	250.31
740.62	267.55
740.62	285.8
737.61	313.18
735.61	370.98
736.61	387.21
739.62	417.63
740.62	438.93
740.62	441.97
740.62	441.97
740.62	441.97
740.62	441.97
740.62	441.97
740.62	441.97
740.62	441.97
740.62	441.97
740.62	441.97
755.67	417.63
768.71	386.19
779.74	377.07
807.83	357.8
813.85	352.73
817.86	348.67
819.87	341.58
818.87	339.55
817.86	336.51
819.87	330.42
820.87	328.39
820.87	325.35
821.88	324.34
828.9	312.17
831.91	310.14
835.92	301.01
840.93	292.9
841.94	291.89
842.94	290.87
843.94	288.85
851.97	285.8
856.98	283.78
871.03	280.73
884.07	279.72
892.09	278.7
896.11	278.7
900.12	277.69
908.14	276.68
909.15	275.66
911.15	275.66
912.16	275.66
912.16	275.66
912.16	275.66
912.16	275.66
912.16	275.66
911.15	275.66
910.15	275.66
909.15	275.66
909.15	275.66
908.14	275.66
907.14	275.66
907.14	275.66
901.12	275.66
888.08	274.65
843.94	268.56
822.88	263.49
804.82	258.42
791.78	255.38
759.68	250.31
734.6	246.26
708.52	242.2
703.51	241.18
694.48	239.16
676.42	239.16
668.4	237.13
661.38	237.13
652.35	235.1
640.31	234.09
608.21	229.02
597.18	226.99
574.11	224.96
574.11	224.96
549.03	222.93
535.99	222.93
521.94	222.93
503.89	222.93
488.84	224.96
483.83	226.99
478.81	226.99
459.75	235.1
459.75	235.1
432.67	246.26
425.64	248.28
419.63	248.28
403.58	248.28
394.55	245.24
381.51	239.16
362.45	222.93
354.42	214.82
344.39	200.62
340.38	183.38
342.39	178.31
349.41	166.14
364.45	147.89
373.48	141.81
395.55	129.64
408.59	124.57
408.59	124.57
416.62	122.54
418.62	123.55
419.63	123.55
425.64	127.61
426.65	127.61
426.65	127.61
426.65	127.61
426.65	127.61
426.65	127.61
426.65	127.61
426.65	127.61
426.65	127.61
426.65	127.61
426.65	127.61
426.65	127.61
426.65	127.61
426.65	127.61
426.65	127.61
426.65	127.61
418.62	128.62
368.47	135.72
368.47	135.72
240.07	143.84
202.95	147.89
179.88	151.95
162.83	159.05
160.82	162.09
160.82	162.09
160.82	162.09
160.82	162.09
160.82	162.09
160.82	162.09
160.82	162.09
160.82	162.09
165.84	162.09
174.87	166.14
172.86	167.16
153.8	176.29
133.74	194.54
118.69	214.82
98.63	289.86
96.62	316.22
96.62	325.35
98.63	339.55
99.63	341.58
99.63	341.58
99.63	341.58
101.64	343.6
103.65	344.62
120.7	363.89
129.73	376.05
134.74	384.17
147.78	398.36
155.81	405.46
161.83	408.5
182.89	408.5
191.92	404.45
199.94	399.38
213.99	395.32
231.04	392.28
241.07	389.24
247.09	388.22
250.1	385.18
250.1	385.18
250.1	385.18
250.1	385.18
250.1	385.18
250.1	385.18
250.1	385.18
250.1	385.18
250.1	385.18
250.1	385.18
250.1	385.18
300.26	391.27
300.26	391.27
371.48	391.27
390.54	394.31
414.61	400.39
447.71	413.57
451.73	414.59
463.76	418.64
463.76	418.64
463.76	418.64
463.76	418.64
463.76	418.64
463.76	418.64
463.76	418.64
463.76	418.64
463.76	418.64
463.76	418.64
474.8	417.63
501.88	415.6
515.93	413.57
531.98	403.43
548.02	381.12
554.04	367.94
555.05	334.48
554.04	320.28
554.04	309.13
558.06	283.78
558.06	271.61
558.06	267.55
558.06	263.49
558.06	261.47
558.06	260.45
558.06	260.45
558.06	260.45
558.06	260.45
558.06	260.45
558.06	260.45
558.06	260.45
558.06	260.45
558.06	260.45
558.06	260.45
558.06	260.45
558.06	260.45
558.06	260.45
558.06	260.45
558.06	260.45
558.06	260.45
558.06	260.45
558.06	260.45
558.06	260.45
558.06	260.45
558.06	260.45
558.06	260.45
558.06	260.45
558.06	260.45
558.06	260.45
558.06	260.45
558.06	260.45
558.06	260.45
558.06	260.45
558.06	260.45
558.06	260.45
558.06	260.45
558.06	260.45
558.06	260.45
564.07	260.45
564.07	260.45
606.21	269.58
620.25	275.66
627.27	279.72
654.36	301.01
672.41	315.21
680.44	322.31
692.47	332.45
699.5	336.51
703.51	338.53
715.55	348.67
724.57	357.8
728.59	362.87
740.62	370.98
748.65	373.01
755.67	375.04
765.7	377.07
782.75	376.05
792.78	373.01
806.83	367.94
830.9	354.76
841.94	344.62
856.98	325.35
865.01	313.18
869.02	303.04
872.03	291.89
869.02	268.56
864.01	243.21
861	222.93
852.97	166.14
847.96	145.86
844.95	134.71
838.93	118.48
834.92	112.4
834.92	111.39
833.91	107.33
833.91	106.32
839.93	109.36
845.95	115.44
857.99	134.71
865.01	148.91
869.02	163.1
874.04	194.54
876.04	206.71
877.05	214.82
882.06	241.18
884.07	252.34
884.07	259.44
879.05	270.59
866.01	298.99
863	311.15
854.98	361.86
852.97	375.04
851.97	387.21
848.96	402.42
847.96	407.49
847.96	407.49
845.95	412.56
845.95	412.56
845.95	412.56
844.95	413.57
843.94	413.57
840.93	418.64
832.91	423.71
820.87	430.81
792.78	451.09
768.71	463.26
763.69	465.29
761.69	465.29
747.64	465.29
726.58	465.29
708.52	462.25
693.48	458.19
685.45	454.14
682.44	450.08
682.44	448.05
696.49	436.9
726.58	426.76
801.81	414.59
844.95	409.52
878.05	402.42
921.18	393.29
928.21	389.24
929.21	389.24
930.21	389.24
930.21	389.24
930.21	388.22
929.21	385.18
865.01	304.06
795.79	243.21
676.42	130.65
652.35	85.02
645.33	65.75
644.32	58.65
644.32	57.64
644.32	58.65
644.32	58.65
644.32	58.65
644.32	58.65
644.32	58.65
644.32	58.65
648.34	61.7
648.34	61.7
659.37	80.96
660.37	93.13
661.38	101.25
662.38	115.44
662.38	119.5
662.38	120.51
662.38	121.53
662.38	121.53
662.38	121.53
662.38	121.53
662.38	121.53
662.38	121.53
662.38	121.53
662.38	121.53
662.38	121.53
662.38	121.53
662.38	121.53
662.38	121.53
662.38	121.53
662.38	121.53
662.38	121.53
662.38	121.53
662.38	121.53
711.53	133.69
766.7	150.93
781.75	156
788.77	158.03
788.77	158.03
788.77	158.03
788.77	158.03
796.8	154.99
796.8	154.99
812.85	146.88
814.85	145.86
816.86	143.84
818.87	141.81
820.87	137.75
822.88	134.71
822.88	133.69
822.88	133.69
822.88	133.69
822.88	133.69
822.88	133.69
822.88	133.69
822.88	133.69
822.88	133.69
822.88	133.69
820.87	133.69
819.87	133.69
814.85	133.69
790.78	137.75
772.72	141.81
763.69	141.81
762.69	141.81
761.69	141.81
756.67	141.81
744.64	141.81
740.62	141.81
722.57	141.81
716.55	141.81
715.55	140.79
707.52	139.78
699.5	138.77
696.49	137.75
692.47	136.74
689.46	136.74
689.46	136.74
689.46	136.74
689.46	136.74
689.46	135.72
689.46	135.72
689.46	135.72
689.46	135.72
689.46	135.72
689.46	135.72
689.46	135.72
689.46	134.71
689.46	134.71
691.47	134.71
691.47	134.71
691.47	134.71
691.47	134.71
691.47	134.71
691.47	134.71
691.47	134.71
691.47	134.71
691.47	134.71
691.47	134.71
691.47	134.71
691.47	134.71
691.47	134.71
691.47	134.71
691.47	134.71
691.47	134.71
691.47	134.71
691.47	134.71
691.47	134.71
682.44	134.71
663.38	132.68
652.35	130.65
624.26	128.62
567.08	127.61
547.02	127.61
519.94	129.64
454.74	141.81
433.67	145.86
421.63	149.92
407.59	158.03
405.58	159.05
403.58	161.07
402.57	162.09
401.57	162.09
401.57	162.09
401.57	162.09
401.57	162.09
401.57	162.09
401.57	162.09
401.57	162.09
401.57	162.09
401.57	162.09
401.57	162.09
401.57	162.09
402.57	162.09
402.57	162.09
431.66	149.92
488.84	137.75
536.99	137.75
593.17	137.75
624.26	137.75
661.38	136.74
704.51	133.69
712.54	132.68
740.62	129.64
750.65	129.64
756.67	129.64
760.69	129.64
762.69	129.64
771.72	127.61
777.74	125.58
786.77	123.55
795.79	121.53
796.8	121.53
796.8	121.53
796.8	121.53
796.8	121.53
796.8	121.53
796.8	121.53
796.8	121.53
796.8	121.53
796.8	121.53
796.8	121.53
792.78	121.53
747.64	123.55
649.34	132.68
595.17	134.71
526.96	139.78
478.81	140.79
436.68	143.84
379.5	149.92
334.36	158.03
308.28	162.09
302.26	163.1
298.25	164.12
297.25	164.12
297.25	164.12
297.25	164.12
297.25	164.12
297.25	164.12
297.25	164.12
297.25	164.12
297.25	164.12
297.25	164.12
297.25	164.12
297.25	164.12
297.25	164.12
297.25	164.12
297.25	163.1
297.25	162.09
297.25	162.09
297.25	162.09
297.25	162.09
297.25	162.09
297.25	162.09
297.25	162.09
297.25	162.09
297.25	162.09
297.25	162.09
297.25	162.09
297.25	162.09
302.26	162.09
359.44	174.26
387.53	174.26
433.67	177.3
502.88	181.36
523.95	184.4
550.03	190.48
615.23	199.61
636.3	199.61
662.38	199.61
706.52	188.45
716.55	185.41
724.57	182.37
724.57	182.37
724.57	182.37
724.57	182.37
724.57	182.37
724.57	182.37
724.57	182.37
724.57	182.37
747.64	177.3
846.95	168.17
918.17	173.24
944.26	175.27
961.31	175.27
994.41	168.17
1029.52	152.96
1051.59	138.77
1059.61	135.72
1067.64	133.69
1074.66	129.64
1075.66	129.64
1075.66	129.64
1075.66	129.64
1075.66	129.64
1075.66	129.64
1075.66	129.64
1075.66	129.64
1075.66	129.64
1013.47	136.74
862	157.02
716.55	175.27
495.86	209.75
407.59	225.97
329.35	247.27
297.25	260.45
295.24	263.49
289.22	267.55
273.17	286.82
243.08	323.32
233.05	337.52
232.04	339.55
232.04	339.55
232.04	339.55
235.05	338.53
239.07	338.53
259.13	333.46
268.16	332.45
269.16	332.45
271.17	336.51
282.2	355.77
286.21	364.9
291.23	374.03
297.25	379.1
299.25	379.1
299.25	379.1
301.26	379.1
301.26	379.1
307.28	375.04
310.29	372
310.29	372
310.29	372
310.29	372
308.28	365.91
308.28	365.91
299.25	334.48
299.25	326.37
305.27	312.17
310.29	305.07
310.29	305.07
310.29	305.07
310.29	305.07
310.29	305.07
309.28	305.07
302.26	304.06
271.17	295.94
267.15	292.9
271.17	285.8
288.22	270.59
303.26	258.42
316.31	250.31
329.35	243.21
351.41	234.09
362.45	231.04
375.49	230.03
382.51	229.02
395.55	226.99
415.61	226.99
423.64	226.99
429.66	229.02
431.66	229.02
431.66	229.02
