567.15	319.3
548.45	313.3
541.65	314.9
544.95	311.4
548.35	306.45
545.7	303.75
542.05	301.8
543.8	307.7
528.15	153.4
503.8	99.9
509.8	97.6
513.4	101.45
512.35	99.9
506.75	106.55
284.25	114.4
257.15	119.1
260.65	120.2
258.6	119
261.65	118.9
283.85	108.25
286.95	111.85
282.3	109.9
283.15	112.45
283.45	113.3
286.2	112.35
285.85	112.5
284.05	111.15
285.5	110.25
289	111.15
291.45	107.95
294.85	102.7
291.25	98.45
292.35	99.45
297	99.35
293.7	100.5
299.55	100.2
300.5	106.5
291.95	94.55
295.35	97.5
292.65	101.75
292.6	104
586.65	96.95
556.4	103.45
553.6	117.75
552.7	119.95
557.65	121.9
556	125.15
813.45	104.8
783.2	107.95
775.2	109.55
775.8	113.65
775.3	116.75
775.05	118.9
774	117.5
774.6	114.85
775.3	110.6
771.1	118.45
772.5	117.9
776.85	113.9
779.8	106.95
780.5	107.45
780.4	116.75
784.05	112.85
784.3	112.05
783.2	110.3
786.1	109.65
789.25	105.1
0	0
0	0
780.05	106.05
779.8	104.85
553.25	121.3
509.05	102.95
517.1	106.05
513.55	106.1
513.95	106.8
510.75	185.9
0	0
0	0
0	0
0	0
0	0
0	0
484.95	120.1
488.35	109.8
593.75	255.35
574.75	241.1
573.45	233
577.9	228.15
576.45	227.85
576.8	230.35
576.85	236.65
573.85	243.65
573.9	242.45
572.1	234.4
571.35	233.05
564.4	237.35
566.7	232
537.25	262.35
542.15	250.7
548.8	248.75
551.9	247.6
546.7	252.6
546.05	255.35
548.05	258.6
548.25	258.55
549.95	258
551	257.35
550.5	260.45
552.8	263.4
551.15	263.45
552.7	264.05
556.3	259.3
567.55	269.2
573	276.65
573.85	277.8
568.65	278.25
574.35	270.7
575.75	260.75
576.4	269.3
575.6	265.75
578.45	263.05
578.95	261.2
579	253.2
576.8	254.15
577.3	254.85
577.75	251.15
578.2	254.55
576.15	249.75
574.25	250
569.85	250.4
568.2	252.55
566.55	251.65
560.8	250.8
556.25	250.45
555.15	248.6
554.5	246.4
556.15	249.65
556.65	254.1
550.1	254.65
548.45	255.5
553.6	252.85
558.15	254.3
557.45	253.65
555.9	254.45
551.25	258.45
552.8	258.75
554.25	255.25
554.5	253.35
561.05	252.4
562.95	252.4
557.55	253
535.4	186.75
535.05	194.4
536.45	194.8
535.5	194.55
536.15	193.65
532.15	193.5
532.25	187.9
532.2	188.25
532.4	180.85
533.75	178.85
541.65	167.95
548	165.8
551.3	165.85
552.2	167.2
549	168.6
550.9	169.3
552.3	170.35
554.55	168.15
744.65	302.4
945.35	559
952.5	562.1
953.25	562.45
953.05	566.25
950.7	564.85
910.3	518.65
911	511.7
910.65	513.75
912.55	515.95
909.35	518.8
911.75	524.3
880.6	527.55
884.65	532.3
883.35	523.9
880.8	530.5
881.3	530.1
883.1	525.8
885.2	526
887.25	525.95
888.75	528.8
888.3	530.55
890.55	530.2
891.95	528.4
884.75	531.85
882.7	533.15
885.45	533.35
889.95	530.8
892	531
889.2	532.75
896.8	539.5
909.05	546.35
909.6	540.6
914.45	540.05
913.25	534.4
908.45	536.1
905.45	537.85
924.8	490.75
922.15	506.15
924.45	503.2
923.6	503.65
922.7	499.75
921.85	501.6
919	501.8
893.5	498.6
889.5	496.95
890.25	498.75
893.65	492.25
897.3	491.2
895.85	490.6
894.1	496.75
898.8	493.4
894.55	492.1
900.6	487.7
906.3	486.35
902.7	486.9
905.75	486.2
910.35	485.75
912.75	483.05
911.5	489.6
911	485.35
911.25	490.55
912.4	486.45
908.45	493.75
986.85	499.75
986.2	499.7
982.65	502.15
981.75	505.25
0	0
0	0
0	0
0	0
0	0
0	0
0	0
547.3	262.75
547.55	251.05
551.85	238.15
0	0
565.1	233.9
564.95	230.8
561.85	230
562.8	231.1
561.55	236.65
562.25	238.35
563.8	244.75
563.3	250.05
559.45	255.05
555.5	253.95
554.95	256.8
556.8	258.15
551.85	253.8
556.95	252.05
564.4	244.45
564.1	247.7
559.2	246.15
553.75	247.4
551.45	245.05
588.8	270.5
567.45	267.3
566.45	262.95
562.85	260.15
559.7	257.05
561.25	257.6
565.5	252.65
565.8	247.35
571.05	244.4
572.35	249.65
566.65	243.55
566.55	246.95
566	246.95
566.15	246.1
566.35	242.6
573.25	243.25
573.35	247.05
569.55	237.1
523.95	183.25
537.6	177.25
536.1	163.9
535.5	165.9
534.85	163.1
532.95	162.65
538.35	164.65
540.7	163
541.7	162.8
583.75	172.65
574.35	168.15
573.95	166.95
574.4	170.45
570.45	173.6
571.55	177.05
569.8	182.3
572.65	177.35
575.85	183.65
570.45	185.15
574.2	185.2
571.5	188.6
571.05	188.3
571.4	182.8
570	181.65
570	179.5
569	179.15
568.1	182.7
567	179.75
567.05	179.25
566.85	174.4
592.75	180.05
593.5	187.95
589.15	192.8
589.5	190.75
589.8	190.9
590.8	192.8
592.65	187.85
592.05	192.65
588.35	190.2
591.9	196.25
591.1	193.7
593.65	192.2
597	192.7
598.1	193.8
595.65	193.5
595.25	195.6
593.95	191.2
592.85	193.05
591.7	202.8
563	249.75
556.45	265.9
553.05	271.75
550.3	268.4
548.1	269
548.7	265.45
548.35	266.15
549.05	256.8
550.75	260.45
554.7	258.85
559.3	258.1
555.45	250.1
556.05	247.2
551.65	220.55
555	224.75
560.25	222.95
555	223.85
548.9	225.85
549.95	225.65
547.8	225.7
552.4	227
551.25	226.8
549.75	229.7
557.95	231.2
560.6	234.3
559.25	233.4
554.15	232.9
548.7	233.7
554.1	231
556.85	227.3
558.55	232.8
563.35	238.15
566.6	236.35
564	238.8
560.75	231.15
563	230.3
564.85	229.45
563.9	229.55
570.45	232.25
567.7	229.7
564.8	230.6
562.3	232.75
557.95	232.25
562.5	231.25
564.7	230.35
565	229.85
562.25	229.85
562.35	229.95
555.9	236.35
555.95	231.75
558.3	234.35
564	230.25
561.05	228.6
563.55	228.85
566.4	228.9
568.35	232.5
566.05	234.75
567.95	236.5
567.7	235.7
567.05	231.8
567.85	230.6
568.3	235.4
571.7	238.5
570.1	237.1
572.7	240.65
583.25	256.6
582.6	259.35
581.55	260.5
580.95	257.75
576.65	259.6
576.75	257.4
582.05	257.05
574.05	246
577.45	246.8
578.2	244.95
579.65	248.2
579	249.7
565.25	258.6
566.8	253.25
567.55	254.45
568.95	252.7
569.05	251.9
576.05	248.7
574.35	246.25
573.65	250.05
571	252.6
572.85	243.55
573.85	241.3
573.45	235.6
574	240.2
579.85	183.3
583.2	156.1
584.4	154.1
586.7	162.8
590.2	158.35
590.95	166.3
585.65	165.1
233.9	278.4
209	290.65
210	288.95
205.7	295.15
203.2	302.45
197.45	304.55
190.3	305.55
542.25	343.55
545	337.35
536.7	346
539.5	344.05
537.1	343.55
544.95	331.95
494.75	328.7
511.5	322.6
512	330.75
516.35	326.75
516.45	318
514.35	319.8
0	0
0	0
0	0
0	0
0	0
0	0
0	0
540.5	340.55
540.85	336.55
537.6	331.45
536.65	335.45
511.1	312.25
522	313.7
523.45	321.95
529.4	319.5
527.75	307.25
525.55	318.85
527.4	313.85
527.45	307
528.2	312.95
529.15	310.65
533.45	309.9
533.7	305.65
535.65	303.15
536.9	299.95
535.75	297.5
537.25	295.75
534.6	298.55
531.7	300.65
531.55	305.05
530.15	300.6
528.95	303.85
532.1	301.35
525.2	292.2
526.2	297.3
527.35	289.15
535.1	294.5
531.2	296.75
527.55	296.35
532.75	301.9
529.45	298.65
530.65	299.8
523.05	300.3
530.4	298.5
531.85	296.5
532.05	298.9
524.95	293.55
525.35	298.15
529.25	297.8
530.1	299.35
523.2	303.1
525.5	305.6
529.75	299.15
531.3	302.4
531.1	303.8
531	302.85
540.35	295.35
546.45	289.8
545.95	282.15
548.85	280.95
550.1	282.6
553.15	286.85
642.15	242.35
636.5	233.3
637.8	229.8
641.3	227.35
645.75	229.3
647.45	226.1
645.2	227.3
641.5	226.55
644.1	227.05
648.55	225.3
651.9	218.55
650	220.6
646	224.25
642.75	225.55
632.95	230.35
630.85	232.8
632.7	232.25
630.1	233.2
627.3	234.85
625.9	234.7
623.55	237.6
622.15	236.1
619.1	234.85
596.15	241.2
603.3	237.2
601.2	238.15
597	236.6
587.65	236.75
585.65	236.6
587.4	232.75
589.75	230.1
589.65	227.85
583.3	222.8
580.5	226.65
581	226.8
544.35	216.35
554.55	223.35
554.4	220.65
554.5	216.5
548.4	215.9
546.85	219.55
425.55	114.7
458.3	148.35
462.5	149.05
466.8	145
465.7	143.6
464.2	146.95
480.9	168.25
490.05	171.1
489.3	174.3
492.75	173.4
489.85	175.35
492.2	176.85
492.2	174.25
495.25	174.2
490.3	172.15
490.95	163.8
490.3	170.45
490.75	173.05
491.55	170.35
491.55	169.3
494.15	173.15
493.85	168
493.15	171.85
490.5	160.1
487.95	169.8
481.4	175.75
472.3	176.6
467.7	174.9
448	173.35
438.75	170.2
437.45	166.1
436.2	162.8
429.55	160.2
426.8	164.5
425.05	156.45
419.3	159.9
418.45	158.15
411.3	154.65
408.75	152.95
379.1	107.85
382.3	130.95
383.45	127.4
375.9	129.35
374.25	127.35
370.25	125.7
363.7	126.65
364.6	130.2
362.2	128.6
353.7	131.1
349.25	137.8
336.1	138.65
336.85	140.2
318.1	172.75
313.4	167.3
308.45	169.45
307.55	170.3
293.35	169.2
294.6	173.65
291.8	176.75
292	174.5
284.45	170.45
286.15	184.55
285.8	189.2
283.15	187.85
280.75	192.85
277.6	190.85
279.7	188.15
279.4	186.95
280.75	187.45
284.65	183.5
283.5	182.15
282.6	172.55
291.05	169.4
289	164.9
295.25	158.4
300.6	157.95
302.85	156.3
307.5	167.2
310.05	166.25
0	0
0	0
0	0
0	0
0	0
0	0
0	0
0	0
0	0
0	0
0	0
0	0
0	0
0	0
0	0
0	0
0	0
0	0
0	0
0	0
0	0
0	0
0	0
0	0
0	0
0	0
0	0
0	0
0	0
0	0
0	0
0	0
0	0
0	0
0	0
0	0
0	0
0	0
0	0
670	120.5
531.15	127.65
429.6	127.35
427.5	150.35
429.85	155.4
429.1	147.6
426.1	149.35
430.3	144.2
434.15	141.55
460.9	122.3
444.55	124.4
445.35	115.1
447.9	115.7
443.95	117.5
439.15	121.35
441.8	118.7
440.25	112.1
435.4	116.5
443.45	112.7
443.5	109
438.3	110.7
442.5	113.75
441.7	112.05
452.25	106.6
452.65	107
454.4	108.7
456.75	105.15
452.3	108.35
455.3	105.45
457.95	105.3
465.55	89.1
472.3	76.7
472.95	83.65
477.55	76.8
476.2	79.15
476.8	79
482.7	78.05
482.7	80.1
484.8	73.7
485.6	71.1
483.8	71.6
488.15	74.7
482.55	76.7
481.45	78.55
478.7	81.8
479.15	77.75
475.6	77.2
471.95	79.15
472.65	81.55
473	79
477.75	76.65
477.3	78.2
463.85	108.9
462.15	108.65
469.05	103.95
413.3	458.8
0	0
0	0
0	0
0	0
0	0
464.65	172.45
475.4	120.7
479.5	106.5
480.45	116.4
481.65	123.65
477.5	115.55
483.85	116.05
642	151.95
674.55	151
666.75	155.5
664.4	153.25
665.6	144.4
658.3	73.4
660.6	94.65
657.5	99.95
650.55	97.65
648.8	96.9
650.5	94.8
647.9	89.75
644.3	91.8
636.9	96.9
639.75	91.8
637.85	95.75
646.05	89.4
646.15	91.1
643.9	88.05
649.2	87.85
649.3	85.5
653.95	85.15
655.15	82.8
656.6	85.15
657	79.4
658	87.25
656.5	88.2
655.1	88.35
652.9	90.9
532.5	78.95
429.7	86.7
405.5	90.25
403.1	91.55
404.3	83.55
399.6	90.55
399.65	89.25
478.05	101.75
515.25	119.9
522.95	130.2
527.25	131.45
537.4	118
536.85	128.3
539.9	129.15
546.35	134.25
548.4	132.65
344.5	112
332.35	90.65
335.35	99.55
326	97.5
324	99.15
318.6	99.15
318.85	97.25
313	94.4
286.65	98.4
269.85	105.85
268.6	104.75
266.75	104.3
269.7	93.65
268.7	101.2
267.55	103.25
268.9	97.1
267.05	97.2
269.35	96.4
266.45	97.2
266.6	99.55
268	99.1
295.75	224.45
300.6	222
300.05	222.15
296.1	225.35
298.9	227.05
300.7	226.25
301.9	226.9
546.85	144.75
595.9	161.2
606.35	169.8
610.25	170
613.55	169.75
612.5	118
615.85	85.9
619.45	84
621.35	88.7
615.4	98
618.8	94.9
616.45	100.15
610.65	101.55
605.55	111.4
603	109.85
605.5	106.15
610	104.6
614.65	102.2
619.6	93.55
640.9	103.85
645.75	101.55
647.85	97
653.2	94.2
661.35	92.8
668.5	93.6
674.05	100.65
675.7	102.2
677.95	98.7
685.9	98.1
696.7	92.65
702.7	89.65
707.1	91.05
708	96.5
711.4	92.25
713.2	93.8
714.1	94.5
717.6	91.4
722.05	86.5
723.25	81.7
721.5	86.9
722.05	90.85
724.25	90.55
705.65	94.05
270.6	270.15
270.85	262.15
272	259.35
270.3	261.8
273.85	265.9
265.5	270.8
268.5	272.05
290.55	196.6
301.95	156.9
299.9	159.65
301.5	157.2
302.6	156.4
301.3	154.8
310.7	171.15
311.2	178.95
310.4	177.55
311.4	172.3
307.95	167.45
306.45	165.6
309.6	169.45
306.9	171.15
307.85	166.25
308.65	166
307.75	164.15
309.05	164.9
309.05	158.7
310.25	160
313.2	159.6
309.3	157.15
312.1	150
309.15	146.2
312.8	143.7
314.95	140.35
328.25	223.55
328.15	243.3
326.7	244.8
324.45	240.25
322.9	238.7
324.95	240.3
321.85	239.5
320.3	237.2
320.1	235.3
323.1	229.1
324.75	220.9
323.75	175.9
327.1	169.65
327.1	171.75
325.25	172.85
333.2	169.65
317.6	144.15
303.15	133.05
307.1	136.8
306.75	138.05
304.65	135.5
302.5	132.15
301.55	132.5
304.65	133.5
305.6	109.4
311	115.75
312.1	117.45
309.25	122.25
310.75	125.05
307.85	123.9
312.55	122.75
314.15	119.85
318.35	114.5
311.5	112.3
314.85	114.2
316.9	118.25
321.4	122.65
323.95	124.8
323.25	156.6
0	0
0	0
0	0
0	0
0	0
0	0
0	0
299.35	228.45
295.75	260
300.15	252.55
304.35	242.95
304.55	241.7
307.85	237.8
308.55	238.7
775.25	177.65
836.05	201.3
822.45	201.6
828.1	204.3
826.75	207.2
804.9	102.7
806.25	129.35
800.55	143.55
800.2	145.55
799.8	145.55
801.75	146.1
801.45	145.2
798.75	142.55
791.3	144.1
783.65	150.15
781.2	151.75
780.95	145.3
783.9	142.45
785.25	143.2
784	140.85
782.05	141.7
779.15	144.95
778.5	146.8
778.4	148.8
854.95	159.15
829.2	158.65
828.35	154.2
832.1	153.1
830.65	152.1
822.6	156.4
820.8	153.95
373.1	263.75
342	262.55
367.6	271.85
367.95	274.75
371.45	273.35
372.7	280.6
373.6	285
375.5	281.3
376.4	283.15
378.75	286.15
352.6	196.65
360.35	200.45
361	204.25
358.2	199.05
356.15	198.1
362.2	196.5
367.1	202.45
358.55	218.75
0	0
0	0
0	0
0	0
0	0
0	0
0	0
0	0
0	0
0	0
0	0
0	0
0	0
0	0
0	0
0	0
0	0
0	0
0	0
0	0
740.65	195.8
738.65	196.15
736.5	203.75
728.65	203.4
726.7	202.9
723.45	205.05
379.2	198.55
387.05	185.3
397.4	186.65
397.75	187.45
395.65	188.45
395.5	194.1
373.1	180.85
373.6	178.65
374.95	171.7
377.65	169.15
374.5	169.7
371.35	168.7
370.15	167.95
371.35	172.55
372.15	171.3
368.35	165.75
365.7	167.65
345.4	167.6
340.55	167.55
338	169.5
345.05	164.6
345.2	167.4
343.45	167.1
366.05	267.5
380.6	265.05
375.75	261.25
375.05	262.75
375.8	264.8
377.65	262.2
376	264.85
373.1	261.25
376.05	257.55
373.05	258.25
373.95	260.2
374	257.5
584.95	153.45
536.95	185.2
547.7	180.15
547.6	182.1
542.25	180.7
537.35	178.4
535.25	181.1
529.55	183
523	180.8
519.7	185.75
396.55	172.2
385.65	165.4
382.6	169.55
384.05	168.85
388.45	168.15
387.05	167.95
393.15	163.9
398.7	165.85
401.7	165.65
402	162.65
398.85	161.75
396.45	167.55
401.25	165.55
406.2	162.6
402.9	164.95
405.25	164.9
404.5	164.35
404.15	164
402.4	161.95
403.2	167.1
394.8	168.4
392.25	170.35
393	172.75
388.75	171.9
388.65	176.75
390.15	180.55
384.4	181.3
386.3	185.95
0	0
0	0
0	0
0	0
0	0
0	0
0	0
531.75	159.5
566.1	157.65
786.9	196.4
787.6	190.6
775.55	189.35
772.2	187.3
772.35	184.5
773.1	183.55
772.15	186.8
767.5	191.9
758.55	185.4
760.95	179.2
760.45	175.4
758.05	174.85
759.2	175.8
759.25	179.1
758.1	176.4
757.2	186.55
763	179.4
762.9	175.05
761.6	180.35
759.8	182.75
760.9	183.1
760.15	182.8
762.2	172.8
760.2	175.4
762.25	174.1
764.2	175.6
760.55	176.95
762.5	173.75
762.15	174
761.35	172.5
759.5	173.15
757.6	173.3
758.4	174.05
752.8	177.6
749.85	179.35
746.8	180.2
745.35	179.85
742.35	178.55
740.95	174.6
740.05	177.85
740.15	175.6
736.9	179.1
738.35	175.55
737.8	172.45
448.6	157.65
411.85	184.9
424.35	187.7
427	195.8
428.25	194.1
431.45	193.25
435.65	196.3
436.9	194.05
434.55	199.9
443.9	185.75
448.05	182.45
451.45	180.3
452.75	182.4
452.6	186.4
447.9	190.1
445.6	190.35
446.25	184.1
443.85	180.45
440.6	180.6
442.15	181.6
437.5	176.55
438.35	178.85
436.8	179.45
436.55	179.25
432.75	187.15
433.9	182.15
432.65	183.1
431.15	184.05
432.05	182.45
427.4	180.8
428.6	181.25
429.25	182.8
695	204.55
679.3	198.3
680.25	202.5
677.55	206.05
675.65	207.6
679.3	198.75
672.5	194.55
677.4	178.45
676.65	176.8
674.5	177.85
667.15	182.25
668.4	184.45
669.95	185.45
671.5	184.05
670.5	183
670.55	181.3
669.75	178.25
672.85	175.65
674.15	176.1
672.5	175.3
668.6	174.95
669.15	176.2
672.85	181.95
673.5	183.1
676.4	183.65
673.75	187.8
676.35	195.05
672.7	196.6
681.45	195.45
674.15	197.5
678.1	192.85
677.6	201.9
679.35	197.25
680.25	198.75
679.05	198.35
681.75	195.6
678.85	192
678.5	191.65
676.65	192.85
681.25	194
679.6	191.1
667.35	216.6
0	0
0	0
0	0
0	0
0	0
0	0
461.25	210.3
464.35	200.1
467.3	203.65
467.8	205.9
439.6	204.55
446.5	200.5
443.8	199.75
443.2	196.55
442.9	198.9
442.8	203.8
438.65	207.25
438.9	209.9
455.35	364.35
460.45	513.25
468.55	553.05
469.75	551.35
464.85	553.15
454.35	342.6
436.8	306.3
446.9	299.55
449.2	295.15
455.7	289.35
452.65	294.05
456.55	298.35
463.8	257.55
474.1	205.75
475.9	208.1
474.3	206.6
475.25	207.6
477.7	209.75
475.05	208
477.55	209.9
473.05	211.9
474.35	207.45
473.65	209
474.45	208
473.55	211.8
474.3	211.3
476.85	209.5
476.9	210.9
477.75	208.3
479.8	199.25
481.2	199.65
476.2	206
517.2	300.35
528.2	324.6
530.95	326.35
527.35	324.95
526.7	324.9
527.1	322.4
488.1	282.35
502.45	293.95
504.15	291.5
503.2	288.45
504.6	287.9
501.65	286.8
615.5	236.8
625.8	203.6
622.65	202.65
625.75	203.6
623.55	205.4
623.55	208.05
620.25	209.95
617.05	213
618.85	213.1
622.5	216.65
621.1	215.5
618.25	214.75
616	216.65
612.7	215.6
616.5	212.5
614.95	212.65
610.45	209.25
612.5	213.75
609.75	212.4
610.6	211.55
611.65	213.15
609.05	213.95
607.15	212.9
614.15	211.45
609.55	211.1
606.35	209.7
924.85	384.45
974.4	427.55
979.15	438.75
976.45	439.55
979.55	436.2
974.45	432.25
971.6	430.6
621.5	267.85
552.2	246.55
549.25	248.4
552.95	243.7
549.45	238.4
535.45	242.75
518.7	207.05
507.85	208.05
506.55	209
508.95	209.7
507.35	206.3
510.2	204.9
508.7	202.4
507.75	199.95
507.95	199.6
511.65	196.25
507.45	189.9
511.85	189.7
507.45	188.2
509.35	197.6
505.3	199.95
507.3	198.05
507.35	189.3
507.55	191.35
505.15	190.65
504.6	188.9
501.1	191.3
500.75	190.75
503.35	194.8
498.95	200.25
496.55	197.4
498.6	198.7
498.5	195.9
493.3	196.45
685.1	209.9
711.85	211.1
709.25	213.3
712.75	211.5
708.95	208.5
711.55	206.5
712.35	211.8
711.25	210.7
713.25	212.15
718.85	206.75
983.85	385.65
973.6	378.8
969.15	378.25
972.35	379.3
971.4	376.55
966.35	376.55
942.6	359.3
940.6	355.8
935.4	350.3
932	351.55
931.7	353.1
932.95	345.55
930.65	344.6
919.55	347
921.25	345.4
919.75	347.3
922.7	345.3
918.4	339.9
916.9	339.15
914.35	344.7
910.65	343.65
908.9	338.4
905.75	338.5
900.05	337.6
897.65	341.5
430.1	258.8
326.45	256.3
340.9	261.7
341.1	263.95
345.7	261.35
350.6	257.4
351.65	254.65
353.6	251.3
349.95	252.3
363.1	219.55
362.9	225.1
364.45	225.95
363.65	225.3
365.4	227.25
367.5	226.55
372.5	220.25
375.2	216.65
377.65	216.25
382.95	218.5
384.85	216.3
387.5	215.05
396.4	215.2
398.8	217
400.55	218.55
404.6	216.7
406.75	215.8
406.25	218.2
654.35	210.65
643.4	206.2
640.8	204.6
638.9	206.8
643.9	211.6
642.3	212.2
639.5	214.75
401.15	346.9
425.4	326.05
428.25	326.5
428.95	327.15
426.55	328.5
426.4	331.75
424.8	329.5
426.35	332.85
683.1	328.4
652.35	329.8
643	335.35
644.05	337.85
641.35	339.15
643.45	338.95
644.8	334.9
644.75	333
643.9	335.9
647.9	96.8
638.3	167.65
638.9	176.95
632.45	176.1
629.9	179.2
624.15	189.75
623.95	187.1
620.1	183.4
618.75	179.3
619.85	174.55
618.45	170.25
616.2	155.95
611.15	154.35
608.85	150.25
609.15	145.35
609.05	145.05
605.35	140.6
612.5	182.9
611.8	278.8
616.15	314.95
616.4	314.15
616.2	314.15
611.85	312.3
616.45	316.55
618.3	317.5
613.25	312
616.55	312.15
616.55	310.85
615.6	313.7
532.3	98.8
546.75	149.05
550.1	160
550.5	162.35
555.9	163.35
552.8	161.9
559.65	160
570.85	152.65
567.3	154.5
570	156
571.05	155.9
569.65	154.65
567.7	154.75
565.2	161.2
564.95	165.6
568.45	168.05
563.95	162.25
570.9	166.65
566.75	161.7
567.35	166.9
567.5	169.1
569.2	161.5
567	165.25
566.4	161.85
568.4	162.6
571.25	230.6
580.8	280.75
581	297.1
580.85	296.85
580.2	298.3
581.1	294.55
574.2	326.05
0	0
0	0
0	0
0	0
0	0
0	0
600.35	333.95
600.65	296.95
602.45	282.1
602.2	282.95
602.05	280.9
598.45	282.95
593.8	284.2
596.9	282.1
600.65	286.65
602.9	290.85
607.45	290
606.6	287.5
607	291.35
605.3	287.6
607.8	284.1
609.7	281.25
600.55	272.35
602.8	277.25
600	285.9
599.8	289.15
598.7	286.8
602.75	284.65
603.9	281.45
601.6	287.7
603.6	284
363.4	258.95
372.05	269
384.6	271.85
382.65	274.5
380.35	271.05
380.65	269.85
379.2	277.85
376	279.75
406.45	185.35
398.05	221.95
401.1	225.25
407	225.25
406.6	226.15
408.45	225.75
407.4	227.65
406.05	228.2
403.2	230.9
409.55	223.1
407.45	223.25
410.55	220.5
407	219.5
478.55	211.6
472.6	224.7
473.4	228.55
469.95	225.7
472.55	225.65
473.6	225.3
476.1	221.25
478.85	221.65
482.05	212.2
483.15	209.7
487.2	214
525.85	202.7
525.35	202.15
526.2	203.7
529.1	201.8
530.85	210.1
529.75	210.1
526.3	219.65
527.5	220.45
527.9	218.3
533.65	215.45
531.2	214.95
531.15	214.7
574.3	246.2
568.5	238.35
565.7	237
564.8	239.65
561.75	246.8
563.85	250.5
562.2	241
564.85	246.65
564.85	246.95
565.35	248.6
562.55	252.8
566.55	251.7
563.9	255.5
565.3	254.3
564.3	242.35
570.15	243.9
571.6	241.25
566.8	241.55
565.85	241.95
565.35	239.2
569.7	240.35
569.95	238.65
568.65	242.35
584.65	227.75
587.5	218
589.8	217.15
587.35	219.15
590.95	218.05
588.95	220
590.15	221.1
592.9	221.45
592.4	220.05
592.45	216.15
591.55	216.85
589.3	214.5
609.55	300.35
612.9	277
614.05	284.9
611.05	289.15
612.6	287.5
612.85	288.35
612.7	288.85
613.65	292.65
612.65	292
613.75	292.9
613.5	293.4
612.85	292.8
611.95	292.5
613.05	296.05
615.5	292.2
615.05	295.6
611.5	292.75
609.6	294.3
611.35	295.9
613.4	291.6
609.3	285.15
615.25	288.05
376.5	250.85
411.1	243.5
416.95	242.4
417.05	241.2
418.25	239.35
420	238.95
423.6	231.05
425.5	221.7
429.3	225.1
429.8	226.15
431.3	226.9
430.05	228.1
429.1	232.1
426.05	235.55
426.15	231.45
427.9	235.2
426	235.3
424.8	235
427.5	236.9
428.25	239.5
426.25	240.4
423.35	247
426.35	247
428.35	247.3
432.9	243.35
432.7	243.25
434.05	246.45
507.55	222.75
499.95	234.9
499.7	234.35
498.8	234.55
503	232.3
503	233.75
497.45	235.8
501.3	233.65
500.6	233.65
504.95	228.4
508.2	224.1
508.2	222.6
508.15	220.25
503.1	222.65
503.55	220.85
503.95	219.35
505.55	220.5
510.8	227.5
509.95	222.8
510.5	219.3
510.95	219.3
518	216.4
517.85	215.3
519.35	216.7
526.3	213.9
517.4	241.15
0	0
0	0
0	0
0	0
0	0
0	0
570.65	254.9
570.35	217.8
576.75	244.35
578.65	245.55
575.45	236.7
581.25	224.9
582.25	225.15
581.35	228.8
578.1	234.5
573.85	238.9
574.9	237.2
574.1	238.8
585.9	218
587.75	215.6
588.65	214.05
589.7	214.05
592.3	213.5
591.55	217.3
595.6	211.45
594.55	211.7
592.55	213.65
586.95	212.35
586.25	214.55
589.55	210.4
422.45	235.95
474.75	232
482.7	236.9
487.25	231.6
486.05	230.1
480.3	231.65
479.2	237.7
479	240.35
481.4	244.6
469.3	239.4
472.25	236.8
472.55	239.1
465.75	246.25
467.2	247.65
467.4	244.25
468.85	242.95
464.55	238.7
465.35	235.85
463.4	234.95
462.5	232.1
459.95	240.05
542.65	271.1
623.45	336
639.5	348.3
641.85	347.45
645.6	349.85
650.15	352.1
646.9	354.6
626.65	298.2
622.35	282.9
623.3	284.25
626.35	280.9
628.75	277.25
628.75	281.15
628.6	283.45
627.35	283.35
628.65	286
628.15	285.45
628.75	281.45
625.55	280.55
625.4	280
627.1	280.5
625.8	284.3
627.6	282.8
628.6	281.2
627.95	277.25
627.85	279.3
626.55	278.85
625.75	278.8
625.8	276.2
621.55	282.9
621.2	286.55
622.5	284.3
623.1	288.9
620.2	283.4
619.9	287.7
618	287.85
613.15	290.75
617.35	289.25
676.55	228.3
720.85	186.95
728.1	182.75
728.1	185
728.65	180.15
729	173.6
739.85	148.05
740.65	155.9
740.25	154.65
741.5	150.4
730.4	443.95
729.25	433.85
730.7	433.05
733.85	434.2
735.3	427
740.6	424.65
745.55	420.8
747.95	419.5
748.3	421.1
750.85	422.7
753.3	418.3
754.8	414.85
758.65	407.15
761	404.55
761.1	404.3
764.05	405.65
789.35	160.2
783.9	147.9
784.5	152.95
787.2	152.25
791.4	160.8
793.5	159.75
796.4	158.25
798.4	158.2
801.55	146.35
800.65	155.05
802.75	156.05
804.1	157.8
807.65	163.95
803.7	163.85
798.05	162.85
803.35	162.4
800.2	165.2
795.5	173.95
798	171.8
798.95	171.9
799.2	170.6
798.5	170.95
795.7	170.25
792.65	165.35
791.1	166.4
792	160
792.65	157.8
794.05	155.95
794.25	157.25
793.25	156.65
794.75	152
794.2	152.9
795.9	148.75
794.5	146.7
796.4	147.1
790.05	240.35
790.4	256
790.45	255.4
789.65	258.55
789.55	258.5
786.7	255.9
786.2	256.15
784.2	256.95
785.45	254.1
698.15	174.5
685.9	144.05
686.85	143
686	136.95
684.25	135.45
683.7	138
684.25	139.1
681.8	136.55
680.95	131.9
670.35	125.25
660.45	127.3
659.95	128.6
703	119.45
752.7	136.7
756.1	143.25
755.1	142.15
748.75	142.5
745.15	143.9
748.2	138.25
745.7	138.75
745.1	133.85
730.95	128.6
734.45	133.1
737.25	127.05
743.6	128.35
740.95	120.2
742.1	119.35
742	121.75
745.55	121.2
747.45	124.75
745.6	121.25
745.85	119.05
756.55	223.5
758.65	223.05
758.45	216.25
757.2	211.95
754	208.7
752.6	212.6
0	0
0	0
0	0
0	0
0	0
0	0
649.75	130.05
644.45	146.6
648.55	141.95
649.95	142.05
648.9	146.05
646.75	143.6
649.85	108.2
655.8	116
659.1	121.25
662.4	123.9
662.95	127.9
669.45	127.25
669.35	128.05
665	127.65
666.95	123.05
668.6	120.55
665.75	118.25
665.45	115.65
664.85	112.7
664.2	111.65
661.4	113.85
664.05	113.55
663.5	106.25
663.1	114
666.65	113.9
758.5	129.4
760	124.55
757.85	123.15
758.7	121.45
760.35	120.55
761.8	118.85
762.25	115
760.85	115.25
760.25	117.25
758.2	115.85
760.9	109.5
759.1	103
757.5	100.85
757.4	99.65
758.2	100.8
762.3	102.7
758.35	107.95
757.7	112.35
754.1	109.3
763.95	101.6
767.2	102
762.8	107.95
761.7	111.15
760.55	113.65
760.35	114.85
759.25	114.35
758.3	115.5
759.2	116.45
761.25	111.75
764.6	107.65
764	109.35
763	112.9
759.85	119.75
759.95	121.1
762.1	122.4
760.9	119.7
759.7	113.5
760.3	115.4
763.05	113.5
758.75	115.95
411.95	308.4
457.4	289.7
471.6	289.5
474.5	297.3
471.95	293.3
471.95	288.95
450	262.75
424.3	237.25
421.4	234.8
418.5	239.2
417.85	240.15
415.3	239.45
414.5	238.9
416.75	244.3
416.7	241.5
416.8	239.9
416.45	239.95
415.65	235.95
363.55	248.95
366.55	255.7
372.45	255
373.05	252
371.25	247.25
374.25	246.35
374.75	250.7
374.95	247.3
374.9	243.85
374.1	245.9
367.55	245
368.65	244.7
431.95	200
438.75	211.7
440.75	218.5
434.15	218.5
434.4	219.8
435.7	221.35
433.35	222.45
432.8	223.4
434.9	221.6
434.75	216.5
433	216.3
434.65	216.1
433.1	214.7
432.5	214.3
434.05	214.7
438.6	214.45
437.15	214.7
438.55	214.4
438.9	212.35
436.3	209.35
437.5	212.25
438.3	217.35
435.85	217
436.6	222.3
437.4	223
437.5	224.95
435.65	226.1
434.6	223.95
434.95	226.6
437.7	229.3
439.45	231.3
433.65	239.6
433.35	238.4
437.3	236.1
438.75	233.25
386.9	513.7
0	0
0	0
0	0
0	0
0	0
417.8	249.2
414.7	250.55
421.8	257.5
462.2	179.85
465.3	145.9
471.85	147.6
473.95	144.65
472.3	143.15
612.3	114.25
594.95	118.75
592.4	120.75
597.95	120.1
593.25	120.65
594.75	122.6
592.7	128.4
408.9	112.1
397.3	124.85
397.25	131.8
400.25	133.1
400.05	135.2
401.4	133.05
402.8	142.1
389.1	160.25
391.2	154
396.55	144.05
400.7	143.25
399.35	143.2
397.25	151.55
395.2	154.5
395.9	151.7
396.8	147.1
396.35	149.5
396	151.15
398.55	150.4
394.15	145
398.9	147.65
452.6	135.95
458.95	141.25
463.65	138.85
462.25	141.85
462.5	140.75
462.6	139.1
465.3	137.25
466.05	133.2
467.15	135.8
465	133.35
639.65	129.65
631.8	123.9
623.9	117.4
621.95	116.65
621.45	114.85
624.2	113.5
619.95	119.65
616.4	122.3
621	124.3
608.2	106.2
608.55	107.55
609.85	103.6
612.4	115.55
614.8	114.5
614.55	115.3
611.5	117.3
598.35	105
594.15	102.3
597.7	105.7
594.35	110.8
591.65	111.45
590.4	110.9
591.45	104.4
590.8	109.7
589.35	108.25
589.3	109.6
588.45	108.35
583.75	106.8
586.05	107.6
588.15	94
586.95	105.5
583.95	103.1
616.15	163
614.4	153.6
612.45	153.85
612.55	154.35
614.3	155.6
393.85	104.95
427.85	121.35
434	124.9
433.4	129.05
437.2	128.55
437.7	129
436.4	128.55
435.05	123.05
435.25	123.5
435.5	123.65
436.75	127.7
422.3	114.15
430.6	117.35
430.8	117.5
426.85	113.9
425.6	112.9
427.55	111.5
427.75	114.8
555.9	263.2
545.5	247.75
546.15	246.85
551.25	247.1
557.45	250.05
558.55	252.45
559.1	253.2
562.95	254
562.4	253.15
562.55	257.25
0	0
0	0
0	0
0	0
0	0
586.2	376.5
590.75	325.05
589.45	331.4
594.05	328.25
597.25	324
601.85	319.25
602.95	319.85
604.05	320.2
601.25	320.65
601.9	314.6
600.9	313.2
598.1	316.05
600.3	315.7
600.6	316.65
601.6	319.4
605.2	319.4
608.25	321.9
610.8	319.95
611.4	310.25
619.15	311.95
618.05	313.9
621.1	307.2
626.8	310.4
626.05	310.35
628.35	311.9
622.85	319.45
621.5	318.95
619.75	319.15
618	322.6
619.85	320.5
621.05	318.65
620.85	313.5
618.05	312.4
619.45	311.2
620.35	308.45
617.05	304.7
616.05	303.5
617.3	301.25
615.05	307.2
616.7	302.85
614.7	300.4
615.95	301.65
644.4	315.4
799.5	445.65
824.35	463.15
830	466.6
833.35	468.2
828.55	470.85
831.15	471.3
830.85	470.7
830.4	474.45
833.9	471.85
839.15	468.25
837.75	467.55
838.9	464.55
639.8	202.55
662.5	284.9
674.65	300.75
683.15	296.9
683.05	294.3
674.15	291.55
648.55	286.95
650.45	285.75
653.45	282.65
650.05	284.05
651.2	285.6
650.6	287.15
636.1	50.7
645.95	105.2
646.8	100.05
643.4	101.55
643.05	96.25
645.9	94.1
646.1	94.25
645.05	89.35
643.3	95.35
640.2	102.55
635.65	105.4
636.15	107.75
636.95	97.05
544.55	77.4
565.7	83.3
571.9	80.85
573.1	77.85
571	79.6
568.4	83.9
566.8	88
568	82.25
566.55	84.55
568.15	82.15
560.55	76.8
555.05	79.25
552.45	76.8
546.3	79.45
545.5	81.55
547	76.5
544.95	77.6
543.6	80.05
547.8	79.4
547	83.45
542.05	92.55
573.2	83
637.2	93.35
640.55	103.1
642.85	98.55
643.1	102.05
640.9	102.4
635.1	102.7
636.55	81
638.6	86.9
635.1	85.45
641.15	84
638.4	82.95
631.9	84.8
630.65	86.2
632.3	82.55
635.4	81.5
636	80.2
634.95	79.55
634.35	78.5
634.05	80
633.55	78.1
632.85	251.9
629.3	225.85
624.9	223.4
626.5	229
636.6	228.3
639.35	237.55
643.6	238.45
674.75	248.45
683.65	249.85
689.3	247.6
694.35	243.7
696.2	241.35
698.15	242
695.95	234.3
681	231.75
675.1	226.4
675.2	227.3
673.2	226.65
670.7	226.2
665.35	226.85
652	226.35
651.15	226.25
645.25	228.7
643.95	221.55
636.9	232.75
637.95	223.2
634	225.2
626.7	237.3
625.8	224.6
614.7	234.8
614	232.8
611.75	241.1
617.6	232.5
611.45	244.65
612.3	235.55
605.15	238.1
602.9	241.7
600.5	237.5
598.25	241.3
569.65	246.1
566.25	244
568.6	247.5
563.6	237.65
566	240.15
561.8	245.7
559.6	244.9
562.2	242.25
555.9	242.05
552.85	248.35
549.8	258.5
545	257.05
542.05	265.65
538.55	259.45
535.2	268.95
535.5	260.35
534.65	259.3
531.25	264.2
527.85	260.55
531.25	267.35
528.4	260.85
490.05	203.7
437.1	114.05
432.7	108.9
434.65	104.3
432.65	112.15
432.5	98.2
434.15	108.35
428.15	129
0	0
0	0
0	0
0	0
0	0
0	0
0	0
0	0
0	0
0	0
0	0
0	0
0	0
0	0
0	0
0	0
0	0
0	0
0	0
0	0
0	0
0	0
0	0
0	0
0	0
0	0
0	0
0	0
0	0
0	0
0	0
0	0
0	0
0	0
0	0
0	0
0	0
0	0
0	0
0	0
0	0
0	0
0	0
0	0
0	0
0	0
0	0
0	0
0	0
0	0
0	0
0	0
0	0
0	0
0	0
0	0
0	0
0	0
0	0
0	0
0	0
0	0
0	0
0	0
0	0
0	0
0	0
0	0
0	0
0	0
0	0
0	0
0	0
0	0
0	0
0	0
0	0
0	0
0	0
0	0
0	0
0	0
0	0
0	0
0	0
0	0
0	0
0	0
0	0
750.5	163.55
754.45	173.05
755.05	184.35
759.35	180.75
763.3	179.1
762.15	183.5
766.8	179
765.75	176.05
775	151.65
784.65	141.7
789.6	142.45
789.95	144.75
794.15	140.7
791.3	153.05
0	0
0	0
0	0
0	0
0	0
0	0
0	0
0	0
0	0
0	0
0	0
0	0
0	0
0	0
0	0
0	0
0	0
0	0
0	0
0	0
0	0
0	0
0	0
956.9	85.9
964.45	81.3
971.4	90.25
975.65	93.8
355.55	129.4
317.55	158.85
343.45	166.25
339.15	161.6
341	161.1
339.7	164.2
338.1	162.8
340.7	155.45
348.5	156.1
344.5	161.45
346.5	158.3
286.7	201.35
311.95	180.35
318.75	184.25
317.15	186.4
319.95	187.05
314.25	187.8
321.9	189.9
316.2	192.1
315.55	195.05
321.65	191.65
414.85	151.15
435.55	149
439.65	145.1
438.25	151.1
439.05	152.55
442.75	148.45
433.05	134.55
442.65	114.15
442.75	117.25
446.3	118.6
437.2	127.55
438.85	128.35
438.5	126.1
443.25	131.8
438.1	129.3
440	130.6
439.4	126.95
438.95	131.1
443.95	131.4
441.1	137.7
445.65	137.5
447.7	129.8
448.9	130.25
451.8	135.3
447.3	135.75
450.15	138.9
454.25	135.75
454.2	136.55
458.6	141.45
459.4	141.35
0	0
0	0
0	0
0	0
0	0
0	0
0	0
520.05	455.05
524.7	438.7
524.9	442.2
528.35	436.95
533.35	429.9
538.3	431.05
557.35	385.35
566.35	375.35
570.05	373
572.15	379.75
571.6	379.3
573.25	381.95
578.2	376.6
585.3	381.25
590	384.8
594.15	388.5
935.05	542.75
940.45	537.85
932.1	538.35
934	540.65
932.35	539.3
927.95	537.45
931.5	532.7
930.4	532.55
926.3	530.45
927.4	527.05
0	0
0	0
0	0
0	0
0	0
0	0
0	0
0	0
0	0
0	0
0	0
0	0
0	0
0	0
0	0
0	0
0	0
0	0
0	0
0	0
0	0
0	0
0	0
0	0
0	0
0	0
0	0
0	0
0	0
0	0
587.05	381.65
590.35	327.25
591.3	318.95
594.75	315.95
