521.8	326.95
518.55	331.35
521.95	327.9
511.2	341.65
517.05	347.35
502.3	196.15
510.7	178.5
511.2	183.85
511.15	179
508.85	182.45
508.45	176.85
679.25	161.2
730.3	164.55
729.15	164.85
729.4	168.5
731.2	166.5
732.9	163.5
743.65	155
757.5	148.8
757.05	149.55
754.75	155.05
754.95	144.65
742.55	143.35
248.6	127.05
283.35	113.7
283.05	115.8
285.45	111.55
285.55	117.8
285.1	111.3
284.45	111.85
298.5	98.95
293.25	102.35
298.25	104.45
294.85	105.35
306.95	95.25
302.4	107.6
308.15	100.75
304.6	107.15
303.9	106.35
489.4	80.35
472	98.5
479.65	105.7
484.95	117.05
479.2	106.55
528.55	132.55
524.6	126.4
522.6	126.25
522.6	129.2
528.8	130.15
526.75	130.25
528.25	134.6
529.95	126.75
528.45	123.45
684.2	270.3
907.05	507.5
886.3	493.85
891.35	498.65
888.05	507.6
885.05	513.95
884.1	510.9
884	508.9
882.2	503.75
774.3	78.4
773.65	128
769.3	119.7
769.05	126.4
770.7	114.7
0	0
0	0
776.45	121.9
779.1	121.6
773.35	123.45
780.7	122.15
774.45	125.75
777.25	119.6
775.95	120
780	117.05
781.45	110.1
781.3	114.25
779.75	113.05
780.25	110.05
781.85	105.75
778.4	109.25
711.75	122.65
548.6	170.55
549.3	171.5
545.7	167.35
536.7	180.8
540.8	176.95
541.45	178.7
542.35	176.65
543.75	176.7
536	180.6
536.1	181.15
538.8	227.4
531.65	293.75
531	293.1
547.45	285.4
538.8	292.05
535.4	296.95
534.45	300.55
543.3	284.75
545.65	276.4
543.65	279
561.45	225.1
541.75	250.4
540.4	253.15
547.9	248.4
546.9	251.15
546.2	257.4
543.45	254.95
540.45	258.85
541.25	260.4
538.1	256.8
539.15	259.2
538.75	261.6
548.4	304.45
544.1	303.9
545	301.4
545.55	312.75
549.6	308.9
534.9	311.6
537.75	307.1
538.6	304.95
537.9	311.8
549.1	308.4
546.35	303.55
547.8	304.35
531.35	218.3
533.8	235.55
531.1	235.2
531.85	229.7
529.85	230.55
537.05	229.85
538.9	224.45
550.35	289.7
549.4	293.8
544.05	298.8
543.7	302.05
541.3	303.55
542.55	298
545.2	288.65
549.2	291.7
542.5	294.2
537.25	296.85
536.05	301.9
535.15	301.2
536.2	303.55
536.55	301.85
539.05	296.5
543.85	298.1
540.6	304.05
537.15	305.65
542.65	301.15
544.3	290.4
545.85	290.8
545.2	291.05
546.55	290.55
547.2	288.95
536.6	300.05
542.1	301.7
542.3	293.75
549.35	290.1
547	293.85
542.1	293.2
549.9	295.95
549.4	291.95
540.75	294.9
544.05	293.05
543.85	290.8
544.3	292.8
543.65	300.05
544.75	294.55
542.9	296.45
541.5	298.35
544.2	295.9
542.45	298.95
548.7	295.6
702.65	385.45
830.4	530.5
832.2	527.2
837.15	524.95
839.45	521.75
841.2	521.55
906.65	509.3
893.5	513
889.95	516.65
888.75	515.05
884.3	523.3
884.9	524.05
884.5	521.3
884.6	524.35
888	515
889.4	510.05
882.3	519.65
879.7	518
874.95	517.4
872.7	520.35
876.5	519.65
872.5	521.05
873.3	522.4
1011.2	489.25
991.3	492.75
989.75	501.6
990.55	503.65
982.95	506.35
551.1	227.55
571.15	232
559.75	225.75
554	226.55
553.8	228.1
553.05	228.5
555.05	232.9
527.05	285.65
530.95	275.7
530.25	274.55
528.65	279.45
522.1	277.45
528.15	268.7
524.15	273.7
522.55	289.95
523.7	276.3
528.3	267.1
526.1	271.55
526	270.95
521.65	272.55
520.3	273.05
530.75	265.95
524.15	280.55
526	274.85
525.2	274.15
531.15	269.65
534.65	267.65
529.75	277.2
544.45	267.55
531.7	272.4
533.15	262.3
536.95	265.5
536.45	263.7
539.1	266.5
540.4	265.25
542.25	264.35
534.3	276.9
537.1	273.65
540.5	271.15
536.45	274.8
541.85	270
541.5	265.95
543.7	269.6
536.65	277.4
545.1	279.8
542.7	277.2
545.6	278.2
546.2	277.45
543.65	282.25
544.5	279.85
543.35	279.8
544.85	272.85
544.4	274.9
539.7	272.75
534.6	276
536.5	274.95
536.55	273.8
536.9	278.3
536.85	280
544.1	199.75
543.4	218.8
544.2	214.25
544.65	215.5
546.5	216.85
547.45	210.3
546.8	220.4
548.65	218.35
554.85	224.85
552.3	230.9
553.3	227.15
559.55	220.6
567.35	211.75
561.35	221.05
567.05	217.1
565.8	216.3
564.75	221.3
578.05	229.25
575.15	225.95
574.05	226.05
572.55	223.25
579.9	218.6
578.8	219
579.9	214.3
570.9	225.2
565.35	226.95
571.3	219.65
522.95	299.65
532.6	290.1
531.1	293.5
530.6	286.85
524.6	290.75
524.7	294.25
525.3	288.55
534.65	288.7
530	295.8
539.2	286.95
535.1	297
532.65	303.5
529.2	301.75
530.2	301.3
533.15	301.85
530.55	307.8
534.35	294.8
533.15	297.55
536	285.15
536.65	284.2
532.7	290.55
527.75	285.25
535.5	267.8
535.05	268.25
532.9	265.5
532.3	265.65
536.2	259.9
539.85	261.7
535.65	260.6
535.25	259.5
529.15	265.5
531	263.15
533.6	262.25
540.2	257.15
537.9	263
539.55	260.45
538.85	254.85
541.1	255.9
571.65	254.25
558.35	259.2
557.2	256.4
557.3	261.2
557.3	253.75
558.5	257.75
559.1	257.05
559.1	257.1
553.5	259
548.15	255.65
552.7	256.4
549.55	256.75
549	259.05
552.7	255.95
542.95	262.55
547.05	263.3
544.45	267.2
545.4	270.85
545	272.1
550.75	270.2
551.65	265.55
542.05	270.2
550.3	259.35
551.35	263.4
550.25	267.1
549.1	269.9
541.5	266.65
542.2	273.3
545.1	274.9
544.9	270.3
544.2	272.7
546.1	273.15
546.4	281.6
548.7	272.8
546.3	268.1
553	270.95
551.25	277.1
552.55	268.9
552.15	268.8
551.55	269.15
554.4	268.2
554.2	268.95
554.7	271.2
555.3	271.6
554.7	270.05
548.6	274.5
545.75	285.15
542.85	280.45
554.45	274.6
549.1	278.6
546.05	284.4
547.8	264.6
541.3	230.75
535.25	246.35
538.55	233.7
540.75	243.35
540.3	237.7
542.15	238.55
542.1	239.55
543.95	234.45
541.1	243.9
542.4	249.9
544.2	253.1
540.6	252.5
541.7	250.25
584.2	244.95
580.95	236.6
582.4	239.5
582.6	234.6
583.15	235.5
578.85	242.35
579.1	239.35
575.2	242.15
572.55	245.9
577.7	230.1
578.05	237.65
574.35	240.8
512.15	238.4
522.9	232.65
525.9	239.45
528.25	230.4
519.3	236.2
524.85	230.2
516.25	232.25
521.95	229.9
515.3	229.35
516.6	230.05
517.35	229.9
515.65	228.1
527.25	208.9
520.05	214.95
519.1	219.1
516.2	220.9
564.95	226.45
564.35	227.7
568	226.15
570	221.85
573.3	214.2
573.2	215.95
573.9	214.6
573.6	217.7
571.4	215.05
573	218.35
576.7	213.55
570.8	211.85
282.05	326.5
230.2	312.2
233.6	312.65
216.35	333.55
217.65	331.7
218.35	328.2
219.85	326.1
486.35	492.6
483	510.9
485.1	510.35
486.15	515.95
488.35	519.1
494.3	523.7
541.15	556.3
529.95	549.6
533.45	550.05
533.7	548.3
541.55	542.6
548.7	534.45
535.55	550.7
481	321.9
485.75	339
486.4	329.8
488.15	330.15
487.8	328.4
484.7	338.7
483.65	350.75
501.9	342.55
524.7	338.15
530.3	338.5
531.55	343.85
520.7	345.85
522.4	343.5
526.75	336.45
529.7	330.3
524.9	339.35
534.2	332.5
536.1	331.5
539.75	328.4
537.6	329.1
501.3	347.05
503.85	354.65
506.65	356.8
503.65	350.95
506.9	350.05
507.95	351.7
508.2	346.35
510.85	343.4
510.45	337.15
511.6	336.2
513.5	323.05
499.7	332
503	317.55
507.25	312.15
498.6	322.9
510.4	318.4
0	0
0	0
0	0
0	0
491.2	298
500.55	309.65
495.65	327.2
496.7	328.35
492.25	328.5
515.15	348.5
517.95	339.8
520	338
528.8	327.55
525.5	329.05
525.25	330.85
528.35	328.05
530.65	333
527.05	342.6
596.6	255.95
583.25	284.75
588.15	283.7
592.55	281.15
590.7	281.55
590	287
595.9	279.9
595.2	281.7
601.5	282.4
602.7	285.75
600.7	283.35
607.15	279.65
596.6	278.05
598.2	280.6
597.7	280.6
599.4	275.45
598.3	275.35
595.35	273.85
595.45	269.15
592.45	263.5
596.95	264.35
594.5	271.65
596.5	270.25
596.75	262
595.4	266.9
593.3	263.3
592.85	266.75
590.55	259.8
593.7	256.05
585.45	264.25
735.85	356.95
915	543.9
917	536.1
914.25	540.4
917.9	537.4
917	538.1
916.25	539.05
915.25	537.7
914.8	536
869.25	524.3
865.9	524.4
865.6	520.7
863.15	522.05
864.75	523.65
866.15	521.6
550.4	173.25
557.25	201.6
555.5	210.5
555.35	216.45
563.75	209.75
562.4	211.4
447.8	148.5
470.25	163.65
454.75	176.3
453.75	171.65
451	177.85
451.75	175.2
454.55	174.6
451.15	182.25
459.7	206.4
457.75	200.45
468	191.9
461.8	199.65
460.65	199.85
463.05	195.55
466.65	194.5
468.95	186.3
471.9	188.4
460.05	190.8
466.55	185
471.05	180.15
473.1	174.7
470.1	174.6
462.65	182.3
409.85	168.85
429.15	146.75
424.25	150.55
420.85	156.2
413.25	162.9
423.85	158.15
420	158.6
408.2	169
410.05	147
416.2	135.15
419.8	121.05
455.85	152.65
697.3	199.4
698.1	185.2
701.4	188.6
700.8	194.05
704.6	183.75
703.4	192.25
702.5	197.25
702.7	193.8
690.1	197.4
695.6	194.1
696.55	192.65
696.95	191.05
694.25	197.75
693.7	197.75
682.15	199.3
279.5	126.4
303.1	116.8
296.9	122.65
295.45	129.95
291.3	132.2
288	133.6
287.4	137.95
286.8	133.35
256.4	190.25
258.6	196.95
261.75	192.85
264.4	193.5
262.05	187.4
270.35	179.05
274.35	153.65
275.7	161.15
284.9	159.55
295.2	152.9
295.35	154.5
290.8	162.9
294.1	167.3
297.95	172.4
298.75	174.35
454.95	220.65
458.9	205.3
458.4	212.7
455.45	215
455.7	211.45
455	210.15
458	211.4
459.85	202.1
458.7	200.7
457.85	199.3
464.1	193.5
455.1	209.75
459.6	208.9
459.85	210.2
458.65	207.55
588.85	168.2
639	180.45
640.25	180.85
641.05	181.3
645.6	178.1
643.75	176.5
640.65	180.4
642.95	174.65
643.9	170.5
644.65	168.05
641.7	161.5
644.6	161.3
632.7	136
634.8	142.3
633.2	141.35
631.15	139.75
630.95	136.8
629.2	135.05
622.2	138.15
620.15	134.8
562.8	136.6
425	111.2
426.4	111.8
415.25	123.9
417.55	124.55
417.45	137.8
429.25	142.35
424.25	140.25
425.35	143.9
429.1	124.2
436.4	102.75
424.95	122.45
427	115.95
437.9	107.1
434.95	103.8
433.65	99.5
435.25	98.15
436.65	97.95
435.65	104.8
415.55	181.15
417.5	173.45
430.85	154.2
423.75	158.4
423.45	152.6
420.95	155.8
431.6	122.15
430.5	125.3
433.55	119
425.05	129.75
426.9	121.25
427.2	117
429.4	114.55
583.8	114.8
642.75	117.55
640.15	116.1
643.95	119.5
644.95	118.8
646.5	115.8
672.1	111.7
671.75	120
671.65	116.6
667.15	119.55
668.35	117.65
665.55	117.75
664.15	122.7
667.7	119.05
667.15	124.15
664.4	143.2
686.3	152.65
758.4	367.85
757.1	366.6
753.05	373.25
753.75	377.4
742.9	387.05
741.25	391.5
738.2	391.4
737.9	399.2
805.8	471.05
805.6	460.25
806.1	462.6
806.15	457.15
803.85	491.15
0	0
0	0
0	0
0	0
0	0
530.25	291
521.6	311.5
511.75	314.15
505.45	316.85
510.15	322.8
509.1	318.25
509.2	324.6
644.5	157.75
637.55	179.75
635.35	184.75
636.45	176.75
638.7	175.15
638.45	169.55
638.4	119.25
644.1	129.9
641.5	123.8
640.75	129.9
636.8	143.9
632.2	147.3
629.9	145.65
627.2	153.5
625.1	150.5
622.45	147.1
635.3	158.65
633.35	157.1
632.55	149.15
637.4	145.7
641.95	149.35
644.2	146.75
634.25	154.65
636.3	162.15
636.6	154.6
635.3	156.85
634.45	160.4
634.7	155.25
615.65	163.25
612.9	166.8
611.45	167.8
609.05	165.35
601.05	163.45
597.25	167.85
591.2	166.5
591.8	162.7
591.1	162.05
589.55	153.45
589.4	149.55
579.95	154.3
581.55	150.75
581.55	147.15
576.4	152.3
574.45	153
571.7	153.7
569.6	146.9
515.45	173.85
519.3	163
518.75	160.3
517.35	155.55
518	156.05
517.75	153.9
557.4	205.5
558.5	193
555.3	198.1
553.95	193.05
560.1	186.4
558.85	185.3
567.2	182.15
567.9	181.6
569.1	177.7
703.1	223.35
678.65	215.2
677.5	217.55
678.9	223
678.75	218.85
526.55	161.2
542.45	178.75
543.65	170.2
550.5	161.1
544.2	160.15
542.25	162.2
552.15	161.65
592.8	104.5
587.05	114.75
595.25	121.65
601.7	114.85
609.6	113.65
612.8	117
621.25	113.75
619.55	118.6
622.8	106.05
615.4	116.75
611.15	115.65
621.6	107.6
618.75	116.4
624.55	112.5
617.95	117.35
617	118.3
673.2	114
661.6	116.7
662.05	117.45
665.7	120.55
670.25	120.45
673.75	123.6
671.65	123.45
678.5	95.75
692.6	92
697.7	88.15
693.95	95.9
698.15	86.55
703.15	89.5
716.7	86.75
719.7	93.8
736.9	102.4
740.2	104.6
740.7	100.95
740.95	103.65
741.75	106.35
740.75	109.25
738.1	110.7
739.45	114.05
736.95	120.65
733.25	120.75
732.7	129.1
732.75	134.65
734.2	139.55
735.75	142.4
741.95	137.25
744.1	132.4
747.1	128
775.4	145.85
773.75	142.95
776.4	139.5
779.5	135.55
773.8	138.45
782.3	131.9
782.4	134.05
783.95	135.05
786.8	132.45
788.75	142.05
792.6	135.85
794.85	137.25
795.4	142.05
799.25	141
806.8	135.65
809.1	141.05
809.6	140.15
784.9	234.35
796.35	240.55
796.25	239.1
791.25	237.55
796.05	230.15
788.95	239.25
787.4	233.3
783.95	236.8
787.45	234.55
785.75	232.2
780.75	238.2
778.65	234.15
778.8	230.8
779.6	236.6
589.65	240.35
338.15	202.75
348.25	193.05
331.6	213.6
332.4	217.8
334.8	219.8
339.2	219.25
324.65	230.05
330.8	218.6
338.9	215.45
339.8	215.25
324.75	228.1
330.85	217.05
298.8	164.85
305.2	161.75
309.05	162.15
306.5	161.55
305.8	159.8
300.7	165.75
298.95	164.2
296.9	169.8
309.4	167.15
299	177.7
293.35	293.75
293.7	322.75
292.9	319.95
295.55	320.65
294.25	322.95
293.4	327.55
290.9	328.2
291.3	323.15
297.4	320.65
317.9	325.4
314.05	327.35
319.7	334.7
316.85	345.35
311.7	344.3
312.25	346.95
312.4	344.25
311.9	347.65
314.95	345
730.75	247.3
702.2	267.7
707.3	260
713	262.05
711.15	262.4
803.6	179.15
793.4	194.95
785.75	213
788.8	206.35
793.55	203.45
789.55	199.4
793.85	197.6
811.75	166.7
800.45	185.4
798.1	184.25
804.4	175.5
803.65	176
797.65	179.15
800	172.65
796	181.55
791.8	187
789.65	192.45
786.35	192.25
784.5	190.4
783.45	185.35
777.5	188.3
779.1	188.55
776.2	188.35
777.9	190.75
776.3	192.05
815.55	200.65
814.2	198.25
814.6	197.2
817.6	195.65
816.4	194.7
816.7	197.15
820.55	196.05
816.75	197.65
814.75	197.1
807.95	274.9
792.45	396
793.45	389.15
794.25	392.25
801.05	387.95
798.65	392.8
796.05	393.95
795.9	394
794.45	397.4
823.35	408.4
820.55	403.75
818.6	400.8
821.4	408.5
822.9	419.15
822.05	417.4
822.7	420.65
752.25	316.05
730.8	206.15
726.15	208.3
725.8	208.15
726.5	198.4
725.7	196.05
726.6	200.8
721.3	204.2
719.7	208.7
717.9	213.6
638.7	145.85
518.65	79.8
522.2	85.9
518.9	89
519.5	88
519.5	88.5
521.3	85.35
531.95	74.25
392	230.2
390.15	246.15
390.8	250.15
400	249.3
393.5	266.75
385.45	273.4
385.35	266.85
383.6	267.15
385.35	268.15
551.4	320.2
540.1	309.15
539.2	306.6
541.4	304.9
539.1	309.25
536.25	311.05
537.7	307.25
568.45	269.55
635.2	194.75
637.45	201.85
633.05	195.25
629.25	200.1
629.65	189.45
624.45	196.2
625.1	195.9
619.5	189.95
751.75	193
748.85	197.55
746.4	191.3
749.5	193.65
748.35	195.3
749.55	193.95
750.65	193
754.8	187.6
772.05	277.6
756.05	276.7
755.35	285.9
756.4	286.3
755.4	278.45
761.15	272.3
759.95	274.1
755.35	274.85
758.95	278.75
757.5	282.85
755.85	281.9
755.05	283.3
749.95	282.85
752.3	280.35
744.1	286.1
748.1	272.5
752.7	248.9
753.6	262
753.1	263.7
745.25	260.4
745.8	264.3
745.85	261.8
740.75	264.5
740.85	286.6
747.25	278
746.5	270.15
749.8	255.1
741.6	267.15
740.1	271.65
748.8	278.5
747.95	279.4
740.65	277.3
748.8	270.35
748.5	274.15
747.8	274.3
746.8	276.8
749.15	279.9
740.6	285.2
739.35	292.45
750.65	186.45
746.15	207.55
746.2	212.3
746.9	212.3
747.95	211.55
764.05	217.55
766.8	222.3
769.75	213.85
777	202.75
769.5	210.85
775.45	217.35
771.2	220.05
769.7	223.15
773.8	215.55
767.65	310.55
770.55	306.85
762.3	313.3
760.85	314.3
762.15	308
758.45	312
757.2	303.45
647.7	284.15
382.5	229.45
392.65	224.05
396.7	226.95
398.15	223.95
395.15	235.75
395	239.45
356	255.55
362.8	249.35
368.6	245.6
372.85	244.5
366.95	243.6
366.1	241.15
380.1	233.65
375.25	244.35
385.65	246.7
0	0
0	0
0	0
0	0
0	0
376.1	261.9
377.45	278.55
385.55	267.3
384.45	268.1
368.45	282.15
368.4	288.5
373.7	280.1
370	286.85
392.25	198
385.15	225.15
384.9	241.45
389.9	232.7
380.6	232.05
381.3	239.3
382.8	230.95
380.4	239.75
385.2	237.35
389.6	264.35
400.3	362.7
404.95	358.7
403.6	367.1
414.1	360.3
416.9	356.4
414.8	359.95
405.85	363.05
409.5	357.3
409.25	356.4
403.45	360.45
405.85	366.2
411.1	358.15
804.5	458.95
858	494.65
851.2	483.7
854.85	481.75
856.5	497.05
862.95	491.15
858.55	487.85
860.7	487.85
732.05	419.55
510.45	248.85
522.1	252.5
528.95	241.3
520.5	243.85
522.15	239.4
530.5	233.95
519.85	247
520.8	244.95
448.3	245.8
426.25	200.1
418.35	210.7
412.3	212.3
408.65	214.45
420.05	207.05
414.15	216.35
412.45	222.5
409.8	228.3
410.95	224.95
408.75	223.5
412.8	221.05
661.25	210.25
655.8	224.05
654.15	226.4
653.6	224.4
656.55	225
659.45	216.4
661.1	221.4
650.4	231.35
554.95	68.15
552.35	74.7
550.9	71.55
552	65.45
551.15	69.1
543.95	70.15
546.7	72.3
404.15	160.65
408.85	188.35
400.35	202.95
397.75	204
396.7	207.55
398.4	208.55
408	200.6
411.8	200.3
411.1	198.95
556.9	207.3
630.85	229.8
635.75	232.2
637.3	232.65
638.1	236.1
633	250.85
637.2	246.35
622.55	248.4
435.65	215.3
437.2	219.15
438.6	210.25
437.3	215.55
424.45	228.8
427.75	229.95
438.45	212.75
444.55	208.4
442.6	213.35
438.05	219.45
431.5	228.5
436.2	221.7
440.9	215.9
441.65	213.45
418.65	276.8
402.9	337.6
401.35	330.3
402	340
415.55	329.45
418.15	329.6
415	326.3
404.3	337.4
416.85	326.6
418.15	325.1
419.55	414.45
416	402.6
418.85	404.05
415.6	405.3
427.3	396.65
420.95	403.45
405.45	424.5
413.3	424.25
417.15	424.3
418.1	419.05
413.05	421.15
406.6	420.4
463.4	225
466.9	214.5
468	215
455.65	227.7
463.2	222.25
458.25	230.65
460.8	228.1
463.1	229.7
461.2	237.9
459.2	242.6
457.45	245.5
462.25	239.3
463.9	237.2
465.45	231.8
446.05	277.5
441.9	339.65
445.8	337.7
447.65	335.9
451.85	332.6
450.15	331.7
453.7	332.8
484.4	244.85
480	253.2
482.8	252.8
485.25	251.95
475.4	255.7
479.85	250.75
485.3	235.55
379.5	373
402.5	450.95
403.1	443.2
400.2	448.05
400.75	442.35
398.1	445.2
391.6	450.05
402.95	442.4
506.4	266.7
504.35	270.25
506.85	264.45
513.45	256.6
502.7	261.85
506.8	254.9
520	243.3
593.2	253.2
589.6	258.5
592.1	256.6
590.95	251
592.3	251.55
596.4	251.1
590.15	249.4
590.75	242.9
605.25	234.7
588.85	248.1
586.15	243.35
584.9	248.65
590.9	239.05
530.25	252.55
529	252.65
528.9	259.7
530.8	256.05
523.65	265.65
522.1	261.25
568	323.5
561.9	307.6
563.8	307.65
565.95	301.3
554.25	318.85
561.6	308.6
556.65	312.85
556.15	312.1
554.1	314.3
0	0
0	0
0	0
0	0
0	0
515.75	263.15
511.2	281.35
512.1	274.9
508.45	291.6
510.7	288.5
513.65	285.6
512.55	275.6
529.65	246.55
518.1	259.8
513.2	270
517.6	260.1
521.3	258
522.35	252.7
520.25	260.25
514.7	268.75
511.35	264.3
515	267.55
511.95	262.25
509.25	264
617.4	254.4
666.8	251.8
657.05	260.65
651.3	270.85
652.65	270.7
654.05	274.55
651.9	277.5
652.55	279.95
652.45	275.95
671.5	273.5
691.5	268.6
692	269.65
691.85	268.85
692.35	269.05
693.95	260.25
697.45	257.6
695.9	263
696.3	259.2
695.3	259.1
695.95	257.2
617.65	286.9
632.2	284.6
627	287.35
627.05	283.05
626.9	279
630.85	281.5
624.55	279.4
405.85	310.7
333.15	305.7
336.85	300.95
334.85	297.2
324.4	310.65
327.1	304.1
329.05	302.6
328.4	303.35
332.2	294.75
334.7	286.3
346.95	287.2
340.65	297.8
334.95	299
337.2	300.6
391.75	286.6
640.65	238.5
633.85	250.25
640.9	247.5
640.05	252.25
638.4	258.35
642.2	250.4
638.05	261.65
647.05	256.3
641.8	255.5
639.05	253.15
641.1	256.15
637	262.25
375.3	273.4
387.1	270.75
400.5	274.9
397.75	273.75
405.5	272.05
403.45	270.9
415.5	251.05
418.25	258.45
416.4	268.05
425.7	260.5
427.5	262.3
428.85	252.75
513.85	275.6
823.9	291.65
809.65	302
801.2	317.05
802.5	323.6
800.3	322.5
792.1	332.1
797.55	324.8
800.65	321.35
691.5	277.65
631.55	267.5
638.45	272.55
634.3	264.4
635.8	267.8
630.5	276.2
591.2	262.8
452.05	270.1
452.6	271.95
456.45	260.7
456.15	267.35
453.3	268.55
429.85	126.4
427.25	179
434.6	154.05
441.35	148.65
443.95	148.75
444.15	152.15
452.7	139.5
462.45	154.9
464.05	158.65
474.05	144.2
467	143
570.75	175.8
567.6	172.65
579.6	166.85
584.3	171.4
591.6	166.3
577.8	176.4
579.15	176.2
578.75	175.85
577.9	177.95
590	163.95
594.55	156.7
591	161.3
584.7	171.6
587.9	173.65
588.4	166.15
569.25	165
557.6	158.35
561.55	157.25
558.9	155.35
550.55	169.9
548.8	176.2
550.25	181.5
480.8	203.65
496.4	196.85
493.85	193.85
496.55	193.15
492.75	194
487.45	189.9
492.55	191.3
507.05	175.35
494.65	180.7
471.65	203.8
469.85	216.3
463.75	212.8
457.75	208.7
457.75	208.5
459.1	208.75
454.75	214.6
613.45	201.05
589.7	210.4
598.5	204.15
594.9	203.4
592.05	208.1
587.4	207.3
594.6	207.8
556.8	267.75
557	269.5
551.1	276.15
539.8	284.2
541.95	282.05
541.55	280.85
548.2	271.9
541.15	278.1
537.05	285.2
584.75	334.45
572.65	335.9
574.9	333.1
580	328.65
580.4	325.85
598.1	324.6
0	0
0	0
0	0
0	0
0	0
557.35	267.9
558.45	270.05
555.15	267.3
552.4	276.7
562.15	283.85
517.55	308
337.5	485.05
318.1	499.15
329.3	499.7
334.8	497.05
331	499.5
333.65	493.75
345.65	482.15
331.65	486.5
266.3	515.55
267.2	518.1
267.1	521.9
269.6	517.65
273.1	515.85
292.3	501.25
289.05	503.35
278.5	506
356.7	521.95
356.5	547.05
355.75	545.7
356.25	546.25
347.2	546
345.65	544.25
357.15	534.3
348.9	532.4
259.6	532
264.1	521.95
249.9	526.7
251.85	520.15
259.3	519.7
256.15	517.05
239.7	522
262.65	445.2
271.7	447.65
265.25	448.7
260.8	450.3
272.25	456.6
428.65	339
534.35	274.4
523.4	296.9
526.05	293.2
537.3	287.4
529.15	295.05
530.6	294.6
538.05	291.1
534.05	293.4
586.45	246.35
577.2	257.7
579.25	259.8
580.9	259.55
587.05	255.7
586.25	256.45
593	246.2
588.95	250.05
562.45	295.65
551.95	287.2
552.85	287.3
555.1	287.6
558.6	287.5
558.1	291.1
559.55	287.55
558.85	280.6
563.9	280.7
556.1	287.85
554.65	282.7
560.9	279.35
561.7	272
559.9	273.5
559.2	275.3
553.85	285.6
550.15	287.75
546.15	289.9
544.75	290.85
547.65	284.95
557.15	279.25
560.25	276.7
557.6	276.8
559.25	277.3
550.9	277.25
551.65	283.95
559.3	278.85
560	277.9
561.85	281.1
566.15	276.6
570.3	275
612	257.15
614.6	261.75
611.7	268.85
613.75	269.25
612.7	269.25
616.65	260.65
621.85	255.95
619.95	260.25
619.95	258.45
614.25	259.4
614.1	260.35
613.35	260.15
612.05	257.65
610.4	261.1
640.3	273.8
639.75	256.8
641.15	256.65
635.45	265.55
634.05	275.7
639.25	268.25
636.2	262.95
0	0
0	0
0	0
0	0
0	0
0	0
405	190.1
390.85	216.75
449.75	231.85
440.05	223.05
440.85	235.45
442.7	234.15
441.95	242
443.35	245.65
449.7	242.3
442.8	243.4
442.1	242.15
435.8	244.25
424.75	366.05
431.15	339.95
430.95	335.8
428.9	330.7
442.5	317.95
494.95	275.95
488.3	285.1
489.7	286.8
483.25	289.55
485.4	286.65
486.75	284.1
486.75	287.9
485	287.2
484.55	288.9
516.4	198.25
511.95	216.9
513.45	220.5
515.45	217.85
510.6	224.4
494.2	234.95
499.2	235.3
498.35	230.2
500.1	234.2
499.5	239.1
501.35	238.95
505.5	242.75
495.3	261.9
489.25	297.8
491.3	293.35
485.95	301.6
492.1	301.35
507.5	285.45
505.65	286.85
504.55	289.15
502.85	291.6
510	286.25
510.65	288.7
508.15	284.65
509.45	282.9
509.05	284.25
509.7	280.8
492.5	297.2
497.65	300.15
502.85	298.1
498.25	300.1
516	286
516.65	289.75
511.1	290.9
584.9	307.2
571.85	308
573.45	304.1
573.2	305.2
578.35	302.85
578.5	301.45
586.55	292.5
552.1	295.1
556	298.75
554.2	296.2
556.95	290.35
553.75	291.85
552.8	293.3
534	287.8
489.85	210.9
493.5	214.05
493.15	214.35
484.35	220.55
478.25	226.5
483.8	220.1
500.6	217.1
502.15	214.75
500.55	220.35
489.15	225.5
486.15	232.05
601	205.6
590.75	210.1
578	220.25
577.45	224.05
575.3	226.35
577.85	222.75
574.85	231.6
570.15	234.8
566.95	234.95
577.4	225.15
573.6	230.85
571.9	228.4
567.8	225.8
541.45	332.4
544.2	320
545.95	316.6
544.2	315.85
547.8	313.2
546.1	311.65
545.35	317.5
538.95	324.2
534.75	321.35
546.7	243.3
566.2	233.7
567.6	230.15
564.9	232.2
558.3	236.7
551.35	243.3
566.9	227.7
550.45	241.05
560.2	237.3
565.95	239.55
564.15	247.2
551.85	257.2
557	256.7
566.05	249.75
570	245.8
566.5	247.4
572.8	239.75
570.55	243.15
561.85	253.55
567.05	245.45
570.65	246.3
564.9	253
568.25	239.6
575.45	226.75
574.25	225
658.7	234.25
660.85	247.4
658.6	245.3
655.85	240.7
661.05	225.5
652.5	233.35
652.45	238.8
659.5	239.15
641.7	239.85
613.85	223.85
608.7	230.4
605.4	227.3
609.3	214.45
582.45	131.6
583.4	126.85
581.1	123.4
584.85	126
590	126.15
639.85	146.05
627.8	163.35
632.65	160.5
631.95	149.7
636.95	150.45
637	154.65
634.55	159.7
645.3	157.15
638.2	157.85
638	156.25
648.15	154.25
642.9	170.1
650.3	161.4
642.75	164.35
645	161.75
669.85	143.65
665.55	144.9
668.25	150.8
665.9	147.2
668.15	151.05
669.2	144.6
594.4	136.7
460.3	159.05
458.45	146.65
460.45	142
462.05	140.1
468.7	136.9
466.8	133.45
682.6	128.45
665.35	129.25
668.95	130
679.3	115.25
682.15	119.95
680.65	123
680.4	123.4
683.85	118
684.2	115.4
679.25	126.5
680.95	123.4
681.9	121.25
684.2	120.95
682.55	115.95
682.3	124.75
683	119.05
685.1	113.75
685	115.15
683.25	115.65
683.1	115.05
678.15	133.3
685.55	121.9
686.4	117.2
686.1	115
683.3	114.9
683.15	123.15
684.15	119
679.8	119.15
677.8	119.95
678.35	120.7
679.7	115.35
677.05	115.45
672.6	121.8
671.15	128.55
670.05	128.5
674.75	124.55
672.25	134.3
0	0
0	0
0	0
0	0
0	0
564.9	188.05
565.1	200.85
564.65	209.65
635.95	158.9
648.65	162.75
654.25	154.65
656.25	149.25
659.05	160.9
654.5	165.2
649.9	166.4
647.6	161.15
652.1	152.4
657.9	160.65
671	147.65
668.95	149.15
664.5	153.3
657.25	152.45
655.3	156.8
659.4	157.05
662.15	149
657.95	158.1
663.35	157.25
664.75	154
661.25	160.5
655.55	139.5
472.15	171.5
479.05	172.05
477	167.3
475.55	162.55
475	162.4
474.4	165.15
471.45	159.75
472.45	158.5
483.65	140.5
485.3	141.25
479.15	149.25
473.95	149.45
471.25	153.25
519.9	148.15
655	132.6
651.7	132.4
653.75	135.9
656.2	138.1
655.7	143.9
649.2	144.7
656.25	135.15
666.65	136.3
663.9	135.15
667.55	130.7
668.9	132.4
666.25	135.95
668	136.85
668.3	142.55
663.75	145.65
669.75	139.1
671.1	140.2
671.55	138.25
672.75	140.1
672.45	129.95
672.25	130.3
677.95	123
676.65	111.45
678	106.8
677.35	108.3
680.2	108.05
683.2	109.25
686.05	126.95
684.7	133.9
687.15	129.35
686.25	132.85
686.8	134.05
688.25	131.2
687.05	133.2
680.65	139.7
681.35	136.95
687.65	129.1
796.7	128.15
783.2	132.8
779.65	134.1
778.8	138.15
776.25	146.25
775.6	147.2
775.6	149.6
775.85	144.85
777.8	147.5
779	147
703.35	169.4
706.85	157.05
708.2	142.75
702.2	145.55
702.4	149.85
705.1	150.2
697.8	139.65
708.6	131.9
697.6	135.75
696.25	127.9
699.35	120.9
700	122.4
704.4	113.4
592.4	278.45
557.9	337.45
564.25	323.9
555.3	328.75
562.3	333.2
552.7	350.1
547	356.8
468.8	263.8
445.75	259.15
450.1	256.25
449.8	252.4
438.6	264.2
437.25	262.25
439	261.85
444.9	249.85
450.05	243.6
446.3	247.9
439.7	264.95
451.6	255.1
451.4	257
452.85	255.15
455.25	245.35
458.9	247.35
458.45	248.35
454.8	249.95
460.3	243.45
456.15	242.85
457.25	246.85
464.1	228.1
453.3	229.65
451.35	234.85
456.45	236.6
462.45	238.85
360.35	228.45
375.2	222.15
384.4	208.1
370.45	214.85
373	213.15
374.65	214.35
380.05	208.2
378.2	206.9
344.75	7.69999999999999
336.9	41.7
339.5	35.15
339.05	35.75
339.05	31.5
352.95	145.45
0	0
0	0
0	0
0	0
461.55	178.65
462.95	181.75
452.9	210.3
460.6	199.65
464.1	196.35
448.25	258.1
452.15	258.05
452.05	260.8
452	256.55
450.4	261.7
441.5	269.7
445.05	262.1
448.25	260.95
451.6	249.4
451.65	247.85
447.95	251.9
445.5	243.7
443.6	253.25
442.35	249.4
444.9	236.3
444.9	247.2
448.3	245.9
453.25	246.45
610.85	123.75
590.6	146.2
594.1	151
595.85	158.5
584.6	175.9
582.75	178.75
583.15	174.35
586.05	167.15
588.8	157.15
589.2	155.95
585.5	158.25
581.85	165.25
470.75	150.45
451	170.3
454.15	155.25
458.55	149.55
452.95	144.9
459.45	140.95
452.25	136.05
466.95	126.5
464.85	135.25
462.25	143.25
459.65	145.1
458.5	155
473.3	132.75
466.45	153.9
460.65	159.8
462.45	154.75
510.85	113.5
595	140.9
593.75	142
593.8	141.4
594.05	134.85
589.85	134.85
592	128.7
589.9	131.75
590.45	128.5
602.05	112.4
590.95	120.95
601.25	116.4
595.7	131.15
594.55	129.65
604.9	120.4
599.8	123.75
597.9	123.15
598.05	142.75
595.05	137
596.9	136.1
597.3	132.15
573.75	294.65
576.15	275.15
579.5	276.6
581.05	280.6
574.25	286.9
576.65	286.85
573.45	285.2
576.25	278.75
586	269.2
581.25	270.05
590.15	221.5
592.2	129.4
594.5	137.25
598.65	132.85
606.3	126.05
602.2	131.1
595.85	139.4
591.55	137.7
593.35	111.95
594.75	119.6
601.8	116
599.3	115.1
592.95	121.7
593.5	117.1
592.45	111.85
591.2	111.4
588.95	106.9
591.95	104.4
592.25	100.35
586.15	106.3
583.75	118.2
596.5	110.8
585.25	116.6
583.65	111.6
580.65	115.3
577.65	117.2
713.55	266.15
834.2	443.5
840.35	435.65
836.55	439.5
843.6	438.95
848.95	437.7
850.5	438.25
846.35	445.7
845.35	444.3
896.2	508.25
897.4	509.25
894.25	508.55
894.85	509.55
900.6	500.65
902.45	500.9
669.6	297.5
533.95	206.3
530.6	210.8
533.25	206.65
535.9	212.35
541.5	214.2
539.75	209.6
541.55	211.2
552.05	211.95
550.15	216.45
547.35	224.75
532.55	235.35
536.85	233.5
535.45	222.95
531.5	222.4
538.05	205.65
529.4	206.6
530.2	201.05
543.15	195.75
528.85	207.25
527.15	209.2
526.5	210.9
574.8	158.7
562.55	178.7
555.3	188.3
556.95	190.9
556.6	198.15
559.7	193.4
558.6	183.75
563.7	172.65
559.9	168.35
555.45	173.65
552.6	185.05
578.65	185.4
569.6	192.4
568.7	194.1
568.2	193.8
561.35	203.65
562.1	203.9
561.15	206.65
559.3	206.35
560.6	208.2
562.45	204.2
548.75	236.5
560.65	231.6
549.75	246.55
548.5	256.7
549	248.15
553.25	248.6
558.1	241.3
560.5	237.25
552.9	240.55
554.1	239.05
553.4	242.8
555.9	238.85
562.85	237.1
609.05	191.15
592.95	218.75
596.8	210.6
600.7	213.25
601.85	210.65
602.7	211.25
604.1	215.55
599.35	222.95
602.85	219.7
603.75	221.6
604	218.8
602	221.55
601.15	220.75
598.1	218.15
597.15	224.85
597.75	227.35
659.3	251.2
649.85	249.15
652.2	241.4
648.9	251.9
656.65	256.5
654.3	261.6
658.15	258.2
656.9	255.4
661.8	252.6
662.85	253.2
629.7	114.55
631.25	125.4
630.75	109.85
629.8	119.9
632.4	113.65
624.1	123.3
600.7	130.35
594.55	140.1
597.45	131.35
593.95	136.05
596.6	138.1
597.85	132.5
597.4	140.15
589.9	144.25
590.55	139.15
592	135.9
591.3	139.1
585.95	128.05
583.9	136.75
585.1	139.45
574.45	149
573.8	159.15
569.05	158.85
566	159.1
567.3	160.25
566.4	162.7
564.4	161.1
562.8	158.7
561.05	158.15
556.6	155.45
552.4	156.55
551.9	152.15
546.6	156.5
548.35	143.6
543.6	139.5
542.3	138.6
541.35	136.75
542.75	131.3
547	123.35
540	131.4
538.95	138.25
536.7	139.8
538.5	144.95
533.15	84.35
535.15	105.95
539.65	97.65
533.9	98.35
535.75	98.3
527.7	106.05
530.45	101.35
473.25	155.95
479.7	144.9
482.75	141.4
480.8	144.45
485.15	137.65
478.25	153.45
564.95	212.6
591.75	253.5
593.6	250.05
591.2	249.75
592.3	249.9
599.55	242.9
672.65	244.55
671.2	242.7
672.2	247.2
674.6	251.6
681.7	244.15
680.85	250.65
681.35	246.2
677.2	248.7
679.65	240.3
678.3	246.85
677.25	239.85
676.25	245.65
672.4	269.9
667.3	263.95
658.05	260.15
657.1	257.15
652.45	259.3
645.25	259.45
647.95	257.7
644.55	255.9
639.95	256.25
631.3	262.6
628.75	255.55
625.4	255.3
620.5	256.2
616.7	258.3
615.25	254.55
615.3	250.75
616.9	250.1
609.45	254.35
610.05	251.7
608.45	252.75
590.45	252.2
590.05	248.85
591	245.6
589.65	247.3
588.15	243.9
587.2	242.3
573.7	214.4
568	201.35
564.7	215.25
557.3	224.1
569.95	211.65
565.7	210.2
562.85	219.3
560.25	215.4
558.3	212.7
543.65	221.7
541.8	220.65
541.8	217.45
540.05	265.4
532	264.05
523.55	274.4
523.95	271.5
520.9	272.15
520.35	269
492.25	125.6
499.5	137.2
497.85	138.85
486.9	152.75
513.6	134.65
563.3	119.05
563.7	121.9
561.6	136
559.45	129.5
564.6	119.9
565.1	118.75
568.7	112.35
571.05	106.95
572.35	102.25
573.6	103.5
574.45	103.3
578.85	102.15
579.9	105
578.55	100.35
576	110.35
587.6	85.3
586.3	94.15
590.2	96.5
583.85	107.45
586.65	110.9
589.3	102.85
593.85	100.7
593.7	99.6
591.85	100.45
592.6	92.7
597.05	81.7
594.95	81.25
599.35	81.3
604.05	86.4
600.75	90.55
596.7	92.25
604.3	91.85
605.3	94.3
595.1	99.35
601.2	99.15
605.5	96.5
604.25	90.65
605.95	92
604.3	95.75
606.3	93.8
602.35	96.45
603.2	93.75
604.5	86.6
605.6	90.15
620.5	90.3
622.4	86.6
618.15	87.1
612.35	86.4
614.9	92.05
613.85	93.65
615.85	99.75
620.6	95.2
625.05	91.85
634.65	90
639.55	87.35
633.2	201.45
643.05	202.4
638.6	212.35
641.5	209.3
642.1	208.65
648.45	203.6
648.55	205.1
652.1	201.7
652.7	197.1
656.5	197.1
658.75	199.65
660.05	197.85
656.3	195.15
667.6	189.35
664.5	193.5
668.95	194.3
673.6	198.25
675.8	196
681.15	197.2
686.6	198.7
687.6	197.35
693.8	201.45
699.9	210.95
731.15	299.35
726.45	288.05
726.2	284.65
729.5	284.35
727.35	288.25
722.45	290.3
720.95	297.4
723.45	287.35
724.7	286.2
724.2	290.45
723.7	299.6
722.85	306.1
718.4	307.15
717.4	308.7
713.05	307.4
770.75	278.1
767.05	271.15
764	275.95
765.3	275.85
763.75	281.7
762.1	285.9
763.4	286.95
764.15	285.3
760.55	290.4
763.5	287.35
763.15	284.5
765.2	187.5
768.3	203.7
772.8	197.65
777.05	193.65
775.85	192.4
842.25	130.8
835.2	147.1
840.1	150.2
841.65	153.65
846.6	158.35
866.45	109.2
866.85	129.05
872.75	128.6
878.45	127.25
883.65	118.85
892.15	114.45
900.35	113.6
905.05	119.8
914.95	114.8
923.65	114.45
930.25	115.55
930.1	115.85
938.2	114.6
949.05	111.75
957.25	111.35
963.9	111.8
972.15	113.4
978.6	116.6
988.4	109.75
1004.45	102.2
1013.6	102.3
1024.1	99.65
1030.85	95.95
1040.55	94.05
1049.45	89.25
1055.5	95.25
1066.15	96.8
1076.45	92.15
0	0
0	0
0	0
0	0
555.5	156.9
424.85	168.6
418.65	185.9
414.85	201.2
433.6	191.2
435.15	198.25
436	198.85
441.45	196.25
429.35	208.8
435.4	198.55
443.5	196.35
438.05	196.9
425.45	277.85
425.35	268.35
430.55	271.3
434	260.7
429.8	270.65
427.5	273.7
430.55	274.3
428.65	278.95
442.75	352.2
447.65	340.85
452.8	340.35
442.2	338.2
443.25	340.6
446.25	341.05
447.85	340.85
452.5	342.8
451.7	345.6
455.1	345
456.4	336.65
458.45	340
697.6	331.9
678.95	337.1
689.8	336.8
688.9	348.75
697.6	343.25
705.85	340.1
693.85	346.8
697.7	343.6
587.95	253.1
530.5	204.9
532.7	206.35
534.45	206.8
537.6	206.1
530.45	213.95
532.9	215.3
461.25	178.25
465.3	180.95
466.8	174.75
469.75	167.95
465.05	170.1
465.15	162.05
342.3	325.4
343.5	341
350.8	336.9
358.85	336.15
355.05	345.9
358.6	344.8
345.8	339.4
275.8	270.7
272.1	278.7
274.95	275
275.8	280.2
284.25	267
276.7	270.1
285.9	259.45
291.4	268.05
295.45	263.05
300.2	256.75
295.75	259.15
294.85	259.1
482.6	389.9
559.2	416.05
562.8	432
556	439.9
569.6	428.6
570.3	432.2
559.5	436.15
570.55	439.1
864.65	498.05
847.95	506.55
851.25	499.8
856.55	495.2
859.6	490.95
856	491.65
852.85	497.4
851	499.85
643.85	492.2
568.85	465.75
552.75	481.5
549.05	482.4
551.45	482.5
619.15	244
612.05	255.7
625.55	264.55
614.25	267.25
613.65	269
613.75	264.8
626.75	258.7
621.35	255.9
617.1	260.6
617.15	254.85
