508.15	309.65
505	310.75
504.9	310.65
507.85	310.65
507.9	311.8
507.25	314
508.4	317.85
510.15	318.55
490.8	97.8
490.1	114.15
493.6	117.8
494.75	118.25
495.65	116.6
492.35	115
490	116.1
257.95	113.4
272.55	107.65
275.55	110.65
276.6	111.05
275.3	109.6
275.5	107
271.35	107.6
257.05	109.6
257.95	111.8
259.9	120.55
259.25	122.25
260.45	120.9
258.9	121.45
258.25	120.45
256.85	121.5
257.7	120.7
329.1	72.7
446.3	20.5
445.4	24
447.25	23.85
446.6	25.1
444.65	20.5
443.85	21.35
445.2	25.25
443.05	25.95
442.3	24.05
447.2	27.65
773	116.85
759.45	116.8
759.4	116.5
760.75	116.35
758.3	118.45
759.25	123.3
758.45	123.2
759.5	123.6
747.05	128.8
746.15	126.4
746.5	125
744.5	121.8
742.5	120.2
740.05	124.15
741.4	127.2
742.5	128.5
742.45	130.1
743.45	129.65
742.1	125.95
742.2	122.55
607.8	143.6
525.15	145.35
524.4	146.75
524.05	147.65
525.25	150.25
0	0
0	0
0	0
0	0
526.3	143.95
507.7	145.6
257.85	128.85
260.55	130.95
261.9	135.1
262.25	133.65
263.05	134.8
262.35	133.15
263.1	134.55
264.05	130.55
254.55	121.9
249.05	117.7
248.95	116.9
252.5	114.55
578	234
555.65	230.45
552.15	239.15
554.35	237.6
552.8	238.2
555.2	238.5
555.55	237.7
528.2	250.25
539.25	248.35
535.75	250.6
537.2	245.55
538.15	244.35
538	243.8
538.35	248.2
539.6	251.6
537.5	255.3
539.55	250.4
536.6	244
538.2	246.3
540.1	252.15
538.35	251.3
539.85	247
540.65	250.15
539.3	253.9
560.2	234.3
561.2	233.8
560.9	230.95
560.75	233.1
559.35	230.7
559.3	230.1
557.9	228.65
558.55	228.9
559.3	230.95
559.15	228.8
558.95	228.2
558.1	226.95
569.6	237.5
569.35	237.8
569.1	240.8
569.1	240.1
567.45	241.3
565.35	241.2
551.15	281.15
551.1	282.8
548.2	281.7
550	275.6
548.85	275.25
548.55	275.45
548.55	274.25
548.1	275.7
802.1	426.6
907.45	518.7
911.7	522.05
914.45	524.55
916.15	528.3
915	524.6
912.85	526.75
913.25	527.9
914.5	528.7
912.5	530.6
905.95	524.3
574.7	289.55
556.35	269.15
558.55	263.55
555.15	260.5
555.95	258.1
557.9	252.7
556.75	258.7
557.6	254.2
557.95	254.2
544.05	261.7
537.5	266.65
539.15	269.55
540.1	270.5
539.8	270.55
537.6	271.35
539.2	268.75
542.2	267.7
543.75	265.15
541.05	264.25
542.9	265.9
543.95	266.05
540.75	267.7
541.8	269.55
545.8	265.15
547.15	268.3
609.8	310.45
937.4	532.45
917.45	530.75
920.55	525.85
919.85	529.7
919.05	528.3
923.75	527.15
924.75	528
922.15	528.35
893.95	511.65
893.8	522.3
896.35	529.75
900.3	527.95
899.55	527.25
898.45	529.2
897.55	524.25
898.7	525.55
897.2	525.85
896.75	523.7
898.3	521.7
899.85	520
899.1	520.9
897.15	521.2
827.45	474.9
518.8	232.9
529	231.05
533.15	232.2
532.75	225.65
528.7	223.45
529.4	223.8
531.8	222.75
533.35	223.3
534.25	227.6
536.4	231.75
535.25	233.3
538.85	235.55
535.55	236.35
536.4	235.4
537.65	232.3
536.9	234.25
541.3	295.8
0	0
0	0
0	0
586.9	416.05
579.25	398.45
577.6	398.25
579.9	398.7
580.85	400.15
576.35	399.9
541.9	271.8
539.4	256.25
541.4	260.15
541.35	261.55
539.9	261.8
541.9	260.65
542.2	255.75
541.85	256.3
539.85	259.25
539.5	261.75
548.4	214.35
548.75	204.8
553.2	205.75
551.1	207.65
550.7	203.65
546.35	198.95
548.45	200.15
547.55	202.95
547.85	200.7
549.55	204.25
551.4	207.45
551.2	207.2
530.7	273.2
532.95	263.55
532.75	263.3
532.65	262.85
533.85	263.6
535.05	261.65
537.55	261.7
536.15	257.75
538.8	254.15
540.4	254.65
542.1	254.05
543	254.35
570.15	207.2
564.9	204.7
565.7	202.15
565.45	201.1
567.4	199.7
566	201.3
567.5	202.1
570.05	203.85
569.75	207.4
569.95	204.7
570.15	204.85
567.9	202.8
567.6	202.1
549.7	260.25
554.15	252.2
554.3	251.35
554.6	251.1
554.15	251.8
556.5	252.95
558.85	251.35
557.75	255.75
558.85	251.6
555.7	253
556.9	256.8
557.25	257.95
555.95	255.2
553.25	254.15
568.05	212.15
561.35	209.15
559.75	209.9
559.4	208.65
560.75	209.6
561.1	208.6
560.95	204.15
558.65	205.6
557.65	209.05
560.2	208.55
534.8	244.55
540.6	240.5
542.95	236.15
544.8	235.1
543.4	240.25
545.75	237.55
546.35	244.85
545.5	243.55
547.05	244.5
547.8	243.4
548.7	244.65
545.5	247.25
548.5	245.5
549.45	243.15
548.45	246.55
547.05	246.35
531.7	220.75
533.6	222.6
530.6	226
529.1	224.05
528.5	219.5
528.7	218.2
527.4	217.45
530.05	217.55
553.8	219.85
566.15	218.35
565.6	216.95
564.25	219.6
564.6	218.5
565.25	219.65
565.55	221.85
537.8	266.15
540.75	273.65
540.3	269.15
542	264.8
542.25	262.15
546.1	258.8
548.85	259.45
548.7	258.9
547.7	256.75
547.75	256.5
548.35	257.5
549.5	258.8
552.05	259.5
551.75	258.2
553.85	259.8
552.35	257.8
551.1	254.35
551.25	252.6
551	256.15
532.65	242.55
530.85	247.85
532.65	246.3
530.5	243.45
531.35	248.05
532.05	247.75
531.6	249.95
529.4	250.15
529.9	251.45
532.55	253.6
531.05	254.6
523.5	210.8
524.95	206.8
527.3	202.35
526.65	203.85
527.15	205.35
526.5	209.6
528.8	216.95
528.6	217.95
527.05	217.85
567.2	206.65
564.15	208.85
565	210.45
564.95	211.5
565.6	215.05
566.95	215.6
568.95	219.1
567.65	219.4
569.1	218.3
567.65	220.9
567.95	219.85
568.25	216.2
568.7	214.05
567.5	218.3
564.4	220.2
554.4	255.9
546.85	276.65
547.6	275.3
544.15	276.75
542.7	277.15
544.3	276.4
544.7	277.45
544.35	280.65
545.8	275.4
543.2	279.8
542.95	277.15
545.8	278.45
545.7	274.75
544.25	279.35
546.5	275.6
547.15	274.3
551.8	276.55
550.75	274.3
548.2	266.15
548.6	265.15
546.1	264.95
545.9	264.6
548.05	263.45
548.3	264.4
564.75	246.65
558.4	249.45
556.65	248.35
555.3	249.1
555.3	246.6
555.5	249.45
556.8	252.55
544.7	277.95
544.25	281.3
543.15	280.1
544.15	279.8
546.2	277.8
545.45	278.25
545.85	279.65
546.4	277.95
547.55	278.55
546.1	278.55
546.05	282.4
548.95	277.8
552.3	273.4
554.15	272.8
554	263.65
563.75	229.85
564.55	227.85
563.25	227.9
568.55	226.35
571.2	226.85
568.4	227.2
568.8	227.65
571.2	227.9
573.15	227.9
570.6	232.35
526	297.45
527.45	329.7
526.4	332
524.9	333.25
525.45	334
525.5	334.5
525.2	336.75
524.9	338.2
522.45	338.55
523.75	339.05
522.45	337.8
522.45	340.65
524.85	341.5
521.65	348.85
521.25	350.9
522.3	349.35
482.35	348.2
486.3	347.9
486.15	347.55
487.05	349
485	348.1
484.55	349.85
484.5	348.05
486.15	347.9
484	343.85
483.85	346.2
482.65	345.4
482.1	345.85
486.65	346.7
558.65	338.25
560.9	340.15
563.7	339.25
561.55	336.8
564.1	335.95
563.8	339
562.1	339.75
562.25	337.3
563.85	335.05
563.45	338.65
560.9	336.35
560.1	335.35
561.25	334.95
588.5	350.35
917.8	521.35
907.65	514.85
910.95	518.75
909.35	520.4
911.7	518.95
910.8	520.8
913.4	518.5
912.65	515.8
912.05	513.55
911.2	507.5
911.7	507.65
910	510.85
889.85	550.85
894.55	546.3
895.85	549.25
899.6	551.7
899.1	556.65
896.05	558.95
900.4	558.55
899.75	558.8
897.55	560.9
898.75	561.7
638.95	401.75
539.7	349.45
544	342.95
541.65	348.7
541.7	347.6
540.4	348.15
542.85	343.6
540.25	342.6
540.55	341.85
540.3	341.1
541.2	348.15
539.25	354.85
554.8	337.55
589.4	282.75
594	281.25
596.85	280.05
599.3	272.4
605.15	269.5
613.45	273.7
615.7	279.45
618.5	280.45
621	277.4
619.85	275.45
618.4	274.25
619.05	274
619.5	272.25
618.65	269.25
613.35	268.5
612.8	264.65
613.15	261.3
613.1	260.35
613.1	261.5
610.7	269.85
615	272.6
614.55	273.65
613.8	273.05
612.05	270.85
607.1	267.7
605.25	260.85
582.1	259.65
581.05	256.3
581.45	260.55
580.05	267.05
578.75	267.2
577.45	267.55
579.75	262.2
579.55	259.2
581.25	259.3
586.45	258.2
589.3	264.7
594	269.05
599.25	271.1
606.05	269.55
611.7	271.85
618.7	272.3
622.5	270.35
622.25	270.7
622.7	269.6
624.85	265
460.45	199.65
473.4	198.2
475.1	194.6
475.35	195.55
473.7	197.9
474.6	201.25
474.25	202.2
472	203.25
471.5	200.45
471.75	201.15
466.85	200.75
461.6	201.95
466.25	200.8
466.6	205.25
467.5	210.35
571.55	200
604.15	202.25
603.65	202.7
601.3	205.5
602.35	207.45
602.75	209.25
606.15	204.2
607.5	207.4
607.15	210.3
609.8	211.2
617.7	212.65
623.95	217.1
628.3	216.7
629.65	218.3
632.5	213.95
636	217.15
641.7	216.35
645.45	215.95
649.6	214.5
650.85	215.6
659.8	209.8
661.05	212.3
665.65	213.8
667.1	211.8
671.4	210.2
675.1	211.55
678.05	210.3
681.25	208.25
478.2	192.65
322.9	176.1
322.45	175.15
317.55	175.65
313.75	176.45
309.85	172.85
301.25	174.65
294.3	172
290.4	173.95
271.2	189.2
274.05	185.5
269.35	184.9
264.15	185.35
262	185.5
260.5	185.6
348.2	202.2
681.15	226.75
663.7	227.55
665.3	230.65
666.35	230.4
666.55	230.85
670.15	233.25
672.85	233.55
676.95	235.55
678.05	232.45
679.65	236.55
685.8	231.5
689.85	234.1
367.5	191.95
272.9	179.85
276.75	177.1
280.5	180
283.6	185.55
283.8	189.05
312.15	177.75
392	161
391	163.75
389.85	161
390.2	154.2
389	153.4
388.65	151.05
386.9	150.55
385.4	148.5
387.25	146.55
386.4	153
387.2	157.05
386.65	157.05
386.8	157.1
382.65	158.7
378.5	159.5
379.4	157.55
378.2	159.85
377.95	159.85
379.25	162.05
402	242.1
401.05	278.55
401.05	278.4
400.55	278.2
399.95	276.95
399.25	279.8
399.2	279.4
400.05	277.3
399.9	270.6
400.75	274.8
400.05	274.65
399.9	275.5
417	209.25
414.2	176.95
415.75	175.4
420	177.45
422.75	176.5
423.2	175.4
425.55	175.8
425.95	177.8
431.75	185.1
633.45	390.65
638.35	406.45
640.7	407.6
640.25	410.95
643.7	410.8
642.95	402.05
647.7	400.7
650.8	399.5
665.6	236.75
662.4	144.2
664.6	157.8
667.1	163.05
670.65	162.9
672.7	161.5
671.45	161.75
673.05	154.6
669.45	154.55
657.85	146.15
420.8	131.8
433.05	126.5
432.85	125.15
431.95	128.45
432.05	134.9
432.05	133.7
431.65	129.45
418.4	129.45
419.55	128.6
421.05	124.55
422.6	120.55
425.25	119.35
428.85	123.15
438.55	125.85
446.3	126.45
443.35	127.15
444.2	126.75
449.35	127.35
448.35	128.25
446.05	146
484.65	311.85
478.35	301.3
478.05	303.45
478.75	302.2
482.8	300.6
483.4	302.65
480.15	308.25
478.25	311.65
479	310.8
478.6	316.15
477.85	311.6
479.95	313.25
453.1	170.8
456.65	149.4
456.8	150.4
459.8	153.1
461.5	154.1
462.75	153.55
462.85	151.15
461.8	150.1
548.65	148.4
680.1	130.4
681.8	129.9
680.4	133.6
680.35	135.8
678.2	139.4
675.7	141.65
673.55	142.55
655.1	132.6
650.8	129.6
649.9	133.6
646.8	134
647.8	136.85
645.6	136.35
642.9	137.35
639.25	139.3
636.1	139.7
635.85	141.25
634.2	140.1
633.05	142.65
634.45	143.4
634.55	142.3
632.6	143.05
631.6	142.05
628.8	138.55
630.1	137.35
631.3	138.9
612.6	148.25
320.5	141.85
333.05	141.9
332.35	138.7
332.05	138.8
331.75	140.25
329.7	139.9
331.2	139
329.75	139.55
332.65	124.4
333	125.95
333.45	123.6
332.4	122.65
332.75	124.55
334.2	125.3
335.3	127.55
333.6	128.9
332.15	130.1
330	127.3
325.35	130.35
318.45	220.95
312.5	277.85
308.85	281.6
305.95	280.15
303.6	279.3
300.85	279.7
301.25	278.75
297.95	279.1
293.95	284.2
283	247.7
278.95	246.7
272.65	244.65
268.3	242.65
266.75	240.7
264.25	239.85
262.7	242.25
266.1	239.6
267.35	243.35
264.25	239.5
263	238.75
265.05	239.6
264.6	238.3
265.75	236.35
268.7	233.9
268.2	235.1
266.55	184.75
266.15	173.15
263.8	172.9
265.25	176.8
265.35	179.95
264.3	179.55
266.5	182.4
269.25	184.85
269.15	185
269.85	185.6
272.05	185.2
271.6	182.45
271.15	179.05
249.6	257.05
257.8	268.55
257.1	269.5
257.95	267.5
258.3	266.85
258.55	264.8
259.75	261.3
259.65	263.7
258	266.45
257.5	265.05
256	267.45
256.1	267.9
256.75	266.9
254.05	266.85
251.65	268.9
249.4	266.85
249.4	267.55
246.9	267.55
246.3	268.55
245.15	267.45
243.55	268.5
243.4	268.05
243.55	266.95
244.2	267.1
241.7	267.85
244.05	268.45
244.35	265.45
247.3	267.75
249.8	272.1
250.7	269.95
249.65	267.25
250.9	271.1
246.3	293.95
237.55	451.95
234.65	447.55
234.65	447.3
231.9	441.9
232.7	435.4
231.25	437.35
229.3	434.2
228.65	428.5
309.05	361.9
315.5	332.8
314.45	329.4
319.25	328.95
321.6	333.1
320.85	332.25
322.2	335.35
322.35	333.7
408.85	297.4
786.75	186.7
784.45	180.35
785.95	184.35
787.45	183.9
789.25	185.45
789.15	180.85
775.9	150.6
780.8	152.6
778.6	155.15
781.25	153.2
785.6	154.95
787.8	159.8
790.05	163.25
789.5	167.65
793.15	169.3
841.4	162.7
840.6	161.65
839.55	163.75
835.7	162.25
834.15	164
829.9	164.5
828.3	167.9
824.4	169.5
822.75	168.3
820	168.85
818.55	168.65
814.85	169.7
471.45	186.25
296.45	200.3
297.15	196.25
292.45	194.85
297.05	195
294.7	199.15
292.65	200.2
292.1	200.55
299.1	231.85
299	238.6
298.65	234.2
297.8	235.7
295.45	236.95
293.2	237.15
297.15	236.3
285.8	195.5
288.1	193.9
290.9	192.6
291.9	194.55
291.35	193.3
290.65	191.8
292.1	191.05
294.1	193.2
291.3	193.9
323.4	187.05
798.1	171.15
802.25	175.9
802.95	182.2
804.35	185.25
805.6	187.05
804.65	188.6
804.65	184.5
802.45	179.75
801.65	178.45
802.4	175
803.2	173.5
802.2	175.55
800.95	173.35
798.85	174.45
798.85	177.15
796.75	174.15
793.9	173.2
371.25	165
310.7	155.5
307.5	152.1
307.9	151.95
308.25	154.2
307.6	154.75
285.2	173.15
292.9	174.05
294.4	174.3
297	174.75
296.3	175.5
298.8	173.7
297.8	175.65
296.75	168.65
297.3	171.35
299.1	174.35
299.45	173.3
297.65	176.55
300.25	176.25
303.8	172.85
305.55	176.1
308	176.3
307.55	171.85
305.1	178.5
281.75	250.25
290.4	259.85
291	258.85
289.2	262
289.25	262.9
292.15	261.25
294.3	261.05
293.35	262.5
293.05	266.35
293.45	266.3
295.35	266.05
294.9	265.65
295.15	269.3
293.5	274.5
319.15	226.4
317.25	224.55
315.85	229.55
315	229.05
316.1	225.35
318.1	224.3
314.7	226.75
316.2	228.6
317.65	228.4
316.1	230.4
316.95	232.35
320	230.25
326.2	230.15
328	229.65
327.85	231.1
330.55	235.7
332.55	232.8
333.7	234.25
334.95	235.55
332.75	244.15
336.75	241.35
345.6	375.6
346.95	363.7
345.2	363.85
347.2	365.2
348.4	363.55
352.5	359.55
352.65	357.4
352.95	357.35
363.9	359.45
708.15	215.5
695.7	202
699.5	200.15
698.5	193.95
697.45	189.45
690.3	187.65
688.85	191.5
685.2	190.85
680.25	192.55
682.65	194.1
678.65	196.4
674.1	191.95
669	198.7
646.55	198.15
346.15	187.95
360.2	188.65
354.7	187.95
353.1	183.25
354.8	179.25
326.85	185.05
325.15	186.7
323.35	180.35
320.15	184.35
319	182.65
316.65	183.7
316.2	182.85
316.65	185.2
315.5	187.65
314.85	193.2
314.85	192.35
311.7	189.55
311.6	192.85
309.85	192.6
308.25	192.45
308.65	191.15
308.55	189.35
305.05	190.65
308.5	186.2
306.55	186.3
307.15	190.1
310.45	190.4
312.1	190.6
313.65	191.8
315.6	192.7
322.9	277.8
327.65	287.8
329.35	289
331.15	289.2
334.75	289.55
335.05	292
334.55	288.75
335.45	288.45
336.65	289.95
339.9	287.95
340.7	290.2
343.35	288.5
344.15	289.4
346.35	285.65
350.65	284.85
352.65	289.9
455.3	238.6
448.8	228.25
448.55	226.7
444.4	228.5
443.7	224.1
441.4	227
436.65	226.1
430.7	231.55
429.85	233.9
345.55	186.5
357.05	192.05
358.25	195.1
359.55	190.3
359.7	188.7
361.2	185.6
361.5	190.3
364	190.7
360.9	193.85
360.95	193.35
362.45	189.45
360.05	192.5
358.8	185.55
358.25	185.55
356.1	185.8
356	186.55
358.45	186.6
358.85	189.7
358.4	187.95
355.55	191.35
352	195.55
353.25	197.6
357.15	197.05
355	199.85
352.45	198.8
350.5	199.8
350	198.7
350.45	199
348.65	197.65
350.7	199.1
350.9	199.4
351.55	204.45
351.65	206.45
352	203.3
352.7	207
353.1	206.6
379.45	257.35
378.15	265.15
377.2	264
378.15	263.65
376.95	264.35
378.2	264.4
379.45	263.55
381.8	261.7
380.4	257.65
379.75	257.45
380.9	253.95
382	255.85
382.5	253.05
383.05	258.65
384	261.2
384.1	259.55
379.15	294.6
378.9	302.35
379.5	300.6
377.5	299
378.9	295.8
377.75	297.45
377.4	295.6
379.05	296
378.5	297.65
380.2	296.05
381.15	298
376.3	203.85
380.35	200.1
383.25	202.2
386.85	197
387.7	198.25
392.1	198.15
396.6	199.95
393.7	205.15
397.85	193.15
396.55	192.05
398.2	191.05
398.65	191.8
401.25	195.9
402.8	197.8
401.25	202.45
407.75	196.6
407.7	202.1
404.65	201.8
407.65	199.65
406.55	201.15
406.65	208.1
407.6	205.7
407.4	201.45
407.5	198.75
407.55	201.45
409.5	208.8
407	211.3
407.4	211.3
409.35	209.9
409.85	207.5
409.9	209.65
413.4	207.95
411.3	213.2
413.45	209.1
412.1	209.3
410.65	203.1
410.3	203.85
411.7	209.25
412.55	204.65
411.65	203.6
415.3	205.3
413.6	212.9
413.75	213.95
412.3	216.3
687.1	215.25
677.5	213.65
674.5	213.55
677.95	214.15
677.25	212.45
677.1	216.45
676.85	215.95
675.8	215.4
676.4	215.3
673.65	214.85
477.35	222.2
424.05	230.55
422.2	236.05
420.5	238.1
422.1	237.2
422.6	239.35
423.5	238.35
423.25	240.35
423.95	243.1
424.95	242.7
423.75	238.15
426.95	234.5
426.95	233.5
426.3	231.95
424.7	231.2
426.05	229.45
427.4	225.6
427.6	204
431.6	205.95
433.6	204.95
432.85	204.9
432.75	206.6
434.35	208.95
437.2	206.55
437.35	213.4
438.65	213.65
437.85	215.95
440.3	215
442.55	216.7
442.85	219
443.3	220.9
440.6	218
439.7	221.3
442.25	220
440.65	225.15
439.2	226.75
438.55	227.95
437	228.65
437.15	227.05
439.7	222.1
438.55	220.75
435.75	344.1
438.75	343.95
435.3	340.1
434.25	338.25
434.75	337.15
0	0
0	0
0	0
0	0
437.25	332.65
435.8	320.4
432.95	319.95
433.6	318.55
434.2	320.2
435.7	318.4
436.65	321.35
437.6	320.55
438.55	321.1
340.65	323.3
0	0
11.5	274.25
11.25	271.15
7	273.8
10.4	277.4
10.85	278.55
9.20000000000005	281.5
7.95000000000005	278.85
8.45000000000005	276.8
297.95	284.05
476.75	272.35
482.9	268.75
485.65	265.95
488.05	270.35
488.7	264.8
491.65	262.75
490.85	264
491.3	265.85
465.8	230.45
467.15	237.7
467.25	238.15
471.9	235.25
471	229.45
471.7	230
471.25	222.8
472.4	221.45
474.3	227.85
473.8	229.75
473.6	230.55
474.15	230.8
470.05	316.65
475.35	315.7
477.55	312.9
478.55	310.45
479.05	308.5
482.15	312.1
481.1	315.4
482.35	314.6
482.8	315.95
483.3	315.9
484.1	314.95
484.4	314.1
166.95	271
0.850000000000023	263.15
4.45000000000005	258.2
3.85000000000002	254.15
5.85000000000002	253.3
8.70000000000005	254.25
8.89999999999998	256.2
9.20000000000005	259.95
12.1	258.1
10.7	259.1
7.79999999999995	261.15
10.75	264.85
12.2	263.6
397.8	256.75
436.2	270.7
436.35	274
439.25	274.9
443.6	275.25
446.15	273.3
447.5	274.75
497.9	259.75
496.1	263.1
495.15	261.5
496.35	263.8
494.45	266.3
494.65	266.45
496.65	268.85
495.55	263.4
496.9	262.65
496.05	264.15
497.25	260.7
497.6	261.2
493.25	264.35
493.55	262.85
493.15	261.5
493.8	448.8
488.95	438.3
489.75	436.2
491.9	437.55
491.55	436.65
489.9	431.05
491.5	429
491.05	431.5
488.15	434
490.6	433.25
491.8	433.8
490.5	433.45
489.95	431.85
491.15	432.35
489.05	433.3
489.9	432.65
620.6	314.25
657.6	267.3
654.85	273.1
653.8	273.45
650.75	272.6
652.65	273.45
651.05	274.9
651.9	273.3
651.6	273.2
650.35	273.45
649.75	274.6
650.1	274.35
649.2	274.4
617.85	358.55
620.4	351.9
621.15	349.15
618.55	349.65
621	351
618.15	350.25
614.65	353.7
612.85	354.9
615.15	356.4
612.2	355
610	354.7
607.9	356.55
639.7	296.95
654.55	222.5
652.25	223.2
651.95	224.55
651.45	223.95
655.4	223.55
651.95	221.15
669.9	223.6
740.9	250.7
745.65	247.9
747.75	247.45
751.05	251.5
751.9	250.05
765.05	256.2
885.75	364.2
878.1	357.9
878.05	356.75
877.05	354.6
874.8	352.7
874	349.5
872.85	352.45
871	345.45
866.95	348.95
859.15	312.6
857	309.35
855.5	309.8
855.8	309.6
853.1	311.65
850	310.05
847.75	311.95
842.75	312.5
842.9	314.45
837.8	316.75
833.2	318.05
832.05	313.65
829.85	308.75
828.25	304.05
828	303.7
824.7	300.35
822.1	302.2
821.9	298.75
820.95	299.75
820.65	302.2
820.6	301.4
820.1	298.3
818.55	299.9
817.2	295.95
815.2	289.35
815.25	288.6
818.1	291.45
504.55	263.75
425.05	234.85
426.85	231.95
427.05	236.2
425.65	235.45
424.6	235.3
423.2	234.35
424.6	231.6
426.6	230.6
427.65	230.05
427.2	228.9
345.55	189.5
354.35	193.1
357.55	192.2
364.7	186.55
373.4	182.45
374.35	181.35
379.8	178.25
381.15	174.8
606.85	205.55
588.05	200
587.4	199.5
588.3	201.25
587.8	201.5
587.35	193.05
585.65	184.45
583	181.8
581.45	178
581.4	174.15
577.8	178.4
577.15	176.75
577.8	175.1
580.85	176.25
583.5	175.55
585.1	174.3
586.45	176.6
586.1	182.65
584.95	183.95
571.9	171.1
569.55	170.95
565.1	171.75
567.55	167.85
567.55	168.95
568.5	170.7
565.9	174.1
565.75	180.35
563.15	181.2
564.1	174.85
566.3	180.15
563.8	180.05
563	183.25
564.85	179.3
563.25	185.3
561.4	186.4
565.6	183.45
565.4	182.65
567.6	181.4
567.35	181.7
568.15	181.25
568.15	183.15
568.6	183.35
570.25	184
568.15	184.55
567.7	184.1
570.45	184.35
571.25	180.85
559.1	203.6
544.9	226.7
547.7	225.35
548.75	229.2
547.1	229.95
543.6	230.6
539.5	231.7
544.45	232.9
545.3	233.15
544.75	235.45
544.6	239.2
547.9	239.8
546.6	238.8
546.15	238.55
352.9	249.3
366.45	245.2
364.85	242.3
363.55	243.05
366.35	243.45
364.85	244.65
365.95	248.05
367.75	249.8
368.65	249.15
368.4	249.45
368.1	252.45
370.15	253.65
373.05	255.5
370.75	253.6
373.2	250.95
372.9	251.5
372.7	251.55
372.2	253.55
374.75	252
375.75	252.55
374.45	255.1
377.15	255.7
376.6	258.2
358.35	258.3
367.3	257.65
368.25	255.65
369.15	256.5
369.75	256.95
373.4	258.75
368.7	256.4
367.6	248.2
427.1	248.2
416.35	248.95
419.9	248.4
420.7	250.15
425.05	251.15
425.85	249.4
430.8	251.9
433.35	246.9
436.8	246.35
437	248.9
439.65	249.3
440	246.8
440.4	246.4
441.95	248.85
447.05	245.35
451.15	246.6
452.45	252
450.1	256.25
452.5	256.6
452.6	255.4
455.4	256.55
458.65	255.95
459.35	257.9
459.4	259.1
463.45	262.95
467.95	260.4
479.25	261.4
534.7	264.1
535.55	261.7
537.55	264.15
538.5	267.2
540.55	265.65
541.7	265.4
542.55	261.3
543.55	252.6
542.7	249.7
543.45	249.75
545.95	248.5
543.1	247.75
546.4	245.1
544.2	260.25
545.05	271.35
545.5	273.7
545.4	274.75
546.65	272.85
547.5	266.35
547	264
547.65	267.15
544.1	269
542.5	270.8
542.5	270.7
543.65	270.55
542.05	270.6
524.55	252.3
512.45	245.6
511.5	248.9
515.8	244.9
514.95	243.35
512.4	243.65
512.3	245.55
514.1	244.2
516.35	244.55
512.1	246.35
512.9	247.2
511.05	246.3
512.45	247.1
513.4	249.85
512	251.95
501	244.8
501.5	244.7
501.85	247.5
500.2	244.45
495.95	248.85
495.8	245.6
497	245.15
497.85	249.1
497.1	249.8
498.15	246
498.55	248.45
498.1	254.75
494.65	251.8
497	246.65
493.75	248.9
490.85	249.9
487.6	249.45
485.65	249.85
471.95	245.1
470.55	244.95
468.7	246.85
468	247.45
466.25	246.15
464.5	244.35
462.75	242
440.45	238.65
404.05	240.95
405.7	245.6
405.6	244.15
403.5	247.55
405.25	247.75
406.05	246.2
405.8	250.15
406.9	247.75
403.9	251.15
406.75	250.9
554.3	249.85
539.9	249.9
540.25	246.15
532.4	244.25
530.25	238.55
526.5	238.55
498.3	230.55
500.85	232.8
498.45	235.05
496.65	239.95
495.7	239.6
494.15	237.35
493.55	238.2
493.25	236.4
492.95	238.65
491.6	238.6
491	239
491.3	238.9
492.4	240.65
491.65	242
491.8	238.85
494	238.15
492.75	237.45
492.3	235.05
433.5	296.8
449.95	292.55
449.55	291.55
450.75	294.2
445.95	299.95
448.2	297.65
447.25	296.6
447.45	296.45
447.5	294.35
447.45	295.05
451.2	290.45
451.05	291.4
413.8	241.3
417.8	240.9
417.2	243.5
416.65	243.7
416.7	247.6
415.45	249.6
415.9	247.2
418.25	248.2
419.75	250.75
422.4	248.6
423.6	252.15
428.05	252.65
429.25	249.4
431.25	245
507.35	247.05
563.8	247.15
563.7	242.65
563.7	242.2
560.95	244.7
562.4	242.8
563.1	243.95
574.4	234.3
574	234.65
571.25	234.45
571.75	236.75
572.2	233.65
574.65	235.5
575.3	235.55
595.6	282.6
594.9	284.6
592.75	283.9
594.2	280.1
592.25	280.4
593.2	278.6
593.35	283
596.6	284.85
596.35	290.35
596.4	288.65
598.25	289.65
598.85	289.05
599.15	286.4
605.85	312.3
605.55	328.1
608.35	326.2
607.4	325.5
604.85	323.35
604.2	328.35
604.15	326.35
604.9	329.2
607.35	330.95
608.85	327.2
607.15	304.9
610	306.75
612.95	309.5
613.5	312.35
615.55	312.65
614.85	312.2
615.2	312.4
619.9	309.45
618.8	306
621.45	308.1
622.35	312.85
625.1	317.85
625	320.2
626.65	319.3
630.15	320.3
630.6	318.35
630.15	323
632.15	321.45
634.35	320.6
635.75	321.6
626.55	303.4
626.3	306.25
630.2	308.85
631.4	309.6
631.75	308.1
633.6	309.6
632.1	311.95
628.05	271.75
616.85	232.35
617	235.05
616.3	236.85
616.65	235.8
619.75	238.4
621	239.4
623.9	243.55
625.3	242.4
625.65	244.9
625	245.7
624.35	241.7
622.45	242.6
616.7	244.9
617.05	243.2
617.15	243.7
614.6	245.2
614.95	244
615.55	246.35
646.2	240.9
722.65	205.65
726.3	204.2
728.45	206.6
728.35	209.9
731.15	210.65
741.75	203.05
750.3	190.35
752.05	187.15
751.25	184.6
755.15	182.9
759.4	192.3
785.15	446.05
784	451.4
785.8	455.25
785.6	454.95
786.6	447.65
787.05	445.75
790.5	445.1
792.75	444.2
793.25	444.1
794.55	444.8
797.5	443.5
799.55	443.3
802.85	441.65
799.25	441.45
801.6	443.15
788.6	419.95
622	135.8
629.35	121.45
629.1	125.35
631.85	122.3
633.05	125.6
643.75	140.3
651.2	151.8
651.85	152.25
653.85	151.15
653.75	149.25
657.35	149.4
808.75	178.25
803.7	185
803.3	186
804.7	186.05
802.25	185.9
802.55	187.7
801.1	186.9
799.3	187.25
799.7	185.45
798.6	190.9
764.35	444.75
767.25	460.45
765.35	458.1
765.6	458.3
766.6	459.55
764.3	458.2
767.65	456.8
768.9	453.75
770.4	455
769.95	455.3
770.1	454.3
770.35	452.4
759.7	443.85
744.6	429.95
745.7	430.65
744.1	433.05
747.1	430.9
746.85	428.45
744.85	427.6
743.5	427.1
740.55	429.1
739.7	427.4
738.85	428.45
779.4	419.7
778.75	414.25
780.9	410.7
776.65	410.85
777.65	407.65
777.35	406.3
775.7	403.65
770.5	402.2
768.5	402.85
769	402.6
768.45	400.2
670.45	374
679.4	381.2
679.35	382.05
678.25	385.4
675.95	384.65
674.6	381.05
673.7	376.85
674	374.6
673.5	374.1
672	370.85
773.05	390.5
762.4	391.6
761.1	390.9
762.5	389.5
763.55	388.8
764.7	389.7
767.25	385.3
769.2	387
767.95	385.55
771.55	383.95
772.5	383.3
773.8	382.95
745.35	240.45
720.85	137.8
726.2	138.6
727.55	122.65
727.55	119.85
728.45	118.15
726.65	117.85
727	117.55
724.7	119.95
725.35	125
726.75	121.55
730.8	117.15
624.45	126.05
642.95	122.95
641.55	117.1
642.5	120.3
645.7	123.6
644.2	133.05
646.6	131.2
650.8	131.5
648.55	130.2
648.25	134.1
661	174.1
756.5	423.1
751.2	424
751.3	420.4
752.4	424.45
752.1	422.25
754.25	420.35
756.35	419.45
756.95	419.7
756.85	419
754.5	417.25
726.25	363.55
729	352.25
727.3	349.5
723	350.85
721.2	350.15
720.85	348.25
720.5	346.35
722.9	346.1
722.7	345.5
725.55	346.6
730	348.3
732.35	348.35
750.9	341.1
783.1	336.1
783	332.65
784.25	335.35
788.95	335.95
788.35	334.85
786	338.6
785.55	336.4
786.5	337.1
790.4	335.45
789.1	337.65
789.05	342.3
788.4	341.75
789.4	344.8
766.4	181.05
757.05	131.95
758.3	134.2
758.3	133.05
761.8	131.2
761.95	133.55
764.1	136.4
764.25	135.15
764.2	136.7
758.25	145.05
751.05	237.55
751.5	234.4
751.9	238
752.75	237.6
755.55	236.35
754.25	233.7
753.85	232.3
750	232.8
751.25	236.6
755.15	236.9
422.35	316.5
418.85	323.15
419.4	324.85
419.45	328.5
420.05	329.05
418.65	334.85
419.65	332.6
420.25	328.7
367.55	370.1
381.05	365.3
381.5	369.15
380.3	371
382.9	371.2
385.6	370.35
384.8	370.15
383.75	371.5
386.2	365.8
387.4	366.7
386.15	366.35
386.6	368.25
388.25	368.65
390.05	369.65
389.4	372.8
389.1	375.2
390.8	377.8
389.35	378.2
389.8	378.85
392.1	372.25
363.45	330.5
363.2	332.6
362.65	331.35
361.35	331.55
359.75	331
361.6	331.4
361.05	332.35
360.7	336.15
360.1	342.55
404.95	302
413.45	268.1
414.2	266.4
411.2	268.55
411.85	265.3
412.65	262.3
409.7	266.85
407.9	265.75
411.15	262.35
409.85	259.1
411.95	258.75
411.35	260.45
411	266.4
414.05	266.25
413.65	268.95
413.2	266.2
389.4	277.3
391.15	279
389.35	279.3
387.95	275.45
386.45	272.4
388.35	270.5
389.3	277.9
690.7	344.45
673.3	348.2
678	349.3
681.75	346.85
680.95	348.55
681.9	349.2
679.8	350.6
652.65	345
469.15	284.4
480.95	289.8
479.2	288.65
478.2	286.95
479	288.05
451.35	266.55
410.4	234.3
409.8	236.2
410	236.1
410.5	237.65
411.2	234.4
410.65	230.7
412.45	231.95
439.9	232.75
567.4	228.3
565.4	227.5
566.3	222.7
568.65	226.75
569.5	219.4
569.5	222.75
572.75	223.15
606.15	215.3
602.75	212.65
607.25	220.8
604.75	221.9
608	220.6
605.1	220.85
605.3	209.85
605.6	211.65
602.35	220.6
606.65	189.2
608.4	194.55
607.65	199
610.65	197.75
612.5	193.05
609.35	193.75
612.45	193.95
612.65	196.6
612.15	200.5
612.05	202.15
615.55	201.25
614.5	206.35
616.65	202.25
615.45	200.95
616.65	201.45
612.65	205.1
584.25	202.65
355.4	207.8
367.15	214.05
368.25	214.75
367.4	214.65
365.2	216.35
368.65	215
368.55	216.15
366.4	217.55
365.1	217.2
365.1	212.15
365.5	206.85
367.65	212.9
368.15	216.45
372.15	152.3
374.15	156.7
373.6	159.6
371	160.45
372.65	159.05
371.95	157.3
371.15	160.5
372.15	163.5
372.75	165.3
374.65	161
374.85	162.7
374.5	160.35
374.65	161.3
374.2	162.95
376.3	163.8
375.25	166.85
374.9	165.85
407.65	155.75
410.2	160.55
411.75	158.85
413.55	158.75
413.4	160.5
413.4	161.9
413.75	164.1
425.95	159.1
427.25	159.55
426.35	156.5
428.15	159.1
428.55	153.5
428.95	154.6
428.4	156.4
428.2	156.7
426.6	156.7
428.8	154.8
481.3	151.6
526.9	127.35
527.8	130.4
527.35	130.75
529.55	126.1
528.55	126.35
529.7	130.1
531.45	142.5
563.85	266.2
563.45	263.75
562.85	266.6
564.15	269.9
564.5	267.2
564	268.75
562.7	267.95
557.7	269.7
555.4	268.5
555	259.95
558.6	262.25
555.9	261.5
576.6	287.9
577.8	300.3
578.95	294.45
578.45	294.55
581.95	297.8
584.1	297.2
582.2	298.05
580.75	299.9
583.1	306.2
580.3	306
583.35	305.5
585.6	302.75
586.3	301.15
590.5	298.7
592.9	300.25
596.1	299.55
599.05	302.75
600.6	306.95
604.2	307.15
605.7	304.7
606.7	309.65
610.75	310
613.25	311.2
615	312.5
617.7	311.6
617.1	312.55
617.5	315.05
615.05	314.6
617.75	308.55
617.4	308.5
618.8	310.65
616.25	311.5
633.1	214.9
630.95	146
631.1	148.5
630.55	153.45
631.45	149.15
632.5	151.25
634.75	155.2
635.85	161.05
639.8	158.35
641.1	161.6
644.95	160.4
646.3	161.95
648.95	163.95
650.25	165.2
641.6	339.85
644.6	363.05
646.8	356
646.9	359.3
645.6	358
642.9	344.95
637.6	336.55
639.95	331.45
642.65	329.6
647.45	327.9
652	332.6
655.75	333.75
657.6	332
660.8	327.5
662.7	327.3
656.5	287.85
659.1	289.05
661	291.65
662	287.9
662.35	287.15
662	284.6
632.25	164.5
634.65	147.5
633.75	148.6
635.35	147.95
632.95	147.85
635.15	152.15
633.95	149.1
637.35	147.05
635.95	148.1
638.8	145.3
638.35	145.5
641.55	148.15
640.15	146.95
638.6	161.1
646.85	227.1
645.55	231.1
647.6	226.6
644.6	224.75
642.5	222.9
640.15	223.35
637.95	175.55
640.1	172.65
640	179.65
639.5	185.4
637.85	186.7
636.2	182.85
636.2	183.3
635.95	189.8
634.75	185.9
636.8	189.3
636.15	190.6
637.25	189.45
551.4	174
550.05	172.6
549.5	172.55
548.8	171.65
549.8	174.9
548.15	175.4
549.8	177.4
549.55	176.75
549.1	171.65
547.2	170.5
544.05	177.15
545.8	179.1
547.4	186.4
445.1	178.5
450.65	182.15
450.45	180.95
448.6	176.3
446.35	179.2
448.05	174.25
449	176
446.4	181.6
446.35	174.55
445.15	174.7
444.85	177.55
441.85	182.75
594.05	277.05
585.55	266.25
586.2	264.6
589	267.9
594.6	266.6
594.65	265.1
596.25	269.35
600.55	269.5
601.2	267.8
518.7	286.75
512.4	289.2
509.5	287.25
510.8	285.5
507.75	289.9
508.05	289.1
512.5	288.25
510.3	285.5
508.9	285.15
533.7	274.45
620.1	248.2
615	246.2
612.95	242.85
607.95	240.55
606.7	234.85
604.25	236
598.7	243.85
596.3	238.8
592.4	237.35
584.75	241.05
584.25	244.1
583.75	245.35
583.75	247.9
582.55	246.7
580.15	245.45
580.3	246.35
579.5	249.95
578.65	251.8
576.2	250.05
574.1	246.9
575.25	247.4
573.9	247.85
571.45	249.85
569.7	251.8
567.65	253.65
540.35	205.85
539.5	207.1
537.6	210.1
537.1	219.15
533.35	221.85
531.45	222.05
528.3	226.3
526	218.75
523.05	213.9
521.9	213.65
522.5	217.7
521.95	218.5
521.75	216
522.5	211.7
523.5	218.7
523.8	221.75
524.55	222.2
523.85	225.5
523.8	227.95
512.55	308.25
515.05	307.2
515.35	301.25
516.15	301.75
513.95	301.25
518.15	299.25
518	298.55
517.1	296.6
517.2	298.65
517.6	294.85
531.3	264.9
578.5	163.25
575.9	171.1
578.4	168.7
579.55	168.85
580.3	159.8
583.15	154.6
581.45	152.9
582	153.45
581.4	157.6
582.1	158.55
585.4	157.6
585.95	149.7
585.55	148.2
585.8	149.15
555.05	265.2
552.45	537.05
543.5	500.5
544.45	505.5
543.9	509.65
542.5	511.15
544.7	512.7
544.1	515.4
548.15	389.2
556.2	256.65
556.35	270.45
560.85	265.1
559.85	267.85
561.05	266.4
560.5	266.9
569.2	228.65
587.05	135.15
584.7	149.9
586.7	143
588.45	142.3
593.7	134.25
595.9	135.35
598.2	135.5
872.8	99.35
0	0
0	0
0	0
0	0
0	0
0	0
0	0
0	0
0	0
0	0
0	0
0	0
0	0
0	0
0	0
0	0
0	0
0	0
0	0
554.3	198.2
556.15	190.9
558.6	186.15
559.7	186.6
560.55	188
560.3	185.75
561.55	182.1
561.2	182.6
561.1	183.05
560.7	182.8
561.2	186.9
559.45	192.05
554.25	206.55
543.25	254.45
546.3	253.4
545.9	255.95
542.4	256.1
544.05	257.15
543.05	258.25
543.9	257.9
543.9	258.8
544.8	257.5
359.25	182.35
349.15	167.55
352.2	167.45
352.35	165.7
353.45	167.65
351.9	170.25
352.1	171.65
351.95	173.45
350.85	176.55
349.85	176.3
347.75	175.3
345.4	173.55
344.85	171.65
341	119.3
338.5	125.1
334.45	126.6
333.25	125.2
328.65	129
326.55	133.4
326.15	133.8
323.7	134.65
322.75	134.6
321.9	131.1
321.5	127.65
322.4	129.05
325	129.6
323.5	135.85
400.5	171.1
791.9	282.45
777	278.8
780.2	271.9
784.25	270.7
786.35	276.6
788.5	279.85
793.9	276.55
795.85	276.85
797.05	278.6
840.9	455.15
829.55	436.05
829.25	433.9
831.9	432.15
829.8	433.1
926.05	528.65
910.5	512.95
907.8	508.65
906.3	511
911.75	508.6
911.4	508.95
910.05	508.95
915.05	508.55
913.15	512.45
911.15	513
910.9	513.35
910.15	512.15
908.25	512.3
738.45	427.65
307.3	211
309	200.85
313.65	204
315.05	208.4
317	208.95
315.25	211
316.1	211.85
316.55	212.7
315.75	215.7
312.6	219
314.15	234.3
318.05	282.35
317.25	285.7
317.9	285.45
317.45	285.3
317.9	288.1
320.1	286.95
319.2	287.8
321.5	282.6
389.5	204.7
409.45	142.7
408.85	143.05
410.8	138.45
413.5	142
414.2	141.8
413.3	140.1
414.65	140.8
416	144.7
409.2	159.15
317.15	298.05
326.45	305.7
324.9	300.15
325.9	302.65
328.1	303
331.75	302.2
336.6	305.35
337.65	302.1
401.45	403.05
395.15	410.05
400.2	402.05
400.95	405.6
404	405.55
404.4	406.95
406.6	410.2
408.75	410.15
408.25	412
410.1	439.65
417.05	503.6
414.15	506
418	505.4
417.45	501.95
419.4	501.5
417.55	504.5
822.6	483
885.75	498.35
889.75	499.65
890.35	497.65
891.15	501.45
894.95	502.55
894.75	504.85
898.7	505.25
898.65	502.95
901.7	502.6
901	500.05
903.25	503.15
901.3	503.8
900.75	503.95
525.9	273.15
461	240.05
459.4	244.85
458.8	246.35
463.85	246.45
463.4	245.85
466.4	248.25
467.85	251.75
468.2	252.45
469.95	253.95
470.85	253.85
474.9	253.35
475.9	254.35
474.75	257.75
476.1	254.05
478.25	253.15
501.45	182.4
495.35	192.75
497.25	191.55
499.2	189.95
500.5	198.65
449.9	480.5
460.3	514.95
460.15	513.6
462.1	514
458.5	514.6
462.05	518.9
460.35	517.65
461.7	516.35
462.9	512.8
461.9	513.15
460.85	514.3
511.95	381.8
506.3	395.3
508.75	392.95
509.35	390.5
507.3	393.95
508.15	394.7
