660.55	371.8
660.3	371.9
662.95	374.5
664.05	369.4
664.2	372.65
661.85	373.95
661.75	377.85
663.25	376.05
663.85	378.25
664.35	378.75
665.95	378.4
667.65	380.35
668.45	379.8
672.7	377.4
0	0
0	0
0	0
0	0
0	0
0	0
653	366.5
649.9	369.65
646.75	370.35
617.25	420.55
0	0
0	0
0	0
0	0
0	0
0	0
0	0
0	0
0	0
0	0
0	0
0	0
0	0
0	0
0	0
0	0
0	0
0	0
0	0
0	0
752.25	585.7
756.2	591.75
748.6	590.35
747.7	586.8
0	0
0	0
0	0
0	0
0	0
0	0
0	0
0	0
0	0
0	0
0	0
668.25	675.25
638.5	553.35
643.1	527.3
642.9	523.4
0	0
0	0
0	0
0	0
0	0
0	0
0	0
666.45	489.15
667.05	494.8
666.95	499.25
665.05	494.55
615.45	464
0	0
0	0
0	0
0	0
0	0
0	0
0	0
832.3	480.4
834.45	487.55
833.95	494.4
834.15	492.3
838.6	486.95
837.3	485.6
844.6	484.6
0	0
852.1	490.5
851.15	492.7
892.2	639.35
0	0
0	0
0	0
0	0
0	0
0	0
0	0
0	0
0	0
0	0
0	0
0	0
0	0
0	0
0	0
0	0
0	0
0	0
697.45	702.1
687.7	534.35
684.4	523.55
684.6	521.75
685.75	513.7
685.25	506.35
0	0
0	0
0	0
0	0
0	0
0	0
0	0
735.35	474.95
734.75	475.1
737.55	472.55
736.75	474.75
734.95	475.65
732.65	472.9
730.85	478.7
733.4	477.9
861.15	494.4
894.5	497.7
898.65	502.4
905.05	501.15
907.15	499.15
908.6	501.3
910.2	501.85
914.1	500.15
915.8	499.85
913.55	498.3
919.15	497.8
0	0
0	0
0	0
0	0
0	0
0	0
0	0
827.35	574.6
832.55	577.05
831.75	580.1
832.9	579.65
703.85	511.85
716.9	472.05
705.85	482.75
705.35	481.1
708.05	476.7
705.5	478.25
709.35	476.05
708.4	480.45
710.35	480.2
628.25	256.1
625.55	266.85
618.8	271.05
623.15	268.1
622.3	269.65
620.9	269.25
626.1	270.9
625	270.7
727.45	354.4
802.1	461.9
807.05	473.2
812.4	472.45
809.1	474.05
811.35	471.3
0	0
0	0
0	0
0	0
0	0
0	0
0	0
0	0
785.45	479.3
784.55	480.55
784.4	481.2
783.65	479.15
783.05	480.5
784.75	479.25
784.55	477.6
785.75	480.15
787.2	484.2
784.9	484.95
789.15	485.3
790.95	486.15
792.6	481.95
788.25	488.95
791.35	489.15
795.45	490.8
794.7	493.65
791.95	499.7
796	495.95
796.5	499.25
793.9	501.05
793.05	499.45
793.75	501.2
795.9	498.1
794.1	495.8
794.2	495.4
794.8	494.2
790.1	495.95
678.9	432.3
465.1	316.5
455.75	328.8
456	320.6
456.05	321.25
455.25	320
451.6	325.95
453.85	327.25
447.25	323.6
656.6	327.1
872.25	337.45
872.55	335.75
871.3	338.5
877.5	335
874.1	340.05
874.55	341.65
879.15	340.9
877.25	341.65
881.5	341.6
876.45	345.35
876.5	347.6
878.45	344.45
879	346.45
877.5	343.75
878.25	348.4
876.6	342.75
880.6	349.85
872.45	351.9
1100	381.4
1144.95	396.75
1141.65	395.6
1144.4	403.75
1152	407.95
1146.3	399.05
1146.7	397.9
1148.1	395.3
1148.05	405.6
1144.65	392.8
1147.5	397.85
1141.9	391.7
963.75	570.85
927.85	599.4
940.8	592.2
925.9	599.3
934.8	591.6
931.45	592.2
928.55	597.3
904.05	525.15
0	0
0	0
0	0
0	0
0	0
440.75	340.85
437.8	342.7
443.3	337.35
438.1	331.5
440.3	329.5
439.65	326.2
438.55	329.6
439.45	332.15
438.75	338.45
436.2	341.05
437.2	333.75
436.05	342.8
434.5	331.1
429.3	335.75
787.5	456.05
865.6	488.3
875.4	492.85
878.15	499.75
875.25	500.6
880.65	494.3
879.45	494.15
881.4	490.8
879.05	489.6
873.9	491.95
871.15	491.25
868.3	487.35
866.95	486.6
864.55	485.45
864.95	482.4
863.95	483.75
880.4	462.6
916.55	328.4
915.5	324.7
916.4	325.95
914.15	323.65
915.45	321.35
916.9	319.75
917.75	320.2
915.2	319.25
914.2	321.7
917.15	319.95
916.5	317.05
914.85	317.65
916.6	317.65
916.4	314.05
914.05	317.15
913	320.3
1097.55	353.25
1110.3	364.4
1111.95	366.5
1105.1	365.45
1112.4	366.15
1113.15	364.15
1106.15	357.95
1107.1	365.05
1108.65	357.7
1108.2	356.6
1105.2	364.85
1087.15	362.75
941.4	479.45
931.15	482.1
929.45	480.85
926.3	483.75
929.4	478.75
928.05	475.5
930.2	480.25
927.4	451.65
894.1	534.6
0	0
895.5	443.15
883.75	443.8
880.55	448.15
0	0
0	0
0	0
0	0
0	0
0	0
0	0
0	0
0	0
907.15	450.7
909.8	452.5
909.3	458.4
910	461.85
908.15	460.25
906.5	461.15
908.65	458.85
905.65	467.05
905.2	464.2
903.35	465.35
900.4	465.55
900.25	466.4
899.05	464.7
895.65	466.5
894.95	462.35
896.1	460.5
969.3	418.45
1049.2	211.5
1052.65	203.35
1050	206.15
1057.6	208.15
1055.95	206.95
1051.2	206.1
1056.25	204
1052.3	206.9
1052.55	200.45
1048.5	203.65
1050.9	202.8
1049.9	199.3
1048.9	198.8
1051.3	197.9
1052	196.75
1049.3	196.65
1048.25	197.55
1012.95	271.4
785.2	476.7
770.35	476.75
768.2	475.65
771.6	477.8
773.85	479.5
777.4	476.05
776.85	473.5
775.7	471.65
776.15	473.1
773.1	479.1
773.05	475.2
774.3	470.5
774.4	465.9
772	465.35
772.7	466.25
769.95	466.45
772.35	464.75
772.5	467.65
772.15	470.35
773.7	473
773	467.5
773.85	465.3
773.05	464.8
772.35	466
772.35	463.05
773.5	464.35
773.2	463.75
770.75	463.75
769.2	465.3
769.4	469
769.2	471.45
766.8	469
768.25	467.45
767.2	466.1
766.85	464.45
769.45	465.1
767.65	465.8
769.05	463
768.15	466.8
767.35	468.2
766.6	466.8
768.1	465.1
766.55	464.5
766.7	463.7
764.65	462.7
765.6	458.9
763.15	466.15
764.1	470.5
761.75	475.75
765.25	463.9
761.35	462.35
762.6	464
758.3	471.3
756.15	471
759.15	469.7
758.2	469.2
759.55	468.7
756.7	469.1
754.75	468.45
760.2	468
756.35	468.55
754.95	466.5
757.55	467.8
753.9	465.65
755.2	465.65
754.4	466
754.2	465.6
756.75	465.4
752.45	466.7
753.6	465.55
752.85	464.75
753.1	466.55
753.1	466.6
752.75	465.85
753.75	467.3
754.8	466.1
756.4	465.7
754.8	466
755.9	463.8
754.2	464.65
754.65	467.85
756.25	468.45
757.75	470.05
756.3	470
756.9	470.65
758.45	472
758.35	471.1
756.7	470.9
758.6	472.5
758.8	472.7
758.4	471.3
756.55	474.55
757.5	475.85
756.5	475.55
753.9	475.85
753.95	477.3
751.4	477.75
751.6	479.4
752.2	480.2
752.1	481.85
751.65	482.8
752.15	484.3
752.25	481.35
751	482.35
754.7	477.55
751.3	478.9
747.4	487.55
748.6	485.55
748.65	484.9
747.3	483.7
749.3	483.4
753.45	476.35
755.05	470.1
754.6	469.7
798.95	226.05
851	211.8
854.3	219.25
853.4	221.5
855.05	228.25
854.45	227.1
853.95	230.55
854.85	235.05
857.25	239.5
857.3	242.5
859.25	242.65
858.75	243.6
860.95	245.45
864.15	243.8
860.1	243.3
861.85	245.7
862.95	245.9
863.65	244.15
862.25	243.95
863	246.25
859.15	245
0	0
0	0
0	0
0	0
0	0
0	0
0	0
826.35	403.4
833.45	393.1
833.1	384.6
832	384.85
828.9	385.6
830.15	388.4
829.15	390.95
827.15	391.5
829.55	390.1
828.05	394.75
650.4	311.75
639.5	311.3
640.4	311.95
639.7	312.7
638.4	314.05
642	325.2
0	0
0	0
0	0
0	0
0	0
0	0
0	0
0	0
0	0
589.55	365.25
587.4	363.25
586.55	362.6
589.7	369.3
592	373.6
595.5	369.9
595.25	371.45
595.75	373.4
598.8	371.65
595.65	372.4
598.1	374.5
599.15	374.6
596.95	376
598.7	377.1
597.95	381.25
598.75	384.7
598	380.5
599.7	381.25
603.3	380.35
545.75	278.75
536.2	289.1
540.3	291.35
539.55	293.35
539.15	294.35
538.7	294.35
537.85	298
540	296.55
534.95	289.15
534.75	291.45
538.8	299.2
536.35	296.6
539.8	301.45
540.5	301.8
542.15	299.45
541	292.6
540.5	293.4
537.4	288.85
537.55	294.75
536.8	294.15
535.15	295.4
537.45	301.7
536.1	299.25
535.9	297.6
538.1	299.25
538.9	297.5
537.75	297.15
538.35	299.35
537.95	299.15
542.95	302.85
545.7	307.45
543.7	305.75
542.75	306.15
541.55	307.35
540.25	308.9
541.45	308.55
541.75	310.05
540.3	310.3
546.35	312.85
547.35	316.5
548.6	318.5
548.65	321.05
548.6	325.75
545.45	323.8
544.45	322.75
545.4	324.95
473.4	361.85
480.2	356
477.15	352.9
478.4	353.4
477.4	348.8
478.3	347.5
479.3	347.3
481.15	351.05
481.3	346.5
481.05	347.85
481.55	346
481.85	345
480.6	347.45
480.2	344.75
481.55	343.7
480.7	345.35
481.85	343.45
482.5	344.25
485.95	345.1
486.65	346.5
483.05	344.8
481.2	348.15
480.2	348.95
483.05	348.5
483.4	350.4
481.9	349.9
483.3	352.15
489.85	353.55
490.25	353.95
485.65	353.6
490.95	349.65
490.6	355.45
492.9	359.5
495.85	359.2
495.45	359.55
498.3	356.3
498.7	359.4
499.7	360
500.25	359.45
499.05	360.15
499.05	361.3
768.85	467.5
789.4	479.65
786.1	482.85
787.35	483.15
788.15	484.5
792.25	485.05
789.85	483.35
790.95	483.4
790.6	485
793.05	485.7
792.1	481.7
787.4	483
785.85	483.95
786.5	481.7
786.1	481.75
786.1	482.45
785.8	480.4
786.65	477.3
786.75	476.55
789.6	476.4
785.8	474.5
788.95	474.5
790.4	473.3
790.95	472.4
790.8	472.9
787.2	471.8
787.45	467.95
786.1	468.45
772.75	443.7
777.4	442.85
778.05	437.35
780.65	439
780.4	441.5
777.1	438.1
779.45	435.45
778.4	434.15
781	434.4
779.75	437.15
825	398.3
816.1	403.8
816.55	400.4
815.45	399.25
813.2	396.2
809.85	394.5
808.7	394.3
805.15	393.7
806.05	392.8
785.55	380.65
763.95	364.85
766	366.75
769.1	373.35
768.4	375.7
771.05	375.35
769.35	373.75
770.35	374.95
768.65	380.1
766.15	386.95
0	0
0	0
0	0
0	0
0	0
0	0
750.95	383.25
744.65	416.05
745.9	418.55
749.45	418.5
749.9	418.5
750.55	419.4
747.95	421.95
746.95	425.2
742.15	426.9
739.2	431.4
741.5	432
742.8	433.15
741.1	435.1
748	430.5
751.05	431.45
847.4	447.8
821	452.05
822.4	452.4
822.7	452.85
820.1	453.5
818.9	453.7
814.2	454.35
813.6	453.3
815.9	453.05
814.2	451.75
813.85	448.95
814.8	444.95
817.1	444.3
819.35	445.05
819.6	444.65
820.55	442.45
769.2	443.8
783.2	439.25
781.85	439.2
781.3	441.95
781.75	445.15
0	0
0	0
0	0
0	0
0	0
0	0
0	0
0	0
794.65	460.35
796.35	458.9
795.3	459.05
796.2	457.05
795.8	457.9
795.35	463.75
797.4	470
796.25	474.05
796.2	472.95
794.8	474.4
795.25	469.2
793.75	468.8
793.35	467.7
797.4	470.15
793.3	474.2
793.45	475.4
763.35	480.4
765.9	488
765.3	490.3
767.05	492.15
764.55	489.55
766.6	487.8
767.55	487.6
768.75	486.25
770.05	485.8
771.9	485.1
774.25	485.45
775.1	485.3
776.8	485.7
779.7	481.65
778.6	485.25
780.25	482.1
780.35	482.65
777.45	488.55
700.9	445.25
568.25	333.45
555.3	341.4
554.85	345.3
557.4	344.9
557	345.3
556.7	348.85
557.45	349.75
558.6	353.35
562.75	351.4
559.2	354.1
560.65	352.7
560.2	355.8
559.9	355.05
558.1	357.4
557.55	356.7
559.95	357.7
559.8	350.05
559.35	355.25
559.75	356.35
557.85	356
552.35	348.9
542.95	328.05
543.95	325.8
544	319.9
541.65	323
543.05	321.8
543.55	322.65
540.25	320.95
540.45	319.75
541.45	318.55
544.25	316.55
544.5	316.95
544.05	315.6
546.1	315.05
544.4	316.2
541.6	316
539.8	316.95
542.7	320.9
540.25	320.4
539.4	317.6
539.1	319.6
539.4	319.65
539.45	320.8
539	322.5
543.95	323.1
546.2	323.2
548.75	326.85
546.55	330.45
544.3	335.75
547.45	332.05
449.3	522.45
448.45	540.4
447.7	539
445.6	541.15
443.45	540.9
440.7	542.15
443	540.6
445	541.8
447.2	539.05
446.25	536.9
447.25	537.9
447.75	539
448	538.65
446.15	538.25
447.55	537.85
510.9	385.6
532.15	348.7
536.15	344.7
535.8	343.85
539.85	345.2
540.6	344.75
540.6	343.7
541.2	340.05
539.4	344.4
540.6	341.05
542.65	340.05
540.4	341.4
542.05	343.4
544.55	341.45
544.05	342.55
544.05	344.8
545.05	343.4
545.8	341.2
406.4	609.9
403.15	627.5
408.05	622.75
415.8	620
418.4	614.1
417.4	615.7
438.9	568.85
439.8	562.15
438.85	561.65
441	558.15
449.35	559.35
450.05	554.1
447.45	551.8
442.95	553.55
443.75	555.2
527.25	528.25
770.4	331.2
774.75	332.6
771.8	337.6
773.45	340.45
770.95	344.1
771.35	338.9
772.55	338.05
774.5	335.4
773.5	334.9
771.85	339.35
770.8	339.25
772.25	340.45
770.95	341.25
767.9	342
769.9	340.7
769.65	342.25
771.45	338.35
769.35	342.3
767.3	346.05
771.2	343.4
771.9	342.65
772.9	345.85
775.35	345.45
773.15	347.95
774.85	344.6
775.05	347.75
775.1	348.2
776.5	352
776.2	352.3
777.2	352.15
777.75	351.7
886.2	267.7
936.55	245.4
947	244.8
948.15	242.5
947.75	241.3
949.9	244.45
951.5	244.05
949.3	241.55
951.1	242.55
952.75	244.4
952.45	244.45
953.25	246.8
951.25	242.2
948.75	240.4
947.45	238.15
946.95	241.45
784.85	293.05
743.7	303.3
737.9	315.25
701.05	350.05
671.75	391.95
646.45	420.75
637.5	429
629.1	432.95
630.05	429.35
667.6	402.3
0	0
0	0
0	0
0	0
0	0
0	0
0	0
0	0
0	0
0	0
0	0
0	0
805.05	608.85
806.6	601.8
806.5	607.1
801.6	605.45
800.05	608.3
798	609.85
797.75	609.2
797.05	607.85
797.9	607.1
798.85	606.2
768.35	551.4
712.45	288.5
701.7	302.35
699.1	308.85
699.45	311.05
699.4	317.75
697.7	321.05
698.95	318.9
698.65	317.75
696.6	313
695.95	313.95
692.8	318.4
689.7	316.9
689.55	319.15
686.3	329.1
679.85	328.35
680.15	328.4
795.75	430.35
800.25	457.85
799.1	463.8
802.05	461.95
799.65	464.75
795.25	467.45
791.95	465.65
791.25	464.55
787.6	464
781.6	468.55
782.95	473.6
780.8	476.7
777.85	474.1
776.6	472.35
772.3	473.7
767.15	474.35
765.85	476.55
756.1	478.9
754.2	479.05
755.4	481.95
748.1	481.6
745.7	483.85
740.1	484.5
736.2	488.7
732.5	490
772.35	440.45
772.45	446.85
768.25	447
765.65	451.25
764.3	449.7
760.05	450.65
756.95	446.7
751.8	447.5
748.85	444.55
743.55	437.3
737.5	439.9
733.6	439.75
725.55	442.65
722.3	440.55
722.7	440.05
720.65	441.3
717.45	443.4
717.7	443.95
713.1	443
713.1	441.95
709.85	442.25
705.25	443.45
705.55	440.65
700.75	439.7
698.85	438.3
695.8	439.45
689.75	439.8
690.6	437.2
687.45	436.45
685.8	433.55
684.45	431.6
681.2	436.7
680.3	436.45
682.5	432.2
677.35	430.05
676.4	431
673.55	428.3
671.1	426.95
664.4	425.85
661.5	426.8
659.25	425.8
653.7	424.55
650.85	424.6
652.25	420.55
650.6	419.9
653.8	416.7
650.75	417.45
649.55	415.25
648.95	414.3
649.55	413.05
643.2	416.95
642.85	411.7
640.45	413.8
643	411.9
637.35	412.95
634.5	413.3
636.05	412.15
636.95	415.3
637.1	413.8
632.75	420.15
657.45	434.3
0	0
0	0
0	0
0	0
0	0
733.1	375.55
731.25	409.55
727.9	427.9
724.75	428.35
720.65	435.5
717.3	439.1
716.95	439.9
714.3	442.1
708.45	445.9
708.55	446.7
707.2	449.3
708	452.8
704.55	455.7
704.35	458.95
704.45	457.9
707.4	458
705.55	456.75
706.55	453.95
706.05	456.3
703.65	457.2
703.25	453.7
702.15	452.7
702.7	455.8
704.2	455.65
699.25	455.85
699.45	455.9
701.45	455.05
700.35	451.65
703.5	451.35
701.6	451.85
700.8	448.4
698.95	448.65
697.4	447.7
697.2	446
696.75	445.8
693.35	444.9
692.15	444.15
690.4	445.65
688.7	445.15
687.05	451
687.8	448.05
691.2	448.35
690.25	449.15
689.4	453.85
690.35	458.5
685.05	461.4
682.2	461.75
684.85	464.4
686.3	463.05
685.95	463.55
688.05	467.05
687.9	467.4
684.85	467.3
679.85	470.8
676	471.65
675.65	471.95
674.5	472.25
676.65	474.85
675.15	474.85
673.3	476.05
670.3	477.6
670.05	478.9
666.9	478.05
667.15	479.25
663.3	476.85
662.7	475.3
662.7	477.3
663.2	474.1
660.25	475.9
660	479.45
660.9	476.95
664.4	475.5
665.95	474.8
667.75	485.3
585.3	544.4
0	0
0	0
0	0
0	0
736.15	400.05
739.6	419.05
740.6	414.7
741.45	412.45
738.4	413.15
735.8	413.45
734.2	410.6
730.75	414.55
726.4	412.65
725.45	413.75
723.55	418.05
720.1	422.95
719.45	423.35
720.3	423.85
721.7	423.15
718.85	424.9
720.7	418.8
720.65	424.75
718.4	425.7
716.7	422.85
713.6	426.2
713.3	423.7
714.1	421.75
713.85	419.8
717.3	415.15
711	415.65
709.15	416.25
708.85	415.05
707.4	416.65
703.95	416.7
704.4	417.15
705.15	361.55
723.45	277.05
725.85	276.2
726.7	276.7
726.85	275.45
725.2	277.85
724.9	277.2
723.8	279.7
666.15	235.2
665.65	232.85
658.65	234.15
656.3	239.95
653.45	239.85
657.1	236.15
658.6	236.1
660.75	234.45
655.85	238
800.5	251.1
805.2	255.7
804.55	257.2
804.25	257.5
809.4	258.8
808.7	261.25
808.95	261.7
808.45	263.65
808.9	264.95
807.9	263.3
807.3	264.65
698.65	229.8
698.7	228.05
698.55	229.1
699	231.15
701.9	229.75
702.7	229.8
715.4	234.25
0	0
0	0
0	0
0	0
0	0
0	0
789	210.05
786.2	207.4
786.35	205.8
784.95	194.35
784.6	192.7
781.3	189.65
784.05	189.25
783.3	192.45
784.4	195.25
781.75	194.9
790.45	195.55
0	0
0	0
0	0
0	0
0	0
0	0
0	0
792.05	212.1
792.5	214.75
793.75	219
789.45	209.7
791.6	207.6
792.25	207.2
792.55	209.65
795.05	213.4
794.75	213.7
792.4	213.65
793.85	214.05
0	0
0	0
0	0
0	0
0	0
0	0
0	0
0	0
736.7	225.85
740.05	226.65
741.9	231.45
741.05	233.35
739.95	233.55
739.7	235.45
738.1	234.95
740.7	235.9
739.7	238.85
737.8	238.5
740.25	241.65
821.95	227
825.8	227.4
826.25	227
825.15	228.4
823.45	225.35
821.25	223.7
822.25	227
822	230.05
820.5	232.1
818.2	230.1
815.2	226.15
816.55	227.15
693.6	224.1
691.2	225.75
692.5	224.75
688	219.25
689.05	218.5
689.5	221.4
688.15	219.8
687.8	219.7
689.85	220.3
687.15	221.85
687.2	220.75
687.9	220.4
687.6	220.85
687.05	223.85
686	222.8
697.75	241.3
748.1	375.25
750.1	387
748.6	392.5
746	396.95
744.95	401.45
641.45	423.05
627.75	430.7
626.15	435.35
626.95	440.55
623.1	442.45
609.25	442.6
598.75	447.9
591.5	454.1
588.8	456.95
580.55	462.05
571.45	464.25
566.4	469.45
559.05	477.05
560.4	483.8
794.1	366.5
817.2	341.25
815.65	345.65
813.15	357.95
0	0
0	0
0	0
0	0
0	0
0	0
748.3	220.3
740.4	217.15
737.3	206.9
731.55	208.75
727.85	214.7
727.75	219.65
804.35	226.2
898.15	229.9
903.45	235.9
899.85	238.2
896.75	243.6
893.4	241.75
892.2	239.55
889.4	237.45
883.15	238.65
881.85	241
878.25	247
0	0
0	0
0	0
0	0
0	0
985.45	221.3
983.7	222.75
979.5	226.4
978.85	225.4
974.65	227.65
971.05	201.6
972.2	208.05
968.55	211.05
964.65	212.65
961.35	219
0	0
0	0
0	0
0	0
0	0
0	0
871.9	226.15
870.55	229.8
867.95	233.1
863.9	234.25
858.4	233.2
852.95	235.35
851.4	235.65
848.05	233.6
858.2	278.75
0	0
0	0
0	0
0	0
0	0
0	0
0	0
0	0
826.95	264
822.6	267.5
817.15	271.1
775.85	268.15
440.3	252.85
438.45	250.3
435.7	255.05
428.7	257.35
422.35	255.1
419.05	255.8
415.25	260.5
410.55	264.35
407.3	267.3
403	270.55
398.35	276.1
392.75	279.8
390.05	280.9
630.4	307.25
733.7	312.45
750.45	314.5
749.35	317.8
743.25	319.4
736.85	323.65
733.35	326.65
728.8	330.35
724.05	330.8
718.2	334
712.65	337.6
707.45	340.65
700.7	351.55
693.6	353.05
688	355.85
820.35	412.75
845.55	427.95
840.1	441.5
832.1	446.75
822.1	453.9
814.75	460.3
808.75	465.9
798.95	471.15
936.9	302.4
945.35	293.6
939.75	297.45
931.3	305.2
926.6	311.15
924.75	314.95
918.95	321.95
999	268.35
1104.9	172.15
1106.9	173.35
1101.4	179.85
1094.2	184.5
1089.05	188.25
1082.7	193.55
1075.95	195.95
1071.05	202
1064.15	207.3
1055.25	212.65
1050.1	217.05
1044.3	219.7
1034.35	218.35
1028.6	223.1
1021.5	228.5
906.15	237.35
903.5	247.55
895.8	254.5
883.75	267.15
0	0
0	0
0	0
0	0
0	0
0	0
919.5	240.9
923.85	238.9
923.95	237.55
922	238.35
921.35	244.65
1094.05	211.6
1104.9	205.85
1101.05	207.35
1094.8	211.5
1093.85	214
1091.55	217.95
1087.7	220.85
1080.8	223.6
1073.95	224.6
1067.8	226.4
1060.15	230.1
1051.2	230.85
1039.6	236.7
1120.25	228.1
0	0
0	0
0	0
0	0
0	0
0	0
0	0
0	0
1182.9	206.75
1174	207.6
1170.75	209.4
1169.45	209.1
1170.7	214.45
1164	216.4
1159.6	217.05
1152.75	216.7
1144.55	221.05
1138.15	225.05
1130.05	228.15
1127.95	230.9
1124.7	234.1
1118.4	238.65
1160.15	239.95
1170.95	224.85
1167.6	225.5
1164.65	227.4
1161.3	231.8
1155.75	237.85
1142.2	245.4
1127	226.3
0	0
0	0
0	0
0	0
0	0
0	0
1156.65	323.9
1147.8	325.15
1140.1	331
1131.6	336.85
1116.85	346.95
1107.05	350.45
1091.95	357.15
1077.9	363.2
1065.5	370.65
1037.45	361.2
984.35	215.8
969.7	223.35
959.1	226.35
946.75	229.4
936.45	234.75
925.9	241.95
914.15	242.75
902.45	247.1
889.15	255.4
880.4	261.4
874	266
863.9	269.65
854.45	277.35
846.6	283.15
832.7	285.3
826.65	291.85
999.75	275.65
1147.2	265.4
1144.65	277.9
1132.3	284.8
1127.1	288.4
1115.3	292.3
1103.35	300.7
1085.05	309.75
1071.75	332
0	0
0	0
0	0
0	0
0	0
0	0
1069.65	160.05
1063.8	170.65
1053.65	175.25
1044.4	172.4
1036.7	173.05
1028.15	175.9
1019.8	177.8
1014.5	179.7
0	0
0	0
0	0
0	0
0	0
0	0
0	0
0	0
1206.5	229.2
1205.05	250.95
1194.55	254.65
1188.2	257.3
1184.3	261.3
1179.55	262.55
1171.35	268.7
1160.8	271.8
1152.8	272.85
1147.4	274
1138.35	277.2
1121.95	285.95
1112.5	291.15
1148.85	312.55
0	0
0	0
0	0
0	0
0	0
0	0
0	0
0	0
0	0
0	0
0	0
0	0
0	0
0	0
0	0
0	0
0	0
1111.45	346.25
1105.4	348.5
1096.65	344.3
1086.3	346.95
1079.45	349.4
1070.95	357.65
1058.9	367.2
1047.15	375.55
1036.15	380.65
1027.3	388.9
1140.15	193.75
1132.75	176.6
1116.5	180.5
1110.6	186.6
1104.2	187.1
1098.5	196.4
1090.45	200.3
1078.85	204.5
1071.25	211.7
1063.95	215.35
1054.65	215.2
1043.4	217.5
1036.5	218.15
1112.95	206.2
1148.45	153.3
1144.65	168.05
1135.7	172.1
1128.6	175.95
1125.05	177.95
1117.25	179.8
1116.15	181.8
1110.85	183.35
1105.25	186.75
1185.45	168.7
1172.35	168.65
1168.35	172.7
1165.5	173.2
1158.25	176.75
1154.75	179
1147.5	176.75
1142.85	178.2
1140.9	177.8
1132.55	182.7
1127.25	185.15
1120.4	186.95
1115.4	187.65
1111.25	189.8
1105.25	191.65
1099.1	193.4
1092.6	194.95
1168.5	193.95
1155.5	192.3
1156.35	192.1
1147.8	192.3
1141.5	194.25
1134.05	197
1130.55	198.6
1128.5	198.8
1123.25	198.9
1119.45	197.85
1115.3	198
1114.25	200.6
1108.8	199.8
1104.4	201.55
1098.4	198.85
1095.7	199.65
1092.2	202
1088.25	201.65
1082.5	203.95
1076.2	207.25
1061.2	209.15
1081.15	175.95
1134.2	181.25
1132.35	192.4
1123.9	196.1
1119.7	195.95
1120	196.1
1116.55	197.45
1110.35	196.4
1102.7	200.65
1171.35	190.55
1162.3	186.75
1155.2	190.8
1145	194.45
1138.95	193
1133.35	192.95
1124.05	194.15
1121.75	194.7
1115.25	195.65
1108.7	197.9
1099.8	201.1
1093.75	204.55
1091.85	208.65
1085.95	208.8
1078.3	208.25
1077.05	208.25
1072.3	208.85
1067.95	211.35
1062.8	211.25
1116.65	195.95
1116.2	204.45
1113	207.4
1110.35	211.15
1105.45	213.6
1100.45	215.7
1094	210.85
1091.7	212.1
1090.9	216.25
1085.95	218.6
1081.6	219.6
1079.3	219.35
1073.05	220.9
1068.15	222.5
1064.85	224.5
1060.05	227.3
1053.3	230.6
1146.9	216.65
1158.6	182.9
1154.45	187.85
1151.8	188.3
1148.3	191.4
1144.45	193.8
1141.6	193.05
1132.15	191.55
1128.25	192.25
1123.4	194.65
1116.3	192.6
1194.1	154.95
1194.9	142.6
1191.6	143.95
1183.95	145.9
1173.7	147.35
1169.5	152.25
1167.8	158.2
1164.65	157.9
1158.7	156.9
1152.25	152.7
1146.4	161.25
1126.25	228.8
0	0
0	0
0	0
0	0
0	0
0	0
1181.8	79.45
1179.95	84.65
1174.55	87.6
1173.7	84.65
1170.3	87.65
1166.1	92.35
1162.95	95.95
1158.65	96.85
1153.2	99.2
1149.35	98.75
1144.25	105.25
1143.65	111.1
1138.15	114.2
1134.4	127.05
1165.05	445.9
0	0
0	0
0	0
0	0
0	0
0	0
1173.1	149.25
1163.5	154.65
1160.85	159.3
1155.25	164
1150.55	163.65
1141	166.7
1130.5	162.9
1121.45	162.55
1117.1	163.55
1118.05	170.5
1113.05	169.5
1108	180.55
1101.2	183.9
1094.7	187.45
1084.1	198.65
1079.2	199.9
1068.7	203.25
1062.15	206.7
1059.95	210.4
1217.25	201.95
1214.25	208.85
1208.8	218.5
1203	220.7
1193.7	218.55
1182.3	220.05
1175	223.2
1164	224.7
1155.15	227.8
1150.1	229.4
1140.25	233.65
1132.15	236.5
1128.7	238.95
1117.85	242.15
1108.95	245.15
1167.55	250.7
1149.45	252.6
1147.25	256.2
1139.8	255.15
1136.9	258.95
1136.8	354.3
0	0
0	0
0	0
0	0
0	0
0	0
1163	176.1
1157.45	177.4
1153.55	173.35
1143.75	174.95
1142.8	177.4
1140.35	179.4
1135	180.25
1131	183.6
1125.75	190.6
1118.45	194.9
1115.15	196.7
1108.95	202.7
1101.75	206.75
1096.2	211.25
1095.75	214.85
1090.55	218.95
1083	225.6
1078.15	231.6
1072.55	235.8
1064.55	240.45
1060.3	243.7
1055.75	246.4
1043.15	254.8
1035.35	263.2
1031.9	270.85
1019.8	277.4
1010.1	280.45
999.55	283.9
994.05	288.5
981.5	296.5
976.55	308.4
966.65	310.4
960.8	312.15
950.15	325.4
946.9	325.85
1172.9	275.75
1180.8	284.85
1168.45	284.35
1160.7	283.95
1154.4	290.25
1144.5	294.85
0	0
0	0
0	0
0	0
0	0
0	0
1125.65	247.55
1119.3	263.3
1117	270.75
1112.85	268.45
1108.4	270.75
1103.45	272.85
1099.6	272.3
1096.6	274.4
1093.55	272.8
1084.35	277.85
1077.3	283.1
1073.5	284.05
1065	295.45
1056.9	299.7
1049.5	301.2
1047.75	300.85
1039.9	304.5
1041.6	304.6
1032.75	312.15
1022.6	318.45
1013.3	320.65
1005.9	328.35
1005	329
998.2	335.95
992.4	341.3
991.25	347.1
978.2	354.05
966.2	364.8
957.55	371.8
955.7	375.55
942.45	381.35
936.55	385.35
929.8	391.35
1058.05	352.35
1130.1	274.85
1132.05	295.8
1130.55	294.55
1124.5	290.75
1112.15	297
1102.25	309.45
1102.85	313.8
1097.85	307.85
1086.25	310.2
1082.15	311.65
1079.15	316.6
1074.55	317
1070.25	319.1
1068.5	323.6
1065.05	326.3
1065.9	330.05
1059.25	332.1
1059.75	336.05
1059.4	334.65
1052.7	340
1051.25	337.9
764.3	312.05
308.1	315.15
214.1	326.2
204.25	331.75
198.75	330.65
200.35	330
199.25	333.2
193.65	332.35
192.8	336.85
181.85	339.1
180.85	335.45
178.25	338.95
172.9	343.5
171.5	345.35
446.5	383.7
559.55	402.5
571.55	413.1
571.6	413.8
570.4	415.05
570	413.5
576	413.75
546.1	531.9
0	0
0	0
0	0
0	0
0	0
832.2	312.9
834.95	305.3
838.15	305.95
835.9	305.25
835.95	303.05
832.8	308.85
831.65	313.05
831.85	314.1
830.35	316.1
815.7	446.8
818	415.55
817	419.25
816.5	419.05
820.8	421.05
821.95	419.6
822.45	418.25
821.95	420.55
816.95	423.8
817.7	423.25
818.85	424.05
829.2	419.2
822.65	426.45
821.5	425.05
829.7	419.3
826.4	420.35
822.9	420.95
826.55	418
829.25	418.65
820.15	421.05
821.45	419.55
823.9	418.4
819	419.4
823	419.45
819.15	421.65
821.75	417.05
821.45	415.85
818.85	415.7
813.45	422.6
815.9	423.9
810.45	422.45
815.75	421.45
838.85	391.65
840.5	392.95
838.6	392.85
837.35	395.25
839.6	396
839.6	397.25
836.7	397.85
835.2	396.3
836.65	399.65
837	401.5
678.55	439.7
278.15	565.25
284.8	566.85
292.85	565.35
292.35	569.3
292.9	569.4
296.75	568.85
303.55	566.35
307.75	560.95
310.6	558.3
312.6	559.45
322.1	553.2
322.65	556.6
324.2	555.15
325.85	552.9
326.65	553.2
331.95	550.4
505.5	519.65
559.7	519.5
570.15	518.65
576.55	516.65
580.5	515.25
584.7	515.7
580.85	515.3
585.05	516.2
586.95	519.25
589.65	513.1
592.85	509.9
594.45	512
593.95	511.85
596.65	507.3
600.7	507.75
602.6	504.55
607	503.05
610.05	500.95
792.45	463.1
798.35	459.3
799.9	462.35
806.3	458.75
0	0
0	0
0	0
0	0
0	0
0	0
833.2	439.95
837.95	437.5
843.95	434.1
838.85	442.9
842.85	432.95
844.15	432.05
843.4	434.25
842.55	435.25
841.3	435.8
841.7	435.45
842.45	433.7
839.8	435.2
840.1	435.5
843.25	434
842.05	433.95
843.5	432.75
843.2	436
845.4	435
845.2	435.05
846.25	437.55
847.8	439.95
847.05	439.85
849.1	440
850.45	439.9
852.65	437.5
851.8	438.6
852.15	436.9
852.4	435.75
854.95	434.75
853.9	434.85
855.9	434
855	433.35
853.2	431.3
849.5	430.75
850.65	431.2
855.7	429.8
849.4	432.35
849.35	433.1
852.5	430.05
850.4	429.4
850.85	429.95
846.35	429.05
845.4	431.7
846.7	431.9
848.2	429.05
848.8	429.8
845	430.6
842.95	432.25
843.2	432.55
787.7	638.25
0	0
0	0
0	0
0	0
0	0
873.2	385.3
874.55	385.8
874.3	388.35
870.75	389.85
873.35	392.25
873.1	391.75
872.05	392.55
871.6	395.75
868.35	401.35
865.9	406.15
865.9	406.8
865.75	405.75
866.2	407.65
864.3	407.55
866.05	405.8
868.45	405.4
869.35	405.4
867.7	408.2
869.9	404.15
872.65	400.45
870.75	401.1
867.75	403.05
861.6	401
865.85	403.45
861.2	400.65
861.55	402.45
627.75	450.15
499	464.1
487.1	475.1
483.5	473.35
480.65	475.6
477.95	477.1
477.65	479.9
480	478.6
477.75	480.2
475.45	479.45
474.5	482
473.7	482.4
476.2	481.75
474.4	480.15
475.9	481.1
479	479.05
479.7	478.7
480.3	476.85
477.35	478.7
476	481.55
478.35	482.05
483.05	482.5
482.3	481.65
486.7	482.05
647.45	430.8
655.05	429.05
654.9	430.2
656.8	427.75
656.35	429.6
657.3	426.9
655.5	426.05
656.35	426
656.85	425.35
652.95	425.25
650.9	423.95
649.65	423.45
647.1	425.3
646.2	423.85
646.4	425.25
645.6	422.3
646.2	421.7
643.8	422.05
808.55	435.85
831	434.1
834.05	439.8
833.85	438.3
834.15	440.45
836.25	442.8
834.05	443.15
834.35	441.6
834.85	446.55
832.35	446.15
832.9	449.25
831.05	450.2
821.95	454.45
738	513.65
727.1	522.95
725.95	523.45
724.2	522.7
718.4	553.7
0	0
0	0
0	0
0	0
0	0
685.55	596.75
686.6	593.7
686.9	594.1
686.45	593.15
690.3	590.65
691.1	589.7
690.7	589.15
691.65	591.05
693.95	591.35
692.85	591.35
692.25	592.15
692.8	589.8
693.2	590.75
696.35	588.85
697.2	592.15
700.8	592.3
700.05	589.9
699.8	590.05
699.4	590.7
698.65	592.1
698	591.8
698.05	593.4
696.8	594.35
697	593.35
695.3	596.25
697.25	597.45
699	599.85
699.15	598.35
698.65	598.65
698.85	599.9
702.1	597.65
701.6	597.25
704.5	590.05
704.3	593.85
704.75	589.45
704.7	588.25
706.6	587.1
705.2	587.3
707.95	586.35
708.8	581.75
706.35	585
701.15	589.35
702.6	585.95
703.7	585.5
704.55	582.6
702.9	582.65
704.95	585.6
702.7	587.35
702.75	590.35
702.35	591.7
703.2	590.75
700.05	592.55
699.75	594.1
702.05	588.8
702.65	585.85
658	509.45
658.9	509.4
658.5	509
663.25	500.75
663.95	500.9
664.55	497.2
661.4	502
662.75	503.25
665.1	498.95
665.55	500
661.9	506.95
740.3	676.35
743.65	688.85
744.85	693.45
740.95	696.9
742.6	696.15
743.55	692.9
742.25	694.85
742.1	692.1
661.1	572.95
636.35	427.4
638.6	417.3
636.6	421.7
634.75	420.15
637.85	420.1
637.3	420.1
635.85	419.8
637.4	421.35
640.25	419.25
639.75	420.4
635.45	424.5
632.35	426.8
635.25	424.5
639.4	422.45
639.8	424.75
638.5	425.95
636.5	427.1
640.3	427.3
703.25	515.95
687.8	534.95
686.95	536
687.95	540.75
688	541.75
691.8	534.35
688.5	537.15
686.1	541.65
687.05	537.9
685.8	540.05
685.75	541.1
685.8	539.85
686.4	539.25
686.45	538.8
687.05	538.6
687.65	538.15
687.25	535.8
687.6	538.4
629.3	471.75
625.75	468.05
627.9	463.25
624.15	459.6
625.85	462.35
625.8	460.75
626.25	460.3
626.65	458.75
628.9	458.35
629.1	464.3
630.6	460.15
633.25	454.7
630.45	459.55
701.75	414.85
704.15	405.6
706.9	403.95
709.2	402.75
712	402.15
709.1	403.7
708.35	406.05
715.1	406.6
0	0
0	0
0	0
0	0
0	0
0	0
0	0
786.05	393.7
789	398.65
789.75	401.25
787.15	397.7
789.05	399.55
785.15	400.15
784.35	399.9
785.15	400.7
783.55	401.5
785	403.85
784.9	403.8
784.2	405.2
787.3	403.7
692.15	301.75
682.35	299.8
689.55	298.85
684.75	299.1
685.1	298.8
685.65	300.75
685.7	300.3
685.35	304.6
686.35	305.15
688.2	302.5
686.25	299.55
768.9	423.15
811.55	565.45
816.3	573.6
814.3	572.8
813.25	573.15
810.5	576.55
813.5	576.1
810.65	577.15
812.65	575.4
813.3	574.95
815.85	572.55
704.55	445.35
698.75	411.85
701.25	410.5
698.2	410.5
700.55	415.4
0	0
0	0
0	0
0	0
0	0
0	0
0	0
0	0
0	0
788.1	250.75
786.55	247.55
785.9	248.35
786.1	252.1
787.8	255.8
783.15	244.05
782.25	244
780.8	249.45
787.9	260.8
785.1	263.75
781.6	267.85
783.65	267.7
783.95	267.2
784.7	266.05
784.6	267.4
717.8	522.55
722.55	541.95
719.65	540.45
723.15	536.85
725.9	538.35
724.3	544.85
726.1	544.65
727.7	544.75
730.6	542.45
727.55	542
727.9	541.75
731.5	538.1
731.4	540.85
730.85	540.6
730.7	539.8
731.9	538.65
731.7	540.8
731.1	543.15
731.85	543
732.95	544.25
731.5	543.45
733	542.65
654.15	400.6
628.7	350.05
630.45	350.2
631.3	348.5
630.6	348.4
630.75	348.1
631.85	347.95
629	352.7
630.65	353.6
631.85	353.55
634.85	353.35
637.75	351.25
631.7	354.45
629.2	354.1
631.65	354.15
628.75	352.1
627.4	352.65
628	353.85
628	354.35
626.9	354.1
625.65	353.25
624.85	353.1
628.8	352.85
630	352.1
626.2	353.55
632.2	350.2
630.9	348.35
634.2	347.45
635.9	347
634.15	346.95
635.85	345.2
634.9	346.5
632.6	347.95
634.4	343.9
630.65	347.4
626.45	346.7
629.3	347.25
626.6	353.4
625.9	356.7
624.5	357.55
624.85	358.05
624.65	358.55
620.85	360.75
620.8	359.65
623.85	357.55
622.7	360.05
621.2	362.6
623.9	362.25
632.35	361.3
0	0
0	0
0	0
0	0
0	0
0	0
725.75	367.35
725.95	397.35
723.45	395.25
725.5	391.15
725.8	393.1
722.6	393.1
722.3	394.45
721.15	394.45
722.55	394.05
721.5	393.75
720.65	393.55
722.8	395.4
722.8	398.5
720.4	400.1
725.25	395.5
724.05	394.55
732	377.6
0	0
0	0
0	0
0	0
0	0
0	0
902.95	300.05
908.3	336.4
909.85	334.8
907.05	326.95
905.95	322.35
907.75	325.75
908.4	322.05
908.75	324.9
912.05	329.25
911.6	330.1
911.35	332.3
906	521.3
902.8	493
905.5	495.85
908.2	495.95
906.4	496.7
904.4	496.35
902.7	500.45
902.65	500.8
901.75	501
900.45	508.15
902.05	506.3
900.6	507.9
901.8	504.8
902.8	504.8
902.55	504.05
905.75	503.15
909.25	503.55
906.95	504.2
908.45	504.05
907.15	501.4
903.55	501.3
905.05	498.4
902.2	495.75
901.65	493.45
900.05	490.85
901.75	491.65
899.2	492.6
898.25	493.25
897.55	494.55
899.25	491.85
897.3	493.1
896	495.5
899.9	495.45
897.95	495.9
901.9	496.65
905.8	494.75
847.45	486.15
775.7	455.75
769.05	464.5
768.6	459.7
767.35	460
768.2	461.8
768.8	460.1
768.9	461.4
0	0
0	0
0	0
0	0
0	0
0	0
0	0
0	0
783.55	515.1
744.25	522.85
738.6	532.3
735	532.45
735.8	529.15
733.15	531.4
729.35	532.75
728.9	534.4
730.45	533.25
791.85	556.35
948.55	653.6
954.35	655
959.95	654.4
960.6	652.2
966.4	646.85
965.75	647.8
962.6	646.05
959.65	649.85
958.35	653.65
955.55	653.05
952.1	664.1
0	0
0	0
0	0
0	0
0	0
0	0
0	0
0	0
0	0
0	0
0	0
0	0
0	0
0	0
874.85	650.35
874	536
868.85	545.35
870.75	547.7
871.75	547.8
872.35	547.7
869.25	546.05
872.1	540.8
872.85	539.4
872.2	538.8
869.9	539
875.75	535.2
877.6	537.45
877.15	537.45
875.6	538.45
875.55	540.2
876.65	538
876.4	543.75
867.35	542.5
752.3	359.35
748.15	354.6
749.45	355.95
747.5	365.9
747.9	370.2
747.9	375.15
747.7	381.1
748.85	384.95
749.2	386.85
746.4	388.9
746.45	392
744.9	399.2
744.9	405.5
747.8	412.8
742.15	417.1
742.25	419.3
740.4	423.25
741.55	433.65
750.85	465.9
0	0
0	0
0	0
0	0
0	0
877.9	380.65
879.55	389.7
869.75	401.65
806.95	409.55
801.25	423.65
798.05	429.15
796.2	432.6
795.35	434.15
741.45	421.4
738.95	391.4
737.25	398.4
740.85	405.9
737.25	413.35
779.25	404.5
855.6	356.45
848.55	366.4
848.25	375.4
850.7	379.2
850.25	388.05
852.7	390.6
852.8	396.05
856.95	401.1
857.8	407.2
858.8	414.35
859.35	417.7
861.7	420.8
858.55	423.25
861.4	426.1
862.35	427.4
866.9	433.1
870.45	438.55
872.4	436.9
870.4	442.3
868.8	444.95
870.35	446.5
865.3	457.7
867.45	462
866.95	465.5
1022.4	351.8
1067.2	338.8
1067.75	343.35
1068.4	349.05
1068.95	358.05
1068.1	345.85
0	0
0	0
0	0
0	0
0	0
761.15	344.9
755.55	352.25
764.3	358.75
758.85	362.4
758.9	358.1
757.25	364.65
761.75	367.75
756.4	368.6
756.7	378.45
752.9	379.15
750.45	389.75
752.7	389
753.55	391.35
749.65	402.15
751.45	405.55
747.35	411.4
748.9	408.55
741.1	413.4
745.35	417.45
745.85	424.65
745.6	424.9
743.3	432.05
740.25	432
742.25	431
746.7	430.65
746.35	431
747.75	433.6
740.45	445.95
739.15	447.65
738.2	452.4
736.05	456.5
738.4	460.55
737.85	466.65
728.1	472.45
732.35	470.25
860.5	419.15
863.05	404.3
864.5	409.4
867.05	414.2
864.3	419.15
864.4	423.45
866.8	427.9
871.7	431.6
0	0
0	0
0	0
0	0
0	0
0	0
0	0
896.3	387.25
893.95	388.1
895.95	390.55
896.8	393.5
898.2	390.15
899.5	398.1
898.8	401.1
899.05	406.6
901.9	411.05
904.1	416.4
904.05	422
904	429.85
905.15	432.4
907.3	441
911.3	444.1
907.85	450.55
926.3	391.75
927.25	398.85
926.1	396.5
929	397.75
927	403.35
929.65	406.9
931.3	409.1
928.6	412.6
931.5	418.3
933.65	420.2
933	426.75
934.55	431.1
933.75	431.4
931.8	436.9
936.1	439.7
934.35	447.2
934	448.35
934.25	452.25
935.65	445.55
933.7	456.05
936.25	460.6
935.6	466.75
939.25	473.65
936.3	475.85
939.9	480.75
943.75	480.9
819.25	384.35
779.35	310.6
777.7	313.45
775.2	317.5
772.2	321
773.6	321.1
776.45	318.7
772.45	326.3
774.85	335.5
764.5	464.75
0	0
0	0
0	0
0	0
0	0
0	0
0	0
829.35	402.05
826.9	407.9
833.7	414.3
832.3	418.1
833	425.55
835.4	428.65
836.4	436.85
836.4	431.15
827.05	430.35
830.4	435.4
828	445.85
826.95	446.1
829.95	451.9
826	459.8
829.45	468.55
829.25	468.55
841.05	322.3
843	299.8
841.9	312.15
839	310.4
843.8	322.4
844.5	327.25
845.5	321.45
843.75	321.95
846.35	321.1
844.85	327.35
852.15	334.2
851.2	346.95
851.5	349.5
854.1	353.7
852.75	358.1
852.15	359.95
855.25	362.15
852.1	367.45
853.4	370.45
853.8	372.95
852.2	378.4
853.55	381.8
852.45	385
851.1	388.1
852.25	391.1
853.55	396.35
852.25	401.65
854.6	402.65
851.7	408.35
853.35	415.2
859.35	417.45
858.45	424.6
865.45	423.65
866.45	427.9
863.7	437.9
863.35	445.3
861.1	446.7
863.75	454.4
862.25	457.05
862.65	459
867	457.1
867	457.25
866.85	461.8
866.7	470.9
868	469.7
872.2	473.8
870.05	480.5
871.05	482.9
871.25	488.95
827.2	423.7
820.95	304.95
818.3	314.15
815.1	324.6
820.2	329.55
818.55	336.75
823.8	355.55
0	0
0	0
0	0
0	0
0	0
0	0
0	0
0	0
864.85	343.45
866.35	353.3
866.9	358.6
870.15	365.6
873.35	367.55
873.9	367.05
872.75	374.3
869.5	376.85
868.55	378.6
869.6	382.2
868.5	383.9
868.75	389.35
869.1	396.75
862.75	407.7
864.1	412.2
867.15	414.95
865.35	419.8
864.05	422
866.95	422.35
938.6	405.45
935.4	411.35
937.15	417.6
938	418.75
937.6	427.85
0	0
0	0
0	0
0	0
0	0
0	0
0	0
0	0
946.85	352.5
951.65	348.1
951.8	345.8
956.5	354.5
959.8	359
957.45	365.45
958.2	380.85
956.45	375.85
958.1	377.45
957.35	389.4
961.55	389.7
961.2	393.75
960.65	397.1
958.1	402.3
957.95	406.25
960.15	409.3
959.5	416.75
916.25	388.25
814.6	295.6
813.9	308.85
813.45	310.9
815	312.45
816.6	318.15
818.2	319.85
814.45	321.25
814.95	321.75
816.65	322.5
817.4	323.05
816.35	327.75
818.55	329
817.7	330.6
816.2	332.15
818.95	334.55
820.25	340.4
821.8	338.4
824.4	350.45
824.9	353.75
821.65	358.6
823.35	357.65
824.05	359.9
822.7	362.25
822.95	370.95
821.85	372.2
820.7	374.25
819.2	374.7
818.9	380.6
819.2	379.4
819.4	385.1
817.9	389.7
818.5	390.95
817.5	392.05
818.4	392.75
821.1	396.7
826.15	394.25
905.55	286.35
910.3	292.4
911.15	298.55
913.15	302.75
912.1	304.3
910.35	306.35
908.6	308.8
910.35	310
915.25	314.75
916.95	319.2
852.7	302.85
837.8	299.65
835.5	300.55
836.05	301.05
836.05	306.45
836.25	309.4
835.65	311.55
837.15	315.8
839.25	324.3
839.4	327.65
837	332.45
836.15	334.6
839.3	339.05
839.1	341.85
836.1	347.95
835.45	351.5
839	355.9
842.5	358.9
840.9	364.35
843.05	369.35
845.8	372.45
850.6	375.35
822.7	333.25
795.3	218.7
795.65	228.2
794.7	229.85
794.1	230.7
797.95	231.2
798	233.55
798.5	234.95
803.6	233.3
803.2	238.9
511.8	312.8
406.35	388.8
390.4	402.8
389.5	404.7
385.95	409.3
386.15	410.2
387.3	414.7
385.1	416.9
386.6	421.45
385.35	425.55
385.7	427.25
386.05	431.4
382.15	435.8
381.4	437
377.4	440.45
578.55	339.35
604.35	327
606.95	333.05
611.75	337.35
613.65	342.1
609.25	345.25
603.45	349.8
605.05	348.9
605.35	349.05
605.65	351.6
605.4	352.75
604.85	352.2
285.35	344.4
238.35	336.35
226.85	344.85
223.25	346.65
223.2	349.35
222.9	347.25
220.4	349.35
220.8	350.45
219.5	349.1
218.15	345.25
220.05	346.8
224.85	350.4
260.1	360.35
570.1	365.9
674.35	383.05
684.25	393.05
692.4	397.45
688	407.1
688.2	408.65
694.95	408.45
696.35	411.25
698.9	413.3
697.65	416.5
693.45	418.8
689.75	422.3
688.5	426.25
684.65	429.9
686.65	436.2
562.4	276.95
550.75	276.25
551.2	280.35
551.2	282.4
552.65	281.95
552.5	283.45
554.65	276.8
552.1	277.3
551.15	277.95
552.5	273.35
551.75	278.6
550.4	273.9
549.75	275.65
549.05	289.05
646.2	319.6
789.6	426.1
794.35	445.25
797.7	449.65
800.9	455.3
800.7	454.95
801.7	453.65
803.5	453.65
861.75	457.9
893.6	403.9
0	0
0	0
0	0
0	0
0	0
0	0
0	0
0	0
0	0
0	0
0	0
1046	366.45
1045.65	372.45
1047.9	377.8
1052.05	376.45
1051.25	377.3
1051.65	377.6
1052.3	377.35
1054.15	380.8
1054.5	385.15
1058.85	389.6
1064	392.3
1065.8	396.3
963.85	353.4
899.3	302
892.35	310.8
892.8	314.9
893	317.1
895.35	320.65
899.5	319.35
901.15	322.35
902.5	323.25
901.95	321.45
899.9	323.2
903.45	325.35
902.25	325.15
903.4	325.25
903.1	324.2
905.05	326.3
900.15	332.7
902.25	333.7
821.85	326.2
823.05	320.85
822.3	323.3
824.2	324.25
826.7	326.55
826.65	330.95
822.9	334.3
823.95	336.1
824.35	339.05
822.9	338.3
822.85	340.65
824.45	343.9
825.55	342.55
824.2	344.8
825.05	344.5
825.1	348.5
823.7	351.8
824.2	358.35
824.5	361.05
822.3	362.05
970.65	341.9
966	344.8
966.55	348.4
966.8	353.15
965.3	355.95
967.5	356.1
966.75	357.8
969.05	361.7
969.9	358.5
978.55	357.05
995.25	349.1
1000.1	348.95
1002.45	350.25
1004.55	351.7
1004.6	349.35
1005.4	350.95
1010.75	349
1012	352.5
1011.15	359.5
1011.2	360.05
1013.95	363.65
1015.7	363.5
1014.6	367.45
1016.1	369.75
1018.65	370.7
1022.8	375.25
1024.15	380.65
1023.95	384.75
1024.65	386.7
1027.5	392.1
1032.2	393.2
1031.6	396.55
1035.25	392
1037.9	392.85
1037.45	396.2
1038.35	399.5
1042.05	403.45
1042.95	409.15
1045.5	408
1048.55	411.3
914.35	398.45
771.05	413.55
755	426.85
753.75	429.7
753.45	431.3
749.7	436.75
747.5	442.95
747.95	447.55
748.1	450.7
746.35	452.55
547.5	508.05
539.1	524.75
537.9	528.4
536.05	528.9
536.55	530.9
536.05	531
534.1	533.25
535.5	532.75
532.2	533.9
585.35	533.1
636.55	526.2
643.2	526.8
644.85	525.75
644	524.8
644.65	517.5
645	521.7
639.6	522.8
639.7	520.55
510.45	542.6
504.6	544.65
503.5	541.25
502.3	542.55
501.35	541.8
498	545.7
499.45	545.05
497.45	552.55
493.75	552.55
493.1	547.9
489.8	550.95
483.35	551.6
478.1	557.6
477.2	554.75
469.3	564.15
469.2	565.35
468.1	566.85
469.2	565.65
464.85	568.55
460.3	570.45
458.65	568.6
456.35	567.75
455.45	564.95
459.7	562.5
459.25	564.9
0	0
0	0
0	0
0	0
0	0
0	0
0	0
694.05	433.1
689.1	437
693.15	437.8
690.4	438.65
683.3	437.2
686.2	437.75
681.85	441
680.9	440.75
682.2	446.85
683.5	448.95
682.6	451.75
680.85	452.5
678.8	450.6
677.35	454.95
678.4	453.7
674.5	451.3
676.85	450.7
675	444.25
672.2	443.45
669.4	452.2
482.4	555.35
472.4	558.95
471.3	560.9
470.85	565.2
471.3	567.55
469.7	562.05
474.45	553.7
476.65	557.6
476.2	558.3
481.35	555.05
480.7	555.15
474.85	563.1
477.6	560.75
475.3	566.8
468.45	565.95
470.15	568.35
470.4	568.6
476.3	564.2
471.85	569
473.55	567.75
467.05	572.25
469.95	570.35
470.15	574.75
470.35	572.35
442.05	454.15
450.2	427.35
450.45	431.7
451.65	427.3
450.6	433.55
451.8	426.45
454.05	426.35
455.55	424
458.05	421
456.8	423.15
457.05	423.9
456.25	425.65
455.15	427.05
454.65	432.05
455.45	426.95
452.7	428.85
453.75	432.3
452.85	432.9
452.15	434.65
453.35	434.5
455.25	434.25
455.1	435.5
454.55	436.8
451.15	431.8
454.3	428.8
455.15	428.05
450.5	432.2
452.25	434.95
452.15	439.15
450.4	440.85
451.1	440.7
451.65	440.45
451.5	437.8
453.95	436.4
449.2	440.25
451.65	444.4
516.8	527.7
518.6	544.65
518.95	547.15
518.75	553
520.05	554.15
517.7	550
575.05	376.35
592.35	361.6
596.55	365.35
602.15	365.3
603.05	367.95
605.2	373.8
610.8	366.2
0	0
0	0
0	0
0	0
0	0
0	0
892.55	334.7
893.35	336.8
891.5	337.9
889.3	340.7
890	338.65
890.55	339.7
888.4	340.35
888.3	340.05
888.05	342.5
885.05	348.75
888.2	354.95
886.3	356.6
881.7	354.3
879.1	359
815	452.4
820.35	447.15
822.25	450.2
817.15	448.3
815.9	452.8
815.85	451.75
808.05	445.7
807.8	450.95
804.5	447.35
801.45	440.05
803.35	433.3
798.55	432.7
793	431.8
789.3	433.6
784.5	434.55
779.4	436.45
777.6	438
772.2	436.6
766.7	434.05
777.15	434.6
770.6	443.85
768.2	441.25
765.5	442
760.85	444.6
754.3	442.25
750.4	445.45
743.8	446.15
790.45	419.1
784.3	426.9
779.1	425.5
773.9	428.15
769	430.05
760.25	426.6
0	0
0	0
0	0
0	0
0	0
0	0
0	0
0	0
0	0
797.35	402
792.85	384.9
785.8	387.95
783.1	384.35
778.7	382.65
776.7	382.25
770.45	387.05
767.75	387.15
762.45	389.95
763.95	394.35
760.85	393.75
762.3	374.35
0	0
0	0
0	0
0	0
0	0
0	0
0	0
944.6	466.35
948.15	467.5
946.65	467.6
944	469.3
939.75	465.9
937.6	460.7
932.9	459.5
929.15	455.35
928.05	455.2
920.2	455.8
918.65	451.45
916.35	450.2
702.6	357.3
672.45	366.2
669	375.35
660.6	376.55
661.3	376.75
658.5	377.35
655.8	374.05
654.65	370.9
651.5	366.8
647.15	366.5
644.15	364
643.05	362.4
783.7	407.35
776.4	417.05
776.8	423.75
773.3	423.15
769.7	426.1
821.2	386.6
0	0
0	0
0	0
0	0
0	0
0	0
0	0
0	0
996.05	524.1
995.8	523.3
996.65	519.1
990.1	513.9
983.8	515.15
979.4	507.7
990.2	515.75
988.65	517.35
982.1	522.5
979.85	516.65
972.9	519.4
966.55	518.9
780.55	347.65
778.45	352.4
769.95	361.85
766.85	361.95
758.85	365.4
755.7	361.6
754	361.2
753.4	366.4
745.15	368.7
732.6	371.4
726.05	372
720.1	371.95
717.7	369.55
714.05	369.6
704.5	370.6
699.15	374.65
691.05	377.65
686.95	379.5
677.3	380.5
0	0
0	0
0	0
0	0
0	0
0	0
957.35	396.5
949.4	389.05
947.65	375.25
939.95	386.5
932.2	383.95
927.05	379.05
919.8	377.45
712.3	390.95
693.35	390.6
690	386.9
683.95	383.45
668.6	386.05
658.05	386.7
655.8	381.1
651.4	375.7
637.4	379.8
639.45	379.05
633.15	374.8
631.95	373.75
849.6	490.45
833.7	493.65
829.8	488.8
824.7	483.2
820.05	482.85
817.7	481.2
813.4	479.95
807.85	478.85
799.95	476.95
790.2	478.05
786.35	477.2
782.45	471.55
780.85	466.45
778.25	466.45
771.05	465.05
767.95	466.8
766.1	463.8
762.7	461.9
755.25	459.15
751.25	459.05
746.3	454.65
743.15	452.2
739.45	451.05
736.1	450.05
727.65	452.9
730.8	450.5
725.8	450.95
726.35	452.75
718.2	453.45
722.7	446.3
837.75	368.35
835.3	374.35
832.1	373.35
827.7	375.6
826.5	374.95
826.5	373.3
820.75	368.95
813.4	370.35
812.65	366.45
812.4	364
812.4	362.75
812	361.95
808.5	361.95
808.25	361.75
807.85	358.6
806.1	358.4
802.35	358.2
796.65	360.65
798.4	360.45
802.8	358.8
801.75	357.1
802.7	358.35
804.4	359.1
798.55	357.85
797.25	355.8
797.9	355.8
796.4	357.6
797.3	355.55
797.1	355.2
797.45	356.85
797.6	354
796.95	356.35
798.15	345.25
0	0
0	0
0	0
0	0
0	0
0	0
0	0
825.7	256.8
831.2	258.65
829.6	259.15
827.95	259.75
831.55	259.8
829.7	260
827.45	264.35
827.15	265.7
827.2	263.65
824.4	271.1
826.05	270.75
825.2	272.15
824.2	275
819.65	272.85
820.3	271.3
822.1	275.05
823.8	277.1
822.85	277.45
820.8	278.85
816	278.25
814.7	280
812.9	278.85
814.05	280.6
813.65	281.3
809.65	281.05
797.8	304.05
805.8	336.65
805.45	339.05
805.7	339.45
802.7	338.2
803.55	341.95
802.75	340
797.3	341.4
802.15	336.55
800.6	341.05
800.5	342.15
800.2	343.45
799.95	343.45
796.9	344.95
797	344.95
795.9	344.55
796.05	342.95
794.05	339.75
792.15	341.05
791.75	342
793.15	343
795.4	345
795.15	346.55
794.4	346.15
791.95	347.9
790.7	347.6
793.5	343.45
795	345.05
794.9	343.75
791.75	346.35
791.9	345.95
792.95	345.05
794.3	342.95
792	344.3
797.55	347
798.1	350.4
798.1	348.1
798.3	349.5
796.3	351.2
793.4	354.1
676.5	362.15
524.35	397.25
504.55	404.75
501.3	406.25
500.3	408.35
499.7	408.05
501.25	409.55
501.35	408.3
502	411.4
498.4	415.55
497.9	417.25
496.6	415
500.6	411.55
499.9	410.65
500.1	408.55
497.7	409.1
494.65	409.2
494	409.8
495.5	410.4
499.1	410.2
497.45	411.55
500.55	410.55
503.35	411.25
504.45	410.9
737	383.35
732.85	383.9
734.5	384.35
734.4	382.5
733.2	383.1
732.5	382.65
736.35	380.6
738.6	382.35
739.4	382.05
739.65	378.65
740.3	379.25
735.75	378.85
736.6	377.25
736	376.55
734.9	379.85
737.75	382.1
736.3	379.2
736.9	380.35
739.15	381.05
736.45	379.8
738.75	379.8
737.95	378.65
736.95	378.45
737.25	377.05
737.8	376.65
736.75	374.35
736.7	375.7
736.75	377.3
736.6	373.95
738.45	371.45
739.65	370.8
740.1	370.3
740.9	371.45
740.3	371.8
738.3	375.75
739.6	374.85
737.5	374.4
740.15	377.5
741.35	374.55
739.45	377.9
742.9	377.65
744	377.6
744.4	377.95
738.55	374.45
738.75	373
739.45	372.8
738.7	375
737.9	373.5
741.15	374.95
741.1	371.3
740.6	369.1
743.35	369.45
746.95	371.95
748.55	366.2
743.35	368.25
743.9	367.05
743.9	367.5
742.9	369.3
739.5	374.05
737.45	373.35
739.65	374.5
739.85	376.35
738.95	375.6
738.95	376.25
739.45	375.05
738	377
496	443.6
371.55	460.35
353.45	470.25
354.5	473.05
355.45	469
355.5	468.4
355.6	466
355.55	467.8
710.4	388.55
709.95	387.3
710.9	388.7
717.05	386.1
719.25	386.15
718.5	386.85
714.8	387.1
716.9	390.1
715.75	386.1
794.3	313.8
791.3	323.9
790.05	324.45
786.9	323
792.45	323.85
793.9	324.4
794.1	323.35
794.05	326.25
795	327.25
793.05	331
793.65	333.5
795.7	334.75
799.7	336
795.15	338.75
793.95	342.45
796.2	344.25
797.2	347.3
797.95	352.1
797.6	352.05
797.75	355.45
798.75	355.8
798.25	356.35
798.45	358.4
801.2	359.85
571.6	496.3
567.15	507.3
570.85	506.1
572.95	503.65
580.4	501.25
580.95	504.95
578.65	505.45
582.1	495.65
0	0
0	0
0	0
0	0
733.15	414.15
734.75	413.25
738.95	409.9
741.75	406.25
741.85	404.15
743.05	397.5
579.4	483.2
587.1	485.7
594.7	486.35
600.8	481
604.35	480.45
604.65	479.85
604.3	481.2
604.1	482.45
608.4	477.15
611.35	476.9
610.1	483.3
608.9	485.7
608.7	484.15
604.05	484.45
604.8	481.35
603.75	482.75
604.2	482.25
607.2	475.95
604.95	483.4
608	478.5
609.8	480.9
610.5	484.65
613.4	483.25
613.7	487.1
609.8	487.05
610	485.7
613.55	483.15
614.95	480.4
616.8	478.4
612.05	476.2
609.65	475.95
615.35	474.7
620.35	472.5
622.35	466.55
622.9	465.6
622.25	463.5
620.7	461.4
633.3	455.65
756.7	313.85
755.45	323.05
755.05	320.75
754.5	318.75
755.1	314.4
753.45	315.75
751.65	315.9
750.3	315.55
745.8	319.2
744.7	319.4
742.25	318.4
741.6	321.85
740.2	322.8
738.3	322.6
738.1	324.95
735.25	325.8
738.3	326.45
736.4	328.2
734.5	332.45
735.15	339.9
733.7	341.75
683.2	467.4
689.55	464.65
692.55	464.55
691.6	465.1
692.45	465.6
689.6	465.35
689	462.55
690.7	460.9
689.45	462.05
688.55	461.8
687.55	461.6
689.05	461.85
690.5	457.5
690.65	453.05
693.3	452.7
694.9	450.8
695.4	453.6
695.75	453.7
695.85	452.5
695.6	456.35
698.1	453.6
696.7	451.7
696.95	452.7
695.25	451.85
695.65	450.8
695.85	449.5
698.35	447.75
698.8	446.1
698.55	446.45
698.1	447.35
699.35	445.5
701.35	447.05
798.65	341.3
797.15	346.05
797.45	342.9
795.6	344.15
793.1	344.5
794.15	345.15
794.7	342.75
791.45	343.85
792.7	343.2
794.05	342.45
636.7	301.95
619.75	303
609.45	300.45
606.85	299.8
608.85	301.55
610.5	300.2
607.3	300.9
607.7	302.95
606.15	306.9
607.8	307.7
608.85	309.25
606.2	313.15
605.35	310.6
603.6	313.1
604.4	314.1
604.1	315.75
602.5	312.3
605.1	314.8
884.55	324.55
915.5	320.25
909.65	320.95
910.3	323.25
910.8	322.25
914.3	321.05
913.65	326.35
913.7	324.3
914.05	323.1
912.15	321.45
910.8	321.7
911.15	323.4
908.5	323.5
908.6	322.45
906.5	328.15
905.7	328.85
908.4	324.95
908.4	322.6
909.05	320.2
907.95	318.6
918.45	285.05
936.1	232.45
937.45	225.95
940.9	226.15
940.7	225.75
940.4	226.25
956.2	373.4
0	0
0	0
0	0
0	0
0	0
732	582.5
732.35	577.6
735.55	576.65
738.85	572.1
736.5	570.9
737.05	565
733.55	568.25
857.45	330.6
869.15	328.95
869.7	331.1
871.1	327.95
872	329.45
870.35	325.85
870.5	332.7
867.95	331.55
865.65	331.15
865.6	328.2
864.5	329.45
862.7	331.45
866.55	329
867.3	327.75
867.65	328.15
864.6	325.85
865	322.05
866.4	319.05
865.85	318.75
867.3	314.9
865	314.55
865.35	313.95
867.2	312.2
864.55	313.9
864.45	308.4
863.1	308.25
862.85	307.35
868.6	301.85
867.55	303.45
864.8	306.85
863.4	309.65
862.75	307.65
861.65	307.65
860.85	306.1
857.65	305.55
857.45	305.85
856.5	304.8
854.5	307.2
854.8	307.35
855.9	304.95
854	304.3
858.2	305.15
858.95	305.9
856.85	306
857.4	304.25
856.55	304.95
858.1	304.35
859.2	305.55
858.2	309.85
860.05	309.15
860.75	311.8
860.85	314.5
860.85	317.15
860	318
860.85	318.5
861.7	317.65
860.8	317.2
858.55	318.6
858.15	319.1
856.15	320.9
855.35	320.5
856.4	321.9
853.15	324.75
855.45	321.95
857.1	323.3
855.2	320.5
853.65	321.5
854.25	322.75
853.85	320.95
854.4	319.8
852.45	320.8
851.15	320.85
849.55	322.2
849.1	321.5
849.2	317.9
678.7	368.9
631.6	393.75
626.25	402.2
624.6	402
627.8	370.2
0	0
0	0
0	0
0	0
0	0
0	0
748.95	297.75
752.8	337.55
757.35	342.8
756.5	343.4
755.9	345.1
754.85	339.5
751.1	342.2
749.35	343
472.25	331.9
462.3	338.8
463.25	334.05
458.1	331.85
459.3	335.65
457.6	340.6
456.85	342.85
457.65	347.7
235.95	348.05
229.8	344.8
231.1	349.1
230.7	353.1
232.45	352.5
230.25	355.15
229.55	355.9
229.25	356.45
228.35	353.35
230.95	353.9
227.55	357
372.1	267.8
391.85	271.05
391.05	275.25
394.3	274.75
396.25	278.95
394.65	283.65
395.2	283.6
395.25	284.6
393.7	287.25
394.7	286.15
401.05	279.9
401.95	282.6
404.6	282.75
399.25	280
405.85	278.05
410.75	274.6
409.45	274.2
413.55	273.8
415.3	273.25
413.75	274.45
412.95	274.4
414.3	274.8
807.65	325.3
947.5	337.9
966.95	341.7
972.45	340.55
966.95	339.45
968.85	343.65
970.45	342.25
967	338.5
968.05	343.05
969.35	341.85
963.3	337.9
965	339.3
964.3	337.8
966.4	334.55
964.85	337.4
549.65	343.55
422.15	357
423.95	358.05
422.65	358.3
421.15	356.15
418.8	357.25
421.7	352.2
422.5	354.85
424.1	357.15
427.4	356.35
425.65	363.1
249.85	293.35
253.85	293.7
253.1	295.2
253.2	294.65
251.8	294.5
251.25	293.55
254.9	291.4
253.1	296.1
251.65	294.8
249.25	298.7
250.7	300.9
251.2	307.05
544.15	424.15
549.9	438.4
552.3	436.3
556.75	438.9
560.3	436.2
560.1	433.85
561.15	430.4
563.3	429.25
564.6	430.8
570.7	435.4
577.45	438.85
578.1	435.35
579.25	436
583.8	433.9
466.45	419.25
372.5	408.65
363.5	406.85
369.8	403.65
371.45	372.9
0	0
0	0
0	0
0	0
0	0
0	0
369.55	386.35
373.2	384
375.5	387.85
378.75	388
380.6	387.5
383.9	381.1
383.45	382.45
388.65	388.95
397.8	387.45
403.3	383.65
405	384.15
409.05	382.15
415.95	379.05
421.2	379.25
429.05	378.05
433.15	381.3
431.05	380.05
432.25	376.8
442.55	378.75
447.65	382.9
452.75	384.6
457.2	384.8
460.85	387.1
464.7	385.45
468.1	387
472.15	386.8
477.1	386.55
483.3	384.45
520.4	390.75
722.05	534.6
737.1	542
745.5	541.45
749.55	544.55
757	543.8
761.35	543.8
765.7	543.9
767.65	544.7
775.75	543.15
785.95	543.3
793.5	541.3
799.8	538
763.4	532.4
374.45	436.65
332.85	426
336.1	424.65
345.5	421
342.35	423.1
347.65	423.7
355.75	420.5
364.7	417.75
373.85	417.3
379.4	422
0	0
0	0
0	0
0	0
0	0
0	0
0	0
686.15	451.8
686.25	457.7
689.85	457.3
689.45	459
693.65	456.55
697.7	452.4
698.7	448.15
706.45	449
706.3	451.15
711.7	450.4
715.4	449.75
718.7	449.5
726.35	448.85
732.55	446.6
737.85	450.45
740.65	454.8
745.9	453.1
751.35	454.05
756.4	455.1
447.55	441.7
446.05	445.55
451.9	445.1
458.95	449.35
0	0
0	0
0	0
0	0
0	0
0	0
0	0
577.1	428.6
579.1	428.7
581.45	429.15
587.2	429.45
590.15	432.65
592.05	434.25
599.85	437.35
564.4	435.05
372	381.9
384.25	380.8
384.5	385.35
383.5	387.65
383.35	386.2
390.1	384.05
398.7	386.4
403.45	386
410.35	389.05
418.85	386
422.4	385.15
422.2	389.9
430.1	384.15
283.5	515
296.2	507.75
301.85	513.05
304.6	515.25
310.65	513.3
313.15	508.7
316.4	507.65
317.95	510.1
320.15	512.1
326	510.65
170.35	415.8
132.05	392.8
128.3	393.85
136.05	392.05
144.3	397.45
151.35	390.9
160.4	395.45
166.6	401.15
174.65	404.05
360.65	424.8
389.25	438.2
392.75	438.35
402.25	435.95
405.2	437
409.25	437.1
413.5	439.6
421.45	439.3
423.6	439.4
312.6	395.7
287.15	378.95
287.9	382.1
293.5	381.15
298.1	382.4
302.8	379.1
311.95	376.6
317.55	377.75
329.35	378.05
338.1	377.55
343	378.35
350.45	378.6
353.6	381.15
359.8	380.35
365.95	381.3
373.8	377.95
380.55	379.5
388.2	383.85
395.95	382.05
218.6	359.95
137.9	352.5
127.2	355.3
132.1	355.9
142.45	356.3
149.95	357.45
158.65	357.5
167.95	360.75
176.25	362.7
184.7	365.65
193.85	367.6
303.9	361.9
425.8	401.3
440.75	403.9
446	402.3
451.8	403.55
460	406.65
469.5	410.3
481.15	407.7
489	407.15
498.15	402.1
508.25	399.6
516.1	395.05
517.45	409.65
523.55	413.15
533.35	407.5
540.6	413
544.05	407.75
552.25	407.45
556.8	409.35
565.95	387.05
331.85	344.1
327.2	309.6
335.25	326.8
341.4	339.55
344.3	354.95
347.55	361.25
354.95	357.4
362.3	364.1
366.75	367.75
369.2	363.05
373.45	362.4
380.9	357.3
389.55	351.6
395.65	357.55
395.25	377.75
400.5	381.1
410.4	374.4
412.15	330.55
0	0
0	0
0	0
0	0
0	0
0	0
0	0
548.45	293.25
552.8	287.4
555.9	288.75
560.45	289.7
561.95	290.7
562.15	290.8
636.8	312.85
814.75	397.05
822.7	398.7
823.65	390.7
829	396.4
832.85	404.8
836.75	401.2
839.6	392.45
836.45	399.8
846.45	407.45
1030.8	520.8
1040.1	530.9
1038.55	525.35
1042.35	528.75
1044.95	524.5
880.95	476.1
376.5	310.15
312.7	291
321.3	291.7
323.1	293.05
323.7	294.1
328.6	290.2
332	288.35
331.2	291.1
336.15	291.7
336	290.1
337.25	291.65
342.8	286.95
346.55	287.15
344.2	290.7
344.3	288.3
345.7	294.6
444.9	380.95
464.9	387.9
467.05	392.25
471.1	388.85
474.45	388.95
476.95	392.05
476.55	390.9
477.45	389.5
479.3	392.75
483.95	396.55
584.75	414.95
587.1	428.9
590.4	430.55
593.4	430.3
592.55	428.45
593.3	427.4
593.1	427.1
591.65	424.15
593.75	424.4
598.5	423.85
618.3	379.35
617.95	371.45
617.15	369.35
618.3	370.25
619.15	368.35
619.7	370.05
622.55	367.5
623.7	369.85
625.65	369.7
623.25	371.65
627.85	372.75
632.25	373.9
630.65	373.45
628.75	371.85
629.9	374.6
631.05	373.6
633.9	373.2
632.95	372.75
632.65	375.4
633.8	376
632.9	374.2
634.15	372.85
632.35	375.9
636.85	378.5
638.55	380.4
638.95	382.95
638.9	381.95
639.9	382.85
639.8	382.7
639.4	384.95
639.6	384.85
642.15	382.3
638.6	383.65
639.9	380.3
639.9	380.25
643.35	382.2
641.35	380.25
639.4	379.25
637.3	379.05
630.4	383.05
635.5	380.05
774.45	433.8
791.1	467.3
790.65	467.65
795.65	469.2
791.15	474.4
795.4	470.65
794.15	473.3
794.95	471.7
794.45	470.6
795.05	472.45
792.8	469.75
793.35	470.1
793.1	468.35
790.2	468.65
788.4	466.05
788.95	460.9
779.45	458.75
734	389.65
729.05	395.15
725.6	396.9
726.35	403.15
725.55	403.65
723.95	409.7
869.8	504.3
876.55	509.65
875.2	509.6
876.4	512.3
875.9	516.05
878.25	517.75
879.3	519.05
877.35	522.9
877.25	526.65
1051.3	540.9
1064.65	558.2
1064.7	557.45
1066.3	557.65
1067.25	559.6
1068.85	559.4
1069.1	559.75
1067.2	557.35
1069.25	557.7
770.7	429.4
672.15	380
670.95	381.25
671.3	379.5
669.65	378.3
669.9	372.35
672.4	372.5
672.2	368
674.15	362.85
674.7	383.55
659.6	374.4
0	0
0	0
0	0
0	0
0	0
0	0
0	0
765.2	375
769.85	378
771.2	379.15
774.4	370.55
771.35	377.3
771.75	367.25
809.2	381.45
833.2	391.7
838.6	396.9
840.15	395.45
844.75	395.55
847.35	396.1
847.05	394.2
848.1	393.55
847.85	394.5
848.15	398.3
848.7	403.65
848.2	408.5
846.35	412.5
843.65	417.45
842.95	417.45
843.2	413.6
839.35	418.65
839.45	419.5
843.15	424.4
843.7	428.85
845.9	430.15
735.1	404.8
743.55	400.4
743.1	403.2
740.85	398.8
743.55	399.35
736.3	400.25
738.1	395.45
770.75	357.3
780.85	431.25
0	0
0	0
0	0
0	0
0	0
0	0
0	0
0	0
0	0
0	0
0	0
845.65	456.15
843.75	450
840.55	445.7
840.95	451.8
904.4	430.95
915.45	429.3
918.15	434.2
919.95	428.55
920.35	429.5
918	433.4
809.3	380.7
792.25	363.85
787.3	366.85
783.55	371.55
784.5	373.75
785.2	384.5
860.75	410.7
866.3	409.55
862.7	412.15
862.85	416.3
860.65	420.45
858.25	420.75
860.4	417.55
860.6	418.55
702.3	301.35
686.05	276.8
683.05	285.35
682.95	288
684.05	290.8
681.6	291.8
681.45	290.55
678.45	282.95
675.95	284.3
674	284.65
688.8	287.3
826.9	373.95
832	370.55
830.45	372.25
826.7	374.9
826.8	379.55
824.55	378.95
826.6	385.8
718.8	273.7
700.85	214.9
701.15	215.65
700.45	216.45
698.65	213.05
700.4	228.5
0	0
0	0
0	0
0	0
0	0
0	0
0	0
0	0
917.9	486.55
917.4	483.55
921.15	478.05
921.5	477.25
919	476.1
921.5	478.85
920.6	479.35
918.1	478
918.1	483.9
918.75	485.15
920.1	490.95
919.45	494.15
921.05	498.8
918.1	505.5
917.5	507.25
917.3	508.7
916.85	509.8
917.4	509.3
917.7	509.2
849.2	356.45
857.2	343.3
856.7	345.2
856.8	347.05
857.6	346.9
855.2	350.65
854.6	350.95
854.45	349
853.55	348.35
852.2	345.55
851.8	341.6
848.3	344.45
849.6	343.25
850.55	346.6
846.9	346.05
847.2	364.65
849.75	405.05
848.7	408.7
842.65	408.35
841.65	411.1
842.95	418.4
864.05	402.05
0	0
0	0
0	0
0	0
0	0
0	0
0	0
0	0
953.85	481.65
896.05	488.95
889.1	483.05
885.45	487.75
880.05	487.7
881.7	492.05
879.1	493.8
881.75	493.4
884.3	509.65
881.55	509.65
792.65	342.95
786.05	356.6
780.25	358.1
777.6	362.05
776.2	365.85
772.45	373.25
770.85	374.8
771.2	376.5
771.6	374.4
780.9	306.55
779.4	295.9
777.4	298.9
779.1	298.25
776.25	293.6
776.45	294.75
777.55	294.1
797.35	260.45
802.3	247.85
802.8	247.15
805.35	249.65
804.9	246.95
799.45	247.05
802.35	245.15
802.15	246.25
799.05	249.75
802.85	250.8
800.95	250.5
801.55	255.65
801.95	256
801.1	252.4
802.6	255.1
802.2	256.15
801.9	255.4
804.15	259.35
805.8	258.9
783.05	271.85
779.85	284.55
779.65	284.2
774.9	287.7
776.35	286.6
776.8	289.75
776.9	289.05
776.05	286.2
775.9	283.25
780.95	288.25
782.5	295.95
781.4	293
782.6	288.1
805.9	261.45
798.5	254.1
796.25	257.4
796	262.95
796.5	265.8
797.65	268.2
797.2	271.2
799.65	271.25
794.05	269.65
791.25	267.4
790.55	263.3
789.6	262.9
788.5	265.6
789	265.7
797.45	270.7
0	0
0	0
0	0
0	0
0	0
0	0
0	0
0	0
806.9	284.35
803.4	286.05
805.8	289.45
806.05	289.9
807.5	288.9
807.65	286.8
807.35	289.05
807.05	288.5
793.55	225.8
795.7	246.15
795.75	249.55
792.85	250.9
792.85	253.95
796.2	257.2
799.7	263.7
798.3	263.5
797.05	264.75
793.4	264
791.25	262.85
788.75	263.15
789.55	261.4
788.25	264
791.9	263.4
792.2	262.6
791.7	266.05
789.55	264.6
790.7	266.55
789.2	266.6
788.15	260.5
786	262.2
785.05	260.1
784.25	263.35
787.05	266.45
785.45	265.5
791.5	264.3
789.75	265
790.45	268
789.5	271.15
601.1	231.25
594.7	227.6
593.1	227.9
589.25	229.9
588.6	234
588.35	231.4
588.85	234.95
610.2	232.25
785.75	262.45
790.5	267.55
792.9	271.1
792.35	271.2
789.95	272.25
791.85	271.95
788.2	269.35
457.55	166.6
417	157.65
414.35	160.55
415	159.55
415.25	160.4
414.65	164.45
415.2	164.5
418.35	167
419.95	167.15
418.6	169.05
420.25	168.65
419.25	170.9
421.1	174.8
770	221.25
777.15	232.9
772.05	237.7
774.1	236.25
776.9	242.95
777.25	240.35
774.15	244.6
775.6	244.8
774.95	248.75
773.65	250.55
770.4	253.2
770.45	255
771.25	255
751.15	318.95
749.7	336.25
749.55	340.3
752.95	342.1
752.3	342.5
0	0
0	0
0	0
0	0
0	0
0	0
0	0
0	0
0	0
828.4	338.95
832.05	339.6
831.5	338.1
833.1	337.25
831.5	339.15
832.75	346.05
837.75	350.3
835.85	351.85
834.7	350.95
835.75	349.1
837.55	354.75
836.75	362.4
836.35	364.6
835.35	365.3
835.7	365.2
835.3	364.9
915.4	449.05
922.55	454.55
922	456.45
920.45	458.95
921.05	460.25
921.45	457.8
918.75	456.55
913.35	451.75
913.1	451
913.4	451.2
916.15	451.95
918.5	453.9
918.15	453.15
915.65	446.45
916.2	446.05
915.75	445.4
911.15	439.95
845.7	365.35
847.25	367.2
846.3	371
847.6	370.4
845.95	371.4
846.35	371.8
847.2	371.5
847.65	374.8
846.6	375.8
848.9	382.55
846.7	551.85
0	0
0	0
0	0
0	0
0	0
0	0
874	349.15
869.95	407.45
871.5	418.4
871.25	418.3
866.35	417.8
865.35	420.65
865.1	421.65
868.15	423.15
868.35	424.9
866.65	423.8
829.1	400.6
751.35	330.25
744.5	332.1
745.2	333.3
745.2	334.65
743.7	334.55
748.05	336
747.4	333.65
744.15	332.85
746.9	335.85
748.45	339.5
746.5	341.6
746.7	342.8
747.35	341.45
746.4	344.45
743.25	342.5
745.15	347.7
897.3	416.15
893.15	421.3
895.9	428.9
898.05	426.25
902.05	425.45
901.75	423.5
904.15	426.25
904.5	417.35
932.65	466.2
0	0
0	0
0	0
0	0
0	0
0	0
0	0
0	0
0	0
0	0
0	0
831.85	392.35
843.65	387.1
850.2	385.45
846.55	384.6
850.35	385.65
846.85	393
843.9	395.6
914.3	397.1
913.7	396.05
911.9	402.05
910.35	404.8
912.35	405.9
912.25	409.85
912.75	411.5
913.9	415.75
912.6	416.75
909.55	420.55
910.5	420.4
909.9	419.05
904.8	418.85
921.55	490.5
0	0
0	0
0	0
0	0
0	0
0	0
0	0
0	0
0	0
0	0
905.05	432
908.45	434.75
910.8	431.1
910.45	442.4
875.9	431.15
823.45	370.25
820.2	385.35
819.1	379.25
819.1	379.8
817.55	383.05
817.25	389.2
819.2	396.2
819.75	398.35
818.45	400.45
819.75	407.05
753.3	273.65
748.55	283.1
746.5	285.45
744.75	287.7
742.4	289.15
741.35	292.2
744.05	293.75
744.55	297.55
747.55	302.1
748.4	306.95
749.6	311.55
751.75	312.9
754.35	318.05
754.5	322.45
757.15	320.25
757.3	324.6
714.7	213.95
710.15	228.1
710	231
711.6	234.15
715.3	235.95
716.9	240.25
715.1	241.7
716	244.45
717.9	245.3
718.75	248.85
718.9	251.15
720.6	256.1
724.75	256.7
723.75	258.75
724.15	258.25
726.95	259.7
729.15	258.1
728.05	257.95
729.3	255.45
835.3	226.1
823.65	243.8
833.65	244.75
839.3	244.15
843.35	245.2
841.4	244.4
845.55	247.05
848.35	242.85
852.6	240.45
856.2	237.35
858.15	231.35
862.3	236.75
868.35	232.25
872.2	234.3
874.65	233.1
876.45	233.15
877.2	230.8
877.6	230.6
878.35	231
877.9	230.25
880	228.5
881	226.8
880.75	220.1
880.9	220.45
881.6	225.6
884.3	226.45
884	227.4
881.7	226.3
881.4	225.65
883.95	226.05
879.4	224.3
881.25	222.25
841.2	262
836.6	277.7
835.35	287.35
834.8	291.6
831.15	288.6
827.75	289.6
825.85	290.85
825.2	293.35
824.8	294.6
824.25	294.3
822.2	296.55
820.7	300.75
817.7	302.4
826.6	278.35
0	0
0	0
0	0
0	0
0	0
0	0
0	0
802.8	385.55
