618.35	380.75
620.4	382.5
619.4	383.95
619.8	386.2
618.85	387.9
619.9	389.4
620.15	390.05
621.7	393.55
619.5	395.85
618.85	397.5
619.85	398.9
545.55	297.2
545.15	295.2
544.5	292.1
543.1	295.8
542.85	297.45
544.55	294.75
542.85	297.2
545.7	293.85
545.15	294
544.95	294.95
545.05	295.5
544.75	299.3
544.5	299.95
544.25	299.4
543	298.8
541.3	298
538.9	292.5
533.55	291.55
532.1	294.15
532.45	300.05
530.45	305.6
716.75	332.4
720.05	335.3
717.9	338.45
716.7	339.15
715	338.95
713.3	342.7
714.4	341.85
712.25	345.45
710.9	343.4
712.3	342
711.95	340.1
769.6	342.35
937.05	360.6
944.55	355.6
940.8	357.6
943.5	359.85
945.75	360.65
950.25	360.6
953.35	361.3
960.6	363.45
963.8	363.4
967.1	360.85
964.85	362.7
969	359.6
668.3	377.05
303.3	401.85
328.25	406.45
334.8	407.65
335.9	407.8
335.85	406.25
334.3	407.15
333.05	408.7
331.7	404.65
382.75	385.2
472.7	312.2
477.5	307.5
477	303.2
478.2	304.05
480.7	298.95
480.15	296.35
480.6	294.1
486.1	289.9
488.15	285.55
488.4	286.9
477.6	272.6
473.2	225.65
472.6	221.5
470.95	224.45
470	226.65
469.9	226.45
473.25	225.05
472.95	224.95
470.35	225.65
471.35	226.65
471.2	231.85
474.15	227.15
473.55	222.45
0	0
473	221.45
472.05	223.05
473.1	223.45
469.5	235.1
0	0
0	0
0	0
0	0
0	0
0	0
0	0
487	182.8
498.15	169.3
504	160.3
505.5	155.85
505.1	152
505.85	152.75
499.4	191
494.35	228.6
495.15	229.45
494.6	227.65
493.9	226.2
493.2	227.2
493.9	224.6
496.25	229
496.2	227.05
525.35	307.25
523.2	309.35
524.25	306.15
523.75	306
522.8	304.6
518.7	306.65
520.3	305.1
521	304.45
519.8	304.45
461.25	370.05
459.35	375.85
460.65	373.95
461.3	378.8
460.45	380.2
461.25	381
439.95	458
432.1	588.45
434.35	597.65
436.75	599.25
435	602.7
436.95	601.85
433.15	605.4
434.25	605.75
422.2	620.65
0	0
0	0
0	0
0	0
0	0
0	0
0	0
0	0
484.3	699.1
0	0
290.15	699.9
290.05	686.5
294.3	674.75
296.1	668.3
293.05	663.2
291.85	659.1
316.85	687.05
312.8	687.5
311.6	688.3
311.45	682.35
339.3	656.3
444.3	445.45
448.4	357.25
467.8	332.75
478.35	321.45
488.7	311.85
496.35	298.25
499.15	293.1
501.35	289.2
501.25	289.15
498.8	255.35
499.45	244.6
499.75	241.75
502.25	237.85
501.6	235.1
502	232.4
497.6	236.45
585.95	156.45
585.75	153.2
586.3	150.2
585	146.8
583.8	148.45
584	143.6
584.35	141.3
583.3	141.3
585.55	141
583.55	146.3
584.85	145.15
583.65	143.7
584.05	142.15
581.8	142.05
572	175.8
0	0
0	0
0	0
0	0
0	0
0	0
525.8	341.15
537	272.3
543.25	253.75
548.5	256.25
553.5	253.35
558.1	248.3
558.6	250.05
559.4	250.45
559.8	250.1
560.05	246.7
562.45	246.5
563.25	247.1
561.1	244.6
560.7	246.7
771.1	375
895.25	412.4
890.3	414.1
892.1	413.75
892	412.25
887.8	415.7
888.5	412.5
891.5	412.45
893.55	412.55
892.25	413.05
893.5	411.8
891.9	411.35
890.9	411
895.3	407.45
892.5	406.85
889.7	405.15
906.6	302.85
907.15	302.2
909.25	306.05
913.05	305.15
914.65	304.5
913.9	307.25
913.95	301.3
914.2	305.6
915.3	304.6
916.4	305.5
917.4	308.05
923.75	409.6
0	0
0	0
0	0
0	0
0	0
0	0
672.85	350.15
673.1	347.6
675.45	344.75
677.65	346.05
645.65	368.3
589.3	458.65
590.55	459.85
590.6	463.6
591.45	463.9
594.35	458.15
592.75	463.65
591.7	468.25
589.15	469.65
589.7	471.05
586.85	471.25
587.8	472.75
585.95	471.6
583.05	474.4
575.15	531.95
0	0
0	0
0	0
0	0
0	0
0	0
0	0
575.9	428.3
580.9	386.05
589.45	372.35
594.15	379.95
589.5	377.15
589.4	375.4
590.2	374.9
593.2	374.65
592.1	374.3
592.75	374.1
595.5	369.1
595.15	369
595.3	369
593.65	372.25
595.95	368.2
594.5	368.05
593.1	386.95
0	0
0	0
0	0
0	0
0	0
0	0
0	0
623.65	493.9
627.8	414.25
630.5	393.8
625.95	380.9
629.2	380.95
631.8	382.55
629.05	386.75
631.3	382.9
628.2	381.6
626.7	387
627.65	375.6
619.85	389.15
619.8	616.4
0	0
0	0
0	0
0	0
0	0
0	0
0	0
576.05	452.75
589.45	408
596.95	366.35
593.65	357.45
595.95	356.25
602.95	357.25
596.5	355.35
598.6	366.65
600.05	362.4
604.1	361.5
597.9	360.65
598.7	359.35
603.2	358.2
602	351.1
604.55	348.15
603.3	346.05
601.4	348.9
600.3	345.1
601.45	347.2
601.05	345.95
589.85	367.35
0	0
0	0
0	0
0	0
0	0
0	0
0	0
560.5	427.1
567.15	373.5
568.9	355.05
571.3	347.85
572.25	347.5
574.05	353.8
575.85	352.1
575.9	357.7
573.75	357.45
570	354.8
569.85	356.55
632.6	446.85
630.9	444.75
632	440.95
631.35	441.6
631.75	439.7
627.95	449.05
626.6	441.9
629.2	445.2
628.7	447.55
629.65	449.45
628.65	452.7
629.65	450.5
628.65	456.9
631.9	455.4
628.9	455.3
629.55	456.5
630.7	456.4
632.65	458.15
629.25	460.9
640.45	632.05
0	0
0	0
0	0
0	0
0	0
0	0
0	0
0	0
620.15	383.95
630.75	363.65
627.8	359.05
629.85	357.55
632.2	355.45
634.35	355.55
632.4	356.35
627.2	360
629.1	359.65
628.05	354.55
630.05	354.05
626.45	356.4
626	358.8
628	359.1
628.55	362.2
629.7	363.8
627.05	364.75
626.95	361.8
626.95	364.3
626.75	368.6
628.4	366.7
625.9	368.9
629.2	367.25
628.75	366.5
627.7	368
623.75	369.3
625.15	366.4
628.55	364.7
629.35	363.8
625.55	367.4
628.2	372
625.35	373.65
623.85	373.55
621.1	377.15
618.5	374.75
616.8	376.9
615.3	376.4
614.1	376.45
613.15	377.65
611.3	378.95
608.45	384.5
606.05	391.35
637.5	663.65
0	0
0	0
0	0
0	0
0	0
0	0
637.25	520.6
638.2	447
639.9	415.35
641.45	400.2
643.55	395.85
644.75	390.9
646.35	386.85
644.5	387.3
645.3	384.85
645.65	384.65
645.05	386.85
643.95	380.45
641.2	384.25
641.45	386
641	388
641.1	388.7
642.35	390.95
641.95	393.4
640.85	394.75
641.2	393
641.75	394.45
639.05	394.15
637.8	400.25
636.8	403.35
633.65	399.8
633.4	395.9
633.1	395.85
634.3	398.65
632.15	399.45
631.75	400.6
631.55	399.85
632.5	398.95
632.5	400.8
631.05	401.9
630.9	405.1
630.9	406.1
630.5	409.45
631	405.2
628.55	406.5
628.6	410.9
629.45	410.8
631.65	410.95
631.1	417.85
631.65	495.7
0	0
0	0
0	0
0	0
0	0
0	0
0	0
645.9	504.1
648.35	442.85
652.85	422.3
653.8	408.85
655.7	394.65
658.15	384.35
657.45	382.3
656.2	380.45
656.45	374.85
657.45	374.6
656	373.4
656.65	375.55
659.15	374.7
662.05	373.5
663.9	374.2
666.6	371.5
667.4	368
668.05	365.4
668.55	361.9
669.55	360.95
668.55	360.9
669.9	361.7
669.95	363.05
670.5	377.35
0	0
0	0
0	0
0	0
0	0
0	0
0	0
0	0
632.9	492.4
633.65	448.4
634.35	426.8
633.5	406.65
632.5	401.5
631.2	404.3
631.45	403.1
629.15	399.2
627.25	403.05
628	408.4
629.85	410.5
629.75	408.4
629.2	407
629.45	409.35
632.1	413.25
634.3	415.55
635.05	415.9
601.65	416.4
456.2	408.95
457.15	411.6
462.2	408.1
461.2	407.05
458	410.65
460.3	410.5
463.25	400.9
459.8	401.65
458.25	401.9
459.3	401.9
456.75	407.5
455.8	406.8
457	407.75
454.85	405.2
453.6	403.6
451.5	401.3
452.45	402.4
456	400.35
454.9	400.9
453.2	400.3
453	401.45
451.45	393.4
448.65	393.6
448	395.8
530.55	355
533.85	353.35
534.4	350.7
535.5	347.1
535.05	343.5
538.7	343.05
537.85	344.05
536.05	344.05
536.4	343
536.95	342.55
536.75	338.5
536.6	339.45
533.9	338.3
534.5	339.3
533.15	341.35
528.6	344.8
527.25	343.9
527.25	347.5
527.25	346.9
526.85	349.3
524.05	351.25
525.25	352.7
524.5	352.25
523.5	351.4
524.8	353.35
524.85	357.6
525.2	355.35
525.9	356.2
524.1	354.65
524.1	356.55
523.75	357.6
522.8	358.35
524.1	361.2
523.1	364.1
524.7	363
526	364.95
525.85	365.85
526.9	369.65
526	368.8
524.6	368.5
521.55	370.85
520.85	372.8
517.75	371.5
515.6	374.45
507	386.1
0	0
0	0
0	0
0	0
0	0
0	0
0	0
592.75	509.8
601.15	425.95
602.65	391.75
600.4	383.3
600.6	375.55
600.2	376.35
595.55	379
599.7	382.4
600.7	385.6
573.35	381.7
399.6	369.65
403.7	371.1
408.15	370.75
410.85	368.05
417.6	373.35
419.75	374.4
420.25	373.35
420.75	372.4
421.25	371.45
421.4	372.75
418.9	373.95
419.95	373.8
418.65	371
417.25	369.4
417.55	372
418.05	373.35
413.85	375.85
411.05	380
408.2	379.35
405.1	384.6
402.5	381.55
401.6	389.45
397	392.25
396.45	393.6
396.35	396.05
395.8	396.95
394.55	398.4
391.55	401.35
670.4	471.2
670.05	457.55
670.4	454.45
675.95	461.4
674.1	456.3
671.45	448.6
674.1	442.2
671.95	442.7
669.25	445
667.8	451.7
667.4	451.35
666.95	447.5
667.6	447.75
666.8	450.65
670.45	447.35
670.3	443.85
667.6	446.25
666.2	448.45
669.25	449.8
667.85	444.7
669.25	447
664.3	519.05
667.65	509.3
668.25	513.05
670.9	510.45
667.55	514.15
668.9	507.1
673.9	506.7
673.6	501.4
673.05	499.4
673.3	498.7
677.2	495
672.3	494.25
675.6	496.65
675.7	495.3
673.85	492.5
709.75	499.55
711.8	500.75
707.4	493.35
708.9	497.6
715.6	502.9
716.25	496.05
720.85	499.7
718.75	494.9
725.3	495.2
728.55	493.05
732.85	494.9
736.15	493.45
738.05	485.45
735.6	483.2
737.85	481.6
736.35	472
742.25	450.5
743.45	441.4
742.15	439.6
741.8	446
737.7	446.25
735.5	451.75
738.1	450.3
729.75	462.65
0	0
0	0
0	0
0	0
0	0
0	0
0	0
714.7	429.95
724.1	418.4
727	421.85
727.5	422.1
726.15	425.05
732.9	470.1
736.8	467.05
740.45	465.55
741.95	470.4
735.75	464.3
734.5	463.9
729.9	468.35
728.3	471.25
726.9	474.85
726.7	473.75
722.6	476.65
722.05	477.3
728.05	471
731.15	471.9
730.7	471.45
746.55	475.3
760.55	480.25
756.1	476.75
754.1	475.25
750.45	477.3
749.8	475.15
749.7	473.8
747.95	469.4
747.85	469.95
749.25	470.3
747.9	466.95
746.4	468.65
744.35	465.7
743.95	465.2
742.75	465.55
740.95	463.25
738.1	459.6
736.55	461.7
737.05	460.45
739.25	456.75
428.25	364
32.5	198.3
74.2	172.1
96.65	167.1
104.9	161.05
109.8	154.25
115.2	144.8
121.1	142.15
121.9	138.45
124.4	138.5
127.7	134.9
126.1	134.65
128.85	133.95
127.3	133.85
124.7	136.85
270.1	229.3
737.7	436.65
709.75	436.8
705.7	433.3
708.75	435.9
706.55	439.8
706.05	443.1
700.95	450.95
702.55	457.15
702.1	457.2
704.4	457.1
705.15	458.25
703	464.55
703.05	474
697.4	510.75
0	0
0	0
0	0
0	0
0	0
0	0
0	0
0	0
663.25	526.15
664.7	506.5
666.5	503.3
668.85	501.8
670.3	501.8
668.3	504.75
672.05	504.75
672.4	510.65
673.75	506.95
645.15	492.3
435.85	401.6
444	402.1
443.65	403.65
444.9	399.1
447.65	404.55
452.75	399.35
455.7	396.85
455.45	395.95
454.35	399.4
455.25	398.55
452.85	399
455.35	393.8
454.35	394.35
450.4	396.5
448.4	396.6
443.75	400.6
442.05	399.3
441.75	399.35
444	395.95
442.35	395
438.7	399.65
784.9	305.6
792.95	262.5
794.15	253.5
794.1	254.25
791.75	253.95
790.95	254.3
789.85	255.35
790.4	251.55
786.9	248.45
786.35	251.25
784.3	255.2
778.65	256.65
777.05	256.6
777.2	263.2
775.3	262.8
773.2	264.75
770.2	267.55
768.75	266.75
767.9	268.95
767.85	267.4
764.6	268.55
764.05	269.4
764.4	271.85
407.7	419.6
386	455
389.6	459.5
389.6	459.55
389.6	456
387.1	454.75
391.85	456.9
386.25	451.45
386.55	449.25
389.4	448.6
391.2	446.4
387.25	447.4
385.35	447.3
387	447
387.2	447.3
382.4	445.45
384.45	442.9
387.5	439.6
387.1	441.2
385.7	439.15
382.65	439.8
384.45	440.9
389.25	439.5
385.15	435.65
384.85	435.9
384	437.1
383.15	440.15
383.9	440.2
384.15	439.15
383.7	437.85
384.15	438.75
382.45	440.55
382.15	441.05
379.55	446.65
376.35	540.2
380.1	534.3
379.3	536.2
379.65	535
376.05	535
374.8	534.05
376.75	532.5
378.65	533.05
379.2	532.85
379.4	533.1
378.85	533.6
379	533.6
377.55	534.8
376.65	535.4
377.85	534.05
378.95	534.25
379.5	537.7
380.5	537.1
383.65	540.8
383.15	542.8
384.55	543.75
388.75	544.15
388.7	543.05
390.5	543.55
387.85	544.9
387.7	541.35
387	540.2
384.95	540.8
384.35	538.5
384.7	538.45
386.9	537.15
386.25	535.5
386.7	537.65
383.1	535.1
386.2	532.65
385.6	529.9
386.1	529.9
387.5	530.9
388.2	532.3
385.95	530
385.55	529.9
385.7	529.95
381.55	530.1
379.3	529.55
380.5	529.95
380.9	527.4
380.9	527.7
381	526.45
381.15	524.55
382.85	523.6
385.7	521.8
388.55	522.2
388.4	521.55
388.55	522.1
390.9	520.7
392.05	521.65
388.05	519.3
386.05	520.1
384.75	520.8
385.8	518.7
383.65	520.6
382.95	520.5
383.55	521.25
384.85	520.45
383.7	518.05
384.35	516.2
382.95	517.65
381.1	515.95
379.25	513.5
380.45	513.8
378.45	514.4
377.6	512.1
376.65	508.7
372.3	503.5
376.65	501.8
372.35	502.45
678.5	476.5
677.1	456.05
677.9	446.45
680.4	439.4
684.15	433.7
687.05	426.15
690.15	422.1
692.4	415
694.7	408
695.3	400.4
696.05	394.55
695.15	394.35
694.05	394.1
692.05	389.55
691.8	383.15
692.15	376.75
692.8	379.1
689.7	375.3
690.15	373.4
688.9	369.65
688.5	366.25
686.75	358.15
685.5	348.8
687.05	341.2
688	338.1
689.05	332.05
688.35	331.3
686.75	329.8
684.6	326
681.25	322.4
679.95	321.3
680.85	321.35
680.85	323
675.65	323.4
673.9	320.2
672.15	320.75
668.35	321.45
666.45	323.45
667.4	326.1
666.25	328.3
664.3	333
663.7	335.9
660.6	336.95
659.9	338.95
660.35	340.1
652.9	344.15
649.7	345.65
649.65	346.9
649.35	349.7
649.35	348.4
646.95	349.65
645.4	349.9
643.85	350.35
640.9	351.3
639.1	350.8
633.9	350.2
628.55	352.3
626.55	350.45
624.8	352.15
622.85	353.7
621.85	353.5
619.8	354.7
617.4	355.7
616.55	356.5
617.6	356.4
615.15	358.9
612.4	358.65
610.95	356.5
610.05	357.15
608.5	359.1
607.2	358
605.15	359.3
603.1	358.85
601.35	358.6
599.75	361.9
598.25	361.05
597.15	359.7
596.8	358.15
595.55	354.65
592.1	355.05
589.05	354.3
588.55	353.9
584.85	352.75
583.9	350.75
580.95	349.35
577.8	348.2
575.45	347.6
573.65	347.25
569.55	346.65
567.45	345.3
565.2	344.05
562.55	343
560.95	342.2
557.9	341.4
556.75	341.7
556.85	340.9
552.2	340.45
549.35	340.05
544.9	339.65
544.7	337.15
545.55	337.45
542.8	335
539.65	332.35
540.95	327.45
540.8	326.75
537.95	325.6
535.3	325
534.6	325.7
531.15	326.2
528.45	325.9
527.45	328.25
525.45	328.05
521.6	325.3
518.45	329.45
513	335.05
511.75	335.85
511.85	336.55
510.9	333.25
508.8	335.35
504.9	337.25
500.8	336.3
498.25	337.6
497.65	337.7
495.65	336.55
494.65	337.55
499.75	339.3
498.7	339
498.65	337.4
498.55	336.4
491.75	333.1
491.65	331.95
491.5	329.85
490.3	330
485.05	331.05
482.15	329.15
478.45	325.5
478.45	323.65
474.15	323.95
473.1	322.65
472.35	321.5
470.55	322.8
468.05	320.5
467.25	319.85
466.25	316.85
465.3	316.7
460.2	318.45
457.4	315.95
455.85	314.35
455.95	314.75
454.8	314.35
453.8	312.9
451.05	314.4
447.2	314.85
445.4	313.45
449.45	308.9
448.05	309.55
446.35	307.6
449.9	303.85
452.4	302.25
452.65	300.35
457.7	296.2
457.85	294.7
455.15	293.05
457.1	290.55
457.85	288.3
457.35	288.15
469.75	312.3
869.4	546.55
924.25	563.15
914.15	567.85
905.7	568.05
902.05	563.8
900.85	569.05
907	639.55
0	0
0	0
0	0
0	0
0	0
669.95	519.65
675.75	488.85
683.3	474.4
682	466.05
684.75	461.15
685.25	456.35
685.85	451.6
685.7	448.15
687.4	444.5
689.8	439.4
688.95	437.7
689.8	436.85
688.8	433.3
685.65	433.8
685.4	435.1
684.35	436.55
685	434
687.35	431.15
684.3	425.2
683.1	429.9
683.95	431.6
683.35	430.65
682.05	427.5
684	426.15
680.6	421.2
679.85	418.65
676.2	417.2
674.45	416.75
669.95	414
666.05	413.25
666.15	411.35
666.05	410.3
659.15	413.5
658.85	412
655.1	413.35
652.85	405.4
649.4	404.9
649.25	404.95
652	408.75
652.65	408.7
650.15	404.55
646.85	403.2
645.75	402.85
644.6	400.75
643.35	399.6
641.05	397.85
638.45	397.65
637.95	398.3
636.7	396.35
636.9	396.4
637.9	391.5
637.55	387.85
635.1	389.2
633	388.6
632.65	387.9
630.4	384.55
629.9	383.45
630.65	381.8
629.85	381.1
629.3	384.4
629.7	382.05
628.7	381.6
628.1	382.4
629.1	383.6
629.8	383.1
629.85	384.4
632.15	380.45
634	378.7
636.55	377.5
638.25	378.7
636.95	379.15
637.7	375.75
639.55	375.75
641.45	375.25
641.7	375.7
640.15	373
641.8	374.25
644.9	375.6
644.35	373.75
643.15	372.15
643.9	372.85
643.4	372.75
645.15	373.1
646.15	372.35
645.05	370.75
645.5	368.7
646.7	369.1
646.95	367.4
649.85	364.75
650.2	364.55
650.4	364.3
648.3	363.75
646.5	362.95
645.6	365.75
644.05	366.5
641.2	367.4
640.95	367.7
640.6	366.5
640.2	365.8
639.05	388.65
0	0
0	0
0	0
0	0
0	0
621.4	390.85
629.1	344.2
636.5	328.15
638.45	317.5
641.7	309.9
644.45	308.9
649	304.45
652.75	301.25
654.7	299.5
655.8	300.25
667.45	290.75
749.55	230
749.85	224.55
751.5	223.6
754.95	218.25
756.55	220.6
752.55	223.75
746.4	281.55
0	0
0	0
0	0
0	0
0	0
755.2	203.85
761.45	189.6
763.8	184.2
767.15	176.95
768.55	170.45
768.15	168.05
764.55	171.9
483.05	226.2
482.9	227.55
486.2	230.75
487.6	227.2
486.45	228.85
487.25	226.3
488.2	226.3
488.55	227.65
712.55	208.6
772.95	205.7
769.95	201.7
770.05	199.5
766.55	198.4
767.4	194.5
766.3	194.3
765.75	194.9
767.3	193.1
768.1	195.8
768.5	196
763.95	199.65
763.45	200.4
762.35	202.3
727.15	211.45
689.8	218.45
687.65	221.6
689.55	221.5
687.7	223.15
686.85	222.2
685.55	222.15
686.25	221.35
684.6	223.45
682.2	227.65
679.35	228.1
681.55	224.75
680.05	226.15
680.55	226.95
678.8	230.35
677.6	228.85
676	230.25
666.25	370
662.4	369.95
655.7	372.25
653.95	379.95
653.05	386.6
655.35	389.1
594.05	460.9
591.25	468.5
584.75	474.4
577	480.2
567.8	485.9
560.65	484.85
552.9	491.1
549.5	493.2
797.85	453.65
0	0
0	0
0	0
0	0
0	0
985.35	154.55
978.25	118.3
977.35	107
976.15	104.95
972.2	105.15
938.6	125.75
933.35	128.7
930	133.05
928.85	132.55
925.45	138.45
918.25	145.65
915.95	149.45
1030.1	96.5
1031.65	95.45
1026.65	94.3
1022.35	95.5
1018.05	96.55
1015.45	99.65
1028.2	89.35
1025.1	91.25
1023.35	93.3
1018.85	98.15
1017.7	97.9
1017.05	102.9
1002.3	122.05
762.95	236.2
762.85	241.6
762.35	248.1
757.7	254.8
752.4	265.55
746.95	278.25
615.1	402.85
591.8	429.5
589.15	434.85
583.75	442.45
582.55	448.25
576.65	455.3
571.4	459.7
568.85	467.75
563.9	468.7
558.1	465.85
550.9	480.3
544	478.95
799	434
819.05	409.35
818.35	392.95
816.2	401
0	0
0	0
0	0
0	0
0	0
0	0
927.05	210.65
929.35	171.95
932.15	167.9
927.05	174.15
921.85	177.5
920.6	179.55
923.85	183.25
920.55	190
915.85	198.2
912.8	197.9
904.35	199.9
899.4	198.9
875.8	203.75
865.6	208.75
858.9	218.1
857.85	220.6
846.35	227.25
845.85	228.35
844.55	235.1
836.85	237.2
833.55	233.3
830.3	234.75
826.7	241.8
818.8	251.7
811.75	255.85
806.4	256.55
796.6	263.85
809.2	274.5
802	280.25
795.15	286.65
790.7	293.8
784.75	297.3
784.85	290.05
779.65	296.65
773.85	297.25
771.55	302.15
761.75	308.25
754.05	308.05
742.75	311.85
735.9	312.05
731.7	311.55
722.75	316.2
715.45	327.65
997.75	218.25
1007.5	214.2
1000.05	215.25
994.55	218.6
987.8	225.05
980.55	226.65
968.95	228.55
961	236.05
835	343.25
823.85	349.2
815.6	362.45
806	363.25
799.8	365.15
791.2	373.95
783.8	375.85
766.05	391.2
571.6	395.35
562.25	403.85
557.5	405.05
551.15	405.7
542.35	414.8
533.9	417.95
526.6	421.8
521	431.4
515.65	431.05
510.15	430.35
508.65	430.6
500.95	422.75
499.75	428.7
497.25	430.85
487.35	434.5
484.85	439.6
477.6	438.2
471.05	447.95
465.5	454.2
455.8	458.55
451.35	458.9
446.75	463.75
436.75	462.75
429.5	469.95
495.4	452.7
852.25	346.5
927.75	255.75
924.85	237.1
920.7	229.15
913.2	225.05
904.05	223
899.55	224.85
885.75	234.75
876.8	243.35
868.75	246.55
827.45	258.1
721.55	283.45
717	284.15
710.8	296.75
704.2	299.75
695.15	300.4
681.45	312.85
684.1	414.95
672.7	423.5
656.05	434.3
638	448.45
629.4	457.65
611.75	476.3
947.5	374.8
1101.55	258.3
1090.25	234.05
1079.05	220.7
1066.55	214.45
1053.4	212.2
1045.75	219.55
1032	232.5
1016.65	242.9
1001.4	254.05
989.45	261.8
973.3	270.35
956.95	276.3
940.85	285.25
931.2	296.95
917.15	307.3
875.05	315.75
748.9	335.9
735.85	339.9
716.25	352.5
708.8	362.5
694.6	370.15
685.65	372.2
674.35	383.5
661.1	390.35
644.8	394.35
631.5	403.25
621.15	405.95
605.05	417.05
595.15	420.7
814.8	381.4
948.5	301.3
934.4	296.15
925.15	297
913.6	302.55
904.05	307.8
887.65	313.85
869.1	318.15
852.1	319.4
841.25	320.95
829.65	328.55
814.2	340.8
798.05	349.2
791.5	345
721.15	327.35
582.2	282.85
577.85	287.1
575.75	290.6
574	290.6
567.6	295.1
559.95	299.8
557.65	302.8
649.75	320.2
646.9	321.05
635.75	324.3
632.5	327.4
631.3	324.2
621.35	328.45
618.55	331.8
610.2	337.9
743.65	361.95
774.75	360.2
760.9	371.6
746.65	377.1
723.9	387.65
703.7	399.2
686	410.45
664.3	414.2
646.55	422.45
629.3	428.45
611.05	433.55
594.75	442.95
581.15	447.9
781.7	386.5
989.85	230
986.6	212.65
968.3	214
951.25	220.8
943.2	219.75
930.9	220.1
912.65	225.65
898.45	232.4
882.95	236.85
869.05	247.15
850.1	256.75
838.85	260.45
821.05	270.9
808.6	280.1
793.4	288.05
775.45	297.15
761	302.6
752.55	312.9
1092.1	157.5
1101.25	134.3
1085.6	130.1
1072.15	125.75
1063.95	124.4
1040.7	132.8
1020.45	129.25
1011.6	130.7
1002.7	133.9
993.65	136.45
984.3	139.1
977.35	144.7
965.2	157.4
947.75	176.6
0	0
0	0
0	0
0	0
0	0
0	0
898.55	227.05
886.45	214.1
863.15	215.9
840.75	222.55
818.85	231.35
794.2	293.75
0	0
0	0
0	0
0	0
0	0
0	0
0	0
0	0
0	0
0	0
0	0
0	0
0	0
0	0
838.15	236.7
871.65	663.8
0	0
0	0
0	0
0	0
0	0
0	0
0	0
899	333.95
884.65	336.3
877.7	339.7
865.65	344.1
852.15	351.9
830.9	358.95
817.9	362
803.65	367.8
790.75	378.1
777.4	383.4
1028.2	246.6
1061.35	163.95
1037.7	184.75
1024	192.85
1019.85	239.65
0	0
0	0
0	0
0	0
0	0
1048.8	118.25
1031.35	106.4
1016.65	108.9
1004.75	108.25
999.45	107.55
990.65	110.85
978.2	116.25
965.6	128.35
955	139.75
941.7	154.25
928.45	161.05
914.25	168.1
900.95	174.1
885.45	181
868.4	193
850.1	207.1
833.8	222.6
815	257.4
0	0
0	0
0	0
0	0
0	0
0	0
0	0
867.2	252.35
863.45	227.3
854.7	218.9
852.05	215.6
843.1	216.9
830	222
820.65	224.25
814.4	228
808.95	233.35
1043.95	199.55
1038	186.3
1029.3	178.65
1022.65	178.3
1014.35	179.45
1006.1	183.5
998.55	180.75
990.4	178.45
976.95	179.45
991.95	177.8
1110.6	83.45
1096.25	90.25
1085.45	96.3
1074.95	101.45
1065.75	105.55
1055.1	110.45
1043.5	118.85
1028.7	126.7
1020.35	128.65
1005.95	134.5
991.5	138.7
979.05	142.5
972.5	143.7
956.9	149
947.15	154.15
935.45	163.45
922.8	173.75
913.7	184.6
899.75	199
881.4	207.85
867.35	213.9
849.05	221.05
832.3	230.8
820.95	238.1
800.35	246.5
785.65	254.15
765.85	259.85
753.9	265.4
739.35	277
718.5	289.7
697.4	303.6
681.35	312.35
660.9	322.25
645.45	330.65
630.25	336.75
615.1	356.5
0	0
0	0
0	0
0	0
0	0
0	0
0	0
1021.8	200.85
1004.95	183.95
984.45	186.65
965.1	184.9
951.2	188.85
939.85	193.85
927.55	203.5
909.65	210.25
891.75	214
877.75	223.45
861.95	232.05
846.45	242.9
831.15	253.85
815.35	271.35
799.15	285.2
776.5	297.15
760.55	306.75
743.2	316.3
729.15	330.4
714.45	331.8
698.2	342.15
682.95	351.15
669.45	359.45
659.9	367.35
772.95	370.05
1173.7	254.45
1155.2	230.45
1144.75	219.2
1138.75	218.75
1136.9	208.6
1130.85	205.6
1124.55	202.35
1114.8	199.2
1109.15	197.45
1103.2	198.05
1091.55	200.3
1075.3	207.95
1060.75	213.05
1043.2	219.8
1027.95	224.45
1008.15	228.95
987.05	234.05
970.05	244
950.8	257.8
933.8	266.1
914.8	273.35
893.1	287.2
880.3	292.9
1087.2	232.45
1154	198.05
1144.95	190.55
1133.6	190
1126.55	192.55
1117.05	194.95
1107.65	199.45
1100.35	197.4
1086.2	200.25
1077.3	204.15
1068.15	207.35
1053.9	219.55
1037.85	230
1027.75	233.45
1014.3	239.15
996.45	249.75
975.45	260.15
957.5	268.6
941.6	275.85
927.45	286.85
911.25	295
902.5	302.4
893.6	308.4
876.3	316.75
864.1	321.2
855.05	324.85
844.25	332.05
830.1	338.1
810.15	343.1
799.25	346.4
788.75	351.5
779.6	359.05
775.2	366.4
756.1	375.15
745.4	375.75
727.8	386.65
715.3	395.35
704.2	403.9
696.2	406.2
680.4	412.7
674.3	414.9
667.85	417.05
369.45	316.95
319.65	294
323.45	291.25
328.6	291.95
329.2	294
331.1	292.7
331.6	292.75
329.55	293.3
328.95	293.4
371.7	297.5
714.75	295.5
710.35	291.4
709.35	288.35
714.95	293.5
716.2	297.75
721.2	291.9
721.55	287.2
728.9	281.85
731.4	282.8
819.15	309.1
856.65	316.3
854.95	317.6
848.2	318.15
845.3	320.4
847.35	321.5
846.4	322.65
846.2	324.8
773.55	327.55
672.35	342.85
675.5	343.6
675.25	345.5
673.5	346.95
671.25	350.45
669.4	347.5
667	352.85
667.35	359.6
664.85	361.3
660.95	365.15
657.75	369.65
656.4	371.8
656.25	372.45
656.15	373.65
653.6	377.5
722.9	397.45
722.95	393.95
721.75	396
723.45	397.5
722	395.05
722.25	393.2
723	392.25
721.1	391.45
722.4	390.55
723.15	389.3
723	387.4
721.1	389.95
615.35	420.8
616.9	418.55
619.95	415.8
617.85	416.2
616.3	418.15
615.35	415.45
614.5	416.45
613.15	419
608.95	422.8
602.2	424.35
595.05	430.65
595.1	429.15
587.95	432.55
582.05	432.4
578.8	438.05
629.4	452.35
965.3	453.25
947.45	453.4
931.6	455.65
923.1	455.4
913.55	453.2
904.2	452.05
894.45	455.85
891.45	454.05
884.55	450.3
879.7	449.55
872.3	454.2
868.6	452.7
860.9	446.95
858.2	445.75
854.25	446.25
852.15	451.15
841.75	636.15
0	0
0	0
0	0
962.6	318.1
959.7	290.35
955.85	280.05
953.5	275.6
953.7	272.3
952.1	271
950.25	268.25
1044.9	452.4
1037.2	537.1
1037.15	535.1
1036.75	528.6
1036.7	528.45
1039	527.95
1037.55	527.6
1034.95	529.75
1036.3	525.15
1039.55	532.7
935.9	487.5
622.6	331.45
634.45	335
638.7	341.9
639.5	345.65
641.05	346.65
641.05	349.75
642.8	347.4
651.3	350.85
651.3	357.05
651.95	347.35
651.45	346.35
648.9	346
649.95	350.15
651.9	348.45
714.45	341.3
717.55	339.6
716	339
714.8	334.85
709.9	335.75
713.95	339.65
704.6	341.55
707.2	346.25
704.05	355.8
701.5	365.75
695.8	490.95
700.65	494.45
702.6	502.05
698.65	503.75
704	505.15
702.6	503.95
698.8	511.65
456.25	429.2
433.35	421.25
439.05	420.45
438.2	421.95
442.8	418
435.65	419.2
659.45	510.35
759.6	527
754.5	523.9
755.2	523.2
749.2	515.45
748.45	521.65
748.7	514.75
751.85	512.4
752.6	514.9
360.3	547.95
256.55	565.5
262.15	571.25
265.7	578.65
266.55	573.95
268.25	574.85
264.2	573.85
266.85	584.35
262.6	585.9
265.45	581.25
266.75	581.9
268.35	585.65
240.6	586.3
191.05	601.25
195.15	607.3
193.65	604.45
192.75	605.15
195.15	605.1
193.9	608.1
191.95	610.55
193.1	610.9
191.95	606.95
197.55	615.4
200.6	618.55
199.4	618.7
207.5	629
209.15	627.4
212.5	621.05
212.1	621.65
219.95	616.55
222.6	611
227.55	610.3
229.4	611.35
233.1	610.25
236.3	615.6
239.55	613.5
248.65	611.4
274.45	618.65
428.15	615.5
430.85	614.25
433.55	614.65
436.15	605.45
436.45	608.45
443.1	605.35
446.1	603.05
448.95	602.15
446.25	598.2
445.55	592.45
450.25	593.6
462.7	595.1
535.45	600.8
537.45	593.45
540.45	590.7
543.25	592
546.8	583.45
550.2	584.35
552.35	580.55
553.75	582.85
554.7	580.7
556.5	577.6
559	578.6
562	573.05
562.2	568.65
567.9	569.8
574.3	563.1
572.3	569.35
0	0
0	0
0	0
0	0
0	0
0	0
519.5	519.4
521.6	447.15
531.45	425.05
536.15	422.15
537.3	416.1
536.85	415.55
541.85	410.3
539.5	408.85
540.45	411.8
542.05	409.15
542.5	414.75
541.35	415.8
539.05	420.55
541.7	417.7
540	416.65
538.7	418.05
538.9	427
544.3	413.2
544.4	422.55
545.75	421.9
542.15	421.3
545.25	420.95
545.9	431.55
543.85	429.25
544.05	429.15
546.1	427.2
558.6	440.9
767.25	533.4
770.55	542.7
767.85	541
763.9	548.55
763.95	553.05
763.65	546.7
760.55	543.4
765.9	549.35
763.6	547.35
761	545.95
759.65	546.1
756.6	547.05
755.25	542.65
751.4	547.1
859.9	522.65
943.65	495.3
950.95	478.4
955.65	468.9
956.6	464.65
959.8	459.55
962.6	454.7
969.6	450.85
973.8	448.4
976.4	447.6
974.8	445.65
974.05	446.85
975.55	445
889.85	471.1
750.65	507.65
755.4	508
755	506.85
757.95	511.65
755.7	511.65
754.7	514.55
753.1	518.55
752.65	518.45
750.45	522.05
751.05	522.65
749	521.6
744.3	526.2
743.4	526.8
743.15	525.5
739	527.2
739.4	526.15
739.35	527.05
740.65	525.7
742.6	525.45
743.75	524.05
743.95	524.2
748.35	525.5
442.25	510.75
441.5	509.85
446.45	512.5
444.85	513.45
446.7	510.85
446.6	510.7
445.95	510.95
447.15	515.05
445.65	518.7
443.45	518.95
437.75	517.05
436.75	539.4
0	0
0	0
0	0
0	0
0	0
0	0
0	0
802.3	463.3
806.25	438.55
805.55	431.75
803.9	427
798.4	425.75
798.2	427.75
655.75	523.95
649.95	530.3
651.35	525.95
651.65	527.5
650.75	525.85
650.45	529.1
650.8	531.35
651.75	534.55
652.75	541.25
656.55	540.4
659.6	541.6
656.65	541.4
657.95	542.15
657.65	544.8
658.1	545.6
656.35	546.7
655.35	548.55
656.05	548.3
656.45	548.55
654.45	548.3
653.8	548.9
653.65	551.1
655.5	555.4
658.75	557.2
659.6	559.15
659.6	558.4
661.85	553.6
659.6	555.65
659.1	555.65
661.85	554.05
662.3	554.85
661.85	554.3
657.15	558.25
655.75	556.8
658.4	556.95
659.35	558.75
659.9	558.45
658.65	556.35
655.65	558.55
658.65	558.65
660.55	562.45
659.9	565.8
659.9	570.05
659.8	562.7
494.25	549.35
486.05	548.7
489.25	548.25
490.55	547.65
491.1	545.65
491.5	546.95
491.25	546.3
488.15	547.8
484.25	547.95
484.15	547.45
484.9	547.4
484.4	549.05
484.05	551.15
480.5	548.65
479.6	550.95
481	552.15
485.75	553.4
486.1	555.6
485.6	550.3
484.35	552
482.2	553.55
479.8	556.2
615.6	677.95
619.9	680
614.95	679.8
611.3	680.5
611.45	680.9
609.65	680.2
611.85	681.3
606.3	680.75
603.8	680.95
601.55	681
600.6	679.95
599.25	686.65
599.2	686.8
598.35	682.5
599.95	682.7
0	0
0	0
0	0
0	0
0	0
0	0
0	0
0	0
0	0
0	0
0	0
0	0
0	0
0	0
0	0
0	0
0	0
0	0
538.9	634.2
538.9	627.1
543.5	627.15
547.45	624
548.7	624.9
545.85	625.9
544.6	624.1
544.75	627.45
542.35	627.7
546.2	629.5
542.95	635.9
540.4	635.1
544.4	637.55
545	630.9
546.3	628.2
548.2	625.15
548.95	627.25
551.35	624.6
553.45	618.35
565.6	492.6
589.3	418.35
598.25	412.5
604.4	410.45
605.2	408.5
608	404.2
605.45	403.15
607.2	403
610.85	401.3
607.95	404.3
608.25	404.45
605.9	407.8
608.75	408.9
607.45	408.85
606.4	412.1
657.45	651.7
666.75	677.85
662.75	682.55
661.2	679.85
660.7	680.6
661.85	679.95
660.3	680.05
659.2	680.2
657.05	680.85
654.65	679.95
652.8	680.7
513.6	633.85
390.7	594.3
391.45	594.35
395.05	594.2
393.3	590.5
394.45	591.9
394	593.25
394.45	593.25
395.95	594.35
397	595.3
399.3	595.55
398.9	596
454.2	548.45
473.65	528.3
471.35	523.75
473.6	523.1
471.65	522.55
471.75	522.25
475.5	525.45
473.85	524.15
473	529.7
472.55	529.9
472.4	529.75
472.15	529.2
470.8	531.85
469.9	532
473.25	530.85
472.05	526.65
471.15	530.1
468.65	533.6
472	533.1
470.6	533.4
375.8	482.65
370.9	478.9
376.55	476.85
379.35	476.35
377.7	476.95
375.65	473.75
375.35	474.3
375.2	471.15
378.6	471.35
376.95	471.05
376.35	472.45
377.85	469.85
377.4	470.1
375.95	470.8
376.9	472.1
416.7	483.3
715.85	538.7
715.5	534.25
715.1	531.5
717.8	533.75
719.75	527.75
717.7	527.8
717.1	529.45
715	527.3
715.1	529.1
718.2	527.8
719.3	528
718.55	524.2
719.25	523.2
719.65	525
718.9	520.85
718.7	522.4
719.1	521.3
719.75	522.55
714.5	526.25
717.05	527.5
717.7	528.7
618.5	530.35
617.25	526.75
618.35	525.75
612.45	525.4
612.2	528.05
610.95	528.15
610.6	530.6
610.65	532.55
610.55	535.55
610.65	538.75
604	539.9
600.35	538.75
599.1	539.45
598.3	537.35
599.75	540.4
597.6	540.15
597.3	545.35
599.7	545.95
550.65	592
549.25	593.55
549.45	592.5
548.25	593
547.65	592.2
546.05	587.8
545.5	592.5
541.7	595
539.8	593.95
545.1	592.05
406.85	550.05
404	548.35
406.85	545.25
407.35	544.2
401.85	541
401.55	537.4
402.05	535
411.9	530.75
617.5	406.45
652.65	359
664.2	331.25
669.4	318.8
669.15	314.25
667.9	315.5
667.85	353.8
663.8	492.5
667.25	496.7
668.6	496.65
670.2	494.7
667.2	493.45
667.35	494.85
667.05	497.45
669.25	502.85
668.55	506.4
668.4	504.9
667.9	509.05
665.4	508.85
669.8	510
669.85	513.3
672.15	512.45
669.6	506.6
668.05	502.2
658.4	480.8
626	296.95
633	271.1
636.35	270.2
635.6	272.15
636.7	274.3
635.7	272.1
638.3	270.75
643.1	263.5
643.05	261.85
646.65	263.6
643.45	266.65
643.6	269.05
644.1	262.65
675.7	265
861.2	250.3
863.35	246.35
860.75	243.55
860.5	244.3
862.95	241.8
861.15	240.95
863.6	239.55
863.2	243
862.15	244.05
858.7	242.55
854.1	248.45
854.15	250.85
851.6	250.7
856.25	253.6
857.45	252.2
853.3	255.95
852.25	260.85
849.9	262.5
848.15	265.25
976.95	343.65
980.05	338.45
982.7	337.35
983.05	338.5
981.15	338.65
981.45	338.2
985.1	346.8
979.55	355.05
977.15	363.7
969.6	422.1
968	479.85
969.35	480.35
961	489.45
959.25	486.2
570.1	427.1
468.65	406.85
479.4	408
486.2	406.8
485.05	407.7
485.7	408.6
489.8	404.15
487.05	407.4
485.75	408.8
489.1	409
487.1	404.85
491.35	406.65
250.15	361.85
250.35	358.8
255.25	359.65
257.6	360.7
256.35	359.35
259.2	356.7
265	349.7
263.9	342.1
265.35	343.1
267.4	346.75
262.8	354.15
360.6	435.55
0	0
0	0
0	0
0	0
0	0
673.3	439.3
685.7	417.6
694.7	404.25
697.45	401.3
697.3	400.15
696.2	397.45
697.7	395.7
699.9	392.6
695.9	397.4
691.6	400
630.85	420.95
628.7	420.65
630.75	416.4
632.65	415
631.5	414.35
631.3	414.6
633.4	414.35
634.45	420.8
634.8	420.1
554.6	390.35
377.45	318
381.25	317.8
384.85	313.95
386.95	316.5
389.8	314.75
392.45	312
390.15	314.2
389.05	312.4
388.45	311.95
387.9	309.15
391.5	304.85
391.25	302.05
391.3	304.3
498.3	324.8
552.3	345.3
555.4	345.65
554.1	345.5
553.25	344.6
552.7	346.3
552.45	348.45
551.45	347.7
550.7	348.05
657.2	373.25
714.45	387.85
714.1	390.65
714.3	387.9
713.85	390.6
709.65	388.5
710.15	390.15
706.85	388.45
705.5	386.85
704.9	386.5
701.7	388.5
700.5	386.95
700.1	387.45
699.9	387.35
700.9	387.05
699	388.1
699.75	385.7
699.15	388.05
701.5	383.15
701.9	385.3
702.4	387.05
705.15	384.6
705.15	389.95
705.8	387.55
705.7	389.1
711.25	386.3
716.4	385.45
718	386.05
718.7	387.2
716.7	385.25
714.85	399.3
709.85	423.65
711.3	424.6
712.35	427.8
711.2	430.75
710.3	432.7
710	433
773.45	502.8
838.95	581.75
838.5	582.9
836.1	579.85
833.25	580.85
831.75	582.7
827	592.45
0	0
0	0
0	0
0	0
0	0
0	0
765.8	596.9
768.55	565.25
772.4	555.9
775.45	544.15
782.1	537.9
786.05	535
785.4	532.25
786.95	531.35
787.2	529.5
786.8	527.7
787.7	524.25
788.5	525.95
786.5	526.8
789.4	530.65
787.7	532.55
791	532.55
625.55	485.7
596.7	475.1
601.7	468.75
601.9	472.8
600.95	476.95
601.05	480.4
601.95	482.95
602.7	483.75
603.3	484.7
603.35	490.05
601.8	497.8
603.1	498.6
600.7	501.95
600.35	504.95
601.35	508.25
599.25	509.35
595.8	515.45
594.75	517.65
594.4	517.55
543.9	527.9
541.45	539.95
537.35	543.9
542.4	551.25
541	556.95
537.4	568.45
533.4	568.05
531.3	571.55
528.3	576.75
525.8	581.55
523.5	587.75
521.45	595.8
524.1	599.85
518.1	605.6
514.8	612.55
512.45	619.1
510.35	625.15
510.6	626.35
511.1	636.1
508.6	644.35
504.25	654.7
505.8	658.15
504.55	662.35
505.15	664.45
506.2	675.3
504.35	678
504.5	685.55
504.3	692.15
504.3	694.25
504.8	697.85
506.4	700.7
0	0
0	0
0	0
0	0
0	0
0	0
0	0
612.8	445.2
628.45	388.3
633.35	377.7
632.3	366
635.55	359.85
638.35	361.15
635.4	364.6
634.1	376.55
629.4	378.25
627.7	383
708.3	431.65
713.35	465.75
0	0
0	0
0	0
0	0
0	0
0	0
0	0
682.6	440.3
698.25	416.35
696.55	408.5
698.05	404.3
698.3	403.3
697.85	405.75
698.7	407.25
700.6	409.3
703.2	410.1
705.15	412.6
704.7	414.4
706.95	417.15
708.35	419.2
709.9	419.6
711.9	422.25
711.2	425.2
708.1	429.7
706	433.35
702.45	438.15
700	444.65
702.2	445.5
700.05	449
700.6	453.45
575.1	405.15
573.3	404.35
574.4	408.95
570.9	415.3
568.2	418.85
565.75	425.1
564.55	430.45
566.05	432.9
566.6	433.35
566.95	434.3
565.9	439.15
564.8	440.55
560.85	445.9
559.25	447.5
557.2	451.8
554.05	457.75
552.1	464.55
552.45	468.65
545.15	473.25
543	478.9
542.05	481.25
539.2	490
529.95	506.1
569.6	622
0	0
0	0
0	0
0	0
0	0
0	0
0	0
0	0
0	0
0	0
0	0
0	0
0	0
0	0
0	0
670.85	467.75
686.15	449.95
685.3	441.9
687.95	436.85
691.05	432
690.25	431.9
687.35	432.05
683.45	434
682.7	436.3
682.65	440.4
679.75	450
679.85	466.2
675	472.8
672.55	479.25
669.65	483.95
662.7	501.05
0	0
0	0
0	0
0	0
0	0
0	0
624.4	392.45
629.2	387.95
634.8	380.1
637.1	374.75
639.25	376.75
637.45	375.3
636.35	372.85
638.2	382
632.75	386.85
633.9	385.6
630.8	389.85
631.05	397.55
629.7	394.05
629.25	405.75
623.4	408.85
621.65	415.4
614.55	656.5
0	0
0	0
0	0
0	0
0	0
0	0
0	0
0	0
584.35	477.7
588.55	453.1
591.95	449.55
601.45	440.75
603.7	444.65
603.6	446.45
601.35	443.75
606.65	442.8
609.65	451.7
606.6	448.9
606.3	450.85
610.9	458.65
562.1	428.35
393.5	279
403.55	280.25
405.75	283.75
407.6	283.75
408.95	288.65
406.15	297.1
404	296.6
405.35	298.9
408.5	296.25
411.8	295.35
408.1	300.85
409.05	298.75
406.1	299.55
565.55	310.65
563.8	313.6
563.45	313.75
555.6	314.75
557.2	312.75
555.1	313.9
552.95	318.45
549.2	320
553.45	314.4
550.05	319.05
548.6	321.75
549.05	322.45
546.85	327.5
544.1	329.3
543.7	336.15
541	333.55
541.55	342.2
536.5	339.25
537.35	348.1
533.9	352.65
534.1	357.75
529.2	358.95
598.55	385.05
617.4	396.8
617.35	395.4
614.45	398.35
613.1	404.15
610.9	406.35
608.85	405.25
610.7	409.75
610.2	414.2
610.2	421.2
609.4	422.3
609.9	428.35
609.2	429.95
608.65	434.2
609.5	438
607.65	441.3
607.65	446.35
607.75	447.35
606.8	453.85
605.15	456.9
602.7	457
601	457.5
605.9	471.95
606.35	469.8
605.15	471.45
596.9	482.7
595.4	482.4
592.3	486.8
590.9	494.5
591.3	492.2
590.45	497.25
592.4	499.75
588.55	503.95
588.95	508.9
427.2	564.7
426.9	574.1
425.55	582.25
426	587.8
420.05	594.6
414.25	594.85
412.3	598.25
410.4	607
411.4	611.95
410.85	616.2
412.2	622.3
410.95	627.65
411	632.65
406.45	636.15
401.5	642.65
400.7	642.8
401.45	646.55
399.05	648.85
400.7	650.25
396.8	649.95
393.65	653.2
393.9	653.35
393.55	655.75
593.5	599.85
629.8	549.8
632.25	543.35
632.2	544.9
634.55	549.1
634.85	547.7
635.3	549.9
634.95	550.5
638	554.85
637.4	561.8
676.3	594.95
714.8	626.3
719	628.5
715.6	631.15
714.4	633.65
716.1	633.75
712.7	630.1
714.65	642
714.65	642.6
714.45	646.3
714.2	653.95
716.45	650.95
714.95	653
715.45	658.95
717.1	661.85
713.95	661.65
718.85	668.5
722.3	674.65
723.65	679.95
722.15	675.7
726.2	691.45
730.9	698.15
0	0
0	0
0	0
0	0
0	0
0	0
0	0
0	0
862.15	685.45
1052.05	529.05
1059.7	495.65
1061.95	489.85
1065.85	491.05
1064.45	492.95
1068.6	493.25
1075.95	489.1
1080.45	489.35
1079.9	491.6
1081.6	499.25
1083.1	504.6
1104.8	522.8
1104.65	524.85
1106.05	532.2
1107.95	544.25
1110.2	550.25
1115.15	555.7
1115.85	564.9
1116.85	567.5
1119.1	577.05
1126.6	586.8
1138	603.6
1136.7	610.85
1141.3	615.5
1150.55	613.55
1153.5	618.3
1157.6	632.85
1160	637.95
1159.45	648.15
1162.75	653.9
1168.1	653.8
1174.35	663.85
1177.35	675.45
1178.45	683.2
1186.3	692.95
1189.3	702.15
0	0
0	0
0	0
0	0
0	0
0	0
1008.2	667.7
945.3	629.2
949.5	625.9
953.4	628.3
957.15	631.45
958.95	628.8
959.3	631
962.15	631.2
968.95	640.35
728.95	524.4
695.95	501.15
705.4	506.7
710.1	504.65
709.4	504.3
709.35	503.1
708	503.05
707.8	508.4
710.25	508.65
711.2	510.65
802.2	524.45
802.45	528.85
804	521.95
803.95	525
804.1	519.4
806.35	522.1
803.75	526.1
810.6	530.35
813.6	536.15
813.5	544
821.65	541.55
821.5	549.65
819.25	554.2
767.05	617.9
766.75	624.25
774.75	625.2
775.9	629.55
778.5	629.8
776.95	634.15
780.3	639.2
783.15	646.05
789.95	647.3
778.4	633.9
672.65	438.6
685.9	414.95
691.4	409.6
691.15	410.4
692.35	413.25
694.8	409.45
698.35	410.1
698.45	411.25
698.45	409.75
699.4	412.45
697.3	415.15
700.35	419.8
700	422.3
698.45	426.15
699.25	429.45
692.55	430.45
696.1	435.25
699.25	437.8
702.7	441.55
702.85	444
545.95	458.35
544.35	454.05
546.25	456.6
548.2	460.95
544.25	462.95
544.4	467.45
543.35	472.4
543.75	473.05
544.2	476.15
563.45	320.75
580.5	263.15
585.85	250.4
591.5	243.45
594	245.6
593.65	242.1
590	246.55
584.55	251.45
583.5	250.5
584.65	248.5
586.2	249.6
585.3	247.85
586.05	249.85
659	293.5
660.6	299.3
658.8	297.85
658.9	301.4
657.6	304.85
658.3	304.85
658.9	308.6
661.45	317.6
659.15	323.45
656.85	327.2
654.9	332.05
652.3	339.35
0	0
0	0
0	0
0	0
0	0
0	0
0	0
602.8	417.1
612.5	395.35
617.9	386.7
619.2	386.05
619.9	383.7
621.65	382.65
622.95	384.25
623.85	387.45
622.5	394
622.65	400.5
625.7	403.3
628.6	401.95
628.6	404.25
731.75	428.25
735.4	433.4
737.35	431.95
739.3	433.35
742.3	432.6
743.3	439.15
740	443.55
742.45	441.75
744.7	442.3
749.25	444.75
578.2	289.25
578.8	278.55
580.45	284.3
586.3	283.7
583.25	276.4
581.8	277.6
581	278.1
582.05	280.35
581.3	281.8
583.2	279.65
582.3	282.05
582.85	284.75
582.2	287.9
578.7	291
580.1	290.85
579	292.65
577.65	292.85
575.6	292.55
623.05	306.55
771.7	314.8
773.2	311
772.25	312.65
772.7	311.45
773.1	311.95
776.55	315.45
777.35	314.8
777.45	317.8
779.05	320.05
778.95	324.05
778.15	325.2
777	325.25
928.4	363.8
964.45	375.55
968.1	365.95
966.85	368.4
968.35	369
967.5	374.05
968.95	373.3
972.85	374.75
975.75	379.2
976.1	382.7
977.55	384.55
976.35	388.1
977.15	390.35
980.15	398.65
983.5	402.3
981.6	408.05
985.3	412
985.35	414
985.45	418.85
989.4	422.7
992.65	422.85
993.25	424.85
997.25	426.2
997.25	427.05
996.85	430.55
997.15	437
999.95	438.15
1001.35	440.8
1003.6	441.85
1006.05	445.45
1005.7	445.6
1010.8	449.15
1013.85	451.5
1042.85	456.35
1042.5	463.65
1043.65	461.15
1047.1	463.85
1054	468.65
906.05	474.75
603.35	451.15
603.6	457.35
609.05	460.05
611.1	462.25
612.35	460.6
611.25	458.05
608.7	457.85
577.7	500.4
572.55	504.35
570.25	500.8
566.95	500.45
561.15	506.15
561	502.55
557.4	501.8
558.3	502.7
560.05	505.35
557.35	506.7
553.35	510.55
442.95	558.55
441.9	566.15
441	570.25
439.9	573.85
437.8	574.25
434.75	573
432.65	570.35
432.35	569.1
428.25	571.3
426.1	570.7
424.65	572.1
421.55	569.6
421.55	569.85
419.6	571.4
390.85	590.45
391.75	593.65
395.2	595.25
393.75	597.35
390.5	596.45
390	602.25
389.5	602.85
386.15	601.6
381.6	604.45
380.75	604.9
377.4	607.1
375.2	608.05
376.4	612.9
373.7	613.9
369.1	614.35
369.2	617.1
370.1	619.65
667.95	583.55
680.3	559.9
688.25	548.7
692.25	541.15
691.45	539.95
692.4	537.2
693.45	530.2
695.45	524.65
693.7	522.15
695.55	517.55
695.5	515.65
694.3	512.1
694.55	510.95
694.75	514.05
644.85	485.9
555.3	416.8
552.45	415.9
546.55	419.45
539.2	416.55
542.15	417.45
539.05	417.15
532.9	420.7
520.7	425.8
518.6	422.75
515.35	426
512.85	423.6
509	426.05
507.4	429.2
503.35	432.4
499.05	432.6
495.15	433.6
491.4	436.4
486.85	436.65
482.95	436.4
478.75	434.65
480	432.85
475.55	434.05
469.9	437.35
466.4	434.45
460.4	432.55
455.75	438.75
450.75	440.2
446.05	440.3
425.1	441.1
291.55	485.45
282.8	490.55
280.1	493.5
273.5	491.5
269.85	492.9
263.85	494.95
261.85	491.85
257.7	498.5
247.7	503.65
239.4	592.55
0	0
0	0
0	0
0	0
0	0
0	0
0	0
291	565.9
296.85	500.5
301.8	473.95
302.4	463.25
303.95	452.4
303.75	449.7
300.05	451.15
298.55	450.6
297.3	451.4
361.9	470.1
469.35	472.8
471.65	465.25
471.35	464.5
471.95	462.2
473.45	462.7
507.05	445.95
710.15	324
717.5	291.75
714.95	290.3
715.7	286.75
719.2	282.9
721.65	274.85
717.75	272.6
719.2	271
720.8	272.8
721.45	276
721.2	279
719.4	281.35
717.7	283.75
716.3	292.7
645.65	343.95
479.05	445.1
481.45	445.3
479.1	450.3
484.65	448.1
484.3	452.15
479.85	454.95
484.85	452.5
482.1	458.15
479.2	460.45
482.15	457.75
479.7	460
478.8	462.35
479.95	466.45
477.7	468.3
479.45	470.7
480.35	469.5
532.25	466.5
683.55	440.05
686.75	434.3
690.7	430.05
692.35	428.4
695.8	425.45
697.8	426.6
695.8	427
695.75	426.25
697.1	424.35
698.65	425.65
699.65	423.2
699.25	423.15
698.1	422
696.1	424.75
695.2	425
693.7	422.75
689.1	424.15
686.5	423.85
687.15	424
688.15	418.45
685.5	424.55
680	430.45
676.4	429.7
672	432.1
670.8	431.05
667.75	428.9
658.1	433.7
657.15	434.45
653.75	435.6
649.7	436.6
645.2	436
640.3	435
637.2	435
631.2	436.25
622.95	431.05
617.3	427
616.85	423.8
612.8	422.15
609.4	420.8
607.25	421.25
603	421.3
600.3	421.3
596.75	420.05
595.25	418.75
589.2	420.5
582.45	421
565.9	450.85
0	0
0	0
0	0
0	0
0	0
0	0
0	0
419.25	675.2
413.45	632.7
415.35	611.25
413.7	592.9
411.3	581.45
413.15	580.95
643.9	527.2
879.6	388.85
874.65	335.4
871.1	319.95
866.15	314.45
860.25	315.2
854.9	314.5
843.15	315.4
836.1	313.6
829.4	312.95
816.35	312.1
814.35	316.1
807.1	320.1
801.35	319.2
792.7	320.5
781.4	323.9
773.75	327.2
767.5	325.15
757.4	330.7
747.05	337.3
742.25	334.7
733.35	339
727	345.55
719	347.5
714.8	347.35
605.1	363.75
579.45	373.45
575.5	375.45
573.25	374.25
563.4	369.25
561.4	367.7
552.05	367.45
546.7	367.55
540.5	366.5
536.7	362.65
532.05	371.45
528.55	371.95
523.65	372.4
519.65	374.2
516.8	371.45
511.6	374.25
508.3	373.6
505.85	376.8
502.75	373.6
498.7	373.9
492.95	376.2
487.9	373.75
485.4	371.4
480.15	374.55
457.8	509.7
0	0
0	0
0	0
0	0
0	0
652.15	580.25
654.45	531.55
648.85	511.85
648.9	499.65
647.25	492.3
646	488.2
640.55	485.4
635.25	486.25
631.1	482.25
633.8	479.45
630.75	478.9
628.4	475.5
625.95	475.45
618.8	476.95
613.2	477.4
606.25	476.25
605.25	474.1
601.1	472.95
595.05	477.4
584.6	473.85
577.55	475.85
570.9	473.4
564.85	470.15
555.6	466.2
545.05	463.4
536.75	464.45
530.2	460.35
524.5	458.05
521.65	459.4
514.4	462.45
509.4	460.15
502.35	457.8
488	467.7
0	0
0	0
0	0
0	0
0	0
0	0
0	0
0	0
652.4	482.15
648.2	453.2
647.05	434.6
639.95	427.05
631.3	425.5
626.7	423
621.75	419.95
617.05	418.8
609.65	423.35
600.9	425.5
595	425.65
588.7	427.4
581.45	425.45
571.35	430.4
566.95	424.75
559.85	420.6
554.9	421.85
550	425
541.9	420.3
534.75	422.05
527.85	421
520.35	420
660.75	486.55
666.55	487.7
659.25	485
654.05	478.05
650.75	474.55
643.6	469.55
636.35	473.25
630.1	472.1
619.35	472.1
612.55	470.95
612.35	470.25
604.45	472.55
600.1	469.7
594.95	469.9
590.3	468.7
584	465.85
578.2	464.4
570.65	459.85
567.8	463.6
561.05	468.2
560.15	465.95
556.45	466.45
556.45	463.2
554.05	461.5
550.35	459.1
549.3	465.1
546.3	463.45
543.95	462.15
537.1	460.2
536.05	457.95
531.75	457.3
532.55	457.85
529.65	459.75
527.65	454.7
524.1	458
520.1	459.45
518.15	458.15
519.3	461.15
516.9	460.05
515.55	461.65
514.1	458.15
510.85	456.1
511.5	457.65
514.05	459
514.9	454.65
514.15	454.5
510.4	456.4
508.3	456.65
670.65	375
678.7	355.35
684.85	346.05
687.45	338.35
687.5	337.4
685.85	334.25
756.95	202.05
763.4	184.45
763.1	181.25
764.75	182.3
762.6	184.25
760.4	186.9
758.15	192.15
756.45	196.35
781.3	208.55
782.4	213.15
777.85	222.9
774.1	229.65
773.4	236.25
772.95	236.5
775.4	240.05
769.55	246.55
778.05	203.05
775.85	210.35
773.65	217.35
771.25	220.25
771.5	221.55
771.5	218.9
766.95	214.55
782.8	189.7
782.6	155.3
784.4	151.15
785.95	146
785.8	146
784.5	142.55
779.75	148.35
766.35	170.85
603.95	222.3
603.4	229.6
606.1	227.5
605.6	225.1
602.85	228.85
601.9	227.25
597.7	230.4
424	339.7
357.65	373.5
359.15	372.05
363.25	374.05
364.2	378.35
366.2	380.55
363.7	381.15
362.45	382.95
523.1	446.65
644.85	467
641.3	466.85
640.55	462.85
641.35	463
645.6	464.25
646.2	457.7
643.95	453.25
644.25	454
642.15	455.8
641.45	456.7
641.05	457.2
639.05	454.85
633	454.05
633	456.3
631.3	458.1
630.8	457.15
630.9	460.65
636.8	456.45
636.8	462.6
635.45	464.3
634.45	464.6
633.65	467.55
635.2	466.3
630.2	471.6
451.85	486.05
450.8	487.05
451.65	489.1
449.8	488.5
449.7	489.3
449.15	489.5
447.45	489.45
446.3	493.1
448.05	494
447.6	492.45
450.05	492.05
450.55	491.35
451.15	495.5
451.5	495.55
447.75	494.9
447.9	494.4
447.5	489.65
447.05	490.45
447.5	493.55
450.05	495.7
448	495.65
445.9	492.15
448.3	496.2
448.3	497.2
448.65	497.5
453.5	500.45
453.8	501.75
453.75	501.9
452.55	504.2
454.75	507.15
453.9	504.9
455.1	506.9
453.75	506.75
455.4	507.55
457.15	514.25
456.05	509.1
458.2	512.4
457.45	512.1
454.95	514.8
455.1	510.6
453.5	510.1
453.15	510.25
452.75	511
455.4	514.75
453.15	518.65
453.55	520.85
458.3	522.15
457.8	519.1
457.2	521.6
455.55	521.5
456.5	521.85
454.35	522.45
456.2	520.6
456.4	524.75
457.35	530.3
459.35	529.15
459.5	525.55
457.65	526.8
455.9	525
456.95	522.4
454.9	521.45
454.25	521.25
454.65	521.35
457.3	527
458.3	524.2
458.05	522
452.15	516.4
456.75	515.35
457.8	513.1
457.55	515.1
454	514.5
456.35	515.15
458.3	518.85
458.45	516.15
461.55	518.2
460.65	531.85
0	0
0	0
0	0
0	0
0	0
0	0
491.1	570.95
491.35	521.7
497.05	494.3
500	480.35
502.8	475.35
503.3	474.6
505.25	478
312.95	520.75
316.75	520.25
322.25	519.85
324.35	520.45
325.1	519.3
327.6	520.95
327.8	520.25
328.55	521.3
330	522.9
329.8	524.05
333.75	525.85
370.15	521.2
629.8	441.65
634.9	427
632.85	424.75
633.7	424.75
634.2	421.2
634.15	416.6
635.15	414.5
635	418.55
633.25	419.45
634.85	418.95
634.2	416.6
631.8	416.3
630.8	415.15
629.55	417.15
630.55	416.25
629.75	411.85
628.55	405.95
630.4	403.95
630.5	405.75
627.85	407.7
628.3	412.6
628.2	410.75
625.95	414.7
626.05	408.8
628.15	401.2
626.15	408.85
629.45	410.35
629.45	412.55
627.9	408.55
627.5	407.55
624.35	412.05
623.9	411.1
619.5	414.65
616.5	418.8
615.4	426.3
615	427.3
611.05	422.65
606.9	428.2
604.2	428.75
600.35	433.3
598	433.95
599.45	431
596.9	433.2
603.8	430.65
601.6	432.45
602.6	433.8
601.25	437.4
595.85	435.05
599.05	430.55
596.9	428.8
595.95	431.5
599.2	432
594.75	434.6
592.4	438.65
578.95	492.8
575.35	511.25
572.85	515.3
566	521.8
563.1	519.55
561.85	522.5
557.35	524.6
556.1	524.6
557.05	520.3
555.4	518.2
551.35	518.65
552.85	518.9
548.55	522.15
549.05	519.6
546	520.95
546	532.2
0	0
0	0
0	0
0	0
0	0
0	0
601.35	407.05
608.8	395.55
611.95	393.3
616.15	389.9
618.7	385.35
618	384.5
708.9	293.7
718.1	270.85
719	269.65
718.85	270.45
718.8	270.7
719.65	270.1
718.35	270.65
718.15	272.95
717.2	278
721.15	273.7
720.2	266.85
717.45	267
716.6	268.2
716.85	272
715.8	277.65
713.8	278.6
711.65	279.15
707	281.5
704.25	285.65
701.3	290.5
699	294.4
698.05	294.4
697	294.65
696.15	294.65
694.15	294
692.1	305.6
652	360.75
656.6	391.95
656.55	394.6
649.2	402.5
644.9	395.95
643.15	401.4
696.65	441.25
695.95	447.25
690.8	447.65
690.3	451.05
692.8	450.95
693.05	453.55
691.3	462.95
689.2	465.6
687.2	461.05
686.85	457.4
684.9	460.25
684.4	457.25
685.8	452.1
685.45	454.75
690.25	450.2
586.8	395.05
578.65	393.8
582.85	396.9
583.95	392.4
583.9	391.35
589.35	386.15
588.05	384.1
590.8	379.65
588.5	380.75
586.55	380.75
585.25	381.3
586.15	381.55
585.35	384.85
586.15	388.6
586.6	394.65
586.5	392.35
584.05	395.2
582.75	390.45
584.35	383.9
581.55	390.35
579.25	387.7
579.45	390.1
742.6	387
769.8	379.5
770.8	366.95
769.35	363.05
767.05	365.05
767.65	364.2
767.7	362.15
767.45	360.2
767	359.7
767.65	359.2
766.55	357.55
764	354.9
762.55	351.45
762.4	350.9
762.9	351.9
761.85	350.6
761.4	351.25
759.95	350
762.6	351.25
655.35	354.15
653.05	356.25
654.7	353.85
653.2	352.6
651.55	351.2
650.35	352.9
650	353.25
650.65	356.75
651.05	353.15
651.55	358
653.15	360.25
648.5	363
648.15	365.55
645.9	368.3
646.25	367.7
647.75	367.1
648.65	368.8
647.45	369.55
643.05	374.95
643.25	373.35
643.8	375.15
642.9	373.2
693.05	366.95
900.6	328.15
906.85	317.95
900.2	311.4
899.9	307.15
901.45	307.1
897.95	302.5
900.3	298.1
898.95	298.2
896.1	300.9
900.3	302.25
538.2	424.55
526.65	429.6
529.95	430.1
530.35	431.25
530.35	434.3
528.75	441.3
529.2	441.9
528.45	444.35
525.15	444.9
522.45	443.45
523.5	442.6
523.6	442.45
526.45	444
525.25	441.3
523.05	441.25
564.4	448.65
746.45	426.6
754.35	413.3
756.3	411.65
760.9	409.45
760.2	405.5
760.2	404.85
761.05	400.9
763.6	393.05
763.05	389.35
764.75	386.05
764.75	383.15
763.25	379.5
761.75	376.95
761.2	374.1
763.05	372.05
760.35	375.35
758.1	378.35
757.05	375.2
753.45	377.35
751.25	378.75
747.6	380.75
748.2	381.3
748.25	381.8
746.9	382.5
746.05	384.5
742.5	383.2
740.05	384.7
738.85	387.4
737.4	388.05
737.9	389.8
737.85	388.8
737.95	390.15
736.4	387.7
736.1	384.95
734.35	383.9
733.7	387.55
733.95	388.25
729.45	389
728.95	388.45
729.3	389.5
727.45	391.45
663.7	389.15
599.85	395.9
599.3	391.65
601.15	389.55
603.4	391.55
599.3	394.2
601.6	395.95
602.9	394
604.55	392.2
605.75	389.7
604	386.1
605.35	391.75
606.15	394.85
603	403.35
604	402.05
601.9	399.2
599.95	395.45
600.65	395.35
599.9	396.65
599.95	396.6
599.95	396.8
598.05	396.25
599.45	393.75
598.35	397.9
642.85	406.8
946.05	410.65
950.05	396.05
946	388.85
948.85	386.35
948.05	379.2
952.65	379.9
951.35	380.05
949.1	380.35
936.7	385.15
658.75	360.65
660.4	360.7
661.45	364.5
658.75	366.95
653.4	363.9
652.6	363.75
650.65	364.5
488.95	324.9
415.05	314.15
423.2	313.75
424.7	314.85
424	317.95
424.8	318.1
424.35	315.95
426.95	315.5
426.65	315.7
413.85	362
0	0
0	0
0	0
0	0
0	0
0	0
0	0
553.1	380.15
567.5	368.35
571.85	363
575.6	356.45
578.9	353.25
580.95	353.9
581.4	352
579.85	344.2
910.15	332.7
915.4	321.4
910.55	321.1
911.9	319.7
913.9	307.9
917.25	302.45
916.6	306.4
919.2	307.6
921.15	311.35
506.1	347.8
513.15	350.75
520.6	353.2
521.2	356.2
519.95	355.75
518.6	353.25
516.35	354.55
516.95	358.65
489.15	353.4
328.05	332.1
330.7	328.7
332.9	328.55
328.35	328.05
331.05	324.35
328.65	322.1
326	323.5
326.4	324.25
324.9	325.9
326.8	324.7
326.1	323.6
325.45	323.45
324	322.25
323.9	327.25
313.1	400.05
0	0
0	0
0	0
0	0
0	0
677.7	450.65
687.2	412.2
693.5	390.95
700.65	383.4
697.35	382.9
695.65	381.85
698	375.95
703.75	369.4
705.4	365.9
707.2	364.15
708.6	363.4
708.45	361.7
713.4	363.8
714.1	365.7
713.9	365.45
714.05	362.9
713.6	365.85
712.9	372.65
715.7	376.35
721.05	376.85
723.25	385.5
751.55	623.65
0	0
0	0
0	0
0	0
0	0
0	0
417.85	508.3
415.45	481.25
421.05	474.3
424.1	466
424.95	503.3
0	0
0	0
0	0
0	0
0	0
0	0
0	0
0	0
0	0
744.2	409.85
759.35	407.35
766.4	405.25
768.7	405.55
775.35	410.1
778.5	416.25
784.45	453.6
0	0
0	0
0	0
0	0
0	0
0	0
297.2	466.7
308.1	421.5
320.85	409.65
329.6	408.25
337.9	406.9
344.15	405.35
348.9	401.25
357.1	401.4
364.4	402.65
370.9	402.95
375.35	403.5
380.35	403.25
387.65	402.25
394.65	406.8
400.4	408.45
404.5	408.6
411.45	413.65
412.9	416.45
416.7	419.9
421.6	420.25
428.9	422.8
437.3	422.3
443.2	422.8
446.6	425.4
453.95	428.4
456.5	428.15
463.4	431.8
466.85	436.2
468.5	436.25
474.45	437.65
481.1	437.45
311.15	423.15
290.55	424.3
302.55	429.9
306.2	432.35
314.45	430.45
318.95	429.85
323.9	431.85
330.25	434.1
338.15	432.45
339.45	437.5
342.6	436.1
348.85	433.8
356.45	434.2
361.6	436.85
367.8	440.65
375.6	439.9
380.05	441.2
384.4	443.85
391.5	446.75
397.65	449.65
450.5	511.85
455.85	518.9
460.25	521.45
462.95	524.95
466.9	524.35
473.6	528.9
478.85	530.3
483.65	528.45
488.15	531.6
495.4	534.35
501.35	533.9
507	533
515.65	532.3
518.3	534.35
521.6	535.3
410.8	510
146.75	434.85
166.6	436.15
177	436.85
188.5	437.7
203.85	435.25
216.15	433.9
225.7	429.45
233.25	423.1
238.6	419.65
242.25	418.35
245.1	420.4
253.7	417.05
260.15	415.5
141.75	461.75
145.5	462.65
152.95	464
153.75	458.95
156.55	459.85
165.45	460.5
168.7	463.9
173.85	466.65
175.65	467.4
182.05	471.9
186.5	476.55
189.7	472
197.8	477.15
202.85	480.8
206.85	476.25
211.45	476.85
219.1	475.25
225.3	474.45
232.05	471.8
233	469.55
239.35	469.95
244.8	473.55
97.2	408.65
77.05	383.8
88.3	379.55
101.1	375.95
108.9	370.35
121.45	366.6
129.75	364.05
83.5	320.85
94.75	312.1
105.8	309
118.75	316.7
127.7	316.8
134.9	316.1
141.9	312.25
148.9	310
148.6	310.75
153.65	315.55
159.4	316.05
165.45	318.65
173.85	321.15
180.85	324.55
187.15	323.05
195.35	326.65
204.6	327.35
207.6	318.45
217.45	315.95
226.25	325.1
233.5	330.85
148.75	346.3
152.1	351.6
159.35	358.3
165.65	359.35
170.95	362.6
175.45	360.35
181.4	360.95
186.75	360.7
194.25	360.45
200.5	358.25
206.15	357.1
104.55	284.95
113.75	280.15
121.55	286.35
128.9	286.15
139.85	287.7
146.2	287.85
151.5	287.3
157.15	290.9
163.95	290.4
167.6	286.85
177.7	288.95
185.85	295.35
192.3	299.45
199.75	300.05
204.7	302
208.55	311.8
202.5	616.15
0	0
0	0
0	0
0	0
407.85	478.2
425.05	421.6
439.3	407.35
446.85	403.95
453.65	403.1
456.55	402.15
461.85	406.9
469.05	403.5
478.5	408.65
482.25	408.6
485.2	410.55
492.65	411.5
497.35	414.8
501.5	417.25
503.15	417.55
509.1	418.45
513.6	419.4
517.05	420.7
519.95	423.75
525.15	430.5
374.8	391.65
377.15	393.1
386.15	394.8
391.8	395.65
395.45	397.1
398.8	398.15
404.8	399.05
410.3	399.6
413.2	398.1
417.3	397.35
422.3	400.15
245.35	314
251.55	306.85
260	301.1
269.2	308.7
276.6	309.05
278.15	308.9
284.65	310.9
286.4	311.6
290.3	313.8
295.95	314.1
410.95	336.6
418.3	338.1
419.25	338.55
420.95	339.9
425.4	338.3
427.4	336.35
430.8	334.25
435.2	333.9
440.9	336.1
446	340.8
444.85	341.4
445.2	346.4
440.45	352.85
458.75	617.9
0	0
0	0
0	0
0	0
0	0
0	0
522.65	426.8
535.3	386.4
544.85	379.65
549	376
554.8	372.25
557.8	370
562.05	363.8
566.5	365.5
569.85	361.7
574.45	355.1
577.1	346.45
579.25	346.9
582.5	347.75
584.05	349.85
581.25	348.05
580.2	350.5
579.9	351.95
583.45	349.15
582.4	350.9
581.4	349.55
577.4	350.65
546	350.75
545.6	347.5
548.15	347.55
550.6	346.6
551.1	346.65
550.1	343.85
547.85	346.7
545.9	351.4
545.75	349.65
549.2	351.15
549.45	363.4
546.85	367.35
546.25	368.2
619.3	409.05
701.6	482.05
705.6	479.4
705.35	471.65
704.55	467.8
703.75	466
704	469.55
706.3	467.4
705.4	468.35
707	467.25
705	470.3
704.4	472.3
704.25	470.75
705.55	472
705.8	476.15
706.35	537.95
0	0
0	0
0	0
0	0
0	0
0	0
645.4	450.3
653.85	424.8
659.75	415.4
659.85	414
665.6	412.8
662.65	411.5
665	412.5
666.3	411.05
663.5	415.25
667.9	414.6
538.45	353.7
530.8	351.55
535.65	351.7
535.85	350.75
537	348.2
537.05	349.75
536	353.25
535.55	355.4
533.15	354.5
533.15	354.95
532.95	350.8
530.5	352.45
528.45	354.9
525.45	356.7
529.45	355.65
525.65	349.8
524.25	350.15
521.7	352.45
520	349.95
515.95	355.9
512.1	355.15
691.6	433.55
692.35	435.6
690.85	433.8
688.45	431.1
687.5	427.7
686.15	427.3
686.5	426.7
685.9	426.85
684	426.5
681.6	428.35
681.7	430.3
681.3	426.9
678.4	426.6
672.2	431.15
670.8	432.75
519.1	390.45
517.95	394.05
520.05	395.6
521.45	395.35
525.65	393.75
526.1	394.55
527.55	394.05
525.3	392.35
526	393.2
458.05	359.4
455.15	357.65
457.75	355.3
463.6	354.9
461.65	354.6
462.15	355.3
242.7	276.5
238.3	269.2
249	264.25
253.55	262.95
256.85	259.6
259.45	258.55
261.75	261.75
262.45	265.65
410.3	445.25
445.65	485.85
444.35	484.8
444.1	485.8
444.15	486.4
444.9	486.65
445	487.7
440.4	488.25
440.15	489.25
442.15	486.35
436.9	488.5
436.8	489.25
565	506.7
752.85	483.7
758.9	477.65
758	472.85
762.5	467.5
763.6	464.8
764.6	461.2
762.6	458.3
763.55	458.15
765.5	456.6
766	454.75
763.45	451.9
763.3	452.3
761.6	452.3
760.35	453.5
760.15	454.65
755.25	455.1
753.25	456.6
525.2	393.6
531.35	394.25
534.9	393.5
535.9	390.35
541.1	388.3
539.65	390.5
537.95	392
536.35	391.55
536.35	390.25
539.8	393.05
538.05	388.95
537.65	392.25
538.9	393.2
539.4	393.4
539.2	389.6
537.5	390.25
542.65	384.6
511.25	210.25
522.55	195.6
526	200.6
529.9	195.95
528.4	190.35
528.2	189.5
528.85	191.35
526.95	195.8
526.65	196.05
508.8	224.3
0	0
0	0
0	0
0	0
0	0
574	446
584.35	426.8
581.85	420.7
582.55	424.15
586.25	425.6
586.5	429.55
587.15	431.95
587.1	431.8
587.45	433.95
587.15	436.5
586.35	432.95
586.95	430.95
585.2	431.8
586.95	437.15
583.9	442.3
585.05	444.45
583.6	445.9
579.75	449.25
575.15	447.5
573.9	451
573.2	453
577.8	456.05
578.85	449.3
575.2	457.5
573.6	458.05
574.6	462.05
571.1	471.45
578.35	525.65
576.45	523.65
576.45	533.55
571.85	539.55
562.35	555.55
565	589.95
0	0
0	0
0	0
0	0
0	0
541.8	186.55
544.5	176.1
549.55	169.6
549.55	164.85
554.55	154.8
553.95	151.25
554.7	151.95
556.4	151.45
552.05	154.7
553.85	155.8
550	158.7
549.05	156.6
551.5	156.7
552.85	157
549.55	167.75
505.75	308.45
0	0
0	0
0	0
0	0
0	0
558.2	340.8
574.5	322.9
576.35	312.25
579.7	307.95
579.85	306.9
582.1	313.2
578.5	314
581.35	313
584.1	310.75
584.95	314.7
579.35	313.5
580.5	314.4
581.35	315.1
580.4	317.95
579.45	317.8
578.35	316.2
576.7	321
576.8	320.05
573.95	319.2
573.4	319.8
575.2	326.7
614.5	361.7
617.05	364.35
607.65	358
612.9	366.8
619.15	356.55
612.1	362.05
615.15	357.45
607.9	355.05
613.3	358.15
613.85	360.9
613.9	354.3
615.3	355.15
613.15	351.15
612.15	354.15
610.85	351.9
609.55	345.75
608.15	348.7
605	354.25
573.05	366
569.35	361
573.45	359.05
570.75	359.35
572.3	359.9
567.95	361.75
566.1	364.3
564.9	366.3
564.7	371.45
567.75	367.85
565.7	367.85
569.7	362.25
570.85	368.3
659.1	339.65
661.85	337.85
657.75	336.5
654.3	336.3
653.9	336.5
654.65	336.5
656.85	336.95
657.6	331.85
656.3	333.25
656.6	334.6
680.15	316.7
689.7	295.8
691.15	292.9
691.6	293.4
692.55	293.15
694.6	291
695.2	294.7
696.3	294.65
696.95	293.6
697.6	293.75
698.3	292.35
700.2	294.4
701	291.85
703.45	289.9
702.7	289.7
704.7	289.1
704.95	292.4
706.05	293.45
540.65	200.5
533.85	187.5
530.95	191.3
534.85	189.85
540.05	185.9
539.1	187.05
539.15	188.4
539.75	189.75
542.05	192.65
539.5	196.1
541.5	195.4
539.2	194.7
540.65	192.8
525.6	196.75
306.05	160.3
305.05	160.85
308.5	161.3
309.55	161.45
310.4	162.65
309.9	161.2
310.7	161.3
311.85	161.6
314.2	160
317.2	161.3
317.05	160.35
315.25	160.35
316.8	162.2
314.25	165.6
299.1	254.85
0	0
0	0
0	0
0	0
0	0
710.6	428.3
712.8	388.8
722.7	380.05
720.85	377.95
722.75	379.2
723.8	377.6
723.9	376.4
723.65	379.45
725.2	382.45
700.1	309.35
701.95	304.6
705.05	302.85
705.95	305.75
705.55	306
705.6	303.6
704.5	303.25
704.9	301.85
705.35	303.8
707.55	300.45
706.3	303.15
705.6	306.5
704.85	308.15
705.75	307.5
705.2	309.95
701.95	315.45
701.65	314.75
702.4	317.15
705.1	314.9
705.45	319.55
698.45	364.95
0	0
0	0
0	0
0	0
0	0
0	0
670.4	469.4
680.8	393.9
684.85	361.85
686.45	345.1
687.7	334.9
689.35	330.85
693.6	328
692.95	330.3
693.7	331.9
695	328.95
697.5	323.75
697.8	321.85
699.3	323.95
698.5	323.25
701.85	323.5
702.9	320.05
701.1	320.6
704.3	320.3
706.35	324.95
707.05	326.75
705.45	327.9
705.9	328.65
706.25	329.9
702.15	343.05
0	0
0	0
0	0
0	0
0	0
0	0
685.6	315.85
697.75	277.65
706.85	268.9
709.05	261.3
710.25	251.2
710.1	245.9
710.75	245.35
710.85	244.8
707.5	243.1
707.15	245.65
707.35	242.5
709.45	245.8
708.25	248.45
707.5	248.25
731.7	253.35
734.15	254.9
733.15	254.7
728.35	252.8
729.5	257.6
728.2	261.3
604.25	409.15
540.5	446.9
542.45	446.95
543.05	449.95
540.1	451.45
541.65	453.7
540.5	451.85
541.4	451.55
538.3	450.15
539.3	455.3
537.35	457.6
534.3	459.85
533.45	455.05
779.45	496.3
775.4	494.2
774.35	492.8
774.05	488.45
776	483.75
776.85	481.7
776.65	479.85
778.95	480.4
778.6	478.15
778.35	477.45
777.5	474.4
777.95	477.1
780.15	477.15
777.25	476.9
775.4	475.95
772.9	475.9
768.85	476.45
763.5	481.15
0	0
0	0
0	0
0	0
0	0
0	0
0	0
788.65	501.3
784.35	450.15
792.35	437.25
796.45	440.3
800.25	437.6
800.55	434.4
797.8	434.7
796.25	434.9
796.9	432.8
797.2	430.25
799.9	430.9
798.6	430.85
798.85	431.75
802.3	434.25
803.55	435.05
804.9	436.4
805.35	433.4
808.25	433.95
808	438.55
810.25	439.05
809.1	440.75
810.05	441.6
812.85	438.05
811.45	440.1
811.45	440.6
811.25	443.15
677.9	394.6
671.6	392.6
667.6	395.35
668.3	393.1
667.45	392.75
667.35	395.15
661.3	401.9
672.65	565.2
0	0
0	0
0	0
0	0
0	0
0	0
631.6	392.9
633.7	365.75
635.85	356.25
640.75	351.95
644.7	350.65
642.45	345.9
642.7	350.9
639.85	354.45
641.05	353.35
643.2	354.7
642.7	356.45
641.8	351.5
780	414.85
781.75	415.15
780.15	418.7
781.75	418.8
777.6	421.1
776.65	422.15
775.6	420.85
777.75	415.1
776.15	415.7
778.75	420.4
778.1	420.15
775	423.2
775.95	422.6
775.25	421.85
773.9	420.9
775	417.4
774.05	416.85
773.2	413.7
769.95	419.35
711.45	419.9
692.85	433.25
689.3	428.5
685.65	428.2
688.35	428.85
691.1	428.6
692.05	422.8
694.25	414
697.45	416.8
696.8	411.35
696.5	406.5
696.6	407.35
697	406.15
697.25	406.15
698.45	405.85
699.75	407.25
701.05	403.7
700.4	403.25
698.95	403.7
696.1	401.75
697.05	403.75
699.35	407.5
699.35	403.65
699.3	404.2
467.35	370.65
462.15	369
464.2	371.1
467.3	372.6
467.1	373.95
472.95	367.3
476.1	368.6
475.05	368.75
475.15	371.15
339.4	416.6
341.2	414.3
343.05	416
342.55	415.4
341.45	415.15
342.15	415.05
344.4	412.55
348.8	409
349.45	406.5
456.9	319.2
474.65	283.8
477	282.2
475.95	284.1
607.1	312.75
671.65	325.2
671.65	325.1
671.5	323.6
673.3	322.95
674.65	325.4
676.3	325.4
679.35	320.9
678.9	323.4
673.35	327.7
673.3	329.45
674.1	331.95
674.05	337.35
675.55	335.2
676.45	336.75
674.8	340.5
671.5	346.4
671.55	347.4
669.6	350.85
669.7	351.45
668.85	353.35
670.15	353.9
672.15	355.95
672.45	355.15
672.65	358.1
671.7	360.8
670.15	360.7
671	360.55
676.95	357.4
676.45	359.55
680.25	359
678	358.45
681.8	352.3
680.75	350.1
678.85	352.55
684.25	343.4
688.35	339.7
685.45	335.7
685.1	331.2
689.8	326.7
691.6	324
696.55	323.15
697.7	319.85
697.85	316.35
701.65	313.9
704.05	312.2
702.55	311.55
705.35	310.05
701.05	310.8
704.6	310.75
705.1	312.9
709.6	313.15
710.2	307.95
709.8	307.5
710.45	308.45
708.75	309.25
706.75	307.65
707.8	307.7
705.6	306.8
705.3	308.9
705.05	307.7
702.6	307.8
701.65	305.55
701.9	305.35
702.7	304.95
704.85	305.55
705.05	306.3
703.7	305.25
703.15	305.35
701.45	303.95
699.75	302.6
700.1	300.2
701.2	302.05
700.6	303.4
700.25	303.3
699.4	303.6
698.75	302.75
699.3	305.3
697.5	311.8
696.2	349.3
0	0
0	0
0	0
0	0
0	0
0	0
0	0
0	0
664.95	435.9
666.15	388.1
676.5	368.25
684.25	362.65
