688	352.6
686.9	352.65
688.45	357.5
688.7	356.55
684.4	355.85
683.65	353.5
681.8	351.95
685.7	354.3
682.55	353
685.35	351.6
688.65	347.85
620.8	319.85
613.7	309.05
615.8	307.1
619.9	305.85
619.3	304.4
621.2	304.45
621.3	302.6
623	302.25
624.5	302
623.75	301.55
621.75	303.2
624.3	305.65
624.1	307.7
626.55	313.9
628.45	321.45
0	0
0	0
0	0
0	0
0	0
0	0
0	0
0	0
695.2	357.55
696.3	359.75
697.25	364.3
828.45	394.5
847.2	407.3
841.5	399.85
840.6	395.15
838.35	398.25
843.5	395.35
846.1	399.95
848.7	401.3
868.7	409.3
958.3	449.15
963.35	451.4
962.95	449.7
964.15	449.25
965.5	452.85
969	457
973	455.7
972.4	449.35
976.25	435.3
977.05	437.6
942.7	431.55
628.45	301.05
626.4	303.05
633.65	304.55
643.4	307.3
635.5	310
638.2	306.9
644.45	306.65
644.45	306.7
643.3	307.05
644.3	305.35
638.45	306.55
618.25	328.2
615.2	325.75
621.8	337.5
624.05	334.35
618.2	321.85
619	312.05
621.05	312.1
620.1	320.4
0	0
0	0
0	0
0	0
0	0
0	0
0	0
630.85	315.05
642.95	302.6
649.65	334.8
648.1	333.2
644.85	342.85
643.85	338.2
0	0
0	0
812	368.9
812.7	379.95
812.55	392.05
814.2	396.1
812.3	394.3
812.25	391.2
810.95	391.4
817.6	400.4
818.3	402.4
815.5	398.8
816.75	394.9
810.3	403.85
809.5	409.4
817.2	407.75
814.85	393.15
817.6	398.8
819.5	387.25
823.55	393.45
818.1	369.55
705.2	339.7
688.9	307.3
693.85	289.95
693.4	292.05
700.1	309.35
697	296.8
694.15	304.9
693	296
691.25	300.7
689.15	281.55
691.85	293.55
635.6	286.5
624.85	293.55
633.4	314.55
640.25	307.2
638	307.6
636.95	318.9
644.35	321.15
647.65	314.15
646.2	313.15
641.9	305.45
638.8	298.3
639.6	294.6
646.55	307.65
642.4	296.75
637.55	256
634.3	235.25
653.05	304.2
654.3	314.75
0	0
0	0
0	0
0	0
0	0
0	0
0	0
0	0
0	0
0	0
633.25	269.7
632.3	261.15
632.8	326.8
622.1	339.15
626.2	350.15
626.15	340.95
623.55	352.2
624.85	343.75
622.25	339.5
620.25	350.5
615.9	352.4
615	366
609.75	357.4
573.9	233.55
630.7	244.45
641.3	258.05
640.45	272.6
646.4	275.7
649.5	293.5
658.3	315.55
0	0
641.35	263.8
639.65	267.8
642.7	264.25
644.85	277.1
655.15	303.2
656.5	303.8
0	0
643.1	227.55
685.6	245.7
735.55	301.15
744.15	316.7
752.8	328.85
721.15	260.15
720.75	258.2
0	0
730.85	257.25
0	0
0	0
540.6	217.3
0	0
0	0
0	0
544.55	197.2
547.25	192.85
544.65	182.45
0	0
553.9	216.65
542.85	176.75
0	0
0	0
552.2	231.2
538	183.05
552.15	231.05
536.75	172.9
553.5	228.05
546.45	187.65
539	179.2
537.1	172.1
0	0
545.85	229.55
541.6	215.65
0	0
0	0
0	0
0	0
0	0
0	0
0	0
787.7	236.25
790.35	267.85
798.3	290.35
803.5	292.1
798	269.4
794.25	262.35
782.55	227.7
780.75	222.65
403.05	161.95
376.2	133.35
387.6	121.2
390.35	116.05
0	0
0	0
407.05	167.65
406.55	161.3
406.05	159.3
578	118.4
887.65	49.5
866.45	67.3
908.4	153.45
897.25	139.8
900.75	140.25
884.35	7.30000000000001
0	0
0	0
0	0
0	0
0	0
0	0
0	0
0	0
0	0
0	0
0	0
0	0
0	0
0	0
0	0
0	0
0	0
0	0
434	11.3
443.5	16.35
456.75	24.15
458.05	21.35
454.8	27.45
468.75	34.65
810.4	39.5
823.8	30.2
816.75	62.15
813	63.5
816.45	67.05
825.05	115.1
827.4	126.9
835.4	143.95
829.9	148.05
829.7	167.1
861.55	199.35
854.3	177.25
852.15	166.85
854.55	163.65
743.25	153.3
613.55	145.6
616.05	152.1
623.75	158.15
624.6	163
616.05	163.35
620.15	166.35
624.25	178.55
629.15	193.5
623.4	194.8
633.8	191.15
626	192.65
629.35	188.6
623.5	188.4
688.8	179.85
760.75	161.15
757.3	146.6
749.35	129.4
741.75	122.1
785.75	227.45
780.95	222.25
773.9	221
769.9	206.1
0	0
0	0
0	0
0	0
0	0
0	0
823	144.05
820.05	146.4
825.15	146.7
855	229.55
853.85	235.55
815.85	156.75
817	151.7
824.25	185.7
832.9	210.3
837.15	242
813.25	163.65
456.25	222.5
441.1	143.35
457.85	180.1
467.6	205.45
470.6	234.85
452.25	129
459.25	168.25
462.3	190.1
462.5	207.1
464.7	207.45
470.25	218.1
375.2	226.95
340	218.55
366.35	321.1
360.6	285.8
354.95	239.2
353.1	199.8
374.3	300.3
370.4	280.45
361.35	261.8
362.85	240.85
363.75	237.95
361.5	199.85
358.7	200.95
356.9	165.45
406.6	111.1
411.95	81.1
411.1	78
439.95	208.1
430.15	191.5
426.85	191.15
425.5	189.45
426.1	190.8
429.55	197.9
429.5	197.55
426.9	184.35
419.45	172.2
430.8	166.05
419.8	147.35
421.8	123.05
443.3	222.75
432.2	215.6
423.2	194.45
880.5	243.6
953.1	269.8
948.45	263.25
938.8	264.85
934.6	263
929.8	260.45
936.5	251.9
928.2	253.55
935.3	250.1
936.75	250.15
885.45	512.75
0	0
0	0
0	0
0	0
0	0
0	0
0	0
820.6	230.45
825.85	257.35
792.6	184.8
801.4	215.85
805.35	238.25
806.75	260
808.25	260.55
785.85	195.8
788	230.55
793.7	253.4
788.1	266.75
788.85	264
554.45	351.75
550.65	324.5
589.3	435.75
577.45	419.05
572.5	396.55
573.45	366
558.85	328.6
585.65	415.75
581.45	403.8
570.8	378.7
573.85	368.55
577	360.15
574.95	335.45
570.25	321.65
565.55	314.8
565.85	310.5
566.2	305.4
566.2	267.25
567.15	241.15
564.35	187.7
564.45	154.6
562.55	141.6
567.95	138.65
564.8	128.55
564.55	151.95
555.45	103
592.25	253.2
584.55	226.55
583.15	220.7
580.75	221.55
580.1	214.3
580.4	222.3
560.9	84.05
0	0
565.7	3.85000000000002
559.65	2.69999999999999
0	0
0	0
0	0
597.8	78.9
596.7	89.65
603.6	101.25
627.1	82.6
626.4	93.8
627.2	103.2
629.75	121
628.7	139.4
625.25	143.3
619.1	150.1
704.55	168.3
787.95	200.35
780.55	216.55
782.85	229.45
784.65	242.05
784.05	245.75
788.2	259.05
792.65	277.55
796.65	279.8
810.1	287.45
816.6	304.85
815.95	303.75
796.65	235.25
799.5	251.3
803.6	261.95
806.1	267.5
809.15	270.2
811.05	273.4
809.6	268.8
811.65	268.75
802.8	265.2
811.4	267.95
672.75	279.85
446.5	284.85
471.55	308.05
475.95	305
475.7	307.65
473.5	299.2
470.05	288.05
474.1	289.35
472.2	284.95
468.6	284.15
473.4	283.7
437.45	161.15
462.9	271.55
464.1	259.95
460.05	268.7
459.4	258.1
463.4	264.7
428.95	130.45
434.95	131.45
438.3	127.75
447.35	159.05
446.45	150.55
0	0
0	0
0	0
0	0
0	0
751.8	77.6
744.25	63.3
760.75	90.75
763.25	87.15
755.4	83.45
759.6	83.1
754.35	82.5
756	65.25
757.25	66.65
0	0
0	0
0	0
0	0
0	0
0	0
0	0
0	0
0	0
0	0
0	0
0	0
0	0
0	0
0	0
0	0
0	0
0	0
0	0
0	0
0	0
0	0
0	0
0	0
0	0
0	0
0	0
0	0
0	0
0	0
0	0
0	0
0	0
0	0
0	0
0	0
0	0
0	0
0	0
0	0
0	0
0	0
0	0
0	0
0	0
0	0
0	0
0	0
0	0
0	0
0	0
0	0
0	0
0	0
0	0
0	0
0	0
0	0
0	0
0	0
0	0
0	0
0	0
0	0
0	0
0	0
0	0
0	0
511.85	27.2
514.35	28.95
511.6	19.95
518.45	27.75
519.05	30.9
514.25	17.1
0	0
0	0
0	0
513.65	43.9
507.5	30.65
502.1	22.95
537.55	149.5
540	167.65
539.9	168.95
542.15	178.6
550.1	202.65
616.95	180.65
578.7	56
581	64.45
582	68.3
589.65	81.8
0	0
0	0
0	0
573.45	52.35
567.95	32.7
562.25	27.8
562.65	27.3
555.45	5.35000000000002
553.3	12.1
481.5	10.45
479.95	10.05
482.9	8.35000000000002
483.65	9.80000000000001
484.85	11.2
482.85	6.04999999999995
486.75	9.75
490.95	14.3
489.65	18.15
494.45	18.6
493.8	17.3
495.45	17.75
496.35	18.4
495.55	24.7
494.8	28.15
495.55	34.5
491.4	36.85
487.55	42.35
488.55	39.65
496.5	45.1
520.3	55.75
518.85	53.85
519.5	52.95
521.8	54.6
521.95	54.4
517.65	54.9
523.95	57.7
525.6	56.85
520.5	57.75
517.35	61
517.2	56.5
521.45	55.55
518.1	56.25
521.95	50.1
522.05	55.9
520.65	51.6
521.7	46.85
519.45	51
522.5	53.5
524	64
525.9	71.65
525.6	78.7
526	88.35
508.9	87.65
506.25	71.9
505.65	75.6
508.1	73.1
505.45	79.5
504.1	79.8
504.6	80.15
502.3	83.95
504.4	82.7
500.45	82.75
502.55	85.5
499.65	85
692.2	109.9
723.35	125.95
721.45	131.65
724.4	154
718.85	157.4
721.7	173.5
730.8	209.75
744.1	243.35
750.6	280.05
718.7	180.35
735.1	217.15
748.35	260.75
766.55	312.95
779.85	341.6
740.65	234.85
749.1	253.9
750.2	270.35
749.85	270
772.55	272.85
773.2	281.7
777.5	275.15
776.15	267.5
776.85	261.85
767.7	230.85
806.7	362.2
813.5	366.7
807	360.95
805.95	349.1
797.7	336.95
793.7	329.95
789.2	320.5
782.85	306.6
783.65	297.45
781.25	285.2
775.25	264
768.5	264.25
761.25	244.1
761.25	236.55
751.5	208.75
798.25	345
799.25	349.65
795.8	357.35
796.65	358
832.65	314.6
827.1	306.8
823.75	290.9
818.85	289.55
819.6	275.85
813.8	267.5
811.25	259
732	233.35
714.7	198.65
716.2	188.7
701.3	169.8
708.65	163.95
706.6	150.7
699.1	149.75
697.05	153.35
698.2	157.8
705.9	106.85
724.35	155.9
719.8	182.4
753.45	277.1
756.4	304.6
754.6	298.55
759.65	295.25
760.45	292.3
761.85	289.75
765.15	284.85
766.1	282.45
766.7	277.7
768.5	267.35
766.8	267.1
761.15	268.55
768.9	259.25
766.5	253.75
769.35	251.4
842.25	245.05
841.85	248.55
841.15	252
842.75	252.15
843	252.25
841.7	257.15
837.7	258.7
835.25	263.55
833.65	263.25
831.25	265.85
832.95	266.55
833.3	266.2
834.85	264.65
837.3	268.1
838.3	267.1
840.05	267.85
837.9	269.2
839.8	271.85
840.2	273.05
839.1	277.65
840.9	283.25
838.4	279.9
836.2	277.15
837.75	281.55
877.2	255.6
876.65	257.3
874.85	257.55
876.35	257.9
876.4	259.75
876.6	263.25
878.4	262.35
879.65	261.3
876.5	262.9
866.65	250.05
867.5	247.8
871.45	253.1
869.05	245.6
862.1	243.85
866.3	254.75
868.05	249.05
867	246.55
863.5	243.15
830.6	252.2
829.2	251.3
825.6	247.45
825.8	243.35
830.4	239.1
826.35	238.95
824.8	236.55
825.4	236.9
826.55	242.1
828.35	248.1
828.8	253.7
827.35	256.3
826.1	264.35
826.4	268.3
762.85	582.95
0	0
0	0
0	0
0	0
0	0
0	0
845.45	307.6
841.85	321.65
847.6	319.6
844.75	315.05
841.75	314.9
845.25	303.7
478.15	316.75
472.55	316
474.65	296.1
485.85	313.55
489.1	306.25
485.05	299.9
488.05	311.85
489.95	314.85
484.5	310.9
485.75	309.2
486.15	313.8
485.7	312.35
476.8	304.85
479.2	305.1
473.8	299.9
503.5	242.2
499.2	237.95
500	240.3
498.4	223.3
492.75	226.3
497.3	226.1
494.55	210.35
497.1	207.1
501.6	216.5
499.3	212.65
499.45	205.55
502.65	213.2
504.1	208.85
503	210.25
502.7	213.2
504.15	207.45
503.95	208.8
504.05	206.1
503.6	206.1
504.65	203.3
505.85	200.7
784.25	144.2
860.9	117.55
855	121.1
852.25	129.4
849.3	119.25
844.4	113.1
848.4	133.7
842.4	118.15
845.6	125.95
851.4	142.35
840.75	115.85
842.2	119.9
846.55	127.9
837.2	110.15
836.2	109.5
748.4	113.3
434.65	203.8
442.75	200.85
452.45	204.8
458.05	204.05
459.75	216.3
464.3	223.9
466.75	229.4
464	237
465.2	240.85
465.4	242.2
0	0
0	0
0	0
0	0
0	0
0	0
0	0
468.95	226.8
462.5	217.05
462.4	208.85
469.45	204.35
464.2	200.25
464.3	187.35
463.1	188.2
457	173.55
529.6	162.75
843.35	56.25
841.05	70.25
834.15	80.75
832.55	86.85
832.75	94.65
844.3	99.25
839.85	108.8
841.8	115.4
843.6	117.25
841	120.8
842.5	118.05
843.85	120.45
844.85	119.2
841.7	118.6
847	115.3
841.7	114.15
846.05	106.65
844.7	102.15
841.95	97.3
840	94.9
840.2	90.5
838.45	89.65
788.95	99.3
790.5	108.7
784.75	105.95
783.05	93.65
789.15	107.1
785.45	87.2
788.55	96.6
0	0
0	0
0	0
0	0
0	0
0	0
575.15	148.05
580.8	100.5
591.15	158.05
587.35	168.85
590.1	167.55
588.9	167.55
585.75	162.05
386	163.85
390.35	168.25
395.8	166.95
398.3	168.15
402.25	168.8
406.75	171.9
406.1	175.25
407	178.15
404.5	189.35
405.05	194.4
406.3	202.2
403.85	196.3
402.35	203.2
475.85	203.05
668.45	150.8
667.35	165.6
662.25	172.8
657.3	162.2
654.45	169.6
655.4	176.35
649.8	163.55
650.2	175
648.85	179.85
646.85	173.45
643.95	174.25
644.25	167.9
644.2	159.85
645.25	165.1
641.75	156
640.25	152.4
642.8	159.65
640	147.8
639.45	137.6
637.8	143.8
638.8	134.95
635.9	128.4
636.3	129.55
635.4	128.3
629.95	118.6
631.15	121.1
629.55	122.75
628.95	110.95
626	113.25
629.25	118.5
842.7	72.15
849.15	71.1
849.4	73.1
843.45	73.4
847.8	87.45
841.9	83.8
838.1	84.75
846.55	105.15
839.45	97.7
826.45	82.8
828.9	86.75
822.25	83.75
824.5	82.75
0	0
0	0
0	0
0	0
0	0
0	0
0	0
0	0
636.25	4.25
661.05	82.25
0	0
0	0
0	0
0	0
0	0
0	0
659.15	94.6
661.35	153.1
655.35	160.15
656.2	163
653.7	165.95
651.1	168.8
643.05	170.4
640.35	173.95
641.35	177.7
639.75	175.5
636.1	170.65
636.85	172.2
637.9	170.75
636.4	170.6
632	179.9
632.65	177.5
630.95	178.65
323.3	219.6
238.95	233.6
251.1	226.05
248.15	234.6
254.5	235.55
252.3	232.25
250.8	234.55
245.8	236.7
336.6	217.5
671.85	115.25
656.7	109.65
646.05	107.15
639.95	102.5
638.5	97.05
637.45	90.1
634.3	81.7
630.75	77.4
627.5	76.65
625.7	76.5
622.65	77.05
619.3	78.25
663.65	206.1
661.25	206.45
656.8	199.15
652.75	193.45
648.85	202.2
648.1	205.9
645.2	196.45
406.2	52.15
395.45	49.2
396	52.65
395.25	60.05
391.5	64.15
382.95	65.25
379.15	67.3
370.6	68.65
368.55	65.5
369.3	67.2
374.95	68.55
368.15	71.6
370.75	74.5
372.15	71.95
506.15	38.85
0	0
0	0
0	0
0	0
0	0
0	0
0	0
0	0
0	0
0	0
0	0
0	0
0	0
0	0
412.55	7.79999999999995
0	0
431.75	32.4
430.9	28.3
428.2	26.1
424.6	18.4
416.6	15.75
408.8	12.4
404.1	4.95000000000005
401.9	8.64999999999998
402.75	14.35
401.8	15.75
399.95	16
398.45	16.7
396.9	18.35
408.4	18.05
527.1	48.2
522.85	58.85
520.5	61.05
516	59.35
514.6	59.4
516.45	59.95
513.85	60.3
511.25	59.6
549.7	197.35
509.65	57.4
507.35	55.8
508.1	57
508.2	54.65
543.05	188.6
503.9	51.45
539.05	185.55
535.75	184.2
535.9	182.4
532.85	181.1
531.55	179.25
531	178.2
530.55	176.55
531	177.75
529	168.2
0	0
0	0
0	0
0	0
0	0
728.45	74.8
734.45	88.8
735.05	123.15
738.8	118.95
737.4	120.5
733.8	119.05
732.45	114
732.35	116.95
730.7	108.9
724.7	98.85
722.25	97.05
720.7	96
719.55	99.2
718.8	105.35
716.95	106.4
716.8	112.2
544.6	168.5
522.15	191.85
528.5	191.7
528.95	188.05
530.5	189.15
529.8	189.25
525.4	191.3
524.3	192.1
523.05	191.35
521	190.85
522.3	192.75
514.7	179.8
518.25	173.6
516.65	181.1
516.7	169.65
515.15	165.4
514.4	161.6
511.15	154.4
511.4	151.2
514.65	155.2
514.7	153.2
521.1	157.35
526.05	160.85
525.25	156.3
526.2	154.25
525.2	152.85
821.2	237.75
911.55	222.45
908.55	226.8
903.75	227.35
901.25	226.95
893.2	223.2
889.8	224.7
889.95	227.65
885.25	229.2
882.55	232.75
879.45	234
877.7	236
875.95	237.15
876.55	237.6
874	237.2
579.15	101.7
544.8	91.35
543.9	99
543.2	107.55
530.85	112
527.65	115.6
521.1	119.4
513.95	124.8
504.45	129.25
501.5	135.55
407.3	155.7
243.95	176.9
246.7	152.35
245	143.5
245.75	136.6
242.9	138.55
246.8	135
246.5	133.5
245.35	128.9
241.45	109.05
262.95	243.05
383.6	229.2
677.55	158.8
666.35	161.7
661.75	159.5
659.5	162.65
659.45	165.9
660.3	169.2
657.3	166.55
659.9	165.4
657.05	170.65
659.95	171.65
657	179.1
653.7	184.95
651.8	189.2
652.15	188.75
654.55	175.65
653	178.05
652.75	172.95
652.55	171.45
652.9	176.85
653.95	171.9
652.9	172.7
650.2	177.3
649.4	177.75
651.25	176
658.05	206.25
629.9	110.9
638	143.6
645.35	166
641.45	165.35
734.85	122.5
889.55	213.65
890.3	210.85
893.1	209.5
845.95	98.3
852.2	96.15
858.9	105
857.5	118.95
859.25	118.45
860.15	122.85
863.45	126.7
708.1	151.65
629.55	148.15
632.35	151.85
638.45	161.45
637.4	182.5
644.3	188.5
612.8	74.35
619.55	86.65
614.7	95.85
617.55	105.45
614.3	111.8
626.35	128.95
626	132.05
628.9	139.75
633	154.25
638.7	161.6
633.8	169.3
637.35	175.5
763.5	553.55
0	0
0	0
0	0
0	0
0	0
0	0
832.2	170.5
829.4	196.55
832.4	196.8
831.1	202.2
835.25	196.05
835.9	191.85
839.1	188.5
832.05	188.7
836.1	188.65
834.65	186.05
828.85	165.35
824.5	166.75
823.45	176.45
801.1	186.7
679.65	188.35
686.9	199.75
691.2	208.75
691.65	203.85
692.75	208.5
694.4	208.7
693.3	214
689.3	208.95
679.2	208.25
684.15	194.7
680.6	185.1
680.5	181.1
674.6	192.9
678.5	175.7
675.3	179.5
675.4	180.35
675.45	166.15
665.75	168.35
668.5	166.55
603.8	692.9
0	0
0	0
0	0
0	0
0	0
732.85	69.9
741.1	126.5
747.75	145.2
739.2	139.25
738.65	121.55
734.1	109.3
774.45	218.5
770.1	223.9
773.5	221.7
774.6	222.85
737.7	224.65
600.55	107.4
628.7	221.05
630.95	226.4
632.3	230.25
636.75	236.15
635.95	234.4
642.7	232.4
690.85	334.25
677.65	346.7
677.2	349.9
672.3	357.65
668.05	366.7
659.35	371.3
656.65	367.3
649.8	370.2
644.1	371.75
637.05	368.15
626.15	368.55
620.85	367.4
612.2	364.7
599.3	365.95
563.4	350.85
553.35	346.05
545.85	347.8
543.2	348.45
546.3	348.3
541.2	349.1
856.05	247.2
1056.65	110.35
1047.15	122.6
1037.35	123.65
1032.85	132.35
1032.3	131.3
1018.95	120.3
1061.7	86.8
1050.7	66.65
1044.8	65.55
1040.75	68.2
1046	77.5
1041.9	84.5
1041.8	93.05
1040	95.65
1034.25	95.45
1031.3	92.95
927.65	120.1
925.2	126.95
919.8	137.3
923.45	146.8
925.55	145.45
917.65	154.65
912.5	158.1
907.15	156.75
905.35	163
903.75	164.15
897.45	167.6
895.15	170.35
889.6	173.2
883.9	175.2
880.6	182.5
872.95	183.35
873.6	183.7
863.6	187.25
856.75	185.95
523.7	208.85
487.15	210
495.6	209.5
498.7	206.6
497.6	208.9
494.25	210.65
487.9	212.15
484.55	214.75
485.7	212.85
486.8	211.05
487.6	210.35
486.6	208.7
482.55	207.85
476.85	207.55
474.85	205.95
474.95	204.85
473.6	203.95
473.2	203.25
495.2	205.55
677.05	353.15
738.55	449.95
730.85	463.9
729.3	473.45
723.3	463.85
724.15	469.3
727.5	475.7
720.05	478.15
722.65	477.05
713.5	484.35
716.05	483.3
712.75	491.6
706.85	495.8
707	492.1
715.4	396.4
709.1	252.75
703.1	263.15
699.7	269.65
695.4	274.65
690.25	277.15
685.9	282.65
681.5	293.05
717.6	262.2
721.7	243.3
713.65	251.85
709.8	251.95
706.55	253.3
705.15	255.6
704.85	255.8
696.25	255.25
697.2	265.95
694.9	260.85
689.75	263.4
685.65	263.6
680.3	255.45
673.95	261.45
664.5	265.85
656.05	269.5
650.55	271.85
645.2	275.55
639.1	278.1
640.45	280.25
629.05	285.95
622.9	294.35
648.85	284.9
649.65	276.9
641.25	286.3
630.35	292.2
622.2	298.35
610.65	296.95
606.15	304.25
604.95	311.5
529.9	318.8
519.15	319.2
507.9	324.4
504.95	325
494.9	321
482.85	329.3
471.25	335.3
464.85	332.8
452.85	339.25
441	342.6
436	341.35
429.7	342.7
425.25	342.1
418.8	340.95
404.65	341.5
397.25	340.9
396.7	337.75
385.9	339.1
378.2	338.8
365.1	343.75
359	342.55
349.75	345
342.3	350.05
335	351.75
320.95	350.3
309.9	337.15
306.1	334.5
297.35	335.1
289.9	336.15
281.55	338.5
278.45	339.05
269.65	341.85
257.35	345.75
248.6	349.55
238.45	350.4
231.95	353.55
227.2	368.05
233.25	504.1
228.2	508.35
216.65	511.75
204.9	515.75
194.65	520.8
181.75	527.75
172.65	527.4
158.25	531.75
151.95	534.45
273.9	227.9
0	0
0	0
0	0
290.7	1.44999999999999
288.25	0.600000000000023
287.05	1.64999999999998
367.2	95.05
783.2	62.85
792.25	65.05
783.15	70.45
775.8	74
772.75	75
766.95	77.45
905.4	49.3
977.9	58.65
967.55	58.1
957.4	63.75
951.2	64.4
997.15	182.4
985.05	185
974.25	191.2
967.6	192.1
956.85	198.8
946.6	204.2
939.4	210
931.5	214.9
913.45	211.9
909.75	233.45
895	234
880.15	236.85
874	266.95
854.65	261.3
863.1	258.35
873.25	255.85
861.45	256.65
849.6	256.9
847.65	275.6
842.8	274.55
0	0
0	0
0	0
0	0
0	0
0	0
0	0
0	0
991.5	12.75
982.05	30.05
982.3	49.55
974.4	56.35
967.45	54.15
960.7	54.85
955	59.05
961.4	64.3
534.45	90.65
362.75	94.35
0	0
364.3	1.25
374.6	29.1
379.5	46
387.1	68.25
386.25	83.5
0	0
364.95	0.700000000000045
0	0
0	0
0	0
0	0
382.25	47.55
382.2	40.5
370.7	8.35000000000002
363.65	4.35000000000002
368.5	13.75
700.9	197.25
687.7	217.65
684.3	245.4
680.65	260.4
671.5	271.6
621.15	137.45
612.45	150.6
598.5	154.25
579.9	170.9
567.65	181.2
553.35	200.55
544.1	203.55
520.6	210.4
505.35	213.05
486.6	223.65
474.65	228.65
471.7	261.75
474.15	315.2
466.05	344.15
599.95	168.45
0	0
0	0
0	0
0	0
0	0
0	0
0	0
0	0
0	0
0	0
0	0
888.35	62.4
888.8	66.35
885.05	91.45
874.95	112.2
870.55	129.45
712.65	101.25
0	0
0	0
617.15	77.55
613.9	84.15
599.6	72.6
571.4	70.85
0	0
0	0
0	0
0	0
0	0
0	0
421.6	20.05
414.8	17.4
0	0
0	0
0	0
0	0
0	0
0	0
0	0
0	0
0	0
0	0
946	1.04999999999995
0	0
0	0
0	0
952.55	121.55
939.4	129.85
930.2	140.15
923.75	143.35
911.65	143.95
901.7	143.1
891.95	142.65
876.8	135.25
869.95	138.45
836.5	154.45
413.95	49.3
419.65	46
427.1	49.75
432.1	47
431.65	35.65
426.6	51.6
425.35	43.85
421.3	46.1
411.1	59.35
411.95	60.5
696	174.75
701.6	180.45
683.05	189.5
673.5	194.95
675.35	211.55
655.2	208.35
646.5	218.2
644.35	233.95
636.35	243.8
626.15	258.45
616.45	268.65
609.75	279.7
800.3	243.8
1104.95	145.05
1085.45	146.35
1070.5	153.7
1065.05	180
1058.85	186.2
1054.1	205.05
1040.15	216
1028.35	229.2
1017.1	246.95
1006.75	254.15
996.5	261.85
1104.4	38
0	0
0	0
0	0
0	0
0	0
0	0
0	0
0	0
0	0
0	0
0	0
0	0
0	0
0	0
0	0
0	0
983.85	3
982.4	0.399999999999977
1093.95	102.85
0	0
0	0
1114.65	86.7
1106.5	89.05
1098.5	92.6
1093.9	93.75
1091.05	92.7
1087.45	92.9
1081.3	97.75
1074.5	97.9
1065.8	86.7
1061.95	87.65
1054.75	90.65
1050.75	85.05
1047.15	92.15
1041.2	98.5
1038.2	95.75
1028.2	105.9
1026.9	108.95
1020.25	111.15
1015.9	111.75
1007.2	116.2
998.05	117.7
993.6	119.2
989.25	123.45
955.9	57.5
0	0
0	0
0	0
0	0
0	0
0	0
0	0
0	0
997.35	88.55
997.85	99.15
989.35	104.55
981.2	103.2
975.6	102
968.65	105.8
968.45	110.1
962.35	117.8
981.8	113.35
993.6	110.75
985.05	122.3
976.15	135.05
970.15	142.55
960.4	154.1
955.9	162.5
950.95	168.6
942.9	178.8
940.1	183.65
926.1	189.25
915.4	182.55
892.15	183.7
462.75	207.45
282.1	73.45
294.85	77.8
298.05	81.65
300.85	80.7
297.45	80.25
298.3	83.1
294.8	80.75
288.4	77.4
286.05	76.9
287.65	74.3
287.1	69.95
283.3	67.65
277.6	64.4
276.1	64.3
280.55	61.8
277.35	60.15
268.75	58.75
268.6	61.5
266.1	62.2
268.65	68.55
262.8	71.65
319.95	61.55
470.2	6.35000000000002
461.15	8.94999999999999
460.1	16.1
0	0
939.85	54.15
975.95	60.4
966.8	65.25
957.6	68.7
953.45	71.9
950.9	68.55
1049.55	43.95
1117.05	25.75
1106.15	34.05
1094.35	40.65
1086.6	50.05
1079.3	52.9
1069.6	60.65
1057.3	67.4
1050.15	72.75
1041.15	73.75
1030.95	78.3
1021.6	83.55
1013.35	89.95
1002.9	92.55
990.15	95.4
1025.85	288.05
1021.45	328.25
1010.75	334.7
996.1	346.15
992.85	360.15
983.4	357.65
972.5	360
969.2	357.75
961.2	349.75
956.1	354
951.15	356.25
941.6	359.95
938.75	362.3
929.9	365.4
921.75	369.15
914.2	370.3
907.45	372.05
903.05	375.65
897.95	378.95
889.8	388.15
888.05	388.4
882.9	394.65
870.7	399.7
936.85	366.5
1088.3	8.05000000000001
1078.2	6.35000000000002
1071.8	30.2
1063.45	38.75
1057.8	46.9
1049.9	52.5
1042.65	53.1
1034.6	50.35
1025.1	50.25
1019.8	54.65
1006.1	51.1
991.45	52.7
977.4	60.45
961.3	70.2
1001.15	199.45
981.6	216.05
975.5	226.5
966.65	237.3
957.05	242.45
946.25	240
923.75	246.55
900.45	253.4
885.65	266.8
871.7	281.4
863.65	290.15
856.4	294.5
839.9	305.55
827.1	314.7
806.9	328.25
794.15	338.3
776.95	349.1
753.4	355.4
733.15	367.7
711.75	377.1
688.45	388.7
662.8	400.55
641.25	406.1
614.25	419.2
589.6	429.35
565.8	445.4
545.8	457.8
483.35	470.8
301.1	445.8
284.45	447.25
276.6	457.75
260.45	459.7
249.85	466.4
244.35	476.45
230.95	466.85
217.95	464.15
210.55	462.15
205.45	462.75
199	430.2
186.1	227.2
180.15	234.2
198.35	390.7
173.35	242.15
193.65	392.95
191.55	393.35
290.9	200.3
300.3	197.35
294.7	212.05
284.2	228.25
284.25	231.5
283.8	231.55
281.1	234.25
276.8	235.7
272.4	237.65
273.15	240.35
271.6	240
264.8	241.15
263.6	239
332.65	232.2
999.45	234.2
1103.2	202.7
1078.3	218.4
1069.05	227.85
1054.35	235.15
1048	244.2
1039.3	248.6
1032.85	252.9
1023.95	260.95
1015.75	263.6
1006.25	269.35
996.1	278.95
991.55	286.3
976.8	295.05
963.45	300.6
954.1	304.35
731.85	336.5
711.25	343.25
706.65	350.6
697.2	361.05
684.9	366.6
666.6	375.6
657.05	379
640.4	387.25
624.6	395.1
616.1	400.3
602.8	403.1
596.7	405.75
589.3	406.35
582.9	407.1
579.5	406.8
573.65	410.95
365.95	410.05
345	408
344.5	413.3
318.85	268.65
316.65	269.55
338.75	414.7
337.3	420.9
335.65	425.4
225.35	264.75
207.45	195.95
213.55	210.8
204.95	210.35
208	215.8
207.15	219.2
206.95	216.9
209.2	213.8
209.15	212.7
210	208.75
210.85	205
212.9	204.8
215.85	205.8
215.8	207.6
465.55	198.9
783.9	293.05
765.3	301
756.3	305.6
750.15	308.35
752.65	310.25
751.6	315.2
753.1	317.7
750.5	315.2
749.35	313.65
745.3	309.55
744.3	311.25
740.4	315
739.75	324.35
734.5	344.45
741	350.4
737.8	454.1
730.05	454.15
732.95	466.65
730.7	482.1
730.65	482.35
725	491.25
727.85	489.1
785.3	474.3
928.25	418.4
915.6	423.2
915.05	428.25
916.25	428.85
916.25	425.85
915.45	424.55
916.55	424.35
919.25	426.4
858.95	435.65
845.75	435.85
848.2	435.9
852.65	433.15
856.3	430.4
860	427.75
859.7	422.65
859.4	421.9
566.5	467.35
239.5	562.1
257.05	562.85
267.9	562.2
270.7	561.9
279.7	574.85
282.05	581.7
284.55	583.5
284.5	581.15
278.2	598.45
288.65	594.5
288.45	598.15
288.4	590.8
274.6	534.95
285.15	541.7
286.45	567.3
291.15	589.2
287.35	587.85
284.65	599
270.7	540.45
273.5	549.05
281.9	580
285.25	599
284.75	594.9
290.4	597.15
297	600.05
293.8	590.7
297.7	589.5
295.3	584.15
297.8	587.55
302.45	587.25
307.1	586.55
312.6	585.75
314.15	585.9
317	588.1
314.7	577.1
337.95	576.7
608.55	498.55
614.6	477
599.45	480.75
605.9	491.45
602.95	501.15
606.55	491.4
614.65	498.55
610.1	498.75
612.9	497.35
615.6	490
611.15	492.05
618.75	479.2
617.55	478.95
614.75	491.75
896.35	401.8
906.75	389.15
902.6	400.6
896.3	400.7
897.45	399.25
894.15	392.85
888.9	406.15
892.35	399
880.7	405.8
887.65	403.9
883.95	392.75
889.95	406.4
893.9	403.85
888.9	396.85
891.65	386.75
901	407.15
896.75	388.6
632.35	379.5
547.35	365.4
568.3	371
576	374.4
571.95	378.95
565.7	378.55
555.9	381.15
563.15	380.2
562.7	385.9
562.75	386.8
569.15	392.45
562.35	388.55
566.25	390.45
564.75	401.5
567.8	400.05
567.95	395.4
577.9	403.1
582.2	409.1
586.3	410.3
589.6	405.35
593.35	410.6
986.5	580.7
984.1	574.05
964.75	520.85
940.85	442.4
914.3	383.1
893.25	339.45
880.7	303.7
868.7	284.75
863.5	271.85
901.2	380.3
894.4	355.2
897.55	359.6
772.65	170.3
788.55	198.5
798.65	231.7
802.75	236.3
807.4	237.5
846.15	359.4
840.2	325.7
831.35	329.1
819.85	312.55
819.05	306.15
838.35	384.05
834.5	368.55
825.25	340.1
816.05	321.5
843.6	398.45
840.55	389
849.05	390.1
843.85	392.95
842.15	396.9
841.3	392.9
665.25	311.6
616.9	290.9
617.35	280.25
622.2	274.25
622.9	286.9
622	290.9
621.5	299.6
598.05	179.55
603.2	194.45
608.35	212.55
617.2	220.7
605.35	212.55
606.6	199.95
598.7	161.45
578.65	124.4
607	202.7
628.55	302.5
618.95	296.45
615.25	268.9
614.35	269.2
621.2	273
584.25	157.5
603.95	199.85
611.65	232.7
613.75	263.15
622.3	293.65
616.9	291.75
619	280.4
607.65	266.05
604.7	229.95
609.1	224.5
650	372.75
663.7	470.7
664.8	470.7
670.9	486.85
650.95	394.75
649.15	414.1
656.4	440.2
660.7	451.35
655.95	444.05
653	445.45
651.25	430.65
685.25	342.15
660.4	128.4
691.4	235.7
691.7	236.9
693.25	244.5
696.7	247.2
691.8	272.95
695.65	281.55
691.1	271.9
696.7	270.35
695.8	279.55
691.2	272.45
759.65	248.1
717.1	105.5
0	0
0	0
0	0
0	0
0	0
0	0
0	0
0	0
901.55	234.45
895.3	255.15
894.9	246.05
890.3	247.45
899.1	248.85
897.35	250.9
898.95	258.05
898.5	255.6
892.1	251.2
895.5	254
876.65	250.4
598.8	426.9
623.15	476.4
646.55	549.65
628.15	488.8
617.75	463.4
636.95	557.8
615.45	481.75
630.2	531.9
624.15	561.75
611.75	550.1
243.95	618.6
260.9	610.45
265.35	607
275.2	618.65
276.25	616.95
283.05	629.8
283.25	639.25
289.35	641.35
287.75	641.05
289.95	644.45
285.75	646.15
621.8	485.65
641.35	457.8
640.65	469.4
635.6	471.95
631.2	478.55
628.25	472.15
631.85	472.85
633.9	468.3
633.7	473.65
634.95	473.15
637.35	461.25
628.35	452.05
641.5	438.45
769.55	661.45
758.85	653
751.65	627.2
755	621.35
751.55	616.6
752.05	615.05
753.7	612.9
755.1	610.35
757.6	609.7
756.7	605.95
758.1	604.25
759.3	603.8
762.75	597.6
768.95	596.55
767.7	600.3
772.15	607.85
772.2	607.65
769.5	612.6
765.95	615.15
767.2	617.2
662.6	619.4
647.65	619.8
650.2	623.9
651.35	630.65
656.5	634.05
657.15	635.35
653.25	632.05
649.5	634
650.6	635.75
647.1	640.9
643.5	636.9
645.9	630.65
646.65	627.05
641.5	622.35
640.5	618.35
641	615.95
643	615.4
649.2	611.95
652.65	603.9
654.15	595.7
655.85	594.65
656.45	587.2
655.45	583.8
657.7	589.1
656	587.3
656.2	582.1
841.65	461
836	459.3
828.1	465.6
827.25	465.95
825.35	468.8
824.85	467.1
821.5	472.4
821.65	477.35
820.8	480.3
824.3	477.05
823.8	478.05
822.95	484.5
823	488.1
822.45	490.3
824.75	489.35
826.8	492.65
830.8	493.65
773.5	529.4
762.4	545.7
764.1	543.45
767.5	540.8
771.8	532.1
766.7	528.25
763.85	530.65
655.7	453.2
619.05	401.45
619.75	406.45
626.5	408.8
629.75	403.15
631.5	402
630.25	401.5
625.25	401.3
623.35	400.55
624.25	400.45
620.4	398.45
620.6	399.15
617.05	399.2
615.95	401.8
613	403.1
611.3	402.9
611.85	404.2
622.2	419
636.8	455.6
638.6	456.85
638.1	457
635.45	457.3
635.3	456.2
635.6	454.25
633.1	457.7
640.2	456.55
632.35	457.7
636.45	457.15
638.6	462.05
634.45	463.95
637.65	466.4
639.25	463.1
635.95	464
638.95	465.05
751.1	519.1
893.75	637.45
886.45	630.25
881.25	630.85
876.55	632.1
880	631.25
881.4	635.65
878.75	635.2
876.45	633.4
880.1	631.8
877.25	632.5
874.95	630.45
897.15	578.65
946.7	344.55
946.95	340.05
943.75	351.15
942.85	348.25
940.2	347.6
944.9	350.15
941.75	342.7
939.8	343.4
936.6	345.55
936.25	349.25
936.8	350.55
934.9	348.1
941.1	366.15
933.2	338.65
941.4	364.1
935.15	339.4
937.8	338.65
936.5	338.75
906.7	359.5
761.1	542.4
765.3	545.55
771.4	539.2
773.7	529.1
775.75	524.55
775.9	519.95
778.05	520.15
778.4	516.05
776.35	515.05
776.2	515.5
778.05	518
780.15	521.25
782.25	523.4
788.6	522.4
787.15	524.2
683	382.6
678.9	366.3
683.8	369.7
685.95	372.9
688.45	374.6
692.3	377.55
693.75	377.65
695.6	380.25
699.75	383.6
702.7	388.5
702	389.2
701.75	390.1
700.25	391.4
701.4	390.45
702.95	390.6
703.45	387.5
703.95	388.45
702.85	388.55
703	388.45
701.35	390.55
700.85	391.65
668.85	376.5
629.2	294.5
619.1	280.7
620.3	282.4
622.1	283.5
622.75	285.15
626.85	286
627.3	285.9
629.4	290.95
629.95	288.25
632.85	289.15
633.9	290.8
634.95	288.7
755.9	406.35
758.4	423.05
757.15	421.65
756.5	420.35
754.55	419.15
755.35	427.7
763.25	460.6
763.25	460.8
761.05	459.6
759.3	462.6
752.95	466.1
752.3	467.15
750.4	466.35
750.9	471.45
756.4	466.15
755.55	465
743.3	464.05
742.65	464.25
742.15	470.5
742.75	471.55
738.05	477.8
703.85	462.7
563.25	295.25
557.55	274.8
563.6	276
568.6	277.55
571.05	281.8
574.65	285.4
575.05	291.45
576.15	294.05
573.7	298.15
577.15	296.1
574.4	295
573.8	292.75
574.4	291.5
578.9	287.45
575.85	286.2
573.65	283.35
573.3	280.85
575.7	282.9
577.05	289.1
575.05	294.95
572.75	295.5
697.75	271.1
906.05	245
897.95	246.55
889.2	247.5
885.9	247.75
884.25	245.8
890.9	246.35
891.8	245.55
890.65	238.5
886	236.6
889.15	232.5
888.75	232.1
788.05	170.85
757.1	142.65
754.95	146.1
760.35	141.05
764.45	141.55
653	153.1
623.85	159.65
625.05	164.75
631.25	167.6
633.3	169
631.1	170.75
586.15	175.5
555.65	187.75
559.05	191.85
561.8	196.75
562.65	195.9
558.95	197.4
558.5	197.55
560.5	196.95
562.55	188.8
561	184.55
559.8	182.7
561.85	187
612.4	260.75
626.35	326.45
625.7	326.75
623.05	322.95
621.05	314.25
621.2	312
804.45	452.4
823.25	511.1
819.05	510.7
816.85	507.6
821.75	504.95
826.25	509.55
829.95	507.6
831.65	510.5
833.9	512.7
835.65	509.2
830.35	495.7
832.25	503.05
835.15	503
831.85	497.25
816	509.75
822.6	505.55
823.3	504.4
825.7	507.55
826.9	512.05
827.7	517.25
833.9	517.75
829.3	516.65
834.65	513.1
848.5	471.75
845.7	470.7
840.6	474.8
837.1	479.8
837.4	476.35
835.4	477.65
837.15	471
879.85	435.05
881.2	428.4
882.15	430.7
876.95	426.6
877.95	430.15
877	420.75
882.15	425.9
881.05	424.45
880.25	422.4
883.5	424.55
887.1	420.45
887.5	422.35
888.15	422.3
800	335.15
0	0
0	0
0	0
0	0
0	0
656.45	319.7
668.25	327.7
664.4	353.1
664.35	351.45
659.35	352.15
659.05	348.65
662.25	359.8
660.4	357.6
653.4	354.45
653.2	359.45
445.15	373.65
289.45	348.8
300.1	353
303.25	361.65
303.35	372.85
305.95	379.3
301.9	387.55
303.15	385.75
302.85	391.05
299.3	416.15
297	413.1
291.3	412.5
290.05	415.9
368.65	415.45
642.7	460.35
627.75	461.7
622.4	465
618.45	463
622.35	462.15
624.2	464.55
620.9	465.5
625.6	465.15
629.5	461.35
630.8	455.9
631.3	446.1
627.35	446.65
626.8	450.8
627.7	452.55
895.3	303.95
895.4	287.6
889.35	287.4
891.35	297.55
886.7	294.4
891.85	297.4
893.25	296.65
888.7	291.5
891.2	302.85
0	0
0	0
0	0
0	0
0	0
0	0
0	0
758	311.6
755	315.4
750.9	315.6
751.1	315.65
758.75	323.75
758.5	315.85
617.05	368.85
545.7	417.1
553.85	417.1
552.55	416.85
552.05	420.1
553.5	422
549.15	430.65
545.85	432.95
546.35	432.55
546.2	428.65
543.1	426.45
545.15	428.6
545.5	430
545.8	429.15
545.95	429.25
545.1	432.7
704.35	253.2
716.75	193.65
715.25	209.05
709.55	214.05
710.9	216.25
713.3	219.75
712.35	222.95
713.75	222.85
711.15	227
708.5	229.7
705	230.3
701.15	236.35
699.4	238.65
699.25	239.6
702.65	243.75
700.45	245.4
698.85	246.65
700.6	240.75
702.05	239.65
703.15	239.95
699.15	230.6
698.85	234.35
700.2	239.6
704.6	246.2
706.05	246.4
703.3	250.05
713.15	392.7
709.6	443.05
717.95	467.05
708.9	446.55
717	476.6
717.6	477.45
717.15	481.15
716.05	488.75
715.3	493.6
712.2	504.7
703.1	511.05
707.95	517.05
700.25	523.05
704.65	520.65
707.55	524.95
706.7	528.25
706.65	535.35
707.8	539.75
703.85	545.35
702.4	553.2
700.35	564.05
694.75	570.75
693.25	576.45
687.3	584.75
689.55	588.75
691.15	593.65
684.05	598.65
679.95	602.25
824.6	500.9
881.4	361.35
873.65	368.8
866.2	378.05
869.05	382.6
872	387.9
870.35	393.95
874	396.3
874.7	402.35
873.2	411.4
871.45	414.85
872	419.95
873.75	432.45
874.75	436.3
816.3	433.5
670.7	359.75
679.25	364.55
681.2	371.65
681.65	379.85
682.7	379.75
679.75	393
677.85	392.5
675.1	403.1
674.75	414.45
674.2	420.9
1083.3	409.25
1142.6	407.55
1131.8	414.25
1129.1	416.5
1126.25	421.1
1124.75	409.95
1129.55	418.65
1129.65	411.5
1129.8	420.85
1133.85	425.9
1132.6	430.1
1142.3	434.6
1141.25	444.25
1140.2	443.5
1146.85	445.35
1149.5	450
1151.2	454.85
1151.55	458
1157.75	466.45
1151.8	475.3
1153.65	487
1160.2	499.75
1162.05	510.85
1162.2	514.3
1164.1	517.6
1163.4	521.4
1158.6	525.15
1165.85	541.6
1167.65	547.4
1169.1	551.15
1167.95	552.45
1171.55	555.2
1176.7	561.65
1180.55	568.9
1182.05	574.65
974.15	556.05
750.3	482.7
763.3	491.5
769.65	495.45
773.45	503
776.5	507.85
767.9	461.75
0	0
0	0
0	0
0	0
0	0
703.1	300.25
712.15	308.65
712.5	310.55
712.25	312.75
709.6	318.4
710.15	321.2
711.95	321.45
711.05	323.55
709.7	324.85
708.7	331
705.9	334.45
703.5	334.05
702	341.5
704.2	344.75
703	350.25
701.45	350.9
703.05	346.55
699.05	349.65
698.9	351.85
696.55	353.25
693.1	361.15
692.7	367.35
693.25	363.2
693.55	365.65
572.25	276.65
534.8	221.05
551.2	223.25
552.95	225.45
553.7	229.35
554.95	228.9
554.7	230.9
552.05	233.8
550.45	235.85
550.85	242.95
550.9	246.1
553.05	243.85
551.75	239.3
554.5	233.4
557.6	237.65
547.5	236.85
553.8	243.55
550.6	244.25
552.35	243.05
666.2	306.95
756.1	378.4
753.05	383.7
749.95	385
749.3	385.55
748.4	389.55
749.4	393.4
750	394.9
751.45	395.65
752.55	402.8
751.45	402.8
751.25	406.25
752.3	407.25
751.95	407.85
744.6	418.05
747.95	425.95
812	432.95
834.2	429.4
832.55	430.2
828.7	434.45
829.9	440.55
836.7	453.75
839.5	462.7
838.4	476.9
838.9	483.25
840.2	485.85
838.2	493
835.7	499.7
838.3	509.5
838.45	514
837.15	520.5
834.2	527.9
834.15	532.65
837.65	540.75
835.3	549.9
908.55	475.3
928.35	394.15
929.65	403.25
928.3	412.2
933.7	423.1
931	431.1
933.5	435.9
935.05	441.4
939.25	445.55
941.1	449.5
944.45	455
947.2	460.95
948.55	465.6
949.4	471.05
948.15	473.8
948.35	478.4
901.8	475.7
790.05	356.05
790.35	363.3
795.3	372.65
792.25	385.95
791.95	395
795.9	403.75
792.6	409.15
790.65	415.7
793.45	422.05
791.9	429.05
792.05	434.55
792.1	444.8
0	0
0	0
0	0
0	0
0	0
0	0
679	186.05
683.2	187.25
678.45	192
675.25	195.35
675.6	198.75
680	200.25
682.7	199.9
684	201.45
684.65	204.7
682.15	207.1
681.2	209.8
680.6	207.05
759.85	254.7
911.3	455.75
906.75	467.25
903.7	465.6
902.5	472.2
903.1	484.4
904.45	490.05
907.55	495.8
909.4	505.4
912.15	513.1
913.45	519.95
911.65	523
911.5	523.2
913.75	524.95
913.6	525.45
842.6	432.65
811.65	365.2
823.2	376.15
823.4	379.85
822.25	381.8
825.05	386.15
821.05	389.65
832.4	381.3
834.25	358.4
828.15	349.35
825.95	358.25
829.35	368.5
825.35	363.6
826.65	365.6
830.85	370.4
828.6	376.8
829.05	384.25
829	386.15
828.55	392.5
835.75	391.1
829.35	394.55
832.7	395.85
831.35	400.3
826.1	398.95
825.35	405.65
821.2	397.1
825.35	414.3
824.05	414.15
824.65	427.15
831.7	423.1
826.1	429.8
830.65	444
830.5	448.4
830.5	452
831.25	456.95
831.05	454.6
831.85	456.7
832.4	465.15
828.8	470.85
828.25	473.35
827.15	463.55
830.5	462.9
829.1	461.6
819.5	450.2
820	447.5
822.25	444.85
788.95	400.4
782.5	382.25
782.95	379.8
782.45	386.15
788.3	386.15
789.3	348
795.7	325.3
794.35	332.8
797.6	341.55
796.3	340.4
788.4	320.85
1062.35	324.05
1071.15	319.65
1062.95	318.75
1063.65	326.3
1056.65	285.35
1058.1	298.7
1054.95	283.1
0	0
0	0
0	0
0	0
0	0
0	0
964.7	258.65
964.2	276.55
970.85	323.3
967.75	331.8
948.95	339.25
823.95	299.3
829.5	302.6
837	304.1
834.8	305.55
832.95	308.75
831.95	316.7
828.05	322
833.45	332.2
832.55	341.25
836.85	349.15
832.4	354
834.7	359.95
831.6	362.05
835.25	374.3
768.5	380.6
658.35	360.9
664	359.7
665	362.05
657.4	365.65
660.35	367.75
371.2	359.8
319.75	348.35
341.85	356.1
346.55	360.4
343	362
338.35	360.15
338.35	359.45
343.6	355.25
341.9	353.85
341.6	356.05
338.3	355.55
338.95	352.5
337.55	362.25
0	0
0	0
0	0
0	0
443.9	275.8
436.45	281.85
439.95	281.8
439.1	287.15
443.95	291.55
439.15	290.45
439.55	295.35
444.2	297.95
442.95	298.7
571.9	337.05
763.7	414.85
759.35	416.85
755.7	417.45
751.05	425.6
750.2	426.95
755.35	442.9
751.45	446.4
757.55	446.45
757.5	457.75
759.4	460
756.75	454.25
752.45	454
753.1	457.2
756.6	459.6
758.65	459.55
755.7	461.75
764	470.05
761.45	479.15
767.8	481.05
766.9	481.1
764.95	485.3
768.2	496.05
900.75	526.05
904.35	532.95
899.45	543.8
894.1	542.5
891.95	553.4
893.6	565.05
899.15	565.85
901	574.3
901.7	579.05
903.1	589.65
900.9	596.7
898.55	596.1
902.45	599.3
907.25	603.5
912	607.15
900.95	562.7
0	0
0	0
0	0
0	0
0	0
0	0
0	0
0	0
777.8	519.75
780.35	470.4
795.75	473.65
797.05	486.55
792.05	494.45
796.15	496.8
795.25	525.35
796.85	533.1
796.05	543.55
796.25	542.5
797.25	550.75
797.8	555.15
797.1	561.6
798.25	569.8
783.2	553.15
772.45	429.55
778.35	429.1
778.2	435.6
777.05	440.2
777.85	446.35
780.3	453.15
777.25	458.95
832.85	411.85
838.75	408.9
839.1	410.85
838.45	410.7
833.1	411.2
830.5	414.4
832.75	415.7
839.95	410.1
844.15	407.9
845.35	408.55
845.5	403.5
845.45	403.25
850.55	407.65
855.25	417.9
858.15	422.2
859	426.15
859.75	426.45
861.9	434.6
862	438.9
865	441.8
866.6	450.6
868.75	456.15
870.8	461.35
874.25	469.5
876.9	477.4
879.15	482.65
877.8	491.95
878.95	498.1
873.6	482.5
851.15	408.1
848.8	406.3
851.2	408.9
851	413.65
849.15	417
848.85	422.65
851.3	430.05
850.1	431.1
0	0
0	0
0	0
0	0
0	0
0	0
0	0
0	0
0	0
0	0
853.55	374.15
867.1	405.85
870	424.4
875.1	440.95
874.85	451.6
873.85	458.35
875	459.85
872.65	460.4
872.5	462.35
872.15	462.8
868.7	469.7
867.2	484.75
869.35	498.1
870.2	504.85
870.65	513.45
871.7	517.3
871.4	516.25
872.65	523.35
873.85	526.5
873	530.7
872.4	536.9
868.2	540.1
842.15	453.6
834.4	431.95
831.9	436.4
829.35	439.45
833.4	439.05
827.55	442.95
829.2	453.5
832.75	457.6
833.85	455.6
835.95	449.8
830.15	436.75
831.95	442.25
828.6	443.5
833.7	441.95
837.8	449.95
717	322.1
654.3	239.45
660.3	240.25
668.3	248.65
668.5	250.95
666.35	251.2
664.65	254.25
662.1	257.45
659.75	262.95
659.55	266.3
656.5	277.25
651.3	278.4
649.3	280.45
649.45	282.05
650.35	286.05
651.4	287.85
656.8	286.95
654.15	283.65
628	220.55
630.9	220.2
633.95	220.5
637.35	220.65
636.2	220.05
636.65	217.3
637.45	220.1
1021.4	355.5
1057.5	401.55
1053.45	403.15
1049	404.25
1048.2	407.7
1046.15	406.6
1049.25	403.95
1053.5	408.8
1056	411.35
1060.4	413.45
1058.85	414.15
1061.1	412
709.65	426.7
715.7	428.65
713.85	438.25
722.05	438.4
719.15	445.6
714.4	453.5
709.7	457.15
709.35	456.95
707.9	459.25
708.45	460.4
707.5	459.55
631.05	470.55
533.95	496.65
542.2	494.5
552.95	493.35
553.25	490.35
555.7	492.3
556.75	491.6
553	491.85
559.1	493.95
552.6	494.95
555.55	492.7
552.45	498.15
545.2	501.3
544.1	505.3
545.6	509.4
532.35	510.75
853.5	421.25
836.1	426.85
829.95	433.95
830.55	432.95
828.2	438.75
827.5	440.45
826.25	439.85
826.35	445.15
823.2	443.2
825.75	439.75
829.8	438.9
826.8	437.05
821.85	438.65
823.65	437.55
824.2	437.8
828.65	435.25
829.9	426.75
828.45	427.8
826.25	429.7
826	430.2
830.1	431.7
418.95	545.4
383.25	576.5
387.8	582.9
391.6	581.7
391.65	580.45
395.75	579.7
395	578.8
397.1	580.45
394.75	585.95
394.3	586.5
389.6	589.7
385.2	589.65
381.85	589.55
383	596.2
382.2	598.25
375.8	601.15
372.65	606.25
364.55	607.15
367	608.45
356.7	612.85
352.65	612.55
348.7	612.15
345.15	614.25
502.6	471.15
536.4	387.25
526.05	394.3
519.95	402.7
523.35	406.65
515.6	405.7
512.25	407.15
511.8	411.05
511.45	413.2
509.6	414.9
509.35	420.95
509.3	410
510.95	415.25
513.45	420.25
514.3	407.05
513.8	413.2
519.1	405.7
522.25	406.4
524.7	404.6
525.45	402.6
527.8	405.95
527.8	401.8
528.5	404.7
527.45	399
525.85	397.75
500.7	427.65
479.5	550.9
480	559.55
483.2	550.8
480.4	548.95
483.45	545.8
486.8	537.95
490.85	538.95
481	534
480.15	534.2
481.1	534.6
485.45	535.7
487.85	540
489.05	541.1
488.25	544.95
488.95	545.4
491	550.05
488.8	558.3
511.3	555.3
734.6	340.95
725.2	342.15
719.35	347
723.85	353.25
717.8	347.65
716.8	352.3
716.8	352.4
716	351.3
717.9	353.55
717.65	347.55
716.55	350.05
719.4	345.8
716.75	343.8
718.55	343
722.3	347.75
616.9	358.3
519.3	406.1
527.25	401.95
527.65	401.65
529.95	403.95
525.8	404.5
527.6	406.45
532.75	402.8
534.1	403
535.15	401.65
531.6	401.4
534.5	405.2
526	407.45
528	407.65
530.55	404.25
523.85	404.15
525.05	404.9
523.05	405.65
522.65	407.65
528.55	407.65
529.35	407.55
529.3	412
529.85	419
528.1	417.65
523.65	419.5
645.6	397.85
823.55	337.85
809.9	345.2
805.85	348.25
807.75	346.9
808.2	346.45
808.25	344.25
808.35	346.45
809.85	344.4
811.7	341.25
813.9	339.25
813.85	337.85
814	333.85
814.6	332.7
812.8	333.65
809.6	333.6
756.5	380.6
725.25	438.15
723.4	443.05
717.9	445.45
717.1	451.05
713.9	456.7
709.9	459.05
705.65	461.55
704.2	463.35
701.95	465.55
697.7	465.2
693.75	467
690.75	462.95
689.75	459.3
683.4	466.7
644.3	505.9
0	0
0	0
0	0
0	0
0	0
0	0
0	0
0	0
0	0
0	0
0	0
0	0
0	0
0	0
0	0
0	0
0	0
0	0
0	0
0	0
0	0
0	0
649.55	394.1
652.1	398.4
658.6	437.75
657	448.25
649.2	448.3
635.2	446.25
629.5	450.45
619.8	456.1
614	456.8
692.75	422.1
721.05	389.85
708.85	388.9
699.3	397.7
700.35	402.45
690.45	406.4
686.35	405.1
678.65	405.4
671.3	397.35
664.65	399
657.25	397.15
656.3	398.55
653.2	400.25
649.7	402
646.05	402.05
640.45	406.5
633.8	409.55
628.65	408.2
625.75	403.95
617.55	403.15
612.15	397
614.75	393.85
609.4	398.45
606	391.5
602.35	387.65
596.05	387.4
596.95	389.7
593.85	389.95
625.7	398.05
706.25	539.15
700.7	543.15
696.05	543.95
686.1	538.2
685.3	536
684.45	536.05
678.55	538.7
675.25	540.65
670.4	541
913.95	514.7
1096.85	437.55
1071.5	445.75
1062.7	450.1
1051.6	453
1049.85	452
1051.15	449.85
1044.6	443.1
1040.7	435.25
1039.55	432.5
1033	433.7
1026.9	435.95
1019	444.8
1011.6	443.15
1006.05	441.8
1002.2	438.4
996.55	439
991.25	434
985.05	432.75
827.15	360.1
755.65	316.05
753.7	321.05
748	324.85
739.8	324.2
734.05	324.8
732.45	322.6
729	321.45
723.1	321.6
715.25	320.3
708.8	320.85
704.6	323.2
700.15	323.6
694.35	326.45
688.7	326.5
684.5	327.35
677.35	326.4
670.25	321.7
662.35	322.75
658.85	323.15
655.9	322.4
834.2	367.65
949	430.65
934.2	432.75
921.5	427.95
913.1	421.75
907.7	421.4
900.45	426.7
894.6	428.55
894.45	433.35
888.35	436.55
880.3	426.9
875.15	421.3
872.8	419
872.15	422.15
726.65	425.5
505.55	408.05
519.9	408.7
519.2	408.75
513.9	409.9
503.95	414.2
503.15	413.45
496.75	412
488.3	413
481.4	413
468	412.95
463.45	412.8
457.5	414.8
449.6	412.65
632.2	439.7
872.3	451.6
854.95	459.75
844.7	463.2
832.55	456.5
826	453.2
814.05	456.7
815.05	455.3
802.85	456.75
801.65	457.15
789.7	452.05
790.5	448.5
784.85	449.5
775.45	447.75
772.9	447.1
767.5	447.3
761.1	445.7
748.2	447
752	452.35
754.15	454.4
732.65	451.8
724.45	453.75
720.1	461.7
712.85	454.25
714.65	461.55
752.1	427.45
762	379.5
753.4	388.85
751.25	382.25
748.6	394.5
736.35	392.4
736.95	401.15
736.35	406.15
720.1	401.55
725.4	413.95
721.9	415.15
713.55	414.1
717.25	409.95
720.05	404.6
709.15	405
708.15	403.25
708.4	399.9
593.55	398.15
534.65	391.35
532.45	392.9
531.5	389.75
525.55	388.95
526.4	382.85
525.65	387.55
526.6	389.2
523	386.65
520.35	383.9
521.65	384.55
526.25	381.45
524.95	380.2
522.3	372
514.85	365.85
514.55	363.9
508.75	363.85
513.6	369
768.45	251.6
769.25	253.4
763.6	259.7
766.75	263.5
764.4	262.8
768.3	266.25
768.85	268.1
770.6	270.85
771.15	271.3
774.15	272.75
774	273.55
771.4	274.2
770.9	271.5
769.85	265.7
767.2	264.65
763.35	263.1
763.7	261.55
653.5	290.05
550.25	330
553.9	325.95
557.25	329.6
555.7	331.6
554	332.4
551.15	329
549.15	329.95
545.5	321.75
541.8	314
541.9	312.8
541.15	310.45
542.8	308.65
543.65	303.8
540.2	296.35
540.05	290.15
300.5	354.9
300.7	356.75
319.95	438.6
322.7	435.35
324	439.45
308.8	358.3
311.95	355.25
312.55	350.25
306.9	351.15
318.1	424.85
319.7	404.6
313.85	345.05
311.1	344.4
322.65	436.45
331.7	443.6
331.7	448.8
333.05	458.05
332.2	463.25
328.85	467.9
328.45	472.15
328.3	470.15
326.2	467.15
321.85	463.5
319	452.4
541.9	421.65
550.5	423.15
543.7	423.1
542.6	412.85
543.05	412.3
543.4	412.45
543.7	408.1
546.85	410.9
549.15	410.2
550.2	410.05
551.9	408.3
551.95	410
552.6	409.8
554	414.25
554.45	416.6
559.3	414.25
562.15	413.55
555.25	412.95
555.2	412.05
553.05	409.65
554.35	419.6
552.55	425.55
549.45	424.85
547.3	428.5
544.6	429.45
542.35	431.9
543.2	434.15
542	434.35
545.25	433.3
546.05	432.85
545.1	431.8
544.3	431.75
541.9	432.25
542.6	430.35
542.25	429.15
542.85	428.2
542.6	421.95
541.7	420.1
541.15	417.6
542.05	416.65
543.1	415.85
544.6	414.35
540.65	411.7
539.5	409.5
541.25	411.4
542.75	410.05
539.8	411.95
538.6	413.2
538.6	415.9
540.4	415.5
543.3	415.2
543.15	414.5
547.7	414.85
551.25	411.25
550.95	405.8
550.75	401.4
549.45	396.95
550.25	398.3
550.05	397.4
548.3	396.45
547.2	393.55
549.6	385.45
552.4	382.2
556.95	387.8
558.3	392.85
562.25	403
565.3	400.3
566.1	397.75
567.25	394.65
567	394.95
566.55	394.45
569.55	394.6
573.15	393.5
571.9	390.5
567.8	393
564.7	394.1
565.4	392.45
564.05	393.3
568.75	392.9
571.8	394.2
568.6	396.6
566.45	397.7
566.45	395.7
564.9	395.45
566.65	394.5
565.85	394.45
381.6	418
202.1	441.45
215.3	442.55
217.1	444.85
218.55	446.6
218.05	446.85
219.6	446.35
219.55	449.65
220.95	449.95
221.1	453.5
218.8	452.95
218.6	452.6
220.85	455.1
225.3	455.65
226.7	450.8
222.85	449.4
579.95	356.6
657.15	319.65
642.65	331.5
641.05	336.4
636.95	335.75
634.35	339.5
634.65	342
574.25	356.85
371.55	452.4
387.55	452.1
392.75	451.7
393.55	451.15
393.5	451
394	447.25
393.65	445.05
393.15	440.3
390.6	440.2
389.6	443.65
390.8	440.1
558.6	390.45
721.7	323.15
710.75	332.25
706.9	337.35
705.4	341.25
709.1	344.9
707.85	350.35
704.25	354
705.6	363.5
704.95	371.4
707.35	377
707.4	377.9
702.75	380.05
707.55	377.8
713.05	377.9
709.1	378.05
706.4	386.35
706.4	394.45
707.15	396.8
701.85	400.35
704.65	406.85
703.1	412.4
700.7	417.5
699.65	418.7
700.05	423.5
701.1	422.85
699.35	418.3
696.4	417.05
696.5	414.85
694.95	415
692.3	414.35
693.85	405
693.25	395.2
692.4	396.05
693.85	394.45
694	391.6
694.35	385.8
730.25	383.65
914.05	303.85
917.4	302.95
914.4	298.4
913.15	302
912.15	312.6
636.8	375.25
530.25	404.15
540.75	413.35
545.5	420.6
545.7	428.45
546.25	427.15
545.35	428.65
545.95	433.2
545.2	430.8
545.9	428.35
545.5	428.65
548.1	426.25
549.85	423.6
547.65	423.45
549.1	425.1
551.4	425.3
553.15	431.4
553.95	431.7
556.15	430.6
554.15	433.05
551.75	437.3
553.35	437.05
554.2	438.25
553.95	440.3
554	439.7
554.55	440.75
557.2	442.15
572.85	439.9
683.95	345.65
679.4	351.75
675.15	357.1
673.35	361.85
671.6	363.2
671.85	362.65
671.45	361.9
670.5	360
670.2	358.45
669.9	359.15
670.95	358.35
672.9	359
675.4	356.75
673.45	354.5
680	346.9
892.75	305.35
896.05	305.8
883.35	301.25
889.75	301.5
884.75	301.05
883.5	304.95
892.4	310.8
888.9	315.7
884.35	320
882.4	321.85
879	322.05
879.05	322.55
877.45	321.5
878.85	323.6
876.4	328.65
876	334.7
871.65	339.15
690.15	367.45
681.55	372.5
682.35	374.05
686.55	373.7
687.05	375.15
684.35	372.1
681.95	368.45
678.2	369.55
677.65	368.3
677.55	359.65
675.4	357.75
675.4	353.95
674.65	349.2
631.6	345.4
636.95	444.5
639.55	447.85
642.75	446.5
645.85	445.6
650.05	446.15
647.85	444.4
645.15	444
646.65	445.5
649.25	449.6
643.9	444.65
521.45	499.2
0	0
0	0
0	0
0	0
583.65	358.4
584.4	368.8
584.15	370.3
584.3	371.75
585.55	369.8
584.3	370.65
585.3	365.95
582.8	356.6
580.1	350.75
581.6	344
578.4	341.45
578.25	338.65
580.2	335.3
656.3	318.75
856.65	351.6
856.1	348.9
853	348.05
852.1	342.9
846.55	339.6
845.55	336.9
846.95	336
846.4	334.65
847.05	334.15
847.6	333.75
850.05	333.55
853.1	336.15
853.25	335.85
853.4	333.65
854.6	330.85
855.4	330.95
856.8	330.8
858.95	329.2
860.8	329.05
863.15	327.1
865.05	327.3
865.25	325
866.45	325.95
865.75	325.75
868	325.7
870.2	327.9
867.6	328.2
866.25	326.65
842.3	264.25
841.8	270.45
845.9	294.9
857.85	322.3
859.4	310.05
834.8	78.1
0	0
0	0
0	0
0	0
0	0
0	0
0	0
0	0
0	0
0	0
0	0
0	0
0	0
0	0
0	0
0	0
0	0
0	0
0	0
0	0
0	0
0	0
0	0
0	0
0	0
0	0
0	0
0	0
0	0
0	0
0	0
0	0
0	0
0	0
0	0
0	0
0	0
0	0
0	0
675.3	16.9
676.05	33.85
677.35	47.2
680.7	53.5
676.75	84
674.45	117.65
678.25	124.15
676.05	131.2
677.2	139.05
808.7	100.75
856.7	84.95
850.85	76.25
841.6	66.55
878.65	125
884.95	159.25
895.25	175.9
902.35	191.3
901.15	197.15
891	188
889.9	183.25
893.05	193.8
888.8	209.7
891.25	214
888.95	215.15
889	224.45
890.6	231.4
893.55	232.55
887.75	223.55
890.4	220.85
893.45	223.7
892.1	223.65
889	224.1
889.15	222.15
885.7	222.95
863.4	213.45
661.25	250.3
668.3	249.8
674.3	245.95
671.7	246.45
670.15	245.2
673.95	254.55
669.05	258.4
665.35	269.45
673.4	288.9
695.5	383.2
692.3	384.05
689.5	380.2
692.3	372.6
688.55	369.7
688.6	363.25
693.85	358.2
690.25	358.25
688.35	358.4
688.55	358.5
688.85	359.65
686.6	360.85
683.45	359.85
681.85	361.85
682.5	364.3
680.25	362.6
678.25	360.5
674.65	360.2
678.45	360.65
683.85	360.4
684.05	364.95
681.1	367.45
678.1	363.9
684.5	360.95
683.5	363.55
684.2	359.75
681.8	363.35
682.05	355.6
685.7	347.55
663.35	334.55
629.25	296.7
626.65	299.6
629.35	303.5
629.95	304.25
628.95	306.25
629.6	303.85
627.75	304.75
627.85	300.15
624.8	299.95
624.45	297.25
439.1	315.35
385.55	303.95
391.8	302
398.85	299.65
402.65	300.1
397.55	292.5
396.65	294.05
400.8	295.65
403.6	306.25
403.05	318.9
401.85	330.5
314.2	324.15
250.75	195.55
260.1	195.2
264.2	196
264.65	208.8
254.9	200.6
255.75	209.5
273.6	339.05
275.55	346.8
266.2	361.2
267.75	361.15
271.45	366.25
266.05	368.6
263.1	370.3
260.65	371.15
258.7	368.05
258.85	367.65
261.15	366.35
251.2	247.85
253.3	243.7
254.5	232.7
276.8	214.05
464.45	125.05
471.15	139.6
464.8	130.6
466.15	117.8
466.85	101.2
465.65	86.55
461.9	70.7
461.55	55.15
477.1	69.7
470.7	48.25
463.95	30.1
458.8	34.75
456.4	36.75
0	0
0	0
0	0
0	0
0	0
0	0
0	0
0	0
0	0
0	0
0	0
0	0
0	0
0	0
0	0
0	0
0	0
0	0
0	0
0	0
0	0
0	0
0	0
0	0
0	0
0	0
0	0
0	0
0	0
0	0
0	0
0	0
0	0
553.65	11.8
553.8	42.1
552.4	56.95
559.15	66.1
559.8	78.6
566.5	87.1
568.95	93.1
570.6	98.5
573.7	92.6
578.95	91.5
582.7	99
587.25	107
595.35	102.7
599.4	103.7
601.85	112.35
610.9	125.95
616.15	141.1
622.55	140.6
503.6	106.65
278.25	67.75
287.85	89.9
297	84.05
308.3	117.95
316.1	102.5
321.75	125.4
328.2	119.2
326.15	120.4
332.25	108.25
333.3	125.55
336.9	111.05
341.25	127.8
350.15	129.7
354.15	126.05
360.3	122.05
364.3	105.7
370.45	102.4
376.1	81.35
385.7	70.45
387.95	78.95
392.05	86.25
404.25	131.75
404.65	153.2
406.5	192.5
0	0
0	0
0	0
0	0
0	0
0	0
0	0
375.25	201.65
379	203.75
378.55	211.35
379.8	209.3
382.55	206
413.85	331.45
420.6	324.75
422.45	321
421.35	322.95
426.8	321.25
433.55	322.7
393.65	323.7
294.5	350.75
303.15	361.85
311.35	360.8
317.25	362.9
318.35	359.2
324.6	360.05
329.3	362.3
337.25	356.45
344	358.65
352.75	344.9
356.6	336.15
365.05	331.55
369.55	324.3
373.95	321.3
380.65	319.7
389.95	316.4
400.6	312.75
455.3	298.2
898.05	416.45
900.45	427.9
902.1	426.85
905.05	429.75
913.6	430.4
922.2	430.15
926.45	431.6
930.25	432.55
938.1	432.95
944.3	433.3
947.55	433.45
951.85	434.15
956.55	430.45
960.4	431.9
963.25	431.95
959.75	423.5
964.75	406.6
968.6	404.1
638.65	388.05
303.9	198.45
337.3	208.45
354.4	205.95
392.8	334.55
401.35	332.55
401.65	330.35
405.2	311.35
265.45	301.4
260.2	271.95
265.4	242.25
288.45	334.2
283.75	284.65
287.5	252.4
308.95	335.45
308.1	304.45
306.75	281.1
318.15	291.55
330.45	334.5
338.35	325
332.65	320.15
336.65	288.15
340.95	293.65
339.4	280
344.5	282.35
353	269.45
348.4	259.65
353.75	262.55
355.9	268.35
276.45	277
270.9	272.85
281.5	261.35
281.2	261.5
296.25	267.2
0	0
0	0
0	0
0	0
0	0
0	0
293.2	270.9
302.6	266.95
236.05	316.85
232.5	322.45
241.95	324.05
246.9	334.5
255.8	338.7
263.3	345.4
268.15	340.1
270.9	345.6
280.75	344.95
279.95	353.3
286.7	358.2
294.9	365.9
302.5	374.5
309.5	389.55
248.9	349.55
229.85	310.1
244.15	317.5
254.65	318.35
260.45	322.65
264.85	317.9
274.5	314.15
283.6	313.55
287.6	309.35
291.4	309.7
293.05	307.65
299.5	305.55
306.1	304.9
312.3	299.35
323.55	293.2
332.8	270.15
337.1	183.2
343.5	48.8
0	0
0	0
0	0
0	0
0	0
0	0
0	0
0	0
0	0
0	0
0	0
0	0
0	0
0	0
0	0
0	0
0	0
0	0
0	0
0	0
0	0
0	0
0	0
0	0
0	0
0	0
0	0
0	0
0	0
0	0
0	0
0	0
0	0
0	0
0	0
0	0
0	0
0	0
0	0
0	0
0	0
0	0
0	0
0	0
0	0
0	0
0	0
0	0
0	0
0	0
0	0
0	0
0	0
0	0
245.7	0
250.25	4.25
256.25	45.55
257.4	56.05
256.9	62.65
261.95	90.3
269.6	107.7
273.7	111.35
275.75	122.3
653.45	225.4
662.35	228.15
667.65	245.05
670.35	256
671.3	258.7
672.5	258.2
679.8	267.25
681.3	275.45
688.9	282.3
695.9	291.65
520.4	253.25
527	255.15
536.6	258.65
544.05	263.45
548.85	263.45
547.8	268.2
547.65	270.75
547.65	276.65
547.2	284.3
549.45	290.6
553.05	295.85
556.95	303.6
560.3	307
561.55	311.85
563.35	315.05
562.15	315.55
562.2	315.05
566.9	313
605.45	252.9
604.25	252
601.8	259.6
604.3	260.7
603.95	259
605.5	257.25
601.4	258.35
598.35	260.4
597.6	262
598.6	261.75
597.5	262.05
601.05	261.3
602.85	261.05
606.85	256.8
606.2	255.8
609	254.8
611.3	254.3
612.4	257.55
684.15	288.7
835.9	381.5
832.95	388.85
826.2	387.25
823.5	386.05
824.95	385.35
828.65	387.1
834.6	385.9
835.6	389.95
837.8	389.1
839.6	388.5
841.15	386.9
838.95	386.15
838.05	378.95
838.1	378.45
837.5	374.6
837.3	373.3
834	374.25
829.65	363.55
830.05	342.3
832.1	343.2
833.6	346.75
833.3	348.9
835.85	351.1
837.05	351.05
838.35	349.8
839.45	348.55
840.35	349.45
884.15	337.9
932	332.3
933.95	332.6
935.1	332.25
931.9	331.2
934.4	326.95
936.2	324.8
939.65	325.1
939.25	327.05
938.4	325.5
939.85	322.85
939.65	321.25
938.3	317.75
938.9	319.3
935.4	318.1
935.4	319.5
939.5	318.15
935	313.2
899.95	417.9
898.15	427.85
899.35	428.9
898.15	429.6
896.6	428.45
896.45	425.65
894.05	423.1
662.1	367.6
655.25	365.9
662.05	366.65
666.7	369.75
667.55	371.1
668.95	367.7
667.75	368.25
667.45	365.9
665.5	362.4
665.4	357.65
666.15	355.55
663.55	353.2
662.3	345.7
662	338.75
661.4	334.85
660.25	332.3
660.5	332.05
570.05	258.2
554.05	238.2
556.05	248.05
556.8	254.2
557.5	258.15
558.2	260.4
554.8	261.5
553.55	259.1
551.65	259.4
552.65	259.95
555.2	259.8
554.35	258.55
555.15	263.4
557.1	262.95
558.7	261.45
559.15	258.25
562.25	259.55
385.9	223.45
381.6	221.85
386.7	225
389.6	225.45
387.95	229.15
388.2	228.3
384.9	226.3
385.1	221.65
382.05	212.05
374.45	206.1
389.8	201.75
556.95	220.35
554.65	222.2
551.75	223.25
548.7	222.75
547.8	226.25
548.65	230.25
541.3	232.35
535	239.8
536.1	242.9
534.25	244.7
535.55	246.8
532.6	247.8
529.25	249.85
528.25	255.7
527.1	259.15
526.7	261.95
526	269.6
526.6	272.3
526.65	277.75
524.8	284
524.8	286.2
524.05	285.5
525.45	284.75
529.75	283.7
525.1	304.9
525	332.75
527.2	332.55
531.2	332.3
532.95	330.85
529	332.6
529.95	334.05
530	334.3
525.05	333.9
521.45	331.65
525.05	331.15
525	332.65
526.8	332.2
529.05	330.7
529.1	327.6
713.1	319.7
719.9	320.1
716.65	318.1
714.7	312.35
715.2	308.7
714.25	304.2
719.55	305.85
716.85	310.8
723.75	318
719.95	342.15
0	0
0	0
0	0
0	0
0	0
0	0
0	0
0	0
0	0
661.25	227.7
664.65	226.85
665.2	229.2
662.5	229.8
661.35	231.95
669.25	229
673.85	229.6
675.2	219.75
670.5	232.45
660.1	227.6
657.7	224.3
655.6	230.5
661.15	221.95
663.6	232.25
663.05	233.75
662.7	230.15
849.6	423.2
857.15	517.35
850.95	507.35
844.3	506.2
846.05	505.15
836.85	502.75
843.05	501.2
838.5	495.45
844.95	494.65
846.45	503.3
851.55	495.6
850.95	498.6
846.6	496
849.55	498.2
851	492.05
851.4	494.55
855.6	504.8
858.2	503
856.9	493.25
848.4	492
699.2	315.25
674.55	184.1
676.25	188.85
684.2	188.6
683.45	193.6
685.85	196.35
677.55	170.75
685.05	199.45
298.1	144.3
206.05	110.45
223.75	108.95
230.1	122.35
232.35	118.35
233.2	118.8
231.65	116
241.3	123.65
395.7	141.7
753.4	168.35
738.55	184.95
734.25	183.6
733.6	192.45
736.2	194.05
735.55	194.45
713.25	125.05
718.8	124.85
726.45	141.2
718.6	130.3
710.75	107
711.9	99.3
737.3	181.3
736.2	163.05
732.15	165.75
739.7	167.6
735.5	164.7
734.1	165.35
730	158.5
742.15	151.1
740.6	157.65
734.65	147.35
732.4	134.95
732.8	125.05
884.75	276.75
888.05	316.8
889.75	316.55
893.6	321.65
877.3	291.15
868.95	254.5
902.8	357.45
901.8	353.7
901.75	365
875.35	269.15
878.4	278.15
825.3	293.75
662.5	52.55
677.8	79.8
687.45	96.3
687.65	98
681.6	98.05
676.95	97.2
667.85	75.65
695.05	188.7
690.3	191.5
687	187.05
657.9	109.55
662.75	141.7
667.5	143.85
668.75	153.8
660.9	305.65
643.7	437
645.55	421.55
653.85	415.5
649.15	409.65
650.2	406.15
650.9	417.85
658.15	425
599.25	604.15
0	0
0	0
0	0
0	0
0	0
0	0
0	0
687.05	286.75
691.6	296.65
682.15	308.75
691.75	323.5
695.9	335.3
757.95	211
764.75	203.25
777	273.45
779.8	289.95
783.45	289.4
787.6	302.2
781.5	305.85
783.65	305.1
780.55	305.15
808.6	251.75
803.65	248.3
805.25	249.45
805.5	254.95
798.65	257.8
804.5	253.15
800.6	245
797	245
790.75	247.95
795.25	240
793.6	235.5
796.9	228.35
790.65	225.95
799.55	220.3
802.85	215.45
804.1	217.15
803.3	212.7
803.1	210.6
0	0
0	0
0	0
0	0
0	0
0	0
0	0
0	0
0	0
779.65	169.95
779.5	172.4
780.75	169.6
779.3	163.25
778.3	159.45
782.85	152.7
780.95	148.55
778.75	143.2
780.1	145.4
779.75	144.4
771.2	139.2
773	146.6
803.2	250.15
784.2	189.3
797.9	248.4
767.85	162.8
770.65	169.4
795.35	247.75
769.35	171.85
794.8	256.3
792.05	262.3
794.8	271.65
795.8	305.4
791.1	311.55
785.5	306.35
781	309.3
786.75	305.65
787.95	307.55
786.7	310.15
789.35	305.35
787.15	306.95
791.9	297.05
789.4	295.6
843.55	272
842.55	269.05
843.65	266.7
840.9	266.25
838.8	260.6
837	254.9
836.65	242.8
839	251.85
840.6	248.6
839.6	257.35
839.35	256.9
831.95	256.8
778.65	241.65
780.5	239.95
782.85	241.75
785.7	242.4
784.85	241.9
789.05	252.5
0	0
0	0
0	0
0	0
0	0
0	0
0	0
0	0
758.55	184.55
754.4	177.65
760.9	184.85
788.2	263.3
781.2	261.55
782.1	261.5
784.95	260.75
783.3	259
782.7	258.85
783.1	257.5
786.15	257.65
787.3	258.7
791.15	254.95
767.7	254.3
544.8	120.15
537.15	111.1
538.5	114.5
535.5	116.05
534.7	114.8
536.3	118
532.35	109.9
530.8	108.05
348.1	103.4
351	99.95
353.95	101.8
348.7	97.45
354.9	99.55
350.65	113.1
352.1	109.4
362.8	110.65
362.35	112.75
364.4	112.5
364.9	113.35
364.3	117.65
361.55	115.2
360.4	104.7
351.25	99.95
349.55	102
345.95	100.35
352.3	99.4
658.35	202.15
778.65	219.05
771.2	214.95
762.55	208.15
763.7	206.85
771.45	210.5
769.4	209.2
765.15	212.6
764.2	206.8
764.05	195.3
727.85	244.7
727.95	252.55
725.05	250.95
722.95	248.3
723.5	250.45
725.6	248.75
726.65	248.65
727.15	246.15
728.15	249.05
717.15	255.6
564.45	232.2
566.65	231.4
568.4	231.1
569.4	229.35
570.4	225.3
574.6	222.85
578.05	226.5
573.15	225.95
575.25	224.25
576.5	221.65
575.1	216.65
579.4	218.7
576.55	209.85
581.7	214.8
579.25	211.4
579.35	199.65
589.7	246.05
587.1	249.75
589.35	248.3
591.9	248
589.65	244.15
582.85	252.25
586	240
585.25	247.75
735.45	229.7
747.05	234.9
742.7	238.25
742.9	234.6
746.5	239.85
744.8	236.65
741.9	236.55
738.85	236.3
737.2	237.6
740.2	241.95
737.9	246
740.45	248.4
741.9	243.65
744.4	245.55
740.8	243.4
740.25	243.15
741.2	246.8
738.6	243.75
738.05	247.75
736.5	249.2
682.45	249.6
661.3	238.8
661.5	243.4
666.05	242.4
666.6	243.5
0	0
0	0
0	0
0	0
0	0
0	0
0	0
678.55	201.7
687.6	257.3
688.95	266.65
686	265.8
685	262.15
684.95	257.45
621.85	245.45
551.3	194.55
549.65	196.45
548.9	199.95
550.65	205.55
552.35	206.1
550	210.45
544.55	215.7
544.65	221.9
542.15	223.55
543.6	223.65
539.2	224.95
543.25	225.7
543.25	226.1
543.05	223.15
541.15	220.9
538.3	219.55
538.25	215.95
654	246.85
663.8	254.5
660.8	245.85
659.9	239.5
658.35	235.6
656.45	232
657.45	222.05
658.4	213.6
662.65	202.6
657.2	192.05
658.1	190.6
658.2	186.15
655.85	184.75
658.6	179.45
655.95	177.4
650.75	177.25
655.7	171
653.75	168.75
654.6	166
727.3	168.75
781.95	284.85
779.55	281.05
776.7	287.75
775.85	283.35
775.05	280.15
773.4	283.7
772.6	289.65
770.55	289.6
769.85	291.05
771.5	292.95
773.45	291.5
773.65	291.1
774.45	288.55
772.8	286.95
771.35	284.6
770.3	290.5
859.95	301.35
862.5	312.7
860	316.95
860.4	316.75
863.25	322.75
858.4	326.1
860.05	323.65
900.5	321.75
902.85	317.4
896.75	320.95
898.5	319.25
897.25	318.6
899.35	318.85
900.4	313.85
899.3	309.75
899.45	311.5
902.75	306.4
904.2	308.8
900.55	308.05
900.35	305.35
890.75	316.8
697.15	180.3
675.5	170.5
680.6	179.15
688.15	188.95
690.15	191.35
692.85	202.3
694.75	195.6
691.65	201.15
696.9	209.4
693.95	202.45
699.9	205.7
700.25	201.85
700.55	201.4
698.85	203
696.35	200.2
699.1	201.85
700.5	202.75
700.6	204.05
702.8	204.4
704.05	204.15
707.3	209.5
726.4	294.3
750.9	202.45
754.5	208.3
753.8	210.2
751.8	213.45
747.75	215.55
749.95	215.5
751.95	215.9
758.25	213.8
754.25	217.45
753.5	216.45
749.15	216.1
752.35	211.9
751.55	211.95
754	209.8
754.4	212.65
751.1	210.9
754.2	209.55
753.85	206.6
756.9	208.8
756.55	211.3
759.2	215
756	213.55
754.4	213.6
812.35	179.9
817.3	175.8
821.75	178.3
823.1	178.3
824.35	179.75
826.15	179.9
822.55	181.3
828.1	184.25
824.6	185.85
823.6	184.7
818.8	183.6
818.05	186.95
817.3	187.7
819	190.05
820.5	188.95
821.3	190.75
823	191.55
825.75	194.6
826.3	195.4
828.55	196.95
829.75	196.7
828.3	193.95
832.05	197.25
829.05	196.3
785.2	215.2
780.7	217.8
782.45	210.35
785.95	209.2
785.25	204.75
785.8	210.4
876.4	297.45
872.25	425.55
894.65	437.65
886.75	334.15
890.7	326.2
887.35	345.75
885.35	343.2
885.7	342.2
886.3	342.3
891.4	342.5
889.1	342.1
895.45	343.75
897.55	343.55
900.75	344.6
901.5	341.25
902.65	341.1
880.65	359.4
881.05	363.7
883.45	371.45
881.25	375
876.95	377.95
878.8	377.6
879.05	381.3
880.4	384.35
