632	309.5
633.5	307.65
635.2	292.55
639.55	292.3
642.3	291.1
647.05	285.55
643.85	287.35
649.1	287
621.15	273.2
557.6	223.05
545.1	231.35
0	0
0	0
0	0
0	0
0	0
0	0
0	0
579.65	287.15
582.65	279.25
577.95	276.55
585.75	270.45
584.1	269.85
585.4	277.55
585.3	278.05
578.65	284.1
578.6	287.65
578.05	286.05
0	0
0	0
0	0
0	0
0	0
0	0
0	0
0	0
550	298.5
660.2	415.15
656.65	415.2
653.95	414.4
651.15	414.6
653.7	413.4
654.5	423.05
657.3	434.85
660.05	451.65
657	454.9
659.05	461.85
662.7	470.75
663.75	477.2
667.1	479.6
667.9	479.9
669.5	480.5
670.7	484.8
675.15	483.8
651.35	457.35
566	302.15
559.55	276.75
564.55	271.45
565.6	273.85
566.75	271.8
566.65	270.9
571.05	268.15
569.35	272.5
0	0
0	0
0	0
0	0
0	0
0	0
0	0
0	0
509.2	318.75
510.25	321.4
515.55	322.15
515.65	322
514.45	320.35
515.55	320.7
513.85	321.1
518.95	323.6
511.1	326.45
510.4	326.45
508.15	330.35
509.85	332.9
535.35	327.75
556.55	332.2
568.05	350.7
0	0
0	0
0	0
0	0
0	0
0	0
0	0
0	0
645.3	381
643.5	386.5
641.95	388.65
643.25	388.65
641.25	383.95
641.4	380.95
645	385.5
644.1	389.75
644.95	391.2
649.2	395.25
573.55	390.2
522.05	365.35
520.3	366.45
521.25	369.3
522.85	374.4
522.4	373.35
518.85	375.5
525.3	373.85
521.65	373.4
525.55	369.5
520.2	371.05
527.1	368.3
525.2	361.3
530.7	359.35
527.65	363.35
528.3	345.15
0	0
0	0
0	0
0	0
0	0
0	0
0	0
0	0
0	0
611.4	353
608.25	361.5
610.5	362.3
614.45	363.9
610.05	363.1
612.65	360.9
616.65	354.75
621.15	368.2
645.45	370.8
690.2	377.5
692.3	379.6
693.85	378.6
692.05	381.85
697.35	381.65
697.45	380.85
699.85	382.1
702.65	387.8
583.25	381.6
578.9	379.2
582.7	378.7
587.1	383.8
587.2	383.6
587.7	384.25
590.3	382.2
593.65	383.85
588.45	381.85
590.45	381.9
587.05	377.5
586.15	373.65
496.45	349
486.25	343.6
485.7	344.7
483	345.7
482.9	345.65
487.3	347.15
486.75	349.85
490.6	351.95
493.7	352.5
491.55	351.55
494.25	353.85
491.95	360.75
0	0
0	0
0	0
0	0
0	0
0	0
0	0
0	0
0	0
0	0
628.45	425.1
628.45	440.4
629.4	443.7
630.35	440.5
557	368
524.05	294.15
522.85	293.65
526.95	302.65
532.3	308.8
530.7	312.25
532.65	313.8
526.95	317.9
524.8	309.1
522.55	305.65
522.9	307.9
484.05	291.65
475.6	289.1
476.35	285.7
473.95	288.05
471.45	288.15
472.9	288.45
402.85	312.5
365.05	331.3
362.65	333.2
361.45	332.4
360.5	333.6
363.75	332.5
366.85	331.75
363.85	326.8
360.7	323.25
361.35	325.8
467.8	335.35
617.25	362.9
614.15	362.5
606.4	361.1
609.4	363.15
611.25	366.45
613.2	361.4
609.9	360.95
609.05	359.2
609.4	358.6
608.5	358.3
607.85	357.05
608.3	353
606.85	356.7
603	353.5
604.35	352.1
602.8	350.9
605.5	348.3
605.3	340.65
603	336.15
603.95	336.35
422.1	284.9
362.9	263
366.4	259.45
368.15	257
367.35	256.55
371.85	258.95
372.2	256.95
371.8	252.45
370.85	249.05
371.45	245.55
368.1	246
366.95	246.45
367.55	246.95
370.35	245.2
368.5	246.4
370.65	258.3
376.45	257.75
373.95	259.5
375.8	260.95
598.5	298.05
882.6	370.7
884.2	379
880	381.05
879.95	379.95
879.65	379.1
879.3	381.1
875.45	381
872.8	377.6
869.35	377.65
865.8	373.9
862.8	370.75
861.2	369.75
861.1	369.2
858.95	365.85
859.65	364.05
857.8	365.05
857.1	359.55
857.55	358.8
848.85	353
839.8	344.15
843.4	338.8
836.2	342.95
835.85	343.85
837.2	343.1
836.65	342.1
829.7	340.6
827.2	336.65
822.4	338.35
677.55	286.65
385.15	197.15
305.5	174.85
318.25	179.8
322.35	186.45
320.25	189.4
318.65	187.35
324.35	188.05
322.55	194.8
321.95	199
321.85	201.95
324.1	201.8
325.15	207.5
319.1	212.6
318.4	214.8
324.25	217.7
323.1	226.45
320.45	229.5
322.7	230.05
320.15	226.05
320.6	225.95
320.1	228.8
324.8	225.45
565.6	217.05
788.15	230.75
791.7	231.7
788.35	235.9
786.6	238.65
782.6	236.75
782.75	236.45
782.45	243.55
775.3	247.25
775.4	250.8
774.85	257.95
769.3	258.9
770.55	261.35
772.7	263.3
771.5	267.6
772.85	271.1
771.35	274.4
773.3	274.2
774.7	273.4
772.65	275.15
769.1	278.7
773.95	277.15
772.05	280.95
765.95	277.95
770.05	277.25
767.85	278.55
765.95	281.9
767.45	281.75
768.05	282.75
766.7	278.25
767.8	275.55
768.65	276.45
766.1	273.05
766.3	271.45
767.45	269.6
764.75	263.9
762.85	261.7
762.35	266.75
760.45	271.7
760.75	265.1
762.2	270.2
761.25	271.7
760.8	269.45
759.2	268.45
757.75	263.9
755.8	262
755.75	263.05
754.3	263.1
753.9	261.2
755.05	257.55
754.35	255.2
755.4	253.65
758	252.4
759.5	251.35
761.65	248.6
760.6	248.85
760.3	247.65
759.2	246.25
763.85	248.9
762.05	254.25
764.4	279.7
0	0
0	0
0	0
0	0
0	0
0	0
0	0
0	0
0	0
552.3	282.75
570.15	232.05
592.05	210.4
624.5	235.25
701.85	343.65
703.95	365
700.2	374.85
702.5	380.2
697.65	385.85
700.55	382
695.6	390.95
697.4	402.1
696.85	413.4
696.8	418.45
697.55	435.1
690.55	442.45
688.5	446.45
687.1	450.55
687.75	453.85
686.9	455.05
685.95	453.75
690.3	453.4
683.55	448.55
687.8	445.2
682.8	442.95
686.35	441.15
683.15	437.7
681.25	428.65
681.2	424.45
681.3	423.45
682.9	420.7
681.95	413.75
682.95	413.7
685.25	414.1
683.15	411.2
683.7	409.3
683.4	405.85
681	398.55
680.45	396.7
683.3	394.3
683.5	393.05
680.7	388.35
681.7	384.95
682.45	379.95
684.65	377.45
682	376.7
681.85	375.8
681.5	373.15
678.1	367.25
681.25	366.05
682.05	364.25
680.35	361.45
681.2	362.35
675.65	359.15
677	361.65
675	360.05
675.85	350.15
678.45	353.5
681.5	353.85
681.3	353.9
678.35	356.95
684.85	357.8
687.2	359.05
687.45	361.25
690.4	361.35
692	357.85
690.55	351.6
689.3	352.85
688.3	352.35
691.1	348.25
693.15	347.35
690.5	344.8
686.4	342.15
689.4	338.9
683.9	340.65
403.55	189.9
382.4	178.65
378.65	196.6
379.9	199.15
378	202.6
376.15	206.7
371.4	207.75
369.85	213.45
372.4	219.3
371.6	225.5
369.85	229.85
497.9	268.05
581.65	313.3
579.9	313.55
586.05	319.15
586.15	322.3
581.35	322.7
581.75	322.3
586.6	325.6
581.85	331.55
586.95	331.25
588.5	333.6
587.9	339.95
592.45	343.45
592.5	345.15
591.65	349.05
593.15	348.45
591.85	351.35
594.45	355.1
518.85	360.35
385.45	358.6
142.05	539.55
0	0
0	0
0	0
0	0
0	0
0	0
394.25	385.7
399.75	407.15
405.65	411.6
403	412.2
400.6	405.85
398.35	406.1
399.1	409.35
398.3	408.35
395.3	408.3
496.9	319.4
588.25	203.55
584.05	212.6
582.45	215.3
582.25	214.8
576.3	206.7
570.05	206.6
571.65	204.1
567.3	208.3
565.85	209.75
563.95	211.55
565.15	216
558.55	220.9
559.6	225.35
559.05	228.85
560.7	230.9
556.8	229
554.8	227.2
809.85	352.85
903.6	407.25
899.1	404.35
894.25	404.55
891.75	398.55
894.05	394.85
892.2	392.85
892.7	389
891.45	389.1
890.8	387.8
893.5	384.25
895.1	380.6
829.35	379.8
577.35	333.85
595.2	339.4
599.3	343.6
602.7	347.45
598.5	350.6
597.25	351.45
596.15	357.55
598.35	361.9
598.45	361.5
601.5	364.8
600.45	367.1
601.25	372.25
604.65	376.8
596.05	224.55
593.65	218.7
589.15	225.4
592.85	222.35
593.9	218.75
592.1	217.8
594.75	217.2
590.15	219.9
591.2	219.85
591.55	222.2
589.85	219.8
591.25	217.9
586.7	210.35
588.7	207.95
592.1	208.3
592.45	210.15
592.45	211.3
593.15	211
594	211.3
592.65	211.75
589.55	212.1
591.45	206.7
592.8	207.95
588.6	213.75
587.45	211.45
586.8	210.2
585.8	213.85
583.9	217.05
580.6	219.15
582.55	215.8
577.25	216.8
579.25	214.95
575	211.95
576.05	212.1
576.65	214
575.55	212.9
569.95	211.45
569.65	211.9
570.3	216.5
571.1	212.85
571	214.25
576.95	215.4
579.05	214.85
576.35	215.4
575.7	218.5
576.15	215.65
572.05	204.3
567.7	201.15
570.2	203.35
572.7	210.9
567.85	207.7
568.1	200.8
565.4	204.85
567.1	210.5
568.5	214.95
567.8	211.5
567.6	212
568.6	206.85
564.9	197.85
563.05	200.1
566	206.4
569.15	212.55
573.25	213.2
571.55	215.7
571.7	209
567.15	208.25
568.55	210.35
569.85	219
569.2	221.4
576.25	225
571.8	227.15
570.45	227.45
573.8	228.15
562.55	225.55
561.9	215.8
568.65	214.85
562.85	215.85
562.55	210
561.05	205.45
566.5	214.25
569.1	203.35
567.45	202
566.85	199.25
563.4	197.95
569.65	197
572.25	200.65
568.4	198.3
572.3	200.85
570.25	185.2
569.6	192.4
567.65	196.4
566	180.9
562.9	191
558.05	181.75
561.05	193.15
561.55	192.55
558.35	179.3
556.7	170.9
554.75	172.2
555.45	178.7
560.65	184.5
559.3	182.45
563.2	178.6
558	177.45
556.95	178.05
559.75	179.7
553	184.3
547.45	174.3
546.4	178.95
547.2	188.55
549.1	195
543.5	194.3
539.95	190.3
545.1	196.15
551.65	197.85
551.75	196
555.95	201.4
0	0
0	0
0	0
0	0
0	0
0	0
715.85	199.1
723.2	263.55
723.65	267.7
722.75	270.9
722.35	270.05
728.45	266.5
721.3	266.55
724.45	270.9
728.45	277.85
733.7	285.55
735.75	288.55
730.85	283
727.9	283.45
729.9	287.3
730.75	295.3
726.1	295.8
729.85	295.75
730.8	290.65
723.45	293.35
724.4	293.7
727.1	293.45
732.1	291.95
731.5	288.4
731.2	291.55
732.45	289.3
736.3	283.2
732.65	283.45
734.2	279.05
738.8	284.35
740.05	280.7
742.15	278.3
741.8	271.15
733	263.55
760.5	224.15
758.15	216.8
757.15	217.45
748.9	207.85
751.7	206
756.4	209.1
760.7	207.65
758.1	206.35
759.55	206.05
762	212.5
765.05	214.5
770.85	214.65
788.65	214.1
787.55	219.3
788.75	221.6
787.15	223.25
788.2	225.9
787.8	225.4
787.8	228.8
787.1	233.65
791.25	236.6
792.65	241.15
792.3	251.45
794.9	251.7
798.2	250.4
797.65	253.45
797.5	251.05
804.7	251
800.2	258.95
807.1	263.15
809.35	266.1
805.85	268.75
800	271.95
773.6	266.15
772.35	266.4
774	269.8
773.6	269.45
774.65	273.25
771.7	273.4
773.45	277.15
686.55	291.75
530.85	311.3
522.25	315.95
529.7	314.15
529.15	317.35
530.2	316.15
526.7	312.35
531.8	315.3
469.3	312.75
442.1	302.3
446.25	307.85
452.55	315.5
456.95	321.05
458.8	326.15
517.45	338.7
546.85	350.05
499.9	311.6
0	0
0	0
0	0
0	0
0	0
0	0
0	0
0	0
0	0
0	0
0	0
537.25	435.3
533.1	440.85
532.15	435.95
536.3	441.25
540.75	443.1
539.85	451.1
540.1	458.5
541.25	461.2
546.9	468
564.4	464.6
561.05	472.05
562.95	476.2
562.15	481
564.1	481.25
563.95	485
565.6	489.35
566.55	488.2
563.75	485.3
442.15	428.05
193.85	280.45
149.45	255
156.05	259.25
160.2	260.35
160.05	257.3
161.05	253.35
159.85	251.1
155.8	245.35
154.7	243
391.25	283.95
486.65	325.75
487.75	325.15
487.3	323.55
486.15	317.1
485.1	311.45
487.15	311.7
488.05	313.35
486.7	313.6
489.75	312.95
495	314.6
497.15	316.1
499.65	318.35
494.85	320.95
500.05	320.6
502.15	320.6
503.2	321.05
504.45	319
508.25	320.3
506.65	321.85
510.1	320.05
514	319.45
509.8	321.45
509.35	322.95
516.2	325.5
518.8	324.4
518.1	322.85
519.75	324.45
519.95	326.35
513.7	330.45
497.85	324.65
497	325.85
496.85	329.9
497.3	332.35
497.5	332.35
496.95	335.6
501.15	339
497.8	342.9
501.1	339.45
497.1	341.5
500.35	344.2
557.3	329.45
720.05	252.05
759.65	235.5
756.75	240.35
755.8	243.95
753	247.3
748.35	244.7
744.8	247.75
743.6	248.9
738.85	252.45
739.3	253.8
739.9	257.1
736.3	267.1
738.15	265.25
736.25	265.75
737.1	273.4
731.35	275.2
681.4	264.65
677.05	266.25
675.75	266.35
679.55	266.2
681.1	266.95
684.25	268.55
553.95	293.1
511.75	312.5
516.2	312.75
516.45	309.2
518.45	310.1
515.5	313.3
516.35	313.35
514	313.2
513.15	312.45
508.25	309.8
506.55	306.75
508.1	307.8
505.65	308.85
505.65	310.65
509.5	318.8
516.2	341
0	0
0	0
0	0
0	0
0	0
770.1	368.1
768.05	369.25
772.3	371.85
771.05	372.9
774.75	368.95
773.85	368.5
774.55	366.2
776.45	362
771.2	356.1
772.4	365.45
768.4	368.4
769.7	370.6
772.35	378.65
771.25	375.9
775.95	378.05
769.05	376.4
769.05	376.75
773.8	373.6
775.4	374.6
773.2	375.85
775.85	375.1
771.2	375.9
771.9	377.1
749.6	373.95
531.35	342.75
436.5	309.45
435.85	313.2
451.95	324.85
446.95	319.85
451.65	320.3
446.6	327.85
446.2	319.7
451.55	333.2
448.25	331.35
447.9	332.35
455.2	339.65
451.2	330.65
463.1	353.55
0	0
0	0
0	0
0	0
0	0
0	0
0	0
0	0
0	0
0	0
0	0
0	0
0	0
0	0
570.55	412.35
529.9	411.85
528.65	411.6
526.9	415.25
525.95	417.25
524.65	414.1
522.8	429.95
523.4	431.8
521.1	442.85
523.5	447.7
521	453.7
516.05	462.7
513.35	468.2
506.8	465.4
505.1	458.45
508.65	462
505.15	469.25
523.3	452.35
605.6	378.75
611.9	381.5
615.05	383.25
611.45	383.7
614.05	385.9
606.3	388.9
602.4	385.65
601.8	382.85
598.1	381.8
592.55	377.2
596.3	377.7
603.45	380.7
599.85	372.25
602.1	368.45
601.4	371.1
603.7	364.95
544.7	296.85
0	0
0	0
0	0
0	0
0	0
0	0
0	0
0	0
559.85	196.25
601.1	179.3
634.5	194.85
675.7	270.05
665.05	278.6
656.8	273.9
653.9	273.75
653.3	273.85
647.5	274.15
642	273.45
640.35	273.05
638.9	270.55
641.55	280.95
635.25	282.45
633.95	282.85
632.85	291.9
631.3	292.85
610.05	260.6
615.4	267.6
615.6	268.95
615.2	276.2
605.05	267.65
605.05	283
603.15	286.6
607	285.95
602.9	287.5
593.2	291.5
593.75	290.1
585.85	287.6
585.6	288.5
588.6	296.3
587.65	300.45
587.45	293.65
585.5	291.95
581.8	293.25
580.05	287.25
578.8	291.4
579.4	285.3
574.95	274.85
576.7	284.7
578.35	285.55
577.7	287.4
576.2	288.4
572.55	284.85
643.8	166.65
642.4	125.85
644.45	139.9
643.1	141.1
643.1	146.9
641.65	141.75
639.15	144.7
634.45	147.35
630.35	152.85
621.95	154.3
616.7	147.25
608.25	146.25
605.65	149.8
603.2	152.4
604.5	155.3
599.45	162.05
599.25	163
596.65	171.25
586	154.1
582.35	148.25
576.25	155.15
576.7	166.3
569.7	169.55
531.1	205.55
523.65	205.35
520.4	201.85
515.85	215.6
510.1	219.2
505.9	224.05
505.9	216.25
493.15	211.65
489	217
486.7	218.45
481.1	219.5
476.7	226.25
476	235.8
0	0
0	0
0	0
0	0
0	0
0	0
0	0
0	0
0	0
556.2	88.2
542.3	111.4
541.25	113.95
539.05	116.05
531.1	123.2
531.15	135.25
533.65	138.6
531.95	141.05
526.4	149.3
527.5	152.95
526.1	158.3
523.2	169.4
526.2	179.15
525.85	191.5
518.95	195.9
517.75	196.95
518.4	203.7
520	205.8
519.75	207.15
519.65	208.25
518	207.9
515.7	207.55
512.35	208.7
513.5	210
512.75	213.1
511.75	212.35
505.05	213.4
498.9	219.9
499.95	220.95
503.1	221.6
500.25	226.9
498.15	227.05
495.75	227.7
494.2	231.3
495.8	233.1
494.1	232.65
495.1	229.7
493.9	229.6
493.55	230.2
495.5	230.75
494.4	231.2
496.2	230.95
493.65	233.8
493	223.2
494.6	226.6
494.65	225.4
495.45	225.4
496.8	224.95
497.15	226.3
500.4	226.55
502.6	226.05
503	226.5
503.05	231.5
505.3	229.85
507.35	230.25
497.7	228.95
497.45	229.9
494.7	232.95
502.05	231.05
499.1	229.2
497.4	234.8
502.65	229.45
501.5	234.05
495.8	238.4
492.65	236.85
497.55	240.15
495.35	244
495.3	247.65
492.2	244.6
487.85	244.2
483.9	246.25
487.35	248.7
487.2	250.7
488.65	254.85
488.85	255.75
484.6	256.6
488.65	260.1
489.75	260.35
491.05	258.1
491.75	260.15
492	264.45
494.35	270.4
496.5	272.9
492.95	275.05
496.35	276.05
493.9	274.35
492.95	277.25
495.6	280.4
496.55	282.65
493.6	286.4
493.7	285.95
494.25	289.05
494.55	290.4
494.6	295.15
496.9	298.35
496.95	298.45
496.55	294.4
497	299.4
498.2	302.6
498.25	304.4
501.25	306.2
499.8	307.35
499.55	304.25
499.5	305.95
498.3	305.85
496.85	306
497.55	302.85
498.85	309.05
494.1	308.4
493.9	309
491.55	309.8
492.85	311
491.65	310.95
494.25	309.3
496.05	310
492.7	310.65
494.75	308.8
493.35	309.05
494.5	311.55
497.9	316.45
496.8	312.05
499.9	310.3
499.4	310.1
496.95	310.05
501.8	309.95
501.4	310.8
500.6	309.7
500	310.5
498.65	308.15
496.55	307.2
496.55	310.35
495.75	309.2
497.6	310.05
497.15	307.8
495.9	308.45
493.6	305.35
493.4	305.55
496.75	308.85
498.35	308.55
495.55	314.95
497.25	318.3
497.7	317.7
495.3	322.8
493.65	325.8
523.7	303.1
612.95	212
603.7	225.2
603.85	229.1
604.95	229.5
603	234.55
598.5	234.85
601.8	234.35
602.2	236.4
594.05	240.1
591.65	237.2
601.75	238.4
594.2	239.1
592.8	229.5
599.2	235.8
591.9	236.6
595.05	228.75
586.1	229.9
589.1	229.5
589.5	230.5
590.4	232.15
589.1	231
590.85	234.95
589.7	236.45
589.8	233.75
589.85	234.65
590.95	233.7
589.95	232.3
590.3	230.75
590.15	232.15
586.2	230.15
581.85	230.8
583.8	232.25
581.3	234.65
579.55	235.4
578.7	233.25
579.85	232.8
576.65	232.05
577.7	229.4
578.65	231.9
578.95	232.25
582	232.65
580.9	233.85
582.35	233.2
582.35	232.9
583.65	234.75
584.75	237.15
584	235.1
582.6	232.8
581.45	231.8
582.1	234.35
581.85	232.05
583.25	227.25
580	229.25
583.9	223.05
583.35	232.7
585.85	229.25
582.15	225.85
582.85	223.35
582	226.45
580.85	226.2
507.35	329.4
0	0
0	0
0	0
0	0
0	0
0	0
0	0
584.1	113.65
629.4	119.85
636.8	157.5
640.6	187.7
644	197.8
644.05	203.45
643.5	212.5
650.9	223.65
651.15	240.1
651.6	253.7
654.75	265.1
648.95	271.05
652.35	278.8
652.45	287.25
655.15	293.3
656.55	299.75
657.1	309.25
657.95	312.1
654.95	304.75
657.85	304.4
654.8	304.05
650.2	305.7
652.8	305.55
652.7	304.45
648.6	300.45
651.3	301.5
652.2	301.15
643.85	300.25
640.4	297.8
637.45	295.5
636.25	295.45
637.25	294.6
635.25	295.6
630.8	291.15
632.4	300.95
626.7	286.95
623.65	282.3
621.35	290.65
622.8	294.65
610.95	291.55
618	293.2
613.5	306.6
612.55	322.2
610.65	337.15
607.6	343.35
606.5	354.5
601.4	357.3
593.35	361.5
588.2	360.7
581.05	358.6
575.1	356.9
570.6	358.3
566.6	354.85
562.75	358.6
557.55	359.25
558.55	361.9
547.65	360.25
542	358.8
531.7	354
527.6	354.7
523.5	355.35
517.1	355.7
512.85	359.75
507.1	365
503.65	369.35
505.25	372.05
503.25	378.7
502.55	378.5
495.5	372.45
497	374.7
494.9	378.55
489.3	377.15
487	375.75
482.6	376.2
481.6	375.25
772.75	269.5
984.95	167.4
1003.6	150.5
1002	160.6
995.8	165.35
994.95	169.15
989.25	171.1
985.55	171.45
983.5	170.5
978.3	169.75
975.5	173.55
907.85	173.15
907.15	179.6
901.05	184.85
896.75	184.45
888.7	182.4
883.25	195.95
877.9	201.4
878.35	200.4
868.6	197
871.25	201.3
873.05	163.2
879.25	139.65
873.8	136.3
882.85	144.65
876.35	131.6
852.85	124.35
824.6	112.05
817.35	106.9
810.05	108.7
807.15	109.1
808.25	116.5
801.45	125.1
796.95	135.6
787.75	144.6
781.4	140.15
775.1	148.2
774.05	163.05
760.8	161.05
759.9	185.4
758.45	153.6
0	0
0	0
0	0
0	0
0	0
0	0
0	0
734.6	57.4
730.5	107.9
729.5	126.15
727.55	121.85
727.5	130.65
721.3	125.05
719.8	121.45
722.15	118.05
714	117.65
720.2	117.05
725.05	120.85
717.85	119.85
721.75	128.25
719.6	133.25
719.75	135.2
748.65	119.7
809.9	68.25
796.4	77.1
789.55	89.1
783	88.85
769.5	94.6
766.6	113.55
756.9	118.2
740.55	111
785.75	88.7
773.55	90.9
766.9	92.75
763.95	108.2
758.45	103.85
749.8	97.8
750.7	108.55
738.05	100.95
767.4	90.4
765.6	75.1
770.6	92.85
766.15	78.15
757	83.4
752.65	88.9
722.65	82.55
713.4	96.45
711.5	107.1
698.1	97.45
684	115.75
676.25	123.9
667.15	131.7
645.6	117.75
0	0
0	0
0	0
0	0
0	0
0	0
0	0
0	0
0	0
0	0
781.65	3.5
0	0
782.4	43.85
770.95	64.55
766.05	67.15
763.65	66.8
729.6	97.85
723.8	104.1
717.8	121.25
711.9	130.4
703.8	144.55
696.05	164.35
695.65	179.1
691	191.8
744.75	156.9
835	58.55
860	48.4
856.45	58.65
852.9	71.25
843.7	81.1
837.2	82.7
841.35	96.1
833.95	95.2
827.3	91.1
820.2	98.65
819.3	100.9
815.9	100.4
807.95	90.85
796.35	105.8
849.15	88.75
859.55	55.65
853.15	45.9
851	61.95
848.15	62.1
844.35	57.2
845.55	53.75
889	22.3
884.35	41.3
880.75	34.85
868.45	40.4
867.75	34.25
864.1	43.55
820.1	45.25
775.95	30.25
768.65	40.65
764.4	38.8
760.2	43.1
754.9	46.4
743.7	58.05
741.55	59.95
724.15	68.45
684.45	51.25
677.85	51.8
672.8	60.4
666.85	55
663.25	55.1
745.1	44.3
824.75	8
0	0
0	0
0	0
0	0
898.5	6.94999999999999
0	0
0	0
0	0
879.5	1.10000000000002
875.1	9.69999999999999
872.25	5.05000000000001
865.35	0.25
0	0
856.45	18.5
893.75	86.95
882.25	101.85
875.2	97.55
857.15	106.8
854.3	119.65
842	129.5
826.95	141.7
815.25	149
810.5	161
952.8	143.35
955.4	152.3
944.85	155.6
925.8	154.6
910	159.55
897.7	172.9
883.5	181.25
872.8	199.15
966.2	186.75
1031.75	127.85
1013.95	132.25
1006.35	154.4
992.75	162.75
980.85	172.55
965.8	177.15
950.5	189
938.45	203.5
920.05	208.4
917.75	229.6
1019.5	181.45
1023.5	163.45
1002.85	167.8
984.5	174.95
968.9	180.45
952.85	191.95
941.25	194.5
929.3	202.05
911.5	212.55
986.35	170.35
1029.7	73.65
1022.75	75.65
1017.15	89.6
1001.35	91.55
992.5	102.65
990	111.85
978.65	125.8
986.2	110.55
1076.3	12.8
1068.45	4.30000000000001
1057.25	7.14999999999998
1043.35	5.94999999999999
1038.25	23.6
1024	25.95
1013.2	36.75
1000.7	37.45
988.35	51.65
976.2	60
962.6	64.65
950.15	73.35
970.5	68
1014.75	17.1
1005	29.25
993.55	44.35
979.9	50.4
965.7	58.5
955.55	60.2
946.45	80.6
940.85	94.75
993.25	58.65
0	0
1033.7	3.89999999999998
1028.65	14.1
1023.5	19.5
1016.25	32.6
1004.8	33.65
993.5	44.3
988.35	43.8
981.55	47.5
975.2	58.15
966.65	74.75
959.5	75.35
946.4	80.7
934.6	76.35
920.65	76.95
913	84.3
893.35	96
0	0
0	0
0	0
0	0
0	0
0	0
0	0
0	0
0	0
921.2	1.14999999999998
919.6	6.44999999999999
912.55	18.45
907.6	10.75
904.2	31.85
896.65	34.95
896.1	52.35
881.05	60.8
874	72.2
948.85	80.1
935.5	91.5
927	106.05
921.35	111.15
910.8	120.65
901.9	138.45
891.65	144
882.8	146.85
875.35	163.55
863.05	168.75
861.55	179.45
858.15	185.35
849.1	187.45
844.75	188.35
963.05	144.75
1042.2	97.1
1031.5	98.45
1029.85	101.25
1019.9	100.6
1015.7	104
1009.75	105.8
1001.45	98.05
991.65	96.7
986.4	95.75
969.55	96.45
0	0
0	0
0	0
0	0
0	0
0	0
0	0
1045.65	0
1035.3	3.80000000000001
1030.9	7.5
1017.2	13.3
1006.15	21.3
999.05	31.95
989.85	40.4
980.45	49.15
969	42.8
959.75	43.55
951.6	48.05
986.95	77.45
1052.65	61.65
1042.3	63.2
1032.25	72.4
1016.05	55.55
1005.9	66.3
996.55	71.35
984.75	77.35
979.85	86.45
968.85	92.25
953.35	101.9
945.2	116.6
932.45	133.75
950.6	141.35
1009.9	103.6
986.4	103.55
967.45	119
962	123.3
944.85	129.2
932.85	146.75
920.85	156.95
907.5	166.55
971.3	170
1009.85	146.15
993.15	157.1
983.55	169.3
962.1	176.35
943.5	179.25
929.65	187.45
921.55	195
984.1	170
991.75	168.55
980.5	177.3
970.6	188.4
955.85	201.45
941.2	211.5
927.05	225.85
917	238.15
959.4	221.85
947.8	227.8
934.45	237.1
922.9	251.6
909.1	261.55
903.2	271.05
886.85	288.75
876.65	302.1
934.95	280.9
991.3	199.9
1006.05	173.25
991.55	181.3
977	194.35
965.6	207.15
957.9	216.15
943.55	224.65
930.6	231.5
921.15	242.7
910.4	249.35
934.4	245.8
1002.15	190.95
1040	139.85
1036.1	145.15
1025.05	156.35
1047.8	170.5
1053.3	178.1
1043	183.6
1028.5	188.2
1020	193.7
1012.15	204.85
1007.4	209.55
993.5	217.1
981.9	222.35
973.05	227.7
962.75	232.4
950.65	234.7
984.65	224.7
1054.35	160.65
1061.55	140.65
1053.5	143.25
1044	142.6
1036.25	143.25
1026.2	151.05
1014.8	155.25
1008.3	160.95
996.15	167.8
984.3	168.65
969.2	177.1
1007.5	169.7
1014.2	164.1
1007	175.65
998.55	179.15
982.55	205.5
0	0
0	0
0	0
0	0
0	0
0	0
0	0
0	0
0	0
672.85	354.5
696.4	312.9
691.8	316.6
687.25	312.9
677.55	308.9
705.85	287.55
828.1	216.7
873.45	178.65
869.35	192.95
861.55	205.15
857.9	208.25
853.75	214.9
845.1	221.45
838.75	231.8
830.1	238
820.45	243.8
812.3	247.25
804.05	251.65
796.25	253
796	255.3
891.65	242.7
931.2	221.5
928.45	219.45
923.4	220.25
908.65	220.15
874.4	208.95
866.25	211.3
854.1	216.45
850.9	218.95
846.25	217.65
852.95	223.25
863.4	221.5
864.4	214.65
867.05	214.5
882.9	223.2
993.9	227.65
1021.95	234.85
996.55	222.8
0	0
0	0
0	0
0	0
0	0
0	0
0	0
0	0
0	0
837.5	267
827.65	293.7
820.75	298.15
819	296.55
810.8	298.9
973.9	251.35
977.75	247.75
970.85	255.05
960.6	261.3
952.9	277.35
945	292.85
933.2	304.35
916.75	311.5
909.3	322.55
897.3	331.05
886.1	343.85
875.05	356.45
861.75	365.65
844.95	371.7
865.85	352.6
916.15	269.45
918.05	258.45
911.05	264.45
904.05	271.35
893.8	279.05
884.05	287.4
870.3	296.5
857.7	305.15
844.3	310.8
832.7	316.15
821	327.05
810.55	331.95
737.8	307.75
504.35	302
444.25	295.85
439.55	303.45
437.65	307.4
425.4	318.2
413.85	319.4
407.95	327.85
394.45	340.2
384.6	349.05
372.8	364.5
363.6	369.45
350.9	375.5
387.55	366.35
735.75	280.3
1010.7	256.4
1021.7	254.05
1003.05	256.85
991.8	261.9
975.85	261.75
968.45	272.6
962.1	279.95
953.3	291.3
589.4	263.4
278.05	268.65
289.1	272.15
289.8	284.3
287.1	292.45
287.2	300.05
283.95	305.8
276.8	309.3
276.45	312.6
275.9	317.1
274.9	316.05
274.65	322.65
270.6	325.3
265.75	328.9
395.5	291.7
544.35	222.7
548.4	225.15
547.35	229.7
545.7	234.95
541.7	238.1
539.85	240.3
673.2	218.55
783.5	196.6
783.85	199.5
779.6	202.25
778.25	203.85
779.95	205.2
771.35	209.2
775.8	210.55
775.35	214.4
768.95	218.2
767.1	220.5
766.85	222.1
761.9	227
754.65	236
752.35	242.5
797.9	250.2
883.05	283.6
902.75	286.45
899.75	283.1
893	282.5
891.15	285.8
853.45	295.65
840	297.6
835	301.4
834.15	299.05
832.75	300.5
825.05	305.65
782.4	320.3
760.7	320.65
753.4	322.65
745.05	324.6
741.05	328.5
734.5	333.35
727.65	344.05
709.75	346.4
705.8	349
691.8	358.5
682.6	360.45
636.75	366.75
628.2	374.45
621.7	381.3
627.75	383.45
694.95	375.25
704.6	369.7
701.3	374.25
697.15	377.65
681.65	390.35
657.65	395
653.35	398.55
654.9	398.2
653.25	402.65
651.55	405.2
650.95	408.7
661.95	406.9
662.4	407.15
657.2	413.1
656.35	414.5
658	418.4
657.15	410.65
650.6	409.95
748.6	365
809.85	348.8
806.5	355.05
802	369.15
802.6	384.4
800.45	400.35
801.05	416.05
795.85	425.3
796.25	428.55
793.3	436.9
791.9	440
789.4	447.4
790.45	445.55
551.85	468.6
481.6	475.6
488.65	470.15
488.65	464.2
488.25	458.6
482.1	449.05
483.45	441.85
479.65	439.7
480.5	438.3
479.7	435.2
479	434.9
479.45	435.35
482.7	436.05
482	434.75
483.45	434.25
484.6	431.5
482.5	429.95
482.85	432.3
485.8	428.9
483.3	417.8
484.6	418.6
484.9	416.05
478.2	414.5
477.2	412.6
479.85	402.85
480.95	398.85
478.3	400.15
478.35	402.95
482.45	395.15
481.45	388.7
479.95	386.7
484.65	383.15
483.1	386
491.8	386.75
572.15	376.35
876.75	299.05
949.85	271.75
942.55	274
943.95	278.2
928.85	276.7
928.7	275.45
928.2	278.85
927.05	280.75
926	282.25
926.95	291.55
931.35	301.5
926.6	312.65
927.05	317.7
928.15	317
930.2	319.5
929.55	326.25
929.75	331.85
928.65	332.85
928.65	330.05
927.05	330.15
723.45	394.25
548.7	423.9
553.55	427
558.8	423.75
560.55	417.7
556.7	415.4
558.1	417.8
555.25	415.4
552.95	413.6
554.3	413.35
555.65	415.55
556.35	419.9
554.3	424.6
557.05	425.9
559.8	428.2
561.8	431.4
564.65	430.9
569.75	429.9
571.45	432.15
576.45	440
580.25	443.9
578.65	437.3
576.85	429.35
585.2	430.05
593.45	434.25
595.15	434.2
596.2	428.95
598.65	424.35
601.3	421.4
604.85	417.65
609.15	417.1
614.75	418
617.65	417.55
620.45	422.4
547.5	440.2
0	0
0	0
0	0
809.8	323.75
805.95	349.1
808.3	372.55
806.9	366.2
811.15	363.6
811.4	362.65
806.2	364.05
810.65	362.3
806.8	367
807.4	370.85
806.8	377.2
807.15	374.6
805.95	374.55
807.3	374.85
807.65	376.9
808.35	378
806	377.9
807.65	380.95
807.85	383.95
809.1	383.45
812.15	383.35
812.75	376.6
809.85	374.6
806.05	375.95
806.15	375.15
808.05	374.35
810.55	371.35
814.7	371.05
811.45	370
809.55	367.7
806.65	364.85
804.45	364.3
801.3	362.9
801.25	361.05
799.75	361.05
799.85	358.55
797.2	362.05
795.95	362.6
793.65	360.85
799.15	361.45
793.05	368.15
791.55	369.9
790.25	367.1
794.15	363.05
789.95	368.25
0	0
0	0
0	0
0	0
0	0
0	0
639.55	344.7
655.65	250.1
688.85	210.4
712.95	243.1
718	279.75
711.5	307.45
709.5	317.7
707.1	325.65
712.15	332.3
712.85	344.65
712.6	350.8
706.15	354.9
704.85	359.2
701.6	371.55
706	379.2
704.65	378.95
703.85	383.25
704.6	388.75
709.95	391.35
703.25	390.1
703.5	393.3
700.1	398.9
703.85	396.7
707.65	398.95
705.55	402.25
708.05	403.85
713.85	401.15
710.5	403.2
706.5	398.25
708.35	394.95
706.45	381.7
706.6	391.05
708.8	394.4
703	383.6
697.1	371.9
698	375.85
699	381.85
692.85	391.9
0	0
0	0
0	0
0	0
0	0
0	0
0	0
0	0
626.8	238
619.65	268.25
622	266.35
624.45	270.9
624.9	279.35
630.4	286.6
630.35	282.95
629.8	286.25
628.4	293.9
634.25	305.05
636.65	315.25
634.4	317.5
631.45	317.4
627.9	312.15
629.25	319.6
627.05	326.9
631.25	326.7
628.9	325.25
627.35	329
626.3	324.85
623.35	325.65
623.3	329.45
624.45	334.35
628.1	342.85
631.45	351.7
633.3	359.6
632.95	369.5
638.2	366.6
633.95	371.05
630.65	372.8
636.65	370.6
636.65	369.15
635.95	367.1
635.2	365.7
634.85	364.2
632.6	358.05
633.15	358.45
633.7	358.15
641.1	359.7
637.65	360
638.15	359.4
637.8	358.65
622.5	371.3
498.25	418.2
495.7	421.95
494.6	422.95
494.65	423.55
492.05	423.75
491.65	424.9
489.95	428.95
491.4	430.95
491.2	432.15
490.75	433.4
490.55	436.05
488.4	430.5
617.15	509.45
678.55	553.95
679.5	553.35
674.05	558.7
671.4	558.4
668.1	555.7
663.2	558.45
660.2	559.6
657.7	555.8
657	552.85
656	549.85
653.8	557.15
646.15	568.65
650.95	562.9
650	571.4
648.6	580.1
649.85	576.8
649.75	576.3
651.7	577.75
652	570.6
648.15	566.4
650.8	563.15
651.85	561.15
651.2	561
718.3	401.4
713.55	403.65
719.8	407.6
720.6	407.1
721.05	411.55
723.1	417.4
724.05	426
646.15	406.85
0	0
0	0
0	0
0	0
0	0
0	0
0	0
0	0
570.25	388.55
569.65	390.65
566.9	389.95
565.7	388.4
565.35	391.4
566.55	392.15
566.9	396.5
565.35	407.65
568.7	411.95
567.75	416.05
570.4	424.05
564.2	426
565.65	429.35
566.3	432
567.45	435.95
565.55	438.2
666.35	349.5
698.8	305.7
696.85	308.8
702.35	309.7
697.35	310.1
698.35	307.25
695.7	308.15
695.4	307.75
695.95	310.55
693.7	313.95
693.2	312.75
693.55	309.95
687.5	309.1
684.95	305.8
681.2	301.75
683.4	301.65
679.95	301.2
681.6	299.2
684.35	296.25
681.8	295.5
682.25	289.4
565.35	389.8
542.25	400.05
545.15	397.65
547	393.6
548.3	388.8
547.15	387.8
549.1	386.15
548.55	385.3
551.85	382.6
551.6	384.1
556.5	387
555.25	386
552.65	389.05
555.25	393.35
556.75	392.65
558.15	395.75
556.05	398.4
552.45	397.05
552.65	396.9
551.45	395.7
554.05	394.85
552.5	395.45
413	493.05
346.65	536.15
347.65	543.35
350.9	539.35
350.2	538.15
349.4	538.75
350.75	535.35
351.6	537.3
426.65	456.95
560.75	315
546.1	323.95
545.6	334.3
549.6	343.45
551	349.8
551.9	349.9
549.65	352.85
555.65	353.35
559.25	349.75
558.8	351.3
557.6	350.3
558.4	351.3
555.75	354.5
584.3	234.75
578.4	238.7
576.5	240.4
572.2	240.05
572.1	241
565.95	244.9
567.25	251.45
569.15	255.6
570.95	260.65
569.5	262.85
571.95	260.6
571.9	259.2
571.3	258.45
570.7	258.65
571.6	258.1
571	259
571.85	257.3
570.8	256.15
571	253.35
573.5	252.85
575.35	255
570.75	249.15
573.65	249.6
571.4	252.05
572.55	250.85
570.85	249.65
572.2	245.6
569.6	240.6
595.4	291.15
738.8	500.3
752.6	510.3
747.05	503.5
742.8	495.2
741.9	489.65
748.4	487.35
746.95	484.65
750.3	488.75
752.75	490.95
754.05	491.85
751.2	491.2
746.95	496.25
809.95	338.85
811.95	322.5
804.5	328.1
807.25	334.85
813.15	343.2
812.6	348.25
813.9	347.9
809.35	348.2
810.25	350.35
812.05	351.2
814	356.25
816.05	359.15
811.7	358.45
812.2	360.6
810.9	358.8
814.05	360.45
815.7	363.3
816.15	367
814.35	363.25
814.1	362.05
812.6	363.3
811.7	362.4
808.8	358.1
805.1	360.35
809.3	360.1
806	359.15
804.8	355.95
804.25	353.6
805.6	350.8
804.9	351.4
800.25	348.55
800.65	348.2
798.6	346.05
797.95	344.65
797.3	342.55
796	340.75
773.75	336.9
693.6	329.3
694.9	330.85
695.95	331.6
695.5	330.05
694.65	327.8
696.05	329.75
696.1	329.55
698.45	327
697.85	329.9
695.9	332.6
694.4	329.15
691.1	327.45
691.35	334.7
617.95	333.65
619.8	340.55
622.4	343.35
623.8	344
624.95	345.95
631.3	353.55
631.1	357.55
628.2	360.1
635.15	363.1
634.75	361.6
627.4	350.5
473.15	199.95
420.4	102.4
427.55	111.5
430.65	121.25
429.75	126.65
434.15	128.7
433.2	130.05
431.7	134.25
430.2	140.45
427.8	145.35
432.4	156.1
402.5	82.45
307.9	604.4
0	0
0	0
0	0
0	0
0	0
0	0
0	0
0	0
0	0
0	0
0	0
0	0
0	0
0	0
0	0
0	0
0	0
0	0
0	0
0	0
468.65	369.15
518.75	284.25
556.05	215.7
590.95	202.35
624.9	218
657.45	271.25
661.15	300.25
661.45	315.45
658.5	340.05
663.1	357.05
657.6	365.35
657.7	371.45
655.55	380.45
652.15	386.2
656.35	388.75
653	394.2
648.4	392.8
646.95	395.2
648.9	398.6
650.1	398.35
515.8	310.6
447.5	238.1
449.65	236.45
450.85	235.9
449.75	233.85
451.05	230.3
453.8	225.25
452.6	224
453.2	218.5
455.2	215.85
456	206.7
461.35	200.1
457.6	200.9
457.05	195.85
462.65	192.35
461.8	196.5
462.25	193.5
582.1	346.6
629.6	420.05
628.1	421.35
625.15	415.7
621.2	404.85
625.1	405.7
620.25	404.55
621.7	399.9
621.5	398.2
619.65	400.35
619.1	398.3
618.6	399.3
620.35	398.9
622.2	406.95
623.1	409.9
622.95	410.85
623.05	412.8
620.75	414.85
619.05	417.8
652.7	301.85
651	279.35
652.8	278.4
651.9	274.95
652.65	272.8
649.15	271.75
648.3	277.3
652.4	284.85
515.9	375.7
0	0
0	0
0	0
0	0
0	0
0	0
0	0
0	0
0	0
0	0
0	0
471.3	359.7
504.1	325.1
527.25	319.9
546.7	310.05
544.6	306.25
625.45	371.1
635.15	406.25
636.25	423.15
632.95	436.85
632.75	444.6
620.5	441.85
614.35	414.25
611.65	420.9
613.5	427.55
613.15	434.8
610.6	438.6
614.9	442.45
614.95	444.55
610.25	445.5
608.35	445.35
610.8	445.55
610.25	443.15
613.45	445.75
614.5	443.3
612.05	445
608.5	441.45
634.8	440.4
642.35	439.15
645	438.35
642.85	431.45
0	0
0	0
0	0
0	0
0	0
0	0
0	0
0	0
0	0
0	0
0	0
0	0
0	0
0	0
0	0
521.6	314.55
570.15	297.35
587.7	287.25
609.05	278.65
703.3	371.1
699.9	396.6
701.35	405.85
703.5	416.65
701.7	431.8
702.4	440.45
699.25	449.65
695.85	455.55
692.55	466.7
693.5	470.4
617.05	370.4
594.2	338.35
588.55	347.2
593.65	354.45
598.45	359.15
594.2	360.8
589.75	360.9
589.45	360
596.1	364.3
593.65	364.05
591.45	363.25
591.3	364.95
592.8	370.35
591.1	365.95
591.15	368.2
587.8	369.55
588.4	368.15
592.05	365.95
585.95	367.2
582.4	367.55
605.85	341.45
641.4	269.35
639.5	271.4
636.8	268.65
637.05	269.7
635.45	276.45
639.45	280.65
637.75	277.7
637.95	285.05
638.45	287.95
632.85	287.05
631.7	293.8
632.7	299.05
637.45	309.6
638.15	313.4
634.95	320.4
635.4	325.55
641.25	330.3
641.25	332.25
639.9	335.15
639.7	340.25
641	345.55
641.7	346.05
663	320.95
688.2	257
695.4	259.9
692.65	263.65
695.4	273.5
692.05	276.05
693.5	277.7
699.1	283.85
693.55	281.85
694.65	286.3
693.3	286.5
696.35	296.05
690.9	299.7
689.65	307.85
686.5	314.5
682.05	318.1
682.15	321.55
680.25	322.8
679.55	326.45
641.75	341.65
642.85	341.5
639.05	345.25
638.7	346.15
640.15	346.6
640.75	348.5
639.3	350.65
639.25	352.8
635.45	355.9
634.35	358.75
591.9	360.15
594.25	361.85
595.65	366.4
592.65	370.8
594.15	372.95
592.25	377.95
593.8	382.85
592.05	388.15
587.8	393.1
589.2	398.15
589.15	395.95
590.65	402.55
581.15	402.35
586.55	402.9
586.45	407.7
583.15	425.8
0	0
0	0
0	0
0	0
0	0
0	0
0	0
0	0
0	0
0	0
0	0
0	0
0	0
714.75	300.05
713.7	317.4
728.65	330.5
759.8	350.7
754	359.75
756.45	362.55
757.5	367.3
751.7	375.4
752.75	385.1
753.65	391.35
755.65	390.4
755.25	390.9
754.1	397.35
752.45	396
751.4	398.35
725.7	282.85
722.5	281.95
717.2	288.7
714.25	291.4
711.7	295.35
714.85	293.65
710.3	298.85
711.3	299.2
711.4	298.4
708.9	299.7
710.5	303.6
711.1	307.6
713.45	312.5
715.9	324.55
713.7	332.8
718.95	336.05
718.4	340.75
666.1	274.65
665.05	264.5
660.45	272.1
661.95	272.9
663.25	271.4
660.6	274.45
624.85	265.3
619.55	261.6
622.9	261.85
617.25	260.95
623	260.05
620.8	264.3
622.1	266.15
626.45	266.55
623.1	270.6
622.3	277.1
626.65	279.7
627.6	280.2
631.3	288.35
0	0
0	0
0	0
0	0
0	0
0	0
0	0
0	0
0	0
724.1	262.2
727.25	283.45
730.15	287.5
729	290.05
728.6	291.45
728.3	296.6
731.7	297.8
731.45	299.35
638.65	247.3
618.65	226.8
613.15	233.7
612.2	241.15
609.35	241.15
606.6	247.8
606.2	251.15
602.95	256.8
601.8	257.05
601.2	259.85
596.2	264.55
594.8	269.45
594.15	264.45
592.25	264.15
590.5	272.75
584.8	268.6
585.45	271.9
584.1	271.1
582.15	272.35
651.9	304.05
653.35	308.15
654.5	310.4
649.25	309.25
649.4	308.55
650.3	309.9
646.25	310.35
647.7	313.75
642.95	316.5
649.3	322.45
647.15	322.2
680.3	330.65
685.45	330.05
686.4	335.85
687.65	335.2
686.5	339.7
685.55	344.2
686.65	351.55
687.05	356.1
688.6	362.3
696.5	312.15
695.75	218.4
695.7	228.4
696.6	242.6
694.45	253.45
694.2	258.25
696.9	259
698.4	261.5
699.35	261.1
700.2	262.65
696.75	264.7
694.45	267.9
696.75	272.4
696.1	275.85
697.15	278.75
696.2	283.05
695.85	283.95
691	287
685.9	292.8
690.65	291.5
689.8	292.55
686.65	296.75
688.4	296.4
682.45	299.1
682.6	299.15
680.85	301.25
679.65	302.35
682.7	304
676.8	310.2
680.25	315.5
678.4	317
708.15	278.85
770.75	134.3
768.55	151.4
764.45	155.2
768.3	160.85
767.4	165.05
765.85	166.55
768.25	166.85
769.2	167.45
769.35	170.1
768.45	169.55
773.25	174.6
772.45	182.45
768.7	184.45
771.3	190.4
770	195.5
769.95	198.2
774.75	202.45
774.45	204.55
775.15	204.15
778.35	208.85
781.3	212.35
784.55	216.85
784.6	221.9
787.1	225.45
792.6	226.55
793.1	227.4
792.3	225.65
788.4	231.25
777.5	233.85
781.6	239.95
779.5	242.4
791.45	245.5
783.95	250
788.85	251.8
783.85	251.05
780.25	254.85
779.85	257.95
786.15	260.9
781.55	267.2
778.1	267.25
755.45	271.55
728.2	270.95
724.5	272.15
725.2	274.8
724.95	274.85
728.65	279.65
730.35	297.75
732.95	298.95
732.1	301.8
735.25	306.95
732.45	309.3
735.95	312.7
733.2	317.05
734.7	320.4
732.55	319.5
731.55	321.45
733.1	327.35
731.25	327.9
732.25	327.1
730.75	332.65
687.7	340.25
685.35	340.2
685.15	343.6
685	347.5
684.55	349.8
683.1	353.1
683.3	355.2
683.85	360.15
682.2	362.95
681.05	366.25
680.2	371.25
682.3	381.95
684.2	389.2
682.25	391.35
681.5	397.45
681.65	400.05
681.85	400.95
681.15	407.05
676.9	406.35
673.9	382.2
594.5	251.2
0	0
0	0
0	0
0	0
628.05	211.3
628.5	225.4
628.7	229.2
631.6	235.95
625	240.5
626.1	245.8
622.65	254.2
621.75	265.2
622.45	276.35
619.2	285.05
621.1	292.15
620.75	299.95
616.75	307.1
616.95	312.2
615.65	314.6
622.3	326.75
649.45	355.6
650.5	360.65
651.1	362.1
647.25	365.9
646.05	376.2
643	379.35
644.1	385.35
643.8	387.35
641.45	389.05
641.1	390.55
641.4	394.25
635.65	398.1
632.2	400.8
636.4	405.5
639.45	407.1
636.6	410.2
633.35	422.1
676.4	395.95
0	0
0	0
0	0
0	0
0	0
0	0
0	0
0	0
0	0
0	0
674.4	293.6
676.95	297.25
679.45	299.1
676.8	302.35
676.65	304.8
676	307.3
680.75	319.4
684.7	327.95
680.95	335.55
679.1	349.15
677.4	363.1
676.4	369.15
678.45	374.95
680.3	382.75
678.85	386.25
677.5	394.25
671.5	397.85
674.9	398.35
677.55	401.8
672.5	406.75
673.3	403
674.5	405.85
670.25	410.8
673.85	416.35
674.9	416.85
672.8	424.1
672.35	421.55
673.05	422.65
670.7	428.95
737.9	399.15
743.25	391.2
743.1	394.5
739.45	396.9
739.65	396.25
738.45	400.75
739.55	405.95
741.45	404.6
745.75	409.1
743.6	412.15
739.65	413.95
740.05	415.75
743.7	416.05
740.25	417.65
737.85	422.55
738.7	426.45
738.95	428.1
740.15	429.8
744.75	434.6
742.25	438.7
747.2	438.2
745.45	446.95
744.85	453.75
746.7	452.95
751.05	456.75
750.2	458.9
750.7	466.15
755.2	472.95
706.4	391.2
693.45	377.1
696.35	379.4
701.75	381.5
699.6	385.55
699.75	387.15
701.2	388.35
706.65	394.2
706.75	395.8
704.35	398.5
707.35	404.25
705.95	411.45
678.9	407.35
653.95	381.75
649.5	385.75
648.5	396.5
647.05	400.65
644.9	407
644.7	407.85
642.95	413.6
640.2	417.3
643.3	421.1
644.25	425.1
636.5	426.9
637.8	428.45
636.05	429.55
640.95	434.55
643.85	439.65
639.9	439.8
639.35	443.4
644.75	448.25
644.05	448.15
640.95	451.8
647.45	457.5
715.65	312.25
719	304.95
716.2	309.95
720.9	321.15
725.75	325.65
724.05	327.4
722.4	327.2
722.9	332.35
721.5	342.4
715.5	344.3
717.25	343.7
710.05	345.15
665.75	364.55
665.4	370.3
658.6	374.45
660.8	377.8
662.8	382.7
663.9	390.8
660.2	389.75
658.55	395.65
664.6	403.45
667.25	410.25
668.95	411.25
672.45	419.5
673.15	424.1
672.35	428.45
672.1	431.45
668.5	434.6
667.35	435.6
661.4	440.05
706.85	299.95
700	272.8
696.8	279.8
694.9	282.95
694.7	286.25
695.6	291.05
694.1	300.4
695.8	304.65
651.4	272.55
0	0
0	0
0	0
0	0
0	0
0	0
0	0
566.45	245
591.1	216.1
612.35	237.3
673.25	295.55
681.6	325.75
682.25	345.85
680.1	355.1
685.7	362.2
678.85	371.85
679.2	376.4
675.65	391
673.5	392.2
675.4	396.65
673.15	403.7
672.25	409.65
672.65	421.45
672.45	426.1
673.95	424.45
670.7	432.1
673.15	438.65
672.6	443.3
671.3	447.1
674.25	450.6
672.05	452.7
678.6	383.4
678.95	366
678.3	368.45
677.2	369.55
678.05	367.8
679.65	368.2
678.3	369.15
682.15	371.45
681.2	371.7
680.2	374.45
678	370.95
650.5	310.1
647.65	318.85
649.35	324.15
643.4	321.5
646.6	328.35
644.65	335.15
645.2	338.15
646.55	342.9
642.05	342.95
641.6	344
642.45	348.1
640.85	352.5
635.95	357.05
634.8	361.55
633.6	364.7
634.7	366.25
632.55	372.05
636.2	372.6
635.85	379.4
634.15	385.5
632.8	388.75
631.75	391.95
633.25	400
631.3	402.8
704.95	328.95
764.4	257.1
760.85	258.6
759.75	261.5
766.6	271.3
770.5	272.5
773.05	273.45
774.3	279.45
774	281.85
774.95	287.55
773.2	290.25
778.35	295.35
776.5	297.85
776.8	302.5
776.9	306.5
710.85	321.8
665.85	332.55
657.45	332.3
663.55	338.55
663.35	339.15
663.45	343.85
661.2	351.65
661.4	351.85
659.35	353.1
660.7	354.2
586.1	481.3
582.4	485.05
582.1	483.1
580.8	487.85
583.8	485
584.65	486.05
583.95	483.65
583.8	478.25
580.25	471.4
578.15	468.55
575.2	465.9
575	468.3
571	463.55
572.8	466.1
570.8	463.35
571	470.65
572.1	469.85
573.2	475
579.55	480
584.1	480.2
579.6	481.15
584.25	477.65
583.95	473.35
582.45	472.25
583.8	471.7
582.2	471.15
578.6	471.1
577.4	467.15
576.45	468.9
575.6	464.75
568.6	461.8
569.45	459.2
567.7	459.6
568.75	459.65
565.6	460.05
566.8	461.1
568.15	458.15
568.65	456.05
568.8	455.15
570.65	453.75
573.45	450.15
571.75	449.9
575.35	446.65
568.75	447.5
571.3	445.75
571.75	447.55
569.25	450.75
571.55	450
569.05	449.35
571.65	452.75
570.45	451.8
570.25	453.1
568.3	453
568.75	452.65
569.4	453.05
569.9	448.7
568.3	451.1
562.05	432.05
551	291.1
551.85	301.75
547.05	298.1
544.75	303
541.65	303.7
533.9	305.45
531.4	309.75
530.7	309.45
525.5	322.8
525	325.8
531.3	327.2
528.9	333.5
528.25	334.9
530.85	339.65
528.8	339.75
530.4	345.6
526.45	347.8
531	348.35
525.95	348.25
529.05	352.6
529.1	352.95
529.7	353.4
534.05	355.05
532.45	355.25
528.5	360.5
529.85	361.1
526.25	359.7
524.5	355.65
523.75	361.85
0	0
0	0
0	0
0	0
0	0
0	0
308.05	363.6
345.1	270.2
386.55	232.55
400.45	234.65
467.25	298.3
474.95	325.55
477.5	332.75
478.8	341.55
479	348.2
484.85	355.5
486.5	364.4
487.05	371.15
485.8	378
485.45	380.3
489.4	382.65
488.55	387.15
487.1	390.5
488.85	390.9
491.25	398.05
491.05	398.1
536.65	377.85
583.8	345.4
589.9	344.2
590.2	344.2
585.8	342.9
590.35	341.15
590.35	337.8
585.45	336.6
589.5	341.1
591.95	335.3
591.5	331.45
590.55	330.1
585.1	324.3
587.8	320.1
585	321.15
584.85	322.95
586.1	327.25
581.75	321.65
580.15	316.4
584.1	317.3
580.2	317.85
581.7	317.9
586.25	320.25
588.35	322.6
590.3	320.65
592.1	320.65
596.85	321.25
595.8	322.65
603.65	328.35
609.95	330.65
611.3	329.05
614.05	330.95
611.75	323.3
614.05	328.1
614.6	325.8
620.2	330.35
621.75	329.65
617.95	325.75
623.75	328.05
806.9	295.85
814.25	286.8
813.85	286.9
814.1	289.25
812.25	288.2
817.7	288.7
815.7	291.8
818.75	292.85
817.85	293.8
819.3	300.1
824.1	314.5
818.95	322.35
817.35	329.15
816.25	342.95
814.4	352.7
810.95	367.4
804.8	373.3
804.45	381.35
795.9	377.75
791.65	376.2
790.5	382.6
785.2	383.7
778.05	385.75
776.8	387.15
770.7	384.3
762.4	382.15
757.75	379.7
749.9	377.35
742.25	370.95
737.6	365.35
732.1	364.8
723.65	361.6
716.9	356.15
712.5	352.2
701.5	349
698.45	350.1
696.65	347.5
692.65	345.55
688.45	346.1
682.2	342.95
676.3	342.4
671.3	345.1
612.5	279.05
0	0
0	0
0	0
0	0
0	0
0	0
0	0
0	0
0	0
802.25	313.25
751.8	354.9
729.35	358.45
723.4	363.85
719.15	363.8
719.85	364.55
711.55	379.05
712.05	389.6
707.95	400.75
700.7	410.1
697.9	416.8
694.75	421.7
681.5	422.8
674.5	431.4
669.8	432.7
680.4	423.65
822.5	393.45
884.4	355.7
868.35	336.45
849.45	329.45
811.85	337.15
773.8	361.6
0	0
0	0
0	0
0	0
0	0
0	0
0	0
0	0
0	0
0	0
639.55	334
634.8	346.85
629.3	338.9
618.3	333.9
617.25	338.35
614.4	341.8
619.2	336
615.75	339.25
617.75	345
616.7	349.45
649.1	355.35
652.9	357.85
652.35	359.75
654	362.4
688.45	382
749.3	396.85
755.3	398.7
755.15	401.05
749.3	399.25
750.65	401.95
777.2	387.65
780.6	385.75
777.6	390.35
776.8	384.75
770.25	378.3
769.8	382.2
762.8	374.45
756.9	374.15
748.85	375.65
743.2	378.05
738.2	381.9
733.25	382
735.35	386.6
801.35	320.8
861.65	263.8
855.9	270.9
850.75	272.3
843	274.5
834.15	275.75
824	274.35
816.85	272.2
809.7	270.05
801.45	268
794.4	271.9
787.3	267.25
833.25	285.35
883.25	305.9
878.95	302.95
873.1	306.15
863.3	301.85
861.65	299.3
856.25	302.45
845.75	297.7
837.65	292.35
830.4	296.35
826.05	296.35
816.3	298.8
809.7	300.4
803.45	299.7
795.65	300.85
790.5	299.65
780.9	302.85
780.3	302.3
773.95	301.6
770.85	307.5
763.35	309.05
758.6	310.85
752.5	312.3
749.15	313.9
746.45	318.4
743.35	316.55
735.9	320.55
729.4	323.25
726.2	326.8
716.35	328.05
712.9	328.35
703.45	328.5
698.15	327.8
693	328.45
688.75	329.9
680.25	332
672.95	337.05
667.35	335.8
659.1	335.75
658.15	335
652.5	333.3
647.55	338.3
668.85	337.4
885.5	341
878.35	339.15
870.2	336.95
867.2	333.6
863.95	332.25
859.05	328.7
849.5	332.35
848.2	337.15
840.7	347.85
836.7	354.05
833.1	362.05
829.4	367.15
825.85	378.6
819.9	384.8
817.75	389.75
816.65	392.65
815.55	396.25
810.45	397.15
807.3	398.7
802.15	401.55
797.3	400.95
793.75	403.5
788.8	405.3
790.5	402.1
782.9	403.75
776.35	406.75
768.65	405.85
763.1	408.75
765.05	413.9
754.25	411.15
750	410.25
741.7	406.95
740.6	401.6
737.75	403.95
737.3	404.35
736.95	400.05
735.4	401
731.8	400.55
728.35	398
727.05	394.2
724.15	393.45
719.3	395.3
716.4	394.95
719.05	392.3
715.25	397.35
712.65	396.25
713.7	394.8
710	391.65
713.1	391.85
709.05	395.95
708.25	400.35
710.7	411.05
0	0
0	0
0	0
0	0
0	0
0	0
632.45	168.9
656.2	110.7
734.85	168.25
733.95	216.6
732.95	229.45
731.4	239.8
735.95	252.5
737.45	262.75
736.25	273.7
729.2	277.45
727.65	281.1
726.85	286.75
726.9	289.45
721.2	292.15
724.35	296.7
723.35	296.3
657.45	315.85
645.55	318.55
641.7	318.95
639.35	320.5
638.1	318.5
635.5	318.35
635.4	310.6
632.85	305.25
630.75	304
631.15	301.5
626.65	298.55
626.8	305.4
627.85	301.45
620.95	303
622.2	300.1
619.7	296.65
617.15	292.8
618.65	290
622.75	290.6
616.35	293
621.05	295.05
617.7	297.3
619	298.2
622.6	295.8
625.45	295.8
625.8	292.35
623.45	290
622	292.45
621.15	289.95
618.5	289.85
615.85	296.65
617.3	296.75
619.1	296.35
616.45	300.1
619.6	296.15
614.4	296.9
613.75	294.8
608.6	294.05
607.65	292.35
605.5	293.05
608.25	292.55
607.6	290
607.15	288.85
607.6	286.85
607.15	283.3
606.3	285.05
601.3	283.3
604.85	281.15
606.35	279.9
605.35	277.95
605	276.15
604.95	273.7
606.55	276.2
604.45	276
605.45	275.8
601.75	274.35
604	275.4
600.75	275.85
600.05	275
601.85	274.25
601.65	277.2
608	279.65
613.65	281.45
614.45	280.85
614.05	279.7
615.45	279.45
616.25	277.95
616.8	276.95
618.95	275
617.2	272.35
618.65	269.65
615.95	268.6
618.15	266.7
614.45	266.3
618.85	263.05
616.45	264.45
614.05	262.75
617.5	259.5
612.2	262.55
618.45	264.05
619.3	262.05
619.4	261.5
617.8	260.25
614	258.45
616	261.05
612.85	260.85
612.9	258.2
612.1	259.7
608.25	254.85
609.1	254.55
608.25	256
611.25	255.8
609.6	256
605.2	249.8
603.4	250.85
602.7	250.85
602.55	249.95
602.85	253.05
606.35	255.3
611.4	254.4
609.7	249.55
607.6	249.4
607.5	251.05
592.8	208.75
532.2	416.05
466.75	583.55
501	365
538	236.2
558.25	148.35
587.05	138.5
599.05	128.85
606.75	135.5
610.6	148.9
613.75	164.05
616.05	173.2
619.05	179.8
620.45	181.45
624.85	179.55
622.15	184.3
622.5	190.3
616.2	198
620.25	199.75
617.7	202
618.4	205.05
617.35	207.45
615.65	212.6
616.65	218
618.2	221.85
620.1	222.95
620.35	227.9
624.8	234.25
627.9	236.8
628.65	229.8
628.45	232.05
630.75	233.15
636.3	232.5
636.65	232.85
638.6	231.85
635.15	227.7
637.3	226.9
632.8	218.5
603.4	198.75
604.05	199.85
599.95	195.7
600.1	196.9
601.1	202
601.55	213.35
600.4	213.2
604.1	214.95
592	214
529.05	171.7
526.7	176.85
526.7	180.5
528.25	181.95
529.15	183.85
531.5	186.5
530.35	185.4
534.5	189.45
536.25	184.3
540.75	191.05
539.25	188.8
541	192
541.45	184.65
535.95	180.9
543.05	181.8
545.45	184.1
542.7	189.45
549.3	194.55
556.3	203.3
558.15	210.55
559.7	217.6
557.85	223.3
668.4	187.05
673.45	191.65
672.6	199.3
669.1	213.9
676.95	216.9
675.45	220.2
673.3	222.4
679.55	225.9
676	229.05
674.1	235.7
674.2	239.15
671.5	245.2
670.3	249.4
667	252.2
666.75	251.95
660.25	255.6
659.75	258.05
657.75	265.45
656.65	279.7
0	0
0	0
0	0
0	0
0	0
0	0
491.2	204.6
545.85	217.05
555.8	269.65
548.1	282.75
549.75	283.05
547.35	284.75
546.7	295.1
549.7	298.5
551.4	305.75
554.5	313.1
558.75	316.65
562.5	321.6
568.1	328.2
563.55	331.95
563.25	329.5
562.6	334.45
563.45	341.15
567.95	343.9
564.75	341.8
563.6	343.35
564.15	341.45
563.45	341.25
559.35	332.75
554.85	327.2
553.6	324.6
555.5	318.5
553.8	318.15
554.7	315.35
554.3	312.7
557.5	310.95
559.3	308.25
560.5	305.8
564.05	309.9
563.55	309.75
563.8	305.7
561.65	301.8
562.3	302.1
564	301.7
563.7	300.1
775	155.3
769.05	151
771.35	155.3
772.55	157
772.9	160
769.4	156.45
768.1	158.65
769.85	155.25
771	163.8
771.85	174.8
772.25	180.05
767.2	189.8
766.8	196.6
765.85	200.6
760.85	205.45
756.6	209.45
755	212.55
755.1	220.6
760.25	228.75
758.9	232.8
748.05	232.45
748.7	231.05
748.1	233.45
747.25	237.55
745.15	245.05
745.7	243.05
746.85	239.75
745	241.8
743.15	235.35
744.15	233.35
745.6	232.75
747	228.55
742.5	226.35
741.95	226.55
747	230
746.45	231.55
744.2	223.8
745.35	224.3
726.15	242.3
726.85	246.35
724.35	247.95
727	245.7
725.75	243.65
722.7	242.15
720.45	244.6
717.7	250.5
719.7	260.7
718.05	273.5
721.15	287.35
717.55	296.8
718	302.25
719.9	306.2
726.25	309.35
724.6	313.15
722.1	311.55
724.45	318.85
724.2	320.05
726.5	318.2
728.3	318.35
721.3	320.05
720.55	317.7
718.45	314.95
722.3	314.95
722.2	314.45
720.45	315.5
719.4	312.25
719.9	312.4
719.35	312.25
720.85	311.4
721.25	313.35
720.3	317.55
716	316.05
714.3	315.3
716.25	318.6
713.5	320
712.35	320.2
717.15	319.55
714.85	321.4
712.45	321.7
639.9	265.4
639.6	265.15
640.4	262.55
644.35	259.1
646.4	256.15
647.4	253.7
652.25	253.4
655.7	249.65
658.4	245.6
660.5	243.4
661.3	247.1
665.65	246.45
671.3	244
674	245.95
675.45	245.95
677.35	243.85
679.5	242
683.95	241.75
681.45	244.45
680.65	244.55
682.75	241.15
682.15	239.75
682.4	236.85
684.05	234.2
685.2	234.5
686.65	233.5
687.65	232.2
688.6	230.45
692.15	229.75
695.5	228.75
697.65	231.9
702.45	231.2
700.65	230.7
853.3	167
856.5	163.15
866.7	168.65
860.6	171.2
867.4	167.45
859.95	168
858.5	165.9
854.8	164.55
857.35	169.6
860.9	172.95
862.05	169.95
865.15	175.85
863.7	181.2
865.4	182.2
866.75	188.75
866.9	190.9
867.05	191.7
869.45	189.3
867.25	194.15
871.05	197.85
869.3	198.25
871.2	202
870.5	208.25
861.8	212.8
666.5	176.35
663.55	178.55
669.3	185.05
671.6	186.75
670.15	191.75
676.65	194.45
678.5	201.55
676.55	209.9
678.15	213.2
678.75	218.95
682.25	225.65
549.8	420.55
0	0
0	0
0	0
0	0
0	0
855.05	198.85
855.15	209.15
854.6	211.75
855.35	212.65
849.5	212.5
850.35	213.3
852.65	219.15
852.45	223.55
845.3	230.75
843.65	235.45
846	240.85
849.35	243.05
851.4	246.55
850.8	248.4
799.5	252.8
751.8	254.35
751.55	257.35
757.7	263.3
757.05	265
753.7	265.8
754.65	265.2
752.45	265.35
746.5	267.75
745.35	272.25
743.75	275
747.85	284.55
746.15	286.9
747.6	292.55
744.85	297.5
740.9	300.15
721.3	304.95
614.2	304.4
604.75	302.6
604.95	301.05
605.15	297.2
604.55	294.9
607.3	295.85
612.25	290.2
609.4	283.95
605.4	281.6
610.6	278.55
606.15	279.95
605.8	283.4
611.65	284.75
608.05	283
609.15	282.35
611.65	282
612.35	280.35
612.75	283.65
607.7	288.25
611.75	289.8
615.5	291.1
615.85	291.3
614.75	290.9
615.6	290.95
616.45	293.6
616.35	298
616.1	302.7
619.75	306.2
619.8	306.45
621.5	313.4
553.45	296.75
553.3	301.55
556.2	303.15
557.15	303.75
514.75	304.25
426.7	298.1
426.55	300.6
434.1	306.8
436.4	309.8
436	312.9
439.5	314.15
438.4	317.55
387.45	310.65
384.4	303.75
383.85	308.4
388.6	305.05
384.5	303.95
384	307.1
386.9	309.1
388.75	311.95
387.4	311.45
388.2	309
391.55	311.65
391	307.5
392.3	309.05
393.65	307.7
313.2	295.6
298.15	289.75
298.2	287.95
299.9	288.2
303.25	288.4
302.85	288.4
301.5	289
303.2	287
302.5	291.5
301.1	293.2
303.7	296.75
303.85	297.45
305.1	302.5
305.5	299.1
313.45	297.15
321	302.25
325.2	301.15
325.45	300.9
327.15	301.05
328.3	298.35
326.1	300.05
325.45	299.6
325.8	298.55
326.3	296.4
323.3	291.4
322.25	293.55
321.7	290.9
318.25	290.65
320.4	290.75
321.7	287.5
321.3	281.1
320.8	278.7
319.05	277.65
321.2	274.9
323.75	268.6
327.75	271.05
327.4	266.3
330.9	261.65
333.75	261.65
335.45	261.05
336.35	261.75
336.6	261.9
337.95	259.25
339	255.7
308.45	250.65
292.25	235.1
292.6	232.25
292.05	229
290.85	223.85
290.35	225.6
288.75	224.65
290.15	226.4
293.15	230.7
292.3	231.75
293.3	230.05
291.6	228.2
340.7	246.15
351.1	250.15
351.65	252.35
349.4	256.45
359.6	267.55
310.9	417.55
0	0
0	0
0	0
558.8	349.45
562.7	351.4
567.3	352.55
569.5	350.8
571.5	349.55
575.1	346.85
575.5	349.35
580.4	350.85
553.35	351.25
314.7	339.35
319.9	346.5
326.8	349.05
333.2	350.6
345.3	352.7
348.95	353
351.4	358.35
356.45	362.2
364.15	364
371.65	369.4
372.1	373.9
379.05	375.2
382.2	378.55
384.9	381.6
388.75	382.85
397.55	381.4
399.25	382.15
400.55	384.45
405.8	383.8
406.75	381.6
411.35	380.7
415.15	379.55
416.9	377.05
418.6	374.1
415.45	374.65
422.95	375
427.9	372.55
431.2	374.3
434.5	372.9
354.75	330.1
338.55	309.05
350	305.9
359	303.75
367.75	299.85
370.3	300.3
374.8	297.35
375.55	297.1
379.4	294.3
385.95	294.2
382.75	296.55
392.6	303.65
0	0
0	0
0	0
541.15	388.75
574.3	342.05
679.1	447.75
676	460.2
678.15	459.7
680.3	457.4
683.9	457.55
692.7	456.05
693.95	458.2
700.7	459.3
701.95	464.1
710.7	471.8
718.85	475.7
723.65	479.9
726.5	476.7
626.1	415.75
537.35	344.6
540.2	341.55
544.6	344.65
550.6	346.45
554	350.1
562.4	354.55
566.55	354.9
571.65	359.2
579.3	365.95
387.9	331.25
276.35	308.25
284.9	309.75
296.65	311.9
300.3	314.15
307.35	315.35
308	314.4
311.15	312.45
317.85	307.8
321.35	308.1
329.7	305.25
331.5	302.4
342.05	301.2
352.85	300.1
451.4	314
741.3	378.55
827.5	395.05
824.65	394.65
826.25	389.25
827.7	388.6
830.5	382.8
835.1	379.75
843.8	376.3
583.55	376.95
408.45	390.85
417.35	386.45
429.55	385.75
432.05	381.9
441.65	377.2
444.45	382.4
458.5	381.5
384	400.35
302.7	402.85
284.4	408.45
291.4	412.35
305.3	426.85
0	0
0	0
0	0
0	0
0	0
0	0
0	0
0	0
0	0
0	0
0	0
0	0
152.45	409.3
156.45	410.35
158.35	408.75
163.4	414.95
169.65	420.9
174.25	423.65
180.45	430.75
183.6	434.85
187.4	435.05
228.75	458.75
241.05	464.75
245.05	466.15
249.5	462.65
250.35	459.15
253.45	459.4
259	456.35
259.45	455.9
267.2	454.05
270.7	453.2
277.95	452.95
285.55	453.15
289.65	457.9
296.4	455.85
302.35	453.7
308.05	452.6
232.85	404.85
216.15	381.3
222.9	382.7
227.4	381.05
232.8	378.75
237.9	377.65
241.05	375.4
249	372.9
229.95	352.75
229.8	351.3
236.25	347.3
242.5	344.05
248.75	345.8
254	345.7
263	346
269	349.35
275	350.65
281.35	351.55
287.2	351.5
294.25	351.7
301.15	351.15
306.15	354.9
312.3	357.95
322.85	360.6
327.95	361.6
311.1	386.85
316.95	384.4
320.6	383.25
325.95	385.45
335.05	383.25
341.5	390.35
405	423.95
425.2	430.4
426.65	435.4
436.05	432.2
443.05	434.7
448.95	439.95
489.2	451.6
496.2	454
503.45	455.05
513.4	456.3
521.85	460.05
529.25	471.05
540.4	464.55
547.55	467.5
401	429.55
251.4	376
233.7	366.45
244.6	373.6
252.95	375.25
258.45	377.6
261.35	377.1
265.7	381.05
265.85	383.2
268.95	384.35
274.65	385.25
277.9	387.25
283.35	383.05
287.8	387.35
293.1	392.25
298.45	388.55
301.15	386.95
306	389.8
308.45	389
315.5	383.15
319.25	386.65
326.9	388.7
332.45	390.8
338.75	390.75
342.6	392.55
348.5	393.95
356.1	390.1
350.45	361.9
352.7	303.55
359.9	308.1
366.15	312.9
371.15	313.7
373.7	314
378.4	313.35
383.75	314
390.8	313.3
397.25	313.35
401.2	315
405.5	316.1
406.25	315.05
409.5	320.95
413.35	320.1
419.2	319.6
418.25	326.4
378.8	337.35
379.25	339.6
382.3	337.4
386.95	336.45
390.55	335.3
393.4	334.65
396.85	328.95
398.8	324
402.55	325.4
404.35	325.85
405.85	323.1
409.1	324.7
412.65	325.1
418.05	325.95
418.1	323.2
419.1	324.9
424	328.75
427.2	326.15
439.75	327.3
470.7	317.75
476.1	317.95
477.45	314.75
478.9	315.4
483.55	312.85
487.9	305.2
489.1	305.15
490.1	307.6
493.15	307.6
492.3	305.3
495.1	307.7
497	308.8
498.45	308.9
496.8	311.5
497.35	309.45
498.15	309.95
506.95	284.95
507.5	237.25
508.65	239.15
511.85	236.55
512.6	233.5
513.85	232
514.3	226
518.9	225.8
519.25	227.7
520.6	226.45
522.7	226.8
522.3	234.85
0	0
0	0
0	0
0	0
0	0
0	0
0	0
514.75	261.55
510.2	256.2
511.25	256.15
513.7	255.2
516.5	256.65
521.3	258.1
521.25	264.05
525.6	272.85
526.35	281.05
528.25	284.45
529.75	291.25
534	296.65
531.45	302
531.65	300.75
533.65	300.65
533.15	298.5
532.65	297.7
533.15	292.1
532.7	289.95
533.25	291.45
532.7	287.5
532.2	290.75
530.55	287.55
495.05	213.6
492.85	212.7
488.6	208.6
486.4	210.55
481.1	208
480.3	202.95
476.9	198.5
474.35	196.95
473.6	196.1
472.05	193.45
470.6	192.2
470.6	192.35
467.9	192.05
470.35	192.1
534.65	177.9
527.95	176.5
530.25	175.5
532.55	172.95
531.55	168.1
530.6	173.75
531.85	176.9
538.75	171.45
532.95	174.95
534.25	172
526.25	170.15
526.2	170.55
528.05	171.4
524.9	171.85
522.8	171.4
520.4	169.6
518.95	169
518.35	168.65
519.1	167.2
518.3	164.55
518.05	166.4
522	160.7
520.1	156.35
518.95	151.2
515.05	150.4
513.75	147.45
509.85	144.75
511.9	146.95
507	148.95
507.75	149.95
504.65	141.65
478.4	156.4
460.1	161.75
454.9	169.3
457.05	169.55
457.25	171.05
460.15	171.2
457.5	174.3
370.45	262.15
0	0
0	0
0	0
0	0
0	0
0	0
0	0
0	0
512.35	332.55
547.75	274.4
549.5	239.3
647.8	209.6
677.95	223.85
692.85	242.95
703.1	267.1
705.1	293.2
538.6	155.85
535.75	175
535.2	194
535.6	202.9
533.1	218.5
534.2	227.65
533.9	234.95
531.85	235.15
532.05	243.1
530.1	247.4
654.55	279.1
695.8	294.1
697.8	295.8
694.85	296
693.55	293.15
693.65	290.8
693.85	294.6
693.25	292.25
692.65	288.1
692.7	286.75
688.75	287.4
690.6	286.75
688	285.2
688.65	283.75
683.4	282.85
681.9	282.05
679.85	284.2
682.5	282.45
678.9	281.6
548.6	209.95
550.3	205.3
549.65	207.6
551.95	204.55
551.45	205.25
553.5	201.75
551.5	201.4
551.8	198.4
554.3	195.95
558.45	192.85
561.8	190.5
562.15	186.9
563.45	182.25
556.45	13.15
0	0
0	0
0	0
0	0
0	0
0	0
0	0
0	0
0	0
0	0
0	0
0	0
0	0
0	0
0	0
0	0
0	0
0	0
0	0
0	0
0	0
0	0
0	0
0	0
0	0
0	0
0	0
0	0
0	0
0	0
613.8	1.89999999999998
0	0
0	0
0	0
0	0
0	0
0	0
0	0
0	0
0	0
0	0
595.9	0.100000000000023
594.85	0.0500000000000114
0	0
0	0
596.25	1.75
0	0
0	0
0	0
0	0
0	0
0	0
0	0
0	0
0	0
598.1	7.80000000000001
594.95	16.2
0	0
0	0
0	0
0	0
0	0
521.45	146.1
542.75	117.85
554.35	133.65
554.95	161.5
553.55	167.25
553.9	169.45
572.6	56.2
0	0
0	0
0	0
583.65	3.19999999999999
584.7	15.95
585.6	22.9
584.1	30.9
583.15	39.75
581.15	52
581	55.6
578	60.15
579.7	65.35
579.45	73.5
578.65	75.15
581.2	85.3
581.15	90
577.25	90
578.15	94.95
579.95	96.85
579.95	100.25
576.75	101.15
576.9	99.85
576.15	97.25
575.55	82.25
0	0
0	0
0	0
0	0
0	0
0	0
0	0
0	0
0	0
0	0
0	0
0	0
0	0
0	0
0	0
0	0
0	0
0	0
0	0
0	0
0	0
0	0
581.75	6.39999999999998
601.4	19.85
598.35	21.55
600.4	25.7
596.55	38.55
594.9	43.65
590.2	46.1
595.35	46.15
607.1	110.35
667.35	213.4
667.1	218.9
668.45	223.3
668.6	227.15
670	232.65
674.15	235.25
675	235.9
672.45	236.6
693.7	163.15
694.35	179.35
690.4	185.35
693.55	193.25
688.35	193.05
687.9	199.4
691.9	200.9
688.2	205.45
686.45	208.9
680.5	211.25
690.25	214.2
697.95	210.55
700.3	204.75
696.2	208
698.75	217.6
697.1	215.65
696.55	215.5
694.5	216.5
695.75	214.6
699.05	214.25
696.65	213.45
694.95	213.75
694.65	213.4
692.35	214.3
694.05	211.1
689	212.75
689.15	209.35
690.05	205.2
709.2	196.3
710	183.25
709.65	178.5
711.2	182.05
713	182.6
711.35	185.55
710.65	184.4
710.6	186.2
712.2	187.85
711.2	190.8
711.4	192.95
714.75	194.15
714.75	194.6
718.05	192.95
713	193.35
711.8	187.65
718.4	184.4
714.6	184.5
713.2	184.65
715.55	187.4
715.1	184.95
711.45	200.1
549.95	343.7
0	0
0	0
0	0
0	0
0	0
0	0
0	0
778.8	177.95
768.35	210.8
767.85	214.6
769.15	217.25
771.85	221.6
772.65	229.45
758.85	235.05
712.7	235.3
712.45	241.05
710.85	247.6
711.15	252.95
710.9	251.9
677.55	258.95
669.9	258.35
668	261.1
665.95	262.3
667.3	263
668.5	262.5
667.05	261.4
666.75	260.9
662.85	262.4
663.45	263.05
663.2	262.9
660.5	262.85
658.6	264.1
674.95	264.45
678.95	264.1
677.1	259.35
676.15	255.8
671.1	252
671.3	249.8
673.15	245.6
672.6	246.35
673.9	243.95
673.6	238.45
676.95	241.85
682.35	241.4
685.55	248
686.05	245.5
687.4	250.3
681.2	254.9
615.15	247.9
513.25	207.8
356.6	159.35
331.5	127.95
334.15	128.65
333.2	131.95
332.3	135.65
334.75	132.95
331.35	131.5
335.8	134.45
333.55	136.6
336.2	135.55
332.55	145.05
336.2	141.4
339.6	144.25
339.3	141.75
366.15	157.15
421.4	180.2
484.85	205.55
588.65	226.65
658.6	236.2
691.95	235.75
681.95	239.45
675.45	234.45
669.1	234.6
670.95	230.45
674.65	233.45
684	237.35
685.55	239.15
688.65	238.4
690.15	245.95
693.85	243.85
691.65	244.35
691.45	245.1
692.85	245.7
692.2	244.65
674.05	269.85
673.4	265.35
675.25	258.95
675.15	256.6
674.8	253.8
673.25	254.4
636.4	273.2
546	315.65
541.5	315.65
543.6	316.05
544	315.9
539.7	323.1
543.35	322
548	318.5
547.1	324.4
540.5	323.7
540.1	323.55
543.1	325.05
543.3	323.55
544.8	325.8
543.25	325.55
546.6	323.75
548.45	324.85
547.1	326.5
548.4	324.15
539.15	349.65
527	355.85
528.4	359.9
528.65	363.95
558.1	382.5
0	0
0	0
0	0
0	0
0	0
0	0
0	0
0	0
0	0
0	0
0	0
0	0
0	0
0	0
0	0
0	0
0	0
0	0
0	0
0	0
0	0
0	0
0	0
0	0
0	0
0	0
0	0
0	0
0	0
0	0
0	0
0	0
0	0
0	0
0	0
0	0
0	0
0	0
0	0
0	0
0	0
0	0
0	0
0	0
0	0
0	0
634.25	185.25
632.4	210.1
628.35	220.85
625.5	229.1
625.3	236.4
625.05	244
625.55	252
623.9	259.4
623.15	266.6
620.6	275.15
620.85	281
625	286.1
623.3	292.9
621.75	291.75
621	292.2
618.95	291.8
620.85	288.15
621.25	287
620.35	287.15
622.95	284.8
622.6	281.9
624.25	280.15
622.35	276.45
622.75	273.15
622.4	274
622.8	273.65
623.2	270.55
613.6	267.85
494.9	278.2
406.9	296.85
405.5	293.75
406.75	292.25
410.45	292.4
408.85	286.9
409.9	283.7
411.05	280.9
402.2	281.45
404.75	282.9
405.3	282.05
403.85	282.25
462.8	271.9
571.7	213.8
573.1	212.65
578.25	217.8
578.35	219.8
582.95	223
584.3	227.4
582.95	231
633.65	223.85
633.45	231.3
630.9	236.9
628.6	243.15
626.55	245.3
624.75	246.75
630.2	251.95
627.85	257.3
626.3	258.4
626.45	258.2
643.15	247.55
644.25	251.2
643.55	254.95
643.15	255.6
642.5	255.35
638.25	255.45
637.25	256.95
633.2	263.3
641.9	251.25
0	0
0	0
0	0
0	0
0	0
0	0
0	0
684.45	233.45
679.45	245
681.65	244.65
678.25	243.95
676.4	246.4
677.05	247.1
677.4	254.45
679.65	263.75
681.6	271.3
682.05	277.05
682.4	282.2
659.25	231
657.25	214
655.6	220.15
656.45	224.9
655.6	228.1
655.85	229.75
655.8	237.4
654.25	238.45
654.55	241.3
652.85	244.85
654.5	248.95
652.15	247.55
654.4	251.55
655.4	252.85
655.5	251.8
656.25	250.35
653.05	248.8
655.9	251.25
659.85	250
661.8	247.65
661.7	245.05
663	244
663.5	246.5
659.15	245.4
663.6	241.7
666.3	239.25
665.8	236.75
668.25	240.15
669.15	239.8
669.3	240.15
670	243.3
671.85	246.55
672.3	247.05
673.6	248.35
673.75	251.35
673.35	248.8
675.3	252.6
675.2	252.25
679.8	250.75
678.95	250.85
679.6	252.7
679.55	251.9
678.45	249.7
679.8	253
703.45	230.75
766.05	145.75
761.15	157.9
761.95	165.05
762.2	167.55
761.6	171.5
763.35	174.55
763.85	176.75
765.3	182.65
764.75	187.7
763.1	195.1
766.15	205
770.35	213.45
769.95	222.6
770.05	222.85
770.9	225.2
764.5	223.75
762.7	224.4
760.65	225.15
760.7	229.25
762.65	231.15
761.75	232.15
758.8	232.55
758.3	228.65
759.9	230.65
761.1	229.1
759.9	230.35
756.75	231.45
756.7	230.1
754.75	230.9
750.8	230.3
755.8	224.8
749.35	222.7
753.2	226.05
735.6	230.9
737.05	230.3
736.35	230.65
734.45	229.9
734.55	233.7
735.8	234.95
734.85	237.65
707.7	251.05
703.05	251.45
699.2	252.5
695.35	254.7
693.35	254.8
693.6	258.15
690.95	257.45
