654.15	346.95
652.3	344.75
651.15	347.2
651.6	349.95
649.6	356.65
648.3	358.1
648.05	358.45
646.9	359.8
646.45	356.95
646.9	358.8
645.95	358.95
648.1	359.3
647.85	359.95
648.1	358.9
650.9	356.8
646.75	365.4
650.1	365.25
650.3	365.15
633.7	352.5
522.35	139.4
530.8	164.8
530.3	164.1
527.55	166.15
529.1	165.25
529.65	163.35
529.25	160.7
528.85	162.9
528.2	160.6
529.6	161.35
529.7	158.85
530.75	158.9
530.7	179.25
548.15	226.65
547.55	232.35
545.85	234.85
545.15	236.2
544.65	235.05
488	211.85
429.75	147.45
437.2	153.6
438.4	160.55
439.85	154.2
440.3	154.75
440.6	158.55
440.65	153.05
440.9	153.95
590	283.35
578.3	275.35
582.75	273.55
586.6	269.65
586.65	269.45
586.3	269.4
586	267.1
586.7	272.55
587.15	277.6
585.6	277.95
585.45	279.65
584.7	278.7
584.25	275.5
586.85	286.55
694.05	363.7
695.35	365.2
698.45	361.6
701	364.25
702.1	364.6
702.55	361.3
701.4	369
700.85	374.4
703.3	373.55
703.1	373.9
707.45	372.8
708.25	372.15
708.4	371.95
523.05	193.2
498.15	168.35
495.3	171.8
491.8	169.05
490.2	167.15
489.7	171.4
487.75	168.9
489.45	169.6
491.95	164.25
489.9	168.45
537.35	196.25
535.85	189.65
538.25	190.25
541.4	192.45
541.25	197.8
540.5	195.95
0	0
0	0
0	0
421.9	351.05
422.6	350.85
422.9	349.85
423.25	351.35
423.95	346.1
423.65	348
425.1	345.8
423.5	351.7
423.75	353.25
424.35	353.55
621.75	357.6
642.6	348.6
647.8	353.3
654.2	343.4
655.4	343.75
654.45	347.5
653	347.85
652.6	349.05
651.8	349.15
650.65	351.2
650.15	351
651.55	350.65
627.9	327.2
526.8	134.65
536.4	143.2
535.3	142.7
532.75	144.4
533.9	136.75
533.2	137.7
532.2	134.4
534.5	134.4
525.75	136.1
494.45	185.65
493.55	182.55
495.7	183.3
494.55	185.05
493.65	186.65
494.2	189.2
492.85	189.75
492.55	190.85
490.9	193.7
556.3	201.4
545.65	204
544.8	201.1
545.05	208.2
546.65	209.3
545.4	209.85
547.15	214.3
547	213.15
545.65	213.1
545.95	211.35
545.2	211.55
546.85	210.6
547.75	209.15
546.5	208.5
546.1	210.75
547.2	210.8
450.9	308
463.7	314.25
463.75	316.5
463.05	315.25
462.15	318.25
464.1	314.25
462.8	322.5
463.45	322.3
462.8	326.45
464.6	326.45
462.6	327.2
466.55	326.15
496.75	326.7
717	336.2
712.95	342.55
716.25	343.7
718.05	346.35
717.9	349.05
716.9	351.7
590.95	237.05
476	134.45
473.85	127.7
475.4	127.7
473.25	130.9
471.75	131.5
473.75	129.95
472.95	125.2
472.65	127.05
470.05	134.1
469.5	128.65
550.5	138.6
539.6	135.05
542.75	140
543.5	142
541.4	147.6
540.85	148.65
539.7	152.25
538.4	147.35
538.5	143.55
539.1	149.3
607.45	399.65
0	0
0	0
0	0
0	0
0	0
0	0
600.1	228.05
598.8	227.3
594.95	239.15
592.65	238.75
475.15	160.1
486.3	180.55
484.3	171.05
484.05	168.9
481.85	170.65
481.05	169.25
481.05	164.95
480.15	164.65
487.7	167.9
630.2	307.8
632.6	305.35
633	310.45
636.2	317.45
636.2	313.7
638.75	314.8
638.65	314.5
639.95	311.85
634.6	314
635.1	313.3
635.4	317.45
635.75	314.4
635.5	315.55
635.25	318.9
783.3	91.2
772.3	132.7
772.95	125.65
774.65	114.35
773.2	114.35
775.45	121.95
772.65	118
773.4	113.85
773.2	121.1
774.45	116.8
775.55	114.05
778.6	120.15
776.45	120.05
776.7	114.5
779	116.95
777.35	120.8
779.2	124.05
779.2	124.45
776.25	126.25
776.35	125.95
776.85	120.15
778	122.3
774.2	124.15
775.65	128.65
775.05	128.2
774.55	131.9
775.6	128.65
777.5	128.55
777.95	128.85
777.25	126.85
696.2	140.05
417.35	155.6
427.35	145.4
425.6	144.2
423.65	132.3
426.25	138.7
423.2	131.15
423.55	129.2
427.3	131.65
428.15	137.55
430.15	137.8
432.1	132.65
433.25	136.35
431	134.75
430.65	138
429.45	138.4
423.75	136.95
426.9	133.75
424.65	132.25
428.6	137.95
426.6	134.25
425.75	136
424.05	136.4
423.9	139.25
422.55	139.5
704.6	287.65
697.25	311.05
703.85	316.25
704.6	319.55
709.8	316
705.35	319.8
709.8	319.15
448	127.9
462.35	153.15
463.05	143.2
465.5	144.35
462.35	145.75
467.65	150.65
469.55	145.95
470	147.05
469.6	144.6
468.7	143.1
445.5	154.75
445.1	163.7
445.55	167.3
443.7	162.4
445.3	166.95
445.9	168.7
446.8	168.6
445.9	168.4
445.75	171.3
444.9	160.15
446.45	160.55
446.7	168.7
442.6	171.8
439.85	173.8
440.55	178.55
438.9	177.5
420.5	186.65
423.7	182.1
421.25	179.1
420.85	177.2
420.75	183.3
420.45	182.75
420.2	183
423.5	181.1
422.45	178.7
421.65	180.8
425.1	173.35
425.7	170.9
436.15	174.2
450.55	151.1
450.95	155.2
448.95	154.85
448.95	156.75
448.1	158.9
446.85	158.65
448.35	159.1
448.95	159.8
447.15	164.8
447.25	164.4
444.6	164.45
444.7	169.65
445	167.15
444.75	168.6
443.45	167.7
443.65	165.65
443.2	172.05
444.45	171.05
441.55	174.7
439.8	177.55
438.25	178.2
440.7	171.65
438.55	173.35
437.95	176.65
553.2	229.8
542.1	224.45
542.05	227.15
542.5	228.8
542.7	230.9
541.2	231.45
542.8	228.75
543.15	224.1
543.25	227.7
548.3	221.1
424.55	164
435.3	160.55
436.85	163.95
438	158.35
438	158.55
437.05	163
435.3	160.6
435.75	159.95
432.1	171.7
431.35	178.2
431.6	178
631.8	245.3
636.6	251.4
636.65	256.35
638	256
639.3	254.45
641.2	254.15
639.15	249.3
638.05	249.4
636.85	250.2
636.6	251.55
635.4	257.1
635.9	254.05
635.25	253.45
636.65	250.65
636.75	249.5
637.65	248.05
637.7	248
638.65	254.05
636.45	261.45
638.9	265.35
639.65	263.6
639.35	256.35
639.35	258.75
640.7	259.95
644.4	262.2
643.65	264
748.15	320.2
789.95	333.95
791.2	335.95
790.45	338.55
789.35	340.5
790.4	340.45
791.2	339.3
791.9	339.85
791.95	341.75
793.15	343
793.5	345.5
793.6	344.4
794.55	344.5
796.2	344.9
795.5	340.3
796.65	336.6
798.15	335.75
797.15	337.45
796.75	340.2
795.25	341.9
796.3	346.3
795.05	349.4
795	347.05
795.3	346
794.05	348.9
794.7	351.65
793.5	351.8
794.7	347.3
795.05	348.75
554.15	256.3
560.5	264.3
558.3	257.7
557.25	254.55
553.85	257
555.2	255.3
554.25	256.8
553.9	259.8
552.5	261.5
554.45	262.1
553.75	266.3
623.7	261.8
718.45	292.85
721.8	292.8
724.4	288.45
726.6	290.25
727.25	287.9
726.5	286.65
724.6	291.25
724.05	294.6
724.4	293.45
721.7	299.9
916.65	242
910.45	251.75
915.1	247.65
914.65	250.4
916.95	250.15
916.1	251.75
918.3	251.1
917.05	255.95
914.95	258.9
918.9	257.8
917.3	261.5
918.05	261.15
919.05	261.15
919.35	260.2
859.1	273.9
861.3	276.4
859.4	278.55
858.4	281.25
857.35	279.95
857.15	279.5
856.25	280.25
856.7	284.2
856.3	282.55
854.25	285.7
856.7	283.8
854.4	287.15
756.8	332.3
759.4	332.4
759.1	332.4
760	332.35
756.5	337.85
756.45	336.75
759.65	338.4
798.95	307.8
792.45	307
793.9	306.75
794.55	307.15
795.75	303.25
798.35	300.15
800.25	295.7
797.95	259.25
800.3	244.85
797.65	248.65
794.2	250.1
796.2	247.25
796.3	246
794.85	248.55
793.3	247.15
792.75	246.8
793.05	240.45
797.75	199.4
795.35	197.75
798.65	198.95
800.7	197.3
801.65	195.55
803.55	185.7
804.3	180.95
800.05	188.7
801.75	190.6
800.85	192.65
800.2	193.55
799.6	194.9
799.95	196.35
800.95	197.05
801.5	196.35
802.65	196.25
801.8	196.75
801.8	201.7
805.5	200.6
804.9	195.8
803.15	198.3
802.7	199.9
802.6	205.15
803.15	205.8
801.85	206.4
801.3	209.6
802.15	210.95
802.6	210.9
801.3	212.25
803.05	210.15
590.5	246.55
604.45	249.1
601.75	250.5
603.15	245.3
601.65	244.65
601.1	247.3
601.2	244.8
602	243.15
601.1	248.15
416.65	283.55
443.05	280.3
441.35	284.15
440.1	283.75
439.55	286.25
438.25	286.35
438.9	286.65
437.5	286.95
435.2	286.5
436.65	286.25
436	291.35
560.7	263.95
615.65	258.45
617.5	258.75
620.05	255.4
623.2	251.55
619.2	260.45
620.8	253.5
621.75	257.3
621.75	257.35
622	257.9
625.85	257.8
627.1	257.3
628.3	259.55
628.55	262.3
630.4	267.7
633.35	266.65
631.95	265.9
634.2	264.35
632.3	266.2
634.9	267.1
636.55	269.5
549.4	270.5
551.6	275.2
551.15	273.45
553.75	268.3
554.65	270.35
552.45	266.85
550.8	269.45
551.35	270.5
553.15	272.4
552.9	270.85
551.95	272.95
551.35	272.2
551.15	269.95
552.55	267.55
509.1	295.4
509.55	297.2
511.6	295.05
511.65	294.8
509.3	298.4
511.85	297.35
511	295.8
509.55	295.2
509	298.9
509.9	296.85
512.05	295.65
512.65	297.5
515.3	295.6
515.4	300.65
515.95	299.55
515.35	299.1
514.7	305.5
514.8	306.4
515	309.15
515.2	312.9
516.1	314.6
516.9	316.95
517.6	305.65
519.05	300.25
518.65	305.95
519.85	302.25
518.25	309.05
516.4	314.65
519.6	311.9
519.2	309.45
519.75	307.35
521.25	309.05
521.25	314.4
522.1	315.55
524.2	311.2
524.8	311.75
526.6	311.55
544.05	297.9
684.1	130.6
678.35	144.95
679.15	151.4
681.85	143.65
681.1	147.45
681.85	150.75
684.3	147.75
534.2	211.35
490.25	230.6
490.7	232.7
489.75	229.8
486.35	227.8
489.65	224.8
488.95	226.55
488.2	232.65
487.8	234.45
486.5	236.35
485.1	234.65
486.6	235.5
486.75	229
488.25	225.5
487.9	228.7
486.55	232.55
488.8	228.5
488.55	229.25
487.4	230.45
486.35	231.35
487.65	231.65
489.8	232.5
489.6	235.5
493.1	238
494	236.1
491.9	245.55
490.35	245.05
548.7	256.3
733.15	349.55
735.55	355.05
738.4	354.45
743.25	353.1
746.1	351.65
748.4	351.85
748.2	352.45
748.95	352.6
747.8	354.7
749.45	358.2
751.5	357.85
752.4	356.8
773.35	411.4
768.55	402.1
767	404.9
769.15	406.75
769.25	407.5
766.75	411.3
770.05	413.2
772.6	411.3
770.85	416.15
771.95	417.05
769.4	411.2
765.1	413
762.75	415.15
780.9	401.35
792.75	392.5
792.15	396.6
791.15	398.4
789.95	402.8
787.05	403.25
787.3	398.55
787.45	396.75
785.45	394.8
910.5	257.5
896.65	278.3
898.95	271.65
899.55	272.3
902.15	269.9
904.1	270.15
905.7	271.25
907.6	269.15
906.6	267.8
906.3	264.4
906.05	263.45
904.8	264.15
906.35	261.45
904.85	266.9
764.55	290.6
772.15	294.65
770.95	294
770.75	300.2
773	295.45
774.05	299.5
774.3	301.75
774.9	306.8
776.3	310.5
772.3	315.8
789.4	360.55
789.1	353.25
788	353.95
790.7	360.95
792.95	363.7
795.6	364
754.4	399.25
765.6	394.85
764.8	395.8
763.5	396.85
761.45	398.4
759.7	399.05
759.05	399.65
758.35	399.25
758.65	400.55
759.9	399.7
761.25	399
764.45	395.65
763.35	395.55
764.5	393.35
767	391.65
648.95	355.5
667.2	359.2
662.3	356.95
661.15	356.45
658.55	351.6
655.8	350.45
652.95	354.85
652.25	357.3
840.05	281.8
885.7	276.65
884.6	278
886.25	279.9
887.1	277.4
891.45	274.95
890.35	274.3
892.6	276.2
893.95	275.5
895.4	274.6
896.7	271.95
897.3	270.3
817.6	274.75
835.6	275.35
836.25	277.25
835.9	274.65
834.8	277.2
834.1	278.6
833.8	280.6
831.1	286.6
830.4	291.75
828.85	292.25
828.35	294.65
828.9	293.3
830.6	293.65
828.1	297.15
829.2	299.35
827.9	302.9
828.55	302.35
832.75	298.6
835.2	300.35
835.45	302.45
948.05	370.15
943.65	357.6
946.4	360.8
947.95	368.25
946.75	371
946.55	372.2
944.6	374.55
945.1	377.5
945.4	377.7
947.45	379.2
948.15	379
947.55	379.55
949	380.4
950.75	379.75
949.5	381.75
950.15	380.15
950.9	381.5
950.15	380.95
951.1	381.45
951.15	380.5
948.85	383.05
949	382.75
722.75	279
724.15	271.2
724.75	268.35
723.4	268.2
720.5	275.75
720.4	275.55
721	272.1
720.95	270.9
720.35	270.85
719.35	267.2
720.25	264.45
717.45	263.95
716.85	262.75
452.05	345.6
434.7	368.3
435.8	368.25
432.4	372.95
431.75	377.45
431.2	378.3
429.65	379.85
429.4	381.6
429.65	385.65
429.45	385.55
429.35	386.35
417	550.55
419.95	520.3
421.25	525.05
423.05	526.25
425.25	527.1
425.7	526.15
428.4	527.4
428.9	526.75
431.75	527.75
432.45	528.5
435.2	529.5
438.8	526.25
433.95	527.5
431.1	522.8
430.6	518.8
428.9	529.7
428.55	527.1
422.45	535.3
252.2	262.2
270.8	291.25
267.25	292.45
265.45	291.55
267.7	290.05
268.75	292.75
268.7	289.95
267.35	290.6
267.7	293.55
267.15	290.35
266.6	292.5
267.3	295.65
267.55	296
438.75	392.9
449.5	394.6
395	508.7
412.65	491.85
412.55	490.15
411.6	495.2
411.65	497.05
411.85	496
415.5	495.75
416.3	494.7
412	488.15
410.3	487.35
410	486.65
471.45	450.05
470.15	460.9
472.15	463.45
471.35	463.6
472.6	464.85
471.6	463.15
473.85	461.65
475.95	461.25
476.4	460.15
477.4	463.5
478.35	464.25
478.95	473.05
452.95	489.75
437.5	523
435.3	522.85
433.05	520.55
431.15	528.85
429.2	532.5
427.45	536.1
426.8	536.3
428.3	532.7
430.45	530.55
429.2	523.35
436.85	528.65
432.6	532.6
436.3	534.1
433.9	533.3
431.25	532.7
429.65	533.1
432.05	533.95
429.15	534.3
430.05	534.75
429.35	533.2
427.3	534.65
427	535
427.45	531.6
430.2	532.45
431.35	529.75
421.85	545.95
422.8	549.45
424	546.35
424.1	549.05
422.2	549.85
420.75	553.2
418.8	554.15
416.4	556.4
414.6	554.2
442	487.2
440.6	465.05
439.5	464.3
440.4	460.2
441.9	456.95
446.15	455.25
450.65	454.8
453.1	457.65
452.85	459.45
453.25	459.75
455.5	460.7
454.05	465.9
452.8	470.05
453.3	467.8
454.45	469.55
455.45	468.65
453.8	466.7
425	261.3
426.15	269.05
426.2	267.8
425.05	270
423.8	268.75
424.65	270.6
422.45	267
423	265.6
423.4	266.3
421.7	267.35
421.15	267.25
421.3	266.2
420.8	264.3
418.6	267.9
420.5	272.8
415.1	275.5
414.55	274.9
410.65	281.1
669.65	236.7
646.6	244.45
649.35	240.65
648.75	242.9
649.25	244.85
647.4	245.3
645.3	248.8
645.95	244.75
645.85	243.35
642.1	241
640.1	242.95
636.25	243.1
637.35	243.25
636.6	244.75
633.3	248.55
630.85	251.55
626.1	257.05
623.15	255.8
621.15	257.95
617.7	256.9
617.65	256.2
614.05	258.8
610.95	258.7
607.2	260.55
605.7	261.95
603.45	261.75
602.35	257.45
602.15	252.6
601	252.85
596	251.4
593.05	251.6
590.3	248.8
585.5	249.3
582.85	245.25
577.15	248.5
575.5	246.75
573.05	246.15
423.8	133.8
435.9	155.2
432.85	158.35
428.9	158.05
423.2	159.1
420.15	160.8
414.15	160.6
410.25	161.85
408.1	158.35
404.95	156.35
400.85	161.85
397.35	156.65
394.15	157.9
390.3	158.6
386.9	162.85
384.1	165.5
379.1	169.05
375.3	171.2
373.1	173.3
369.5	173.4
366.7	175.3
362.35	177.5
360.35	176.25
358.9	173.15
355.5	173.6
352.9	176.7
589.95	305.4
585.25	417.85
538.15	383.95
538.55	386.3
542	382.25
534.05	386.7
533.85	383.05
528.6	386.55
603.95	194.3
597.6	207.7
593.4	204.75
594.2	207.1
594.4	203.15
592.65	198.1
591	200.3
588.4	206.5
584.85	207.3
582.8	198.7
583.4	190.1
577.8	196.9
574.1	199.7
572.55	199.85
565.45	203.15
564.05	206.7
559.1	209.3
556.15	207.9
552.3	210.9
549.25	211.25
546.45	214.7
542.9	217.15
540.6	217.25
536.65	221.6
531.6	220.15
529.35	221.3
528.6	219.6
525.9	223.45
522.6	222.5
520.8	220.75
520.6	215.8
517.9	215.75
515	224.05
512	221.3
508.2	221.7
503.05	222.4
499.45	224.15
494.2	229.7
493.9	227.15
492.95	225.3
489.45	227.65
487.65	232.2
485.05	230.55
481.85	234.15
480	240.8
478.3	241.05
472.55	243.75
468.65	244.45
465.6	243.85
461.65	242.95
459.9	242.9
457.5	240.05
454.85	240.7
455.8	241.2
826.9	215.5
800.9	226.85
805.35	226.9
805.75	229.25
805.45	228.1
805.85	229.65
807.6	230.15
807.35	229.25
808	230.2
808.05	231.3
805.35	235.2
804.25	240.45
802.5	239.6
801.6	242.25
800.25	240.9
797.6	242.2
977.9	153.9
959.85	155.2
963.4	150.25
968.05	151.1
967.55	150.8
967.1	150.15
967.1	151.75
966.3	151.35
964.9	152.95
963.15	156.8
961.7	159.25
959	162.4
957.1	166.1
955.35	164.6
951.1	168
947.15	170.95
944.8	172.55
941.1	172.05
934.55	171.65
931.2	171.55
925.75	173.75
922.4	179.15
919.7	182.15
852.8	187.9
810.3	199.25
811.7	193.7
806	197.9
804.55	198.15
804.6	194.65
770.5	168.95
758.2	159
755.9	156.1
752.1	151.65
749.6	152.2
744.2	155
741.95	149.75
739.45	155.05
738.2	153.2
738.5	152.45
738.05	157.8
737.3	156.6
738.2	162.8
566.25	195.6
531.6	182.85
536.85	185.8
542.7	187.15
552.45	187.3
559.25	191.35
566.95	195.4
576.75	197.55
581.6	195.1
589.85	194.15
590.55	197.8
590.65	204
592.5	206.6
592.85	209.65
778.75	288.1
776.15	285.9
780.05	287.95
782.05	292.1
785.75	297.35
786.7	299.2
896.45	357.8
875.1	345.85
876.55	349.65
882.65	350.95
884.8	352.35
888.7	351.35
918	344.85
907.35	345.45
903.15	344.7
894.85	343.7
875.65	333.9
811.65	245.05
796.55	239.75
775	243.35
754.8	240
729.45	227.45
702.15	208.55
676.85	201.9
649.5	213.1
560.9	207.55
550.1	204.45
527	200.45
498.1	194.6
476.35	213.05
458.4	213.95
439.75	218.6
418.05	223.15
403.95	228.15
393.35	227.3
268.75	283.9
272.55	297.95
264.4	300.45
261.3	302.5
254.5	306.35
249.45	311.9
252.75	320.45
252.95	317.6
435.75	319.85
523.15	298.3
529.9	297.25
532.95	301.2
539.65	299.2
541.15	298.65
542.2	299.75
704.1	179.6
706.8	172.9
704.1	176.35
706.1	179.25
705.6	180.3
704.25	179.45
704.1	181.75
702.9	181.35
703.45	179.6
705.05	191.85
689.7	540.35
0	0
0	0
0	0
0	0
0	0
683.1	158.4
692.7	162.55
692.5	171.65
691.6	171.05
690.3	174.15
690.65	174.3
691	177.3
692	173.65
691.15	175.25
690.1	175.15
689.25	173.6
685.4	170.3
686.45	171
688.1	169.65
688.4	171.7
690.2	174.85
691.8	176.1
692.95	179.85
691.75	181
690.75	180.5
691.3	181.95
701.75	295.7
0	0
0	0
0	0
0	0
0	0
0	0
733.15	176.65
734.35	175.25
737.55	178
737.7	188.7
735.9	184.5
736.8	179.45
736.95	180.05
737.25	182.45
737.65	179.8
737.5	186.15
738.25	189
639.45	194.55
645.6	200.45
642.7	202.25
642.1	199.1
642.65	202.15
643	196.7
641.1	195.15
642.45	193.3
641.15	191.15
640.1	199.05
641.65	190.9
643.15	193.65
642.25	191.55
642.3	194.45
643.15	193.35
641.55	200.9
642.6	220.25
0	0
0	0
0	0
0	0
0	0
0	0
723.45	197.05
726.2	202.6
726.05	189.05
729.05	191.85
728.55	195.1
727.65	192.1
651.1	204.35
480.15	238.1
490.25	234.75
488.45	235.7
487.2	237.85
484.1	234.45
483.7	230.1
480.7	226.2
480.05	225.9
479.35	225.35
478.9	231.35
478.5	235.4
522.75	217.6
730.2	562.3
0	0
0	0
0	0
0	0
0	0
0	0
681.3	185.2
687.6	182.8
685.6	177.75
682.55	191.45
684.05	194.9
685.6	189
686.05	186.85
687.1	176.7
689.35	188.55
687.2	193.2
688.7	191.9
686.1	191.35
688.4	184.65
686.95	185.8
683.4	185.35
694.45	370
691.55	362.2
692.95	370.25
689.3	380.35
673.05	382.4
601.9	406.9
597.1	409
588.25	414.85
584.9	414.05
579.15	419
595.95	408.05
584.6	410.5
578.05	420.2
572.5	422.7
569.4	427.3
562.85	433.8
554	436.45
612.3	415.75
996.55	134.15
985.6	152.35
986.25	155.55
984.1	151.35
982.85	153.75
981.4	158.95
977.4	159.15
974.7	163.1
972.6	170.3
969.2	172.2
965	175.55
852.7	243.4
846.6	253.85
840.3	258.5
835.6	261.55
828.4	265.3
823.45	266.85
819.25	267.25
759.8	313.9
634.65	405.8
624.4	407.8
615.9	416.3
605.75	423.9
598.55	430.85
589.6	435.9
583.1	443.4
578.6	446.3
450.8	365.15
326.35	179.25
319.3	179.5
317.2	175.8
316.85	176.5
315.7	175.7
317.05	179.45
316.8	181.05
316.7	183.85
315.1	187.95
628.5	150.5
729.1	147.55
736.7	152.7
740.55	155.15
741.3	155.15
745.9	161.35
832.4	200.5
837.35	200.15
839.45	204.6
840.05	206.5
838.45	208.25
835.45	213.5
970.95	154.9
956.3	160.8
953.45	162.35
951.15	161.55
947.15	165.8
943.9	167.65
940.15	168.85
941.15	167.15
935.2	168.5
931.4	171
928.45	175.25
925.2	178.2
920.6	185.15
915.9	189.05
912.6	187.1
909.9	194.35
906.15	200.1
923.5	259.7
948.75	287.4
958.5	398
955.25	395.35
952.35	403.4
948.05	407.15
942.3	415.25
930.5	420.45
825.4	368.75
821	382.2
814.8	388.05
805.75	398.25
800.85	403
789.45	411.5
655.75	462.65
653.8	479.1
642.3	490.6
633.1	499.2
623.05	508.7
614.35	516.45
602.65	526.4
594.45	530.15
584.95	537.65
577.25	546.35
748.85	348.45
786.05	295.3
781.9	297.1
775.2	302.35
771.1	301.65
764.3	304.05
759.15	304.35
754.5	308.4
692.05	272.35
695.35	283.65
688.3	288.75
679.8	294.45
673.7	294.95
741.9	272.25
721.95	277.5
714.55	281.25
709.1	280.9
704.35	284.2
697.1	293.05
689.65	296.75
683.3	300.55
675.8	305.7
1082.15	68.5
1118.6	60.85
1118.35	61.4
1111.1	70.4
1105.6	77.5
1102.95	82.2
1097.15	87
1090.05	94.25
1084.6	101.2
1082.05	106.8
1077.45	111.3
891.65	242.45
841	254.55
829.45	263.75
819.5	273.25
808.85	282.3
803	281.15
485.1	369.95
502.85	377.1
493.45	384.25
481.8	394.75
472.55	400.1
461.5	404.15
449.75	407.45
441.3	414.9
431.7	420.2
420.35	427.8
411.25	432.1
402.8	437.7
394.55	441.25
385.6	449.2
378.05	455.55
370.6	458.95
362.25	465.4
358.35	467.5
353.25	473.75
345.2	478.85
807.75	258.95
1092.1	127.8
1091.15	140.7
1091.05	141.7
1090	147.35
1086.75	150.55
1082.95	153.85
1074.9	162.65
1068.95	168.55
1064.15	172.35
1055.4	181.1
1086.75	157.85
1190.45	13.9
1183.1	25.95
1175.55	32.15
1169.9	39.75
1161.65	46.2
1154	52.85
1143.1	62.85
1138.05	71.75
1127.35	94.55
0	0
0	0
0	0
0	0
0	0
0	0
0	0
1113.85	105.9
1109.15	113.15
1099.8	113.9
1093.3	107.4
1082.45	116.75
1075.4	127.65
1067.15	140.3
1061.6	140.85
1051	147.2
1043.55	150.7
1035.5	156.4
1026.5	164.6
1019.5	169.95
1007.25	181.25
1169.95	2.25
1158.65	20.95
1156.7	26.8
1151.6	29.9
1148.7	33.5
1141	42.3
1136.05	46.9
1124.55	56.55
1120.05	60.8
1110.5	69.8
1102.05	78.75
1092.1	88
1083.85	96.3
1075.05	103.95
1066.75	110.95
1061.25	116.6
1049.15	124.5
1039.7	134.8
1032.15	137.85
1024.1	142.25
1012.95	149.7
1005.4	151.65
994.55	159.75
982.4	169.65
973.6	176.15
764.05	273.8
706.35	298.75
691.85	313.4
675.4	325.65
664.7	336.65
650.25	343.4
636.1	355.15
626.75	362.1
735.35	312.2
1110.75	41.75
1102.55	57.35
1096.15	66.6
1091.2	69.5
1084.5	77.75
1076.6	87.95
1066.6	94.95
1054.7	103.05
1045.85	113.15
1033.35	127.55
1059.6	115.4
1163.05	7.14999999999998
1157.3	13.25
1152.6	19.1
1149.35	22.4
1141.4	28.5
1134.2	42.1
1130.3	42.65
1122.4	46.85
1115.2	53.65
1107.15	57.6
1100.1	69.1
1087.65	71.9
1075.35	94.8
1021.85	195.8
1048.25	453.9
1066.65	280.75
1047.55	256.65
1037.25	268.1
1025.45	278.3
1016.05	285.55
1002.65	291.6
989.7	301.7
1062.5	200.9
1101.75	73.05
1094.05	76.8
1089.85	82.35
1078.5	92
1071.1	99.8
1065.6	104.55
1060.05	113.65
1053.4	119.3
1048.05	125.35
1037.7	137.05
1029.2	146.85
1025.7	148.35
1017.95	154.95
1014.5	159
1005.7	170
997.2	177.4
1058.35	154.5
1125.95	55
1115.25	67.1
1107.15	73.6
1100	80.75
1091.4	90.15
1082.8	100.2
1073.5	107.05
1183.85	10.7
1174.65	10.25
1172.15	14.2
1162.35	22.2
1152.3	28.3
1142.75	34.1
1132.7	41.15
1124.55	48.55
1115.6	59.25
1106.7	65.85
1096.6	77.6
1083.55	89.65
1166.1	32.9
1145.8	57.15
1135.1	63.55
1126.15	71.25
1117.85	82.95
1108.05	95.55
1103.4	101.5
1092.35	106.6
1080.6	120.85
1073.3	124.3
1058.7	137.7
1051.25	146.4
0	0
1147.3	5.89999999999998
1137.75	12.65
1125.5	21.5
1109.6	35.5
1100.55	42.05
1093.5	48.15
1080.85	57.75
1072.65	67.3
1062.45	77.2
1143.95	35.95
1173.9	2.35000000000002
1170.65	5.85000000000002
1160.15	14.7
1144.95	27.1
1139.8	26.95
1130.7	33.05
1120.95	43.3
1111.05	53.8
1102.45	59.6
1091.3	68.2
1083.05	75.2
1071.55	82
1060.9	93.7
1053.35	100.25
1042.7	120.1
966.05	410.9
0	0
0	0
0	0
0	0
1216.4	29.75
1209.2	28.6
1202.55	35.9
1197.4	44.4
1189.1	55.95
1184.7	57.8
1178.15	65.95
1167.25	74.95
1157.7	83.6
1143.2	94.55
1134.9	101.4
1129.05	102.55
1118.15	110.9
1107.55	117.9
1093.5	130.1
1082.05	136.2
1015.25	142.05
835.4	170.9
818.4	176.95
794.6	196.95
785.35	203.8
770.2	210.05
758.7	211.75
745.7	216.85
737.7	221.55
728.15	228.45
1079.15	53.2
1047.85	82.7
1047.95	90.5
1038.95	97.35
1031.1	103.25
1021.1	112.8
1013.6	120
547.25	274.65
412.3	331.85
396.65	349.15
382.7	359.2
370.6	360.45
362.3	365.05
352.35	373.4
667.5	284.05
962.1	168
961.55	177.75
958.05	190.5
950.5	196.75
947.2	197.25
939.15	200.65
935.05	207.4
928.1	214.6
921.1	220.75
910.7	226.65
900.45	236.1
892.95	242.35
1128.2	51.4
1110.25	75.25
1104.15	80
1094.85	89.35
1084.35	95.75
1074.15	101.6
1065.95	110.6
1055	119.75
1044.05	126.5
1035.25	129.1
1022.35	137.6
1012.65	144.5
1002.65	149.6
992.1	158
977.6	165.4
965.25	171.15
949.3	184.25
937	194.05
923.1	205.6
909.65	214.9
898.75	224.1
883.3	235.65
1030.3	117
1109.2	38.15
1106.05	39.7
1099.6	42.8
1090.2	47.35
1080.95	55.45
1072.75	61.75
1062.05	73
1055.4	84
1049.05	93.25
1039.8	107.1
1031.95	119.45
1027.25	126.25
790.05	179.85
497.4	256.45
481.85	263.45
469.65	270.05
458.65	282.1
448.05	291.55
440.3	296.6
431.5	308.5
424.5	314.7
416.2	323.05
406.7	330.35
400.55	337.45
393.8	341.3
389.1	345.75
383.5	346.3
378	348
372.5	352.65
369.5	354.2
368.8	357.65
366.3	358.55
364.45	363.15
360.25	363.75
356.9	365.8
356.4	363.3
352.45	367.85
563.25	243.9
687.7	158.3
690.8	161.4
690	163.45
689.2	165.25
688	170.45
687.05	168.35
686.8	168.85
684.8	171.75
682.45	174.15
680.9	179.75
678.85	184.9
678.2	186.1
674.65	192.65
671.6	191.05
670.35	193.85
1029.65	121.45
1045.7	131.6
1050.15	133.9
1049.1	144.7
1048.65	146.8
1045.7	148.6
1042	156.6
1037.4	162.15
1032.3	168.65
1026.9	173.45
1021.8	183.3
1014.8	186
1011.15	189
951.45	202.75
597.95	255.45
616.45	258.6
606.35	266.85
601.25	272.05
595.55	274.45
589.25	281.3
585.75	284.75
582.05	286.6
581.3	287.45
627.35	263.95
634.15	263.45
636.05	264.4
642.55	261.25
644.9	262.45
648.2	263.6
649.45	261.9
712.8	251.35
707.65	242.25
707.75	248
708.8	252.75
707.2	253.4
707.2	257.25
705.8	260.25
702.55	266.6
1010.95	256.9
1032.4	257.85
1024	270.5
1019.8	273.8
1012.3	282.9
1007.25	290.15
998.9	295.7
996.9	291.5
989.6	296.85
982.55	305.6
976.9	313.2
747.8	353.25
550.4	360.9
529.3	371.7
518.45	377.9
506.35	388.4
493	397
479.35	398.2
464.65	396.45
455.6	403.65
450.95	414.9
437.95	427.05
428.6	429.85
418.75	434.2
410.4	444.25
401.95	448.55
397.3	456.2
363.5	463.35
166.65	455.8
166.7	463.05
158.85	466.5
150.7	469.45
142.7	473.4
140.4	476.8
137.8	479.6
132.95	479.85
389.15	453.05
753.55	388.4
737.7	390
737.75	391.65
736.3	397.2
731.5	404.45
729.5	407.25
727.9	408.85
724.25	414.15
720.2	421.1
717.25	421.05
713.5	425.9
952.85	235.35
954.25	220.4
956.55	224.8
952.6	230.15
950.45	239.35
954.2	239.3
950.2	240.35
949.5	246.8
946.65	246.4
943.45	248.1
945.25	252.35
686.75	248.6
702.4	253.65
700.65	254.45
697.05	258.95
698.2	257.55
698.35	258.95
699.75	263.55
700.1	261.75
700.3	261.55
701.95	261.05
702.55	260.55
702.05	260.65
969.4	173.85
963.3	180.85
964.4	185.65
964.8	185.35
966.55	189.7
962.65	190.4
962.95	195.4
960.5	200.2
957.95	205.3
962.35	205.5
958.95	207.95
955	212.65
775.2	305.1
789.7	309.9
780.8	316.85
775.7	321.45
770.7	325.2
763.75	331.75
753.05	339.95
745.8	345
737.6	350.1
730.9	356.8
726.45	357.75
723.95	359.7
721.2	291.7
724.85	222.55
736.85	377.25
0	0
0	0
0	0
740.5	196.65
738.4	203.6
740.25	207.1
739.45	210.85
758.25	204.35
1175.25	151.1
0	0
0	0
0	0
0	0
0	0
0	0
0	0
935.85	191.1
929.6	194.85
928.15	196.45
928.8	197.75
926.05	198.4
761.75	309.85
677.8	373.85
670.55	384.05
668.8	387.6
670.75	386.25
672.35	385.65
672.9	378.35
672.65	377.7
672.4	378.05
672.6	378.1
821.8	383.9
814.75	380.2
816.45	386.6
819.6	381.2
823.05	379.4
822.55	379.8
823.55	377.9
497.05	459.35
312.85	528.65
305.8	528.55
304.4	532.8
301.85	533.9
302.55	532.95
304.95	529.2
167.45	578.9
168.75	580.05
170.5	575.7
172.65	577.25
177.85	576.85
180.25	576.2
184.2	577
188.85	578.25
191.45	577.7
193.8	578.15
195.6	581.95
198.55	582.55
199.9	580.3
634.75	491.4
623.15	495.4
631.3	492.1
632.5	490.4
634.3	488
636.75	488.2
636.75	486.05
637.3	487.25
636.35	486.35
633.5	493.95
635.4	495.1
636.9	497.25
638.2	498.6
636.8	497.55
639.25	496.65
294.6	515.4
274.9	527.7
277.75	525.05
283.5	525.6
287.95	524.95
292.35	525.95
298.15	522.25
302.35	521.05
310.1	526.75
313.95	525.05
317.7	526.15
322.1	527
326.95	525.6
333.35	526.1
337.9	524.3
342.2	526.95
344.6	528.85
344.95	528.7
348.85	529.05
367.1	525.65
569.65	477.55
574.6	480.5
579.6	479.75
581.45	477.35
591.2	478.2
593.75	476.65
600.15	473
596.85	477.6
597.75	477.65
603.4	474.95
607.25	473.7
614.45	472
617.2	475.25
617.35	475.95
619.8	477.15
620.85	478.85
651.65	472.15
792.3	364.15
780.75	379.9
779.35	381.5
778.75	379.2
780.5	377.9
782	372.9
783.35	375.45
787.2	367
787	376.65
788.65	378.7
787.35	381.3
788.25	379.5
789.25	382.5
790.45	382.35
788.45	382.75
790.35	381.65
793.95	382.95
794.15	382.9
793.6	382.4
793.6	384.65
795.45	383
802.65	381
921.4	337.05
920.85	342.9
926.25	344.45
930.1	345.5
932.7	347
935.75	351.05
940.75	349
942.05	350.3
943.5	351.5
946.3	353.85
944.5	353.35
946.6	357.65
945.5	358.2
947.15	356.9
947.7	360.15
948.4	358.2
949.1	359.35
950.3	361.25
951.15	358.25
953.95	356.8
955.5	355.75
960.85	354.5
962.95	354.7
967.05	354.7
969.65	357.65
971.85	357.1
972.85	358.7
973	358.3
972.65	356.95
973	357.35
974.25	357.65
974.8	359.65
972.25	363.45
971.85	367.55
970	367.4
969.65	364.95
969.7	368.2
970.45	370.7
971.45	370.7
970.25	373.85
974.35	372.25
975.3	373.6
976.3	374.95
976.85	378.1
979.25	380.15
980.95	380.9
981.45	383.7
978.5	384.3
645.55	343.6
661.8	347.25
663.15	354
662.15	357.75
659.4	351.35
658.6	357.7
658.75	360.3
653.4	355.55
474.85	176.55
479.95	186.25
480.25	190.45
480.5	191.4
480.1	190.35
479.65	191.75
478.65	188.45
479.85	189.6
479.9	190.3
479.3	191.1
481	193.5
478.45	195.25
479.2	197
476.6	199.3
472.5	203.15
470.75	205.45
467.5	203.85
461.65	206.95
318.4	441.7
318.4	438.9
314.1	442.55
310.2	445.75
306.25	453.2
304.25	453.85
300.35	450.8
298.55	453.65
297.55	460.35
296.45	460.15
295.8	461.25
294.7	460.45
664.05	332.8
826.25	288.25
831.3	291.65
834.9	290.7
835.35	287.3
836.35	289.3
836.2	289.75
835.35	292.1
836	292
837.05	294.05
838.7	296.35
839.75	298.25
839.05	296.3
838.75	297.9
838.05	293.45
839.9	291.7
829.2	433.8
833.25	405.25
832.6	406.95
833.9	410.25
834.65	408.3
834.1	409.2
831.3	405.2
831.45	405.4
833.1	404.45
833.8	407
834.25	407.55
835.5	407.15
833.1	405.4
833.3	403.6
831.9	408.85
830	411.9
830.6	412.95
829.7	412.45
827.05	416.15
803.75	413.6
428.2	351.65
446.35	353.55
443.2	357.35
443.3	357.75
439.8	357.8
440.95	358.4
438.7	357.5
439.55	357.6
440.2	358.05
440.9	358.95
441.45	361.7
442.55	360.95
443.3	362.35
444.4	365.3
445	363.45
445.5	360.25
447.1	360.2
446.95	361.05
447.3	362.15
448.15	358.25
451.8	358.1
451.7	358.85
450.25	356.05
450.65	358.35
451.2	359.65
451.7	357.75
453.05	357.8
453.8	357.9
451	359.75
451.2	358.3
451.1	361
732.7	395.4
757.75	413.7
760.15	414.75
759	414.15
759.85	416.5
758.65	420.45
755.25	427.05
756.15	424.75
757.4	424.25
755.35	427.4
755.2	428.55
753.95	426.4
753.95	425.4
754.3	424.3
758.6	420.95
757.65	421.6
756.2	423.6
756.15	424.15
681.85	396.4
686.95	398.3
687.8	397.4
685.8	400.65
684.8	398.05
685.2	400.2
686.4	420.45
680.25	548.95
679.95	550.35
683.35	545.9
688.5	553.45
687.3	556.15
689.85	560
687.85	562.6
687.05	565.1
688.35	563.3
685.45	560
687.15	560.15
685.95	559.9
688.3	562
689.85	561.65
689.7	561.15
690.2	560.7
690.9	568.65
690.3	566.35
691.6	559.8
709.35	483.4
708.3	486.1
708.85	485.75
708.35	486.35
707.55	487.15
705.65	487.8
705.9	489.45
706.9	485.35
707.35	485.75
707.8	484.65
709.75	485.15
708.45	484.85
708.3	482.85
707.6	482.95
631.5	235.65
618.2	210.9
616.5	205.75
617.15	205.4
617.4	203.9
615	202.1
616.9	206.25
617.4	206.15
616.7	205.5
617.35	206.8
615.4	204.05
601.35	426.05
600.6	434.15
602.75	433.25
603.2	436.95
602.5	438.65
600.65	437.75
601.75	438.7
599.5	440
600.5	442.4
600.2	441.15
599.85	442.8
600.65	441.95
601.5	441.65
600.95	445.25
601.45	444.1
600.75	446.55
602.1	446.8
602.75	447.35
603.4	442.1
603.6	443.8
603	440.85
603.6	446.1
601.95	447.6
599.5	450.15
598.4	449.25
600.8	448.95
601.75	451.3
680.45	263.9
678.4	267.35
678.15	272.8
680.1	269.25
681.3	268.15
681.3	269.4
680	267.95
680.4	269.7
681.2	267.95
641.8	434.9
645.35	472.85
645.45	478.9
643.85	482.15
643.3	484.4
643.2	485.5
645.45	485.85
646.7	486.1
646.6	487.65
647.75	490.65
647.25	490.9
538	392.75
522.9	340.3
524.2	339.2
524.85	338.8
523.05	340.1
522.95	339.35
522.05	342.8
523.35	341.05
523.3	343.3
525.25	343.95
527.55	343.95
527.4	350
530.55	348.4
530.7	349.15
641.8	236.8
699.7	161.1
702.2	167.3
703.75	164.55
701.75	160.9
701.7	162.2
700.75	158.8
702.15	163.6
657.4	295.85
652	419.15
650	426.05
647.8	428.55
647.1	427.85
648.1	430.95
646.9	429.5
647.4	432.05
648.4	431.65
648.65	431.85
650.15	433.4
653.05	436.05
650.15	439.8
653.65	437.4
651.6	439.5
640.25	439.3
473.35	424.55
478	431.45
479	428.9
478.45	427.45
479.55	427.8
480.45	429.55
479	428.95
480.6	429.15
482.45	431.3
483.85	433.6
485.25	435.9
483.75	431.6
487.5	428.5
487.65	428.4
487.4	425.8
489.25	427.7
488.7	427.6
525.7	419.65
746.35	317.4
741.25	327.25
741.45	328.7
741.6	327.6
742.55	327.8
743.9	322.8
747	321.5
748.15	321.9
746.7	321.9
747.25	322.85
745.3	325.15
746.45	323.7
747.25	323.25
731.65	390.95
734.35	388.35
737.6	387.25
738.9	382.25
740.9	379.95
737.5	382.9
738.15	382.95
738.85	377.65
733.95	383.65
735.1	382.6
734.85	384
732.85	384.8
731.65	385.8
731.4	389.75
731.7	389.3
731.4	392.1
522.4	142.25
530.45	167.4
528.15	165.95
525	168.65
526.15	166.55
527.15	164.35
526.35	163.85
524.75	168.25
524.3	169.65
522.15	169.15
524.75	166.35
522.35	171.9
521.8	171
521.85	172.8
522.6	172.1
524.5	171.8
532.4	198.6
583.2	357.95
584.2	359.4
584.55	360.75
585.05	361.05
586.45	363.15
587.15	367.55
586.8	368.9
587.95	367.75
588.6	370.05
590.15	364.1
590.9	363.45
590.4	363.9
589.9	365.95
592.4	364.35
588.25	369.4
587.2	371.75
587.8	375.75
574.1	384.25
503.3	315.85
540.65	219.25
536.3	220.05
537.1	217.15
538.05	219.2
538.25	217.85
539.05	218.75
536.7	218.9
536.5	218.6
553.7	248.45
689.9	440
696.6	407.25
697.75	414.7
694.95	421.05
697.3	422.05
697.2	424.8
698.4	422.55
697.6	425.35
699.3	425.6
701.15	422.15
700.15	427.35
703.8	428
701.2	429.95
678.75	357.5
676.6	141.55
678.65	148.45
680.85	145.5
683.75	138.85
680.4	141.7
682.85	142.8
682.9	145.1
685.6	145.95
685.7	147.75
685.9	153.15
688.8	153
688.25	155.9
687.55	157.95
685.85	162.45
685.7	164.5
686	165.05
680.9	168.95
760.85	163.9
872.95	107.65
870.2	109.45
872	107.25
875.55	109.85
874.9	111.2
875.3	111.65
875.8	112.35
791.5	192.75
719.55	263.35
718.15	270.95
717.3	273.5
715.15	276.7
713.25	279.4
712.25	280.8
711.95	282.9
712.5	282
711.65	279.5
711.85	283.2
713.6	278.05
713.35	281.55
712.95	279.35
764.5	302.75
877.05	413.4
881.05	415.8
881.1	416.45
883.25	418.9
885.95	415.2
885.8	420.8
885.75	413.7
886.9	415.4
885.6	421.7
886.45	422.95
889.1	420.45
889.2	421.95
892.2	423.6
892.25	417.2
893.15	421.7
892.45	418.9
892.5	417.3
891.2	422.6
915.35	440.4
914.3	442.25
914.3	435.55
913.15	438.75
915.4	439.3
915	441.6
912.1	444.35
910.7	445.95
913.1	448.35
914.45	448.55
915.9	450
914.7	451.05
916.35	452.25
915.9	451.3
917.55	449.4
918.75	450.95
917.6	447.15
917.05	447.6
915.55	448.1
914.45	449.95
914.5	449.75
914.6	444.45
908.5	447.45
910.6	447.5
910.75	447
913.2	446.55
910.25	444.55
911.2	444.75
911.3	446.75
622.55	381.75
580.95	369.15
579.6	367.2
582.2	366.05
584.3	362.6
583.1	361
583.9	359.7
585.95	359.4
586.35	362.3
583.25	364.85
587.95	362.25
587.85	364
588.5	363.35
589.7	363.45
590.85	365.55
588.55	368.25
586.5	371.05
588.4	369.25
588.8	363.05
588.75	361.75
591.1	360.65
591.85	358.55
590	359
589.9	367.95
588.65	365.15
589.65	364.55
664.55	333.55
693.15	300
675.4	281.1
678.2	281.05
678.95	282.05
678.75	277.4
679.45	276.9
678.15	267.55
679.7	266.05
679.3	263.5
680.4	265.25
680	262.75
681.65	263.7
678.6	269.25
677.75	269.95
677.3	272.35
675.65	275.9
675.2	277.1
675.1	280.85
676.2	282.7
672.6	283.05
673.05	288.3
586.8	215.7
515.3	51.55
514.8	57.8
511.6	56.5
512.25	58.25
511.85	61.05
511.6	66.15
642.1	240.65
680.75	308.6
683.15	317.2
684.9	321.2
687.95	320.55
691.4	328.05
691.8	334.1
690.3	342.65
688.35	349.3
691.25	350.9
692.05	351.8
690.6	356.65
687.95	363.9
692.05	360.75
690.35	368.2
687.6	373.4
688.8	377.4
690.25	380.05
581.15	425.75
580.95	427.35
582.45	433.15
584.3	441.3
581.4	444.55
581.65	450.15
578.65	455.3
577.3	460.7
577.95	463.6
577.2	467.4
577.4	470.7
577.05	475.1
574.45	479.75
577.95	483.3
616.1	392.65
612.4	401.3
612.55	403.5
612.75	406.75
612.05	412.1
609.35	410.4
607.9	409.15
606.2	422.1
603.9	428.1
604	428.15
604.5	434.05
604.6	439.6
603.95	441.7
603.4	444.7
603.95	449.35
604.55	455.25
585.85	297.8
585.6	319.75
585.85	320.15
585.1	319.85
585.15	325.65
581.4	330.1
582.2	333.45
581.45	334.35
579.95	338.65
578.1	336.95
576.75	339.3
575.25	344.5
573.3	346.7
572.75	352.2
685.25	318.2
828.2	255.1
830.35	260.15
833.3	263.75
833	262.55
834.15	266.75
835.75	273.85
837.35	278.5
836.5	283.75
837.25	291
836.05	293.4
838.4	292.05
839.9	294.55
839.3	302.8
839.45	307.55
837.2	311.1
837.45	316.1
837.25	315.85
792.8	301.6
794.35	308.55
796.1	313.7
794.95	317.65
793.2	324.1
794.1	329.8
794.75	332.95
794.35	332.85
795.2	334.35
796.65	338.75
795.3	340.2
795.85	343.15
797.1	344.6
799.4	347.85
796.8	360.4
796.1	362.9
800	361.15
798.4	368.1
634.2	152.85
626.4	143.95
627.95	146.1
630.1	143.45
629.15	154.45
629.45	155
628.75	154.9
629.45	153.5
771.8	205.4
757.8	201.85
758.25	201.45
762	200.25
762.25	203.25
762.9	204
762.4	205.3
765.05	208
763.2	211.5
764.2	215
764.8	217.9
764.15	221.7
765.55	223.9
766.65	228.9
764.6	232.4
764.6	237.45
765.55	241.85
765.1	246.05
764.5	247.7
764.6	251.25
765.3	252.15
762.4	257.2
652.15	140.2
652.75	145.55
650.4	150.05
651.85	155.65
650.75	155.4
652.3	157.65
727.9	162.85
720.35	159
723.15	160.1
721.45	161.65
722.3	167.5
724.1	167.2
724.45	169.1
726.45	172
726.8	175.85
727.25	180.85
725.85	182.85
727.9	182.25
729.9	189.1
588.05	224.4
557.5	226.6
556.95	223.65
556.5	227.75
555.75	229.3
553.8	238.6
550.7	241.35
548.6	244
546.45	248.45
545.65	253.6
544.2	252.65
578.45	214.55
580.95	194.6
581.2	197.75
582.3	200.35
580.9	204.55
582.6	204.7
581.25	211
572.15	207.55
375.55	201.15
372.2	209.8
372.5	209.1
368.2	210.85
367.9	214.9
367.15	218.2
453.85	220.05
609	212.25
610.7	220
611.8	223.85
614.3	225.1
615.85	226.2
617.95	231.9
616.8	231.9
615.65	236.7
615.6	240.35
613.6	242.6
613.8	247.15
613.15	248.05
614.55	249.2
614.15	250.3
614.7	248.8
614.55	253.25
612.7	252.85
610.95	250.5
608.6	255.4
606.9	257.65
605.25	259
603.5	268.1
602.35	272.05
601.55	274.95
603.4	279.65
605.3	281.05
605.85	279.25
603.35	283.7
286.6	78.2
195.55	77.5
193.3	76.35
192.15	75.35
191.4	76.55
189.9	72.3
185.4	71
185.35	69.65
536.2	206.25
547.5	213.1
553.65	217.2
557.45	215.7
559.3	219.75
558.5	222.2
559.5	222.15
557.8	225.2
556.2	229.75
556.9	232.9
557.3	233.4
558.25	237.05
558.35	239.75
557.95	242.8
557.05	245.2
714.75	319.35
698.65	315.6
700.05	314.5
702.45	321.6
700.4	321.25
698.9	323.75
699.1	325.55
697.75	329.3
696.3	334.15
696.5	340.25
753.7	254.5
758.75	257.4
759	258.5
761.3	258.2
760.25	261.4
759.95	262.05
760.75	265.8
757.65	269.45
758	273.3
759.2	272.85
757.8	279.35
791.3	270.25
788.55	276.65
786.35	281.15
786.85	281.95
786.55	288.15
789.2	289
787	293.5
788.05	298.85
787.3	298.8
787.65	305.8
788.6	308.35
789.85	310.3
789.2	313.35
790.75	316.3
791.55	319.5
792.9	322.15
791.55	327.2
790.75	334.1
788.75	336.95
787.8	341.15
788.6	344.1
787.35	346.7
789.9	348.5
791	353.5
789.5	361.25
784.35	366.8
781.85	374.95
762.85	361.55
765.1	366.8
763.75	378
763.1	380.05
761.95	388.75
761.25	393
759.85	395.55
758.2	404.25
758.3	407.6
757	415.55
759.4	411.9
778.9	408.8
773.2	408.8
773.7	415.05
776.6	413.9
774.25	420.6
773.35	428.75
770.95	429.2
776.25	430.85
775.55	434.15
774.55	441.95
776.45	443.85
777.65	452.4
777.75	456.95
778.55	457.65
779.35	458.55
779	468.25
777.2	478.7
778.85	483.85
778.2	491.55
774.8	498.3
775.05	501.05
770.35	506.1
774.7	510.7
774.85	513.4
772.5	518.95
772.4	525.15
770.7	532.5
769	539.1
769.7	548.35
770.45	554
768.35	562.85
719.6	459.25
712.95	392.3
713.2	401.35
712.55	405.8
712.55	408.75
708.9	420.5
707.6	423.7
705.35	428.85
704.6	438.8
704.55	437.25
703.5	447.5
705.8	448.95
708.4	452.5
706.9	456.25
707.7	462.1
704.9	470.15
704.35	475.85
693.8	473.2
659.95	417.45
662.05	422.75
661.35	432.55
660.55	438.95
661.3	444.2
660.15	449.35
659.2	455.1
657.6	455.55
869.15	208
864.75	233.5
867.2	236.4
869.9	238.6
871.3	237.1
872.35	241.85
875.8	243.8
875.25	248.85
773.8	286.3
756.8	303.9
758.8	303.8
760.5	306.8
760.2	308.2
758.55	310.85
759.55	313.9
759.7	314.05
760.65	319.8
760.6	322.45
761.9	325.8
762.65	330.4
762.9	336.2
764.1	335.6
762.8	338.1
762.4	341.05
762.7	343.75
764.55	345.6
763.2	348.95
763.75	353.8
765.6	352.1
633.05	200.5
637.2	206.3
638.45	211.55
637.05	212.15
637.1	212.15
639	213.65
639.2	216.05
635.35	219.15
639.85	215.7
636.95	219.95
636.5	226.25
636.85	229.75
637.15	231.3
823.6	262.15
819.4	261.6
821.75	269.55
822.9	274.25
824.7	279.45
824.5	281.9
825.7	285.9
830.95	285.15
830.45	293.9
828.7	304.05
831.85	300.35
832	310.8
832.75	309.75
835.05	309.95
836.35	316.15
835.75	317.75
835.7	323.35
837.1	325.4
839.1	329.35
839	335.6
747.15	338.6
762.9	351.3
764.65	352.15
764.2	357
759.65	367.8
759.9	369.75
757.9	373.85
758.55	374.8
756.55	380.8
757.05	382
756.7	386
756.5	389.75
757.2	391.8
756	397.7
756.9	394.2
756.35	399.1
756.7	406.1
646.35	387.65
632.3	357.45
632.9	359.25
629.9	367.75
626.2	375.3
625.9	377.95
624	381.15
623.05	386.2
623.85	386.6
624.6	389.25
624.75	395
628.4	393.15
628.2	401.05
628.5	410.7
628.9	411.65
628.9	416.8
628.4	420.5
627.2	425.4
808.15	321.2
831.65	252.85
835.2	253.55
836.85	254.35
838.25	256
840.15	257.55
842.25	258.5
840.95	256.25
842.5	262.9
841.8	263.7
843.15	264.95
845.05	266.4
848.3	268.4
846.75	270.55
850.2	276.15
850.2	275.4
853.1	277.6
853.15	286.7
853.1	287.55
857.55	294.25
838.75	299.5
612.25	183.9
613.65	187.2
609.25	188.15
609.5	191.1
609.8	191.75
608.8	195.15
608.05	193.75
607.2	201.1
606.9	203.8
606	209.1
605.8	212.75
607.5	209.45
606.75	219.1
605.7	209.65
604.85	212.4
607.3	213.95
605.9	213.95
674.05	301.55
672.4	305.2
673.7	309
671.5	323.85
672.6	324.3
671.05	329.3
670.3	330.8
672.75	332.65
671.95	334.7
673.7	329.05
673.9	336.4
675.1	334.2
676	329.35
676.8	446.1
676.9	434.2
677.2	440.05
678.95	447
680.2	443.6
676.5	452.55
680.25	451.6
681.7	453.8
682.6	461.05
680.75	470.75
679.85	470.6
680.7	479.75
684.2	482
681.65	483.8
917.4	403.25
916.1	404.35
919.55	414.5
923.5	415.1
927.05	419.65
934.25	423.55
935.85	429
936.3	431.9
938.35	437.15
938.65	442.15
938.8	445.95
945.1	445.2
951.55	448.7
952.4	453.7
957.1	453.25
955.75	460.85
960	460.05
960.05	473.65
964.05	476.95
968.25	482.35
969.05	487.75
870.85	404.2
855.9	326.35
853.7	328.4
854.55	332.25
856.45	334.45
854.55	341.55
854.9	345.1
854.6	348.1
856.45	350.1
856.1	355.85
856.5	359.25
857.35	359.8
856.2	365.9
855.65	371.3
855.65	374.95
858.05	376.5
860.75	380
858.6	386.05
859.85	387.35
860.45	390.8
861.75	393.7
677.8	368.55
615.15	338.05
606.85	367.3
637.55	351.45
631.55	354.6
629.55	358.8
631.4	358.6
627.7	367.55
627.25	370.25
624.45	372.75
624	375.85
623.8	372.55
626.05	375.2
626.7	378.4
629.9	380.35
385.8	353.05
333.9	348.65
335.4	346.25
335.6	344.05
333.95	347.8
330.05	346.45
702.4	361.8
698.3	370.35
700.3	375.75
701.1	374.7
700.35	381.8
699.6	382
698.9	387.4
697.85	387.7
658.05	399.55
581.65	429.55
578.95	427.95
578.05	429.1
576.2	430.05
576.35	431.8
577.15	435.2
575.55	437.55
575.5	433.35
574.2	436.2
572.2	442.25
573.15	446.65
572.55	446.7
572.05	446.5
571.55	447.6
572.2	444.2
572.6	446.75
571.5	444.45
573.75	441.55
575.95	438.95
575.5	442.3
577.5	441.7
574.6	441.2
574.65	444.75
472.15	482.4
485.3	476.35
488.05	475.4
490.55	480.95
491.7	481.5
764.45	370.15
764.55	368.45
767	369.5
766.95	372.35
769	368.6
771.4	369.65
772.65	373.25
775.5	374.4
774.75	376.75
774.9	377
777.6	375.55
774.8	380.85
774.25	382.6
774.5	382.35
773.5	384.75
773.6	387.45
773.8	386.25
774.7	383.8
774.4	383.95
771.65	388.2
769.75	390.95
534.55	444.5
550.35	438.45
548.45	439.2
549.15	441.55
546.95	441.6
544.6	443.25
542.85	443.3
541.2	444.3
487.4	523.6
486.15	527.8
483.95	531.7
484.95	536.05
480.5	542.05
481.15	542
593.5	379.8
601.75	335.55
604.8	334.05
602.65	335
601.85	334.6
600.4	336.05
599.3	335.7
597.2	334.7
592.8	336.55
589.1	342.85
584.9	343.25
582.9	346.15
464	502.7
471.95	486.75
471.95	489.75
470.1	490.75
472.15	489.8
471.95	489.85
427.85	526.55
433.3	527.85
436	525.85
439.8	526.65
437.1	526
439.35	525.25
437.85	527.2
438.2	526.8
438.75	526.65
436.9	533.1
438.6	529.45
474.75	478.6
502.7	321.7
505.65	318.6
505.6	316.05
507.7	315.8
506.4	317.2
505.85	315.5
507.2	312.05
505.95	313.75
505.95	314.2
507.15	316.6
507.55	318.15
507.05	318.6
509.1	323.1
510.65	319.3
509.5	320.25
509.25	323.9
512.65	321.85
509.15	328.2
510	327.05
509.05	327.45
508.25	325.3
508.3	325.3
510.65	324.6
511.6	324.05
513.75	327.5
454.25	447.3
458.25	441.7
458.8	443.2
460.35	445.75
463.8	446.85
464.4	448.8
467.9	448.75
469.95	447.6
471.3	448.6
471.8	444.85
471.2	441.6
664	319
713.15	292.85
716.1	293.55
718.1	285.75
719.15	280.35
719	278.3
717.6	280.55
719.55	277
719.85	278.3
720.55	281.4
720.85	284.95
718.55	288.95
716.85	290.75
717	288.35
720.55	284.75
723.3	283.3
725.4	283.1
725.3	279.8
725.3	282.45
729.95	280.35
732.25	280.35
737.35	277.25
737.7	281.8
739.75	286.45
740.25	288.85
742.4	290
745.45	286.5
745.6	288.35
746.55	287.35
746.4	288.05
744.55	289.05
743.55	290.55
740.25	290.55
763.6	327.75
781.75	375.6
778.55	379.55
772.5	385
769.75	390.35
763.25	396.6
759.15	398.3
755.6	396.35
749.5	399
746.65	400.2
742.2	400.35
739.45	399.3
735.5	398.1
731.7	401.45
727.2	401.1
722	399.9
719.65	399.85
717.15	396.95
712.3	404.6
736.1	402
877.9	390.6
873.15	393.35
870.9	392.3
869	394.9
863	394.6
858.25	395.25
853.4	395.6
848.7	396.3
844.65	396.55
837.5	394.85
832.25	395.95
849.3	326
1035.65	158.45
1023.8	166.85
1019.6	171.25
1014.3	170.8
1008.35	172.3
997.45	174.5
989.85	174.95
985.05	177.45
935.15	232.55
934.5	241.2
931.6	263.85
924.75	274.25
923.8	272.55
916.35	273.3
909.25	275.8
899.5	276.5
892	276.8
883.2	276.9
874.45	280.1
869.25	281.9
862.35	281.35
855.3	280.35
843.6	282.15
838.75	278.75
832.6	280.95
807.7	320.6
804.6	318.15
790.8	372.4
772.55	360.55
763.15	364.1
758.6	362.4
751.85	363.2
747.15	360.55
740.15	362.85
732.65	362.85
727.3	362.5
719.5	360.45
597.7	330.75
593.8	334.6
588.95	333.75
582.5	336.3
577.45	334.8
571.5	333.55
571.8	330.15
568.4	328.2
561.4	327.25
554.7	326.5
549.85	335.3
545.35	336.05
540.6	332.75
536.7	328.8
530.4	336.65
523.25	333.4
519.55	330.25
511.75	332.55
506.9	333.25
502.3	329.25
497.4	327.35
766.7	349
750.1	346.3
745.15	347.4
737.3	350.25
731.65	347.3
725.25	353
718.95	350.4
710.8	354.5
704.25	354.3
699.4	352.85
695.5	353.25
686.85	353.85
681	354.9
675.05	355.05
673.3	355.85
899.8	325
879.9	329.25
877.6	327.2
869.55	330.25
866.3	334.1
859.05	331.35
853.85	332.5
848.55	330.55
844.15	331.5
837.5	328.65
830.15	327.8
822.3	329.95
815.9	332.95
715.2	326.4
729.6	320.45
718.4	312.55
710.55	313.8
703.4	314.65
696.7	319
686.3	324.1
679.7	326
674.8	319.35
667.75	323.55
657.55	327.6
650.45	328.9
645.65	328.45
789.45	295.1
934.55	253.85
934.45	252.2
929.85	255.25
924.7	256.9
918.15	255.15
907.85	261.5
902.5	262.05
892.8	265.1
886.1	265
876.9	267.7
781.2	376.65
789.2	377.25
774.9	380.15
768.5	376.55
759.75	382.7
751.35	390.75
745.45	381.4
738.95	389.55
731.45	392.1
723.5	392.2
718.2	392.05
710.95	391.15
704.05	392.1
697.5	389.15
691.55	390.8
686.85	385.7
677.55	388.5
672.4	386
665.65	390.25
728.8	391.7
890.25	361.35
888.25	365.85
882.65	360.55
877.6	363.4
868.6	362.05
859.6	361.45
852.3	357.05
841.1	365.1
836.05	363.55
826.6	369.85
818.6	371.4
814.25	371.8
808.6	372.55
800.65	373.1
795.35	373.2
790.4	367.9
786.2	362.65
780.65	363.45
774.85	364.45
767.55	367
759.8	371.7
755.15	373.2
750.8	373.05
747.25	370.3
744.35	367.55
740.7	368.6
737.75	369.95
734.9	369.6
730	371.3
727.45	370.55
725.1	371.3
521.05	359.25
494.4	353
492.4	348.45
489	351.35
484.65	354.9
481	352.65
476.65	353.7
473.65	356.15
471.95	354.95
470.05	355.3
466.75	355.8
465.7	359.05
464.25	362.2
462.4	363.9
655.25	259.25
669.05	247.85
669.7	250.75
669.05	247.15
669.1	249.6
669.55	249.75
729.05	140.65
736.75	114.5
737.35	121.5
736.6	120.1
734.9	119.9
734.85	119.9
736.1	120.25
737	120.65
736.35	121.35
738.5	117.65
608.75	356.5
619.1	333.25
618.35	337.7
618.55	339.2
618.65	342.7
616.95	345
614.75	349.2
611.45	348.15
613.25	351.15
613.95	353.5
611.25	355.1
610.2	354.9
610.55	356.1
606.35	355.9
608.25	354.45
605.6	357.5
606.3	358.7
607.7	358.9
607.3	362.8
608	359.15
609.9	364.7
250.7	425.8
281.5	429.5
279.05	432.4
276.3	433.4
274.8	433.45
275.1	434.85
275.15	437.5
268.95	440.5
269.15	442.4
468.5	391.55
669.8	328.3
679.95	327.85
680.7	328.35
685.35	333.35
684.4	335.75
684.05	333.95
685.25	336.8
685.05	333.45
686.6	333.75
684.85	336.2
683.65	339.75
685.8	338.2
684.8	338.65
684.6	339.15
684.9	340.6
683.6	344.25
682.75	347.45
682.75	349
682.65	349.1
682	345.9
678.7	348
680.05	349.5
680.1	348.05
679.7	345.35
679.9	346.25
678.4	347.6
679.1	345.7
678.45	346.45
680.6	345.15
680.35	345.25
674.8	348.3
671.7	345.45
494	318.95
498.1	321.55
495.75	323.7
494.4	325.3
492.05	326.05
492.35	329.9
493.05	326.2
492.45	329.65
493.2	328.4
491.95	328.45
492.3	331.15
490.65	329.25
492	332.25
493.05	332.15
491.7	329.35
491.15	333.15
492.6	332.55
492.35	332.7
492	333.8
492.5	336.9
491.6	334.9
491.65	334.05
493.85	334.3
494.05	337.2
493.85	334.3
494.05	334.15
493	336.85
489.9	337.45
491.5	337.95
490.35	339.75
490.3	337.35
488.8	337.25
490.9	338.7
492.05	341.1
492.35	343.15
493.95	344.65
496.55	343.9
498.2	346
499.75	346.85
501.25	350.4
503.3	351.3
503.45	349.55
501.9	351.5
505.55	353.1
502.65	348.15
504	348.95
506.35	351.55
506.4	352.75
506.4	350.65
505.4	348.45
507.5	349.65
509.1	346.85
506.85	348.4
505.45	352.3
506.05	349.05
507.45	353.1
507.75	358.2
506.75	359.7
506.25	361.4
507.25	365.6
506.05	369.3
503.65	369.9
504.35	367.25
506.1	369.55
506.85	369.5
505.05	370.8
504.8	369.95
504.7	367.65
503.8	368.7
501.35	368.75
497.1	368.55
499.55	371.05
496.3	372.9
494.65	374.9
496.8	379.65
496.7	377.85
378.25	449.75
388.4	441.2
387.4	444.15
386.9	444.55
386.35	444.35
388.3	447.3
387.85	449.7
463.3	315.25
460.85	331.65
463.05	333.05
464.65	333.5
465.4	335.9
466.8	339.55
466.7	341.95
468.75	342.4
467.75	345.75
467.9	349.15
468.9	342.75
472.95	344.05
473.2	344.5
471.25	345.15
549.35	333.3
670.1	288.95
672.85	292.65
673.45	293.4
672.1	294.5
673.8	293.8
674.95	295.35
675.25	295.1
675.5	297.95
675.1	295.3
677.85	292.35
679.2	294.15
678.05	294.25
676.25	294.4
674.45	296.05
673.35	295.5
674.6	294.15
675.6	294.2
675.05	302.25
674.35	302.1
676.5	303.6
680.7	301.4
681.45	297.65
681.5	298
680.4	299.7
678.4	299.65
679.35	300.75
679.35	302.65
680.3	303.45
678.45	305.25
678.5	306.95
680.35	308.5
678.1	313.3
681.15	335.65
0	0
0	0
0	0
0	0
0	0
569.95	136.55
568.55	149
572.15	148.65
571.9	154
572.6	152.35
570.95	152.45
571.7	157.5
570.1	161.35
567.9	164.05
587	234.75
581.35	383.75
578.55	391.95
576.55	398.4
575.8	401.75
576.8	398.35
574.4	399.5
574.55	399.85
574.4	400.6
573.55	399.6
574.55	401.7
574.45	402.45
575.25	394.9
576.05	392.45
576.95	396.2
584.3	378.65
681.1	142.45
676.85	171.15
677.25	171.2
675.65	174.5
675.7	172.25
674.1	174.15
671.4	177.3
672.1	181.45
671.65	182.1
670.45	188.8
670.65	189.15
667.4	194.5
664.25	193.45
662.4	193.05
664.65	203.8
666.55	207.9
698.6	251.95
692.4	240.75
692.3	241.25
693.1	243.5
691.7	244.85
693.5	243.35
692.9	244.75
692.6	244.5
693.35	244.55
691.6	245.6
693.5	244.1
695.1	246.6
695.6	248.15
696.2	253.1
694.8	251.2
693.6	254
693.6	253.9
693	257.85
692.55	259.05
693.95	263.45
690.8	263.45
689.95	265.9
690.3	262.6
691.4	262.8
692.25	265.1
693.9	264.35
694.85	265.1
692.55	266.9
691.3	268.55
692.15	265.75
690.95	266.35
689.8	267.85
689.2	268.85
688.8	271.5
689.15	275.8
689.1	277.15
689.35	279.45
691	281.65
693.05	346.25
696.7	341.05
695.9	336.2
696.25	335.65
696.05	338.6
694.4	338.65
694.9	338.85
695.8	337.6
695.15	337.2
693.95	340.1
696.9	342.4
699.05	339.05
697.5	340.4
696.6	341.7
694.85	345.4
694.8	345.3
694.25	343.8
694.75	345.9
874	280.8
930.9	268.9
930.4	270.6
932.1	266.6
935.25	263.95
935	264.35
934.35	264.35
931.15	268.15
931.05	270.4
929.85	273.55
928.7	276.05
927.85	278.3
929.8	276.2
930.55	277.8
928.75	277.4
930.15	279.6
926.75	282.4
930.4	281.4
930.95	280.55
933.45	278.8
936.8	276.1
714.25	256.3
686.2	241.25
684.9	240.55
684.6	238.55
683	240.05
683.35	239.4
682.05	240.15
680.2	243.75
678.5	246.5
675.15	244.95
672.9	248.8
672.25	247.45
672.95	246.9
673.6	245.15
671.15	248.3
671.3	247.8
669.6	252.05
670.4	254.2
671.9	250.35
670.05	253.75
668.25	259.45
667.7	258.25
668.85	261.1
671.9	261.25
672.65	261.6
673.95	259.55
674.4	257.3
675.15	255.6
676.75	260.3
676.85	264.45
750.6	253.75
908.65	203.55
916.85	204.1
921.5	200.95
923.05	200.6
924.9	201.05
924.6	202.95
922.75	202.8
921.1	202.2
920.9	204
923.2	204.1
923.65	204.8
922.35	206
921.3	209.25
920.95	212.8
920.1	211.6
920.8	212.5
921.7	209.95
922	214.35
919.25	212.9
915	220.85
912.8	222.4
912.3	224.05
911.85	224.2
910.35	229.3
910.25	230.75
910.35	233.75
911.15	234.45
909.8	236.25
909.95	237.3
909.5	236
906.9	239.2
908.15	238.7
905.3	241.55
905.5	241
577.3	242.7
607.6	237.9
598.95	243.85
598.7	238.3
596.25	242.45
596.15	244.6
597.05	245.15
595.2	245.25
593.35	251
592.4	252.8
594.9	256.35
594.5	253.4
592.15	254.15
591.85	256.9
593.9	257.9
595.65	256.1
593.8	260.4
593.9	256.35
593.5	256.65
592.95	256.15
592.3	254.2
591.05	253.85
593.7	255.75
592.7	257.15
593.2	256.9
593.2	257.45
594.25	263.2
703.05	268.2
940.35	209
947.25	212.7
949.25	213.35
950.5	211.5
951.25	214.85
951.9	217.9
952.65	217.55
952.4	222.25
955.75	218.3
954.55	222.05
950.55	234.25
951.85	235.5
628.35	282
587.25	270.05
592.35	273.45
592	274.65
593.65	272.45
593.2	275.3
592.25	273.6
591	270.8
589.85	271.6
589.05	278.8
589.65	275.35
589.65	274.5
591.05	274.55
590.95	270.5
592.1	275.1
591.25	275.45
588.95	276.85
586.35	277.6
586.15	277.8
585	276.7
586.15	275.15
588.05	275
586.45	281.2
585.85	281.75
587.6	281.7
586.55	283.2
585.85	280.25
589.25	276.6
589.85	281.6
592.25	276.35
594.1	278.6
594.55	283.45
598.15	282.1
596.05	286
597.35	285.25
598.05	286.2
598.05	290.05
597.85	282.75
621.05	253.3
640.25	192.3
636.95	193.45
633.3	193.25
632.35	191.25
630.95	189.45
627.95	189.6
628.7	188.7
410.35	181.05
433.75	186.45
434.05	187.05
434.95	185.1
432.35	187.55
431.75	184
431.7	185.4
431.75	181.65
433.15	183.4
433.95	181.8
241.5	230.15
236.9	240.7
235.9	248.5
237.4	249.35
238.1	248.95
238.85	255
237.55	255.75
235.95	259.7
234.1	268.55
235.95	270.35
178.15	285.05
186.35	293.35
188.65	291.4
188.4	293
187.2	296.75
188.45	298.35
189	299.1
187.4	304.8
184.95	306.9
187.45	305.2
161.3	269.35
163	278.3
163.95	277.55
230.8	266.4
534.35	261.55
545.15	258.05
546.05	265.85
547.65	267.9
548.5	269.8
549.95	269.5
551.8	270.85
551.45	271.5
550.5	273.25
552.05	276.65
550.25	275.8
551.65	271.45
552.55	264.5
501.15	293.25
512.75	284.8
512.95	285.45
510.05	291.05
512.7	292.45
510.3	302.45
951.3	226.25
1193.85	618.05
1102.4	644.8
984	338.2
979.15	265.3
975	266.5
977	267.9
978.65	266.45
977.05	258.9
976.4	252.15
975.1	254.3
974.65	255.15
685.8	280.4
520.75	274.1
513.85	275
512.7	274.5
511.2	274.95
509.2	273.25
508	274.55
507.65	273
505.6	277.95
505.35	276.2
505.65	280.9
507.4	274.1
508.3	272.8
509	275.75
507.9	278.7
508.9	279.6
509.75	278.4
511.8	277.2
513.6	279.4
516.25	279.9
517.95	287.9
520.55	286.35
465.95	355.4
471.35	342.1
476.35	344.9
479.85	345.25
481.4	343.9
483.8	345.65
170.4	262
211.5	273
215.45	274.1
219.65	279
222.45	282
224.85	283.55
230.45	281.3
236.25	286.6
242.9	286.65
248.2	288.9
252.5	287.3
258.85	283.05
264.3	287.05
271.05	287.1
278.6	288.05
282.25	286.8
290.3	291.55
296.9	296.05
401.9	287.25
386.55	282.55
394.9	283.75
403.05	285.45
409.2	287.15
414.8	288.9
420.1	286.5
425.05	286.2
430.85	292.35
435.75	289.65
439.75	292.2
444.65	294.55
449.45	291.35
455.15	291.6
459.35	295.3
468.5	299.9
474.05	301.75
478.35	300.3
482.1	303.4
488.9	303.9
495.45	307.65
504	315.1
510.3	310.95
516.4	313.05
522	311.2
693.25	441.55
687.8	435.55
695.45	439.2
699.75	440.9
708.05	442.35
713.45	444
720.95	444.55
725.9	445.6
731.25	449.35
737.2	449.25
741.2	453.55
750.1	453.25
754.4	454.35
760.75	455.15
411.7	342
265.95	300.7
268.95	299.7
276.3	299.35
283.1	301.25
288.9	300.8
296.4	299.8
302.8	298.2
309.75	299.05
319.3	301.85
325.25	301.35
334.75	301.9
342	302.6
347.55	302.45
353.35	297.75
302.1	359.7
307.35	357.75
314.3	357.25
322.05	358.6
327.9	361.1
334.65	364.35
338.15	365
347.9	366.2
354.7	365.45
365.55	365.5
373	364.8
382.35	369
391.1	369.35
396.05	370.3
404.4	375.8
415	374.25
420	377.8
427.9	376.9
436	377.45
562.3	366.3
739.5	325.15
749.15	327.1
758.2	323.85
767.85	325.85
773.1	326.9
777.1	324.05
783.5	321.75
627.1	330
561.45	318.75
567	313
569.3	313.1
575.95	311.35
583.05	311.6
585.85	317.7
590.65	316.1
595.3	317.05
603.35	317.5
169.6	335.05
156.35	344.5
160.1	348.85
164.9	348.7
170.8	349.6
177.5	350
184.45	350.75
193.85	355.3
200.9	356.1
209.05	360.25
213.45	362.25
218.85	364.2
226.4	358.75
231.4	359.55
238.95	358.45
243.1	360.35
251.45	362.45
254.8	366.95
262.45	369.5
271.8	368.1
278.85	366.95
264.55	372.95
83.65	263.05
97.2	267.7
106.25	268.5
113.1	266.15
121.1	266.85
125.7	264.05
134.9	264.05
140.65	267.05
149.8	271.8
158.1	275.6
165.2	276.6
173.4	277.65
178.45	268
355.5	341.65
354.65	337
363.15	336.4
369.5	336.45
380.3	336.4
385.85	338.45
394.2	342.15
339.7	338.7
220.35	321.15
223	322.9
229.9	323.05
234.25	320.95
245.15	319.15
251	318.75
260.2	318.05
271	314.05
279.1	312.65
283.85	311.15
288.85	315.1
293.65	311.9
302.9	317.3
124.4	165.25
141.15	188.3
146	187.85
149.7	183.6
152.8	181.6
161.75	179.1
170.6	182.4
175.25	187
181.85	191.9
190.45	192.15
136.7	220.55
144.9	221.7
152.75	226.45
159.6	225
170.05	223.8
176.85	233.35
187.75	229.35
195	233
205.1	237.15
213.25	238.7
218.75	237.35
225.2	240.25
231.55	239.9
237.15	240.15
244.15	243.1
252.6	242.5
259.9	238.75
266.05	238.25
272.4	235.4
279.6	238.1
327.65	231.7
333.85	232.2
341.45	234.9
345.7	234.8
350.85	234.9
358.7	237.55
365.75	241
368.3	240.7
372.65	245
382.6	245.55
388.35	250.5
391.2	253.4
398.5	253.5
403.35	255.4
409.5	253.2
752.55	329.25
734.95	334.45
744.4	337.7
751	338.7
754.9	339.15
759.45	341.4
765.5	344.1
769.35	345.25
774.15	346.1
779.45	346.95
687.2	302.2
698	306.45
699.95	305.9
702.9	308.25
705.85	306.7
710.8	299.4
713.75	294.45
715.55	301.5
718.9	297
724.15	297.2
727.55	298.3
732.15	297.95
736.5	299.3
737.3	301.8
825.85	330.65
835.25	333.95
829.3	336.9
837.7	348.25
843.15	345.5
848.35	341.35
853.2	342.9
855.75	349.35
855.9	349.7
858.35	353.3
863	355.8
865.25	355.35
866.75	355.15
862.2	356.85
664.25	458.6
670.2	457
674.65	452.65
674.8	456.85
675.85	458.3
676.9	461.95
532.3	215.4
526.3	217.3
524.55	222.15
525.3	223.15
526.3	222.75
527.15	222.15
529.1	222.6
532.1	217.5
532.2	214.35
534.35	209.4
536.3	210.6
539.2	208.85
540.5	209.9
541.6	216
542.95	214.7
541.95	220.85
343.15	249.05
204.15	245.15
199.25	245
195.15	244.3
193.8	243.2
193.55	243.35
194.25	246.2
43.6	251.7
70	255.5
69.15	257
71.15	258.85
72.45	256.7
470.15	166
462.45	176.1
467.95	172.55
471.65	171.75
476.85	173.85
478.1	171.6
480.7	173.1
604.1	265.4
581.3	248.25
585.45	247.05
587.6	244.4
588.55	243.7
589.2	250.95
590.55	252.35
591.05	257.5
591.9	258.9
591.1	260.75
592.1	262.2
609.5	258.9
795.55	318
796.45	318
796.8	322.95
799.25	322.05
800.3	323.6
802.75	325.5
799.05	327.15
799.35	330.55
797.7	332.05
796.9	332.75
796.95	333.9
796.1	333.2
796.35	332.5
792.8	333.85
792.2	334.5
791	330.6
796.75	326.7
571	209.6
583.25	221.5
582.3	220.15
576.95	220.55
575.75	219.7
575.55	219.6
575.05	220
574.95	221.3
572.9	222.25
571.7	225.65
572.15	227.6
572.5	229
570.9	231.7
567.9	235.35
565.75	234.2
560.7	233.6
559.5	235.1
561.1	237.7
560.75	237.35
559.7	236.3
557.3	238.9
552.8	234.65
556.45	237.7
555.35	237.95
554.95	236.55
552.8	240.8
550.05	239.2
549.65	236.75
549.1	240.25
546.3	239.45
569.95	283.85
566.5	288.75
565.75	291.25
563.45	293.7
560.7	294.15
561.3	294.1
561.65	291.75
561.55	291.25
558.85	295.25
829.05	350.7
807.5	348.1
808.05	353.25
805.15	360.55
807.95	360.8
807.5	358.4
806.8	358.85
807.3	361.05
812.1	357.5
808.7	361.55
808.2	363.15
809.55	362.75
808.5	360.8
810.35	360.3
812.55	360.65
814	298.3
813.35	307.25
811.75	307.7
813.55	308.5
813.65	306.4
813.9	308.65
811.75	309.4
809.3	311.85
807.85	314.35
796.45	325.35
693.2	320.2
696.05	316.55
695.55	314.25
693.75	319.9
694.65	312.05
693	315.3
695.6	313.85
696.4	311.15
697.05	314.15
696.7	316.3
695.85	317.85
697.2	319
697	320.5
695.25	322.95
694.6	322.95
695.3	322.6
696.9	321.05
695.6	319.3
695.95	320.4
693.55	318.4
692.6	318.25
691.65	321.95
719.05	278.65
723.95	71.2
727.7	78.25
723.9	75.6
723.6	80
725.25	77.3
725.7	81.65
724.2	87.1
723.6	86.9
722.95	84.8
722.6	86.35
722.5	87.55
722	86.25
720.1	83.55
719.7	85.25
631.85	205.25
649.3	190.4
649.65	196.35
647.2	201.8
645.6	203.5
643.05	203.6
644.85	207.65
644.3	209.5
643.85	208.6
641.95	214.45
645.95	212.95
725.05	335.05
777.65	338.2
779.15	346.4
779.95	350.2
782.35	346.55
781.25	346.55
783	345.9
782.5	348.4
782.95	351.6
781.8	355.15
780.95	358.1
778.9	360.65
779.6	360.5
789.95	197.6
774.1	87.5
774.65	90.1
775.25	84.1
772.75	85.6
773.3	86.6
773	87.2
771.85	86.8
774.15	92
667.2	140.15
643.35	151.9
641.15	154.5
640.05	150.35
638.55	151.85
638.5	147.65
637.75	142.6
637.35	145.2
637.05	145.9
637.15	150.05
637.8	147.35
635.45	151.2
704.85	302.2
705.15	296.15
704.55	302.2
704.1	304.55
703.55	307.6
706.05	309.95
705.05	305.3
701.6	302.1
701.6	314.85
704.7	306.4
702.55	311.95
703.2	313.65
701.3	314.25
704.5	315.45
706.2	314.8
708.2	317.15
702.55	316.65
706.55	308.85
703.95	313.7
674.5	138.5
675.8	156
678.65	152.65
676.8	157.4
675.45	160.1
673.8	162.5
675.7	171.9
674.75	173
674.95	174.25
675.15	169.35
674.9	174.45
676.9	179.05
676.8	180.95
632.25	295.85
639.45	279.85
640.25	287.6
636.3	295.35
640.55	297.35
641.5	297.75
645.4	296.15
643.45	297.45
641.55	300.85
642.95	300.05
644.45	299.2
648.05	299.5
649.65	300.6
647	301.7
648.55	305.45
644.7	309.65
644.55	304.1
646.05	309.6
651.6	308.7
650.7	304.8
647.75	308.3
645.05	308.8
645.15	311.15
639.6	315.1
637.85	315
661.7	140.1
655.9	170.35
656.95	171.1
658.1	173.5
655.35	186.5
655.5	176.6
657.25	171.1
657.15	168.05
658.35	171.05
658.9	172.75
658.2	170.9
659.75	164.5
659.45	174.05
658.55	166.6
659.7	175
660.25	169.65
658.75	181.4
662.65	177.25
662.75	180.5
712.95	164.5
713.85	240.65
712.45	235.55
715.1	231.4
716.8	230.45
718.2	232.6
719.35	235.65
727.75	234.35
763.9	175.3
764.5	179
765.45	181.05
767.75	178.7
771.95	177.15
774	179.85
775.45	181.05
776	183.25
793.95	238.25
784.8	245.55
787.75	244.4
790.6	246
790.95	244.8
790.9	247.2
791.9	245.85
797.15	242.8
795.1	243.55
789.95	248.15
792.45	251.3
792.1	252.85
785.6	251.5
772.2	236.05
773.2	239.4
773.1	239.85
771.55	239.05
768.5	245.95
767.5	247.35
787.65	228.8
791.55	212.65
790.85	211.4
791.45	207.9
793.2	214.1
792.25	213.2
795.35	213.5
794.2	212.9
792.3	211.35
795.65	209.6
794.25	206.2
791.95	208.85
795.3	208.1
790.95	209.4
790.7	213.55
792.8	211.7
792.95	210.7
792.7	214.55
794.9	192.95
795.55	200.65
798.05	191.7
800.55	189.4
797.45	196.1
796.6	202.8
797.55	201.35
800.65	195.3
796.25	207.3
795.9	218.15
792.7	218.9
792.15	224.35
797.8	209.75
795.85	214.1
794.2	217.45
795.8	211.3
795.7	217.7
798.2	218.35
797	211.45
796.4	218.95
798	217.9
799.15	215.5
800.55	211.9
803.25	209.8
805.7	204.55
806.6	206.55
805.4	210.05
809.5	210.8
811.95	203
810.95	208.15
765.85	208.2
777.7	207.35
774.6	211.45
776.6	204.25
777.8	211.85
780.6	209.25
776.8	209.4
781	211.65
782.1	214.55
781.9	217.5
782.55	214.75
780.85	217.05
812.7	195.7
806.15	200.55
806.25	201.7
806.45	206.25
804.9	205.95
807.6	208.25
806.45	209.4
807.05	212.55
808.75	212.45
807.65	213
805.6	206.95
807.35	215.4
737.85	221.65
752.8	220.05
749.5	227.4
749.35	227.75
749.5	223.6
752.25	220.85
748.75	221.75
751.1	220.95
750.95	223.85
616.95	147
446.6	61.5
441.3	57.15
438.85	58.7
437	58.8
440.05	58.9
438.6	58.25
440.3	54.45
693.05	207.35
735	197.55
736.8	204.75
739.55	201.1
741.7	205.3
739.3	209.55
740.4	210.35
738.8	210.75
742.05	209.8
741.3	207.35
739.65	208
740.25	208.55
741.5	209.95
742.3	210.4
742.5	209.95
743.7	206.7
784.2	198.7
784.15	202.85
782.05	203.9
784	202.95
781.4	203.1
782.35	205
780.25	204.05
779.05	207
779.55	205.65
779.05	206.6
780.8	206.2
778.6	207.05
780.05	210.35
781.25	212.05
784.3	205.7
758.45	281.05
755	276.8
752.7	279.55
753.55	277.5
753.25	279.2
754.55	280.45
884.85	399.7
873.75	385.75
873.05	386.85
877.45	383.7
873.7	391.3
874.25	392.7
874.2	394.65
872.95	393.9
874.45	391.55
875.7	393.2
878.15	388.5
877.4	389.15
876.8	393.25
878.65	387.65
875.05	395
875.35	394.9
876.55	396.2
916.1	242.25
914	261.2
912.8	261.9
912.1	260.8
911.35	260.7
910.05	264.75
907.65	258.1
908.3	260.25
908.4	258.35
907	259.5
908.25	257
906.95	261.75
904.85	259.9
887.35	202.95
873.2	146.3
872	147.35
870.75	149.1
868.35	149.5
869.25	147.25
867	147.05
866.85	149.25
867.1	146.85
867.3	148.3
870	148.4
870.55	144.7
852.7	162.5
709.85	285.05
716.45	279.45
716.5	280.5
715.25	277
713.8	279.2
709.7	280.2
710.15	278.2
709.15	280.25
708.9	288.95
708.45	287.15
706.05	294.55
523.5	163.45
536.9	169.75
536.05	168.6
534.4	166.3
535.8	164.3
535.9	164.2
533.7	164.6
533.1	166.95
532.1	166.65
532.4	169.9
530.6	172.2
895.15	212.95
871	221.1
878.45	218.9
878.25	221.05
881.25	219.3
883.05	219.7
882.15	221.45
878.05	224.95
880.6	226.75
880.15	224.65
880.7	221.45
881.3	224.75
881.05	226.5
881.65	229.65
885.25	223.25
884.85	224.9
885.25	229.45
887.55	227.7
893.4	322.4
893.95	296.85
892.65	298.75
894.5	296.7
892.9	298.6
890.4	301.1
888.3	303.7
889.35	302.3
891.95	304.55
891.85	305.5
888.25	308.85
837.45	311.65
411.8	309
439.05	313.25
436.25	306.45
434.3	308.95
436.2	308.7
436.5	309.45
436.25	312.1
437.25	315.45
436.15	318.05
436.6	318.45
434.35	321.2
435.05	321.25
433.35	319.85
471.55	323.8
757.95	273.3
757.75	277.15
760.55	272.1
758.7	271.6
761.85	271.25
762.55	271.8
763.7	272.05
545.6	115.15
556.6	123.55
552.5	124.15
553.45	124.1
555.45	121.65
554.2	126.05
858.2	58.7
859.2	62.9
863.8	66.7
866.05	66.8
869.65	62.65
867.3	64.05
870.6	66.6
869.7	70.9
934.95	160.35
928.4	187.1
928.4	190.55
932.3	191.1
932.45	188.7
935.2	189.65
936.25	190.15
944.35	188.15
955.15	180.9
954.05	177.3
953.55	178.75
953	182.4
951.1	186.2
952.15	182
952.85	183.15
955.3	183.75
711.65	131.85
718.2	133.6
719.45	133.35
719.95	131.6
715.55	131.35
714.35	136.75
713.6	142.45
714.3	143.75
715.9	146
713.7	146.5
714.5	147.2
717.4	148.35
719.05	151.9
717.85	158.95
720.45	163.7
720.65	167.55
721.5	166
721.45	170.25
707.35	167.2
641.35	71.2
651.4	91.2
650.4	94.95
650	97.55
651	97
650.45	100
649.95	105.2
651.25	111.75
651.5	114.25
651.9	120.55
653.25	122.55
653.55	125.7
654.15	132.55
662.45	137.65
726	185.45
723.2	196.1
724.7	197.45
728.05	192.7
731.6	192.85
731	196.55
735.35	190.45
737.5	189.35
741.2	190.85
827.85	144.55
828.75	153.95
834.25	155.1
840.05	152.55
844.3	152.6
849.3	153.35
854.7	154.45
863	154.3
869.65	154.1
874.05	152.8
876.15	152.9
879.4	148.8
884.3	147
890	145.65
895.5	144.85
897.25	142.55
901.65	138
904.25	140.55
907.85	136.15
910.15	136.8
913	137.2
917.45	136.7
918.25	139.25
923.65	139.5
924.15	134.35
924.25	132.65
920.9	140.8
922.1	143.55
924.25	143.3
923.8	139.75
925.35	141.15
922.05	144
790.7	158.35
752.65	151.4
699.5	347.85
0	0
0	0
0	0
0	0
0	0
0	0
0	0
0	0
0	0
819.5	161.3
815.9	163.35
818.5	163.75
816.95	160.85
815.2	150.95
813	152.75
780.95	193.1
781.1	187.45
