627.95	345.85
633.85	347.95
636.35	348.8
637.1	352.9
635.65	343.9
630.1	356.7
631.75	349.4
631.35	348.05
629.6	345.5
631.15	345.4
631.55	348.65
632.8	347.3
631	349.85
628.4	360.15
632.75	356.65
513.8	304.6
505.05	301.1
502.75	304.5
504.4	305.3
504.05	303.05
504	300.35
502.4	304.6
500.05	292.9
517.5	213.55
518.15	216.65
518.35	218.15
518	219.4
517.65	215.1
520.7	209.5
521.45	211.05
523.2	212.85
280.7	199.05
281.4	191.9
282.95	193.05
283.65	192.8
281.35	189
283.8	190.35
0	0
0	0
0	0
0	0
568.45	371.45
575.4	374.1
575.6	361.1
572.65	356.9
575.25	359.95
581.75	359.05
583.6	355.8
584	352.5
585.6	348.3
583.75	349.6
583.5	344.65
581.55	343.25
497.25	240.25
501.45	229.7
498.35	233.35
497.35	227.8
496.35	229.9
495.95	231.1
494.65	222.1
496.6	221.3
495	220.7
499.45	217.9
494.35	220.9
621.3	178.15
613.9	184.6
613.7	185.3
615.05	182
611.25	183.3
614.1	183.45
609	178.6
608.5	176.5
609.65	178.4
610.15	178.55
609.85	177.75
606.45	194.4
0	0
0	0
0	0
0	0
685.9	501.1
685.2	491.3
681.85	481.2
687.05	473.95
688.45	474
690.95	468.6
685.7	473
687.4	479.3
691.7	476.45
690.95	472.95
692.35	474.2
687.3	482.05
516.35	292.35
517.9	287.95
517.2	291.35
511.3	287.9
511.4	288.6
512.9	285.3
511.1	285.05
510.85	291.05
512	287.3
511.45	293.15
510.95	292.05
511.7	285.95
512	286.95
512.4	291.5
510.3	288.65
512.7	290.3
901.05	416.75
908.65	428.9
908.35	430.65
910.25	426.4
919.8	429.55
917.75	429.3
919.8	430.55
921.3	429.7
924.15	430
731.6	404.95
567.9	418.9
563.6	426.8
563.55	433.75
562.2	436.3
564	431.6
562.8	436.9
558.55	440.15
565.1	440.1
562.15	447.85
560.65	435.4
558.35	317.35
588	275.9
583.25	267.1
580.45	271.2
583.5	272.3
581.6	273.9
581.95	273.55
578.65	273.2
581.8	269.35
583.55	265.35
584.5	265.75
582.35	268.3
581.35	272.15
582.5	270.15
583	269.35
584.25	271.05
586.45	269.4
585.5	270.1
582.75	271.1
585.75	268.25
583.15	271.5
551.35	266.25
446.95	266
445.15	264.8
445.7	265.95
448.5	269.55
449.7	272.75
561.4	196
550.8	190.55
547.7	190.35
548.95	190.05
549.4	193.35
546.95	191.65
547.55	202.2
550.55	194.55
547.25	192.8
549.05	196.05
548.5	190.05
546.7	195.5
549.05	199.2
549.7	195.85
547.2	194.4
547.7	194
548.8	196.55
547.7	195.9
545	194.1
545.3	191.5
546.5	194.5
572.85	223.45
0	0
0	0
0	0
0	0
668.05	364
675.5	349.5
676.15	348.95
677.75	346.3
677	344.05
680.8	336.35
678.1	338.05
676.8	341.5
679.25	342.25
674.95	341.65
673.4	342.6
670.9	345.2
547.25	280.8
542.7	288.1
539.25	284.7
538.5	286.15
536.8	286.6
536.05	286.7
534.8	282.35
516.8	264.95
517.65	233.85
517.3	234.45
517.65	235.65
518.1	232
516.1	236.15
515	232.35
515	236.15
518.65	230.4
516.55	229.45
512.55	230.6
517.1	232.5
512.8	232.05
724.65	332.2
895.15	376.4
895.15	385.4
897.3	383.95
893.05	384.05
893.25	385.8
894.1	387.25
894.05	383.5
898.05	380.75
896.6	387.95
891.6	404.75
0	0
0	0
0	0
957.65	338.2
960.25	341.1
965.3	328.3
965.35	327.75
962.2	320.75
963.7	315.95
963.9	320.8
962	318.05
962.7	317.8
961.8	326.3
958.35	327.75
960.35	325.65
956	321.55
959.8	314.05
956.7	317.6
954.05	327.75
611.4	296.35
0	0
0	0
0	0
0	0
0	0
0	0
545.95	377.3
549.2	359.2
548.25	350.25
550.7	350.3
545.75	347.5
546.4	352
401.05	252.5
394.2	264.25
391.7	266.3
388.65	262.6
387.65	260.25
388.55	265.75
384.2	273.55
382.6	272.65
380.85	271.95
382.9	265.9
383.05	266.25
384.5	267.95
388.45	267.05
384.55	267
513.95	192.6
508.4	191.9
508.95	186.25
511.3	186.05
510.9	184.65
511	185.4
831.2	283.8
1005.65	343.95
1011.2	365.4
1011.65	363.75
1012.6	360.15
1012.15	355.15
1011.25	355.2
1009.45	353.1
1010.5	353.3
1006.6	357.4
1004.4	356.2
1008.75	355.4
1005.6	357.4
1009.15	356.7
1007.2	358.8
1006.65	360.2
1005.05	373.95
0	0
0	0
0	0
0	0
676.5	426.7
675.55	421.15
672.9	422.1
670.5	424.9
666.75	420
668.95	418.7
667.55	413.1
667.7	414.65
665.9	416.15
664.5	418.85
669.05	413.8
671.25	413.25
666.35	412.6
667.3	416.3
667.7	423.7
665.65	423.65
663.7	423.2
661.3	424.4
381.05	338.5
366.9	316.55
363	312.9
360.45	311.2
362.95	309.95
360.35	312.55
362	311.4
363.55	314
360.85	311.5
363.95	317.2
363.3	311.2
362.8	309.15
469.85	302.95
826.75	318.15
838.2	325.8
838.25	324.9
838.5	321
841.6	316.4
842.7	317.85
842.85	320.6
839.85	317.75
838.65	318.25
839.6	317.3
840.05	320.3
841.1	318.35
839.85	321.75
839.6	319.7
840	348.65
0	0
0	0
0	0
0	0
712.55	349.2
709.5	350.15
704.05	354.15
700.4	364.2
700.65	360.6
695.75	359.05
699.7	358.3
698.8	357.05
692.75	354.15
693.55	348.95
692.75	350.5
689.25	350.95
683	350.3
684.3	347.3
684.65	348.65
687.65	338.55
688.85	332.95
684.8	330.15
683.1	329.95
684	327.6
685.5	324.7
680.3	322.6
680.85	321.9
680.35	323.45
675.8	328.35
673.9	329.15
674.3	325.95
674.55	326.8
670.75	332.15
667.35	329.05
667.85	330.05
362.55	398.9
322.95	405.35
326.95	406.65
326.6	406.05
321.05	408.3
328.1	416
324.95	410.8
657.05	404.7
716.35	378.1
718.3	373.8
717.65	374.5
716.45	375.5
717.95	371.85
719.35	376.55
720.3	374.95
718	377.2
713.85	380.5
711.75	384.85
707.35	386.8
706.3	389.85
707.8	388.8
709.4	387.5
707.35	380.15
714.1	380.95
712.6	377.95
718.35	381.95
717.9	377.45
719.35	376.3
720.35	374.1
720.85	377.15
719.9	377.45
719.45	404.45
0	0
0	0
0	0
715.25	488.1
710.6	471.15
709.15	482.7
711.5	485.45
709.75	480.05
706.35	478.75
704.7	477.85
704.75	480.95
703.45	485.2
701	484.5
702.3	482.75
701.55	483.25
701.15	482.35
698.8	482.3
697.35	487.5
0	0
0	0
0	0
0	0
0	0
0	0
0	0
0	0
497.2	402.2
526.7	381.6
520.75	371.65
519.9	378.85
519.15	379.3
522.05	378.55
519.4	385.7
516.45	388.15
516.4	388.55
514.5	376.2
514.1	376.75
512	380.8
514.2	376.1
515.8	381.7
517.3	384.95
520.55	383.45
521.3	383.35
847.2	452.45
910.25	450.75
904.2	452.7
908.15	449.55
914.55	454.3
910.85	454.7
914.35	451.8
916.6	451.65
916.85	450
920.25	450.8
917.25	457.05
922	455.05
920.9	451.35
920.3	447.05
923.95	443.35
921.45	444.75
542.35	419.95
548.15	395.8
553.05	391.55
554.55	386.9
553.9	387.1
549.35	384.15
552.15	395.2
0	0
0	0
0	0
720.85	400.75
724.65	398.35
728.3	389.5
729.15	373.55
725.8	371.05
729.1	366.9
725.2	369
727.65	363.7
727.2	367.05
728.05	369.05
732.65	366.55
698.2	570.7
0	0
0	0
0	0
0	0
685.25	367.8
686.1	367.8
681.8	359.6
678.25	362.45
679.2	366.35
672.6	367.1
670.8	365.9
670.45	366.9
672.3	362.85
669.7	361.25
667.45	363.05
667.55	362.4
666.45	362.05
669.9	356.9
668.85	358.75
667.85	355.7
670.5	355
673.15	352.95
670.7	351.2
669.2	351.25
670.05	352.35
671.2	365.4
0	0
0	0
0	0
0	0
0	0
0	0
0	0
0	0
0	0
0	0
0	0
0	0
0	0
0	0
0	0
0	0
0	0
0	0
0	0
0	0
0	0
0	0
0	0
461.5	631.75
0	0
0	0
0	0
0	0
0	0
0	0
0	0
621.8	453.05
609.95	456.4
606.8	459.65
599.6	468.3
602.4	475.55
600.65	479.9
593.75	481.9
592.35	484.25
593.2	480.3
593.7	477.05
591.45	477.3
576.35	545.7
0	0
0	0
0	0
0	0
596.75	354.4
599.55	348.95
601.55	342.75
599.4	342.3
601.75	342.05
604.5	340.9
600.6	335.3
604.1	331.4
600.65	339.95
599.4	341.8
600.9	344.2
604.95	338.95
602.95	347.95
604.2	346.8
600.25	340.25
606.3	343.1
602.85	343.25
599.5	347.85
594.9	345.7
596.35	348.45
549.7	354.2
332.45	324.05
314.45	331.55
311.5	335.05
309.8	335.8
312.1	337.95
311.05	336.5
308.25	333.5
305.2	338.95
0	0
0	0
0	0
714.6	529.7
713.55	524.45
717.45	517.8
716.55	503
715.45	495.15
715.25	514.45
716.3	512.9
713.2	515.45
668.9	353.45
661.75	366.65
657.15	364.7
650.8	379.1
649.1	377.65
647.15	373.75
648.6	379.3
646.3	389.3
645.7	390
639.65	396.95
650.65	390.65
644.4	395.8
653.65	391.65
633.45	381.45
392.1	402.65
377.4	400.05
374.7	399.7
373.2	411
366.3	410.6
0	0
0	0
0	0
524.4	357.95
528.4	343.85
528.1	338.75
531.3	333.6
528.95	343.55
526.95	329.6
523.6	336.1
525.8	332.8
532.25	341.05
530.85	337.1
526.4	339.1
532.5	328.9
531.25	327.45
531.3	334.65
530.05	338.1
531.45	331.45
528.3	325.25
526.65	324.45
522.55	336.85
528.8	329.3
526.95	334.75
524.75	337.25
519.9	336.45
520.7	341.25
522.25	327
519.6	327.9
528.75	335.25
609.3	357.2
778.75	419.3
784.35	438.1
789.15	440.1
784.25	443.7
781.9	442
779.55	431.55
782.15	437.45
784.4	422
781.4	427.1
0	0
0	0
0	0
0	0
771.95	465.85
773.95	453.3
770.25	458
769.95	461.4
763.4	471.35
763.25	466.75
759.4	471.1
767.5	468.8
774.7	462.65
772.65	462.55
767.25	455.3
761.6	456.15
760.8	464.25
789.4	431.7
790.35	432.8
794.1	430.95
796.3	434
791.1	427.25
796.8	434.3
795.9	425.45
794.4	428.25
797.7	418.2
795.15	416.6
791.8	414.3
796.5	415.25
787.75	417.45
788	412.4
798.6	408.1
801.9	392.7
793.15	391
791.3	383
789.5	377.45
786.6	387.7
785.35	404.7
0	0
0	0
0	0
0	0
0	0
745.25	342.9
746.65	336.65
750.4	335.8
748.9	335.25
745.15	336.7
745.75	335.45
743	334.15
743.15	335.2
745.45	335.25
746.5	342.15
742.6	346.8
0	0
0	0
0	0
0	0
0	0
0	0
0	0
0	0
0	0
0	0
0	0
0	0
0	0
0	0
0	0
0	0
0	0
0	0
0	0
0	0
0	0
0	0
0	0
0	0
0	0
0	0
0	0
0	0
0	0
0	0
0	0
0	0
0	0
0	0
0	0
0	0
0	0
0	0
0	0
0	0
0	0
0	0
0	0
0	0
0	0
0	0
0	0
0	0
0	0
0	0
0	0
0	0
0	0
0	0
0	0
763.7	448.05
764.65	432.5
764.4	425.5
760.05	418.3
761.5	418
769.4	427.5
762.95	439.75
772.05	427.7
769.1	444.6
764.9	445.75
763.9	447.4
770.8	449.65
768.8	456.2
772.45	446.45
773.55	445.75
773.15	447.7
778.25	441.95
764.85	447.4
775.2	428.25
769.3	438.85
771.8	426.7
774.9	433.9
773.2	430.75
773.85	431
487.55	372
475.4	363.7
478.15	359.4
475.55	362.55
477	362.75
477.4	360.15
478.2	363.6
476.5	368.05
476	363.6
480.3	356.6
483.3	355.65
480.85	364.05
476.65	368.45
479.9	356.6
476.15	368.95
475.05	366.8
475.8	362.5
0	0
0	0
0	0
0	0
0	0
577.2	324.95
576.45	342.25
575.75	344.85
577.75	345.55
577.9	343.8
581.15	340.9
580.05	343.2
578.85	347.2
580.45	343.85
577.75	339.8
576.45	345.75
574.3	346.4
579.55	343.1
579.85	346.6
447.9	509.5
415.8	493.5
415.35	498
419.85	493.35
422.05	500.9
422.45	497
415.3	499.1
417.6	503.25
414.6	494.75
418.5	501
730.85	357.85
736.6	363
740.8	361.75
736.9	364.05
736.3	358.25
737.2	349.65
735.35	349.2
739.05	353.95
742.4	355.5
740.85	358
735.8	352.9
739.75	355.2
735	351.45
734.15	353.85
735.4	349.95
733.1	349.2
682.45	647.95
0	0
0	0
0	0
621.85	373.85
611.25	373.1
611.55	381.5
609	381.5
607.55	379.85
609.6	376.65
609.2	378.35
607.35	378.65
607.7	382.4
605.55	380.15
611.1	382.25
606.25	385.7
0	0
0	0
0	0
0	0
0	0
0	0
0	0
0	0
0	0
0	0
0	0
0	0
0	0
0	0
0	0
0	0
0	0
0	0
0	0
0	0
0	0
0	0
0	0
0	0
0	0
0	0
0	0
0	0
0	0
0	0
0	0
0	0
0	0
0	0
0	0
0	0
0	0
0	0
0	0
0	0
0	0
0	0
0	0
0	0
0	0
0	0
0	0
0	0
0	0
0	0
0	0
0	0
0	0
0	0
0	0
0	0
0	0
0	0
0	0
0	0
0	0
0	0
0	0
0	0
0	0
0	0
0	0
0	0
0	0
0	0
0	0
0	0
0	0
605	120.85
0	0
0	0
0	0
0	0
0	0
0	0
0	0
0	0
0	0
0	0
0	0
0	0
0	0
0	0
0	0
0	0
0	0
0	0
0	0
0	0
0	0
0	0
0	0
0	0
0	0
0	0
0	0
0	0
0	0
0	0
0	0
0	0
0	0
0	0
0	0
0	0
0	0
0	0
0	0
0	0
0	0
0	0
0	0
0	0
0	0
0	0
0	0
0	0
0	0
0	0
0	0
0	0
0	0
0	0
0	0
0	0
0	0
0	0
0	0
0	0
0	0
0	0
0	0
0	0
0	0
0	0
0	0
0	0
0	0
0	0
0	0
0	0
0	0
0	0
0	0
0	0
0	0
0	0
0	0
0	0
0	0
0	0
0	0
0	0
0	0
0	0
0	0
0	0
0	0
0	0
0	0
0	0
0	0
0	0
0	0
0	0
0	0
0	0
0	0
0	0
0	0
0	0
0	0
0	0
0	0
0	0
0	0
0	0
0	0
0	0
0	0
0	0
0	0
0	0
0	0
0	0
0	0
0	0
0	0
0	0
0	0
0	0
0	0
0	0
0	0
0	0
0	0
0	0
0	0
0	0
0	0
0	0
0	0
0	0
0	0
0	0
514.3	537.95
516.85	549.1
512.4	555
518.55	588.15
0	0
0	0
0	0
0	0
0	0
0	0
0	0
0	0
0	0
0	0
0	0
0	0
0	0
0	0
0	0
0	0
0	0
0	0
0	0
0	0
0	0
0	0
0	0
0	0
0	0
0	0
0	0
0	0
0	0
0	0
0	0
0	0
0	0
0	0
0	0
0	0
0	0
0	0
0	0
0	0
0	0
0	0
0	0
0	0
0	0
0	0
0	0
0	0
0	0
0	0
0	0
0	0
0	0
0	0
0	0
0	0
0	0
0	0
0	0
0	0
0	0
0	0
0	0
0	0
0	0
0	0
0	0
0	0
0	0
0	0
0	0
0	0
0	0
0	0
0	0
0	0
0	0
0	0
0	0
0	0
0	0
0	0
0	0
0	0
0	0
0	0
0	0
0	0
0	0
0	0
0	0
0	0
0	0
0	0
0	0
0	0
0	0
0	0
0	0
0	0
0	0
0	0
0	0
0	0
0	0
0	0
0	0
0	0
0	0
0	0
0	0
0	0
0	0
0	0
0	0
0	0
0	0
0	0
0	0
0	0
0	0
0	0
0	0
0	0
0	0
0	0
0	0
0	0
0	0
0	0
0	0
0	0
0	0
0	0
0	0
0	0
0	0
0	0
0	0
0	0
0	0
0	0
0	0
0	0
0	0
0	0
0	0
0	0
0	0
0	0
0	0
0	0
0	0
0	0
0	0
0	0
0	0
0	0
0	0
0	0
0	0
0	0
0	0
0	0
0	0
0	0
0	0
0	0
0	0
0	0
0	0
0	0
0	0
0	0
0	0
0	0
0	0
0	0
0	0
0	0
0	0
0	0
0	0
0	0
0	0
0	0
0	0
0	0
0	0
0	0
0	0
0	0
0	0
0	0
0	0
0	0
0	0
0	0
0	0
0	0
0	0
0	0
0	0
0	0
0	0
0	0
0	0
0	0
0	0
0	0
0	0
0	0
0	0
0	0
0	0
0	0
0	0
0	0
0	0
0	0
0	0
0	0
0	0
0	0
0	0
0	0
0	0
0	0
0	0
0	0
0	0
0	0
0	0
0	0
0	0
0	0
0	0
0	0
0	0
0	0
0	0
0	0
0	0
0	0
0	0
0	0
0	0
0	0
0	0
0	0
0	0
0	0
0	0
0	0
0	0
0	0
0	0
0	0
0	0
0	0
0	0
0	0
0	0
0	0
0	0
0	0
0	0
0	0
0	0
0	0
0	0
0	0
0	0
0	0
0	0
0	0
0	0
0	0
0	0
0	0
0	0
0	0
0	0
0	0
0	0
0	0
0	0
0	0
0	0
0	0
0	0
0	0
0	0
0	0
0	0
0	0
0	0
0	0
0	0
0	0
0	0
0	0
0	0
0	0
0	0
0	0
0	0
0	0
0	0
0	0
0	0
0	0
0	0
0	0
0	0
0	0
0	0
0	0
0	0
0	0
0	0
0	0
0	0
0	0
0	0
0	0
0	0
0	0
0	0
0	0
0	0
0	0
0	0
0	0
0	0
0	0
0	0
0	0
0	0
0	0
0	0
0	0
0	0
0	0
0	0
0	0
0	0
0	0
0	0
0	0
0	0
0	0
0	0
0	0
0	0
0	0
0	0
0	0
0	0
0	0
0	0
0	0
0	0
0	0
0	0
0	0
0	0
0	0
0	0
0	0
0	0
0	0
0	0
0	0
0	0
0	0
0	0
0	0
0	0
0	0
0	0
0	0
0	0
0	0
0	0
0	0
0	0
0	0
0	0
0	0
0	0
0	0
0	0
0	0
0	0
0	0
0	0
0	0
0	0
0	0
0	0
0	0
0	0
0	0
0	0
0	0
0	0
0	0
0	0
0	0
0	0
0	0
0	0
0	0
0	0
0	0
0	0
0	0
0	0
0	0
0	0
0	0
0	0
0	0
0	0
0	0
0	0
0	0
0	0
0	0
0	0
0	0
0	0
0	0
0	0
0	0
0	0
0	0
0	0
0	0
0	0
0	0
0	0
0	0
0	0
0	0
0	0
0	0
0	0
0	0
0	0
0	0
0	0
0	0
0	0
0	0
0	0
0	0
0	0
0	0
0	0
0	0
0	0
0	0
0	0
0	0
0	0
0	0
0	0
0	0
0	0
0	0
0	0
0	0
0	0
0	0
0	0
0	0
0	0
0	0
0	0
0	0
0	0
0	0
0	0
0	0
0	0
0	0
0	0
0	0
0	0
0	0
0	0
0	0
0	0
0	0
0	0
0	0
0	0
0	0
0	0
0	0
0	0
0	0
0	0
0	0
0	0
0	0
0	0
0	0
0	0
0	0
0	0
0	0
0	0
0	0
0	0
0	0
0	0
0	0
0	0
0	0
0	0
0	0
0	0
0	0
0	0
0	0
0	0
0	0
0	0
0	0
0	0
0	0
0	0
0	0
0	0
0	0
0	0
0	0
0	0
0	0
0	0
0	0
0	0
0	0
0	0
0	0
0	0
0	0
0	0
0	0
0	0
0	0
0	0
0	0
0	0
0	0
0	0
0	0
0	0
0	0
0	0
0	0
0	0
0	0
0	0
0	0
0	0
0	0
0	0
0	0
0	0
0	0
0	0
0	0
0	0
0	0
0	0
0	0
0	0
0	0
0	0
0	0
0	0
0	0
0	0
0	0
0	0
0	0
0	0
0	0
0	0
0	0
0	0
0	0
0	0
0	0
0	0
0	0
0	0
0	0
0	0
0	0
0	0
0	0
0	0
0	0
0	0
0	0
0	0
0	0
0	0
0	0
0	0
0	0
0	0
0	0
0	0
0	0
0	0
0	0
0	0
0	0
0	0
0	0
0	0
0	0
0	0
0	0
0	0
0	0
0	0
0	0
0	0
0	0
0	0
0	0
0	0
0	0
0	0
0	0
0	0
0	0
0	0
0	0
0	0
0	0
0	0
0	0
0	0
0	0
0	0
0	0
0	0
0	0
0	0
0	0
0	0
0	0
0	0
0	0
0	0
0	0
0	0
0	0
0	0
0	0
0	0
0	0
0	0
0	0
0	0
0	0
0	0
0	0
0	0
0	0
0	0
0	0
0	0
0	0
0	0
0	0
0	0
0	0
0	0
0	0
0	0
0	0
0	0
0	0
0	0
0	0
0	0
0	0
0	0
0	0
0	0
0	0
0	0
0	0
0	0
0	0
0	0
0	0
0	0
0	0
0	0
0	0
0	0
0	0
0	0
0	0
0	0
0	0
0	0
0	0
0	0
0	0
0	0
0	0
0	0
0	0
0	0
0	0
0	0
0	0
0	0
0	0
0	0
0	0
0	0
0	0
0	0
0	0
0	0
0	0
0	0
0	0
0	0
0	0
0	0
0	0
0	0
0	0
0	0
0	0
0	0
0	0
0	0
0	0
0	0
0	0
0	0
0	0
0	0
0	0
0	0
0	0
0	0
0	0
0	0
0	0
0	0
0	0
0	0
0	0
0	0
0	0
0	0
0	0
0	0
0	0
0	0
0	0
0	0
0	0
0	0
0	0
0	0
0	0
0	0
0	0
0	0
0	0
0	0
0	0
0	0
0	0
0	0
0	0
0	0
0	0
0	0
0	0
0	0
0	0
0	0
0	0
0	0
0	0
0	0
0	0
0	0
0	0
0	0
0	0
0	0
0	0
0	0
0	0
0	0
0	0
0	0
0	0
0	0
0	0
0	0
0	0
0	0
0	0
0	0
0	0
0	0
0	0
0	0
0	0
0	0
0	0
0	0
0	0
0	0
0	0
0	0
0	0
0	0
0	0
0	0
0	0
0	0
0	0
0	0
0	0
0	0
0	0
0	0
0	0
0	0
0	0
0	0
0	0
0	0
0	0
0	0
0	0
0	0
0	0
0	0
0	0
0	0
0	0
0	0
0	0
0	0
0	0
0	0
0	0
0	0
0	0
0	0
0	0
0	0
0	0
0	0
0	0
0	0
0	0
0	0
0	0
0	0
0	0
0	0
0	0
0	0
0	0
0	0
0	0
0	0
0	0
0	0
0	0
0	0
0	0
0	0
0	0
0	0
0	0
0	0
0	0
0	0
0	0
0	0
0	0
0	0
0	0
0	0
0	0
0	0
0	0
0	0
0	0
0	0
0	0
0	0
0	0
0	0
0	0
0	0
0	0
0	0
0	0
0	0
0	0
0	0
0	0
0	0
0	0
0	0
0	0
0	0
0	0
0	0
0	0
0	0
0	0
0	0
0	0
0	0
0	0
0	0
0	0
0	0
0	0
0	0
0	0
0	0
0	0
0	0
0	0
0	0
0	0
0	0
0	0
0	0
0	0
0	0
0	0
0	0
0	0
0	0
0	0
0	0
0	0
0	0
0	0
0	0
0	0
0	0
0	0
0	0
0	0
0	0
0	0
0	0
0	0
0	0
0	0
0	0
0	0
0	0
0	0
0	0
0	0
0	0
0	0
0	0
0	0
0	0
0	0
0	0
0	0
0	0
0	0
0	0
0	0
0	0
0	0
0	0
0	0
0	0
0	0
0	0
0	0
0	0
0	0
0	0
0	0
0	0
0	0
0	0
0	0
0	0
0	0
0	0
0	0
0	0
0	0
0	0
0	0
0	0
0	0
0	0
0	0
0	0
0	0
0	0
0	0
0	0
0	0
0	0
0	0
0	0
0	0
0	0
0	0
0	0
0	0
0	0
0	0
0	0
0	0
0	0
0	0
0	0
0	0
0	0
0	0
0	0
0	0
0	0
0	0
0	0
0	0
0	0
0	0
0	0
0	0
0	0
0	0
0	0
0	0
0	0
0	0
0	0
0	0
0	0
0	0
0	0
0	0
0	0
0	0
0	0
0	0
0	0
0	0
0	0
0	0
0	0
0	0
0	0
0	0
0	0
0	0
0	0
0	0
0	0
0	0
0	0
0	0
0	0
0	0
0	0
0	0
0	0
0	0
0	0
0	0
0	0
0	0
0	0
0	0
0	0
0	0
0	0
0	0
0	0
0	0
0	0
0	0
0	0
0	0
0	0
0	0
0	0
0	0
0	0
0	0
0	0
0	0
0	0
0	0
0	0
0	0
0	0
0	0
0	0
0	0
0	0
0	0
0	0
0	0
0	0
0	0
0	0
0	0
0	0
0	0
0	0
0	0
0	0
0	0
0	0
0	0
0	0
0	0
0	0
0	0
0	0
0	0
0	0
0	0
0	0
0	0
0	0
0	0
0	0
0	0
0	0
0	0
0	0
0	0
0	0
0	0
0	0
0	0
0	0
0	0
0	0
0	0
0	0
0	0
0	0
0	0
0	0
0	0
0	0
0	0
0	0
0	0
0	0
0	0
0	0
0	0
0	0
0	0
0	0
0	0
0	0
0	0
0	0
0	0
0	0
0	0
0	0
0	0
0	0
0	0
0	0
0	0
0	0
0	0
0	0
0	0
0	0
0	0
0	0
0	0
0	0
0	0
0	0
0	0
0	0
0	0
0	0
0	0
0	0
0	0
0	0
0	0
0	0
0	0
0	0
0	0
0	0
0	0
0	0
0	0
0	0
0	0
0	0
0	0
0	0
0	0
0	0
0	0
0	0
0	0
0	0
0	0
0	0
0	0
0	0
0	0
0	0
0	0
0	0
0	0
0	0
0	0
0	0
0	0
0	0
0	0
0	0
0	0
0	0
0	0
0	0
0	0
0	0
0	0
0	0
0	0
0	0
0	0
0	0
0	0
0	0
0	0
0	0
0	0
0	0
0	0
0	0
0	0
0	0
0	0
0	0
0	0
0	0
0	0
0	0
0	0
0	0
0	0
0	0
0	0
0	0
0	0
0	0
0	0
0	0
0	0
0	0
0	0
0	0
0	0
0	0
0	0
0	0
0	0
0	0
0	0
0	0
0	0
0	0
0	0
0	0
0	0
0	0
0	0
0	0
0	0
0	0
0	0
0	0
0	0
0	0
0	0
0	0
0	0
0	0
0	0
0	0
0	0
0	0
0	0
0	0
0	0
0	0
0	0
0	0
0	0
0	0
0	0
0	0
0	0
0	0
0	0
0	0
0	0
0	0
0	0
0	0
0	0
0	0
0	0
0	0
0	0
0	0
0	0
0	0
0	0
0	0
0	0
0	0
0	0
0	0
0	0
0	0
0	0
0	0
0	0
0	0
0	0
0	0
0	0
0	0
0	0
0	0
0	0
0	0
0	0
0	0
0	0
0	0
0	0
0	0
0	0
0	0
0	0
0	0
0	0
0	0
0	0
0	0
0	0
0	0
0	0
0	0
0	0
0	0
0	0
0	0
0	0
0	0
0	0
0	0
0	0
0	0
0	0
0	0
0	0
0	0
0	0
0	0
0	0
0	0
0	0
0	0
0	0
0	0
0	0
0	0
0	0
0	0
0	0
0	0
0	0
0	0
0	0
0	0
0	0
0	0
0	0
0	0
0	0
0	0
0	0
0	0
0	0
0	0
0	0
0	0
0	0
0	0
0	0
0	0
0	0
0	0
0	0
0	0
0	0
0	0
0	0
0	0
0	0
0	0
0	0
0	0
0	0
0	0
0	0
0	0
0	0
0	0
0	0
0	0
0	0
0	0
0	0
0	0
0	0
0	0
0	0
0	0
0	0
0	0
0	0
0	0
0	0
0	0
0	0
0	0
0	0
0	0
0	0
0	0
0	0
0	0
0	0
0	0
0	0
0	0
0	0
0	0
0	0
0	0
0	0
0	0
0	0
0	0
0	0
0	0
0	0
0	0
0	0
0	0
0	0
0	0
0	0
0	0
0	0
0	0
0	0
0	0
0	0
0	0
0	0
0	0
0	0
0	0
0	0
0	0
0	0
0	0
0	0
0	0
0	0
0	0
0	0
0	0
0	0
0	0
0	0
0	0
0	0
0	0
0	0
0	0
0	0
0	0
0	0
0	0
0	0
0	0
0	0
0	0
0	0
0	0
0	0
0	0
0	0
0	0
0	0
0	0
0	0
0	0
0	0
0	0
0	0
0	0
0	0
0	0
0	0
0	0
0	0
0	0
0	0
0	0
0	0
0	0
0	0
0	0
0	0
0	0
0	0
0	0
0	0
0	0
0	0
0	0
0	0
0	0
0	0
0	0
0	0
0	0
0	0
0	0
0	0
0	0
0	0
0	0
0	0
0	0
0	0
0	0
0	0
0	0
0	0
0	0
0	0
0	0
0	0
0	0
0	0
0	0
0	0
0	0
0	0
0	0
0	0
0	0
0	0
0	0
0	0
0	0
0	0
0	0
0	0
0	0
0	0
0	0
0	0
0	0
0	0
0	0
0	0
0	0
0	0
0	0
0	0
0	0
0	0
0	0
0	0
0	0
0	0
0	0
0	0
0	0
0	0
0	0
0	0
0	0
0	0
0	0
0	0
0	0
0	0
0	0
0	0
0	0
0	0
0	0
0	0
0	0
0	0
0	0
0	0
0	0
0	0
0	0
0	0
0	0
0	0
0	0
0	0
0	0
0	0
0	0
0	0
0	0
0	0
0	0
0	0
0	0
0	0
0	0
0	0
0	0
0	0
0	0
0	0
0	0
0	0
0	0
0	0
0	0
0	0
0	0
0	0
0	0
0	0
0	0
0	0
0	0
0	0
0	0
0	0
0	0
0	0
0	0
0	0
0	0
0	0
0	0
0	0
0	0
0	0
0	0
0	0
0	0
0	0
0	0
0	0
0	0
0	0
0	0
0	0
0	0
0	0
0	0
0	0
0	0
0	0
0	0
0	0
0	0
0	0
0	0
0	0
0	0
0	0
0	0
0	0
0	0
0	0
0	0
0	0
0	0
0	0
0	0
0	0
0	0
0	0
0	0
0	0
0	0
0	0
0	0
0	0
0	0
0	0
0	0
0	0
0	0
0	0
0	0
0	0
0	0
0	0
0	0
0	0
0	0
0	0
0	0
699.85	397.7
700.75	401.9
697.4	407.95
689.95	418.8
689.35	430.8
690.85	433.8
691.05	437.95
692.45	436.95
691.2	443.5
691.9	451.05
688.35	453.15
691.75	461.65
693.7	465
694	470.1
691.1	466.05
865.9	441.4
894.1	446.4
888.6	454.6
888.65	455.1
891.3	458.1
890	464.75
892.9	468.55
890.2	483
890.95	485.85
893.55	489
893.65	492.95
894.6	496.5
892.55	503.1
895.25	507.95
897.8	511
900.35	515.75
899.85	521.05
900.45	527.15
898.45	526.4
898.55	541.4
739.45	382.45
750.15	368.05
750.45	370.7
752.45	371.75
754.45	372.7
747.45	379.35
745.85	381.8
745.5	382.5
745	390.35
744.4	389
744.2	389.45
749.25	395.55
745.5	395.1
746.45	401.05
747.1	405.45
743.3	403.15
743.5	410.65
746.05	411.75
743.1	417.45
744.6	424.15
743.95	425.75
743.75	429.6
746.05	437.7
740.8	443.9
740.3	447.75
736.1	462.35
734.15	469.5
734.05	475
733.3	478.8
737.4	487.3
740.1	492.5
735.2	497.75
732.6	510.5
0	0
0	0
0	0
0	0
757.05	543.3
764.1	543.05
764.5	535.65
765.95	534.2
762.25	538.2
766.8	541.4
768.45	540.85
767.2	542.3
769.65	549.05
764.55	553.7
762.05	559.3
756.35	571.3
756	577.65
754.45	577.65
754.85	583.4
751.05	594.5
752.25	604.85
755.2	614.05
755.65	616.95
756.45	619.6
756.1	625.2
757.7	633.65
751.1	637.6
693.9	382.7
710.05	346.7
702	348.75
701.5	351.8
703.5	347.4
704.7	349.1
704.4	349.55
703.65	352.35
700.6	358.7
804	376.95
1062.3	405.85
1084.4	406.05
1090.25	414
1093.4	412.6
1095.85	423.95
1102	426.15
1103.15	430.05
1102.85	438.75
1101.5	446.55
1105.9	453.4
1109.35	456.1
1110.55	462.95
1116.15	467.95
1120.2	478.95
1125.2	480.3
1128	491.4
1129.4	499
1130.55	508.65
1128.65	518.9
1129.4	534.6
1136.5	540.65
1141.75	547.75
1149.25	557.05
1150	563.9
1154.65	572
1160.65	576.65
1165.55	582.85
1169.6	591.3
1167.6	599.6
1168.45	611.6
1170.15	623.5
1171.3	635
1173.7	648.55
940.45	560.3
780.4	324.3
762.75	324.2
760.25	324.7
755.55	337.05
756.15	335.5
760.8	337.6
758.3	345.15
755.2	352.85
752.9	365.9
752.05	375.8
750.5	377.85
751	382.85
751.55	390.15
749.5	394.05
748.6	396.95
750.8	403.3
750.1	411.4
749	416.4
747.25	422.75
748.7	428.15
748.5	430.65
749.45	437.35
750.2	440.3
756.05	436.1
756.25	439.7
756.65	443.55
757.65	452.95
774.45	555.85
772.05	535.25
775.4	540
775.5	542.55
775.45	551.5
784.55	516.4
782.75	520.35
784.45	530.6
791.15	530.25
791.2	532.45
794.15	537.3
791.55	541.4
792.1	554.5
791.1	562.65
797.3	567.85
795	579.2
802.55	577.05
807.8	579.55
805.55	584.7
808.4	586.2
811.65	592.25
810.9	597.85
816.1	598.5
819.05	604.3
824.75	605.85
828.05	615.9
822.9	623.25
825.1	628.4
828.5	631.95
827.15	639.95
830.75	646.9
831.6	654.45
834.9	662.35
839.15	662.4
833.45	679.2
832.65	689.25
833.95	698.65
0	0
0	0
0	0
0	0
0	0
0	0
0	0
0	0
0	0
0	0
0	0
846.6	433.85
841.55	443.9
842.75	447.4
849	450.75
854.25	449.35
851.65	462.65
857.9	453.65
858.05	460.05
858.2	465.45
850.9	476.45
853	483.35
854.55	485.55
857.9	486.15
836.9	487.5
499.35	428.05
509.15	426.5
511.45	427.6
508.9	432.2
506.65	436.35
504.7	441.55
505.85	442.35
769.55	324.75
868.9	238.2
868.45	244.35
868.05	254.85
864.8	255.25
871.1	257.5
866.15	256.3
873.8	256.85
867.95	258.4
871.45	261.75
873.3	269.25
877.8	267.05
882.45	259
883	254.45
879.85	259
881.1	264.15
879.75	267.75
886.65	268.5
887.05	268.85
886.15	272.05
887.45	278.15
892.55	285.6
890.55	292.9
891.2	299.55
889.6	303.2
892.4	312.55
892.95	312.7
891.25	314.75
895.15	324.45
900.85	328.6
902.05	331.9
904	335
904.2	342.15
910.3	344.85
912.1	345.85
915.1	351.1
917.7	353.65
916.35	360.2
916.3	357.85
921.75	352.15
917.4	358.4
921.95	363.9
923.85	371.05
923.9	371.8
931.1	376.55
932.75	383.1
929.15	385.95
937.55	397.2
933.35	401.1
935.35	406.9
938.45	410.55
943.2	410.1
949.3	407.75
950.05	410.05
941.95	503.85
944.75	500.85
949.8	509.8
950.25	515.45
956.5	517.35
959.4	519.8
960.5	525.3
959.35	536.95
961.3	537.95
963.25	542.8
968.9	546.35
975.85	548.1
975.9	552.85
981.6	562.75
986.35	566.45
990.75	570.35
990.05	584.05
991.6	593.2
996.15	592.45
996.2	597.3
1000.6	605.35
1005.7	611.75
1005.1	616.8
1010.1	621.4
1013.55	629.95
1018.25	637.75
1020.15	641.3
1028.5	653.45
1025.9	658
1022.1	674.35
1026.75	682.4
1027.8	686.85
1028.5	695.15
1040.9	696.55
1039.3	703.8
0	0
1011.25	488.9
1022	417.95
1027	408.45
1025.4	410.05
1025.3	413.85
1025.05	422.85
1031.05	424.5
1032.15	427.35
1031.95	430
1033.45	435.85
1026.8	428.75
562.15	462.55
552.55	472.8
550.05	474.2
549.3	483.95
548.85	476.4
549	477.7
547.95	477.9
550.15	472.2
548.9	471
548.4	469.65
547.4	472
548.1	471.9
549.45	475.05
552.35	476.05
550.55	484
547.3	485.2
544.8	482.05
545.25	481.85
546.65	485.55
550.95	485.7
547.1	486.9
549.05	486.7
547.1	490
545.95	493.45
548.45	488.25
546.5	487
545.9	484.6
544.3	491
543.35	491.2
420.85	529.1
388.4	570.05
391	576.15
391.65	579.25
392.2	580.05
391.3	579
393.7	580.85
388	579.2
390.7	581.45
385.7	580.6
386.7	587.75
385.75	585
385	582.25
383.25	583.9
381.5	583.45
380	583.75
381.4	581.25
382.35	588.8
377.95	589.85
377.75	591.45
370.75	591.8
372.3	588.9
366.8	590.3
364.45	593.3
358	587.7
354.4	589.9
351.5	590.75
348.35	601.65
572.45	582.45
578.3	560.15
564.5	561.15
561.5	558.25
560.85	556.55
557.45	557.45
553.9	560.75
585.6	347.8
597.75	343.5
589.1	348
585.7	347.5
579.7	349.2
574.8	346.75
571.55	351.9
568.6	343.15
562.5	345.65
561.65	343.5
552.45	341.1
543	346.9
539.2	352.75
530.85	352.55
526.05	360.6
499.95	494.8
0	0
0	0
0	0
461.65	470.3
463.2	472.95
466.45	470.95
462.3	472.4
457.7	471.55
452.8	467.95
448.05	473.85
444.85	468.7
441.45	460.9
442.45	466.25
435.7	474.7
431.65	472.4
432.05	474.4
427.45	475.3
425.6	473.05
430.35	465.3
429.95	469.3
283.9	474.65
256.65	465.1
250.8	466.1
244.3	463.95
241.3	461.75
246.65	475.35
0	0
0	0
0	0
0	0
622.75	429.6
623.3	427.25
625.45	425.4
626.85	415.35
628.35	419.6
626.3	413.3
627.9	417.05
630.2	417.7
630.1	416.5
735.05	308.35
755.3	310.6
758.4	311.45
756.5	316.25
760.35	319.45
761.75	313.5
758.5	322.5
756.1	323.35
750.25	330.6
751.55	334.1
758.6	329.75
753.35	328.05
759.05	339.05
755.8	336.65
757.6	338.2
760.9	325.3
759.85	317.05
757.85	336.1
759.65	335.4
762.25	328.95
514.2	424.65
487.5	411.1
492.65	402.6
491.05	408.3
491.8	403.9
491.7	402.25
496.95	406.55
493.55	404.9
495.1	394.4
733.85	361.4
748	357.25
749.45	351.5
754.6	354
755.85	349.55
767.15	346.6
763.15	355.85
761.25	358.1
755.95	374.35
761.25	351.35
757.75	364.2
758.9	367.25
760.95	357.95
762.15	354.25
764.7	350.3
765.85	352.25
763.15	351
761.35	353.95
756.7	364.25
757.5	361.65
759.95	362.05
753.85	360.75
749.6	358.75
749.45	358.3
750.65	354.2
749.45	360.75
751.1	357.15
753.45	352.85
749.1	353.55
741.65	358.55
739	365.7
736.5	363.25
727.35	364.7
721.7	366.8
717.85	372.35
709.1	370.8
708.6	366.9
708.2	367.15
706.65	375.1
695.2	384.5
692	380.3
687.85	381.05
683.1	380.85
677.3	375.55
674.3	366.8
670.5	363.5
665.95	365.55
661.15	364.65
651.65	366.85
649.5	366.55
641.85	361.9
638.55	366.6
632.25	363.85
623.7	369.95
951.85	388.85
957.45	385.75
948	379.6
943.05	377.35
0	0
0	0
0	0
640.85	386.5
638.25	380.8
628.75	387.05
622.9	392.9
626.25	395.85
615.55	393.4
609.2	391.95
608.65	387.2
603.7	391.05
719.85	390.2
730.7	386.2
720.35	385.55
713.2	380.4
711.55	389.1
701.85	384.15
699.45	376.7
692.65	368.8
684.1	372.15
679.05	371
673.2	376.65
668.7	374.55
665.6	364.4
666.45	361.05
673.15	314.15
666.7	318.2
662.2	318.3
661.6	316.45
657.6	313.95
655.3	310.7
652.15	305.65
649.45	304.25
641.15	307
642.2	311.55
635	310
628.5	311.95
630.25	309.15
631.35	317.15
625.55	314.25
624	306.9
616.55	308.45
613.25	309.95
609.05	309.55
605.65	307.05
601.9	309.4
604.5	311.45
601.4	307.65
595.45	307.35
592.8	308.15
587.6	307.8
585.3	308.3
579	306.4
574.4	309.2
573.25	306.8
565.5	310.55
560.3	307.85
542.3	343.8
0	0
0	0
0	0
0	0
927.1	465.15
926.85	454.45
921.55	454.7
915.3	453.35
913.25	454.35
910.05	452.3
897.9	450.15
900.1	441.4
897.6	445.45
891.35	455.15
889.3	451.2
876.85	451.4
873.15	444.2
853.5	432.3
831.7	320.35
822.6	321.1
820	325.8
807.1	329.45
798.45	337.1
792.95	336.1
785.55	341.3
782.15	339.5
780.95	328.25
769.35	336.2
763.7	333.9
757.9	334.8
749.7	334.55
748.7	330
739.35	332.5
736.85	329.2
722.45	331.2
719.25	331.35
716.5	325.95
704.4	328.75
697.3	324.95
691.1	324.7
679.7	327.7
670.8	323
669.9	323
662.6	323.9
653.2	325
647.65	325.75
640.65	317.85
637.15	317
631.3	319.65
623.35	320.3
616.5	319.2
972.7	401.35
1245.65	547.15
1232.15	535
1231.55	537.8
1232.2	538.85
1234.35	538.7
784.75	406.65
753.45	368.65
750.9	373.25
744.9	375.65
742.2	375.9
733.55	378.55
730.5	386.2
720.25	391.65
715.75	383.05
706.4	386.6
700.6	390.7
698.2	384.6
688.35	389.2
684.3	384.75
674.05	389.5
671.9	389.35
664.35	387.15
665.3	374.2
652.75	378.95
646.65	378.15
637.2	384.25
631.45	385.05
626.65	397.8
620	393.6
614.2	394.25
608.65	399.6
603.6	395.65
593.65	389.6
589.95	395
578.35	398.05
573.25	396
567.45	398.1
564.95	401.85
561.4	400.1
559.65	399.15
569.85	408.25
906	382.1
928.1	393.1
921.55	397.45
919.25	394.35
921.3	391.5
918.7	390.35
915.75	389.65
914.75	387.95
909.6	388.25
903.75	389.45
900.85	392.65
895.3	399.25
891.65	395.4
885.5	394.6
884.8	390.3
882.95	390.45
878.25	389.65
874.65	387.2
873.3	387.05
870.6	384.2
866.5	384.7
867.1	383.8
867.2	380.1
867.8	380.7
865.4	378.85
866.1	378.5
658.15	263.25
736.55	263
738.45	262.95
737.55	260.35
734.05	260.55
733.15	263.6
731.6	265.05
728.65	261
731	260.55
729.9	259.45
728.9	262.05
728.35	263.25
726.45	254.05
727.25	257.65
726.05	259.6
723.25	262.15
723.7	265
725.8	264.8
723.65	260.45
724.7	263.7
724.85	264.75
720.5	268.6
715.75	266.5
720.6	268.3
718.4	268.85
718.25	267.2
718.8	270.45
717.9	267.05
715.3	269.95
713.4	269.35
710.55	271.9
396.75	451.25
400.85	483.55
398.2	481.65
395.45	483.6
399.05	488.9
396.2	487.35
399.4	482.05
393.4	482.45
388.4	485.45
393.35	484
394.85	488.35
393.7	482.15
394.8	489.95
397.9	494.35
393.9	490.6
392.7	490.7
393.95	483.65
392.65	483.3
391.5	487.7
392.35	487.6
392.05	490.2
396.8	491.55
392.45	488.95
393.65	490.25
396.8	486.6
397.95	486.8
400.3	485.95
399.25	486.6
400.5	481.4
764.9	391.05
768	382.35
766.75	377.35
763.45	381.15
764.85	388.65
768.6	384.95
766.05	386.75
768.5	383.7
762.65	378.05
761.05	377.95
759.75	378.35
756.95	384.7
757.1	384.45
758.95	382.2
763.9	378.8
761	379.3
757.3	378.7
755.05	385.45
748.9	384.5
752.75	388.85
750.65	386.95
752.4	385.25
750.45	385.3
750.15	383.7
752.75	385.85
751.3	388.05
749.7	386.6
749.95	383.15
752.6	382.55
756.05	382.35
748.75	386.75
753.45	391.15
753.8	383.2
756.65	381.45
757.5	378.15
751.85	378.95
750.85	379.9
751.15	380.45
747.15	382.55
751.25	380.2
751.5	374.9
751.8	374.85
750.55	375.15
744.95	375.5
747.7	377.75
742.95	381.15
744.2	376.85
744.75	376.5
741.9	376.25
740.25	378.05
738.5	378.05
740.65	372.65
741.6	374.5
739.05	376.05
739.45	374.05
741	377.75
734.2	378.9
736.05	376.5
737.4	378.25
739.35	379.35
738.25	382.7
736	383.4
739.85	384.6
741.65	390.7
738	385.45
735.25	388
733.7	388.45
730.8	390.05
731.95	394.15
736.9	389.95
736.05	391.5
737.45	393.2
733.35	389.2
733.1	390.7
727.4	389.95
729.05	397.85
727.9	395
730.65	392.05
725.4	391.45
728.75	396.25
726.7	396.05
724.5	397.25
724.2	401.2
723.6	402.95
724.25	405.7
724.9	403.25
723.65	406.1
723.25	405.45
726.15	402.85
718.6	404.05
722.3	402.55
727.05	397.5
724.5	402.15
724.65	400.55
692.25	398.5
427.5	498.3
423.15	496.65
418.8	497.55
420.35	490.8
421.55	488.9
424.45	489.8
426.4	488.2
427.15	493.6
424.2	490
425.65	492.6
425.4	488.85
429.15	485.9
423.4	483.75
422.7	486.65
422.75	482.1
425.15	483.8
423.95	482.8
700.9	338.45
717.6	337.45
715.3	337.85
716.4	334.75
715.25	333.95
718.95	332.55
716.2	336.45
716.35	340.6
711.75	337.8
716.35	334.65
714.65	335.3
715.2	334.25
713.3	335.3
713.05	333.2
714.4	333.65
714.2	339.35
706.75	338.1
710.65	337.45
708.6	333.6
708.35	337.05
706.85	336.15
707.6	336.85
705.65	335.35
707.75	338.7
703.6	339
702.9	341.3
704.5	341.15
706.35	338.25
705.05	339.3
706.4	342.05
702.85	336.25
702.55	337.4
703.4	338.3
701.1	335.35
701.9	336.8
698	335.3
697.4	337.25
695.65	333
695.45	337.65
693.65	339.5
692.45	339.45
693.55	339
693.4	336.4
694.25	339.15
691.45	331.65
689.95	339.4
688.2	341
688.7	343.05
688.2	340.6
688.55	338
690.2	336.6
691.4	335.15
685.5	338.7
683.7	339.15
682.35	337.65
683.1	338
681.2	337.55
680.75	337.5
676.55	336.3
679.35	337.75
680.15	332.7
674.05	335.4
673.3	340.65
675.3	343.3
672.8	346.65
671.9	349.15
669.7	345.3
672.25	350.55
667.9	353.85
663.4	355.55
662.4	354.2
661.1	353.5
663.55	350.1
658.85	351
663.95	355.05
659.8	357.05
661.6	354.95
662.35	354.1
666.75	355.15
665.8	349.35
664.55	349.8
665.2	349.2
664	347.65
663.3	348.65
664.2	348.7
663.5	350.4
668.1	352.8
669.5	345.55
669.1	349.45
667.4	352.8
669.05	351.15
666.1	349.95
668.3	354.5
670.3	355.25
668.3	360.55
672	361.9
668.7	361.55
670	361.4
665.45	360.95
664.7	355.05
664.05	348.3
663.7	356.1
664.2	353.6
664.9	354.1
658.75	346.2
659.25	344.35
658.6	345.5
661.35	344.3
664.2	351.25
658.3	352.6
657.4	347.45
657.35	350.65
657.45	355.85
659.45	357.95
660.2	354.85
654.95	355
655.5	362.75
652.35	357.4
656.35	353.95
654.75	352.65
653.55	354.2
656.4	352.3
657.05	348.8
658.75	349
657.3	347.55
654.45	343.8
649.5	349.5
648.6	346.85
650.6	351.2
653.75	346.25
659.8	342.3
657.1	342.6
657.1	346.45
651.7	341.25
652.8	341.7
652.4	342.45
653.4	343.25
655.6	339.15
655.1	341.45
655.25	340.15
655.95	338.4
656.95	341.05
657.55	344.35
658.65	344.4
659	348.05
654.75	345.65
656.35	348.95
656.15	348.45
657.65	351.95
660.3	348.55
658.8	348.5
661.9	345.4
662	345.6
658.6	347.9
660.7	347
664.75	338.9
660.6	335.85
662.8	343.35
663	339.85
666	339.05
666.85	337.9
663.3	338
664.05	338.15
665.9	335.55
666.7	332.7
665.85	338.1
666.45	337.2
665.95	336.5
669.5	336.25
667.5	336.7
668.25	338.3
666.7	337.8
664.5	341.95
667.15	337.7
668.6	332.8
666.55	337.35
696.9	338.5
897.6	286.55
912.6	289.2
915.65	288.45
914.85	285
915.95	286.4
909.85	289.2
910.45	288.65
911.85	289.65
913.9	285.4
910.7	285.6
903.35	283.75
901.35	277.6
908.95	270.5
901.85	280.8
898.95	280.95
902.75	279.65
902	282.9
634.15	466.7
0	0
0	0
0	0
665	315.75
663.6	317.1
662.1	320.7
663.95	325.05
665	323.55
666.3	316.15
663.3	313.3
664.15	314.65
662.4	312.15
660.65	318.8
666.3	319.7
663.4	320.45
662.5	322.7
661.15	322.8
659.75	320.45
656.75	318.05
658.2	313.65
657.85	315.8
660	314.3
654.9	317.5
657.8	319.1
658.4	318.65
655.9	314.25
656	315.05
656.75	318.45
659	319.9
661.85	321.15
660.55	319.5
660.85	318.05
660.05	317.8
662.25	321
657.75	321.5
659.3	318.65
659.95	320.2
657.6	352.75
0	0
0	0
0	0
911	299.45
909.3	301
910.15	290.75
911.15	292.3
915.3	291.15
911.9	289.55
912.3	290.65
912.25	293.4
905	292.8
907.25	294.35
904.5	293.3
904.7	294.6
900.55	294.05
900.2	298.6
896	296.15
895.1	301.2
897.2	299.85
894.65	301.2
896.65	301.75
897	306.85
893.45	309.25
892.85	311.25
888.85	314.5
891.1	312.05
890.85	300.7
530.25	365
526.7	365.85
527.7	362.3
526.1	361.1
522.25	357.5
522.65	354.7
525.6	358.3
529	356.7
528.45	355.55
527.4	357.55
525.45	361.4
526.45	359.15
527.55	360.4
528.9	365.55
529.45	365.5
532.35	368.75
529.35	372.8
532.25	372.35
529.5	375.95
526.3	376.6
525.15	374.85
525.5	377.7
524.35	381.1
521.9	376.3
524.1	385.5
528.4	391.35
527.7	388.7
532.65	386.8
532.85	384.8
529.45	376.65
525.65	380.25
526.5	378
526	383.65
525.75	380.2
528.85	385.9
524.45	381
524.2	383.8
522.25	383.85
523.25	376.4
522.2	380.65
522.1	376.45
518.95	376.55
520.55	373.8
515.5	372.6
517.5	370.3
519.35	367.65
515.1	372.3
515.95	371.9
515.65	374.05
519.05	373.95
515.1	376.15
514.05	370.25
407.55	330.15
397.55	326.55
396.9	328.7
400.25	330.5
399.2	336.7
397.4	335.9
401.05	339.4
400.3	335
402.35	336.85
400.25	335.4
401.65	336.85
401.35	340.65
400.45	343.05
400.3	348.15
402.6	349.4
400.95	352.2
400.5	355.65
403.25	353.1
396.7	357.55
147.45	349.2
147.7	350.35
150.1	351.5
150.55	342.1
146.2	341.85
148.25	345.3
148.15	344.8
143.35	344.05
144.25	342.95
148.2	339.6
202.7	336.35
523.6	395.1
527.95	396.7
526.9	398.25
526.5	397.05
522.4	397.2
528.9	394.35
531.4	393.35
530.35	392.4
527.05	396.75
531.7	397.55
531.1	394.1
528.9	393.35
531.65	392.15
529.2	385.9
531.45	389.95
320.95	340.85
304.8	335.3
305.15	332.55
299.7	329.7
300.1	328.5
300.2	324.35
296.5	326.1
299.35	326.4
297.35	330.05
293.35	325.6
298.55	326.5
293.45	323.4
294.2	322.7
410.3	215.65
445.95	192.4
446.95	191.95
445.95	189.4
447.5	187.85
445.45	188.7
446.95	185.8
443.1	185.05
442.95	189.3
443.5	190.65
442.35	193.1
442.7	193.95
442.6	194
442.5	196.75
440	198.6
706.5	548.75
715.15	545
713.65	537.7
709.65	536.65
716.15	540.2
720.65	539.4
720.2	537.9
585.95	397.6
566.05	385
570.35	393.45
575.1	398.8
580.1	396.8
581.85	391.6
583.4	392.95
584.85	391.4
588.9	390.95
592.35	395.05
605.15	393.75
609.8	392.4
609.7	400.9
270.9	342.9
274.85	343.2
277.8	353
279.5	355.35
286.15	358.05
291.35	357.6
295	359.4
305.45	359.45
311	358
316.25	358.1
318.9	356.8
322.45	356.55
328.5	353.55
337.65	353.8
343.7	352.85
346.5	352.05
358.1	356.7
366.2	360.15
369	356.95
372.25	351.05
376.3	343.75
382.1	344.5
389.8	344.1
389.9	343.15
395.1	343.15
403.4	349.4
409.15	349
411.65	350.95
414.7	351.25
416.7	348.85
420.25	347.9
426.35	350.25
428.95	348.5
436.2	349.75
439.1	352.95
447.2	353.85
453.9	356.9
458.9	360.95
462.2	362.2
466.3	365.7
472.4	366.1
472.65	368.9
478.25	368.05
485.3	368.15
493.55	371.25
496.05	371.35
496	370.05
498	372.75
507.05	371.7
509.95	378.3
515.5	368.8
517.3	371
521.55	372.15
522.3	378.1
533.3	383.4
533.1	383.3
540.05	388.2
541.95	380.5
543.95	380.1
549.9	381.5
553.3	378.65
561.05	381
563.85	376.65
569.1	380.6
572.6	382.75
574.45	381.1
301.55	452.1
300.7	452.3
305.4	447.95
313.5	455.35
320.1	456.15
326.6	455
335.3	459
341.9	466
346.35	466.8
355.6	463.25
356.25	462.75
360.4	465.25
370.9	468.55
371.3	467.8
375.3	465.5
380.35	464.75
386.2	467.05
392.75	472.1
686	491.95
731	485.6
734.75	489.6
744.75	487.4
749.15	485.25
756.35	487
758.5	486.85
764.75	494.65
765.85	493.55
771.2	493.25
426	397.1
335.55	383
343.45	376.3
348.4	375.05
349.7	381.25
357.8	379
360.85	381.3
371.4	381.9
380.4	387.75
386.1	383.6
387.35	381.95
390.35	385.8
447.75	681.9
0	0
0	0
0	0
702.35	522.45
698.65	522.45
701.55	515.75
711	503.1
711.6	503.35
717.5	505.6
725.1	506.65
730.6	509.45
737.15	509.05
740.7	511.7
748.75	510.2
752.65	510.75
757.25	510.25
761.05	511.7
768.2	513.15
777.6	510.45
585.4	625.65
559.45	612.45
571	612.55
568.65	618.95
577.9	615.35
582.65	617.25
588.3	617
596.95	619.15
606.15	626.6
614.25	624.6
620.05	625.1
627.45	626.25
634.45	629.2
643.6	631.25
652.15	628.4
659.15	627.85
480.75	516.3
493.15	513.5
496.15	511.15
501.55	507.85
505.35	505.75
509.95	502.65
514.35	506.65
516.1	507.6
523.85	506.4
529.1	500.5
533.2	502.05
538.15	507.85
544.45	507.75
544.7	505.5
553.3	504.15
558.1	504.95
562.2	493.7
571.6	495.75
579.3	494.95
579.85	493.8
583.85	494.7
589.7	500.7
595.05	503.25
597.6	503.55
606.45	500.55
609.05	499.65
617.55	501.5
620.45	501.6
630.4	506.3
639.05	504.8
637.45	509.6
642.7	512.4
649.1	512.3
652.2	517.55
661.4	511.9
668.2	512.95
676.4	509.4
683.7	502.05
683.5	498.75
689.3	495.55
693.45	496.25
703.25	501.2
707.3	493
711.85	499.95
713.5	508.4
715.85	507.65
719.3	508.55
721.75	505.4
726.65	503.6
727.55	500.45
730.55	499.35
734.65	496.35
737.1	501.2
740.5	497.35
736.65	497.95
745.85	491.5
751.7	492.35
752.85	496
746.8	499.4
751.6	499.05
756.55	504.3
757.6	501.75
760.35	507.4
767.5	510.45
764.25	509.05
766	510.8
766.65	510.9
772.4	516.25
776.6	514.5
776.85	510.5
781.1	514.15
779.85	513
781.65	514.8
784.75	510.25
787.75	512.75
789.75	513.8
792.25	517.15
797.4	512.65
790.8	514.6
590.85	471.9
495.25	402
498.55	402.7
500.65	400.8
506.2	400.15
509.05	401.45
509.05	405
510.55	404.8
514.9	404.05
522.05	400.75
522.1	399.85
527.4	401.5
531.75	397.95
529.15	397
535.2	398.6
533.85	400.65
536.85	396.05
537.35	396.4
541.35	399
545.25	400.85
549.45	406.95
511.35	284
518.4	281.65
521.65	287.9
522.65	284.3
524.45	291.1
524.3	291.3
527	288.1
530.1	281.4
532.85	280.9
534	276.85
532.05	276.8
536.05	279.3
538.55	278.85
537	276.35
537.6	276.4
539.65	270.35
541.05	266.75
544.9	270.55
544.55	272.2
545.7	270
543.5	270.05
547.05	269.75
550.45	279.2
553.15	277.8
549.85	273.5
800.95	415.5
821.85	405.1
825.25	404.45
828.15	405.15
827.95	410.15
832.2	409.8
838.2	414.15
832.2	415.6
833.4	412.55
831.8	409.2
832.75	413.25
832.65	418.5
836	416.15
839.5	420.85
840.9	418.45
841.7	415.3
844.45	414.8
840.6	417.35
841.8	419.6
843.2	421.65
841.85	415.95
839.15	422.15
846.05	422.15
847.2	422
844.85	422.5
847.15	414.95
605.85	340.6
559.95	302.85
555.7	302.2
553.5	302.55
552.45	305.1
550.65	298.3
551.1	297.8
548.9	298.85
549	298.45
548.05	299.8
548.65	295.75
546.6	295.7
550.35	297.55
549.95	298.6
547.05	296.6
547	294.75
547.05	297.7
547.75	293.65
548.7	293.15
546.5	297.45
544.9	294.65
545.2	297.45
548.1	301.45
810.25	433.35
830.55	446.8
831.4	451
837.6	447.9
833.4	446
830.2	448.5
829.6	450.6
834.55	453
833.1	453.4
826.4	456.85
835.8	454.1
831.1	466.25
0	0
0	0
0	0
0	0
0	0
697.65	406.4
698.7	406.7
698.8	411.8
697.95	411.5
697.9	408.05
695.35	406.9
695.95	404.05
694.55	407.35
694.35	407.25
698.55	408.8
496.9	339.7
505.95	346.95
511.45	346.75
510.5	356.2
511.7	357.75
507.6	354.35
509.65	353.75
507.9	345.4
511.55	336.05
828	367
813.9	368.85
815.55	365.25
816.4	356.8
816.85	354.25
816.1	354.9
815.6	367.05
816.85	367.25
818.05	361.6
816.8	361.45
820.1	361.35
819	356.45
819.15	356.8
819.35	358.8
814.6	363.9
809.6	364.8
807.15	368
807.9	372.35
807.15	368.35
809.45	364.35
806.55	367.35
620.05	430.5
674.65	448.5
675.2	439.9
670.85	439.8
665.5	428.65
665.6	430.2
664.4	436.7
661.3	436.45
669.35	436.7
671.2	431.3
674.45	437.9
664.15	447.5
230.05	452.65
227.85	452.9
223.55	455.75
223.6	458.3
227	453.95
224.9	457.85
292.55	456.3
809.9	413.6
844.9	419.2
843.95	419.3
847	420.3
845.45	418.1
841.35	421.7
838	421.7
834.3	417.4
838.1	413.75
836.35	422.85
834	425.2
834.1	424
619.5	332.85
584.25	332.8
584.85	334.4
586.05	337.45
583.1	334.6
587.4	336.65
581.85	336.3
586.15	341.75
587.6	336.95
587.6	340.65
585.6	340.75
585.6	342.4
587.1	341.85
587.7	346.2
619.3	189.55
631.45	136.15
629.4	135.8
631.05	135.85
632.45	135.7
630.75	139.7
619.95	242
0	0
0	0
0	0
0	0
668.2	506.15
671.9	509.15
671.05	508.1
671.1	504.05
669.2	501.5
666.7	504.35
665.95	504.75
673.7	500.9
668.8	512.25
607.35	398.75
608.95	385.85
608.3	383.35
607.5	384.95
610.35	391.8
609.25	392.5
609.9	392.5
610.85	391.4
612.9	393.65
610.65	391.1
613.4	392.65
615.1	394.8
615	397.75
616.7	397.1
619.1	401.2
621.9	399.75
621.9	395.55
619.95	393.8
615.35	397.55
619.15	386.15
620	390.2
618.7	391.2
614.3	395.9
614.45	394.45
616.95	392.75
615.4	394.3
615.8	388.55
616.05	389.55
612.95	387.85
614.05	392.5
616.35	394.85
618.65	396.5
618.65	397.75
615.7	397
612.3	395.15
611	396.55
609.95	396.8
608	395.25
607.9	397.2
609.65	397.05
614.75	401.35
616.65	404.6
618.45	398.85
618.65	398.5
609.1	400.3
607.05	405.9
605.85	404.95
608.3	401.65
613.45	400
614.05	402.8
612.4	400.55
611.85	394.05
616.1	394.75
614.95	398.6
614.15	396.9
617.1	397.75
614.95	391.35
615.15	389.75
616.85	390.65
617.9	389.05
615.45	391.05
616.65	388.75
616.85	395.25
614.85	394.55
618.55	394.45
617.85	392.95
327.2	352
324.8	346.95
323.2	351.95
321.35	345.35
324.25	345.8
330.15	348.5
329.2	352.6
332.6	358
334.4	357.65
334.8	353.85
334.25	354.4
336.55	359.25
340.3	370.55
337.45	369.85
339.95	373.45
340.8	374.8
339.2	368.9
341	361.15
341.15	366.95
339.4	364
340.55	373.15
342.15	371.7
341.05	366.1
343	366.9
343.35	363.6
340.65	361.4
343.5	360.55
340.55	362.5
345.1	361.6
345.15	364.95
351.95	368.55
798.8	363.5
803.15	357.25
801.4	358.75
805.55	355.95
803.25	359.2
804.45	363
807.1	358.4
809.75	356.85
733.85	241.75
733.75	242.35
730	241.8
732.25	243.6
735.6	242.95
735.65	244.1
733.9	247.85
733.9	248.9
729.25	245.5
714.95	300.05
714.4	306.5
714.75	304.6
715.05	304.3
717.3	305.4
715.25	302.6
717.85	301.5
716.9	306.75
719.5	309.85
723.2	308.5
722.9	316.95
723.1	319.5
724.8	315.35
721.5	318.35
724.05	300.05
723.7	295.15
722.6	295.25
723.75	294.65
724.5	296.6
724.85	296.5
749.8	228.95
751.15	229.35
752.3	229.6
751.9	227.05
746.3	227.3
746.95	228.55
742.8	220.2
741.6	217.35
744.2	220.15
740.5	220.2
743.75	224.3
745	227.8
744.15	229.35
741.35	226.7
743.45	227.15
741.9	225.5
737.75	229.8
739.9	218.45
738.05	219.25
737.85	221.45
738.15	227.4
737.9	223.1
742	222
740.4	223
738.4	229.6
735.25	224.3
742.95	221.5
740.3	225.2
736.2	227.1
737.1	228.8
731.15	240.55
0	0
0	0
0	0
0	0
740.7	325.25
746.45	336.85
742.65	340.7
743.55	333.05
741.6	329.05
745	324.2
740.1	323.5
740.05	323
741.15	330.4
739.4	335.65
742.2	335.25
742.65	331.2
741.65	332.6
737.9	327.4
744.15	332.1
736.05	334.5
737.15	335.85
818.2	343.3
969.6	336.25
971.75	341.75
973.95	343.05
975.6	339.85
971.1	342.35
970.05	342.5
922.75	343.1
671.75	308.55
667.8	316
669.8	317.65
671.15	316.15
673	310.15
668.7	315.55
670.65	315.25
606.8	638.75
0	0
0	0
0	0
0	0
0	0
686.15	380.5
681.7	386.4
676.85	396
673.15	395.4
673.65	388.1
677.1	388.45
674.05	389.6
717.2	222.55
741.2	244.1
740.15	243.4
739.9	244.2
735.85	249.95
736.9	252.3
741	250.65
740.25	245.7
739.9	242.7
736	244.7
739.05	241.65
731.55	244.55
737.4	243.9
738.85	241.9
734.9	240.15
734.65	237.15
738.05	238.15
736.95	234.15
735.95	227.25
731.8	234.45
735.6	229.9
732.75	231.75
733.1	228.35
732.2	229.85
735.55	226.35
731	227.5
728.95	228.5
737.3	227.95
729.3	244.75
0	0
0	0
0	0
705.25	313.8
717.1	309.3
715.3	300.95
719	303.25
719.15	304.4
719	308.45
718.8	308.55
718.25	304.5
719.25	301.95
718	314.3
720.05	314.65
716.45	304.85
713.4	302.8
711.85	303.55
710.05	309.1
712.35	311.2
708.5	315.45
708.5	314.1
711.5	310.75
712.95	308.7
708.4	306.1
657.4	312.3
355.35	443.65
357.9	449.75
354.75	446.95
351.45	448.45
348.7	443.75
349.7	447.65
347.75	445.25
346.1	444
346.15	439.7
345	438.1
344.85	433.55
418.15	453.1
845.65	411.1
870.8	412.2
870.6	418
873.1	407.9
873.9	401.85
878.25	400.35
873.65	405.55
869.2	410.75
872.9	411.85
870.15	409.7
870.1	405.6
872.35	401.2
873.55	395.25
609	307.95
640.4	327.25
636.55	326.45
637.35	317.65
635.4	327.7
634.5	327.8
632	329.2
631.65	330.55
634.3	328.6
635.55	332.85
635.3	323.3
635.75	324.65
637	323.1
636.7	320.7
637.8	321.3
634.55	319.25
636.3	319.3
635.35	314.15
818.65	363.55
835.7	355.1
835.85	354.35
834.45	354.45
835.85	357.3
833.05	358.25
828.05	363.35
827.95	358.85
829	360
832.1	357.85
827.25	357.2
827.75	357.85
829	359.8
822.05	363.85
824.75	367.1
577.35	380.05
557.1	376.7
555.05	387.9
553.45	391.75
556.2	389.7
556.5	391.25
557.15	389.2
552	393.4
543.45	393.25
306.75	400.5
305.8	399.55
303.55	398.7
307.25	403
308.2	413
306.55	416.5
306	417.85
303.55	412.65
301.2	412.75
301.2	410.85
647.2	342.4
711.55	334
711.2	339.25
716	337.7
716.85	340.05
716.7	344.6
716	342.1
717.3	345
713	342.55
715.2	343.4
715.25	341.8
717.5	342.8
717.2	340.75
716.15	343.95
711.55	343.2
717.35	336.25
716.8	333.85
719.2	328.2
717.45	321.95
721.7	323.95
718.2	330
718.8	335.55
716.05	330.85
796.9	365.95
986.8	422.3
973.4	445.25
978.85	447.35
973.4	455.8
975.75	456.9
978.1	459.65
979.15	459.4
715.05	341.85
722.45	319.45
717.9	317.5
724.7	311.9
718.85	308.4
716.65	304.75
714.8	308.4
715	308.7
716.9	310.15
718.7	308.45
716.25	309.75
718.95	311.45
715.45	313.4
930.9	401.15
978.6	407.9
909.2	525.5
872.05	553.55
876.5	527.4
873.95	523
868.55	529.7
865.85	533.55
869.2	536.4
630.4	444.45
597.25	411.45
611.25	416.9
606.95	421
609.45	417.05
604	419.55
718.65	279.4
749.75	271.3
751.15	271.9
751.3	276.65
749.45	275.7
749.7	276.5
749.3	272.75
748.75	273.85
749.45	276.25
750	279.45
750.05	283.9
752.65	284.25
750.35	286.45
751.15	290.45
749.3	296.65
632.75	210.9
673.2	200.4
673.9	202.85
675.3	204.4
672.45	205.25
672.35	201.2
672.9	197.75
669.7	199.2
666.6	202.6
670	203.5
674.9	210.15
675	210.7
670.25	215
674.35	211.2
678.4	214.55
681.65	214.15
684.15	216.75
682.1	219.3
680.85	220.1
681.85	221.85
681.9	220.9
687.05	221.7
687.45	220.85
687.3	220.05
684.9	223.25
686.4	221.4
687.75	222.55
691.8	224.8
694.15	223.85
695.95	227.25
696.15	224
697.05	228.1
705.55	229.85
703.4	234.65
706.3	232.75
708.45	232.8
706.4	230.7
705.4	235.8
711.7	236.1
709.25	234.7
710.05	237.8
713.45	235.6
714.45	236.05
715.8	240.85
716.1	238.2
715.3	242.85
714.5	242.65
713.45	244.75
711.3	244.55
710.05	246.95
713	245.85
712.75	247.5
830.75	352.55
838	374.15
837.55	376.3
835.9	378.75
836	374.95
837.3	374.85
839	380.25
841.8	374.25
836.1	389.05
836.7	386.3
831.3	387.75
661.95	353.65
661.7	354.9
664.65	352.65
663.2	352.7
660.55	356.2
659.65	358.25
658.9	361.7
658.7	364.3
656.4	364
857.95	346.4
776.35	353.6
744	386.75
707.35	362.4
743	348.3
837.8	345.35
