687.2	306
692.25	308.6
690.95	310.1
691.55	310.65
698.2	315.9
698.4	314.15
699.05	314.95
696	316.35
698.6	315.7
697.5	312.25
697.3	310.6
698.1	314
697.45	314.65
701.45	312.5
701.45	312.75
701.3	314.75
700.2	317.05
858.75	629.8
0	0
0	0
0	0
0	0
0	0
603.45	143.15
603.35	143.3
603.7	141.05
604.9	140.55
584.7	342.7
0	0
0	0
0	0
0	0
0	0
0	0
580.45	95.9
577.7	106.5
577.65	113.45
569.6	111.9
569.1	110.05
570.6	108.95
569	112.45
568.05	111.7
567.9	114.25
567.3	115.8
568.2	119.2
511.25	126.9
516.1	127.5
514.45	129.2
513.45	127.8
510.6	129.6
512.9	128.45
515	132.55
514.1	130.7
514.2	129.15
515.75	130
513.05	135.25
511.7	138.35
515.15	139.35
512.7	142.25
508.95	147.15
515.15	150.5
623	192.4
618.25	192.2
618	189.2
618.9	188.9
615.15	189.65
612.7	189.85
613.55	193.2
698.4	296.35
726.8	420.55
726	416.55
725.55	416.65
726.05	415.05
726.2	414.85
727.85	413.7
728.45	414.7
730.1	414.05
730.8	412.1
733.15	413.55
734.95	415.8
545.35	195.6
557.05	203.25
554.5	204.75
554.6	206.35
555	204.65
555.75	198.4
556.35	194.35
554.75	194.15
559.35	201.2
0	0
0	0
561.95	202.3
560.8	197.5
562.5	202.55
563.95	208.4
562.6	204.05
563.45	202.85
565.05	202.6
563.15	203.35
565.1	211.15
564.9	209.85
563.35	211.35
560.15	207.3
560.65	206.85
561.6	209.95
561.95	211.95
560.45	205.25
562.25	206.5
561.65	213.8
561.8	214.5
562.7	213
559.95	220.65
561.6	220.55
556.95	222.15
560.75	225.25
564.5	227.75
560.2	220.4
561.95	223.85
561.05	225.85
560.7	217.75
562.25	213.75
562.85	220.45
563.95	225.85
566.3	220.25
564.85	217.9
565.9	221.4
565.65	221.9
570.15	221.35
567.8	227.85
567.9	217.4
569.75	230
569.95	223.9
571.4	226.35
566.65	220.8
567.1	228
566.45	230.3
566	235.3
570.4	235.9
571.8	230.05
571.75	232.35
572.75	232.7
573.95	227.05
577.15	231.4
577.9	229.65
573.2	228.4
577.35	232.3
579.45	231.3
579.45	233.65
579.45	235.25
579.25	227.65
580.25	228.95
577.1	234.95
579.55	229.25
576.65	227.55
578.05	232.5
576.1	226.4
576.65	228.25
576.55	224.35
576	224.45
575.2	228.85
580.6	226.95
580.5	223.3
578.55	231.35
577.55	221.55
575	231.55
578.75	232
577.85	225.7
578	229.2
578.2	222.05
572.85	222.6
577.1	230
572.7	232
577.3	230.55
575.8	227.2
574.55	228.65
574.4	236.95
571.8	228.65
574.15	235.3
573.85	235.15
573.3	222.7
571.2	244
0	0
0	0
0	0
0	0
0	0
0	0
561.95	144.2
557.15	137.9
555.6	133.55
555.4	138.25
555.2	135.65
548.8	166.9
0	0
0	0
0	0
0	0
576.45	83.25
575.1	78.55
572.95	84.45
574.6	85.95
571.2	89.05
570.65	90.15
570.7	89.7
568.15	92.9
568.2	92.15
566.35	90.4
563	90.65
562.55	91.6
582.25	105.25
864	362.55
830.45	360.8
833	364.35
831.15	363.9
828.5	365.65
824.85	368.8
821.7	370.45
825.3	372.15
824.4	365
823.05	360.55
819.9	365.8
816.5	361.3
818.85	368.9
819.1	370.55
817.85	360.6
817.75	364.7
818.75	364.25
814.05	357.15
812.05	359.75
812.2	365.35
814.35	359.25
811.1	358.4
810	357.65
816.55	364.4
814.75	360.55
817.4	362.25
811	359.85
810.55	362.35
811.5	356.25
811.5	354.75
809.9	356.45
805.85	356.45
809.85	362.3
805.1	354.7
803.75	358.3
804.45	359.55
806.05	356.3
801.5	360.05
802.45	354.65
800.85	355
800.15	357
805.25	354.95
808.55	351.9
802.5	348.35
807.6	357.85
806.75	350.05
806.75	350.4
807.5	350.25
805.95	345.2
807.2	344.95
806.75	349.7
804.65	342.8
796.7	347.1
804.9	353.75
803.6	347.7
800.8	351.15
802.65	349.45
804.15	341.85
801.7	352.5
799.85	346.7
799.5	349.7
800.75	345.85
800.6	345.35
793.5	349.2
798.8	344.2
795.65	341.15
792.55	346.35
794.75	344.3
800.95	350.55
800.65	341.65
805.05	351.9
799	414.9
0	0
0	0
0	0
0	0
0	0
0	0
0	0
729.7	210.8
724.9	202.85
725.6	205.25
723.85	204.4
725	209.25
725.75	209.15
727.45	214.9
728.05	211.2
725.3	210.5
724.4	202.55
725.3	208.05
728.65	216.2
727.1	211.2
729.1	215.85
726.4	214.85
728.85	227.4
728.1	227.9
726	222.7
723.9	228.8
723.75	230.25
729.75	237.35
727.1	236.8
722.9	230
721.7	232.2
719.25	243.7
724	240.6
719.5	245.9
718.7	248.4
716.2	252.15
719.95	255
720.1	252.5
719	255.2
719.55	256.2
715	258.85
713.6	249.85
717.55	255.9
719.25	258.15
718.2	260.4
718.35	260.2
710.5	256.95
711.45	262.35
712.55	264
711.35	256.4
714.65	264.25
705.9	260.5
706.4	255.7
708.85	260.95
710.3	260.05
710.15	266
710.8	268.8
710.4	256.7
713.65	261.3
714	263.5
716.9	250.4
714.1	251.85
716.45	255.55
713.05	253
711.65	253.65
711.75	254.05
714.95	256.9
707.35	257.35
706.2	260.2
711.25	266.25
705.35	270.55
704.95	263.4
704.4	261.15
700.2	256.65
704.1	256.75
707.8	256.1
703	250.9
701.45	249.45
703.15	250.3
702.95	244.3
701.1	244.75
704.4	247.5
700.95	248.55
699.9	252.2
702.55	250.3
707	247.85
703.6	247.65
702.45	252.2
705.7	252.45
704.95	249.8
701.3	250.5
702.55	251.25
705.7	252.35
699.9	258.1
701.75	252.15
702.15	251.15
703.95	250.55
703.35	258.8
703.85	255.8
704.8	257
705.8	260.85
702.65	261.25
704.55	261.05
705.9	258.9
704.2	262.4
703.2	260.55
699.5	259.15
699.85	258.2
698	259.45
697.8	259.2
698.8	259.8
698.2	259.6
696.55	262.2
696.85	265.15
697.35	265.6
697.65	265.3
699.2	261.9
700.45	261.3
698.75	264.35
699.75	262.75
699.3	262.35
699.6	264
696.35	266.55
699.05	265.6
700.3	266.45
699.85	264.55
698.75	265.3
699.85	278.25
0	0
0	0
0	0
0	0
674.2	386.8
671.15	380.75
672.85	379.55
671.1	378.65
671.9	379.3
672.45	380.65
670.1	376.95
668.05	374.45
668.7	374.65
668.05	376.2
665.6	373.15
664.75	371.7
664.3	370.8
664.05	372.15
665.65	375.75
666	372.9
668.5	374.55
667.7	372.6
668.7	374.25
668.55	372.5
669.3	374.05
669.2	374.4
671.75	376
671	373.45
668.3	375.7
669.5	375.4
670.3	372
671.7	372.8
671.45	371.25
671.25	371.55
671.65	372.1
666.25	372.65
667.6	374.15
668.35	373.2
672.15	369.05
671.15	370.6
672.1	366.95
671.85	366.35
671.15	367.15
671.9	370.3
672.65	372.15
672.15	397.4
0	0
0	0
0	0
0	0
0	0
555.7	195
556.25	195.7
555.75	197.65
556.9	199.7
556.25	199.55
555.75	197.95
558.4	199.4
557.05	200.05
558.95	205
557.65	205.6
556.5	211.7
556.75	216
557.05	219.3
556.35	218.6
554.15	223.75
548.65	228.7
700.9	316.85
812.95	367.1
814.9	371.7
810.8	371.8
812.05	376.55
811.5	372.45
808.5	376.1
807.5	374.3
807.85	373.65
808.95	372.4
809.85	375.55
807.2	486.65
0	0
0	0
0	0
0	0
0	0
0	0
637.35	181.05
635.85	176.35
633.6	173.3
631.7	169.15
631.5	167.9
631.1	169.75
632.6	172.05
633.2	173.8
633.75	178.6
630.5	182.65
630.45	184.05
631.7	181.35
631.4	182.4
629.15	181.55
626.5	176.8
626.9	177.65
627.55	180.7
628.7	182.5
630.35	183.9
633.05	190.35
632.45	190.9
632.95	192.2
633.3	194.4
631.65	199.7
631.9	203.7
631.2	207.05
628.75	211.45
629.8	213.1
631.05	215.1
630.1	219.75
629.35	217.2
631.7	213.75
631.7	221.65
631.95	224.75
632.15	225.45
631.45	227.7
631.15	229.4
629.25	226.55
628.65	228.4
629.2	229.2
629	227.25
628.65	229.1
628.35	231
630.1	232.6
628.75	233.1
627.9	233.7
628.4	233.95
627.7	235.15
628.35	237.25
628.05	237.05
628.05	234.45
627.65	235.85
628.35	239.2
629.9	243.15
630.3	248.6
629.65	248.55
629.9	249.4
630.75	248.5
631.55	249.55
629.55	249.95
630.55	251.7
631.65	252.05
634.25	252
634.65	251.75
635.6	252.5
636.15	252.5
635.2	250.45
637.35	250.25
639.2	249
639.1	247.9
638.2	245.7
637.9	245.95
636.2	242.5
636.55	241.15
635.8	237.25
637.75	234.7
634.75	233.35
632.3	231.85
629.9	231.7
628.9	230.3
628.85	231.5
630.4	231.65
630.7	232.3
632.85	233.9
255.5	400.8
289.1	413.2
287.1	425.25
284.8	426.45
282.8	426
282.05	425.9
281.75	426.9
283.2	427.5
280.15	428.6
276	426.1
0	0
0	0
0	0
0	0
0	0
0	0
725.35	253.5
723.1	249.35
722.05	247.3
720.3	249.3
720.2	247.4
720.6	249.1
718.9	250.45
717.85	249.25
717.05	252.45
716.55	252.45
717.95	254.8
717.95	259.75
716.35	261.95
714.6	269.1
713.95	275.5
713.55	275.55
712.65	280.4
712.85	288.1
713.2	292.5
713.7	292.35
714.6	294.55
715.05	295.65
715.15	294.85
717.15	294.9
632.3	266.9
580	224.2
580.4	222.15
580.8	219.95
576.35	216.1
574.75	220.45
576.55	224.8
577.6	225.4
576.8	226.3
576.45	223.9
571.55	232
0	0
0	0
0	0
0	0
0	0
613.3	243.6
613.8	239.25
614.25	241.15
616.45	244.1
617.25	248.3
619.5	256.1
618.85	266.5
617.1	273.9
613.45	278.5
612.35	283.85
611.35	284.15
609.15	285.6
610.15	284.8
610.4	284.75
608.6	283.15
607.05	285.7
608.6	282.9
607.9	283.15
604.05	279.95
605.45	279.05
606.4	281.8
608.65	282.15
606.55	279.75
608.05	285.45
793.25	397.15
781.95	392.55
784.75	387.35
784.15	386.5
781.1	383.95
780.95	374.2
782.2	375.5
782.25	380.2
785	377.2
799.55	436.85
799.95	435.4
800.65	431.65
800.55	435.05
803.95	430.8
804.35	428.85
804.45	429.7
804.35	426.35
803.4	427.05
803.5	424.25
804.85	423.45
807	421
807.55	422.7
806.25	419.6
805.85	418.45
806.15	418.95
804.55	418.85
804.3	416.45
802.65	413.15
803	410.5
801.5	406.65
824.25	384.1
819.85	358.65
818.9	356.1
820.6	355.45
821.8	355.2
823.8	352.3
823.35	350.15
825.25	348.15
823.25	346.15
820.6	338.95
820.25	339.1
819.5	341.5
817.5	339
815	334
814.3	332.6
810.4	328.95
809.25	331.05
811.5	330.2
811.8	329.2
812.9	329.5
811.05	330.85
811.7	332.85
815.65	333
813.7	335.6
816.75	339.5
767.3	366.15
777.1	376.35
781.35	377.6
785.3	383.75
778.4	387.7
783.65	378.45
783.9	384.75
787.3	384.45
789.05	387.45
789.25	388.55
786.75	387.3
791.5	387
787.6	392.35
787.95	391.75
789.7	392.35
787.75	394.65
792.1	393.8
792.5	393.55
790.15	390.5
786.9	391.25
0	0
0	0
0	0
0	0
0	0
0	0
0	0
869.4	367.3
866.9	366.35
862.35	364.75
863.65	368.25
866.25	373.6
866.2	374.7
860.4	374.65
862.1	375.2
862.3	375.8
859.95	377.25
861	380.75
855.75	385.5
853.2	390.55
850.35	392.2
849.5	395.05
847.25	398.45
839.75	402.3
840.1	404.25
838.6	404.35
839.85	404.4
839.55	405.75
837.95	405.55
838.2	404.9
837.3	407.1
836.95	410.05
838.45	410.75
808.2	425.4
813.55	434.5
813.65	432.7
813.3	435.75
814.4	433.65
816.05	432.05
816	432.9
817.25	433.4
814.85	434.8
813.85	431.9
812.4	430.95
811.9	429.95
810.7	429.85
810.15	428.65
807.3	426.4
807.4	426.8
809.25	428.85
810.05	429.85
810.6	432.4
813.1	436.25
814.05	435.2
812.05	431.9
815.85	429.45
755	423.05
594.7	312.1
607.8	316.85
606	315.05
608.35	312.4
607.95	313.05
607.25	310.75
608.35	310.9
607	313.55
608.1	312
608.35	309.55
610.5	310.4
609.25	313.3
607.3	314.55
608	314.1
608.45	311.45
609.8	309.1
610.25	306
612.85	305.95
611.9	307.5
397.6	328.55
414.65	325.4
415.15	322.5
412.9	316.55
410.7	312.75
411.05	312.4
413.05	311.6
414.7	311.6
412.95	310.75
412.5	312.7
411.05	314.1
411	314.55
422.7	315.65
896.95	286.35
0	0
0	0
0	0
0	0
0	0
885.4	164.9
879.2	139.65
877.05	144.15
872.05	150.2
874.9	142.4
873.7	137.15
880.05	111.05
889.75	78.25
0	0
0	0
0	0
0	0
0	0
0	0
0	0
507.45	215
507.1	223.6
504.85	233.6
503.7	241.25
500.55	240.85
500.05	241.5
502	235.95
502.3	240.4
501.4	251.9
501.7	258.2
501.75	273.85
498.3	284.4
497.65	289.05
498	288
497.05	284.3
498.25	279.4
500.2	283.25
498	285.2
407.1	273.5
417.95	277.95
415.5	279.15
416.9	278.3
416.95	277.7
416.25	278.9
417.15	280.7
414	279.55
414.9	280.45
416.5	282.2
415.7	284.7
418.9	280.85
418.35	277.5
415.25	279.5
469.3	430.1
466.2	450.75
465.75	449.95
461.2	444.7
465.65	449.2
464.8	446
462.65	445.3
463.7	440.5
459.6	451.45
444.35	509
449.45	509.5
447.6	511
450.55	516.1
450.05	514.95
448.65	515.15
448.45	517.85
450.05	517.45
450	516
448.2	516.45
447.95	519.1
450.15	515.4
448.2	515.2
449.2	519.2
450.2	519.9
447.25	517
447.1	516.35
446.15	517.05
446.7	519.05
427.95	279.9
428.95	289.8
430.55	286.5
429.45	287.15
429.45	288.3
432.2	294.5
380.2	451.1
0	0
0	0
0	0
0	0
925.25	105.8
924.15	106
924.7	99.25
924.3	102.15
924.1	107.7
923.05	105.85
923	106.2
922.4	109.5
733.7	161.9
722.05	179.9
723.45	180.25
720.9	180.55
721.2	182.15
718.75	180.8
718.05	180.4
716.95	179.05
559.15	257.6
554.8	260.25
554.3	259.05
554.15	261.6
553.1	263.5
555.1	261.3
558.85	261.05
560.75	262.85
557.85	262.55
557.45	260.85
555.65	262.45
553.25	263.95
552.05	264.6
551.5	261.25
551.45	261.6
547.6	261.55
545.3	259.3
548.05	262.25
543.15	262.3
538.65	266.25
537.2	265.6
534.95	262.8
535.4	260.65
532.4	259.4
529.25	260.25
527.7	257.85
524.6	257.75
521.9	257.45
514.7	257.85
513.7	259.35
508.65	257.4
503.9	256.8
499.55	257.25
496.65	258.9
492.95	257.35
491.05	257.4
489.05	258.65
485	257.65
482.95	257.95
479.65	256.45
474.8	257.5
471.4	257.45
469.3	258.9
466.15	258.75
463.15	259.2
462	258
459.95	259.05
458.85	257.95
457.8	257.4
455.65	258.9
453.6	258.1
464.75	253.25
746.35	93.55
725.35	93.8
725.5	96.05
723.2	95.65
721.3	98.15
718.3	97.15
715.6	98.8
715.15	99.55
713	99.85
712.9	100.85
710	103.45
708.1	105.6
706.85	107.05
706.05	108.4
704.7	114.65
707	112.1
705.5	115.05
704.45	117.4
704.75	119.8
706.9	121.9
706.45	124.2
705.3	127.85
863.05	294.5
837.15	285.95
841.75	294.1
842.1	298.25
840.45	300.9
836.25	300.4
838.75	307.7
837.5	310.4
834.25	312.75
834.3	318.05
831.5	322.25
819.25	372.65
816.2	408.25
813.6	409.85
806.7	415.85
800.2	416.25
790.6	417.15
780.05	420
767.25	421.3
757.6	421.8
750.65	418.8
738.05	418.7
727.2	417.25
719.7	414.45
710.25	414.3
702.4	409.95
689.75	409.75
678.25	402.4
668.3	397.9
543.9	390.75
551.95	389.05
545.85	386.3
537.8	381.45
531.45	382.9
521.15	380.65
511.5	376.6
502.55	373.3
495.9	371
488.85	365.3
482.6	364.4
476.45	361.3
467.95	360
424.55	359.2
421.3	359.8
415.75	358.45
411.9	357.3
408.15	357.75
404.65	358.35
401.75	356.7
397.25	358.35
394	356.85
391.75	357.05
389.55	357.95
387.5	358.4
357.45	368.1
313.85	406.75
311.55	403.7
309.2	400.6
304.85	399.5
301.65	401.4
303.4	402.9
302.55	405.25
300.8	405.25
301.8	406
302.4	406.05
301.9	406.05
303	407.5
301.6	409
300.8	406.5
301	404.45
302.45	408.95
301.85	408.65
302.9	408
302.6	407.55
302.85	405.8
302.8	403.85
300.45	401.45
296.6	398.2
298.45	401.9
298.95	405.25
303.45	404.25
301.45	402.55
300.45	399.9
297.75	398.6
293.85	399.55
290.1	399
289.35	396.9
288.7	397.9
286.25	400
286.85	397.1
305.05	395.1
782.6	340.05
762.05	337.3
766.2	337.75
764.65	339.25
765.5	338
762.1	340.15
759.95	339.7
760.6	338.85
757.7	334.9
756.85	336.4
757.2	337.85
755.4	334.95
751.45	332.1
749.95	333.75
749.25	333.75
746.8	331.8
747.05	329.4
746.1	326.1
745.9	326.95
745.55	326.85
744.5	326.05
740.55	322.95
740.45	324.15
739.1	323.35
738.75	318.2
737	315.85
735	315
738.35	315.75
738.7	316.95
737.3	313.45
738.3	314.85
738.5	315.8
737.9	314
735.95	313.25
736.65	315
734.65	316.1
737.75	312.1
739.5	311.3
733.55	315.8
731.4	313.05
731.45	310.75
732.45	311.9
732.7	311.8
732.2	310.3
732.55	311.4
731.5	310.95
730.15	309.7
728.7	307.9
726.9	304.1
726.65	303.8
726.8	304.45
725.05	303.9
725.9	302.05
728	308.5
726.4	310.45
726.5	309.5
726.65	308.75
726.45	306.45
724.25	307
721.65	303
720.85	300.15
720.45	299.4
718.7	299.65
720.1	299.45
718.25	301.85
716.05	298.35
713.9	297.85
712.5	297.85
709.55	298.7
707.1	300.35
706.4	298.6
704.45	297.5
703.75	296.3
701.7	297.1
700.95	296.35
698.55	297.15
700.55	294.65
697.3	292.25
696.7	293.6
698.05	292.65
697.25	291.85
697.75	291.85
700.2	293.25
700.3	295.8
697	293.05
697.2	294.25
695.9	294.05
693.4	290.7
691.55	290.05
693	288.75
691.9	289.7
691.85	285.3
692.7	284.1
692.25	283.85
691.65	284.55
695.6	280.55
694	280.55
691.15	282.75
694.9	279.25
695.9	278.8
693.35	280.15
692.95	281.5
694.25	278.4
694.2	279.3
693.55	277.3
694.85	275.9
691.05	276.35
689.95	274.8
692.65	275
688.8	282.35
689	276.4
687.8	274.65
686.9	275.15
686.5	273.9
686.1	275.35
684.45	278.4
684.9	275.95
686.8	276.45
686.95	278.05
684.05	279.25
685.55	282.4
686.5	282.05
687.2	283.7
683.95	284.35
685.3	284.6
684.85	284.6
686.8	280.75
689.95	286.6
687.9	289.05
686.65	286.15
688.7	287.9
690.35	291.05
691.65	291.8
693.75	290.7
695.8	289.3
695.9	292.95
694.95	289.35
694.4	288.7
694.9	288.15
698.5	292.05
698.6	296.05
699.5	296
700.25	294.85
698.5	293.75
699.25	293.35
694.1	293.05
696.15	289.05
699.05	294.5
696.6	288.25
696.05	286.7
700.7	283.1
698.05	283.65
700.9	282.9
699.05	284.65
700.45	283.35
698.45	283.8
702.15	285.2
701.15	284.95
701.1	284.05
702.8	282.15
701.1	281.65
700.4	281.4
699.1	281.95
699.3	274.15
698.6	279.5
696.85	279.1
698.15	268.25
696.7	267.6
697.85	272
696.3	274.1
695.7	270.5
698.2	270.55
696.7	267.9
696.55	269.3
696.6	269.4
696.95	266.65
692.5	266.55
695.4	264.15
692.15	265.8
691.15	265.65
696.65	265.95
695.9	262.05
697.95	257.15
696.25	260.35
697.55	259.4
695.65	259.45
696.05	261.4
697.65	262
695.55	263.8
695.6	264.8
696.65	257.35
693.75	264.7
697.75	260.55
694.5	266.35
697.2	264.75
696.95	264.65
698.95	272.4
699	269.05
700.5	265.75
699.35	272.75
701	274
694.85	268.3
699.6	271.3
697.4	267.95
694.2	269.1
694.85	269.15
694.2	271.75
695.75	274.3
694.15	273.7
697.6	271.6
697.4	271.2
697	274.25
697.8	271.8
695.05	265.1
696.9	271
705.7	304.75
698.8	356.05
696.3	354.25
694.7	356.6
691.3	356.9
648.8	379.5
647.05	381.95
636.6	389.9
0	0
0	0
0	0
0	0
0	0
0	0
586	435.95
575.35	432.85
573.45	431.9
569.15	433.45
561.6	437.55
554.2	444.15
549.9	443.7
841.5	305.15
1071.2	123.05
1062.35	132.1
1060.3	137.75
1056.75	141.6
1048.45	149.6
1044.3	153.65
1039.65	156.9
1035.95	160.05
1046.05	157
1082.4	79.45
1080	84.9
1074.95	88.15
1074.35	88.9
1073.1	91.95
1072.25	99.85
1068.35	101.25
1064.25	100.75
1062	101.4
1063.75	107.45
1071.5	95.45
1067.75	104.45
1065.5	104.6
1065.1	105.45
1063.55	108.25
1058.5	108.25
1057.95	115.55
886.8	173
886.05	184.35
882.4	186.6
879.35	186.9
875.75	188.3
873.6	181.2
870.2	178.95
867	183.05
862.55	185.1
862.15	188.8
860.2	190.95
859.5	190.65
856.75	196.15
853.9	196.95
851.05	194.5
940.45	190.85
933	190.95
928.55	188.7
924.4	187.1
922.9	185.75
920.3	192.85
918.15	195.6
959.35	181.05
952.7	177.9
949.1	179
946.25	178.05
943.3	177.7
940.55	176.2
936.6	177.85
932.45	178.7
927.95	184.95
924.3	185.95
925.3	184.9
854.95	203.45
760.7	271.9
756.35	278
750	281.9
745.75	283.05
740.55	285.7
734.2	289.4
733.4	293.3
730.45	292.85
724.1	296.3
718.95	298.65
831.55	460.45
821.7	457.3
818	463.35
811.8	468.8
807.8	472.5
798.95	479.35
789.75	484.55
782.8	487.7
778.05	494.85
789.8	480.75
803.45	313.8
796.85	327
794.15	329.15
790.45	331.1
786.2	333.45
800.85	282.35
800.1	282.1
796.2	280.9
793.75	282.45
793.5	284.65
787.15	291.2
782.3	295
780.15	299.4
777.4	303.8
775.15	311.4
772.7	312.95
770.4	313.1
763.3	315.4
754.8	318.75
753.65	315.95
745.6	312.75
1004	347.3
980.1	350.5
970.55	354.8
959.15	359.1
950.05	364.2
937.85	370.25
926.4	379.6
918.7	391.5
906.1	402.2
894.65	407.4
890.1	417.3
879.9	421.95
870.3	425.8
912.3	394.8
1087.7	163
1072.35	170.95
1064.3	173.35
1057.5	177.7
1051.5	184.1
1048.8	192.6
1042.9	195.55
1037	202.65
851.25	261.4
524.7	366.7
522.7	360.9
514.35	365
503.75	370.9
494.9	373.35
489.7	377.55
485.25	379.1
480.65	386.55
477.1	388.5
471.55	390.45
467.9	392.45
465.3	396.4
461.7	399.25
455.3	402.25
484.45	241.65
486.5	216.7
482.9	217.55
481.15	221.05
476.15	222.6
471.65	223.55
470.1	224.75
466.7	224.55
464.2	224.75
673.15	244.55
1068.1	226.9
1037.6	224
1034.2	231.15
1027.45	241.2
1021.2	244.45
1011.55	248.75
1002.9	256.95
993.1	262.05
1155.7	197.05
1142.9	203.2
1129.25	212.65
1119.45	218.05
1104.7	226.45
1091.45	234.1
1082.35	239.6
1070	249.05
1057.1	260.5
1043	272.65
1027.8	282.95
1012.85	298.1
994.75	315.7
974.3	336.1
955.25	351.7
937.55	360.9
922.1	374.3
908.9	389.65
893.2	405.8
875.05	412
858.65	422.9
839.65	434.35
825	443.2
807.6	452.8
791	464.2
977.7	350.65
1167.05	246.2
0	0
0	0
0	0
0	0
0	0
0	0
1094.8	105.2
1085.95	107.75
1080.25	116.25
1070.95	124.65
1057.3	140.2
1043.5	156.35
1029.85	173.15
1014.8	187.1
1003.7	190.55
991.25	197.55
979.1	203.15
969.05	209.05
956.7	215.5
950.45	226
944.8	234.2
934.6	243.3
940.6	244.05
1147.35	43
1134.05	48.6
1126.3	55
1119	57.65
1111.3	62.4
1105.9	68.05
1096.25	77.2
1093.1	84.7
1086.85	95.2
1074.15	117.25
681.8	184.15
698.05	191.5
696.85	193.3
686.5	203.5
678.15	209.8
669.9	221.95
606.25	266.2
606.45	273.15
602.35	272.7
592.15	276.55
585.05	280.45
580	283.25
571.15	285.55
565.15	290.9
559.9	293.65
554.1	293.85
546.8	296.8
543.9	298.1
540.55	300.85
534.8	303.9
532.35	305.1
527.55	117
526.05	119.3
523.65	118.85
522.55	120.75
519.6	118.75
522.4	117.45
521.95	120
520.4	120.1
1027.8	90.15
1137.95	52.5
1131.15	58
1124.9	65.95
1117.65	73.15
1110.5	87.15
1099.9	93.75
1090.2	108.6
1081.15	119.15
1069.15	132.1
1062.9	149.3
1055.9	159.5
1047.3	168.55
1039.05	174.95
1187.6	79.7
1168.2	88.8
1155.65	105.75
1138.8	124.1
1120.3	138.3
1102.2	153.8
1084.5	177.15
1074.05	192.75
1062.8	199.2
1053.05	202.95
1039.7	211.9
1010.8	420.55
0	0
0	0
0	0
0	0
0	0
560.35	227.65
553.9	242.55
547.3	240.7
543.5	249.4
536.75	266.5
526.75	303.9
518.2	315.5
512.65	320.3
505.35	321.25
495.55	327.95
490.85	331.1
487.8	335.7
798.4	220.4
1195.1	49.95
1170.05	55.3
1162.3	63.4
1154.65	71.8
1143.85	79
1130.6	87.5
1117.4	99.85
1105.8	110.15
1095.45	122.35
1082.1	137.6
1068.75	156.05
1058.55	167.75
1043.75	175.85
1033.25	182.8
1024.35	190.3
716.7	209.05
481.4	251.4
482.75	251.05
479.5	251.05
479.05	252.9
478.7	251.05
476.55	254.9
472.7	259.05
469.55	256.45
466.9	255.2
465.85	256.05
465.4	251.75
458.95	248.75
457.8	250.95
655.95	236.7
1107.8	94.05
1090.95	89.35
1080.6	96.6
1073.95	103.85
1060.55	114.15
1050.3	124.2
1041	132.7
1180.2	0.699999999999989
0	0
0	0
1170.5	5.10000000000002
1161.6	9.89999999999998
1156.25	14.55
1147.75	18.65
1142.2	22.15
1134.3	29.55
1145.75	29.7
0	0
0	0
0	0
0	0
0	0
1174.7	4.89999999999998
1164.7	9.30000000000001
1154.75	12.8
1144.75	19.3
1136.25	26.5
1123.2	35.1
1108.45	47.55
1098.2	59.75
1184.8	14.8
1193.45	6.44999999999999
1181.95	10.65
1165.85	19.9
1161.6	25.4
1149.05	37.2
1139.65	43.9
1030.5	117.25
690.9	157
699	179.3
683.3	188.1
664.7	208.65
649.5	219.45
633.6	224.35
619.8	231.55
610.4	236.95
667.7	215.65
1119.8	8.05000000000001
1103.2	6
1092.15	20.1
1079.7	33.4
1067.75	41.75
1056.5	49.1
1046.7	58.75
1033.8	67.1
1022.65	75.95
1012.15	81.1
1004.05	87.4
997.6	97.2
987.2	107.3
977.35	114.25
966.9	118.1
954.2	125.55
942.1	131.8
931.4	137.75
923.95	139.45
909.8	147.25
899.5	151.7
889.3	154
877.15	156.8
869.85	160
860.45	163
854.8	165.6
849.2	167.75
843.3	170.4
841.85	178.5
1187.95	28.4
1170.85	34.6
1161.8	39.95
1152.5	49.15
1144.1	58.05
1131.4	67.7
1124.15	75.15
1109.1	87.6
1099.85	94.75
1087.9	106.6
1076.3	115.7
1068.5	124.9
1059.1	134.6
1052.2	142.7
1045.9	149.45
1033	159.1
1025.05	167.2
1014.25	173.3
1004.7	178.3
994.25	183.8
987.8	189.45
979.4	192.5
971.45	198.2
962.2	197.45
952.3	195.85
610.8	290.55
565.2	299.25
561.6	307.35
556.1	308.35
552.25	314.25
550.9	315.5
546.1	322.3
543.45	325.7
541.4	328.95
503.75	321.75
424.9	237.9
424.05	240.1
424.15	243.2
422.65	246.05
421.6	246.95
419.65	248.25
416.6	247.45
416.7	251.55
456.65	318
453.15	309.25
452.35	312.65
446.45	318.35
442.8	319.5
440	322
434.85	326.6
433	330.05
440.65	330.6
972.15	175.9
1172.85	72.7
1170.7	77.25
1168.45	83.85
1162.9	89.05
1156.15	94.1
1151.85	99.4
1144.6	102.05
1137.95	109.35
1132.8	115.5
1125.05	122.45
1119.25	126.95
1108.25	137.85
1084.4	165.45
0	0
0	0
0	0
0	0
0	0
0	0
450.65	355.75
447.5	353.65
443.5	352.2
447.05	349.7
446.05	355.6
441.55	358
442.9	363.9
436.95	365.6
434.75	367.5
432.35	369
430.7	372
300.15	286.6
287.3	261.25
286.85	261.6
286.55	261.05
282.1	256.9
280.7	257.6
280.3	257.6
277.85	255.95
279.25	254.3
278.7	254.8
274.5	255.15
313.5	260.5
975.6	243.3
1068.55	236.1
1060.3	240.15
1056.95	244.1
1052.55	247.2
1047	251.45
1040.35	254.1
1035.6	258.1
1029.35	261.4
1022.65	266.85
1013.55	271.1
1007.45	273.6
998.95	277.7
990.05	282.1
984.5	288.4
972.25	306.5
567.15	401.9
347.75	429.75
348.65	436.15
335.4	444
323.7	452.05
312.9	452.15
302.6	456.4
295.55	459.8
286.65	460.95
279.45	463.95
272.7	465.25
378.65	364.55
394	340.7
396.4	346.4
393.75	348.15
391.6	353.5
388.65	354.85
383.7	355.2
380.15	356.95
379.45	358.95
715.2	329.05
859.65	325.7
858.4	329.05
857.25	333.4
855.05	334.15
850.65	340.4
846.85	345.05
840.7	350.55
835.6	352.65
829.75	355.35
823.8	359.25
818.4	364.4
807.75	372.25
801.55	378.4
795.2	381.05
785.2	385.55
777.05	392.7
768.15	396.7
673.55	388.95
475.8	347.4
473	351.55
468.1	356
463.1	358.05
458.95	362
452.1	362.45
447	363.6
441.15	364.45
437.05	367.05
434.4	368.6
432.15	370.35
429.25	370.5
423.6	374.9
419.95	378.3
417.85	382.15
415.45	383.6
613.95	317.05
787.4	175.45
783.25	176.65
780.3	184
783.05	187.55
780.3	190.15
779.15	192.7
778.25	193.6
778.5	193.5
776.8	195.35
775.55	200.1
795.95	214.55
938.55	373.35
926.9	375.65
923	378.2
917.85	378
910.45	380.3
908.55	381.75
902.95	388.2
897.85	391.9
893.85	394.65
888.3	400.65
544.2	404.55
425.15	389.3
427.8	391.25
422.55	395.95
422.3	397.3
422.2	401.7
419.95	401.4
411.7	406.4
408.3	409.5
406.6	410.15
404.75	412.35
406.45	414.4
406.3	418.3
402.85	425.05
398.55	432.45
395.5	425.3
394.45	429.05
585.95	453.05
586.6	454.75
583.3	459.4
581.15	461.2
579.8	461.5
574.5	466.45
569.9	466.05
566.5	465.45
564.4	467.3
558.65	471.8
554.85	473.15
950.3	374.8
1104.4	287.7
1099.9	294.65
1099.05	299.65
1097.4	299.25
1095.4	300.35
1094.1	300.9
1095.05	303.2
1091.2	303.2
1088.7	305.25
1091.1	305.3
811	420.15
809.4	422.95
810	426.6
810.65	428.25
811.2	430.7
810.6	431.05
809.6	427.4
806.85	425.25
807.85	422.25
808.65	423.3
808.9	425.7
812.25	425.85
814.3	426.35
811.9	428.2
810	431.75
806.6	432.5
816.2	501.2
0	0
0	0
0	0
0	0
601.7	516.5
599.6	512.95
603.95	510.95
602.55	509.9
601.1	510.4
600.9	510.55
604.05	511.6
532.1	521.1
247.85	573.9
253.75	565.3
258.5	571.65
260.65	571.15
259.35	572.4
258.5	573.15
260.15	566.7
259.2	563.95
258.6	558.95
258.35	561.25
259.4	561.3
259.5	561.5
256.65	570.2
0	0
0	0
0	0
0	0
0	0
0	0
0	0
0	0
894.25	363.1
896.05	342.3
898.1	346.4
896.1	342.95
898.75	342.25
899.1	340.6
897.75	335.5
898	334.55
473.4	458.45
476.6	458.2
480.65	456.05
485.7	458.65
485.4	459.65
484.8	458.65
488.5	461.85
492.65	461.2
494.25	462.25
494.1	461.25
495.6	462.7
501.6	464.6
503.8	464.35
505.15	462.9
508.05	462.55
510.1	462.85
513.1	460.95
515.75	458.9
519.9	462.1
526.05	464.4
529.25	460.7
535.65	458
541.1	455.3
545.65	457.95
556.05	455.1
553.75	450.6
565.15	450.5
571.2	448.55
578	451.2
581.65	450.55
584.45	447.9
589.2	444.8
596.1	441.4
601.8	440.5
608	438.7
614.45	432.3
617.85	430.4
624.3	432.45
0	0
0	0
0	0
0	0
0	0
0	0
859.65	406.2
861.85	412.05
863.55	415.35
864.8	418.4
866.6	420
864.15	425.7
873.2	423.55
952.5	359.2
953.2	361.3
959.2	364.1
959.9	366
960	366.45
963.95	366.35
964.1	365.75
967.1	362.35
967.6	359.6
966.95	359.35
967.1	362.05
573.4	390.25
424.65	384.3
424.15	390.3
422.25	395.1
423.95	395.1
423.65	394.95
423	393.8
417.25	393.45
417.4	393.7
417.25	394.9
400.15	544
0	0
0	0
0	0
0	0
0	0
0	0
964.75	335.55
963.4	344.85
959.25	340.9
958.6	337.4
957.5	332.65
957.1	329.8
956.3	330.2
956.55	329
957.2	329.5
955.3	336.4
954.5	334.95
957.45	328.65
957.3	329.7
956.3	331
956.2	330.9
957.2	330.35
955.9	335.4
1024	316.15
1028.65	310.1
1028.85	309.75
1029.6	306.9
1030.7	303.2
1031.4	302.15
1032.9	301.8
1032.1	303.55
1044.45	392.95
0	0
0	0
0	0
0	0
0	0
0	0
589.85	369.7
590.5	370.8
589.9	373.35
592.1	372.1
593.7	374.9
591.75	376.65
591.35	374.2
589.3	375.15
588.9	377.4
589.4	378.9
591	372.1
591.65	373.35
591.85	375.15
589.45	375.95
591.75	376.9
590	380.5
591.75	377.25
591.25	377.8
592.2	379.35
591.7	380.6
590.7	379.5
591.1	381.45
592.15	378.65
592.7	383.65
592.05	389.9
592.3	396.35
0	0
0	0
0	0
0	0
0	0
0	0
0	0
552.45	407.75
551.8	407
549.9	409.55
552.5	410.1
553.55	414.2
554.2	415.65
485.6	411.7
414.3	398.05
414.6	397.75
415.75	399.1
416.75	401.85
417.55	405.7
419.9	407.45
420.2	405.6
286.75	433.95
288.95	434.9
293.35	432.2
294.05	433.05
291.55	433.9
290.45	432.8
535.65	438.4
783.05	429.05
783.95	430.3
782.45	432.15
783.35	433.2
787.65	431.3
787.2	431.55
792.5	434.55
791.55	437.5
788.9	441
785.05	440
779.9	442.6
784.2	441.15
781.2	441.1
786.5	438.95
783.1	441.75
782.95	442.05
783.5	440.85
784.95	440.7
783.6	442.2
785.25	439.8
786.35	439.95
786.85	440.8
786.75	441.65
787.3	440.35
788.45	446.2
789.85	450.2
883.7	538.05
906.35	579.65
907.35	580.9
909.05	579.8
906.15	581.4
903.2	579.6
904.95	580.3
905.15	580.8
903.55	580.6
900.55	580.5
899.9	580.15
905.6	580.1
908.5	576.95
901	577.75
903.7	577
901.8	577.55
902.55	577.4
904.15	576.55
903.7	576
902.7	577.05
902.25	577.4
908.1	577.85
912.05	579.45
908.35	581.55
905.45	577.05
905.65	581.25
910.9	585.35
911	582.95
906.7	578.65
905.55	573.9
906.7	583.65
910.2	581.5
733.75	604.75
614.75	607.85
619.3	613.6
621.55	615.15
620.55	614
623.2	612.75
622.35	612.65
616.1	614.15
612.25	617.75
615	610.4
616.8	611.85
618.6	616.15
586.8	306.05
585.7	300.15
585.1	298.3
591.6	304.1
585.6	301.35
593.75	302.15
589.55	298.8
594.2	304.75
587.2	303.55
592.4	308.5
597.95	308.5
595.6	306.35
594.2	309.85
596.65	310.25
609.85	494.8
623.9	617.6
627.8	615.1
626.6	613.95
624.6	615
625.75	613.65
626.65	618.75
622.4	618
622.9	617.85
626	620.75
623.15	620.4
621.55	621.05
619.85	617.15
617.15	633.05
0	0
0	0
0	0
0	0
0	0
0	0
0	0
667.2	535.65
666	530.25
670.65	530.35
668.45	531.2
671.2	530.95
672.6	526.55
670.05	530.5
0	0
0	0
0	0
0	0
0	0
0	0
0	0
734.6	295.7
732.45	301.65
726.25	311.5
726.45	320.15
725.5	325.6
726.55	331.15
724.95	339.4
722.35	342.1
718.65	351.35
716.4	345.1
715.6	345.5
711.9	343.55
711.25	346.45
467.4	404.6
429.15	415.35
429.15	412.95
426.7	403.2
428.9	406.2
425.65	402.6
426.85	408.8
426.95	402.8
424.3	402.2
428.35	404.8
426	405.2
427.8	402.9
425.45	404.75
430.2	405.45
430.15	404.95
431.5	410.65
431.65	411.75
433.7	410.35
437.25	412.15
435.05	410.85
432.95	415.4
434.85	412.6
438.35	413.45
435.25	412.7
431.55	410.25
427.6	414.4
426.3	413.95
431.75	414.85
427.1	413.3
427.8	412.05
432.7	417.15
427.85	408.9
427.25	415.8
431.8	412.2
435.1	412.55
434.35	416
431.45	408.85
479.45	416.15
780	391.35
768.3	397.45
765.4	395
766.45	398.35
766.05	401.6
762.5	396.25
765.2	402.1
761.7	403.8
761.4	401.95
760.6	400.35
762.7	400.65
757.9	401.35
753.55	399.15
759.5	399.5
755.35	403.4
749.05	399.9
752.25	399.05
754.45	394.7
749.6	392.65
680.35	157.6
672.95	154.1
673.55	155.95
674.55	151.65
674.05	155.15
673.95	158.25
675.3	156.55
674.55	151.9
672.9	154.4
675.75	152.45
675.4	155.55
672.7	159.8
673.8	284.6
691.55	572
688.7	571.5
688.2	574.9
690.25	575.45
683.1	578.5
687.4	574.95
682.3	577
683.45	573.8
685.15	574.65
686.3	573.1
686.05	575.6
610.9	355.05
616.95	364.65
613	363.2
610.85	361
616.4	367.65
619.55	362.6
621.2	364.2
619.1	364.35
620.05	363.65
617.1	363.8
619.8	359.65
617.75	360.9
616.7	359.8
617.4	357.9
618.9	359.55
619.25	359.3
617.3	359.3
618.3	360.8
619.6	365.45
621.6	368.2
623	368.2
623	369.9
622.9	370.3
624.05	371.2
620.9	368.65
621.25	367.95
623.55	371.05
621	371.3
621.05	372.65
621.55	374.65
621.05	374.4
621.1	378.25
620.9	378.25
640.35	124.9
640.6	56.65
641.35	56
644.6	59.6
645.6	61.4
641.65	60.8
642	58.1
640.55	58.05
640.05	60.05
639.65	56
641.5	57.35
640.05	58.25
640.65	58.05
641	52.05
640.55	58.45
828.75	475.8
804.45	518.8
802.6	517.95
803.1	515.95
802.8	516.25
803.65	516.1
807.05	517.95
808.75	517.2
803.9	514.85
803.55	682.5
0	0
0	0
0	0
0	0
791.9	554
794.6	543.3
794.75	540.7
797.1	538.55
796.95	542.1
794.95	606.65
0	0
0	0
0	0
0	0
0	0
0	0
768.8	371.1
767.1	376.5
765.05	384
763.4	388.7
763.2	396.3
758.6	397.45
753	401.35
749.55	403.15
749.95	407.4
750.8	407.5
748.7	407.55
746.35	408
747.8	406.55
747.25	407.3
747	409.1
747.95	412.1
748.1	407.15
749.35	408.4
747.6	408.2
747.4	406.6
746.65	408.3
743	410.95
743	408.75
741.3	407.05
739.5	405.4
735.85	411.2
739.85	412.3
735.85	410.35
735.4	411.4
734.3	412.65
735	412.8
734.8	413.1
736	412.3
737.3	412.3
736.05	412.2
734.5	414.55
734.05	416.35
735.05	414.4
733.7	411.65
735.35	414.05
732.8	413.35
734.8	415.7
735.6	414.9
733.15	415.85
740.4	414.55
742.1	411.75
738.3	411.7
741.7	413.15
739.2	414.45
0	0
0	0
0	0
0	0
0	0
0	0
986.7	396.3
981.6	382.6
980.85	381.8
978.85	386.3
980.2	390.35
982.8	389.35
969.8	409.45
970.2	410.5
971.3	410.25
972.3	411
971.15	413.85
969.65	417.8
967.75	420.9
965.2	421.95
965.65	426
963.2	426.95
959.95	428.35
955.65	434.3
965.65	660.85
0	0
0	0
0	0
0	0
0	0
0	0
624.3	544.9
633.95	522.9
636	536.65
641.1	535.85
639.7	528.45
639.95	529.4
642	527.8
641.4	528.85
635.2	538.8
0	0
0	0
0	0
0	0
0	0
0	0
623	419.2
620.25	415.9
623.25	414.65
624.65	414.05
624.65	411.9
622.75	407.8
621	407.8
620.95	411.7
624.5	413.4
619.8	420.9
620.5	419
618.6	418.35
618.5	419.15
618.1	410.2
622.65	408.1
623.7	409.05
619.05	413.05
619	415.75
617.85	416.85
618.75	414
619.9	413.45
592.75	474.3
0	0
0	0
0	0
0	0
0	0
0	0
632.35	148.55
631.7	151.35
633.1	154.6
633.55	154.25
636.35	152.65
635.95	153.5
819.35	426.5
794	430.95
796.4	425.5
794.5	429.55
794.3	430.05
799.05	425.05
798.05	424.15
798.35	422.85
798.15	419.35
799.2	420.35
798.1	421
799.9	426.25
800.4	431.15
798.25	424.65
797.1	423.05
796.6	426.35
801.85	425.3
802.45	429.8
795.6	430.75
661.9	307.95
668.15	317.1
669.55	326.2
668.4	327.65
668.5	330
669.2	332
669.6	336.1
667.25	339.6
664.95	341.35
665.3	337.95
664.15	340.65
664.65	344.85
663.4	346.3
661.9	351.4
521.4	513.1
473.2	581.05
474.2	581.2
472.25	590.15
472.85	592.6
473.15	594.1
472.55	596.95
468.05	604.35
463.5	612.4
458.75	616.8
458.65	620.45
454.95	622.85
453.25	621.9
452	624.7
513.3	267.4
518.65	166.6
517.75	172.25
517.1	173.7
518.55	174.75
520.25	178.6
518.15	182.7
515.35	186.3
517.8	187.15
579.95	194
877.6	173.1
876.6	172.05
876.65	173.55
876.75	173.25
878.7	173.65
877.3	175.9
876.95	178.65
877.8	180.95
877.25	183.5
876.5	185.5
878.6	190.05
879.45	200.2
684.6	489.3
684.35	483.1
686.05	486.45
686.15	494.45
685.95	501.45
684.05	504.55
683.4	507.95
681.45	512.25
681.65	516.3
682.7	515.3
681.4	518.8
677.95	523.9
675.25	528.1
676.65	528.35
798.65	480.9
797.65	488.65
796.05	493.95
799.15	495.7
797.4	501.6
797.5	503.35
800.8	506.6
798.65	512.6
796.4	517
798.1	520.65
778.75	464.9
771.9	438.4
772.6	447.15
770.15	457.3
767.7	464.95
764.55	466.8
764.5	471.65
766.05	476.8
769.1	473.75
770.35	476.55
771.5	481.7
771.5	483.45
771.6	486.9
770.3	492.35
768.4	499.6
848.95	357.8
850.9	365.65
853.25	368.75
853.65	370.5
851.55	374.95
853.2	378.05
855.3	383.65
854.7	385.8
854.8	391.45
856.3	392.8
856	394.4
740.2	395.65
604.85	394.05
609.75	397.1
611.15	404.95
609	411.55
609.7	415.35
607.8	417.9
609.15	418.05
608.65	420.55
606.05	424.15
602.6	425.15
603.35	426.45
603.65	428.75
602.35	430.45
602	433.5
600.2	434.35
599.85	435.85
600.25	439.35
599.15	441.8
596.3	443
784.8	322.5
795.6	313.1
791.8	315.05
792.85	316.05
794.75	317.5
797.7	319.65
797.45	318.5
797.85	322.8
798.9	326.3
798.2	327.6
800.85	330.75
799.2	332.65
798.15	332.65
897.6	311.65
927.35	296.2
926.65	300.8
929.4	301.35
928.85	296.85
924.95	298.35
925.95	301.75
925.4	306.7
928.35	312.05
930.2	318.3
930.85	321.45
932.35	324.25
933.85	329.4
935.75	334.75
936.75	336.95
935.75	343.15
935	343.6
935.8	348.5
933.8	349.6
933.35	351.3
931.65	357.3
934.7	365.65
938.45	373
938.7	376.7
941.1	380.05
941.2	383.45
942.85	386.15
944.15	386.2
948.4	388.65
948.25	393.4
820	282.8
826.2	285.1
828.15	289.35
826.6	292.4
825.3	295.85
823.85	297.3
826.1	298.4
824.25	302.75
823.85	305.8
826.85	308.65
828.7	311.95
826.9	314.25
827.5	315.45
827.2	318.7
827.5	324.15
830.2	325.1
830.2	329.35
829.4	332.5
829.55	334.35
831.4	335.75
816.8	332.4
623.8	149.9
631.8	146.5
633.95	154.1
634.25	157.5
633.95	160
634.7	164.2
635.45	166.55
634.65	173.1
634.35	179.9
632.8	184
631.95	189.4
631.95	191.05
631.2	193.75
632.7	194.65
631.35	196
631.1	200
631.25	205.5
631.25	208.15
631.6	210.35
631.35	214
632.05	214.2
787.75	294.55
842.15	318.85
841.45	324.2
844.2	327.95
846.45	330.35
847.1	336.25
849.3	343
848.2	343.15
850.4	346.35
852.45	351.75
854.95	363.45
852.5	377.65
0	0
0	0
0	0
0	0
0	0
0	0
718.95	595.45
715.95	605.65
716.35	609.9
718.1	617
720.6	620.55
722.4	623.75
721.7	631.55
719.55	636.15
710	638.15
643.65	509.35
650.7	513.75
651.75	519.95
650.15	523.9
651.25	528.9
647	531.5
644.95	538.7
643.2	547
644.15	557.15
639.6	564.2
636.05	571.05
626.05	573.9
401.6	593.2
406.55	596.55
403.6	601.9
397.75	605.7
394.05	611.05
392	611.45
385.1	616.35
380.35	618.35
377.85	622.65
374.85	630.45
373.8	634.6
369.25	637.05
365.75	640.05
363.8	645.6
625.75	382.45
673.2	303.9
667.85	308
668.95	311.2
667	314.45
665.7	315.8
671.3	318.25
669.15	323.95
669.2	319.15
669.65	325.7
676.25	330.05
675.95	332.35
674.85	334.2
678.05	339.75
820.65	371
821.1	379.3
820.65	385.7
820.55	389.1
819.5	391.05
818	390.9
817.85	393.75
817.2	395.4
816.75	399.1
812.95	402.45
815.75	407.65
815.5	413.45
918.3	575.3
918.8	585
919.6	589.1
922.9	598.85
925.5	608.05
926.7	615.95
926.65	625.4
926.25	630.45
925.25	639.25
929.5	645.05
831.35	441.35
830.25	440.8
828.5	447.65
831.65	451
832.3	451.1
832.1	453.6
834.95	460.95
832.5	470.5
827.65	474.5
825.1	478.75
831.25	483.2
826.55	486.85
830.5	488.25
830.65	490
831.25	497.2
829.9	500.25
826.8	509.4
827.5	517.65
828.9	529.15
829.9	535.8
833.25	541.45
815.25	547.45
803.9	547.2
805.45	555.95
806.6	562.45
804.95	568.8
804.95	575.85
804.75	581.75
804.1	588.3
802.65	594.65
802.6	601.1
904.6	549.15
1135.5	343.35
1128.55	349.95
1131.8	358.45
1135.95	359.65
1137.65	360.55
1138.15	362.55
1141.65	365.85
1143.8	367.9
1146	373.8
1149.25	379.05
1150.65	385.55
1152.2	389.25
1156.35	391.05
1159.15	394.5
1159.4	402
1163.3	412
1166.6	416.7
1169.65	420.95
1169.55	424.55
1171	435.95
1177.45	436.05
1176.05	443.55
1176.95	454.05
1177.85	458.9
1176	468.9
1169.9	484.75
1173.5	522.35
1180.4	532.65
1184.6	535.45
1186.7	541.35
1189.9	549.3
1192.9	556.85
1196.85	569.2
1199.85	576.15
1202.55	585
1205.4	590.4
1207.7	594.35
1210.35	598.35
1213	605.05
1221.1	612.65
1223.7	618
1226.55	622
1231	629.65
1235.15	637.6
1235.25	647.95
1238.65	654.3
1241.35	662.1
1245.3	670.55
1245.65	681.3
1248.3	687.6
1255.55	696.35
1261.6	703.7
0	0
1029.15	435.05
1032	424.65
1038.3	433.25
1042.35	442.25
1041.4	444.9
1042.15	448.25
1046.9	450.85
1049.1	455.85
813.8	442.4
822.7	444.05
827	451.5
826.95	452.85
827.55	460.45
826.75	466.95
826.05	473.05
826	478.3
823.9	484.65
1163.5	628
1156.7	639.65
1159.9	646.85
1163.15	652.85
1162.7	658.85
1168.1	665.1
1170.2	672.1
1175.1	678.4
1180.9	682.65
1184.25	690.4
1031.8	617.5
887.5	472.9
889.6	477.5
890.6	479.55
892.65	480.9
894.55	483.1
895.5	487.2
850.45	539.55
852.95	543.3
854.2	546.95
855.1	552.85
856.2	557.25
856.95	560.25
859.4	565.1
861.8	571.35
861.4	571.05
862	576.75
862.1	581.6
860.8	586.4
861.6	588.35
852.6	588.55
725.45	523.7
730.7	532.5
730.25	534.5
728.6	536.9
728.7	539.7
728.75	543.05
727.6	546.65
727.85	550.3
726.4	556.5
728.75	559.85
722.8	564.9
721.15	567.6
721.1	571.95
720.7	576.4
723.4	577.15
400.75	543.95
165.55	568.05
167.95	574.35
166.35	578.75
164.65	583.8
162.4	586.05
163.15	591.9
159.5	596.9
158.15	599.55
156.6	607.85
150.95	611.9
148.7	615.3
164.35	623.35
737.95	370.35
819.7	328.25
819	336
820	336.4
820.65	340.45
824	343.25
826.45	345.95
827.9	347.95
826.55	351.95
824.65	352.65
823.5	358.6
828.3	359.45
827	364.7
1107.1	260.6
1108.2	257.25
1107.55	262.6
1109.5	265.45
1113.65	265.7
1118.15	267.55
1119.05	280.6
1106	646.5
0	0
0	0
0	0
1148.25	183.45
1151	185.75
1152.25	191.3
1153	191.55
1152.15	197
1157.4	202.75
1159.8	210.5
1160.55	213.35
1162.4	219
1163.9	225.75
1166.65	231.5
1169.75	235.7
766.1	366.15
726.15	384.7
732.15	388.2
729.6	393.05
729.8	390.95
730.65	392.55
729.3	399.45
728.9	398
735.6	402.05
792.7	324.5
793.2	325.75
792.5	334.35
792.65	337.45
792.8	339.2
792.75	337.8
787.25	340.6
788.25	342.2
791.75	351.8
791.15	352.55
790.25	354.15
791.75	358.75
793.15	359.35
792.6	359.55
791.2	356.95
793.9	360
794.4	363.85
793.65	366.15
790	366.9
791.55	369.9
791.6	371.35
792	370.3
791.45	370.8
858.95	352.85
1074.4	231.15
1068.35	233
1068.85	236.45
1069.35	239.9
1071.55	243.25
1074.4	245
1075.05	246.05
1076.65	249.65
1015.15	273.5
1016.25	282.95
1015.6	280.7
1018.8	281.55
1020.95	282.65
1021.75	286
1024.8	288.55
1025.75	293.1
1027.4	295.35
1030	300.25
1028.9	304.55
1031.6	309
1035.4	314.4
1036.85	317.75
1037.45	322.75
1039.1	321.85
1040.9	324.85
1043.85	326.85
1046.9	335.05
1048.5	337
1049.4	328.85
1050.3	328.05
1050.25	332.35
1051.25	332.15
1052.65	336.55
1054.05	339.75
1053.8	344.1
1054.35	348.35
1059.25	349.2
1063.05	350.4
1063.45	354.75
1063.5	358.45
1069.35	361.6
1071.1	364.3
1114.4	382.65
1115.15	386.45
1121.1	389.6
1123.75	392.05
1125.65	394.9
984.2	412.95
731.15	427.4
731.1	429.8
732.85	427.95
731.8	427.05
730.65	430.25
728.75	429.45
728.45	427.6
728.75	428.3
729.9	428.4
620.85	449.3
582.05	457.75
582.65	457.45
583.45	455.85
585.3	456.6
585.7	456.2
584.15	457.2
583.65	456.6
585.65	457.5
586.55	459.05
587.15	460.2
586.4	459.8
588.65	461.75
581.6	464.05
469.95	542.6
469.15	544.35
470.1	545.5
467.9	547.05
466.5	546.9
468.3	545.85
466	540.5
466.3	539.75
465.15	546.65
462.9	546.35
463.7	543.9
465.4	544.45
464.6	547.6
459.5	547.2
457.55	546.95
458.05	547.3
457.5	548
456.75	548.7
456.35	547.85
456.35	548
456.7	550.35
456.45	550.5
451.25	551.8
663.9	454.7
674.3	452
674.95	454.3
677	452.15
675.8	449.9
677.75	449.95
677.9	452
674.75	454.6
675.55	454.8
671.65	452.7
670.9	453.9
668.7	451.85
667.6	453.4
667.3	453.65
667.85	451.85
669.05	452.85
670.9	451.9
666.4	453.55
667.45	449.2
665.95	450.35
636.35	468.85
419.2	582.75
428.25	579.5
428.8	581.5
425.55	580.75
426.1	582.3
422.05	583.8
517.95	537.8
681.9	398.25
680.45	400.3
684.1	401.35
0	0
0	0
0	0
0	0
0	0
469.95	550.55
468	547.95
467.95	548.7
470.65	544.6
473.2	543.45
470.6	546.25
470.7	543.3
470.1	541.95
469.55	543.8
466.6	546.1
468.75	545.9
470.55	546.5
470.15	550.25
0	0
0	0
0	0
0	0
451.45	372.9
449.85	369.25
448.45	371.25
448.25	366.4
444.6	364.2
444.5	370.7
446.2	368.95
447.2	365.65
449.1	372.95
445.8	369.95
444.4	369.6
448.25	371
450.55	376.95
447.55	375.85
445.25	376.8
443.45	376.45
527.85	478.05
524.55	487.75
527.05	482.3
526.35	483.65
528.15	483.05
527.05	481.55
0	0
0	0
0	0
0	0
848.8	216.95
847.2	223.05
848.95	225.35
847.65	223.45
847.05	223.15
843.6	225.85
843.3	224.9
797.3	247.3
588.15	370.95
588.95	369.8
591.75	368.3
590.5	366.65
588.55	367.5
588.95	367.95
590.65	366.8
593.15	366.45
592.45	367.3
591.15	367.7
595.35	366.1
594.05	368.55
594.15	367.8
596.85	366
596.2	367.2
598.35	368.25
599.55	367.1
599.6	368.8
600.2	367.95
599	366.25
598.35	363.65
599.85	365.65
601.45	365.25
605.15	361.15
875.6	321.85
862.1	328.95
860.9	328.1
863.55	329.7
862.5	330.9
861.65	328.55
862.45	326.05
860.55	324.25
860.45	324.4
861.15	326.75
860	328.7
858.3	325.75
854.75	343.6
843	409.3
841.35	408.7
840.85	407.1
838.25	404.9
835.1	403.35
831.65	401.8
828.7	401.85
825.55	402.35
822	403.55
820.3	401.6
817.55	399.1
811.65	398.4
803.3	398.65
799.8	399.75
797.95	397.8
791.8	395.1
788.9	394.2
784.65	394.4
779.35	391.8
774.75	389.15
776.4	392.65
770.6	404.95
0	0
0	0
0	0
0	0
0	0
0	0
976.55	290.7
971.85	276
966.5	273.3
961.4	272.5
956.5	273.5
951.1	275.25
945.5	276.3
938.9	275.55
932.05	273.45
925.2	273.55
917.2	272.35
910.85	273.3
903.55	272.2
895.1	273
882.6	281.35
774.65	347.7
772.35	349.55
768.95	344.05
759.35	344.9
753.5	347.5
746.45	349.95
738.4	349.15
730.5	351.15
724.75	350.8
720.05	349.4
713.75	349.25
706.1	344.75
698.05	348.15
691.15	347.05
685.4	346.1
680.45	345.85
673.55	343.9
669.2	342.35
663.65	337.95
660.2	339.3
652.9	338.8
658.75	340.15
1110	254.85
1236.35	619.95
0	0
0	0
0	0
0	0
1075.25	233.05
1062.3	206.9
1053.2	205.55
1046.75	205.05
1039.8	205.15
1033.75	206.6
1024.9	208.8
1018.6	210.6
1012.5	215.45
1009.95	218.85
1000.9	217.15
977.85	219.7
904.35	270.2
896.75	273.65
891.35	274.6
890.1	283.9
872.5	313.1
0	0
0	0
0	0
0	0
0	0
0	0
0	0
0	0
0	0
813.75	239.25
803.15	237.2
797.75	236.3
795.6	239.2
789.3	239.35
781.85	241.25
778.2	241
768.8	240.9
759.85	244.05
757.85	243.95
751.3	243.35
740.8	248.05
731.35	249.35
725.35	250.8
724	263.15
1014.95	408.3
989.45	401.3
981.5	407.15
973.6	410.9
963.2	415.45
957.85	417.3
949.2	419.45
940.9	423.4
932.45	429.35
925.55	426.4
917.2	425.2
908.4	420.9
900.4	419.85
893.95	418.65
884.65	418
874.05	416.3
866.25	418.15
860.3	416.65
847.4	415.3
836.5	392.75
818.65	321.3
809.15	323.55
801.9	325.15
796.5	326.65
790.7	326.3
780.95	328.65
771.6	326.45
762.9	324.05
749.25	322
744.15	321.9
738.65	320.95
733.4	320.05
725.6	321.05
717.75	321.35
711.45	318.4
702.05	319.65
695.55	319.3
688.7	316.95
784.4	348.95
1026.7	395.85
1016.7	395.9
1009.3	395.4
1000.7	396.65
993.3	396.9
986.3	395.65
977.85	397
971.95	395.5
966.85	394.5
960.2	398.05
952.75	398.3
946	398.95
939.35	403.4
932.6	404
926.5	404.15
918.15	404.5
910.35	406
902.7	406
895	406.75
887.9	404.95
884.3	400.5
874.45	398.95
870.6	397.15
863.1	397.85
853.95	392.3
846.9	392.5
841.95	393.7
836.1	391.75
827.8	394.55
825.3	396.3
819.6	395.45
813.25	391.3
809.5	391.35
804.85	390.9
799.95	387.9
794.2	387.8
790.5	388.35
788.05	387.7
787.05	388.9
783.45	389.25
694.6	392.1
557.8	409.3
556.05	410.05
548.9	411.4
544.2	411.1
538.55	409.5
536.55	407.15
533.55	405.65
528.3	408.5
525.05	408.95
524.5	408.65
525	410.6
518.6	405.3
514.2	404.05
512.65	403.5
511.7	408.6
510.65	408.65
506.95	407.4
504.95	406.15
505.4	408.35
504.65	409.05
761.65	339.9
759.3	339.2
757.5	342.85
757.05	345.55
752.65	345.1
754.15	347.5
754.55	346.3
755	343.3
754.25	344.6
755.55	344.3
756.2	342.7
757.2	340.9
757.1	340.75
515.05	406.3
425.45	439.45
430.55	440.2
430.1	442.45
431.4	442.55
433.6	442.75
434.75	439.95
434.7	437.6
433.9	438.95
432.9	433.7
431.05	433
431.95	434.7
429.95	434.2
256.05	481.6
260.65	479.75
262.65	478.35
263.1	480.05
260.7	482
259.45	484.2
259.25	481.6
257.7	483.15
258.45	481.6
257.25	484.1
258.2	484.7
427.4	439.85
607.05	402.9
603.25	401.3
607.5	408.05
606	408.95
607.95	404.25
609.75	403.15
611.1	408.15
608.45	404.6
607.5	401.6
608.25	404.1
607.85	401.9
609.8	400.35
610.6	403.4
610.5	404.35
612.8	402.9
611.9	399.5
610.95	402.25
611.1	402.4
610.2	401.2
610.05	402.35
609.05	402.35
607.95	402.25
609	401.75
610.75	403.9
610.4	402.75
610.85	402.1
610	404.55
611.4	406
610.95	405.3
612.3	406.95
613.2	406.45
613.2	405.45
615.45	406.8
616.3	405.7
618.65	403.8
797.55	394.45
872	392.7
868.6	393.9
870.5	393.5
869.65	392.25
868.35	391.6
874.7	390.65
874.7	390.1
875.5	390.05
874.5	391.3
874.05	390.45
879.25	387.8
876.6	390.05
881.25	386.9
881.15	386.65
878.85	392.15
706.5	402.55
528.95	415.25
530.2	420.05
526.8	415.85
528.75	418.05
530.35	420.2
502.1	467.55
0	0
0	0
0	0
0	0
823.15	380.25
822.2	388.15
818	394
815.5	399.25
816.6	399.55
817.5	398.95
816.25	399.3
815.15	398.55
817.25	398.95
817.25	398.6
815	398.55
816.7	398.65
817.25	398.1
816.7	396.6
820.15	394.85
820	396
820.5	395.85
820.2	394.95
820.6	394.25
818.2	395.1
818.1	394
823.25	392
822.2	393.2
820.25	397.25
819.35	391.65
820.1	390.95
818.85	392.1
818.6	392.3
820.95	391.9
818.5	393.85
818	394.9
818.65	391.1
819.2	391.85
820.4	389.3
816.75	391
817.15	391.2
811.85	395.35
812.15	394.5
810.45	395.55
812.05	395.25
809.35	396.7
0	0
0	0
0	0
0	0
0	0
431.55	505.15
433.2	507.55
435.6	506
435.25	501.95
433.2	499.6
431.95	496.4
431.45	493.6
430.8	492.55
428.55	493.15
428.75	493.25
430.45	491.7
430.2	491.6
430.7	491.45
432.25	492.1
431.15	490.05
433.85	487.4
434.05	485.25
433.15	485.85
433.1	487.35
431.5	486.65
432.1	484.55
638.5	372.4
673	357.05
670.45	356.65
671.7	354.55
669.95	353.4
671.4	353.7
672.95	353.45
675.2	351.65
677.45	354.25
681.35	355.25
680.95	355.65
501.45	428.4
428.8	482.1
430.65	483.1
431.8	486.55
432.9	487.8
433.1	484.1
435.05	482.55
448.75	485.75
737.9	354.05
727.2	357.3
725.55	355.45
723.75	355.25
724.3	359.6
722.05	361.1
720.05	360
722.75	358.55
723.6	358.6
721.65	359.2
726.15	359.15
723.45	358.55
725.2	360.05
724.75	359.2
724.15	361.15
724.4	363.05
727.85	363.45
726.75	362.35
722.6	361.75
727.5	356.45
723.9	358.55
725.85	361.05
727.5	362.7
726.35	362.45
723.9	361
727.9	361.95
727	362.5
729.65	357.7
730.65	359.35
730.45	363.55
729.75	364.35
729.25	362.2
729.95	364.35
726.45	365.75
726.6	365.5
726.65	367.55
727.1	367.35
728.1	365.95
728.2	366.1
728.8	362.95
730.8	359.2
732.45	357.45
733.4	355.9
735.65	356.9
734.65	355.5
739.1	355.8
675.4	424.45
666.4	437.9
667.95	437
667.85	436.7
667.1	433.45
666.05	434.9
668.95	429
668.15	430.05
666.05	431.85
665.25	431.35
665.2	428.95
666.75	432.2
666.7	429.05
668.7	429.25
666.05	430
666.8	431.25
694.25	334.85
695.85	339.8
695.2	340
694.6	340.1
693.5	338.95
693.65	335.4
695.05	337.25
698.4	337.4
698.95	337.05
697.6	337
698.85	338.25
700.15	338.85
699.75	338.55
698.6	341.35
740.4	318.1
760.85	260.95
761.65	261.45
763.8	260
766.4	258.5
767.85	259.45
767.45	258.65
765.6	259.8
766.35	256.9
768.4	254.5
770.4	256.2
767.9	257.4
773.75	257.8
921.3	295.2
917.2	295.3
914.35	296.25
915.5	294.05
914.45	294.25
912.4	294.55
912.85	295.4
912.05	296.45
910.5	300.05
911.35	300.7
910	305.65
0	0
0	0
0	0
0	0
0	0
739	395.4
741.25	392.3
743.05	391.8
744.4	392.25
741.75	392.5
741.05	391.85
743.9	392.8
745.1	390
743.7	391.2
744.35	392.4
746.15	388.45
747.2	393.55
745.95	391.55
746.45	387.9
747.1	388.2
746.6	390.25
744.1	389.85
875.5	353.75
890.45	344.75
890.95	345.35
890.45	349.35
888.7	348.9
889.45	349.2
890.5	352.2
889.95	352.15
889.95	348.75
886.4	349.2
886.8	349.6
888.6	346.6
889.5	351
889.65	357.75
888.8	354.85
888.55	353.95
889.6	355.1
892.6	354.45
892.55	351.75
893.95	353.45
895.1	353
897.45	350.2
898.85	350.3
898.35	351.25
898.35	349.8
900.45	350.95
895.5	349
896.8	349.55
899.6	350
898.15	350.6
897.25	350.8
899.2	350.5
786	294.45
789.75	291.25
790.25	287.1
791.45	287.05
788.55	283.45
788.5	284.1
788.5	283.8
788	286.55
788.4	288.15
789.35	291.55
789.55	290.85
789.6	293.4
790.15	293.05
789.45	294.4
789.7	292.8
789.55	295.2
786.65	290.8
787.25	291.7
786.05	292.35
787.65	293.8
684.55	315.65
683.95	315.8
685.2	315.45
684.85	315
683.8	314.55
680.85	314.05
681.1	314.55
681.7	314.65
680.75	312.5
680.7	311
679.2	313.35
680.6	314.55
678.65	313.75
678.5	314.75
680.05	312.9
680.95	314.25
680.25	313.85
679.9	312.1
681.45	313.35
680.55	314.35
680.3	313.3
680.35	313.65
681.35	317.5
680.8	315.75
681.3	315
683.2	313.05
684.45	315.6
683.15	313.5
683.35	314.35
681.5	315.3
681	316.75
679.75	318.95
680.45	317.85
681.5	316.85
680.8	318.1
679.4	316.5
676.15	318.15
676.15	314.9
679.15	318.4
676.95	315.95
676.75	315.85
678.6	313.4
678.4	312.4
679.05	315.15
679.35	312.4
679.75	314.45
680.8	312.85
679.7	314.3
680.1	314.3
681.4	311.45
681.4	310.6
687.25	307.45
684.7	309.75
684.75	308.1
681.7	309.25
682.95	308.2
680.45	306.75
681.55	311.15
681.9	312.65
883.9	297.6
899.45	290.85
898.65	288.3
897.4	289.8
897.65	287.05
898.65	288.25
897.2	287.3
895.5	287.85
892.8	289.4
892.4	289.85
891.45	290.1
890.2	286.3
887.8	284.35
889	286.2
889.7	285.2
888.95	285.7
892.8	284.55
893.25	283.7
890.3	278
893	283.7
628.65	356.9
653.2	358
652	354.2
649.05	354.5
647.25	353.6
651.25	349.25
649.95	353.05
650.45	349.9
649.7	350.9
653.9	353.55
655.9	354.35
657	353.45
653.55	351.3
655.3	352.45
655.15	352.2
656.95	353.75
658.8	355.2
658.7	357.15
660.85	355.6
662.85	355.9
663.4	356.7
662.95	353.15
664.15	354.45
665.45	355.9
665.7	354.75
666.85	355.8
668.95	356.45
669.45	357.05
671.1	356.45
670.65	354
670.8	353.7
670.75	352.35
671.1	350.3
669.9	350.1
669.25	350.35
668.9	348.3
670.5	347.75
666.95	347.5
663.7	335.35
660.85	333.5
662.55	332.7
659	336.9
663	336.9
665	338.6
535.9	306.35
436.85	264.7
442.35	262.3
440.6	265.7
442.05	259.3
441.5	258.55
442.8	264.55
441.1	262.95
439.45	260
442.15	261.1
441.8	261.5
442.8	263.35
388.4	196.35
382.15	178.35
384	176.8
383	176.5
382.65	174.85
382.6	174.4
383.25	178.1
384.55	183.1
381.9	184.8
383.7	183.4
385.6	185.7
337.65	189.25
187.7	230.1
190.1	226.35
186.9	226
186.95	228.05
186.95	224.3
189.8	223.6
188.25	223
189.8	224.75
190.7	221.6
193.1	225.2
191.15	224.2
191.6	223.2
191.7	224.6
191.75	225.2
191.25	226.7
192.45	226.25
193.9	226.4
194.3	229.05
195.1	226.35
196.75	228.15
193.5	227.35
192.85	226.95
539.7	290.45
568.45	283.2
568.45	281.9
571.6	280.5
568.35	285.25
571.75	286.7
573.3	288.75
574.6	289.1
571.5	287.2
569.4	288.15
571.85	285.1
576.9	291.35
579.25	303.4
0	0
0	0
0	0
0	0
0	0
0	0
615.8	342.7
617.6	338.95
617.1	337.05
615.85	338.2
617.95	336.2
620.2	335.8
621.2	342.4
619.85	337.1
620.5	339.3
621.35	339.6
623.6	343.3
625.4	345.85
625.8	346.55
620.9	350.6
624.15	352.35
627.55	355.4
628.2	351.15
630.2	353.5
633.3	352.1
633.8	350.65
638.35	353.75
382.25	334.4
308.65	320.1
315.95	323.6
315.3	324.5
320.1	328.6
325.15	325.9
324.55	326.4
328.55	324
334.95	322.55
338.35	324.2
340.9	321.85
343.65	322
350.05	320.9
355.65	321.95
360.45	320.45
365.1	323.95
373.7	325.7
380.5	324.3
386	325.75
392.95	325.9
401	325.6
408.05	324.4
415.55	324
421.15	325.35
421.6	327.1
425.35	321.35
430.35	320
436.15	321.05
443.25	320.1
449.95	321.8
456.8	323.75
461.4	323
395.65	307.2
375.2	289.9
382.3	291.5
391.55	292.55
396.35	286.15
403.8	292.35
408.55	293.2
411.35	292.05
415.2	293.25
423.25	294.1
426.5	292.05
425.65	295.45
490.45	325
675.7	472.2
679.95	472.6
687.4	476.45
690.2	477.1
694.15	477.9
696.5	477.2
701.8	477.2
707.55	474
714.55	471.95
720.3	473.65
725	474.45
729.8	476.5
732.5	477.35
737.3	478.2
739.75	479.95
746.7	481.8
752.75	481.45
732.1	488.55
518.05	383.65
537.5	390.6
546.7	394.55
552.3	396.6
555.15	399.55
561.9	399.3
570.7	397.55
573.5	395.45
579.25	396
587.65	397.6
265.6	376.5
278.55	381.25
286.55	380.45
292.1	384.05
299.95	380.15
306.7	379.55
313.5	384.6
320.35	383.5
322.7	388.7
328.2	393.65
334.45	391
342.05	393.6
350.25	394.1
357.15	395.1
362.95	397.1
728.2	416.9
719.25	420.15
724.05	420.3
729.75	422.8
734.5	420.45
741.75	420.9
748.1	423.1
754.65	424.1
758.4	427.35
0	0
0	0
0	0
0	0
0	0
587.45	368.8
584.75	359.5
589	359.95
595.85	360.55
599.2	358.75
607.3	362.5
616.1	359.6
622.35	355.1
627.25	359.35
632	355.9
635.1	352.7
638.75	356.5
641.1	356.35
646.95	358.95
652.4	361.45
656.8	364.9
664.7	365.7
643.95	372.65
222.5	394.95
249.45	387.4
256.2	383.5
262	387.4
266.65	386.8
273.8	390.4
282.55	391.85
288	390.3
291	390.55
294.85	391.9
299.3	391.75
305.6	392.25
311.45	393.65
148.65	278.85
160.3	280.9
164.1	279.25
171.6	279.6
176.5	280.7
185.2	279.8
190.65	280.1
197.85	279.95
205.55	276.85
211.5	279.5
219.55	276.65
230	278.05
237.2	283.9
247.1	284.55
251.75	285.05
258	286.9
264.5	288.15
175.2	307.65
187.4	310.5
196.3	307.35
203.75	309.55
213.85	306.9
224.7	309.95
234.45	314.7
242.05	317.15
253.35	321.2
262.05	323.25
269.85	324.7
277.4	329.95
271.45	344.4
0	0
0	0
0	0
0	0
201.6	263.55
202.75	259.65
206.8	256.2
213.65	258.15
218.25	259.2
224.9	256.35
231.4	253
239.7	259.3
249.05	260.4
257.7	260.85
265.55	263.95
271.85	264.95
281.25	265.2
148.1	229.05
153.7	219.9
162.35	218.05
170.85	220.6
174.95	218.15
185.25	223.35
195.65	227.1
203.25	229.95
209.55	228.45
640.6	374.65
688.2	398
692.4	398.1
700.75	403.1
706.45	409
716.8	408.6
719	403.65
725	401.85
729.3	400.15
731.9	405.8
740.75	406.7
745.15	407.4
748.5	407.05
752	405.55
758.15	406.4
764.85	409.3
769.5	412.05
774.35	416
781.85	419.4
787.55	420.2
788.35	419.4
608.2	366.8
348.2	233.85
362.65	235.1
366.25	235.4
370.1	237.5
374.85	238.55
379.6	240.05
385	243
388.5	244.05
391.65	245.4
396.8	244.9
403.05	247.8
406.8	247.95
413.1	251.45
416.8	249.6
423.2	250.05
429.3	251.15
435.85	252.85
440.8	253.8
445.05	251.8
448.85	253.2
451.25	252.45
455.5	253.5
459.6	252.25
421.7	321.9
414.5	374
416	378.5
420.65	378.5
424.05	380.45
425.55	377.4
428.9	377.75
433.55	376.9
440.85	382.6
590.85	376.5
583.65	377.6
586.55	378.3
588.7	379.6
590.85	381.2
593.8	383.55
594.15	383.35
596.6	382.5
598.1	384.55
600.2	384.8
600.95	380.1
604.95	383
606	387.4
608.55	388.75
604.75	379.45
608.4	380.5
609.6	380.85
609.65	381.8
613.6	383.55
615.85	384.2
617	380.05
616.3	381.05
618.45	382.3
560.35	215.75
563.9	226.6
565.15	224.15
565.65	225.1
567.65	227.25
571.7	226.65
569.6	228.3
568.6	227.55
572.65	227.85
574.4	227.6
573.5	227.85
572.3	228.75
572.8	229.65
572.35	229.75
573.65	228.55
573.05	229.25
802.75	414.95
782	409.15
781.3	414.3
779.65	415
779.6	414.6
782.8	412.8
783.25	412.9
782.85	415.1
783.65	415.2
784.3	415.05
785.4	414
786.9	415
790.45	416.9
793.4	416.25
793.2	418.5
795.9	419.15
794.95	417.25
796.05	419.95
796.75	421.45
797.95	419.35
794.45	420.25
895.95	494.95
894.25	498.3
894.8	500.3
892.55	497.6
893.3	496.35
896.7	494.3
895.9	492.15
893.7	493.8
894.7	495.1
895.35	493.4
838.25	481.1
629.25	355.15
634.35	359
633.55	359.5
633.3	357.85
635.2	355.4
634.9	357.85
634.7	360.35
636.05	361.9
637.1	362.1
636.55	364.5
634.85	364.05
636.05	364.6
633.75	363.85
633.05	363.65
630.75	365.3
631.85	365.15
630.3	366.35
628.4	366.55
629.5	366.55
627.4	367.9
629.6	368
625.9	366.1
625.35	365.65
397.8	201.7
385.7	194.2
389.4	195.45
385.85	194.75
386.2	195.15
387.4	196.3
387.85	198.5
389.15	195.15
390.5	194.5
389.75	194
388.8	199
388.6	193.45
389.45	193.55
389.65	192.65
793.65	388.75
769.85	385.4
770.05	385.3
773.6	385.4
773.9	385.6
775.15	384.65
777.75	383.3
776.8	382.65
775.35	382.8
774.2	382.8
775.3	384.2
774.5	383.4
912.8	398.65
939.95	401.8
938.75	402
935.75	402.15
938.15	399.65
937.55	402.85
931.2	413.95
0	0
0	0
0	0
0	0
0	0
926.3	475.45
927.35	471.95
924.9	472.25
925	473.4
924.9	472.8
922.45	473.05
921.4	474.35
920.15	474.9
919.75	476.05
918.05	478.45
917.2	479.8
916.75	480.3
918.7	482
917.2	483.15
915.5	485.5
914.65	485.45
916.6	484.75
740.95	388.4
616.15	292.75
623.35	291
622.7	287.6
623.65	285.15
621.95	283.85
620.6	287.2
619.2	290.3
620.65	293.7
620.3	294.4
620.05	293.55
621	295.15
620.05	296.5
617.7	299.75
620.3	298.15
623.65	297.65
622.55	298.25
621.2	297.5
621.9	297.9
620.25	297.6
622	299.1
623.4	299.4
621.8	299.6
623.3	299.4
623.75	301.3
623.4	300.45
623.55	295.4
625.1	295.65
625.35	299.5
624.3	297.15
626.15	290.3
626	291.05
623.95	293.4
627.05	293.6
628.85	290.55
627.45	292
629.2	290.9
629.2	290.65
629.3	289.75
628.95	285.5
630.25	286.2
629.1	283.9
626	284.7
631.3	285.7
629.7	287.8
631.75	285.75
629.65	288.45
629.8	288.6
629.6	285.05
624.05	286.4
623.85	283.95
622.8	283.6
623.85	283.25
624.1	280.75
627.5	280.1
625.55	285.65
628.55	288.55
621.25	300.2
0	0
0	0
0	0
0	0
0	0
671.4	381.65
672.55	377.05
670.6	374.2
672.25	369.95
671.2	370.5
669.85	370.5
668.7	369.4
670	364.95
672.25	368.65
668.65	365.8
676.35	100.3
676.2	88.4
677.3	94.3
673.25	91.05
672	89.15
669.55	84.75
670.05	86
668.9	87.4
674.9	92.9
673.65	95.6
672.75	93.3
672.45	92.2
671.1	92.8
673.05	96.5
673.3	98.05
675.4	100.75
659.8	142.95
0	0
0	0
0	0
0	0
0	0
0	0
714.6	346.15
707.85	348
706.85	339.6
704.65	344.3
704.6	349.65
707.6	347.75
703.75	351.6
702.65	350.7
696.65	356.75
0	0
0	0
0	0
0	0
0	0
694.95	109
693.15	105.9
693.4	115.1
691.05	123.2
688.55	171.9
0	0
0	0
0	0
0	0
0	0
0	0
806.35	109.1
808.6	96.95
805.05	93.15
799.9	98.05
787.4	113.4
781.2	137.3
776.25	150.45
0	0
0	0
0	0
0	0
0	0
681.2	130.05
683.75	127.95
682.6	130.05
680.2	132
678.95	130.55
677.4	131.2
677.7	132.8
674.65	136.8
674.75	133.95
675.5	136.1
674.35	138.15
672.75	136.45
670.95	163.1
0	0
0	0
0	0
0	0
708.05	178.7
706.75	176.4
704.95	177.25
705.25	182.15
705.1	182.7
705.45	185.9
706.4	190.45
704.95	192.65
750.8	247.55
747.65	254.2
749.3	253.15
749.2	253.1
749.1	255.7
748.4	256.1
747.5	260.1
748.4	262.75
749.95	265.05
750.35	266.2
749.45	270.6
748.55	276.65
748.15	280.25
746.1	283.3
744.85	282.65
752.8	279.55
774.6	139.65
773.5	145.55
774.6	147.65
772.65	147.45
771.9	146.6
771.85	146.7
770	149.25
772.1	147.5
774.55	145.8
774.7	143.35
775.8	142.1
774.65	143.8
774.7	144.65
775.1	143.55
772.9	146.6
772.95	147.1
773.15	147.8
775.55	146.45
775.25	146.65
775.05	146.45
773.9	145.8
772.9	147.4
772.45	147.05
774.05	148.5
773.7	146.45
775.2	145.85
775.05	146.4
775.3	145.3
776.75	145.2
776.5	144.55
776.15	143.5
827.85	169.45
838.55	181.5
837.6	179.6
837.4	179.2
837.35	182.2
837.1	199.25
868	557.8
0	0
0	0
0	0
0	0
0	0
783.85	198.25
781.85	200.55
782.8	200.4
782.6	200.25
784.35	202.55
785	203.1
784.35	206.15
783.65	204.95
782.9	207.1
766.85	221.3
746.75	279.85
745.8	282.55
744.7	286.55
739.85	289.5
739.7	294.15
738.5	295.65
736.55	297.25
734.85	298.6
732.55	299.95
731.7	328.9
0	0
0	0
0	0
0	0
0	0
0	0
782.9	174.5
784.35	172.75
786.8	175.9
784.3	173.75
785.8	176.25
786.2	179.25
786.35	179.25
786.7	180.55
784.8	184
785.5	181.2
785.2	178.45
786.45	181.65
785.2	185.8
788.75	183.05
788.05	187.75
786.8	188.6
791.95	185.15
791.55	188.3
790.8	188.75
790.5	189.5
791.9	189.2
793	185.95
792.65	184.85
792.05	186.3
793.2	187.05
792.1	186.35
793.2	187.95
791.7	189.5
791.35	189.75
787.35	190.5
791.15	191.55
790.3	193
787	192.45
785.4	191.1
782.95	192.15
361.8	79.3
344.35	58.25
344.8	60.95
346.15	59.4
344.3	57.85
344.45	60.75
343.05	60.6
342.05	69.9
613.4	120.7
0	0
0	0
0	0
0	0
0	0
793.6	209.05
792.8	205.3
789.6	207.35
791	204.5
788.9	205
787.4	204.3
786.15	201.85
788.4	203.85
788.7	203.95
785.75	204.05
783.35	202.2
782.65	205.8
782.65	208.1
783.65	205.8
861.4	398.45
858.8	395.9
856.6	392.1
858.05	394.7
858.6	394.35
859.35	396.5
860	396.9
860.15	397.4
859.95	395.2
859	392.15
860.8	392.6
862.35	392.3
818.25	403.45
390.45	415.8
421.6	404.6
421.85	409
422.3	409.95
421.65	405.85
424	403.7
424.3	402.65
423.2	400.05
423.1	399.75
888.3	250.1
903.25	237.7
898	239.3
898.25	238.75
897.05	236.95
896.35	234.75
895.65	235.75
897.25	235.25
896.55	234.25
895.85	232.5
894.55	232.6
894.2	234.3
896.15	234.65
896.65	234.35
896.9	231.85
898.5	232
900.3	231.3
879.85	239.2
711.35	264.1
712.45	262.3
712.9	260.45
710.75	260.6
711.15	260.05
708.85	260.15
709.15	260.65
708.55	259.4
710.15	261
709.25	260.2
711.15	259.55
711.5	260.3
712.9	260.9
711.9	260.65
714.2	261.1
714.8	259.05
713.7	260.85
713.6	260.8
714.5	260.05
853.85	363.3
891.05	400.7
892.75	400.5
894.05	400.85
891.4	401.05
893.3	400.85
895.6	399.5
896.45	397.45
894.8	397.95
894.5	401.65
854.15	592.5
0	0
0	0
0	0
0	0
672.3	219.6
670.7	218
671.5	215.55
668.85	217.6
667.8	217.1
667.4	217.5
669.85	219.8
665.9	223.05
664.6	228.85
664.05	232.05
663.35	235.3
664.4	238.2
663.9	243
663.1	251.8
654.45	270.05
0	0
0	0
0	0
0	0
0	0
0	0
0	0
870.1	245.2
869.85	232.25
868.35	227.65
866.8	223.15
866.75	225.6
865.6	225.3
864	225.65
535.05	149.6
549.15	151.25
550.55	153.3
552.5	156.35
552.9	155.9
556.95	159.6
556.95	160.65
549.2	216.2
0	0
0	0
0	0
0	0
316.65	364.55
314.2	336.55
0	0
0	0
0	0
0	0
0	0
0	0
377.75	335.95
379.15	338.05
381.1	337.35
382.1	335.8
559.55	312.3
859.75	251.95
852.85	250.85
854.75	250.95
854.3	249.35
852.05	253.1
852.4	253.4
853.85	254.1
851.95	251.9
848.5	244.8
847.45	245.75
847.5	248.2
850.4	248.95
849.35	251.1
742.55	242.9
741.9	243.95
743.7	246.7
742.1	251.3
725.95	291.4
0	0
0	0
0	0
0	0
0	0
0	0
727.65	239.25
729.45	238.4
726.6	237.5
726.4	240.55
727.55	241.15
728.45	243
728.85	245.2
727.9	249.2
729.2	250.8
730	255.85
738.95	142.95
737.5	147.35
734.85	148.35
735.8	148.6
738.1	149.25
736.05	149.7
734.85	149.25
735.4	148.1
736.65	145.7
735.7	144.7
737.9	147.65
737.4	148.65
738.35	148.65
738.6	149.3
741	151.3
743.4	153.45
745.75	156.65
750	161
749.65	163.6
750.95	164.45
753.15	165.35
753.8	168.5
754.75	167.8
755.65	171.05
756.1	172.75
756.8	171.8
758.6	171.7
759.65	173.3
757.55	171.9
760.1	173.8
761.75	174.05
765.15	172.15
765.4	174.95
765.8	172.1
875.2	138.6
868.75	138.35
868.9	139.25
871	140.8
872.5	141.5
876.4	139
879.3	137.95
881.85	137.9
883.55	134
885.85	132.25
891.05	132.4
895.7	133.05
899.35	130.55
901.45	128.55
904.65	129.3
904.15	128.6
906.4	127.1
907	124.9
908.25	127.1
908.7	124.45
810.6	216.75
813	248.5
813.7	249.05
816.15	248.95
813.6	248
815.05	248.35
817.15	248.55
841.85	252.35
849.35	246.75
849.5	243.6
848.85	244.85
850.35	245.15
850.25	245.05
849.4	243.5
850.75	243.35
852.4	243.85
854.2	246.6
852.95	247.95
851.9	248.6
852.75	246.6
852.55	244
868.7	239.2
870.75	238.2
869.45	237.4
867.8	238.2
867.1	238.25
867.4	240.25
867.2	239.2
868.25	240.35
867.1	240.3
