646.15	374.55
648.65	380.4
648.3	376.8
647.75	377.45
651.55	374.25
643.55	377.7
594.95	318.35
582.7	280.7
584.75	272.95
587.3	270.4
589.9	274.5
585.15	278.9
590.4	272.15
596.45	274.25
589.7	278.15
593.4	276.1
591.6	272.95
598.55	268.6
601	274
674.6	354.25
689.35	380.75
683.95	378.45
683.2	384.15
686.75	382.85
684.25	383.9
688.7	386.95
686.35	390.35
685.4	389.55
599.8	328.55
592.25	318.55
594.55	309.2
592.5	318.95
600.4	316.2
600.1	323.5
601.25	320.6
601.95	324.9
603.7	313.75
602.5	323.95
738.95	375.8
0	0
0	0
0	0
0	0
0	0
0	0
0	0
726.85	387.25
729.9	394.4
730.9	393.7
625.25	300.8
579.55	276.25
577.95	274.05
576.1	272.35
578.35	271.7
579.9	271.3
578.2	270.05
575.4	267.35
577.4	263.95
578.35	267
739.9	377.9
732.35	368.25
731.9	368.2
736.35	366.35
738.6	358.4
737.05	359
738.45	358.3
743.15	356.6
705.05	329.5
703.2	329.3
704.85	334.15
703.65	332.65
706.9	329.4
708.45	332.4
706.5	333.8
712.9	334.15
711.95	325.25
648.05	324.2
618.85	306.7
617.7	306
619	306.4
620.35	308.55
621	303.7
622.7	296.65
623.45	308.85
623.65	307.9
624.5	300.2
688.95	363
686.5	361.05
690.25	359
690.2	357.45
691.7	355.75
693.1	357.5
686.15	365.2
684.55	360.8
686.25	365.05
687.05	364.75
686.7	365.65
744.6	349.4
741.8	347.55
746.3	348.05
744	341.95
750.4	337.2
751.35	337.65
748.65	342.15
753.65	343.4
755.1	343.15
754.05	341
721.55	335.8
729.75	334.75
732.55	333.6
738.35	328.8
740	331.25
738.3	331.75
740.85	329.3
741.95	331.4
742.4	327.6
739.2	331.85
718.85	337
676.75	338.9
679.5	340.05
686.2	341.3
684.8	344.15
683.55	341.9
690.9	340.35
683.95	344
579.2	253.2
584.9	257.1
582.55	244.75
580.9	246.1
581.6	245.65
522.2	244.25
522.65	245.8
523.75	243.2
523.55	243.45
525.15	243.7
525.95	244.45
527.7	244.95
527.85	243.85
528.85	239.25
530.4	239.95
529.3	241.45
528.45	243.9
528	238.3
529.05	233.35
529.85	232.2
526.9	232.9
528.7	233.7
529.75	232.9
531.2	238
529.5	231.35
529.95	231.1
534.2	237.85
534.25	234.5
530.85	240.4
534.45	234.05
531.45	230.55
529.6	228.75
529	230.35
531.15	231.65
546.4	231.15
560.45	263.45
561.1	259.15
558.85	262.05
558.9	266.85
548.8	258.05
529.2	209
530.9	210.1
528.65	203.7
528.95	205.15
531.7	210.6
530.2	217.35
530.35	216.9
530.9	215.75
533.95	220.05
589.1	252.75
759.7	537.2
767.8	546
765.55	549.3
769.2	542.4
0	0
0	0
0	0
0	0
598.2	363.1
597.65	359.35
598	360.9
600.4	356.05
595.9	352
595.85	345.5
596.3	355
527.7	223.85
536.3	238.5
537.9	240
536.75	237.6
534.25	233.05
534.85	237.7
534.65	242.35
546.2	240.05
687.45	392.2
687.35	392.4
686.55	384.85
691	385.45
690.15	384.9
690.1	386.75
692.65	388.9
690.1	392.5
690.4	388.3
693.75	389.55
692.5	391.15
694.25	385.35
695.25	386.95
694.3	386.4
691.1	383.9
696.4	381.6
500.65	260.65
468.1	229.2
466.9	232.85
469.3	233.9
469.4	231.8
472.4	240.15
466.1	245.1
468.45	235.85
467.45	250.1
468.65	251.9
470	244.45
472.9	245.7
470.35	250.9
471.95	249.3
471.55	252.65
735.1	239.45
807.6	220.95
810.8	219.65
812.3	221.1
813.5	228.6
0	0
0	0
0	0
0	0
0	0
0	0
774.35	255.55
770.1	275.5
772.45	277.75
770.1	275.35
770.4	275.25
774.15	273.2
772.35	277.25
772.75	277.6
773.3	274
773.8	269.55
770.45	266.4
774.2	267.25
772.45	276.4
772.35	279.85
771.85	280.15
775.85	276.5
776.6	274.35
773.55	275.5
773.4	276.6
768.75	272.7
771.65	271.75
770.5	275.9
771.45	277
771.85	273.8
772.7	272.35
771.4	271.65
771.95	271.3
773.15	272.8
773.7	269.25
774.35	266.1
773	263
779.05	266.3
774.1	269
774.2	269.85
776.3	264.7
774.65	261.5
774.7	265.05
771.9	269
770.1	271.3
771.55	270.55
774.25	274.75
772.85	270.3
772.45	272.15
774.15	278.75
775	280.05
775.75	279.3
776.45	279.15
781.75	268.2
780.6	269.05
777.7	272.8
778.1	274.8
780.6	272.45
780.6	273.75
779.45	285.3
780.35	282.1
780.2	283.9
780.45	285.85
780.4	277.7
781.65	280.55
783.4	283.05
786.35	282.45
788.65	282.85
786.25	283.45
784.8	279.85
732.8	277.8
733.85	274.6
732.65	270.55
737.05	264.8
738.5	262.05
736.1	262.7
734	265.6
735.85	263
735.65	265.6
734.3	273.4
734.75	272.3
734.85	269.75
730.8	268.3
731.6	268.1
734.6	270.4
730.75	275.4
733.2	274.95
731.7	273.7
732.95	273.75
731.9	272.65
736.8	267.85
643.35	267.15
418.5	257.9
431.8	258.75
435.65	256.1
438.25	258.65
437.8	257.05
436.85	258.3
438.45	256.15
439.85	256.4
366.45	279.25
366.6	354.85
361.2	355.5
366.15	354.15
369.1	354.3
370.65	352.45
302.6	389.45
315.45	402.6
315.4	400.25
316.6	400.8
318.4	399.3
319.75	395.95
314.8	400.25
316.1	400.4
314.5	402.4
314.65	400.2
312.7	401.1
309.8	401.9
311.2	402.65
310.55	399.85
312.75	399
311.9	403.15
314.55	402.4
313.75	407.3
312.1	402.55
313.7	403.95
313.3	400.3
311.15	402.65
405.45	266
408.45	240.8
403.25	241.7
404.05	244.9
406.5	234.85
403.65	239.6
405.55	241.55
403.8	242.6
719.9	255
711.05	259.95
709.4	260.7
713.1	251.3
711.65	256.15
711.75	258.25
711.75	262.75
712.55	262.05
715.3	256.65
720.1	252.25
716.35	260.3
719	254
717.15	258.9
719.85	262.6
722.4	258.4
721.95	262.9
727.4	262.5
726.85	259.15
724.55	256.05
725.5	251.95
728.95	254.8
718.15	255.8
725.6	251.85
729.15	249.2
724.75	256.95
722.6	252.55
724.35	253.8
723.85	255.6
730.15	260.6
726.8	256.2
728.3	260.65
725	269.45
727.65	260.95
726.3	260.9
725.9	272.7
719.5	271.15
723.55	271.45
727.15	263.75
722.95	276.15
724.05	271.8
723.75	271.15
719.95	278.6
722.9	273.5
723.4	273
722	277.65
718.55	276.45
719.2	275.45
717.25	276.45
719.25	273.85
719.5	272.15
716.75	274.45
718.8	277.25
716.9	280.85
717.55	276.45
718.2	277.05
720.85	282.55
720.4	271.65
716.9	278.5
720.6	278.8
722.05	273.55
720.4	276.45
719.6	280.95
717.85	281.4
715.75	277.2
716.45	280.2
722.15	279.15
716.2	279.25
715.8	278.95
717.75	280.05
720.15	284.05
718.85	284.7
722	286.45
721.95	279.7
719.8	290.75
717.5	286.35
721.55	284.75
721.9	289.2
725.7	292.9
723.65	289.15
724	291.35
727.25	293.6
726.85	290.15
725.6	290.55
729.85	293.65
727.5	295.55
726.8	294.65
729.05	292.45
729.85	295.35
730.3	295.2
740.65	289
733.75	289.15
736.45	289.4
734.3	289.8
732.1	293.5
732.35	290.45
733.55	287.25
730.5	291.85
736.1	288
729.25	293.1
728.95	294.75
733.3	291.5
734.05	289.55
734.3	295.2
731.95	293.05
730.5	300.7
729.65	299.65
731.35	295.4
736.8	293.45
739.05	298.9
734.7	301.55
734	302.65
736.15	303.7
739.95	304
738.25	301.85
734.6	306
738.3	300.95
739.65	300.65
737.85	305.25
738.8	296
737.4	297.9
734.3	306.25
737.9	300.85
735.25	300.75
736	300.5
738.3	302.95
735.9	308.8
736.7	307.8
734.2	312.1
735.4	304.65
738	302.15
732.4	306.9
736.2	302.85
737.25	303.4
735.9	303.4
734.35	304.6
732.7	309.3
735.4	305.3
731.75	306.65
735.15	306.15
736.3	311.9
734.85	308.45
735.8	312.7
737.85	308.65
735.6	311
738.95	311
735.35	313.5
739.1	314.45
737.85	317.3
736.1	319
737	319.95
736.25	320.2
735.15	322.1
736.55	322.55
733.45	323.45
734.8	325
735.1	325.3
733.35	325.5
741.1	324.3
660.4	330.25
504.25	376.9
505.15	376.05
504	378.15
503.8	376.55
506.8	377.5
510.35	372
506	378
503.55	378.05
506.45	377.15
506.2	377.1
507.45	379.95
507.4	379.55
511.45	379
510.05	377.05
515.05	373.1
513.4	374.05
513.05	374.75
512.3	377.05
515.3	378.9
519.15	373.75
513.25	381
513.2	382.2
514.75	378.9
520.8	375.7
520.4	374.5
515.9	376.65
516.7	376.25
516.9	381.05
516.5	381.75
520.55	374.6
520.95	377.35
520.35	375.7
517.9	379.15
518.05	382.65
521.65	378.45
517.9	384.45
518.4	386.45
521.6	385.3
523.3	387.4
521.5	389.9
523.5	381.65
525.1	389.05
526.6	388.55
526.7	389.7
525	384.9
524.6	386.85
522.75	384.85
522.25	384.1
520.65	383.9
522.35	385.5
520.4	382.4
520.3	385.6
521.7	381.2
526.25	378.25
525.4	375.05
523	379.7
522.7	382.2
522.15	382.45
522.5	378.5
520.3	377.65
520.1	378.35
514.05	380.7
523.05	374.05
520.25	378.35
524.8	375.75
520.85	377.7
520.75	380.65
518.9	382.5
518.5	385
527.1	379.6
526.1	384.25
523.5	382.65
526.6	381.95
527.1	379.1
527	379.15
522.6	384.45
521.5	386.9
523.55	387.8
525.6	389.65
526.75	389.35
529.3	387.2
530.75	388.35
531.05	389.15
526.95	394.75
528.6	393.65
525.25	393.75
661.4	555.2
0	0
0	0
0	0
655.1	260.9
656.45	259.05
658.3	251.2
656.05	251.3
659.9	249.55
660.35	248.55
663.5	245.35
663.35	244.4
664.8	246.7
663.2	245.45
662.45	244.7
664.8	247.2
663.1	245.1
664.15	246.2
665.2	254.3
667.15	256.4
665.15	259.5
665.05	257.85
668.05	256.7
668.2	257.75
670.7	253
670.4	248.8
672.8	252.85
670.65	254.25
671.9	255.35
670.3	256.95
668.8	255.9
669.95	256.4
670.5	254.5
670.55	255.8
672.75	255.15
673.55	255.2
674.85	250.55
672.9	257.3
673.35	256.35
675.55	259.05
677.7	259.05
679.9	254.55
680.95	254.25
680.05	251.2
679	250
679.45	251.4
681.05	254
681.35	261.9
681.15	263.55
682.2	263.4
685.6	260.05
682.9	258.35
771.3	455.7
770.25	490.55
766.05	491.85
765.6	495.8
764.95	496.75
770	488.5
770.45	491.05
770.65	490.55
766.2	487.5
769.45	489.8
764.8	488.85
767.45	488.2
767.65	486.7
773.2	448.7
773.15	451.55
772.85	452.5
774.45	454.7
777.05	455.3
778.2	457.1
777.9	458.9
775.1	457.85
779.15	461.6
0	0
0	0
0	0
0	0
0	0
0	0
0	0
0	0
0	0
0	0
0	0
829.45	320.35
830.95	317.3
830.35	323.35
826.4	353.45
823.3	396.9
821.75	405.7
820.75	415.45
824.8	415.6
825.35	418.55
823.2	421.4
821.15	419.85
821.95	418.65
822.8	422.6
824.15	422.7
827.2	420.35
829.25	416.75
828.65	421
827.45	424.7
763.15	467.6
773.05	457.95
769	460.2
764.95	459.7
768.55	458.3
768.2	456.35
766.05	457.8
765.1	459.45
763.95	458.2
763.4	459
764.2	453.55
763	458.15
760	452.8
758.7	454
761.85	454.2
763.4	451.1
761.85	448.9
759.5	451
761.65	447.85
765.9	446.1
763.6	448.75
766.05	444.15
762.5	445.2
762.45	447.6
761.75	444.95
762.55	446.05
759.45	453.2
761.15	456
766.8	448.6
769.5	448.55
768.05	451.7
768.3	457.15
770.55	450.65
770.95	451.7
776.6	445.85
771.6	448.45
774.15	447.6
790	468.45
788.65	462.55
798.15	458.6
797.55	460.15
798.75	460.55
797.4	460.15
799.5	461.95
798.4	460.35
797.25	458.35
797.7	458.6
797.2	458.4
796.7	457.85
790.25	461.55
792.35	463.2
792.85	463
793.95	461.8
788	466.4
791.9	469.95
791.8	472.5
796.25	469.45
796.65	475.6
797.1	477.75
800.1	479
795.05	476
797.25	480.8
709	497.8
0	0
0	0
0	0
0	0
0	0
0	0
0	0
0	0
819.35	443.2
814.75	434.05
819.35	423.8
827.7	414.1
814.85	434.05
809.25	473.25
804.5	482.35
700.1	361.95
705.5	369.95
705.9	365
705.2	371.25
708.85	361
707.25	361.15
701.45	368.15
704.95	359.65
705.1	361
703.3	362.65
709.1	352.5
702.9	364.25
704.1	364
701.15	364.95
701.85	368.5
530.85	414.65
427.7	482.25
426.05	483.4
424.35	490.5
428.3	480.4
430.35	480.4
424.1	494.1
426.05	490.95
431.5	485.65
429.3	484.05
427.5	487.15
712.95	365.05
736.85	335.7
736.85	339.05
736.5	339.9
736.6	345.65
735.95	347.85
738.3	355.75
739.05	359.1
738.15	350.05
736.15	361.05
739.65	360.35
734.55	360.95
734.15	365.15
736.75	365.8
735.75	369.75
732	366.8
731.55	367.9
729.9	365.9
731.85	368.3
735.55	367.95
732.9	367.8
732.9	366.75
726.25	368.9
732.85	372.3
729.8	366.8
729.9	370.65
727.35	372.25
727.1	368.05
734.7	368.25
734.95	368.95
735.55	372.95
731.6	370.25
738.2	364.95
737.9	367.65
742.6	357.85
743.2	362.55
744	362.1
743.1	363.3
744.35	365.85
747.85	359.3
743.85	362.5
751.05	357.35
747.05	364.4
745.2	369.6
750.85	364.7
746.45	367.5
745.4	371.65
747.5	370.25
749.75	370.8
753.3	375.35
755.9	374.6
756.2	377.05
735.4	349.7
740.9	340.4
741.4	343.5
741.25	348.8
742.55	349.15
742	349.45
748.25	347.05
751.95	345.05
749.05	345.85
747.15	347.75
748.85	347.2
747.15	343.7
752.4	345.75
746.5	348.25
748.1	351.65
751.65	627.45
0	0
0	0
0	0
0	0
0	0
0	0
629.25	402.85
640	328.85
781.9	345.05
780.95	354.5
775.9	395
771.4	404.05
771	406.8
760.05	370.75
756.95	381.95
756.45	382.35
757.05	379.55
759.75	380.7
758.8	379.6
760.1	376.15
759.75	376.35
759.1	380.35
756.3	379.2
758.15	374.45
757.25	381.1
758.75	376.45
760.15	375.05
759.95	375.55
758.65	378.65
758.5	376.9
761.9	373.55
759.2	381.65
760.25	383.5
759.45	378.5
760.85	377.15
758.4	380.6
759.3	374.5
757.9	376
757.2	379.35
761.75	375.45
757.8	375.95
758.25	379.55
762.3	376.6
758.55	378.65
760.05	376.5
760	379.35
762.05	377.45
761.35	380
763	380.9
758.25	383.25
760.55	378.9
758.5	381.2
754.85	382.15
756.35	379.9
754.25	377.75
751.25	380.5
750.8	381.75
752.8	377.6
749.55	379.4
752.1	377.6
750.85	378
751.55	378.6
751.5	378.5
750.6	379.15
749.8	374.05
746	375.1
744.75	378.5
741.45	377
738.35	379.6
737.15	379.5
731.25	378.15
735.85	372.7
729	378.8
729.55	375.65
730.5	376.55
726.1	373
718.7	376.55
716.85	376.65
717	370.15
716.8	369.7
714	367.25
712.8	371.85
708.05	372.95
703.25	370.65
701.6	372.85
699.1	373.55
700.35	373.25
697.15	376.65
696.7	374.25
697.2	373.7
695.6	374.85
696	375.15
695.95	372.8
695.35	374.6
693.75	377.15
691.7	375.5
688.35	381.1
692.6	375.3
686.7	375.5
688.45	374.55
684	380.15
684.55	379.25
688.65	379.4
679.9	381.05
681.95	378.3
681.35	381.8
682.6	379.5
677.45	384
678.1	382.35
677.5	381.95
672.9	386.2
674.05	383.75
671.2	385.7
670.85	385.35
668.6	387.25
666.3	388
664.9	390.3
664.8	390.65
664.5	390.05
663.3	392.45
657.9	396.35
660.5	396.55
657.35	397.65
658.4	399.4
654.15	398.9
652.5	396.3
649.3	396.65
649.3	397.95
648.95	393.75
648.1	392.2
650.1	396.8
641.05	392.25
637.3	395.85
635.75	397.9
637.6	393.6
632.6	393.1
634.95	388.05
631.85	392.1
626.4	393.55
625.65	393.35
621.7	393.4
620.1	396.05
618	393.55
615.95	393
615.8	387
606.8	397.6
608.45	391.3
605.15	396.95
607.85	391.7
599.2	395.85
602.1	391.75
592.6	395.6
591.7	396.05
589.1	396.4
586.35	398.3
587.1	396.7
588.65	393.95
585.55	398.1
584.2	393.5
581.35	391.65
586	391.4
573.2	397.6
577.3	392.95
574	393.65
571.5	390.1
574.8	392.3
567.55	390.1
561.4	397.95
563.35	391.7
558.1	397.4
554.65	392.35
554.45	393.3
553.5	396.1
551.75	391.8
551.7	390.7
549.25	391.1
548.35	394.75
546.35	392.25
545.5	396.4
543.45	396.6
541.9	394.8
541.8	398.7
537.8	398.85
538.7	401.1
538.75	400.75
538.95	403.8
541.6	402.05
538	405.35
538.9	408.1
538.05	409
539.75	409.5
541.95	409.55
544.1	408.8
539.6	412.95
541.2	414
541.15	416.4
539.75	414.5
542.35	415.9
541.1	416.3
540.9	415.45
536.95	418.15
536	419.65
534.8	417.05
537.6	418.2
533.1	416.7
533.3	419
526.75	420.5
522.85	419.15
526.6	416.45
523.8	421.25
523.9	424.8
522.55	419.65
522.95	419.1
524.65	419.05
523.2	417.15
522.7	416.05
521.45	415.05
522.75	412.15
523.25	411.5
522.95	410.2
522.8	408.85
525.55	411.85
523.65	411.65
522.65	409.9
525	404
524.65	399.6
529.65	400
524.8	400.55
525.2	402.45
528.9	397.65
528.2	397.75
525.6	402.9
525.6	397.3
526.2	393.55
527.65	397
528.75	397.05
526.4	397.1
524.95	398.05
524.65	396.3
522.15	399.4
523.9	400
522.5	401.1
521.95	396.1
525.35	395.9
521.3	396.75
522.5	399
522	395.15
521.65	395.4
523.25	396.2
518.8	400.35
520.7	397.35
520.3	390.9
519.55	401.9
516.65	402.25
518.65	402.55
518.35	403
518.9	406.55
519.6	399.2
518.05	402.5
516.7	403.5
521.95	399.4
520.9	401.8
522.75	402.9
523.25	401.65
519.25	402.9
515.8	407.05
516.65	406.4
516.05	406.1
514.35	410
513.8	406.7
516.65	409.45
514.9	408.45
510.5	410.35
508.45	411.45
506.7	410.1
506.8	412.05
591.05	556.05
0	0
0	0
0	0
0	0
0	0
0	0
0	0
0	0
0	0
0	0
0	0
0	0
0	0
0	0
0	0
0	0
0	0
0	0
0	0
0	0
0	0
0	0
525.2	317
527.8	309.3
527.75	304.65
519.1	299.4
676.9	397.95
686.05	397.3
677.45	453.3
675.45	462.5
676.5	461.5
678.8	463.8
710.95	288.35
707.4	284.4
709.3	282.35
711.4	273.85
714.45	275.4
712.7	275.85
713.2	284
711.1	286
715.05	287.25
716.35	277.8
715.2	277.65
718	270.15
718.35	269.55
717.75	271.05
718.6	272
717.4	269.9
716.95	269.65
718.7	267.75
718.4	268.25
717.65	267.15
718.85	270.8
714.9	276
717.75	279.15
714.35	282.2
719.55	283.45
715.6	285.8
713.2	287.55
714.35	293.25
711.85	297.3
715.65	293.25
708.75	296.2
709.75	296.7
713.15	298.4
713.1	294.35
740.5	285.1
878	245.75
874.3	246.5
871.8	244.7
877.1	246.05
878.3	245.45
882	247.7
881.8	245.8
883.5	247.15
884.55	248.5
884.9	250.5
883	251.95
881.3	253.5
874.8	251.15
876.1	258
0	0
0	0
0	0
0	0
0	0
0	0
834.95	424.45
832.7	390.55
830.55	379
829.3	368.7
836.25	373.6
803.4	314.25
803.9	334.5
799.55	338.35
798.75	334.65
798.55	339.8
798.7	338.9
799.5	339.75
802.3	338.1
799.9	341.9
626.95	321.55
605.85	323.05
610.7	320.4
605.35	318.75
604.95	320.6
610.05	315.75
610.55	317.9
609.7	318.85
608.15	320.3
606.8	321.7
607.3	322.1
606.25	326.45
606.65	322.5
608	323.2
612.35	325.65
612.55	326
614.35	322
613.95	323.1
615.25	323.15
611.6	323.4
608.9	326.95
609	327.4
606	329.15
607.95	329.15
609.05	325.85
610.65	323.55
611.25	329.2
615.65	325.1
612.55	327.05
610.8	326.55
607.1	332.85
610.85	330.6
610.9	330.3
610.55	333.8
611.75	336.2
610.9	338
612.75	336.65
614.4	336.4
614.4	333.65
613.55	335.5
611.05	337.35
611.7	340
608.05	342.7
675.85	383
664.3	432.85
661.9	432.95
660.85	427.35
607.85	436.75
613.2	456.2
607.35	456.8
603.2	461.6
600.3	461.85
596.55	464.2
562.2	467.75
551.15	473.85
547.7	477.95
540	481.35
532.8	485.4
524.85	488.25
519.25	491.15
513.85	493.85
501.2	500.45
497.65	503.85
498.25	507.25
825.9	333.45
906.35	247.45
901.9	241.1
904.35	247.15
905.1	253.2
898.4	245.8
895.35	246.95
990.65	177.25
996.6	173.9
993.1	178.65
990.6	187.25
994.8	182.55
1024.1	158.25
1020.5	161.6
1016.95	163.5
1017.3	169.15
1014.2	167.75
1010.3	162.35
1008.55	167.9
1003.8	178.2
1004.75	177.85
996.65	181.45
993.05	180.1
830.4	247.65
835.4	264.3
829.6	260.1
828.4	261.45
823.65	268.45
822.8	270.65
821.3	272.8
811.75	276.1
732.25	467.85
0	0
0	0
0	0
0	0
0	0
0	0
761.1	312.55
753.4	339.1
798.4	305.5
848.2	332.8
842.1	332.75
841.1	338.45
832	336.15
833.55	343.25
823.2	336.45
790.05	282.7
790.25	285.05
789.8	288.85
787.1	283.3
781.75	290.45
781.35	294.75
862.4	251.05
899.75	238.95
900.1	241.45
892.6	243.05
893.45	244.3
891	247.2
901.5	230.85
898.45	233
898.55	231
890.65	235.3
887.2	235.15
880.75	236.15
880.4	237.25
879.8	243.1
698.8	330.9
705.85	336.05
703.2	339.9
698.25	344.95
698.2	341.05
694.05	346.7
686.55	352.6
681.15	355.1
675.55	357.15
677.15	356.55
670.4	361.25
663.85	368.8
660.65	371.95
652.5	380.65
648.55	384.3
648.65	387.15
644.15	389.7
621.5	412.55
616.5	418.2
608.75	419.55
600.15	424.5
594.95	425.45
584.6	432.75
578.35	439.4
514.45	429.15
343.75	321.7
348.4	327.2
351.1	323.85
346.35	335.55
342.55	334.15
546.85	414.55
556.35	408.15
544.55	417.45
543.1	410.1
535.7	420.35
523.5	429.1
517.15	435
700.15	436.85
683.5	448.7
676.45	449.65
667.35	458.45
659.35	465.9
656.65	475.2
650.3	479.3
636.65	487.55
627.85	491.85
611.5	507.5
728.95	409.15
760.7	347.45
751.05	352.7
745.3	359.7
751.75	366.6
1097.15	125.1
1083.25	162.95
1075.8	166.55
1068.35	172.3
1066.25	175.95
1061.85	178.5
1051.6	187.1
1043.35	193.2
1037.45	195.95
1036.05	203
1025.1	213.6
1020.05	218.3
1010.35	221.45
970.5	243.8
566.45	365.25
562.55	367.65
557.3	375.15
554.45	379.35
545.35	383.3
542.65	384.3
469.05	402.55
400.15	459.7
393.55	469.3
386	470.35
379.5	473.85
377.2	477.5
358.85	339.55
389.75	223.9
394.3	215.95
387.95	221.3
387.6	226.05
381.1	232.55
552	293.55
704.15	341.75
707.1	349.9
705.15	352.7
698.75	359.95
693.3	368.05
681.45	376.7
842.5	337.85
1065.9	232.45
1041.45	249.35
1032.65	258.4
1026.75	263.45
1019.8	271.9
1008.55	281.05
995.75	293.15
990.2	300.6
997.8	301.9
988.95	311.4
981.55	315.5
964.8	329.2
954.4	330.15
939.95	342.2
923.2	353.15
910.3	359.6
900	368.2
884.4	377.1
872.25	387.55
851.2	401.15
837.1	417.2
819.65	425.15
799.75	442.6
788.85	449.65
769.5	464.8
749.15	480.4
731.4	493.5
711.1	509.25
692.75	521.55
706.95	495.35
690.1	508.35
668.9	519.95
652.3	531.6
630.85	545.6
610.55	555.7
596.2	566.05
577.3	578.65
561.4	586
603.55	562.1
888	292.85
882.25	291.9
873.35	302.9
861.95	312
858.45	315.2
843.7	324.3
839.55	327.55
824.35	338.4
814.8	343.5
802.65	354.3
791.65	359.8
784.4	365.85
580.05	323.05
583.05	327.5
577.25	332.1
571.65	333
567.6	336.3
566.5	341.4
400.4	345.6
399.3	350.85
398.65	355
394.05	355.1
392.1	356.95
388.65	357.55
413.3	369.7
433.6	399.1
429.15	400.75
426.3	401.1
425.15	402.45
423.95	406.6
414.65	409.5
414.75	413.4
413.15	418.3
363.4	352.65
366.6	359.4
366.6	360.55
367.8	361.7
363.9	368.9
359.45	372.8
698.05	392.75
797.35	362.05
800.1	375.45
794.75	376.2
792.65	376.6
787.25	379
784	381.35
780.85	388.65
774.6	393.05
770.05	399.3
766.95	409.35
758.85	418
807.75	404.55
815.7	389.8
810.1	390.2
806.35	391.45
798.3	398.65
787.9	403.95
775.1	414.5
1008.75	219
1002.95	219.05
998.65	229.15
991.45	225.65
979.3	230.15
975.45	234.85
966.8	245.9
957.95	254.05
949.5	259.7
937.65	259.8
921.85	269.8
1056.05	148.55
1042.9	148.3
1038.1	154.75
1028.25	163.1
1022.15	170.15
1015.1	178.75
1007.95	185.15
1005.35	187.45
997.7	197.5
986.85	207.7
979.5	215.05
646.3	323.15
409.3	411.85
399.5	418.1
397.45	422
394.3	427.45
390.7	432
381	434.75
312.3	378.9
306.75	366.05
307.45	366.1
304.85	369.85
304.6	372.15
298	371.35
299.1	371.8
297.2	372.75
296.4	374.05
371.55	317.1
435.85	215.45
427.4	229
424.85	234
423.6	238.4
425.4	240.55
428.95	236.35
418.05	237.95
414	237.95
415.8	238.1
415.45	244.15
410	243.95
716.05	260
888.5	252.85
896.35	260.45
889.8	266.15
883.45	269.5
876.8	275.7
869.45	279.6
863.65	284.55
855.4	292.1
844.9	300.1
784.45	270
783.95	279.7
776.1	277.95
766	283.3
757.9	294.9
751.2	300.3
580.9	282.65
560.3	289.15
559.35	293.5
551.1	298.55
547.65	296.05
544.4	303.75
543.7	306.9
540.05	310.55
760.95	237.35
904.65	172.8
910.65	179.45
912.45	179.55
903.35	184.5
899.15	189.4
895	194.3
886.95	199.55
879.95	207.2
871.4	211.75
868.75	213.95
866.9	218.5
857.3	226.5
752.1	251.9
750.25	255.6
735.7	264.45
725.15	271.85
710.05	284.7
697.65	288.7
685.25	296.25
667.45	305.4
655.6	314.8
646.85	316.45
640.4	322.8
428.7	300.1
378.9	277.95
380.45	281.4
379.95	280.5
378	282.65
378.3	287.05
371.75	288.35
374.65	288.7
369.6	289.8
369.35	292.8
369.05	291.65
367.6	295.3
366.55	293.95
365.65	293.45
365.75	298.7
362.65	299
361.8	299.95
360.6	299.55
361.2	298.65
573.45	347.85
572.95	338.15
561.7	340.95
558.2	344.15
552.3	347
545.65	351.8
540.8	360.1
541.5	359.8
531.5	365.3
600.45	345.15
882.45	224.1
911.85	203.1
909.65	206.25
904.45	209.8
897.7	216.4
895.25	215.5
892.65	218.45
879.85	228.1
873.75	231.25
869.5	235.6
858.95	242.35
854	247.45
848.05	251.95
843.9	255.55
832.9	260.95
829.6	265.5
822.35	271.6
812.55	271.8
808.8	275.2
798.2	283.75
790.75	287.5
786.75	287.45
779.25	294.45
775.7	295.95
767.1	300.1
760.35	304.55
752.8	307.8
747.5	310.75
739.7	317.05
736.4	321.9
726.95	331.55
725.5	327.95
718.65	333.65
503.8	393.95
507.8	402.15
503	408.7
497.05	408.7
495.55	418.05
489.1	421.45
485	425.15
483	432.8
478.5	432
476.15	437.4
555.2	416.6
803.85	298.75
797.05	311.95
790.2	316.8
788.65	320.65
784.2	324.15
782.3	324.6
778.25	327.85
775.15	331.95
770.55	336
772.6	333.4
765.8	341.05
758.35	344.3
752.7	349.95
747.6	353.1
737.6	359.7
730.1	363.9
724.75	368.15
718.65	370.55
711.85	375.3
701.55	382.5
392.85	366.05
409.15	364.3
408.2	367.05
407.3	371.05
404.95	372.5
404.5	372.5
408.05	373.95
410.5	376.3
408.45	377.1
479.9	420.85
470.75	427.25
466.95	429.6
467.05	430.25
465.1	431.3
460.3	435.4
454.75	450.65
552.45	593.1
0	0
0	0
0	0
0	0
0	0
0	0
621.4	293
622.1	242.95
758.95	294.75
751.7	333.3
746.2	359.5
741.45	370.85
733.55	378.15
726.25	383.35
719.6	387.25
705.9	390.75
692.15	399.4
681.8	407.9
668.15	412.85
657.35	422.35
647.2	426.05
639.05	429.7
630.4	432.45
617.4	444.3
547.05	423.2
535.85	424.05
529.65	426
518.6	432.2
506.25	434.15
494.15	446.05
488.45	449.7
479.7	454.35
470.5	461.85
463.65	467.15
454.75	473.1
437.85	481.95
431.85	486.7
392	449.5
390.05	454.85
374.8	461.95
370.15	459.65
366.7	460.15
358.2	466.35
354.3	467.2
346.55	475.7
343.1	479.1
250.5	390.2
256.95	376.95
256.15	378.15
256.35	381.4
251.35	384.3
250.9	383.5
252.65	383.9
248.15	383.15
248	384.05
250.45	392.25
254.25	393
251.45	395.2
252.3	398.05
250.05	401.2
422.65	435.35
513.7	451.8
512.55	454.65
509.2	458.15
507.35	459.3
506.7	454.2
504.35	457.85
499	465.05
494.1	467.7
488.15	478.3
586.25	458.5
924.2	345.7
922.6	361.1
921.5	362.1
911.4	370.85
907.55	376.2
903.45	382.6
901.15	390.9
742.4	386.4
436.1	383.15
447.35	387.75
447.75	395.5
444.1	398.15
440.05	400.35
438.8	411.55
438.1	418.45
436.5	420.1
436.2	422.95
472.4	417.4
653.1	397.65
648.9	405.95
652.2	401.3
651.05	405.35
648.95	406.65
647.15	409
647.05	411.75
635.45	423.45
634.85	426.15
637.8	425.15
633.5	427.75
632.85	433.35
629.65	437
626.6	434.95
618.1	444.5
615.85	450.05
615.5	450.7
611.9	451.65
593.65	455.9
435.55	436.5
447.45	440.4
448.75	440.8
444.15	445.85
441.35	448.15
297.8	441.8
296.35	437.75
296.6	438.85
294.4	438.2
297.3	442.65
297.85	444.55
193.7	375.7
181.9	339.95
180.6	338.85
182.55	342.05
182.9	345.1
184.75	337.5
184.45	340.55
184.85	343.6
183.45	343.75
187.25	347.75
199.95	421.5
200.05	444
197.75	447.75
198.1	446
194.2	447.3
195.95	448.95
195.5	450.5
195.2	452.75
253.35	527.2
251.7	528.8
251.35	527.45
247.8	534.4
248.2	540.3
246.4	542.6
245.6	545.9
248.15	552.05
244.85	552.2
242.4	551.1
242.05	549.85
238.95	552.35
511.85	564.65
656.05	556.9
672.15	561.15
665.75	566.9
673.2	565.35
668.2	569.3
669.2	566.75
662.7	572.9
664.25	570.25
665.95	572
664.9	571.7
630.3	449
630.45	439.35
632.3	441.55
627.7	441.55
630.25	441.85
808.65	457.35
812.25	463.2
811	460.25
811.4	460.7
813.85	462.1
813	458.7
812.2	457.5
816.45	452.95
817.3	450.55
817.85	457.6
716.7	499.1
566.6	595.9
568	597.65
567.5	602.9
567.35	598.15
561.9	599.2
557.8	598.25
561.8	600.5
565.9	603.55
215.9	609.15
232	615.4
235.65	614.9
238.1	614.4
243.45	611.5
242.5	614.85
247	614.2
247.3	614
244.85	609.8
251.15	610.75
251.05	608.95
247.8	610.1
254.45	611.05
255.05	612.45
255.75	607.8
354.1	599.25
353.7	605.7
354.5	601.8
357.3	599.35
358.05	600.75
359.35	601.35
360.25	597.25
356.15	596.85
358.8	596.75
362.05	594.95
360.4	596.95
362.85	596.55
365.3	597.4
367.95	598.25
373.75	598.35
369.7	596.35
370	597.35
376.05	600.7
379.95	598.6
382.2	593.3
379.55	597.85
377.85	595.25
382	589.5
383.45	589.6
383.35	593.35
598.6	536.15
693.35	487.1
691.4	487.8
691	490.85
693.15	493.25
692.25	491.4
781.5	450.5
780.75	451
778.4	449.7
779.5	450.65
779.25	452.6
782.25	453.25
780.55	452.7
783.35	452.9
783.9	453.25
783.25	453.65
786.85	453
786.3	453.25
790.8	455.65
787.35	458.55
786.2	459.4
775.7	462.2
770.95	445.35
775.35	443.85
774.1	445.55
773.25	446.85
772.45	447.7
772.25	445.4
773.4	442.2
773.05	443
775.6	443.25
775.8	443.4
777.15	448.5
777.9	446
784.35	443.25
779.05	452.25
783.75	451.2
786.1	448.25
781.45	451.6
784.75	450.7
783.65	450.9
784.1	449.95
785.95	449.6
785.4	450.7
783.5	453.3
783.05	450.4
787.55	447.65
786.45	448
786.05	450.3
784.7	451.15
784.15	449.35
784.55	447.4
785.45	450.8
787.25	450.8
525.35	568.3
497.95	584.65
502.2	588.65
505.3	589.7
499.7	589.7
504.1	581.65
504.45	583.6
505.4	584.15
507.7	582.05
511.15	585.6
513.6	588.15
511	588.5
512.3	590.55
510.75	585.95
508.35	584.95
504.6	584.75
505.65	586.65
504.85	585
505.35	580.8
652.55	495.35
714.7	445.05
718.4	443.7
718.9	444.8
717.55	443.7
716.9	445.05
718	447.65
713.55	449.7
714.95	449.6
721.05	447.55
719.85	446.8
817.65	431.05
815.65	432.75
817.7	431.5
817.35	433.1
820.9	431.9
818	432.15
813.35	436.35
814.05	438.7
818.3	440.4
818.95	440.45
818.95	443.3
818.7	441.5
818.5	443.35
819.6	444.85
818.2	443.55
818.75	443
823.05	442.45
818.35	446.4
826.25	439.4
824	442.25
824.35	444.3
824.95	443.4
826.2	443.55
825	443.45
825.9	443.85
828.55	443.55
571.3	461.4
581.75	460.1
589.3	456.65
588.15	459.75
584.1	460.65
582.8	464.2
584	463.35
587	462.15
584.3	461.2
583.85	464
583.8	465.25
586.1	466.7
585.75	466.3
664.8	463.65
780.45	454.6
784.5	453.75
784.25	453.4
789.65	452.6
788.05	454.05
786.55	450.85
788.1	455.95
789.25	450.65
790.55	448.05
791.25	451.05
788.95	454.3
791.25	453.9
788.7	456.75
792.6	451.8
794.65	453.1
792.75	457
791.35	457.05
796.5	456.2
794.85	456.45
794	456.15
794.05	454.75
793	456.65
796.35	460.75
719.35	451
723.85	452.2
722.25	454.55
721.55	455.95
723.8	453.9
723.15	452.6
724.7	455.3
725.75	453.2
723.5	456.1
687.4	444.15
506.2	368.1
513.6	379.3
515.65	378.5
518.85	379.95
519.4	378.2
519.6	379.45
519.85	379.4
520.45	379.45
525.25	370.8
524.65	371.75
524.8	369.2
594.6	420.05
681.95	534.8
685.2	542.4
683.9	537.6
688.45	537.75
689.35	533.6
685.95	532.2
684.75	533.3
681	535.9
682.6	536.25
683.5	537.5
685.1	534.45
684	534.1
686.7	534.85
686.2	537.05
686.25	536.1
686	535
684.9	539
686.9	535.05
687	535.35
686.55	536.55
690.35	537.55
687.95	538.3
690.55	537.05
691.05	535.15
691.25	532.1
693.85	530.15
695.8	531.05
603.75	361.65
597.9	332.05
603.9	332.85
603.05	332.1
602.9	335.75
601.4	338
601.4	338.95
601.5	338.8
603.1	337.7
602.2	342.35
602.7	338.65
601.4	340
600.4	343.45
601.6	340.5
603.5	337.95
601.95	336.55
600.75	337.65
602.9	336.3
603.45	332.15
601.75	331.65
601.1	334.95
600.05	334.9
598.1	334.55
600.05	337.8
603.25	331.95
602.65	336.3
601.95	339.25
603.5	336.55
541.25	594.1
546.7	583.7
546.9	582.35
553.6	585.25
554.85	586.75
547.35	586.15
552.7	578.4
550.55	584.4
555.75	588.45
553.7	585.8
554.3	582.2
554.45	583.7
557.75	586.55
555.5	588.3
560.05	587.3
449.4	569.95
441.8	570.15
441.75	569.4
440.4	568.05
442.1	567.9
442.4	567.15
441	566.8
372.4	526.35
351.3	504.55
349.1	502.65
352.4	504.1
353.9	503.1
355.3	508.9
357.55	514.15
358.5	515
357.7	512
356.55	510.5
356.7	511.8
355.15	510.25
358.05	507.2
354.3	510
715.55	579.15
731.6	572.6
730.4	574.95
728.1	578.25
730.5	579.15
729	570.2
732.6	569.95
804.3	497.45
845.45	420.6
848.95	420.35
846.15	423.4
846.8	425.6
847.85	425.65
846.4	424.15
846.2	422.05
847.25	426.9
846.1	432.15
846.65	430.85
847.3	430.4
788.1	435.75
788.25	437.55
790.95	439.9
789.6	441.4
795.7	442.5
794.45	434.55
794.3	435.85
797.55	435.8
797.6	443.55
669.6	398.1
641.05	380.25
641.75	382.7
642.65	383.2
645.15	378.75
645.05	382.5
645.7	383.65
647	382.2
649.45	381.85
651.05	383.45
651.85	383.95
649.25	384.05
647.65	385.1
682.15	431.9
724.25	524.75
722.4	529.55
722.7	533.05
720.5	533.25
719	534.9
725	528.7
727.85	529.4
683.1	447.6
678.2	452.95
682.15	451.5
681	452.3
678.3	455.8
681.65	454.1
678.65	454.5
676.7	457
675.05	459.9
675.9	460.8
674.95	461.75
674.65	461.45
675.6	462.55
676.05	463.4
678.1	465.3
679.25	463.8
678.65	465.6
625.2	426.2
630.3	425.9
636.3	423
636.05	423.75
634.6	423.85
630	427.65
627.75	426
635.6	422.2
634.35	421.2
629.4	425.05
628.15	421.25
638.65	420.6
636.35	421.6
636.35	423.9
634.45	422.15
637	421.45
638.45	421.75
637.7	425.85
636.4	427
637.4	429.4
639.95	426.2
637.7	422.85
675.75	471.8
674.35	471.95
674.6	471.4
677.4	473.9
673.5	476.1
673.8	473.5
679.15	470.5
679.15	469.5
680.8	470
679.95	473.2
676.05	475.4
690.6	434.3
669.55	293.85
680.3	280.5
680.75	279.45
682.9	278.55
682.4	275.45
678.9	278.55
679	275.45
681.65	274.15
772.7	397.6
816	441.6
807.35	447.5
810.05	449.4
811.85	450
812.1	448.2
814.3	454.6
814.05	453.4
816.9	452.75
718.9	431.6
721.65	432.55
724.45	427.6
728.95	420.5
726.55	424.2
725.15	424.4
726.2	424.25
729.5	424.75
728.55	432.15
725.9	429.4
732	430.65
732.9	431.3
730.25	435.1
729.4	434.35
730.3	438
729.55	438.75
733.1	438.95
731.55	439.3
711.45	420.5
590.4	283.1
583.3	240.6
583.35	241.75
582.6	238.75
581.15	235.45
582.75	237.05
580.7	241.1
581.95	244.05
584.5	246.5
584.45	240.7
585.2	241.6
585.85	242.35
583.15	240.7
593.65	315.95
0	0
0	0
0	0
0	0
0	0
0	0
0	0
0	0
745.3	370.6
743.1	355.95
730.25	412.9
735.55	421.75
735.9	426.25
734.8	424.05
724.15	430.35
727.6	431.45
728.95	432.8
728.35	438.4
727.35	437.8
727.55	438.2
718.3	435.25
622.35	389.9
627.4	385.7
630.65	393.3
627.55	400.75
625.25	398.85
628.65	400.85
631.6	394.05
628.4	395.1
632.15	393.35
629.55	403.65
628.05	407.3
626.6	401.1
628.8	401.9
630.85	407.85
625.2	410.65
626.45	411.55
630.6	403.25
635.2	395.9
630.5	397.8
631.3	395.9
634.05	392.2
477.2	341
435.15	339.4
434.05	339.95
435.05	342.2
435.3	344.65
439.05	343.6
441.15	344.1
440.8	347.45
442.75	346.95
440.8	350.5
442.2	353.3
512.3	336.6
573	301.05
575.05	300.5
574.1	301.65
571.9	301.35
578.1	299.25
575.85	304.55
577.3	306.3
578.2	306.9
581.3	306.4
582.6	306.2
582.75	303.95
583.8	304.15
582.65	307.9
583.75	311
588.15	312.3
588.2	310.55
591.2	307.45
591.6	303.65
592.65	305.4
593.05	306.1
593.3	301.75
799.15	444.2
854.05	447.7
852.45	447.85
852.85	446.6
851.4	448.25
849.5	445.65
849.75	451.35
850.05	452.2
849.8	450.05
851.35	447.35
846.35	451.85
843.95	451.8
848.6	445.85
905.65	485.9
903.9	477.85
907.6	477.4
900.15	484.2
900.65	480.65
709.15	297.15
695.1	273.55
695.85	268.65
692.85	268.25
702.25	268.7
698.9	280.05
697.05	275.2
696.5	275.1
696.6	278.3
698.95	280.5
699.15	280.55
697.95	280.25
695.5	266.9
700.8	268.9
697.8	319.65
689.3	358.4
689.15	362.95
689.65	359.2
694.15	364.85
695	364.05
687.6	360.3
690.25	359.2
691.65	361.8
692	362.7
695.2	365.4
696.2	363
696.75	360
695.3	363.1
690.75	372.9
693.15	364
691.65	372
690.6	372.25
691.7	372.65
550.9	501.4
548.1	498.65
549.85	498.6
556.6	498.5
552.7	500.15
550.95	496.75
549.35	500.1
552.25	500.15
553.9	499.65
555.05	501.45
557.75	496.55
558.15	496.95
558.15	499.6
558.25	499.4
561.4	499.75
558.9	503.55
563.2	502.8
565.35	499.85
565	503.1
557.6	503.2
626.65	460.45
729.8	295.6
723.05	310.2
725.4	313.6
726.25	313.15
727.1	314.85
726.65	316.45
725.9	317.05
724.5	320.3
723.35	321.55
722.9	320.7
722.85	321.95
725.25	324.65
727.65	327.35
729.65	324.6
726.5	324.75
728.55	317.45
728.5	308.65
630.2	319.35
566.45	286.5
563.4	289.2
563.55	296.35
566.7	300.3
566.2	299.85
564.9	298.05
565	298.95
568.2	300.4
569.5	295.55
570.2	290.35
564.6	291.9
569.05	292.6
569.7	294.05
570.55	298.05
570	302.9
567.75	304.6
570.6	302.6
569.4	310.65
704.3	364.85
700.05	371.15
701.05	376.3
702.65	372.4
700.35	378.4
700.8	381.2
702.55	382.85
704.35	380.3
705.8	384.45
705.4	388.95
704.95	391.35
704.25	397.45
706.2	398.8
704.9	404.25
706.5	406.55
706	407.85
707	408.85
605.65	347.1
598.85	338.65
599.45	348.3
603	345.85
600.5	345.7
601.8	353.4
601.6	359
599.7	362.6
599.75	362.15
605.45	365.8
603.95	373.45
603.1	375.15
602.6	374.45
542.45	297.8
536.5	252.6
537.25	249.35
537.5	253.25
538.95	254.85
536.9	255.5
536.65	257.7
538.6	257
537.45	254.55
537.35	262.15
534.6	264.75
590.35	329.45
587.75	329.8
583.55	336.8
585	339.6
583.65	342.4
584	340.85
585.45	345.95
587.6	344.75
583.65	350.55
582.15	353.8
583.75	358.75
584.15	363.1
583.15	363.85
651.3	360.9
653.95	364.45
653.55	364.4
649.8	372.35
649.95	378.05
649.4	385.85
653.65	387.45
697.15	335.7
719.3	271.25
719.65	277.8
714.45	290.3
717.85	290.35
722.85	288.75
719.9	282.5
724.4	288.5
723.2	291.1
720.4	292.55
722.25	295.55
722.7	301.85
722.6	302.75
721.65	304.9
723	306.45
721.1	308.75
721.35	311.1
722.55	313.3
723.15	316.2
724.75	322.25
726.2	324.7
607.6	395.95
611.15	404.25
608.1	408.25
609.15	411.5
608.35	417.25
605.75	418.5
603.6	421.35
606.75	426
608.1	429.25
608.9	429.4
680.1	489.4
704.8	524
705.05	532
706.4	535.85
706.6	542.7
704.2	550.3
703.35	554.95
703.05	558.25
706.05	565.5
708.1	566.15
703.5	571
705.55	574.4
707.05	579
705.95	581.95
705.55	587.75
707.45	592.6
737.15	545.75
802.3	320.2
800.15	327.8
797.7	334.05
797.3	336.6
799.75	339.65
800	342.55
798.1	342.15
800.45	342.85
798.7	344.6
798.65	351.45
799.65	346.9
796	344.3
796.95	345.6
795.9	347.3
803.75	355
862.6	330.95
874.85	329.9
878.6	331.35
881.1	342.95
880.45	337.9
877.25	344.4
879.45	346.35
879.2	348.25
879.05	353
880.45	357.4
882.8	363.05
883.25	367.4
885.85	371.45
887.4	375
721.9	261.2
676	186.95
674.25	192.35
674.55	200.3
678.5	207.1
675.25	204.3
676.3	203.65
679.4	211.7
677.55	214.65
674	215.45
675.05	209
677.15	216.2
684.95	252
682.95	310.7
686	317.05
684.3	321.65
684.2	327.2
681.1	326.3
680.5	333.25
680.45	332.9
677.45	340
678.65	344.65
678.8	345.85
680.45	352.4
680.45	357.4
679	360.5
678	369.2
677.55	374.45
677.6	379.25
678	381.05
676.9	388.15
677.95	390.9
675.25	396.9
676.05	404.8
677.95	407.1
675.6	411.05
678.7	412.95
678.55	418.5
678.4	422.55
680.95	426.8
683.7	430.65
681.4	435.05
683.85	438.25
685.6	440.9
685.1	445
687.95	449.35
681.25	456.1
661.85	392.9
663.95	398.9
661.95	400.2
663.05	404.4
661.85	411.8
659.15	416.85
662.05	420.7
663.9	425.3
666.1	424.85
934.5	384.1
925.25	391.95
930.85	395.95
932	407.45
936.95	408.3
932.2	411.35
934.95	419.95
935.1	424.35
938.65	427.2
942.2	430.65
945.4	430.7
756.1	354.15
705.25	322.85
705.2	324.8
707.2	328.8
711.65	330
715.05	330.2
712.2	333.35
712.45	336.85
712.4	338.55
713.35	341.75
712.3	346.15
712.3	349.25
713.8	351.45
714.45	353
712.6	351.65
711.85	352.7
710.45	357.7
713.25	364.35
717.2	366.6
716.4	411.05
717.6	414.4
714.9	421.7
712.45	427.25
712.75	430.1
710.65	436.8
707.25	441.35
709.3	443.25
711.6	446.65
708.6	451.75
704.15	456.95
610.45	451.6
0	0
0	0
0	0
0	0
0	0
0	0
762.5	290.65
751.5	338.6
749.5	354.7
657.9	392.75
645.2	414.5
646.8	417.2
645.55	422.4
643.75	423
627.5	428.2
619.35	432.45
618.35	434.8
618.75	437.35
617.05	442.85
776.45	315
773.8	317.65
774.6	323.75
776.05	318.8
771.5	325.75
770.65	327.8
770	330.05
773.5	334.85
776.15	333.65
774.2	338.6
777.3	342.2
776.25	348.4
774.1	354.3
778.25	353.6
777.05	358.2
776.25	363.9
777.7	368
778.6	371.5
780.2	369.9
776.5	366.95
780.05	376
776.75	382.8
776.4	389.35
776.55	390.35
775.6	388.3
775.85	389.15
780.5	394.8
779.8	402.8
779.75	405.8
776.75	404.95
777.95	412.5
778.15	412.9
778.15	419.85
780.45	422.55
780.45	428.8
782.35	429.9
782.1	436.5
784.7	438.15
783.2	441.1
779.55	449.7
777.15	456.6
781.8	455
780.65	463.1
779.4	470.4
780.55	474.35
777.9	481.8
779.85	488.9
776.8	490.5
778.75	499.5
778.2	506.95
776.3	514.85
777.55	517.1
777.95	522.4
776.7	531.2
779.05	533.85
780.25	537.85
779.8	543.3
782.75	550.8
781.1	556.85
777.8	557.2
779.7	565.95
776.9	574.05
776.45	584.55
779.45	591.4
782.1	598.35
782.75	603.1
785.45	611.1
784.7	619.35
786.5	627.5
789.75	635.7
787.65	639.75
788.75	646.5
799.65	602
846.7	400.85
842	411.25
845.05	418.55
848.9	427.05
852.95	431.2
856.4	428.55
851.35	438.35
853.95	444.5
860.05	446.7
855.05	462.45
860.05	462.55
997.25	414.05
1037.4	417.95
1035.3	424.5
1040.6	432.55
1046.1	435.35
1091.45	461.6
1102.55	464.05
1104.25	467.4
1107.75	477.4
1112	493.05
1107.45	498.5
1113.35	498.45
1119	503.9
1043.4	489.45
803.6	242.4
803.05	254.25
802.6	259.75
801.15	271.35
804.3	277.6
802.85	274.9
800.7	277.75
805.65	285.35
805.2	286.55
808.4	287.15
806.45	293.85
827.35	372.7
830.05	379.85
831.45	389.9
832.45	384.15
833.75	388.5
834.8	400.4
834.7	406.25
834.5	412.05
772.65	504.15
772.15	512.65
775.6	517.65
777.1	516.7
778.9	524.15
780.55	527.65
781.5	530.5
779.05	535.55
785.85	532.2
790.25	540.05
733.25	462.15
732.65	473.95
735.55	480.65
735.55	485.25
730.05	493.4
730.1	499.6
728.85	501.65
729.8	506.8
728.45	512.6
864.35	404.25
886.35	382.65
887.7	384.75
889.55	390.3
890.9	397.4
886.65	403.55
890.1	403.85
890.1	408.75
890.4	412.55
894.3	416.4
896.3	414.5
894.35	422.55
892.35	429.4
777.2	492.05
785.3	488.6
782.45	493.8
781.45	499.9
781.1	505.9
786.9	507
792	505.95
793.55	511.7
796.7	514.35
793.7	522.8
798.85	524.2
782.55	472.05
783.3	455.8
778.5	460.5
782.8	463.75
781.15	471.95
784.4	473.55
788.9	474.3
792	477
793.9	479.7
791.7	488.2
789.4	494.75
789.25	502.3
766.8	496.9
708.9	530.35
706.7	542.1
708.05	546.85
710.45	548.75
712.85	550.7
711.55	555.15
714.2	557.05
714.35	559.9
716.75	560.25
718.55	564
709.15	570.4
686.75	459.75
689.25	467.6
685.35	473.1
685.65	478.35
682.5	482
685.2	485.5
684.3	491.3
684.2	492.25
686.7	490.9
682.8	501.35
759.75	472.1
759.8	477.25
761.4	482.6
762.3	487.15
763.5	490.9
765.9	497.65
665.2	487.95
599.1	510
598.3	513.35
599.1	516.6
599.9	518.8
602.85	520.2
599.25	528.7
599.7	526.4
599.1	532.6
597.2	539.3
595.45	539.3
596.35	548.9
634.35	393.8
646.7	311.2
646.5	313.95
647.4	316.85
647.2	321.5
648.7	323.85
650.8	324.25
650.65	325.1
651.9	326.55
652.5	330.15
651.8	330.1
651.6	329.5
651	332.1
650.5	335.55
812.7	432.15
821.4	444.7
821.75	447.2
822.2	450.5
823.4	452.85
825	459.8
826.9	463.25
833.35	464.6
832.85	473.75
831.8	479.3
827.3	484
834.7	487.45
838.05	491.05
839.25	499.1
798.1	506
512.55	591.05
506.65	594.75
502.8	598.9
502	604.75
502.1	611.65
503.5	616.75
500.35	627.55
494.85	634.15
491.4	638.3
492.4	643.5
546.45	629
731.9	393.45
735	371.25
735.65	370.9
738.9	373.05
741.3	377.75
742.8	379.2
742.85	381.8
738.8	387
740	389.5
742.7	390.3
745.7	387.05
747.65	385.85
749.1	388.75
764.95	507.4
763.55	531.3
768.05	536.15
771.6	542.35
773.05	544.15
774.05	544.8
779.8	549.45
783	557.1
854.55	486.5
921.65	338.05
920.2	344.9
921.5	347.9
920.8	352.45
922.25	357.1
945.95	314.55
950.8	326.55
952.1	329.85
954.25	330.9
957.55	333.35
958.3	335.3
959.1	337.15
957.9	332.35
983.95	339.05
984.5	341.05
985.5	345.6
986.3	345.05
988.25	348.9
990	349.35
994.2	353.4
996.4	351.6
995.65	353.9
996.35	359.7
997.1	363.85
999.95	359
1000.25	360.15
1003.3	365.15
1004.95	367.8
1004.5	370.3
1004.2	372.5
1006.85	374.4
1010.95	378.9
1010.45	380.5
1011.55	390.7
1018.2	393.1
1053.35	388.1
1051.65	390.2
1052.85	391.2
1057.35	393.45
1035.5	394.85
677.55	395.95
702.25	397.75
701.5	401.55
699.4	406.8
700.1	408.5
703.1	403.35
708.15	400
704.1	408.75
701.8	410.7
617.7	475.1
554.05	506.6
560.6	510.4
564.6	512.2
565.4	511.85
564.05	513.6
565.5	515.3
567.8	517.15
566.35	516.9
572.25	514.9
595.85	511.2
778.2	393.35
772.4	403.55
772.05	404.25
771.65	404.05
773.7	403.25
774.75	400.65
772.25	405.85
770.05	410.3
770.45	411.1
673	447.65
407.75	587.1
429.7	577.6
434.8	579.2
437.1	579.55
430.4	579.05
434.05	578.1
434.85	584.85
428.8	588.35
430.4	587.1
429.9	583.95
525.6	551.5
745.85	419
737.1	427.55
728.7	428.15
728.2	433.3
730.75	428.6
734.7	430.25
732.7	434.65
734.4	433.35
739.8	431.45
736.6	440.2
734.95	445.3
736.45	446.75
739.95	446.7
738.5	448.6
739.65	444.7
628.3	491.6
561.6	545.8
562.05	546.25
560.15	547.8
558.9	547.95
559.1	554.8
558.25	555.3
560	554.9
560.95	554.85
560.2	556
563.55	552.35
550.45	552.3
462.2	541.6
461.35	540.9
457.4	541.1
455.6	542.65
453.4	542.25
457.55	541.15
452.8	542.6
453.65	542.25
454.9	540.55
432	593
433.8	593.45
434.15	595.7
435.25	596.05
438.7	595.25
444.2	598.5
446.1	597.95
446.2	600.1
447.15	600.3
441.85	600.45
442.45	601.2
443.15	598.55
445.05	600.4
454.7	599.45
454.65	600.65
446.2	599.2
448.95	600.5
449.45	600.75
451.6	597.15
620.2	430.4
662.65	369.6
660.45	371.8
662.05	371.9
660.1	373.5
664.4	370.05
664.05	369.4
670.3	369.95
376.15	471.65
384.25	482.1
385.65	481.4
386.65	476.2
388.3	478.05
388.65	482.65
390.45	484.55
391.05	486.15
390.6	484.15
472.55	449.45
627.7	370.1
626.95	373.55
627.9	371.55
630.8	366.15
630.75	366.5
631.75	367.8
633.5	368.4
632.6	367.5
724.55	363.4
723.4	365.7
727.25	366.7
726.05	365.75
727.4	366.8
731.1	364.8
730.7	365.75
728.7	365.65
731.85	363.1
733.8	359
730.4	362.9
730.4	367.05
734.65	365.45
713.7	368
540.2	394.95
545.7	390.35
543.4	394.55
543.9	396.1
543.5	400.45
546	399.1
542.95	397.95
545.9	401.25
547.55	399.5
430.65	436.55
429.55	439.15
429.25	441.35
429.4	437.85
428.8	439.45
428.65	438.25
427.9	442.1
431.9	444.5
429.4	444.3
435.5	432.85
431.6	437.8
431.95	440
433.6	438.05
435.45	446.45
431.5	446.55
814.25	331.05
741.25	410.9
0	0
0	0
0	0
0	0
0	0
0	0
795.25	294.65
787.25	324.55
786.15	337.75
785.45	343.95
780.3	348.6
774.95	383.2
774.75	427.25
775.15	427.6
773.45	426.5
769.45	427.3
769.15	426.15
767.05	428.5
762.3	427.1
762.25	428.55
764.3	423.65
760.7	421.95
759.45	421.9
754.3	424.15
751.85	422.7
749.25	423.55
746.3	425.3
738.8	424.65
735.5	427.55
733.4	426.75
726.85	429.15
723.85	425.4
717.8	422.8
716.9	422.4
710.65	422.1
707.1	424.35
700.05	428.55
697	426.2
694.4	426.1
690.75	425.45
684.8	426.3
679.05	426.05
675.15	425.25
667.1	424.7
664.65	420.35
660.35	417.3
656.5	416.1
653.55	412.35
838.15	355.1
829.55	364.15
822.8	358.75
818.55	356.45
810.25	355.1
806.55	352.3
799.6	359.1
795.75	365.15
792.15	364.25
787.3	365.05
777.1	366.4
772.3	368.05
766	369.7
761.1	370.5
755.35	367.85
753.15	367.55
747.7	370.5
741.65	366.35
734.65	369.05
727.65	363
724.65	357.75
722.15	363.1
707.65	362.55
701.5	368.95
699.5	370.1
688.75	369.85
688.05	364.3
685.4	362.35
683.4	365.5
671.45	370.05
664.2	371.05
657.45	373.7
653.3	372.9
647.45	375.15
644.75	374.3
641	374.85
634.85	375.9
627.9	377.35
624.55	381.1
618.15	379.15
616.05	373.5
616.35	369.15
607.95	372
605.45	370.8
597.9	377.1
595.1	374.5
591.1	365.7
588.05	367
580.25	368.15
578.6	361.8
578.8	359.75
570.2	364.05
568.55	364.05
561.5	366.15
857.95	366.75
844.15	369.2
837.2	366.9
839.85	360.2
834.25	370.15
825.35	362
823.7	367.4
814.35	362.6
810.2	361.8
811.7	360.5
800.55	358.5
800.15	365.7
790.45	361.45
784.9	359.15
783.7	362.8
782.1	362.4
771.05	358.15
770.05	357.9
763.35	361
760.15	360.95
754.65	361.45
746.25	365.75
746.3	357.5
740.8	365.75
733.95	363.6
730	363.95
723.4	364.1
675.5	303.5
0	0
0	0
0	0
0	0
0	0
0	0
0	0
0	0
820.75	266.1
814.1	279.4
799.5	337.4
793.4	344
789.8	344.85
781.9	350.05
770.95	357.55
771.35	353.3
765.1	352.4
761.5	353.05
757.1	356.95
748.85	361.5
743.05	357.4
736.9	359.7
735.7	362.15
729.45	364.2
721.35	367.45
718.35	367.6
710.55	367.5
700.8	369.6
695.1	368.55
733.4	373.9
919.45	388.95
908.7	393.2
904.15	394.35
897.8	394.15
895.75	390.85
892.7	386.8
887.8	394.35
880.35	391.1
872.35	394.8
874.05	392.15
865.55	388.25
856.5	386.25
850.9	385.6
845.9	385.15
837.5	387.4
835.7	387.2
832.8	388.5
827.8	391.55
817.5	396
813.95	398.5
807.7	399.15
802.75	399.45
799.1	402.45
788.3	410.35
778.35	408.25
777.55	409.75
767.1	411.05
757.5	412.4
750.05	414.15
745.5	410.2
742.45	413.6
730.85	412.2
721.4	413.05
715.85	415.3
711.95	416
707.75	413.05
707.5	409.95
582	419.25
585.6	414.8
583.25	407.6
579.3	405.6
574.7	403.95
571.7	402.5
566.35	400.5
557.7	401.95
642.25	314.7
639.8	320.35
638.85	322.6
639.15	324.25
637.6	325.3
638	328.15
635.8	334.2
632.8	330
633.35	334.05
635.55	335.65
633.15	335.4
630.15	338.75
631.25	338.6
630.95	339.65
630.4	340.85
627.6	340.45
627.75	344.9
629.8	350.95
0	0
0	0
0	0
0	0
0	0
0	0
0	0
0	0
0	0
0	0
732.2	353.6
732.1	368.9
729.15	377.45
728.85	382.5
730.35	377.8
768.1	279
765.4	284.2
763.55	284.7
761.2	287.25
758.2	286.6
757.85	289.65
759.6	276.95
471.05	326.65
498.8	324.9
502.9	324.45
504.35	322.1
503.7	329.15
509.75	323.15
506.9	330.35
505.2	331.4
505.85	329.9
507.25	325.25
505.35	327.3
500.1	329.05
338.45	478.4
343.4	462.4
344	462.2
346.2	461.8
345.15	463.4
345	468.4
344.35	464.15
342.35	465.25
345.75	464.45
362.6	469.15
460.2	452.65
459.3	454.2
456.65	456.2
459.35	456.55
458.05	461.7
458.65	464.65
455.45	464.55
456.2	463.55
460.2	462
458.85	467.1
462.7	466.2
467.25	466.9
461.8	466.05
461.2	466.05
460.45	468.8
460.55	472.55
466.9	472.7
466.9	472.95
467.75	473.9
469.5	475.4
471.85	476.9
682	425.7
766.75	401.8
771.25	409.2
774.05	409.35
779.5	406.4
779.7	406.6
778.8	409.15
775.7	405.2
745.7	411.8
484.85	410.05
504.7	410.55
504.05	411.95
501.25	416.2
497.15	418.05
499.35	412.45
494.8	411.75
497.25	413.5
495.25	415.2
497.15	414.9
496.45	414.2
495.95	419.8
443.5	442.9
438.3	443.2
438.1	441.85
442.1	443.15
446.05	439.75
443.45	439.2
441.6	444.5
443.7	445
444.85	444.6
441.6	446.45
442.1	447.5
444.45	447.8
446.95	450
445.1	452
450	450.15
446.7	449.4
449.55	452.65
451.05	457.4
449.45	457.8
449.3	460
449.05	458.5
449.85	458.6
448.9	455.2
450.4	460.05
450.15	463.3
451.4	461.1
451.4	462.05
452.25	465.95
449.6	465.7
350.15	514.9
360.75	542.3
362.3	544.5
360.3	539.15
360.4	544.15
358.75	542.95
357.85	544.55
361.7	544.9
363.3	543.1
361.15	546.25
361.85	545.95
380.35	549.2
578.4	425.5
575.7	437.1
573.5	436.7
578.3	437.65
578.3	435
577.35	431.8
574	429.2
576.45	432
580.2	429.25
583.1	432.1
586.5	434.35
587.9	432.1
586.5	433.05
590.6	432.15
589.25	432.3
590.75	431.7
589.9	430.8
587.65	429.6
587.95	427.55
587.9	429.05
590.15	428.95
589.4	430.5
707.95	409.7
760.45	397.55
760.25	403.2
764.2	401.05
763.3	396.95
764.9	400
760.35	405.55
764.8	404.1
763.85	406.4
760.9	408.95
759.25	407.95
757.95	406.5
758.75	406.5
758.25	406.45
613.4	413.45
534.45	428.7
523.2	435.2
523.45	435.05
520.6	441.8
525.5	442.35
368.95	484.8
334.8	523.05
332.8	527.7
333.1	524.8
339.5	526.2
340.7	524.25
338.05	532.85
344.25	531.3
316.3	536.9
0	0
0	0
0	0
0	0
0	0
0	0
624.9	362.8
625.4	354.55
617	367.5
617.5	374.4
620.35	373.8
626.35	369.95
629.15	379.8
622.2	380.6
635.35	371.8
631.15	372.05
631.8	373.75
632.25	377.05
631.1	375.35
630.95	377.1
633.35	376.65
635	375.3
637.15	374
638.9	376.75
697.25	361.75
801.4	341
808.35	338.75
802.75	343.8
802.9	348.35
802.2	339.25
802.3	344.3
802.55	354.85
800.25	345.15
802	356.9
540.6	451.6
557.25	445.7
553.35	443.35
556.05	438.95
555.3	438.3
554.95	440.8
554.45	443.95
554.55	438.7
554.25	439.05
553.5	440.4
554.2	439.25
552.6	443.6
550.15	445.15
545.75	447.3
511.8	484.2
513.9	483.05
513.9	480.35
517.5	477.5
523.75	481.35
524.35	480.8
526.15	482.5
518.9	487.05
525.35	483.5
525.3	486
522.6	486.55
520.45	488.7
651.6	395.9
647.1	386.45
655.55	375.85
653.75	387.95
657.65	385.3
656.9	379.8
653.5	382.7
654.65	381.3
660.4	386
658.2	391.6
677.65	314.3
681.25	321.05
681.4	324.25
682.05	327.75
686.85	328.7
686.95	327.2
687.15	329.75
685.7	335.55
692.5	332.35
686.75	339.05
689.35	339.95
687.25	337.65
686.5	342.3
689.75	343.3
692.75	341.7
863.55	325.85
897.45	315.6
890.7	322.3
891.7	320.25
892.6	321.1
892.25	322.05
892.05	320.1
892.15	318.75
967.95	270.9
982.5	265.2
978.9	269.4
976.45	268.95
977.65	265
979.95	264.9
980.35	264
980.95	264.05
980.1	268.75
981.15	270.55
980.5	269.85
975.15	270.85
878.85	370.15
885.2	381.25
881.8	384.55
882.25	383.65
856.25	386.9
605.85	425.4
614.8	432
613.5	437.4
609.7	435.2
612.6	431.1
611.65	435.55
606.75	437.75
605.8	440.6
607.6	437.55
604.25	440.2
600.75	439.65
600.3	434.35
605.65	436
608.05	440.35
607.65	440.85
608.15	440.55
604.15	443.75
606.1	440.75
605.55	433.45
551.95	383.4
565.95	382.8
561.75	388.05
555.4	388.4
562.15	389.35
562.2	391.9
558.95	392.85
561.55	390.75
558.75	402.65
555.25	402.4
555.65	398.6
560	400.8
555.25	407.1
560.2	404.95
557.9	401.35
556.85	405
564.45	410.05
0	0
0	0
0	0
0	0
0	0
0	0
0	0
0	0
0	0
0	0
0	0
0	0
0	0
0	0
0	0
759.8	295.7
760	316.6
752.7	356.75
754.7	375.4
754	379.1
750.9	384.35
749.55	389.3
748.2	389.9
751.55	388.3
750.85	390.9
825.1	311.8
831.25	319.8
831.45	319.3
829.65	321.8
829.3	317.1
832.25	318.4
831.55	318.75
832.8	317.35
833.8	317.95
836.7	316.9
836.15	317.5
838.25	320
836.15	324.65
834.9	326
836.45	321.85
837.55	326.15
835.9	323
834.8	321.2
661.75	370.1
669.25	364.35
667.65	353.55
668.55	356.05
670.45	363.6
665.55	353.2
670.95	360.95
667.55	357.8
668.15	358.9
670.6	368.95
669.3	373.1
666.35	364.55
667.7	369.65
667.3	371.55
664.95	372.65
663.45	374.5
668.1	373.7
665.85	373.1
669.3	375.9
667.85	377.7
672.5	374.5
666.2	380.95
669.75	384.45
669.5	376.7
667.85	379.8
664.7	383.75
668.15	380.5
667.75	375.7
664.65	387.3
665.3	390.3
663.4	392.25
662.85	385
665.55	392.65
667.1	387.2
668.2	394.35
666.2	393.25
670.65	392.95
664.6	391.25
668.4	393
669.15	399.65
668.3	392.95
671.75	396.5
671.25	399.1
805.05	342.65
821.8	331.15
818.3	337.15
821.25	335.95
826.45	333.95
826.85	332.95
831.55	334.85
831.6	334.9
830.65	336.35
835.95	336.05
834.5	338.95
839.55	338.05
833.45	335.8
836.85	335.35
837.95	335.6
833.45	337.65
839.95	337.1
843.45	335.2
841.45	336.7
842.8	335.65
846.35	336.3
838.75	338.9
639.6	414.55
648.55	411.15
650.2	407.1
652.95	408.15
654.2	412.05
653.3	413.05
646.25	406.75
651	411.1
655	406.1
653.65	403.75
649.9	404.3
652	404.85
648.15	404.35
646.4	399.6
646.2	398.6
651.35	403
654.75	400.15
654.35	400.45
547.3	428.75
556.05	429
554.9	430.9
552.2	432.85
552.85	431.55
558.05	433.1
558.9	436.8
558.05	435.6
560.55	433.1
559.25	442.15
562.7	437.15
565.6	435.35
562.4	440.95
563.95	438.8
565.3	436.3
568.45	434.55
569.7	436.5
567.9	440
562.95	441.45
565.15	442.4
563.5	438.9
565.5	439.15
617.15	336.55
612.1	351.5
615.7	350.45
609.75	346.7
610.05	347.6
615.2	349.2
612.75	349.6
614.6	349.4
617.1	350.25
411.55	314.05
434.45	327.25
434.85	325.45
436.25	322.3
433.95	323.25
317.35	307.25
298.1	301.25
297.75	300.9
298.55	300.45
292	303.85
293.1	309.85
297.05	313.15
203.8	332.75
200.15	335.45
201.95	337.9
202.3	333.35
204.55	338.05
203.9	340.7
203.9	341.5
201.4	340.55
291.2	333.8
412.55	288.55
417.6	288
413.95	282.75
413.3	281.9
414.6	282.4
329.95	285.5
167.05	337.35
163.85	333.55
165.95	334.1
170.45	328.75
172.5	330.3
173.2	330.25
175.95	329.65
175	331.75
173.1	330.1
174.65	328.7
173.8	331.05
180.05	328.8
282.9	327.9
463.3	290.8
465.3	294.3
467.6	289.05
468.5	288.85
474.55	288.1
471.25	289.95
572.85	353.8
577.25	355.65
580.2	357.15
578.35	354.45
581.8	348.35
585.9	347.5
588.7	348.65
590	347.75
593.6	342.25
587.1	349.1
589.8	355.15
591.15	351.95
591.15	354.8
594.15	351
539.6	309.05
541.95	289.65
540.2	290.85
540.85	282.55
542.1	287.35
545.75	293.55
452.45	217.95
450.65	217.65
449.25	222.4
448.65	225.55
448.7	221.6
447.9	218.05
333.45	237.45
337.65	235.15
337.85	237.1
336.65	234.95
338.6	241.15
437.15	298.75
549.7	393.9
555.55	400.75
561.8	401
567.15	399.65
568.65	401.4
572.95	404.9
576.5	404.3
412.8	376.5
383.65	356.7
391.2	359.2
392.7	364.25
390.3	367.9
392.8	370.55
351.05	342.05
0	0
0	0
0	0
0	0
0	0
0	0
0	0
0	0
0	0
465.6	415.6
465.8	429.05
467.35	431.35
474.65	427.85
481.9	429.55
486.85	434.25
491	438.7
336.95	393.65
343.65	394.5
351.15	396.4
355.75	396.05
359.75	393.9
364.65	396.65
372.85	386.2
380.65	388.55
382.85	391.45
393.5	390.35
393.85	392.75
399.8	392
404.9	405.5
409.55	406.5
411.15	406.85
422.05	404.1
426.65	405.35
432.05	408
436.75	413.2
558.95	525.8
559.85	511.5
569.15	511.1
577.15	513.05
582.3	512.6
595.05	514.85
696	519.35
703	531.2
703.35	531.6
710.9	532.7
711.7	536.35
724.15	535.1
729.25	535.65
730.1	533.2
731.85	537.4
740.6	539.1
748.25	537.75
753.75	542.75
758.7	538.6
765.6	543.2
771.35	543.85
780.45	545.8
541.8	469.15
561.2	470.1
570.85	471.7
571.95	472.35
576.85	474.4
580.6	477.45
589.75	473.4
597.5	478.25
605.05	476.35
611.2	481.25
621.4	478.2
621.8	483.25
625	485.65
633.3	484.95
641.2	485.45
612	482.95
500.35	496.8
509.9	496.85
520.55	493.05
526.7	494.35
540.7	491.75
543	493.45
551.7	498.15
557.9	499.15
558.7	497.7
566.15	500.25
573.4	502.4
417.2	429
436.95	439
442.55	438.15
448.05	439.65
461.95	447.55
468.2	446.75
475.75	446.1
484.05	447.7
493.25	449.15
498.4	450.35
502.8	450.25
509.75	450.55
513.55	454.25
521.2	454.35
528.55	455.2
534.5	450.95
538.5	452.95
544.55	453.35
546.25	448.8
556.7	450.25
562	451.35
565.55	445.65
571.65	443
576.05	449.1
580.55	442.95
519.8	451.1
434.5	460
435.85	462.55
442.45	461.75
447.8	462.5
449	464.85
457.25	464.3
467.9	462.25
472.45	467.2
469.7	466.65
482.65	463.1
488.3	467.2
494.55	466.2
281.55	431.75
259.2	419.15
269.9	426
277.95	422.9
282.05	423.75
291.2	425
292.8	420.95
166.25	398.25
159.45	385.4
165.1	388.75
173.7	388
174.15	387.95
183.45	388.4
138.45	330.15
149.55	337.15
155.95	338.6
161.25	338.4
169.1	340.75
179.05	343.6
182.7	338.65
192.55	343.5
195.8	336.65
202.75	347
210.1	345
217.25	348.1
227.35	341.4
136.6	341.05
148.3	339.85
157.75	340
165.1	344.5
172.5	344.4
178.95	348.8
186.45	347.6
99.55	297.95
98.8	293.85
109.15	296.55
118.45	298.25
128.7	302.1
135.4	303.8
94.7	268.1
102.6	268.55
109.75	264.3
119.05	261.25
125.15	268
135.35	272.05
140.75	278.15
87.55	280.65
75.25	306.1
86.35	310.15
100.1	310.55
110.7	315.4
118.7	311
126.1	315.8
136.65	321.85
149.5	320.35
120.8	265.1
0	0
0	0
0	0
0	0
0	0
0	0
0	0
0	0
0	0
0	0
0	0
541	481.8
539.8	479.6
545.1	477.3
554.75	478.15
559.05	480.05
567.15	478.4
482.4	449.1
420.15	393
425.95	393.7
432.95	394.95
442.6	395.05
451.15	394.7
319.3	357.15
296.3	335.8
306.05	331.1
314.3	334.1
318.25	334.45
324.25	334.9
336.55	334.35
338.35	336.1
346.9	336.55
353.85	342.2
355.4	343.6
358.65	341.8
364.4	339.25
369.6	338.4
341.65	328
240.95	248.1
253.35	254.15
260.5	253.95
269.65	251.9
275.35	260.2
278.8	260.65
286.85	265
291.8	259.05
299.5	260.05
439.9	311.2
431.9	306.65
436	307.95
440.45	312.3
445.45	313.6
455.75	316.25
456.55	321.75
458.35	323.35
460.45	324.25
468.35	326.65
470.9	327.8
446.75	443.15
449.35	435.25
452.85	437
457.05	434.35
462.15	436.35
465.95	441.15
469.25	439.9
475.15	442.55
471.95	444.1
633.35	443.05
729.85	429.2
739.8	430.9
735.25	434.05
740.25	436.1
742.3	429.35
747.1	431.75
750.9	431.3
753.8	435.3
756.3	437.2
759.2	434.65
619.65	464.75
620.45	466.85
623.5	468.2
627.4	462.5
629.55	463.55
629.85	456.1
633.75	460.6
633.2	462.25
631.95	464.7
633.6	463.65
633.2	461.65
638.15	456.1
639.9	459.7
642.45	460.85
650.55	463.8
592.9	400.2
571.15	354
578.7	352.5
578.4	353.35
577.15	353.15
583.5	351.6
580.1	357.8
735	401.8
811.05	431.55
819.85	430.6
821.8	433.1
823.8	435.5
821	432.4
822.45	432.3
825.7	430.85
830.75	436.5
833.45	434.2
834.3	437.45
834.25	437.95
803.25	374.7
806.5	375.3
805.45	378.3
811.8	376.05
813.7	373.7
814	374.4
808.5	378.1
959.35	479.5
964.05	482.5
964	484.85
965.7	484.85
966.6	484.75
968.35	485.95
970.25	486.75
971.2	486.7
967.75	485.7
978.1	481.65
898	413.35
889.75	413
890.65	412.7
889.9	413.85
891.75	411.75
890.5	412.5
891.45	413.35
887.65	412.25
893.35	409.35
845.85	400.3
783.7	369.2
785.85	365.65
784.15	366.25
786.65	361
787.15	358.55
786.55	362.3
786.1	361.7
785.5	362.55
787.7	363.05
786.15	363
786.2	361
788.95	357.55
788.4	358.5
0	0
0	0
0	0
0	0
0	0
0	0
731.85	347.7
719.35	396.85
717.1	417.6
714.6	419.1
711.7	419.45
709.9	424.05
710.25	420.4
714.95	418.95
711.1	416.9
707.35	420.2
707.8	413.55
705.7	415.7
704.7	418.6
701.75	418.9
570.55	366.4
572	359.2
569.85	362.8
572.15	365.2
572.45	365.1
571.65	360.65
573.45	359.4
571.45	359.1
573.6	360.75
580.25	357.7
577.8	366.3
582.35	366.05
522.45	422.55
519.4	421.15
527.8	420.25
525.15	416.4
521.95	410.9
518.45	413.45
520.55	410.05
522.45	415.5
554.85	332.7
549.75	310.55
553.2	310.05
552.1	309
552.25	312.4
552.2	313.75
556.1	310.6
553.55	312.1
558.65	311
554.25	314.05
555.45	315.5
553.6	317.3
553.4	316.55
547.7	319.4
552.6	319.15
556.2	321.15
556.8	320.25
553.6	321
554.5	323.05
556.6	320.5
558	318.9
558.75	321
560.3	324.6
565.7	322.65
527	337.05
515.4	368.5
512.75	369.05
511.75	372.75
516.7	370.05
517.35	369.85
514.5	372.5
516.9	372.8
520.15	372.55
520.8	371.95
521.85	370.5
523.1	372.3
520.7	375.8
521.15	376.75
519.5	377.3
522.3	378.45
526.55	378.2
526.55	376.6
527.55	378.4
520.75	384.05
525.05	379.1
522.2	379.45
520.3	379.9
518.95	387
519.8	382.35
525.95	385.3
521.8	388.65
519.9	388.85
523.4	389.65
524.05	389.85
525.25	392.15
530.15	390.8
526.4	387.9
528.5	395.9
527.65	396.3
530.15	396.6
532.4	394.95
530.8	394.65
535.55	391.35
534.3	391.45
534.1	390.95
535.6	387.55
533.8	393.3
534.05	389.9
539.15	389.4
539.9	391.85
536.3	391.4
535.7	393.55
534.75	394.55
539	389.75
538.05	390.7
540.7	391.9
541	394.1
537.75	395.7
539.4	395.85
539.05	395.55
538.45	395.55
542.4	393.6
541.1	396.6
542.75	396.1
542.35	396.45
539.5	398.25
539.9	396.25
547	392.95
543.7	395.6
542.65	397.2
543.2	397.1
544.1	393.1
547.1	391.65
544.65	392.05
546	391.2
546.2	389.6
544.95	390.15
546.85	388.55
550.2	390.4
551.85	389
548.05	392.1
547	392.1
548.9	394.5
553.3	390.15
551.7	389.6
552.35	387.75
559.9	386.9
556.45	393.4
553.75	394.8
553.75	392.9
559.55	391.15
562.3	388.6
563.2	386.85
564.65	387.35
564.3	389.5
564.3	388.45
565.75	389.75
569.9	390.15
569.2	392
566.45	391.05
567.85	393.5
566.65	395.05
565.9	396.2
569.95	393.9
565.9	401.3
564.75	402.8
568.4	396.45
572.05	398.1
573.65	403
566.65	404.55
568.3	402.25
570.15	406.55
570.9	405.85
812.25	499.65
803.6	492.75
810	499.3
819.2	500.7
817.2	496.65
816.4	499.35
820	497.45
821.25	498.65
818.95	498.65
817.55	497.7
817.2	503.15
817.75	497.45
820.6	496.8
818.3	502.4
826.45	499.95
626.35	469.8
633.55	475.2
638.6	471.7
637.85	471.75
640.3	470.9
639.75	467.65
637.2	470.65
638.35	469.8
643.05	466
637.55	472.3
643.2	473.65
644.25	480.15
652.5	372.7
645.95	378.25
647.4	381.45
649.6	382.75
650.55	388.95
0	0
0	0
0	0
0	0
0	0
0	0
648.3	194.45
646.7	213.35
642.5	213.4
741.65	247.75
733.45	248.55
738.25	255.35
737.35	260.6
738.05	258.8
735.3	262.65
733.95	259.15
734.95	255.5
734.3	254.8
733.25	256.75
734.4	256.8
735.75	257.65
732.9	257.8
735.25	256.9
737.15	252.35
739.3	256.25
737.25	254.9
764.4	278.8
767.75	272.75
774.75	275.35
772.4	281.8
769.65	275.45
776.5	282.75
780.95	275.65
776.45	284.85
781.9	279.45
780.4	279.1
779.05	281.9
775.55	279.85
782	280.45
753.05	240.95
754.55	246.75
759.7	248.2
751.9	245.35
755.15	245.05
757.95	246.15
754.35	248.4
754.5	253.5
751	251.25
760.45	251.9
761.3	249.3
754.7	250.05
775.4	276.95
779.15	278.1
777.1	273.25
778.9	273.7
778.7	270.1
778.15	275.45
779.25	274.4
780.45	276.35
777.95	276.9
778.2	275.5
781.4	278.2
782	286.3
776.75	293.65
774.05	287.85
775.65	287.95
772.75	287.9
766.4	294.95
763	288.1
758.7	288.9
761.4	287.05
759.15	285.4
755.55	288.5
755.25	285.75
755.65	287.6
754.85	280.15
753.65	287.45
759.5	285
759	286.35
758.65	290.15
724.5	264.3
734.55	270.05
736.9	267.45
739.35	265.95
738.7	260.45
739.65	261.05
744	265.2
744.45	262.65
746.7	265.25
745.45	267.3
740.65	273.95
741.55	276
741.6	278.2
787.35	279.4
778.15	279.45
780.15	275.45
775.4	274.4
774.9	278.5
775.5	278.45
775.1	276.05
774.65	278.9
775.95	279.55
776.75	280.15
780.3	284.1
755.6	279.5
759.75	277.8
761.2	275.2
762.2	272.85
762.7	269.75
761.35	270.85
761.2	270.55
762.9	268.45
763.25	264.8
764.65	270.55
763.15	270.15
766.3	263.6
763.9	266.35
768.75	268.15
767.45	264.3
767.8	263.45
772.15	267.3
771.85	260.2
771.2	263.85
772.1	270.8
772.7	265.45
771.9	271.2
771.15	266.8
768.55	266.85
769.6	274
770.6	275.65
678	457.4
0	0
0	0
0	0
0	0
0	0
0	0
0	0
0	0
794.75	207.35
796.35	209.9
752.4	194.55
740.4	247.2
739.95	253.9
741.65	252.5
741.35	251.7
738.5	250.95
738	250.6
735	252.25
737.65	254.3
740.55	254.85
736.45	254.15
736.85	256.85
736.8	254.65
741.15	257.3
695.25	346.3
701.3	325.6
692.5	333.75
693.2	335.1
698.95	329.55
697.1	329.8
697.2	330.2
697.75	328.65
769.55	387.45
759.35	394.3
761.9	391.45
768.15	386.1
766.15	387.75
768.75	387.55
769.6	388.35
773.5	384.55
774.95	387.5
722.4	371.95
645.2	323.4
643.05	329.7
644.3	329.3
638.95	332.35
638.35	331.9
641.2	326.8
645.3	328.35
644.25	326.8
643.35	330.25
644.55	329.4
574.8	286.15
557.45	280.8
557.55	279.7
555.5	278.7
559.45	275.85
561.25	271.35
563.1	278.55
564.75	276.8
566.35	272
561.55	276.1
444.7	387.1
412.8	423.6
416	424.85
411.45	431.1
411	428.55
411.15	420.1
414.25	420.75
412.1	421.55
410.95	426.85
411	427.8
561.75	428.15
735.95	415.5
742.85	417.75
743.05	416.75
742.5	416.5
746.5	416.65
749.4	413.15
753.25	409.4
808.4	411.5
815.95	443.65
819.45	440.65
817.35	434.75
815.65	442.45
818	441.4
672.55	326.1
689.5	325.35
690	330.4
693.45	330.55
693.15	330.3
691.35	331.55
690.45	336.85
694.4	337.35
695	339.15
693.15	342.2
694.85	341.5
694.95	336.8
699.05	340.75
699.15	337.25
699.45	335.5
695.7	339.7
698	339.35
697.65	340.3
699.25	338.95
697.8	340.7
701.75	337.35
699.6	344.65
696.2	346.05
698.55	342.55
702.25	340.7
702.55	340.45
702.5	342.6
699.6	354.1
0	0
0	0
0	0
0	0
0	0
0	0
0	0
836.35	259.55
827.8	269.1
820.45	351.65
824.9	359.8
826.7	360.6
829.4	360.9
828.75	368.3
828.2	367.2
828.45	369.6
827.05	367.35
804.05	320.3
802.7	323.8
804.55	322.4
804.7	321.65
807.35	322.9
811	322.6
804.95	329.45
805.15	331.4
792.95	277.85
790.6	247.8
791.05	244.15
790.65	244.75
779.5	256.75
705.05	390.15
705.85	404.8
703.25	405.6
704.55	403.7
706.3	405.85
705.7	407.15
704.35	409.3
704.25	404.75
705.65	405.1
707.75	403.1
712.75	399.4
542.8	411.25
386.9	440.45
382.75	441
383.25	436.25
383.55	435.7
387.6	440.45
388.85	441.2
383.95	443.1
382.75	444.05
578.55	399.65
768.2	365.75
772.25	365.05
773.85	362.1
775.9	360.45
768.4	367.4
768.7	368.1
828.65	292.6
816.6	274.3
820.1	275.4
823.8	276.45
828.1	267.95
610.1	267.75
562.5	273.35
566.65	275.9
570.3	271.4
571.55	267
719.9	279.8
712.75	275.35
711.5	268.5
709.75	270.35
711.75	273.5
713.2	273.05
711.1	273.2
712.2	277.55
720.35	276.15
658.9	161.55
663.7	165.7
664.5	172.4
662	176.55
664.3	181.3
665.2	185.7
668.65	189.4
667.55	194.55
671.4	199.85
672.8	192.45
676.45	194.75
674.85	206.3
676.1	210
676.5	213.45
678.65	217.3
683.45	217.45
685.95	221.65
684.45	227.45
686.65	234.55
684.25	241.7
689.5	247.45
692.7	251.2
696.7	244.7
696.9	254.8
697.75	257.55
701.5	257.15
705.8	254.95
709.8	251.8
711.3	249.05
717.15	248.45
712.8	252.6
717.35	253.95
719.35	252.85
726.5	249.85
732.3	249.15
731.9	251.55
735.7	249.15
838	227.8
842.8	227.5
846.15	225.65
854.35	223.3
859.2	223.05
861.9	223.35
869.25	221.15
876.55	218.55
881.1	216.45
883	221.1
881.9	219.75
889.25	218.15
891.45	214
892.85	216.8
806.75	365.7
804.45	340.4
805.3	342.05
805.45	338.15
804.45	343.15
810.65	343.5
806.6	342.75
811.45	341.65
801.05	347
805.55	341.3
805.15	343.1
803.75	273.45
797.9	231.3
800	230.45
799.3	228.3
798.2	230.15
797.2	232.4
796.8	228.75
798.65	227.3
798.55	226.3
796.65	230.7
796	232.85
796.05	233
797.5	235.3
795.85	237.15
623.6	232.6
640.85	230.95
643.35	236.25
641.05	238
644.85	238.85
642.75	235.4
644.75	228.5
640.3	233.9
